Security Wise Delivery Position - Compulsory Rolling Settlement
10,MTO,05092024,1788054234,0002434
Trade Date <05-SEP-2024>,Settlement Type <N>
Record Type,Sr No,Name of Security,Quantity Traded,Deliverable Quantity(gross across client level),% of Deliverable Quantity to Traded Quantity
20,1,0SCL26,YR,24,24,100.00
20,2,1003ICCL28,NX,5,5,100.00
20,3,1003IIFL29,NC,30,30,100.00
20,4,1003ISFL28,N4,106,106,100.00
20,5,1015ECL29,NR,225,225,100.00
20,6,1025ICCL26,NT,145,145,100.00
20,7,1025SCL34,Z8,24,12,50.00
20,8,1035UCL26,NA,547,547,100.00
20,9,1040UCL25,N4,412,412,100.00
20,10,1049DLS25A,Y5,100,100,100.00
20,11,1050ISFL28,N5,100,100,100.00
20,12,105IIFL29,N7,250,150,60.00
20,13,1060ECL29,NS,386,356,92.23
20,14,1065NFL27,NC,25,25,100.00
20,15,10IIFL28,N4,116,116,100.00
20,16,10IIFL29,N6,100,100,100.00
20,17,10ISFL26,N3,30,15,50.00
20,18,10NFL25,N9,10,10,100.00
20,19,10NIDO26,N6,311,311,100.00
20,20,10SCL30A,BV,9,9,100.00
20,21,1119NFL27,ND,10,10,100.00
20,22,182D011124,TB,400,400,100.00
20,23,182D031024,TB,700,700,100.00
20,24,182D190924,TB,25300,25300,100.00
20,25,182D230125,TB,100,100,100.00
20,26,182D281124,TB,1100,1100,100.00
20,27,20MICRONS,EQ,183630,81208,44.22
20,28,360ONE,EQ,289992,190706,65.76
20,29,364D020125,TB,900,900,100.00
20,30,364D030725,TB,300,300,100.00
20,31,364D110425,TB,600,600,100.00
20,32,364D141124,TB,100,100,100.00
20,33,364D190924,TB,200,200,100.00
20,34,364D200325,TB,200,200,100.00
20,35,364D260625,TB,5100,5100,100.00
20,36,364D270325,TB,6000,6000,100.00
20,37,3IINFOLTD,EQ,654375,320958,49.05
20,38,3MINDIA,EQ,11006,5543,50.36
20,39,574GS2026,GS,5,5,100.00
20,40,5PAISA,EQ,68378,24745,36.19
20,41,619GS2034,GS,170,85,50.00
20,42,63MOONS,EQ,399558,246323,61.65
20,43,654GS2032,GS,118978,109489,92.02
20,44,667GS2035,GS,30042,30040,99.99
20,45,667GS2050,GS,7640,5640,73.82
20,46,676GS2061,GS,2,2,100.00
20,47,68GS2060,GS,1,1,100.00
20,48,695GS2061,GS,2,1,50.00
20,49,699GS2026,GS,600,600,100.00
20,50,699GS2051,GS,1,1,100.00
20,51,702GS2027,GS,200,200,100.00
20,52,704GS2029,GS,1601,1601,100.00
20,53,707IRFC25,NF,1,1,100.00
20,54,709GS2054,GS,100,100,100.00
20,55,710GS2029,GS,24151,24150,100.00
20,56,716GS2050,GS,2000,2000,100.00
20,57,717GS2030,GS,25104,25104,100.00
20,58,718GS2033,GS,601,500,83.19
20,59,718GS2037,GS,34937,34937,100.00
20,60,719HUDCO28,N7,20,20,100.00
20,61,723GS2039,GS,100,100,100.00
20,62,725GS2063,GS,17566,13096,74.55
20,63,726GS2032,GS,213901,213901,100.00
20,64,726GS2033,GS,140000,98000,70.00
20,65,732GS2030,GS,1105,1105,100.00
20,66,732IRFC25,NI,582,391,67.18
20,67,733GS2026,GS,3260,3260,100.00
20,68,734GS2064,GS,1778,1778,100.00
20,69,736GS2052,GS,1,1,100.00
20,70,737GS2028,GS,900,900,100.00
20,71,737NTPC35C,NA,55,55,100.00
20,72,738GS2027,GS,120133,120073,99.95
20,73,739NHAI31A,ND,40,40,100.00
20,74,73GS2053,GS,7448,7044,94.58
20,75,741GS2036,GS,42765,28435,66.49
20,76,746GS2073,GS,2300,2200,95.65
20,77,74GS2062,GS,9,7,77.78
20,78,751HUDCO28,N5,30,30,100.00
20,79,753IRFC30,NJ,1,1,100.00
20,80,754GS2036,GS,370617,320617,86.51
20,81,762NTPC35F,ND,30,30,100.00
20,82,764HUDCO31,N8,150,150,100.00
20,83,764IRFC31,NO,80,80,100.00
20,84,764NABAR31,N2,545,496,91.01
20,85,769HUDCO31,N9,27,27,100.00
20,86,769NHAI31,NE,850,850,100.00
20,87,76NHAI31,NA,1281,1272,99.30
20,88,774IREDA31,N7,56,56,100.00
20,89,794TN32,SG,1000,1000,100.00
20,90,797IGT31,NL,49,49,100.00
20,91,79NHIT35,N1,9430,6846,72.60
20,92,79NHIT40,N2,635,635,100.00
20,93,79NHIT47,N3,1606,1606,100.00
20,94,801TCH25,N4,400,400,100.00
20,95,810IRFC27,N2,55,50,90.91
20,96,81TCHF28,N8,975,870,89.23
20,97,824GS2027,GS,4010,4010,100.00
20,98,829LTF24,NL,32,32,100.00
20,99,829PFL29,N6,50,50,100.00
20,100,82HUDCO27,N2,180,120,66.67
20,101,82IGT31,NJ,4121,3669,89.03
20,102,830CIFC26,N2,129,129,100.00
20,103,832GS2032,GS,200,200,100.00
20,104,842IIFL26,NL,383,383,100.00
20,105,843IHFL29,NC,207,157,75.85
20,106,849NTPC25,N7,125556,124937,99.51
20,107,85IIFL24,NJ,14,14,100.00
20,108,861REC34,ND,321,321,100.00
20,109,863IRFC29,NC,879,879,100.00
20,110,863NHB29,N2,200,200,100.00
20,111,865IFL28,NZ,307,305,99.35
20,112,865IIFL28,NS,151,151,100.00
20,113,865IRFC29,NA,61,61,100.00
20,114,865TCAPS27,N8,899,469,52.17
20,115,866SCFL25,Y8,20,20,100.00
20,116,866SCL25,YP,100,100,100.00
20,117,86LTF24,NJ,50,50,100.00
20,118,871REC28,N9,601,421,70.05
20,119,875IHFL29,ND,16,16,100.00
20,120,875NHAI29,N6,120,120,100.00
20,121,876HUDCO28,ND,212,211,99.53
20,122,879NHPC28,N5,740,740,100.00
20,123,87LTF27,NH,5,5,100.00
20,124,87SCL24A,ZF,100,100,100.00
20,125,885TCAPS29,NC,50,25,50.00
20,126,888ERFL28,N5,3,3,100.00
20,127,888IRFC29,NE,20,20,100.00
20,128,888REC29,NF,20,20,100.00
20,129,888SCL25E,N4,36,36,100.00
20,130,889SCFL27,YC,5,5,100.00
20,131,891IIFCL34,N4,43,43,100.00
20,132,892PFCL33,N8,185,110,59.46
20,133,893NHB29,N6,70,70,100.00
20,134,897MOFSL29,N4,22,21,95.45
20,135,8ABFL26,N0,10,10,100.00
20,136,901HUDCO34,NE,40,40,100.00
20,137,901NHB34,N6,2,2,100.00
20,138,903SFL28,YI,30,30,100.00
20,139,910TCAP28,NA,196,196,100.00
20,140,915SCL26,NE,200,200,100.00
20,141,91D031024,TB,2900,2900,100.00
20,142,91D071124,TB,100,100,100.00
20,143,91D101024,TB,700,700,100.00
20,144,91D181024,TB,200,200,100.00
20,145,91D190924,TB,200,200,100.00
20,146,91D211124,TB,100,100,100.00
20,147,91D241024,TB,1400,1400,100.00
20,148,91D260924,TB,300,300,100.00
20,149,91D281124,TB,900,900,100.00
20,150,925ERFL28,N6,100,100,100.00
20,151,925SCL25C,AR,2,2,100.00
20,152,92GS2030,GS,878,878,100.00
20,153,930SFL28,YP,24,21,87.50
20,154,931SFL26,Z5,10,10,100.00
20,155,935LTF29,N5,20,20,100.00
20,156,935PEL33,N3,249,249,100.00
20,157,93SCL24,ZP,100,100,100.00
20,158,943ECL28,NJ,201,200,99.50
20,159,945CAGL24,N1,10,10,100.00
20,160,948SCL26,N9,4,4,100.00
20,161,948SCL26A,NN,152,143,94.08
20,162,94IFCI25,NL,448,448,100.00
20,163,94SFL28,YL,300,300,100.00
20,164,957ICCL25,YW,122,122,100.00
20,165,957IIFLS27,NA,1,1,100.00
20,166,957NIDO26,N5,126,126,100.00
20,167,965SCL25E,BF,50,50,100.00
20,168,965SCL26A,ZB,50,50,100.00
20,169,96IIFL28,N5,294,264,89.80
20,170,96IIFL28A,NF,872,872,100.00
20,171,96SFL24A,NB,17,17,100.00
20,172,971SCL28I,BC,8,8,100.00
20,173,97SFL26,Z9,7,5,71.43
20,174,985ECL28,NK,49,49,100.00
20,175,985IIFL22,NC,533,433,81.24
20,176,990SCL26,N7,8,8,100.00
20,177,99IFCI24,NH,585,585,100.00
20,178,9IIFL28A,NT,870,870,100.00
20,179,9MMFSML,N2,48,48,100.00
20,180,9PCHFL31A,NA,52,50,96.15
20,181,9PEL25,N0,380,200,52.63
20,182,9SCL26BA,NA,200,200,100.00
20,183,AAATECH,EQ,426634,247875,58.10
20,184,AADHARHFC,EQ,1657070,751735,45.37
20,185,AARON,EQ,21839,7292,33.39
20,186,AARTECH,EQ,151024,62094,41.12
20,187,AARTIDRUGS,EQ,189396,91923,48.53
20,188,AARTIIND,EQ,1936676,1056938,54.57
20,189,AARTIPHARM,EQ,436523,222082,50.88
20,190,AARTISURF,EQ,173908,157948,90.82
20,191,AARTISURF,P1,5,5,100.00
20,192,AARVI,EQ,86949,38321,44.07
20,193,AATMAJ,SM,14000,10000,71.43
20,194,AAVAS,EQ,677700,252987,37.33
20,195,ABAN,EQ,95996,56743,59.11
20,196,ABB,EQ,165098,88134,53.38
20,197,ABBOTINDIA,EQ,4071,1257,30.88
20,198,ABCAPITAL,EQ,4173629,2494181,59.76
20,199,ABDL,EQ,1110685,617110,55.56
20,200,ABFRL,EQ,1651388,790451,47.87
20,201,ABGSEC,EQ,115,90,78.26
20,202,ABINFRA,SM,24000,22000,91.67
20,203,ABSLAMC,EQ,512404,306337,59.78
20,204,ABSLBANETF,EQ,19881,17990,90.49
20,205,ABSLLIQUID,EQ,4197,2373,56.54
20,206,ABSLNN50ET,EQ,15190,5354,35.25
20,207,ABSLPSE,EQ,136000,93530,68.77
20,208,ABSMARINE,SM,858000,323000,37.65
20,209,ACC,EQ,1321066,327091,24.76
20,210,ACCELYA,EQ,15848,9275,58.52
20,211,ACCENTMIC,SM,10500,9000,85.71
20,212,ACCORD,SM,2000,2000,100.00
20,213,ACE,EQ,298627,172301,57.70
20,214,ACEINTEG,EQ,11434,8173,71.48
20,215,ACI,EQ,535128,214964,40.17
20,216,ACL,EQ,68925,43328,62.86
20,217,ACLGATI,EQ,603563,286704,47.50
20,218,ACSAL,SM,12000,12000,100.00
20,219,ADANIENSOL,EQ,1162678,598203,51.45
20,220,ADANIENT,EQ,734273,220866,30.08
20,221,ADANIGREEN,EQ,576528,300600,52.14
20,222,ADANIPORTS,EQ,959956,468503,48.80
20,223,ADANIPOWER,EQ,2222687,949476,42.72
20,224,ADFFOODS,EQ,379234,148704,39.21
20,225,ADL,EQ,7418,2797,37.71
20,226,ADORWELD,EQ,19187,11581,60.36
20,227,ADROITINFO,EQ,46295,30207,65.25
20,228,ADROITPP1,E1,3093,2336,75.53
20,229,ADSL,EQ,8841135,1242786,14.06
20,230,ADVANIHOTR,EQ,109457,49635,45.35
20,231,ADVENZYMES,EQ,448885,205452,45.77
20,232,AEGISLOG,EQ,221741,102684,46.31
20,233,AEROFLEX,EQ,6078677,2056897,33.84
20,234,AERON,ST,95000,94000,98.95
20,235,AESTHETIK,SM,322000,134000,41.61
20,236,AETHER,EQ,390153,116894,29.96
20,237,AFFLE,EQ,195511,102298,52.32
20,238,AFIL,EQ,102016,46191,45.28
20,239,AGARIND,EQ,20578,9245,44.93
20,240,AGARWALFT,ST,21000,15000,71.43
20,241,AGI,EQ,203363,114574,56.34
20,242,AGIIL,EQ,1643,1035,62.99
20,243,AGNI,SM,52500,37500,71.43
20,244,AGRITECH,EQ,12946,7515,58.05
20,245,AGROPHOS,EQ,43463,14814,34.08
20,246,AGSTRA,EQ,481083,232865,48.40
20,247,AGUL,SM,2000,2000,100.00
20,248,AHL,EQ,375949,88350,23.50
20,249,AHLADA,EQ,124119,53618,43.20
20,250,AHLEAST,EQ,18409,13417,72.88
20,251,AHLUCONT,EQ,68536,28971,42.27
20,252,AIAENG,EQ,47598,28673,60.24
20,253,AIIL,EQ,16635,8834,53.10
20,254,AILIMITED,ST,3000,3000,100.00
20,255,AIMTRON,ST,120000,112000,93.33
20,256,AIROLAM,EQ,21833,5789,26.51
20,257,AIRTELPP,E1,229189,203960,88.99
20,258,AISL,SM,14400,14400,100.00
20,259,AJANTPHARM,EQ,288675,137219,47.53
20,260,AJMERA,EQ,25726,17170,66.74
20,261,AKANKSHA,ST,40000,40000,100.00
20,262,AKASH,EQ,37652,19598,52.05
20,263,AKG,EQ,89832,47704,53.10
20,264,AKI,EQ,40743,30182,74.08
20,265,AKIKO,SM,11200,8000,71.43
20,266,AKSHARCHEM,EQ,11781,7136,60.57
20,267,AKSHOPTFBR,EQ,215649,142968,66.30
20,268,AKUMS,EQ,351327,190760,54.30
20,269,AKZOINDIA,EQ,48265,17896,37.08
20,270,ALANKIT,EQ,1065327,483676,45.40
20,271,ALEMBICLTD,EQ,3356728,1134742,33.81
20,272,ALICON,EQ,15530,9346,60.18
20,273,ALKALI,EQ,1411591,387648,27.46
20,274,ALKEM,EQ,358214,222788,62.19
20,275,ALKYLAMINE,EQ,189846,84260,44.38
20,276,ALLCARGO,EQ,3154235,1522946,48.28
20,277,ALLETEC,SM,106000,65200,61.51
20,278,ALLSEC,EQ,24413,12204,49.99
20,279,ALOKINDS,EQ,50679509,10595470,20.91
20,280,ALPA,EQ,3064102,787349,25.70
20,281,ALPEXSOLAR,ST,78800,71200,90.36
20,282,ALPHA,EQ,670402,473886,70.69
20,283,ALPHAETF,EQ,1141158,998015,87.46
20,284,ALPL30IETF,EQ,1344353,1179162,87.71
20,285,ALUWIND,ST,18000,18000,100.00
20,286,AMBANIORGO,SM,12000,8000,66.67
20,287,AMBER,EQ,298641,169764,56.85
20,288,AMBEY,SM,62000,46000,74.19
20,289,AMBICAAGAR,EQ,37828,17563,46.43
20,290,AMBIKCO,EQ,17177,9950,57.93
20,291,AMBUJACEM,EQ,2834101,1466670,51.75
20,292,AMDIND,EQ,14177,9167,64.66
20,293,AMEYA,SM,4000,4000,100.00
20,294,AMIABLE,SM,4800,3200,66.67
20,295,AMIORG,EQ,551169,311786,56.57
20,296,AMJUMBO,SM,48000,32000,66.67
20,297,AMNPLST,EQ,16169,8236,50.94
20,298,AMRUTANJAN,EQ,102804,20702,20.14
20,299,ANANDRATHI,EQ,29740,22233,74.76
20,300,ANANTRAJ,EQ,1568744,652028,41.56
20,301,ANDHRAPAP,EQ,60553,36240,59.85
20,302,ANDHRSUGAR,EQ,276205,132493,47.97
20,303,ANGELONE,EQ,557548,252085,45.21
20,304,ANLON,ST,11200,11200,100.00
20,305,ANNAPURNA,SM,67500,41500,61.48
20,306,ANUP,EQ,46460,28889,62.18
20,307,ANURAS,EQ,46219,27341,59.16
20,308,APARINDS,EQ,68681,19747,28.75
20,309,APCL,EQ,41662,9317,22.36
20,310,APCOTEXIND,EQ,27706,14817,53.48
20,311,APEX,EQ,117651,50125,42.60
20,312,APLAPOLLO,EQ,541550,308194,56.91
20,313,APLLTD,EQ,930631,222920,23.95
20,314,APOLLO,EQ,1828519,818677,44.77
20,315,APOLLOHOSP,EQ,387284,173522,44.80
20,316,APOLLOPIPE,EQ,368143,123383,33.51
20,317,APOLLOTYRE,EQ,1525806,603350,39.54
20,318,APOLSINHOT,EQ,6107,4481,73.37
20,319,APRAMEYA,SM,104000,74000,71.15
20,320,APS,ST,49500,40500,81.82
20,321,APTECHT,EQ,444409,194648,43.80
20,322,APTUS,EQ,1719201,1076568,62.62
20,323,ARABIAN,SM,4000,4000,100.00
20,324,ARCHIES,EQ,303466,176685,58.22
20,325,ARE&M,EQ,1643695,944668,57.47
20,326,ARHAM,SM,9000,8000,88.89
20,327,ARIES,EQ,73395,36376,49.56
20,328,ARIHANTACA,SM,4800,4000,83.33
20,329,ARIHANTCAP,EQ,5692559,1443572,25.36
20,330,ARIHANTSUP,EQ,34081,12641,37.09
20,331,ARISTO,SM,78400,68800,87.76
20,332,ARMANFIN,EQ,56781,37274,65.65
20,333,AROGRANITE,EQ,72238,48447,67.07
20,334,ARROWGREEN,EQ,65267,31467,48.21
20,335,ARTEMISMED,EQ,149621,87968,58.79
20,336,ARVIND,EQ,410274,206860,50.42
20,337,ARVINDFASN,EQ,945498,715470,75.67
20,338,ARVSMART,EQ,292692,150796,51.52
20,339,ASAHIINDIA,EQ,317963,74424,23.41
20,340,ASAL,EQ,27676,15436,55.77
20,341,ASALCBR,EQ,200549,65737,32.78
20,342,ASHALOG,SM,74000,51000,68.92
20,343,ASHAPURMIN,EQ,183643,119308,64.97
20,344,ASHIANA,EQ,77857,38482,49.43
20,345,ASHOKA,EQ,13485787,3603633,26.72
20,346,ASHOKAMET,EQ,28903,19839,68.64
20,347,ASHOKLEY,EQ,8541934,5360106,62.75
20,348,ASIANENE,EQ,261631,150790,57.63
20,349,ASIANHOTNR,EQ,4018,2421,60.25
20,350,ASIANPAINT,EQ,1482119,889369,60.01
20,351,ASIANTILES,EQ,3399450,861089,25.33
20,352,ASKAUTOLTD,EQ,207769,139964,67.37
20,353,ASMS,EQ,227372,152119,66.90
20,354,ASPINWALL,EQ,26324,13825,52.52
20,355,ASPIRE,SM,10000,6000,60.00
20,356,ASTEC,EQ,17362,10052,57.90
20,357,ASTERDM,EQ,382101,242123,63.37
20,358,ASTRAL,EQ,368394,258177,70.08
20,359,ASTRAMICRO,EQ,152142,82611,54.30
20,360,ASTRAZEN,EQ,20395,8262,40.51
20,361,ASTRON,EQ,141981,119037,83.84
20,362,ATAM,EQ,54930,18740,34.12
20,363,ATFL,EQ,12770,6169,48.31
20,364,ATGL,EQ,356220,134027,37.62
20,365,ATL,EQ,390371,197546,50.60
20,366,ATMASTCO,ST,105600,96000,90.91
20,367,ATUL,EQ,46661,20967,44.93
20,368,AUBANK,EQ,7485499,2355128,31.46
20,369,AURDIS,SM,13500,11000,81.48
20,370,AURIONPRO,EQ,46424,32883,70.83
20,371,AUROIMPEX,SM,78400,52800,67.35
20,372,AUROPHARMA,EQ,1023539,658626,64.35
20,373,AURUMPP1,X1,4156,3706,89.17
20,374,AUTOAXLES,EQ,8713,5579,64.03
20,375,AUTOBEES,EQ,125295,60825,48.55
20,376,AUTOIETF,EQ,178300,129835,72.82
20,377,AUTOIND,EQ,216141,86696,40.11
20,378,AVADHSUGAR,EQ,46000,25773,56.03
20,379,AVALON,EQ,187181,129426,69.14
20,380,AVANTEL,EQ,651254,334520,51.37
20,381,AVANTIFEED,EQ,384678,114750,29.83
20,382,AVG,EQ,17668,11973,67.77
20,383,AVPINFRA,SM,136000,91200,67.06
20,384,AVTNPL,EQ,204818,99840,48.75
20,385,AWFIS,EQ,764302,234439,30.67
20,386,AWHCL,EQ,107168,58371,54.47
20,387,AWL,EQ,1809572,901970,49.84
20,388,AXISBANK,EQ,4234766,2856338,67.45
20,389,AXISBNKETF,EQ,517,405,78.34
20,390,AXISBPSETF,EQ,121563,85198,70.09
20,391,AXISCADES,EQ,192247,79742,41.48
20,392,AXISCETF,EQ,8598,7279,84.66
20,393,AXISGOLD,EQ,88065,51253,58.20
20,394,AXISHCETF,EQ,3166,2028,64.06
20,395,AXISILVER,EQ,14627,8389,57.35
20,396,AXISNIFTY,EQ,2241,1800,80.32
20,397,AXISTECETF,EQ,1017,915,89.97
20,398,AXITA,EQ,19338128,8724326,45.11
20,399,AXSENSEX,EQ,560,403,71.96
20,400,AZAD,EQ,261174,139174,53.29
20,401,BABAFP,SM,1600,1600,100.00
20,402,BAGFILMS,EQ,1063148,655444,61.65
20,403,BAHETI,SM,18750,13500,72.00
20,404,BAJAJ-AUTO,EQ,297298,195995,65.93
20,405,BAJAJCON,EQ,259271,139745,53.90
20,406,BAJAJELEC,EQ,17720,9612,54.24
20,407,BAJAJFINSV,EQ,1441842,759188,52.65
20,408,BAJAJHCARE,EQ,218323,88347,40.47
20,409,BAJAJHIND,EQ,9872089,4790000,48.52
20,410,BAJAJHLDNG,EQ,47122,20074,42.60
20,411,BAJEL,EQ,233521,122968,52.66
20,412,BAJFINANCE,EQ,673447,294284,43.70
20,413,BALAMINES,EQ,44083,17998,40.83
20,414,BALAXI,EQ,19320,9422,48.77
20,415,BALCO,SM,86400,63600,73.61
20,416,BALKRISHNA,EQ,494248,184479,37.33
20,417,BALKRISIND,EQ,278379,208927,75.05
20,418,BALMLAWRIE,EQ,222653,110653,49.70
20,419,BALRAMCHIN,EQ,737719,259234,35.14
20,420,BALUFORGE,EQ,496777,271556,54.66
20,421,BANARBEADS,EQ,21588,10831,50.17
20,422,BANARISUG,EQ,7003,2349,33.54
20,423,BANCOINDIA,EQ,69990,30689,43.85
20,424,BANDHANBNK,EQ,27300909,12081323,44.25
20,425,BANG,EQ,33497,22885,68.32
20,426,BANKA,EQ,14808,11295,76.28
20,427,BANKBARODA,EQ,14160225,8036945,56.76
20,428,BANKBEES,EQ,260756,169575,65.03
20,429,BANKBETF,EQ,10092,6669,66.08
20,430,BANKETF,EQ,10018,8799,87.83
20,431,BANKETFADD,EQ,6989,6253,89.47
20,432,BANKIETF,EQ,61523,30515,49.60
20,433,BANKINDIA,EQ,3748813,2261921,60.34
20,434,BANKNIFTY1,EQ,19351,11591,59.90
20,435,BANSALWIRE,EQ,628437,252281,40.14
20,436,BANSWRAS,EQ,44620,28704,64.33
20,437,BARBEQUE,EQ,108902,45478,41.76
20,438,BASF,EQ,30256,15450,51.06
20,439,BASILIC,ST,45600,41400,90.79
20,440,BASML,EQ,1271819,698029,54.88
20,441,BATAINDIA,EQ,396867,273529,68.92
20,442,BAWEJA,SM,32000,28000,87.50
20,443,BAYERCROP,EQ,12447,7286,58.54
20,444,BBETF0432,EQ,8068,8040,99.65
20,445,BBL,EQ,29934,17103,57.14
20,446,BBNPNBETF,EQ,2285,1704,74.57
20,447,BBNPPGOLD,EQ,50,28,56.00
20,448,BBTC,EQ,164733,44764,27.17
20,449,BBTCL,EQ,6825,3807,55.78
20,450,BCLIND,EQ,1099392,536195,48.77
20,451,BCONCEPTS,EQ,81436,47379,58.18
20,452,BDL,EQ,540892,215683,39.88
20,453,BEACON,SM,312000,180000,57.69
20,454,BEARDSELL,EQ,52657,29440,55.91
20,455,BECTORFOOD,EQ,237181,152803,64.42
20,456,BEDMUTHA,EQ,7801,4777,61.24
20,457,BEL,EQ,26342723,14438629,54.81
20,458,BEML,EQ,369516,87593,23.70
20,459,BEPL,EQ,3979393,1095513,27.53
20,460,BERGEPAINT,EQ,2116046,970025,45.84
20,461,BESTAGRO,EQ,266650,112634,42.24
20,462,BETA,SM,8900,6000,67.42
20,463,BEWLTD,SM,1125,875,77.78
20,464,BFINVEST,EQ,27318,13576,49.70
20,465,BFSI,EQ,280150,177478,63.35
20,466,BFUTILITIE,EQ,109835,53906,49.08
20,467,BHAGCHEM,EQ,72860,44711,61.37
20,468,BHAGERIA,EQ,455797,186165,40.84
20,469,BHAGYANGR,EQ,94890,39156,41.26
20,470,BHANDARI,EQ,951107,536118,56.37
20,471,BHARATFORG,EQ,1562878,835188,53.44
20,472,BHARATGEAR,EQ,23958,14718,61.43
20,473,BHARATRAS,EQ,5613,3025,53.89
20,474,BHARATWIRE,EQ,192957,107486,55.70
20,475,BHARTIARTL,EQ,5652812,3420210,60.50
20,476,BHARTIHEXA,EQ,187446,125534,66.97
20,477,BHEL,EQ,18037015,7174472,39.78
20,478,BHINVIT,IV,234288,218889,93.43
20,479,BIGBLOC,EQ,87466,42700,48.82
20,480,BIKAJI,EQ,411592,222808,54.13
20,481,BIL,EQ,96102,65061,67.70
20,482,BINANIIND,EQ,9461,6215,65.69
20,483,BIOCON,EQ,17885888,5291462,29.58
20,484,BIOFILCHEM,EQ,194759,79180,40.66
20,485,BIRDYS,ST,2400,2400,100.00
20,486,BIRET,RR,172570,153439,88.91
20,487,BIRLACABLE,EQ,47488,22794,48.00
20,488,BIRLACORPN,EQ,90434,49221,54.43
20,489,BLAL,EQ,178577,65186,36.50
20,490,BLISSGVS,EQ,2256352,844306,37.42
20,491,BLKASHYAP,EQ,780702,455921,58.40
20,492,BLS,EQ,7160430,1460388,20.40
20,493,BLSE,EQ,470682,213634,45.39
20,494,BLUEDART,EQ,11365,5953,52.38
20,495,BLUEJET,EQ,168998,104728,61.97
20,496,BLUEPEBBLE,SM,6400,5600,87.50
20,497,BLUESTARCO,EQ,265097,184220,69.49
20,498,BMETRICS,SM,13600,11600,85.29
20,499,BODALCHEM,EQ,1409709,618705,43.89
20,500,BOMDYEING,EQ,1485916,755983,50.88
20,501,BOROLTD,EQ,108195,67071,61.99
20,502,BORORENEW,EQ,289357,143880,49.72
20,503,BOROSCI,EQ,276679,120096,43.41
20,504,BOSCHLTD,EQ,92016,23899,25.97
20,505,BPCL,EQ,15927510,7950170,49.91
20,506,BRACEPORT,ST,264000,227200,86.06
20,507,BRIGADE,EQ,565136,413617,73.19
20,508,BRITANNIA,EQ,170014,79952,47.03
20,509,BRNL,EQ,74930,41906,55.93
20,510,BSE,EQ,1531205,848720,55.43
20,511,BSE500IETF,EQ,123261,103733,84.16
20,512,BSHSL,EQ,15907,11497,72.28
20,513,BSL,EQ,25718,10539,40.98
20,514,BSLGOLDETF,EQ,70639,36621,51.84
20,515,BSLNIFTY,EQ,260329,154600,59.39
20,516,BSLSENETFG,EQ,1798,1762,98.00
20,517,BSOFT,EQ,1887159,809136,42.88
20,518,BULKCORP,SM,28800,22800,79.17
20,519,BUTTERFLY,EQ,51272,22633,44.14
20,520,BVCL,EQ,19188,9172,47.80
20,521,CADSYS,SM,16500,11000,66.67
20,522,CALSOFT,EQ,397930,299046,75.15
20,523,CAMLINFINE,EQ,721385,347243,48.14
20,524,CAMPUS,EQ,1132992,740869,65.39
20,525,CAMS,EQ,236734,149356,63.09
20,526,CANARYS,ST,80000,64000,80.00
20,527,CANBK,EQ,28593475,18207556,63.68
20,528,CANFINHOME,EQ,688432,434334,63.09
20,529,CANTABIL,EQ,149938,68401,45.62
20,530,CAPACITE,EQ,1711108,483965,28.28
20,531,CAPITALSFB,EQ,56192,34055,60.60
20,532,CAPLIPOINT,EQ,3934615,227535,5.78
20,533,CAPTRUST,EQ,50459,23098,45.78
20,534,CARBORUNIV,EQ,86882,45712,52.61
20,535,CARERATING,EQ,35474,20692,58.33
20,536,CARTRADE,EQ,419391,221066,52.71
20,537,CARYSIL,EQ,54527,30034,55.08
20,538,CASTROLIND,EQ,4950588,1607097,32.46
20,539,CBAZAAR,SM,24000,24000,100.00
20,540,CCL,EQ,2086979,298610,14.31
20,541,CDSL,EQ,1102929,507213,45.99
20,542,CEATLTD,EQ,709696,186987,26.35
20,543,CEIGALL,EQ,511565,340646,66.59
20,544,CELEBRITY,EQ,104687,70690,67.53
20,545,CELLECOR,SM,4860000,2664000,54.81
20,546,CELLO,EQ,79482,49513,62.29
20,547,CELLPOINT,SM,4800,3600,75.00
20,548,CENTENKA,EQ,30974,22100,71.35
20,549,CENTRALBK,EQ,2678616,1240601,46.31
20,550,CENTRUM,EQ,564026,259086,45.94
20,551,CENTUM,EQ,24772,11117,44.88
20,552,CENTURYPLY,EQ,400827,187121,46.68
20,553,CENTURYTEX,EQ,1199234,307538,25.64
20,554,CERA,EQ,60842,32821,53.94
20,555,CESC,EQ,5565788,1886730,33.90
20,556,CGCL,EQ,329872,191992,58.20
20,557,CGPOWER,EQ,1130884,800881,70.82
20,558,CGRAPHICS,SM,182400,124800,68.42
20,559,CHALET,EQ,793717,280336,35.32
20,560,CHAMBLFERT,EQ,3593886,1029146,28.64
20,561,CHAVDA,SM,341000,170000,49.85
20,562,CHEMBOND,EQ,9147,4497,49.16
20,563,CHEMCON,EQ,31757,16196,51.00
20,564,CHEMFAB,EQ,9542,8997,94.29
20,565,CHEMPLASTS,EQ,142402,61632,43.28
20,566,CHENNPETRO,EQ,609470,263527,43.24
20,567,CHETANA,SM,187200,136000,72.65
20,568,CHEVIOT,EQ,6561,3820,58.22
20,569,CHOICEIN,EQ,701261,104722,14.93
20,570,CHOLAFIN,EQ,3481685,1545220,44.38
20,571,CHOLAHLDNG,EQ,857929,432553,50.42
20,572,CIEINDIA,EQ,188481,117795,62.50
20,573,CIGNITITEC,EQ,46742,38108,81.53
20,574,CINELINE,EQ,73662,50195,68.14
20,575,CIPLA,EQ,1081756,644648,59.59
20,576,CLEAN,EQ,113666,59762,52.58
20,577,CLEDUCATE,EQ,1570689,835281,53.18
20,578,CLOUD,ST,162000,142000,87.65
20,579,CLSEL,EQ,243987,140230,57.47
20,580,CLSL,SM,50000,32000,64.00
20,581,CMMIPL,ST,18000,18000,100.00
20,582,CMNL,SM,148500,108000,72.73
20,583,CMRSL,SM,4800,4000,83.33
20,584,CMSINFO,EQ,1038653,787114,75.78
20,585,COALINDIA,EQ,10830621,6553224,60.51
20,586,COASTCORP,EQ,22387,16430,73.39
20,587,COCHINSHIP,EQ,2570312,673378,26.20
20,588,COFORGE,EQ,828530,316916,38.25
20,589,COLPAL,EQ,572579,499086,87.16
20,590,COMMITTED,SM,8000,8000,100.00
20,591,COMMOIETF,EQ,74569,41616,55.81
20,592,COMPUSOFT,EQ,110971,54280,48.91
20,593,COMSYN,EQ,39346,10654,27.08
20,594,CONCOR,EQ,2366186,1681895,71.08
20,595,CONCORDBIO,EQ,714764,211758,29.63
20,596,CONFIPET,EQ,1122213,502411,44.77
20,597,CONS,EQ,3489,2337,66.98
20,598,CONSOFINVT,EQ,30655,17964,58.60
20,599,CONSUMBEES,EQ,59694,46522,77.93
20,600,CONSUMIETF,EQ,18737,11650,62.18
20,601,CONTI,ST,43329,36663,84.62
20,602,CONTROLPR,EQ,157161,77247,49.15
20,603,COOLCAPS,SM,4000,2500,62.50
20,604,CORALFINAC,EQ,334590,168312,50.30
20,605,COROMANDEL,EQ,182090,112811,61.95
20,606,COSMOFIRST,EQ,96863,40168,41.47
20,607,CPS,SM,3600,1800,50.00
20,608,CPSEETF,EQ,4213258,2922538,69.37
20,609,CRAFTSMAN,EQ,297838,42780,14.36
20,610,CRAYONS,SM,4000,3000,75.00
20,611,CREATIVE,EQ,21599,10605,49.10
20,612,CREDITACC,EQ,234506,164862,70.30
20,613,CREST,EQ,139374,64344,46.17
20,614,CRISIL,EQ,16722,10265,61.39
20,615,CROMPTON,EQ,3114100,2052130,65.90
20,616,CSBBANK,EQ,271039,171634,63.32
20,617,CSLFINANCE,EQ,261272,93356,35.73
20,618,CUB,EQ,3631318,1215861,33.48
20,619,CUMMINSIND,EQ,746864,240136,32.15
20,620,CYBERMEDIA,EQ,60011,40707,67.83
20,621,CYIENT,EQ,229321,143910,62.75
20,622,CYIENTDLM,EQ,115383,62316,54.01
20,623,DABUR,EQ,2131132,1371653,64.36
20,624,DALBHARAT,EQ,208254,96223,46.20
20,625,DALMIASUG,EQ,105457,50852,48.22
20,626,DAMODARIND,EQ,17315,11753,67.88
20,627,DANGEE,EQ,120094,85891,71.52
20,628,DATAMATICS,EQ,163831,62891,38.39
20,629,DATAPATTNS,EQ,89231,33755,37.83
20,630,DAVANGERE,EQ,3406615,1879967,55.19
20,631,DBCORP,EQ,97800,56024,57.28
20,632,DBL,EQ,1234425,274456,22.23
20,633,DBOL,EQ,130670,75203,57.55
20,634,DBREALTY,EQ,1396170,827958,59.30
20,635,DBSTOCKBRO,EQ,24495,5342,21.81
20,636,DCAL,EQ,967561,354495,36.64
20,637,DCBBANK,EQ,660135,345850,52.39
20,638,DCG,ST,31200,28800,92.31
20,639,DCMSHRIRAM,EQ,69002,35296,51.15
20,640,DCMSRIND,EQ,134593,86583,64.33
20,641,DCW,EQ,15610046,5153380,33.01
20,642,DECCANCE,EQ,15977,6377,39.91
20,643,DEEDEV,EQ,112857,45821,40.60
20,644,DEEM,SM,28000,17000,60.71
20,645,DEEPAKFERT,EQ,1206128,470199,38.98
20,646,DEEPAKNTR,EQ,262633,89383,34.03
20,647,DEEPINDS,EQ,407483,203295,49.89
20,648,DELAPLEX,SM,26400,16800,63.64
20,649,DELHIVERY,EQ,2037424,1639336,80.46
20,650,DELTACORP,EQ,1017484,393896,38.71
20,651,DELTAMAGNT,EQ,5237,2992,57.13
20,652,DEN,EQ,1227743,481826,39.24
20,653,DENEERS,SM,1200,1200,100.00
20,654,DENORA,EQ,5610,2933,52.28
20,655,DENTALKART,SM,22250,19000,85.39
20,656,DESTINY,ST,9000,9000,100.00
20,657,DEVIT,EQ,46345,23350,50.38
20,658,DEVYANI,EQ,1868090,1045430,55.96
20,659,DHAMPURSUG,EQ,347347,167281,48.16
20,660,DHANBANK,EQ,658455,420046,63.79
20,661,DHANI,EQ,2598180,860364,33.11
20,662,DHANUKA,EQ,81954,38246,46.67
20,663,DHARIWAL,SM,93600,69600,74.36
20,664,DHARMAJ,EQ,61167,28792,47.07
20,665,DHTL,ST,1600,1600,100.00
20,666,DHUNINV,EQ,8091,3748,46.32
20,667,DIAMINESQ,EQ,8070,4712,58.39
20,668,DIAMONDYD,EQ,87599,41175,47.00
20,669,DIGIKORE,ST,5200,5200,100.00
20,670,DIL,EQ,1007231,679680,67.48
20,671,DISHTV,EQ,6909524,2474797,35.82
20,672,DIVGIITTS,EQ,240484,206872,86.02
20,673,DIVISLAB,EQ,491284,274907,55.96
20,674,DIVOPPBEES,EQ,47344,38310,80.92
20,675,DIXON,EQ,440981,187110,42.43
20,676,DKEGL,SM,6000,3000,50.00
20,677,DLF,EQ,942254,474805,50.39
20,678,DLINKINDIA,EQ,338850,130793,38.60
20,679,DMART,EQ,1323435,658381,49.75
20,680,DMCC,EQ,7731,4870,62.99
20,681,DODLA,EQ,52702,31543,59.85
20,682,DOLATALGO,EQ,1513422,622675,41.14
20,683,DOLLAR,EQ,55904,31744,56.78
20,684,DOLLEX,SM,132000,132000,100.00
20,685,DOMS,EQ,73860,39082,52.91
20,686,DPABHUSHAN,EQ,78239,32356,41.36
20,687,DPEL,SM,96000,72000,75.00
20,688,DPSCLTD,EQ,562733,328998,58.46
20,689,DPWIRES,EQ,12163,7071,58.14
20,690,DREAMFOLKS,EQ,90731,49337,54.38
20,691,DRONE,ST,66000,59000,89.39
20,692,DRREDDY,EQ,400253,264025,65.96
20,693,DRSDILIP,SM,8800,8000,90.91
20,694,DSSL,EQ,107024,38358,35.84
20,695,DTIL,EQ,16975,8154,48.04
20,696,DTL,SM,2400,2400,100.00
20,697,DUCOL,ST,46400,44800,96.55
20,698,DUGLOBAL,SM,1592500,1587500,99.69
20,699,DURLAX,SM,176000,102000,57.95
20,700,DVL,EQ,38689,20814,53.80
20,701,DWARKESH,EQ,629269,325818,51.78
20,702,DYCL,EQ,30466,14179,46.54
20,703,DYNAMATECH,EQ,8048,3922,48.73
20,704,DYNAMIC,SM,21000,14000,66.67
20,705,EASEMYTRIP,EQ,106753071,25065852,23.48
20,706,EBBETF0425,EQ,12362,12118,98.03
20,707,EBBETF0430,EQ,7299,6981,95.64
20,708,EBBETF0431,EQ,20377,18169,89.16
20,709,EBBETF0433,EQ,5142,5081,98.81
20,710,ECLERX,EQ,79727,35414,44.42
20,711,ECOSMOBLTY,EQ,11296661,1610601,14.26
20,712,EDELWEISS,EQ,16007055,6054387,37.82
20,713,EFACTOR,SM,18400,13600,73.91
20,714,EFFWA,SM,158400,110400,69.70
20,715,EFORCE,SM,21600,18000,83.33
20,716,EGOLD,EQ,1202,1150,95.67
20,717,EICHERMOT,EQ,398344,272740,68.47
20,718,EIDPARRY,EQ,427195,212062,49.64
20,719,EIFFL,EQ,39061,23387,59.87
20,720,EIHAHOTELS,EQ,47540,27082,56.97
20,721,EIHOTEL,EQ,1604870,975442,60.78
20,722,EKC,EQ,1431369,543733,37.99
20,723,ELDEHSG,EQ,3035,2122,69.92
20,724,ELECON,EQ,386015,120735,31.28
20,725,ELECTCAST,EQ,1593982,813673,51.05
20,726,ELGIEQUIP,EQ,315472,111314,35.28
20,727,ELIN,EQ,483059,207704,43.00
20,728,EMAMILTD,EQ,419885,214996,51.20
20,729,EMAMIPAP,EQ,62871,41877,66.61
20,730,EMBASSY,RR,1930502,1708698,88.51
20,731,EMBDL,EQ,3634480,1150134,31.65
20,732,EMCURE,EQ,124791,58708,47.05
20,733,EMIL,EQ,1694818,1350054,79.66
20,734,EMKAYTOOLS,SM,1800,1800,100.00
20,735,EMMBI,EQ,178421,99047,55.51
20,736,EMMIL,SM,145000,81000,55.86
20,737,EMSLIMITED,EQ,199138,99441,49.94
20,738,EMUDHRA,EQ,60923,27757,45.56
20,739,ENDURANCE,EQ,41497,28451,68.56
20,740,ENFUSE,ST,33600,30000,89.29
20,741,ENGINERSIN,EQ,1807653,904592,50.04
20,742,ENIL,EQ,77167,38742,50.21
20,743,ENSER,SM,54000,46000,85.19
20,744,ENTERO,EQ,232590,207501,89.21
20,745,EPACK,EQ,838105,369808,44.12
20,746,EPIGRAL,EQ,97336,45140,46.38
20,747,EPL,EQ,1649561,841640,51.02
20,748,EQUAL50ADD,EQ,2585,2390,92.46
20,749,EQUITASBNK,EQ,4103381,2700733,65.82
20,750,ERIS,EQ,188531,98832,52.42
20,751,EROSMEDIA,EQ,607911,417232,68.63
20,752,ESABINDIA,EQ,1952,1068,54.71
20,753,ESAFSFB,EQ,943061,649904,68.91
20,754,ESCONET,ST,34400,33600,97.67
20,755,ESCORTS,EQ,74937,23020,30.72
20,756,ESFL,SM,780600,455400,58.34
20,757,ESG,EQ,14016,12259,87.46
20,758,ESILVER,EQ,112044,110762,98.86
20,759,ESPRIT,SM,80000,60800,76.00
20,760,ESSENTIA,EQ,7096578,4389180,61.85
20,761,ESTER,EQ,468630,279408,59.62
20,762,ETHOSLTD,EQ,90928,40852,44.93
20,763,EUROBOND,SM,12000,10000,83.33
20,764,EUROTEXIND,EQ,7449,7399,99.33
20,765,EVEREADY,EQ,360909,139184,38.56
20,766,EVERESTIND,EQ,20160,9191,45.59
20,767,EVINDIA,EQ,271883,216016,79.45
20,768,EXCELINDUS,EQ,86735,38861,44.80
20,769,EXIDEIND,EQ,4632193,1495525,32.29
20,770,EXPLEOSOL,EQ,13038,7442,57.08
20,771,EXXARO,EQ,36596,19613,53.59
20,772,FACT,EQ,276122,66305,24.01
20,773,FAIRCHEMOR,EQ,15947,10049,63.01
20,774,FALCONTECH,SM,8400,7200,85.71
20,775,FAZE3Q,EQ,9258,5092,55.00
20,776,FCL,EQ,106548,55112,51.73
20,777,FCSSOFT,EQ,3828373,2267287,59.22
20,778,FDC,EQ,445964,201715,45.23
20,779,FEDERALBNK,EQ,6187897,2648711,42.80
20,780,FEDFINA,EQ,427218,211759,49.57
20,781,FELIX,SM,213000,106500,50.00
20,782,FIDEL,SM,6000,6000,100.00
20,783,FIEMIND,EQ,101026,51943,51.42
20,784,FILATEX,EQ,1668250,674739,40.45
20,785,FINCABLES,EQ,137088,73930,53.93
20,786,FINEORG,EQ,11047,4900,44.36
20,787,FINIETF,EQ,127896,85383,66.76
20,788,FINOPB,EQ,2236793,694733,31.06
20,789,FINPIPE,EQ,335094,186767,55.74
20,790,FIRSTCRY,EQ,382162,165153,43.22
20,791,FIVESTAR,EQ,554743,363155,65.46
20,792,FLAIR,EQ,50344,31735,63.04
20,793,FLUOROCHEM,EQ,2210294,413033,18.69
20,794,FMCGIETF,EQ,216145,121573,56.25
20,795,FMGOETZE,EQ,149387,86101,57.64
20,796,FOCE,SM,600,600,100.00
20,797,FONEBOX,SM,16000,11000,68.75
20,798,FOODSIN,EQ,503498,261122,51.86
20,799,FORCAS,ST,364800,336000,92.11
20,800,FORCEMOT,EQ,28962,18790,64.88
20,801,FORTIS,EQ,2300118,831083,36.13
20,802,FOSECOIND,EQ,1385,626,45.20
20,803,FROG,SM,26000,17600,67.69
20,804,FSL,EQ,7401803,1732454,23.41
20,805,FUSION,EQ,256800,158337,61.66
20,806,GABRIEL,EQ,279796,102560,36.66
20,807,GAEL,EQ,1095722,523147,47.74
20,808,GAIL,EQ,12026014,6906467,57.43
20,809,GALAXYSURF,EQ,17281,7132,41.27
20,810,GANDHAR,EQ,379021,180795,47.70
20,811,GANDHITUBE,EQ,1431,1164,81.34
20,812,GANECOS,EQ,144805,45055,31.11
20,813,GANESHBE,EQ,288496,182804,63.36
20,814,GANESHHOUC,EQ,29402,18010,61.25
20,815,GANGAFORGE,EQ,139601,139601,100.00
20,816,GANGESSECU,EQ,5999,2300,38.34
20,817,GARFIBRES,EQ,6930,3918,56.54
20,818,GATECH,EQ,82753011,25189521,30.44
20,819,GATEWAY,EQ,2056550,1665342,80.98
20,820,GEECEE,EQ,16373,7990,48.80
20,821,GENESYS,EQ,171792,73289,42.66
20,822,GENSOL,EQ,145289,77959,53.66
20,823,GENUSPAPER,EQ,584280,253331,43.36
20,824,GENUSPOWER,EQ,2571157,1310567,50.97
20,825,GEOJITFSL,EQ,8552431,1563906,18.29
20,826,GESHIP,EQ,530780,333342,62.80
20,827,GFLLIMITED,EQ,251568,107763,42.84
20,828,GGBL,SM,90000,60600,67.33
20,829,GHCL,EQ,332511,162889,48.99
20,830,GHCLTEXTIL,EQ,773983,382110,49.37
20,831,GICHSGFIN,EQ,262357,111594,42.54
20,832,GICL,SM,120000,114000,95.00
20,833,GICRE,EQ,2545936,1316730,51.72
20,834,GILLANDERS,EQ,2592,1582,61.03
20,835,GILLETTE,EQ,36745,18977,51.65
20,836,GILT5YBEES,EQ,586448,532318,90.77
20,837,GINNIFILA,EQ,83204,69861,83.96
20,838,GIPCL,EQ,429926,201227,46.81
20,839,GIRIRAJ,SM,1000,750,75.00
20,840,GKWLIMITED,EQ,730,235,32.19
20,841,GLAND,EQ,278442,196496,70.57
20,842,GLAXO,EQ,76368,38377,50.25
20,843,GLENMARK,EQ,994849,544990,54.78
20,844,GLOBAL,EQ,27043,13743,50.82
20,845,GLOBALPET,SM,3000,3000,100.00
20,846,GLOBUSSPR,EQ,308505,149893,48.59
20,847,GLOSTERLTD,EQ,1788,1083,60.57
20,848,GLS,EQ,147249,71565,48.60
20,849,GMBREW,EQ,80856,30352,37.54
20,850,GMDCLTD,EQ,383128,190722,49.78
20,851,GMMPFAUDLR,EQ,95085,62281,65.50
20,852,GMRINFRA,EQ,123773625,84418804,68.20
20,853,GMRP&UI,EQ,9788588,4574983,46.74
20,854,GNA,EQ,143069,75755,52.95
20,855,GNFC,EQ,2077881,981786,47.25
20,856,GOACARBON,EQ,34854,10239,29.38
20,857,GOCLCORP,EQ,82785,46314,55.94
20,858,GOCOLORS,EQ,16074,8328,51.81
20,859,GODFRYPHLP,EQ,105349,28438,26.99
20,860,GODIGIT,EQ,1118500,525009,46.94
20,861,GODREJAGRO,EQ,168598,87434,51.86
20,862,GODREJCP,EQ,533903,353198,66.15
20,863,GODREJIND,EQ,636688,88550,13.91
20,864,GODREJPROP,EQ,422163,249004,58.98
20,865,GOKEX,EQ,75764,37606,49.64
20,866,GOKUL,EQ,72061,38321,53.18
20,867,GOKULAGRO,EQ,892861,193108,21.63
20,868,GOLD1,EQ,1068691,995171,93.12
20,869,GOLDBEES,EQ,5063463,3966292,78.33
20,870,GOLDCASE,EQ,272625,257280,94.37
20,871,GOLDETF,EQ,60470,48998,81.03
20,872,GOLDETFADD,EQ,20037,16962,84.65
20,873,GOLDIAM,EQ,1667076,606513,36.38
20,874,GOLDIETF,EQ,905937,763061,84.23
20,875,GOLDSHARE,EQ,117123,70197,59.93
20,876,GOLDSTAR,SM,202500,112500,55.56
20,877,GOLDTECH,EQ,120163,87888,73.14
20,878,GOODLUCK,EQ,139292,92122,66.14
20,879,GOPAL,EQ,190611,110947,58.21
20,880,GOYALALUM,EQ,182883,119784,65.50
20,881,GOYALSALT,SM,18600,13200,70.97
20,882,GPECO,SM,222000,85200,38.38
20,883,GPIL,EQ,455241,230775,50.69
20,884,GPPL,EQ,1477641,680252,46.04
20,885,GPTHEALTH,EQ,163652,84120,51.40
20,886,GRANULES,EQ,1842069,750885,40.76
20,887,GRAPHISAD,SM,52800,48000,90.91
20,888,GRAPHITE,EQ,302877,153595,50.71
20,889,GRASIM,EQ,472385,219056,46.37
20,890,GRASIMPP1,E1,585,454,77.61
20,891,GRAVITA,EQ,317027,149315,47.10
20,892,GRCL,SM,2500,2500,100.00
20,893,GREAVESCOT,EQ,1494702,706115,47.24
20,894,GREENCHEF,SM,12800,8800,68.75
20,895,GREENLAM,EQ,15253,6731,44.13
20,896,GREENPANEL,EQ,271475,151386,55.76
20,897,GREENPLY,EQ,153288,70769,46.17
20,898,GREENPOWER,EQ,7662997,4037014,52.68
20,899,GRINDWELL,EQ,110135,99992,90.79
20,900,GRINFRA,EQ,72810,41813,57.43
20,901,GRMOVER,EQ,127146,47769,37.57
20,902,GROBTEA,EQ,2156,1554,72.08
20,903,GROWWEV,EQ,957169,708602,74.03
20,904,GRSE,EQ,1446809,457045,31.59
20,905,GRWRHITECH,EQ,95447,45453,47.62
20,906,GSEC10ABSL,EQ,35119,35117,99.99
20,907,GSEC10IETF,EQ,192,160,83.33
20,908,GSEC10YEAR,EQ,24,23,95.83
20,909,GSEC5IETF,EQ,1203,805,66.92
20,910,GSFC,EQ,2661026,874871,32.88
20,911,GSLSU,EQ,1763473,657284,37.27
20,912,GSMFOILS,ST,80000,76000,95.00
20,913,GSPL,EQ,8789338,3087976,35.13
20,914,GSTL,ST,223000,217000,97.31
20,915,GTL,EQ,531358,351050,66.07
20,916,GTLINFRA,EQ,92066125,48334346,52.50
20,917,GTPL,EQ,66457,28513,42.90
20,918,GUFICBIO,EQ,240095,122931,51.20
20,919,GUJALKALI,EQ,61529,31238,50.77
20,920,GUJGASLTD,EQ,4290472,2072518,48.31
20,921,GUJRAFFIA,EQ,4603,2891,62.81
20,922,GULFOILLUB,EQ,168566,69949,41.50
20,923,GULFPETRO,EQ,381254,182289,47.81
20,924,GULPOLY,EQ,399259,196989,49.34
20,925,GVPTECH,EQ,69216,63720,92.06
20,926,HAL,EQ,1801363,957429,53.15
20,927,HAPPSTMNDS,EQ,293157,182677,62.31
20,928,HAPPYFORGE,EQ,14954,8625,57.68
20,929,HARDWYN,EQ,843284,478417,56.73
20,930,HARIOMPIPE,EQ,184564,59854,32.43
20,931,HARRMALAYA,EQ,162151,80704,49.77
20,932,HARSHA,EQ,50549,26222,51.87
20,933,HATHWAY,EQ,4528563,1834644,40.51
20,934,HATSUN,EQ,72341,30628,42.34
20,935,HAVELLS,EQ,544961,236202,43.34
20,936,HAVISHA,EQ,130703,92088,70.46
20,937,HBLPOWER,EQ,1499061,623092,41.57
20,938,HCC,EQ,31429510,10942044,34.81
20,939,HCG,EQ,1216464,660416,54.29
20,940,HCL-INSYS,EQ,154035,106825,69.35
20,941,HCLTECH,EQ,2878565,1971289,68.48
20,942,HDFCAMC,EQ,374350,264866,70.75
20,943,HDFCBANK,EQ,11438159,8688322,75.96
20,944,HDFCBSE500,EQ,22924,21053,91.84
20,945,HDFCGOLD,EQ,4906443,4684868,95.48
20,946,HDFCGROWTH,EQ,10058,7827,77.82
20,947,HDFCLIFE,EQ,1759438,905128,51.44
20,948,HDFCLIQUID,EQ,806,580,71.96
20,949,HDFCLOWVOL,EQ,24187,21512,88.94
20,950,HDFCMID150,EQ,273648,169554,61.96
20,951,HDFCMOMENT,EQ,125567,76257,60.73
20,952,HDFCNEXT50,EQ,34321,27523,80.19
20,953,HDFCNIF100,EQ,36148,29998,82.99
20,954,HDFCNIFBAN,EQ,30605,27137,88.67
20,955,HDFCNIFIT,EQ,11402,10474,91.86
20,956,HDFCNIFTY,EQ,23033,19511,84.71
20,957,HDFCPSUBK,EQ,10499,8591,81.83
20,958,HDFCPVTBAN,EQ,57892,49773,85.98
20,959,HDFCQUAL,EQ,5310,4689,88.31
20,960,HDFCSENSEX,EQ,14141,11138,78.76
20,961,HDFCSILVER,EQ,435148,310081,71.26
20,962,HDFCSML250,EQ,489837,339353,69.28
20,963,HDFCVALUE,EQ,5130,4294,83.70
20,964,HEADSUP,EQ,399774,145295,36.34
20,965,HEALTHADD,EQ,1338,971,72.57
20,966,HEALTHIETF,EQ,45889,23185,50.52
20,967,HEALTHY,EQ,457214,309276,67.64
20,968,HEG,EQ,46557,19200,41.24
20,969,HEIDELBERG,EQ,337977,187979,55.62
20,970,HEMIPROP,EQ,447769,239642,53.52
20,971,HERANBA,EQ,101046,45942,45.47
20,972,HERCULES,EQ,80454,41085,51.07
20,973,HERITGFOOD,EQ,572767,361615,63.13
20,974,HEROMOTOCO,EQ,817503,388831,47.56
20,975,HESTERBIO,EQ,6112,2600,42.54
20,976,HEUBACHIND,EQ,84543,50181,59.36
20,977,HFCL,EQ,55212229,12164797,22.03
20,978,HGINFRA,EQ,58465,34511,59.03
20,979,HGS,EQ,65644,24379,37.14
20,980,HIGREEN,SM,253600,156000,61.51
20,981,HIKAL,EQ,1567146,486928,31.07
20,982,HIL,EQ,13179,7307,55.44
20,983,HILTON,EQ,1183518,362066,30.59
20,984,HIMATSEIDE,EQ,545849,237800,43.57
20,985,HINDALCO,EQ,3749608,1731254,46.17
20,986,HINDCOMPOS,EQ,8831,4046,45.82
20,987,HINDCON,EQ,153578,54391,35.42
20,988,HINDCOPPER,EQ,4268131,1606364,37.64
20,989,HINDOILEXP,EQ,1182415,557054,47.11
20,990,HINDPETRO,EQ,12007469,4495041,37.44
20,991,HINDUNILVR,EQ,1945173,1225203,62.99
20,992,HINDWAREAP,EQ,92186,46467,50.41
20,993,HINDZINC,EQ,1948919,1269417,65.13
20,994,HIRECT,EQ,22481,15113,67.23
20,995,HISARMETAL,EQ,11578,8852,76.46
20,996,HITECH,EQ,1715120,722725,42.14
20,997,HITECHCORP,EQ,18538,15119,81.56
20,998,HLEGLAS,EQ,356148,132428,37.18
20,999,HLVLTD,EQ,544847,324925,59.64
20,1000,HMAAGRO,EQ,2271259,2168059,95.46
20,1001,HMVL,EQ,113236,84000,74.18
20,1002,HNDFDS,EQ,69820,35482,50.82
20,1003,HNGSNGBEES,EQ,54216,40025,73.83
20,1004,HOLMARC,SM,19500,15000,76.92
20,1005,HOMEFIRST,EQ,753891,381128,50.55
20,1006,HOMESFY,SM,3600,3600,100.00
20,1007,HONASA,EQ,1992271,517811,25.99
20,1008,HONAUT,EQ,9864,5021,50.90
20,1009,HONDAPOWER,EQ,8131,2281,28.05
20,1010,HPAL,EQ,244309,128292,52.51
20,1011,HPIL,EQ,8682,2256,25.98
20,1012,HPL,EQ,183062,104748,57.22
20,1013,HRHNEXT,SM,12000,12000,100.00
20,1014,HSCL,EQ,2075424,694398,33.46
20,1015,HTMEDIA,EQ,242712,106793,44.00
20,1016,HUDCO,EQ,6606159,2564159,38.81
20,1017,HUHTAMAKI,EQ,366358,221256,60.39
20,1018,IBLFL,SM,68000,56000,82.35
20,1019,ICCL25,NS,54,54,100.00
20,1020,ICEMAKE,EQ,11882,6909,58.15
20,1021,ICICIB22,EQ,1062029,923526,86.96
20,1022,ICICIBANK,EQ,9142811,6036567,66.03
20,1023,ICICIGI,EQ,1041552,802054,77.01
20,1024,ICICIPRULI,EQ,1346555,744150,55.26
20,1025,ICIL,EQ,433907,300083,69.16
20,1026,ICRA,EQ,8964,4539,50.64
20,1027,IDBI,EQ,4130859,1998835,48.39
20,1028,IDEA,EQ,286740484,108209292,37.74
20,1029,IDEAFORGE,EQ,160219,65498,40.88
20,1030,IDEALTECHO,ST,231000,218000,94.37
20,1031,IDFC,EQ,7227270,4530860,62.69
20,1032,IDFCFIRSTB,EQ,16002781,7005663,43.78
20,1033,IDFNIFTYET,EQ,332,212,63.86
20,1034,IEML,SM,12000,10000,83.33
20,1035,IEX,EQ,18412659,6328722,34.37
20,1036,IFBIND,EQ,25392,15590,61.40
20,1037,IFCI,EQ,12199940,3614543,29.63
20,1038,IFCIZC24,NI,35,35,100.00
20,1039,IFGLEXPOR,EQ,4745,2506,52.81
20,1040,IGARASHI,EQ,76569,29928,39.09
20,1041,IGL,EQ,2760660,1544330,55.94
20,1042,IGPL,EQ,68553,35536,51.84
20,1043,IIFL,EQ,1705335,979817,57.46
20,1044,IIFLHF29,NE,64,0,0.00
20,1045,IIFLSEC,EQ,2609344,894431,34.28
20,1046,IIFLZC25C,N8,252,126,50.00
20,1047,IIFLZC26A,NR,500,500,100.00
20,1048,IIFLZC28C,N6,210,210,100.00
20,1049,IKIO,EQ,145518,99211,68.18
20,1050,IMAGICAA,EQ,1412016,689543,48.83
20,1051,IMC1,N0,394,394,100.00
20,1052,IMC1,N1,23,23,100.00
20,1053,IMC1,N2,16,16,100.00
20,1054,IMC1,N3,2,2,100.00
20,1055,IMFA,EQ,51866,34610,66.73
20,1056,IMPAL,EQ,15234,9289,60.98
20,1057,INDBANK,EQ,354612,164778,46.47
20,1058,INDGN,EQ,759891,463343,60.97
20,1059,INDHOTEL,EQ,3865533,2500845,64.70
20,1060,INDIACEM,EQ,1194726,617343,51.67
20,1061,INDIAGLYCO,EQ,80465,32809,40.77
20,1062,INDIAMART,EQ,138685,60778,43.82
20,1063,INDIANB,EQ,3752194,2216376,59.07
20,1064,INDIANCARD,EQ,4992,3570,71.51
20,1065,INDIANHUME,EQ,256551,80536,31.39
20,1066,INDIASHLTR,EQ,51529,29486,57.22
20,1067,INDIFRA,SM,2000,2000,100.00
20,1068,INDIGO,EQ,1042127,698700,67.05
20,1069,INDIGOPNTS,EQ,342245,91411,26.71
20,1070,INDIGRID,IV,425421,374011,87.92
20,1071,INDNIPPON,EQ,112996,29642,26.23
20,1072,INDOAMIN,EQ,2023190,611297,30.21
20,1073,INDOBORAX,EQ,300435,119454,39.76
20,1074,INDOCO,EQ,261070,138828,53.18
20,1075,INDORAMA,EQ,245837,143000,58.17
20,1076,INDOSTAR,EQ,549480,275740,50.18
20,1077,INDOTHAI,EQ,205000,123343,60.17
20,1078,INDRAMEDCO,EQ,642194,287603,44.78
20,1079,INDSWFTLTD,EQ,56467,36622,64.86
20,1080,INDTERRAIN,EQ,76234,42445,55.68
20,1081,INDUSINDBK,EQ,3427784,2418930,70.57
20,1082,INDUSTOWER,EQ,7834138,4580259,58.47
20,1083,INFIBEAM,EQ,11229641,5074325,45.19
20,1084,INFINIUM,SM,11000,11000,100.00
20,1085,INFOBEAN,EQ,43667,22414,51.33
20,1086,INFOLLION,ST,7200,7200,100.00
20,1087,INFRABEES,EQ,10706,6616,61.80
20,1088,INFRAIETF,EQ,101649,51559,50.72
20,1089,INFY,EQ,4081810,2515420,61.63
20,1090,INGERRAND,EQ,22235,18426,82.87
20,1091,INM,SM,38400,34800,90.63
20,1092,INNOVACAP,EQ,445452,111345,25.00
20,1093,INNOVANA,SM,400,400,100.00
20,1094,INOXGREEN,EQ,2506393,1190326,47.49
20,1095,INOXINDIA,EQ,103548,62507,60.37
20,1096,INOXWIND,EQ,5028294,2074063,41.25
20,1097,INSECTICID,EQ,82695,30355,36.71
20,1098,INSPIRE,SM,18000,16000,88.89
20,1099,INTELLECT,EQ,70994,37746,53.17
20,1100,INTERARCH,EQ,688272,316609,46.00
20,1101,INTLCONV,EQ,115600,56595,48.96
20,1102,INVENTURE,EQ,7987954,3881923,48.60
20,1103,IOB,EQ,3163465,1095529,34.63
20,1104,IOC,EQ,46162315,17464029,37.83
20,1105,IOLCP,EQ,1742910,607347,34.85
20,1106,IONEXCHANG,EQ,246891,119015,48.21
20,1107,IPCALAB,EQ,1431782,609343,42.56
20,1108,IPHL,ST,9600,9600,100.00
20,1109,IPL,EQ,357929,215040,60.08
20,1110,IPSL,SM,1000,1000,100.00
20,1111,IRB,EQ,34448265,15587106,45.25
20,1112,IRBINVIT,IV,302170,280853,92.95
20,1113,IRCON,EQ,3008514,1413697,46.99
20,1114,IRCTC,EQ,1929930,1143416,59.25
20,1115,IREDA,EQ,7763279,2743277,35.34
20,1116,IRFC,EQ,15774279,6799226,43.10
20,1117,IRISDOREME,EQ,398051,206101,51.78
20,1118,IRMENERGY,EQ,95903,50619,52.78
20,1119,ISEC,EQ,227399,154530,67.96
20,1120,ISFT,EQ,1031295,317850,30.82
20,1121,ISGEC,EQ,56550,23287,41.18
20,1122,ISHAN,ST,1104000,1104000,100.00
20,1123,IT,EQ,47764,23969,50.18
20,1124,ITALIANE,SM,60000,56000,93.33
20,1125,ITBEES,EQ,3031510,1658251,54.70
20,1126,ITC,EQ,10898888,7084173,65.00
20,1127,ITDC,EQ,45570,15079,33.09
20,1128,ITDCEM,EQ,782104,455946,58.30
20,1129,ITETF,EQ,472558,457878,96.89
20,1130,ITETFADD,EQ,4627,3631,78.47
20,1131,ITI,EQ,258517,76829,29.72
20,1132,ITIETF,EQ,268484,109771,40.89
20,1133,IVZINGOLD,EQ,323,134,41.49
20,1134,IVZINNIFTY,EQ,13,12,92.31
20,1135,IXIGO,EQ,548154,254356,46.40
20,1136,JAGRAN,EQ,2709821,1687438,62.27
20,1137,JAGSNPHARM,EQ,202301,111629,55.18
20,1138,JAICORPLTD,EQ,393982,181536,46.08
20,1139,JAINAM,SM,5000,5000,100.00
20,1140,JAIPURKURT,EQ,23178,16220,69.98
20,1141,JALAN,ST,114000,96000,84.21
20,1142,JAMNAAUTO,EQ,1581426,829555,52.46
20,1143,JASH,EQ,25756,15974,62.02
20,1144,JAYAGROGN,EQ,33973,14502,42.69
20,1145,JAYBARMARU,EQ,193115,92200,47.74
20,1146,JAYBEE,ST,39000,39000,100.00
20,1147,JAYNECOIND,EQ,1344055,609017,45.31
20,1148,JAYSREETEA,EQ,318052,100991,31.75
20,1149,JBCHEPHARM,EQ,148246,69358,46.79
20,1150,JBMA,EQ,166560,51142,30.70
20,1151,JCHAC,EQ,107834,53728,49.82
20,1152,JFLLIFE,ST,2000,2000,100.00
20,1153,JGCHEM,EQ,464933,193752,41.67
20,1154,JINDALPHOT,EQ,10999,3139,28.54
20,1155,JINDALPOLY,EQ,98318,46892,47.69
20,1156,JINDALSAW,EQ,777472,446707,57.46
20,1157,JINDALSTEL,EQ,787383,412563,52.40
20,1158,JINDRILL,EQ,26621,17213,64.66
20,1159,JINDWORLD,EQ,126506,47394,37.46
20,1160,JIOFIN,EQ,16406870,7020108,42.79
20,1161,JISLDVREQS,EQ,35571,20997,59.03
20,1162,JISLJALEQS,EQ,2074660,914061,44.06
20,1163,JITFINFRA,EQ,21818,11884,54.47
20,1164,JIWANRAM,SM,24000,18000,75.00
20,1165,J&KBANK,EQ,1307728,725158,55.45
20,1166,JKCEMENT,EQ,386178,118495,30.68
20,1167,JKIL,EQ,169396,106463,62.85
20,1168,JKLAKSHMI,EQ,92983,55316,59.49
20,1169,JKPAPER,EQ,588329,354497,60.25
20,1170,JKTYRE,EQ,1795295,675218,37.61
20,1171,JLHL,EQ,68508,48308,70.51
20,1172,JMA,EQ,25630,9612,37.50
20,1173,JMFINANCIL,EQ,76822509,10429717,13.58
20,1174,JOCIL,EQ,18107,10869,60.03
20,1175,JPOLYINVST,EQ,12170,7638,62.76
20,1176,JPPOWER,EQ,11983140,7509606,62.67
20,1177,JSFB,EQ,149032,78070,52.38
20,1178,JSL,EQ,1334954,831930,62.32
20,1179,JSLL,SM,13500,10620,78.67
20,1180,JSWENERGY,EQ,3952565,1580905,40.00
20,1181,JSWHL,EQ,11827,3296,27.87
20,1182,JSWINFRA,EQ,2692800,1624250,60.32
20,1183,JSWSTEEL,EQ,1482001,544998,36.77
20,1184,JTEKTINDIA,EQ,186921,95412,51.04
20,1185,JTLIND,EQ,2197837,1245582,56.67
20,1186,JUBLFOOD,EQ,1221050,680274,55.71
20,1187,JUBLINDS,EQ,12330,8748,70.95
20,1188,JUBLINGREA,EQ,2820615,581880,20.63
20,1189,JUBLPHARMA,EQ,240401,146839,61.08
20,1190,JUNIORBEES,EQ,507098,399212,78.72
20,1191,JUNIPER,EQ,71359,40257,56.41
20,1192,JUSTDIAL,EQ,210726,71033,33.71
20,1193,JWL,EQ,351684,216120,61.45
20,1194,JYOTHYLAB,EQ,694675,442696,63.73
20,1195,JYOTICNC,EQ,107430,73733,68.63
20,1196,JYOTISTRUC,EQ,2177914,1507391,69.21
20,1197,K2INFRA,ST,116400,116400,100.00
20,1198,KABRAEXTRU,EQ,24481,12856,52.51
20,1199,KAJARIACER,EQ,344834,225602,65.42
20,1200,KAKATCEM,EQ,12890,11233,87.15
20,1201,KALAMANDIR,EQ,603591,312504,51.77
20,1202,KALYANKJIL,EQ,5581923,2529442,45.31
20,1203,KAMATHOTEL,EQ,38833,23420,60.31
20,1204,KAMDHENU,EQ,227582,93309,41.00
20,1205,KAMOPAINTS,EQ,19122782,6477466,33.87
20,1206,KANANIIND,EQ,1618898,742083,45.84
20,1207,KANDARP,SM,84000,40000,47.62
20,1208,KANORICHEM,EQ,44633,26015,58.29
20,1209,KANPRPLA,EQ,30387,22261,73.26
20,1210,KANSAINER,EQ,2382695,1589229,66.70
20,1211,KARNIKA,SM,18000,17600,97.78
20,1212,KARURVYSYA,EQ,988798,514696,52.05
20,1213,KATARIA,SM,25200,13200,52.38
20,1214,KAYNES,EQ,523805,181618,34.67
20,1215,KCEIL,ST,51500,46500,90.29
20,1216,KCP,EQ,2565973,1101987,42.95
20,1217,KDDL,EQ,18075,10265,56.79
20,1218,KDL,ST,3700,3600,97.30
20,1219,KEC,EQ,7622182,938863,12.32
20,1220,KECL,EQ,200922,117494,58.48
20,1221,KEI,EQ,164697,104728,63.59
20,1222,KEL,SM,27600,22800,82.61
20,1223,KELLTONTEC,EQ,508116,214341,42.18
20,1224,KERNEX,EQ,113934,66764,58.60
20,1225,KESORAMIND,EQ,817227,407672,49.88
20,1226,KEYFINSERV,EQ,8140,4848,59.56
20,1227,KFINTECH,EQ,590610,299415,50.70
20,1228,KHADIM,EQ,31749,19952,62.84
20,1229,KHAICHEM,EQ,1545359,263028,17.02
20,1230,KHANDSE,EQ,31620,17947,56.76
20,1231,KHFM,SM,37200,6200,16.67
20,1232,KILITCH,EQ,8384,3927,46.84
20,1233,KIMS,EQ,102046,54104,53.02
20,1234,KINGFA,EQ,9670,4185,43.28
20,1235,KIOCL,EQ,40855,19195,46.98
20,1236,KIRIINDUS,EQ,344965,182890,53.02
20,1237,KIRLOSBROS,EQ,102266,47400,46.35
20,1238,KIRLOSENG,EQ,462971,386062,83.39
20,1239,KIRLOSIND,EQ,3887,2437,62.70
20,1240,KIRLPNU,EQ,63099,42291,67.02
20,1241,KITEX,EQ,900472,340962,37.86
20,1242,KKCL,EQ,12973,7851,60.52
20,1243,KLL,SM,48000,40000,83.33
20,1244,KNAGRI,ST,23200,22400,96.55
20,1245,KNRCON,EQ,1645546,713143,43.34
20,1246,KODYTECH,SM,6800,5300,77.94
20,1247,KOHINOOR,EQ,108978,62486,57.34
20,1248,KOKUYOCMLN,EQ,214196,100339,46.84
20,1249,KOLTEPATIL,EQ,193734,75586,39.02
20,1250,KONSTELEC,SM,32000,27000,84.38
20,1251,KONTOR,SM,12000,8400,70.00
20,1252,KOPRAN,EQ,4666513,1359388,29.13
20,1253,KORE,ST,1500,1500,100.00
20,1254,KOTAKBANK,EQ,3573005,2355482,65.92
20,1255,KOTARISUG,EQ,245705,73990,30.11
20,1256,KOTHARIPET,EQ,2310356,337872,14.62
20,1257,KOTYARK,SM,22100,15900,71.95
20,1258,KPIL,EQ,225775,121592,53.86
20,1259,KPITTECH,EQ,714635,503803,70.50
20,1260,KPRMILL,EQ,106772,59924,56.12
20,1261,KRBL,EQ,1039689,549703,52.87
20,1262,KRISHANA,EQ,75148,29817,39.68
20,1263,KRISHCA,ST,60500,58500,96.69
20,1264,KRISHIVAL,SM,1000,1000,100.00
20,1265,KRISHNADEF,ST,23000,23000,100.00
20,1266,KRITI,EQ,88277,53232,60.30
20,1267,KRITIKA,EQ,1613132,1414512,87.69
20,1268,KRONOX,EQ,919071,427468,46.51
20,1269,KRSNAA,EQ,386163,185575,48.06
20,1270,KRYSTAL,EQ,534720,246349,46.07
20,1271,KSB,EQ,153836,62055,40.34
20,1272,KSCL,EQ,171296,78309,45.72
20,1273,KSL,EQ,49977,28197,56.42
20,1274,KSOLVES,EQ,18477,11040,59.75
20,1275,KTKBANK,EQ,2203512,1440627,65.38
20,1276,KTL,SM,123000,93000,75.61
20,1277,KUANTUM,EQ,66007,39822,60.33
20,1278,LAGNAM,EQ,14467,9189,63.52
20,1279,LAL,EQ,6086693,1873298,30.78
20,1280,LALPATHLAB,EQ,184160,114791,62.33
20,1281,LAMBODHARA,EQ,21420,12298,57.41
20,1282,LANCORHOL,EQ,91441,63444,69.38
20,1283,LANDMARK,EQ,67070,41056,61.21
20,1284,LAOPALA,EQ,274191,100037,36.48
20,1285,LASA,EQ,654867,312420,47.71
20,1286,LATENTVIEW,EQ,255643,180458,70.59
20,1287,LAURUSLABS,EQ,9562335,2880848,30.13
20,1288,LAWSIKHO,SM,83000,58000,69.88
20,1289,LAXMICOT,EQ,624074,186769,29.93
20,1290,LAXMIMACH,EQ,9650,4794,49.68
20,1291,LEMERITE,SM,35200,16000,45.45
20,1292,LEMONTREE,EQ,4041721,2148467,53.16
20,1293,LEXUS,EQ,28843,4340,15.05
20,1294,LFIC,EQ,128444,50698,39.47
20,1295,LGBBROSLTD,EQ,48747,23939,49.11
20,1296,LIBAS,EQ,3011988,1352853,44.92
20,1297,LICHSGFIN,EQ,6112607,2337558,38.24
20,1298,LICI,EQ,1019982,387291,37.97
20,1299,LICMFGOLD,EQ,612,471,76.96
20,1300,LICNETFGSC,EQ,51558,46796,90.76
20,1301,LICNETFN50,EQ,170,127,74.71
20,1302,LICNETFSEN,EQ,55,49,89.09
20,1303,LICNFNHGP,EQ,183,125,68.31
20,1304,LICNMID100,EQ,7254,3341,46.06
20,1305,LIKHITHA,EQ,77982,41341,53.01
20,1306,LINC,EQ,49046,29820,60.80
20,1307,LINCOLN,EQ,894739,212035,23.70
20,1308,LINDEINDIA,EQ,336432,59544,17.70
20,1309,LIQUID,EQ,94535,59673,63.12
20,1310,LIQUID1,EQ,288678,148060,51.29
20,1311,LIQUIDADD,EQ,519686,432260,83.18
20,1312,LIQUIDBEES,EQ,2685496,2110372,78.58
20,1313,LIQUIDBETF,EQ,2740,870,31.75
20,1314,LIQUIDCASE,EQ,4648285,3696258,79.52
20,1315,LIQUIDETF,EQ,249052,176613,70.91
20,1316,LIQUIDIETF,EQ,328225,212834,64.84
20,1317,LIQUIDSBI,EQ,18132,16751,92.38
20,1318,LIQUIDSHRI,EQ,404,284,70.30
20,1319,LLOYDS,SM,9000,7000,77.78
20,1320,LLOYDSENGG,EQ,2613712,1063490,40.69
20,1321,LLOYDSME,EQ,175843,114100,64.89
20,1322,LODHA,EQ,597083,354939,59.45
20,1323,LOKESHMACH,EQ,176333,109369,62.02
20,1324,LORDSCHLO,EQ,20855,12003,57.55
20,1325,LOTUSEYE,EQ,56300,31968,56.78
20,1326,LOWVOL,EQ,660,613,92.88
20,1327,LOWVOL1,EQ,31174,30007,96.26
20,1328,LOWVOLIETF,EQ,7046834,6946191,98.57
20,1329,LOYALTEX,EQ,2218,1751,78.94
20,1330,LRRPL,ST,27000,27000,100.00
20,1331,LT,EQ,2958770,2266937,76.62
20,1332,LTF,EQ,5362951,2846471,53.08
20,1333,LTFOODS,EQ,1982378,711682,35.90
20,1334,LTGILTBEES,EQ,2565951,2315226,90.23
20,1335,LTIM,EQ,636255,356848,56.09
20,1336,LTTS,EQ,102296,35883,35.08
20,1337,LUMAXIND,EQ,13843,6414,46.33
20,1338,LUMAXTECH,EQ,57741,29129,50.45
20,1339,LUPIN,EQ,1824749,1045424,57.29
20,1340,LUXIND,EQ,218038,79777,36.59
20,1341,LXCHEM,EQ,2008830,904855,45.04
20,1342,LYKALABS,EQ,1474964,657291,44.56
20,1343,MAANALU,EQ,162089,124476,76.79
20,1344,MACOBSTECH,SM,11200,9600,85.71
20,1345,MADHAV,EQ,97453,37804,38.79
20,1346,MADHAVBAUG,SM,4800,4400,91.67
20,1347,MADHUSUDAN,SM,30000,28000,93.33
20,1348,MADRASFERT,EQ,276547,112443,40.66
20,1349,MAFANG,EQ,353494,222520,62.95
20,1350,MAGADSUGAR,EQ,41239,14680,35.60
20,1351,MAGNUM,EQ,192332,141579,73.61
20,1352,MAGSON,SM,2000,2000,100.00
20,1353,MAHABANK,EQ,4611147,1987869,43.11
20,1354,MAHESHWARI,EQ,34734,17217,49.57
20,1355,MAHICKRA,SM,750,750,100.00
20,1356,MAHKTECH,EQ,418991,280882,67.04
20,1357,MAHLIFE,EQ,293270,169047,57.64
20,1358,MAHLOG,EQ,92299,47145,51.08
20,1359,MAHSCOOTER,EQ,9245,5900,63.82
20,1360,MAHSEAMLES,EQ,220627,101231,45.88
20,1361,MAITHANALL,EQ,38265,20451,53.45
20,1362,MAITREYA,ST,55200,48800,88.41
20,1363,MAKEINDIA,EQ,37044,22120,59.71
20,1364,MAKS,ST,4500,4500,100.00
20,1365,MAL,SM,283200,184000,64.97
20,1366,MALLCOM,EQ,12164,5132,42.19
20,1367,MALUPAPER,EQ,605783,182677,30.16
20,1368,MANAKSIA,EQ,44832,24268,54.13
20,1369,MANAKSTEEL,EQ,52666,23538,44.69
20,1370,MANALIPETC,EQ,301966,146491,48.51
20,1371,MANAPPURAM,EQ,2497884,1022994,40.95
20,1372,MANCREDIT,EQ,39822,8970,22.53
20,1373,MANDEEP,ST,38000,30000,78.95
20,1374,MANGALAM,EQ,115236,84071,72.96
20,1375,MANGCHEFER,EQ,152556,88955,58.31
20,1376,MANGLMCEM,EQ,98139,43485,44.31
20,1377,MANINDS,EQ,330250,201042,60.88
20,1378,MANINFRA,EQ,723745,333041,46.02
20,1379,MANKIND,EQ,418652,238465,56.96
20,1380,MANORAMA,EQ,16607,10170,61.24
20,1381,MANUGRAPH,EQ,20787,13102,63.03
20,1382,MANYAVAR,EQ,105748,53817,50.89
20,1383,MAPMYINDIA,EQ,171923,92242,53.65
20,1384,MARALOVER,EQ,12470,6649,53.32
20,1385,MARATHON,EQ,93095,52943,56.87
20,1386,MARCO,SM,36000,30000,83.33
20,1387,MARICO,EQ,2658323,1679098,63.16
20,1388,MARINETRAN,SM,8000,8000,100.00
20,1389,MARKSANS,EQ,2833519,768604,27.13
20,1390,MARSHALL,EQ,61282,25203,41.13
20,1391,MARUTI,EQ,595865,407473,68.38
20,1392,MASFIN,EQ,393243,250797,63.78
20,1393,MASON,SM,68000,46000,67.65
20,1394,MASPTOP50,EQ,86969,67735,77.88
20,1395,MASTEK,EQ,432644,209463,48.41
20,1396,MASTER,ST,4000,4000,100.00
20,1397,MATRIMONY,EQ,283184,76204,26.91
20,1398,MAWANASUG,EQ,176411,79894,45.29
20,1399,MAXESTATES,EQ,1387304,990950,71.43
20,1400,MAXHEALTH,EQ,2118993,1281356,60.47
20,1401,MAXIND,EQ,102118,54475,53.35
20,1402,MAXPOSURE,SM,366000,250000,68.31
20,1403,MAYURUNIQ,EQ,170953,77277,45.20
20,1404,MAZDA,EQ,8139,4381,53.83
20,1405,MAZDOCK,EQ,4767316,783079,16.43
20,1406,MBAPL,EQ,10787,6851,63.51
20,1407,MCL,EQ,144884,81074,55.96
20,1408,MCLEODRUSS,EQ,762661,452907,59.39
20,1409,MCX,EQ,393168,78312,19.92
20,1410,MDL,SM,40000,30000,75.00
20,1411,MEDANTA,EQ,369419,196519,53.20
20,1412,MEDIASSIST,EQ,631579,180677,28.61
20,1413,MEDICAMEQ,EQ,20116,11349,56.42
20,1414,MEDIORG,SM,40000,32000,80.00
20,1415,MEDPLUS,EQ,664471,318315,47.91
20,1416,MEGASOFT,EQ,293302,148597,50.66
20,1417,MEGASTAR,EQ,12296,10402,84.60
20,1418,MEGATHERM,ST,13600,12000,88.24
20,1419,MENONBE,EQ,34529,18431,53.38
20,1420,METALIETF,EQ,1449808,796195,54.92
20,1421,METROBRAND,EQ,66852,32395,48.46
20,1422,METROPOLIS,EQ,133788,57181,42.74
20,1423,MFSL,EQ,24718398,11907918,48.17
20,1424,MGL,EQ,1023547,348861,34.08
20,1425,MHHL,SM,27000,25500,94.44
20,1426,MHLXMIRU,EQ,8029,5563,69.29
20,1427,MHRIL,EQ,240595,108080,44.92
20,1428,MICROPRO,SM,22400,20800,92.86
20,1429,MID150BEES,EQ,209316,118987,56.85
20,1430,MID150CASE,EQ,139839,109071,78.00
20,1431,MIDCAP,EQ,22797,12584,55.20
20,1432,MIDCAPETF,EQ,871388,605127,69.44
20,1433,MIDCAPIETF,EQ,361034,286969,79.49
20,1434,MIDHANI,EQ,308129,129754,42.11
20,1435,MIDQ50ADD,EQ,2093,1890,90.30
20,1436,MIDSELIETF,EQ,255871,190488,74.45
20,1437,MIDSMALL,EQ,546458,481546,88.12
20,1438,MIEL,SM,66000,46000,69.70
20,1439,MILTON,SM,8800,8800,100.00
20,1440,MINDACORP,EQ,750964,295411,39.34
20,1441,MINDSPACE,RR,1652812,1371721,82.99
20,1442,MIRZAINT,EQ,232703,129238,55.54
20,1443,MITCON,EQ,22215,15972,71.90
20,1444,MITCONPP,E1,2784,2783,99.96
20,1445,MITTAL,EQ,1010549,686302,67.91
20,1446,M&M,EQ,2360312,1730453,73.31
20,1447,M&MFIN,EQ,2748179,1307787,47.59
20,1448,M&MFIN,N3,3,3,100.00
20,1449,MMFL,EQ,35507,20823,58.64
20,1450,MMTC,EQ,2569343,798933,31.09
20,1451,MNC,EQ,10784,9689,89.85
20,1452,MODEFENCE,EQ,192623,173466,90.05
20,1453,MODIRUBBER,EQ,55249,42380,76.71
20,1454,MODISONLTD,EQ,95807,47881,49.98
20,1455,MOGSEC,EQ,4479,3637,81.20
20,1456,MOHEALTH,EQ,49259,36012,73.11
20,1457,MOIL,EQ,1750513,468166,26.74
20,1458,MOKSH,EQ,1887827,1019532,54.01
20,1459,MOL,EQ,4204677,1745885,41.52
20,1460,MOLDTECH,EQ,119244,58864,49.36
20,1461,MOLDTKPAC,EQ,30046,16767,55.80
20,1462,MOLOWVOL,EQ,5688,3500,61.53
20,1463,MOM100,EQ,261348,144630,55.34
20,1464,MOM30IETF,EQ,642210,478699,74.54
20,1465,MOM50,EQ,6596,5680,86.11
20,1466,MOMENTUM,EQ,170356,103330,60.66
20,1467,MOMOMENTUM,EQ,74092,54479,73.53
20,1468,MON100,EQ,371429,230259,61.99
20,1469,MONARCH,EQ,159890,75892,47.47
20,1470,MONIFTY500,EQ,241006,189723,78.72
20,1471,MONQ50,EQ,32636,22546,69.08
20,1472,MONTECARLO,EQ,23451,13784,58.78
20,1473,MOQUALITY,EQ,1595,1039,65.14
20,1474,MOREALTY,EQ,83426,73952,88.64
20,1475,MOREPENLAB,EQ,47671149,10768174,22.59
20,1476,MOS,SM,2438400,736800,30.22
20,1477,MOSMALL250,EQ,557615,372460,66.80
20,1478,MOTHERSON,EQ,9329655,5504047,59.00
20,1479,MOTILALOFS,EQ,1640534,702808,42.84
20,1480,MOTISONS,EQ,5144506,2100848,40.84
20,1481,MOTOGENFIN,EQ,9567,5352,55.94
20,1482,MOVALUE,EQ,163847,110237,67.28
20,1483,MOXSH,ST,800,800,100.00
20,1484,MPHASIS,EQ,194748,77184,39.63
20,1485,MPSLTD,EQ,32582,11384,34.94
20,1486,MRF,EQ,3971,1392,35.05
20,1487,MRPL,EQ,1593908,473820,29.73
20,1488,MSPL,EQ,2367089,1355330,57.26
20,1489,MSTCLTD,EQ,152362,78319,51.40
20,1490,MSUMI,EQ,2980720,1813687,60.85
20,1491,MTARTECH,EQ,64774,32134,49.61
20,1492,MTNL,EQ,4605304,1564046,33.96
20,1493,MUFIN,EQ,62939,30121,47.86
20,1494,MUFTI,EQ,227464,130035,57.17
20,1495,MUKANDLTD,EQ,207615,108799,52.40
20,1496,MUKKA,EQ,795903,351095,44.11
20,1497,MUKTAARTS,EQ,39200,29451,75.13
20,1498,MULTICAP,EQ,174076,168494,96.79
20,1499,MUNJALAU,EQ,3881789,858669,22.12
20,1500,MUNJALSHOW,EQ,545972,196742,36.04
20,1501,MURUDCERA,EQ,435199,228044,52.40
20,1502,MUTHOOTCAP,EQ,825766,197376,23.90
20,1503,MUTHOOTFIN,EQ,531077,239661,45.13
20,1504,MUTHOOTMF,EQ,204025,108004,52.94
20,1505,MVGJL,EQ,316568,138440,43.73
20,1506,MVKAGRO,SM,31200,21600,69.23
20,1507,MWL,SM,7200,6000,83.33
20,1508,NACLIND,EQ,329817,121793,36.93
20,1509,NAGAFERT,EQ,600674,335888,55.92
20,1510,NAHARCAP,EQ,33862,21766,64.28
20,1511,NAHARINDUS,EQ,95649,46159,48.26
20,1512,NAHARSPING,EQ,34503,14751,42.75
20,1513,NAMAN,SM,44800,32000,71.43
20,1514,NAM-INDIA,EQ,893559,485720,54.36
20,1515,NATCOPHARM,EQ,857102,328234,38.30
20,1516,NATIONALUM,EQ,5452882,2001883,36.71
20,1517,NAUKRI,EQ,122075,62015,50.80
20,1518,NAVA,EQ,331166,154531,46.66
20,1519,NAVINFLUOR,EQ,83812,31660,37.78
20,1520,NAVINIFTY,EQ,235,143,60.85
20,1521,NAVKARCORP,EQ,2181864,935320,42.87
20,1522,NAVNETEDUL,EQ,835756,333829,39.94
20,1523,NAZARA,EQ,728867,321213,44.07
20,1524,NBCC,EQ,8590640,3551783,41.34
20,1525,NCC,EQ,5092712,2585854,50.78
20,1526,NCLIND,EQ,154930,78645,50.76
20,1527,NDL,EQ,6082891,2822367,46.40
20,1528,NDLVENTURE,EQ,1084491,308042,28.40
20,1529,NDRAUTO,EQ,20652,10755,52.08
20,1530,NDTV,EQ,253117,155950,61.61
20,1531,NECLIFE,EQ,19565875,4406739,22.52
20,1532,NELCAST,EQ,64527,35341,54.77
20,1533,NELCO,EQ,375103,158524,42.26
20,1534,NEOGEN,EQ,37601,22399,59.57
20,1535,NEPHROCARE,SM,14400,12800,88.89
20,1536,NESCO,EQ,47531,27679,58.23
20,1537,NESTLEIND,EQ,1119296,743686,66.44
20,1538,NETF,EQ,1979,1606,81.15
20,1539,NETWEB,EQ,70468,34979,49.64
20,1540,NETWORK18,EQ,3442611,1030979,29.95
20,1541,NEULANDLAB,EQ,41669,30845,74.02
20,1542,NEWGEN,EQ,345698,263921,76.34
20,1543,NEWJAISA,SM,57000,40500,71.05
20,1544,NEXT50,EQ,8147,7191,88.27
20,1545,NEXT50IETF,EQ,417164,278500,66.76
20,1546,NFL,EQ,1739059,426986,24.55
20,1547,NGIL,EQ,41697,9981,23.94
20,1548,NGLFINE,EQ,22771,8636,37.93
20,1549,NH,EQ,379609,190375,50.15
20,1550,NHIT,IV,2000000,2000000,100.00
20,1551,NHPC,EQ,15914761,7484003,47.03
20,1552,NIACL,EQ,687608,240589,34.99
20,1553,NIBL,EQ,5819,3915,67.28
20,1554,NIDAN,SM,16000,13000,81.25
20,1555,NIDOZC26,N7,129,129,100.00
20,1556,NIF100BEES,EQ,9490,5681,59.86
20,1557,NIF100IETF,EQ,217259,132815,61.13
20,1558,NIF10GETF,EQ,6912,5910,85.50
20,1559,NIFITETF,EQ,504,412,81.75
20,1560,NIFMID150,EQ,714,537,75.21
20,1561,NIFTY1,EQ,17510,14250,81.38
20,1562,NIFTY50ADD,EQ,13178,6655,50.50
20,1563,NIFTYBEES,EQ,2636615,1947110,73.85
20,1564,NIFTYBETF,EQ,796,728,91.46
20,1565,NIFTYETF,EQ,220579,133864,60.69
20,1566,NIFTYIETF,EQ,101440,62601,61.71
20,1567,NIFTYQLITY,EQ,35908,33267,92.65
20,1568,NIITLTD,EQ,8609902,2788086,32.38
20,1569,NIITMTS,EQ,103511,44377,42.87
20,1570,NILAINFRA,EQ,1387007,703246,50.70
20,1571,NILKAMAL,EQ,17742,12385,69.81
20,1572,NINSYS,EQ,7118,4854,68.19
20,1573,NIPPOBATRY,EQ,16606,8192,49.33
20,1574,NIRAJ,EQ,227619,149503,65.68
20,1575,NIRMAN,ST,43800,35400,80.82
20,1576,NITCO,EQ,245959,162347,66.01
20,1577,NITINSPIN,EQ,77115,38823,50.34
20,1578,NITIRAJ,EQ,4844,3173,65.50
20,1579,NKIND,EQ,1685,1105,65.58
20,1580,NLCINDIA,EQ,3636334,1635835,44.99
20,1581,NMDC,EQ,6331145,3363363,53.12
20,1582,NOCIL,EQ,1138926,596435,52.37
20,1583,NORBTEAEXP,EQ,8476,7976,94.10
20,1584,NPBET,EQ,1346,937,69.61
20,1585,NPST,SM,8700,5300,60.92
20,1586,NRAIL,EQ,16181,13043,80.61
20,1587,NRBBEARING,EQ,143534,78975,55.02
20,1588,NRL,EQ,6906861,1877042,27.18
20,1589,NSIL,EQ,9372,3960,42.25
20,1590,NSLNISP,EQ,3146834,1423409,45.23
20,1591,NTPC,EQ,14246871,9665795,67.85
20,1592,NUCLEUS,EQ,31143,14425,46.32
20,1593,NURECA,EQ,627060,165752,26.43
20,1594,NUVAMA,EQ,71251,34899,48.98
20,1595,NUVOCO,EQ,420091,196674,46.82
20,1596,NV20,EQ,12031,6107,50.76
20,1597,NV20BEES,EQ,10431,7580,72.67
20,1598,NV20IETF,EQ,549131,336404,61.26
20,1599,NXST,RR,751484,729796,97.11
20,1600,NYKAA,EQ,16531497,7265686,43.95
20,1601,OAL,EQ,32450,18386,56.66
20,1602,OBCL,EQ,15346,9438,61.50
20,1603,OBEROIRLTY,EQ,517402,297871,57.57
20,1604,OFSS,EQ,140806,47734,33.90
20,1605,OIL,EQ,8018321,2958728,36.90
20,1606,OILIETF,EQ,666260,444743,66.75
20,1607,OLAELEC,EQ,88498741,26369295,29.80
20,1608,OLECTRA,EQ,257034,126321,49.15
20,1609,OLIL,ST,10800,9600,88.89
20,1610,OMAXAUTO,EQ,15555,11522,74.07
20,1611,OMFURN,SM,28800,26400,91.67
20,1612,ONDOOR,SM,5400,4200,77.78
20,1613,ONEPOINT,EQ,935266,459744,49.16
20,1614,ONGC,EQ,15571640,9236955,59.32
20,1615,ONMOBILE,EQ,381016,161418,42.37
20,1616,ONWARDTEC,EQ,51742,23280,44.99
20,1617,OPTIEMUS,EQ,140530,58858,41.88
20,1618,ORBTEXP,EQ,155830,70547,45.27
20,1619,ORCHPHARMA,EQ,111398,60542,54.35
20,1620,ORIANA,SM,49950,34500,69.07
20,1621,ORICONENT,EQ,437750,204727,46.77
20,1622,ORIENTBELL,EQ,8231,5064,61.52
20,1623,ORIENTCEM,EQ,5032644,1125625,22.37
20,1624,ORIENTCER,EQ,1705652,917344,53.78
20,1625,ORIENTELEC,EQ,208162,116933,56.17
20,1626,ORIENTHOT,EQ,266206,110941,41.67
20,1627,ORIENTLTD,EQ,8195,3549,43.31
20,1628,ORIENTPPR,EQ,784229,448898,57.24
20,1629,ORISSAMINE,EQ,13586,5128,37.74
20,1630,ORTINGLOBE,EQ,730605,297363,40.70
20,1631,OSWALGREEN,EQ,9396981,2782267,29.61
20,1632,OWAIS,SM,9600,9600,100.00
20,1633,PAGEIND,EQ,17009,10512,61.80
20,1634,PAISALO,EQ,1869750,1323488,70.78
20,1635,PAKKA,EQ,794142,324579,40.87
20,1636,PALASHSECU,EQ,6532,3656,55.97
20,1637,PANACEABIO,EQ,315365,169682,53.80
20,1638,PANAMAPET,EQ,104073,58841,56.54
20,1639,PAR,EQ,10221,6468,63.28
20,1640,PARACABLES,EQ,14720724,4628345,31.44
20,1641,PARADEEP,EQ,4025345,2037504,50.62
20,1642,PARAGMILK,EQ,356729,171943,48.20
20,1643,PARAGON,SM,28800,19200,66.67
20,1644,PARAMATRIX,ST,104400,104400,100.00
20,1645,PARKHOTELS,EQ,487155,404136,82.96
20,1646,PARTYCRUS,SM,10000,10000,100.00
20,1647,PASHUPATI,SM,2400,1600,66.67
20,1648,PASUPTAC,EQ,577365,307062,53.18
20,1649,PATANJALI,EQ,919392,476270,51.80
20,1650,PATELENG,EQ,5318506,2397061,45.07
20,1651,PATINTLOG,EQ,575070,348516,60.60
20,1652,PATTECH,SM,3000,3000,100.00
20,1653,PAVNAIND,EQ,6049,2920,48.27
20,1654,PAYTM,EQ,10080314,2778325,27.56
20,1655,PCBL,EQ,4260354,1993833,46.80
20,1656,PCCL,SM,15200,15200,100.00
20,1657,PCJEWELLER,EQ,9229361,4078506,44.19
20,1658,PDMJEPAPER,EQ,170938,92134,53.90
20,1659,PDSL,EQ,58964,34207,58.01
20,1660,PEARLPOLY,EQ,80098,47217,58.95
20,1661,PEL,EQ,866770,380095,43.85
20,1662,PENIND,EQ,1326500,659616,49.73
20,1663,PENINLAND,EQ,584803,401863,68.72
20,1664,PENTAGON,SM,17000,14000,82.35
20,1665,PERFECT,ST,12000,12000,100.00
20,1666,PERSISTENT,EQ,219198,108979,49.72
20,1667,PETRONET,EQ,1911120,965370,50.51
20,1668,PFC,EQ,8554799,3298784,38.56
20,1669,PFIZER,EQ,123739,111506,90.11
20,1670,PFS,EQ,2946819,1408565,47.80
20,1671,PGEL,EQ,1860013,954866,51.34
20,1672,PGHH,EQ,11022,8782,79.68
20,1673,PGHL,EQ,2936,1643,55.96
20,1674,PGIL,EQ,113624,71424,62.86
20,1675,PGINVIT,IV,1215422,1132173,93.15
20,1676,PHANTOMFX,SM,61200,45000,73.53
20,1677,PHARMABEES,EQ,3714746,2919551,78.59
20,1678,PHOENIXLTD,EQ,393575,336175,85.42
20,1679,PIDILITIND,EQ,587224,418570,71.28
20,1680,PIIND,EQ,149739,93404,62.38
20,1681,PILANIINVS,EQ,4782,2787,58.28
20,1682,PILITA,EQ,818995,372084,45.43
20,1683,PIONEEREMB,EQ,221542,110522,49.89
20,1684,PITTIENG,EQ,36280,18501,51.00
20,1685,PIXTRANS,EQ,132719,65583,49.41
20,1686,PLADAINFO,SM,6000,6000,100.00
20,1687,PLATIND,EQ,655820,292211,44.56
20,1688,PLAZACABLE,EQ,74331,42299,56.91
20,1689,PNB,EQ,18290375,8306254,45.41
20,1690,PNBGILTS,EQ,289556,101717,35.13
20,1691,PNBHOUSING,EQ,5785079,1480442,25.59
20,1692,PNC,EQ,25384,16585,65.34
20,1693,PNCINFRA,EQ,325877,184067,56.48
20,1694,POCL,EQ,338953,167801,49.51
20,1695,PODDARMENT,EQ,6258,4747,75.85
20,1696,POKARNA,EQ,185351,52720,28.44
20,1697,POLICYBZR,EQ,759833,506508,66.66
20,1698,POLYCAB,EQ,700511,334247,47.71
20,1699,POLYMED,EQ,213628,100571,47.08
20,1700,POLYPLEX,EQ,226429,112542,49.70
20,1701,POLYSIL,SM,16000,14000,87.50
20,1702,PONNIERODE,EQ,35142,12097,34.42
20,1703,POONAWALLA,EQ,1393848,560346,40.20
20,1704,POSITRON,SM,105000,57600,54.86
20,1705,POWERGRID,EQ,13912371,9950045,71.52
20,1706,POWERINDIA,EQ,40074,20372,50.84
20,1707,POWERMECH,EQ,37944,19385,51.09
20,1708,PPAP,EQ,17379,6519,37.51
20,1709,PPL,EQ,331361,99441,30.01
20,1710,PPLPHARMA,EQ,35402343,5910398,16.69
20,1711,PPSL,SM,210000,78000,37.14
20,1712,PRAJIND,EQ,873029,223642,25.62
20,1713,PRAKASH,EQ,1044120,475337,45.53
20,1714,PRAMARA,SM,38000,36000,94.74
20,1715,PRATHAM,SM,11200,9600,85.71
20,1716,PRECAM,EQ,234310,113698,48.52
20,1717,PRECISION,SM,8000,8000,100.00
20,1718,PRECWIRE,EQ,1950874,549048,28.14
20,1719,PREMIERENE,EQ,36818046,7767799,21.10
20,1720,PREMIERPOL,EQ,20540,12254,59.66
20,1721,PRESSTONIC,SM,26400,17600,66.67
20,1722,PRESTIGE,EQ,1972935,1064824,53.97
20,1723,PRICOLLTD,EQ,227469,119637,52.59
20,1724,PRIMESECU,EQ,80374,44957,55.93
20,1725,PRINCEPIPE,EQ,230832,155266,67.26
20,1726,PRITI,EQ,84793,27883,32.88
20,1727,PRITIKA,SM,480000,166000,34.58
20,1728,PRITIKAUTO,EQ,1250808,568568,45.46
20,1729,PRIVISCL,EQ,130085,47213,36.29
20,1730,PRIZOR,SM,33600,27200,80.95
20,1731,PRLIND,SM,58000,36000,62.07
20,1732,PROLIFE,SM,3000,2500,83.33
20,1733,PROPEQUITY,SM,2400,2400,100.00
20,1734,PROV,SM,320,320,100.00
20,1735,PROZONER,EQ,349431,170349,48.75
20,1736,PRSMJOHNSN,EQ,2939750,652353,22.19
20,1737,PRUDENT,EQ,87858,64572,73.50
20,1738,PRUDMOULI,EQ,54044,39871,73.78
20,1739,PSB,EQ,861853,333486,38.69
20,1740,PSPPROJECT,EQ,15533,8512,54.80
20,1741,PSUBANK,EQ,28133,16775,59.63
20,1742,PSUBANKADD,EQ,9824,6919,70.43
20,1743,PSUBNKBEES,EQ,963717,345272,35.83
20,1744,PSUBNKIETF,EQ,82509,43090,52.22
20,1745,PTC,EQ,2120389,910629,42.95
20,1746,PTL,EQ,92739,56823,61.27
20,1747,PULZ,SM,127000,126000,99.21
20,1748,PUNJABCHEM,EQ,5596,3242,57.93
20,1749,PURVFLEXI,SM,9600,9600,100.00
20,1750,PVRINOX,EQ,1530650,631313,41.24
20,1751,PVSL,EQ,46671,27810,59.59
20,1752,PVTBANIETF,EQ,704414,499332,70.89
20,1753,PVTBANKADD,EQ,97159,75099,77.29
20,1754,PYRAMID,EQ,144172,82685,57.35
20,1755,QGOLDHALF,EQ,20819,19874,95.46
20,1756,QMSMEDI,SM,9000,8000,88.89
20,1757,QNIFTY,EQ,748,709,94.79
20,1758,QUAL30IETF,EQ,1032714,979141,94.81
20,1759,QUESS,EQ,1241940,350826,28.25
20,1760,QUESTLAB,SM,13200,13200,100.00
20,1761,QUICKHEAL,EQ,456392,172204,37.73
20,1762,QUICKTOUCH,SM,13500,12000,88.89
20,1763,QVCEL,ST,8000,8000,100.00
20,1764,RACE,EQ,324044,107467,33.16
20,1765,RADHIKAJWE,EQ,4076948,1352161,33.17
20,1766,RADIANTCMS,EQ,339182,246390,72.64
20,1767,RADICO,EQ,256850,90828,35.36
20,1768,RADIOCITY,EQ,504432,275107,54.54
20,1769,RADIOCITY,P1,1645,1645,100.00
20,1770,RADIOWALLA,SM,22400,22400,100.00
20,1771,RAILTEL,EQ,1260046,399977,31.74
20,1772,RAIN,EQ,1843515,803561,43.59
20,1773,RAINBOW,EQ,115916,59910,51.68
20,1774,RAJESHEXPO,EQ,579760,268334,46.28
20,1775,RAJINDLTD,SM,117000,78000,66.67
20,1776,RAJMET,EQ,1442579,799606,55.43
20,1777,RAJRATAN,EQ,54233,25724,47.43
20,1778,RAJSREESUG,EQ,76663,26422,34.47
20,1779,RALLIS,EQ,431358,152270,35.30
20,1780,RAMANEWS,EQ,185383,95732,51.64
20,1781,RAMAPHO,EQ,50836,31204,61.38
20,1782,RAMASTEEL,EQ,404376437,97301003,24.06
20,1783,RAMCOCEM,EQ,1467926,891849,60.76
20,1784,RAMCOIND,EQ,744026,362004,48.65
20,1785,RAMCOSYS,EQ,210007,98235,46.78
20,1786,RAMKY,EQ,137093,76371,55.71
20,1787,RAMRAT,EQ,278211,63747,22.91
20,1788,RANASUG,EQ,351479,178980,50.92
20,1789,RANEHOLDIN,EQ,167556,63984,38.19
20,1790,RATEGAIN,EQ,680979,519285,76.26
20,1791,RATNAMANI,EQ,16398,9438,57.56
20,1792,RAYMOND,EQ,976927,248594,25.45
20,1793,RBA,EQ,6785338,2678995,39.48
20,1794,RBL,EQ,92804,18550,19.99
20,1795,RBLBANK,EQ,4018737,1806711,44.96
20,1796,RBMINFRA,SM,32400,22200,68.52
20,1797,RBS,SM,3200,3200,100.00
20,1798,RCDL,SM,51000,45000,88.24
20,1799,RCF,EQ,2350834,644545,27.42
20,1800,RECLTD,EQ,7738087,3625052,46.85
20,1801,REDINGTON,EQ,343233,200184,58.32
20,1802,REDTAPE,EQ,47514,26749,56.30
20,1803,REFEX,EQ,4263023,1237250,29.02
20,1804,REFRACTORY,ST,20000,20000,100.00
20,1805,RELAXO,EQ,59221,33402,56.40
20,1806,RELCHEMQ,EQ,14080,8426,59.84
20,1807,RELIANCE,EQ,8132084,4897259,60.22
20,1808,RELIGARE,EQ,2530132,1304908,51.57
20,1809,RELINFRA,EQ,7286176,2397009,32.90
20,1810,RELTD,EQ,619495,504874,81.50
20,1811,REMSONSIND,EQ,10972,7312,66.64
20,1812,REMUS,SM,2700,2100,77.78
20,1813,RENUKA,EQ,6516477,2044355,31.37
20,1814,REPCOHOME,EQ,164544,90273,54.86
20,1815,REPL,EQ,43498,24462,56.24
20,1816,REPRO,EQ,6295,3873,61.53
20,1817,RESPONIND,EQ,625901,249762,39.90
20,1818,REXPIPES,SM,10000,10000,100.00
20,1819,RGL,EQ,577666,294329,50.95
20,1820,RHFL,EQ,515975,515975,100.00
20,1821,RHIM,EQ,156802,88530,56.46
20,1822,RICOAUTO,EQ,2122138,856304,40.35
20,1823,RIIL,EQ,73613,23106,31.39
20,1824,RILINFRA,ST,50100,46200,92.22
20,1825,RISHABH,EQ,67486,39231,58.13
20,1826,RITCO,EQ,27704,12159,43.89
20,1827,RITES,EQ,3457002,993536,28.74
20,1828,RITEZONE,SM,6400,6400,100.00
20,1829,RKFORGE,EQ,933258,446386,47.83
20,1830,RKSWAMY,EQ,422357,228798,54.17
20,1831,RMDRIP,SM,38000,29000,76.32
20,1832,RML,EQ,131989,51490,39.01
20,1833,RNFI,SM,60000,46800,78.00
20,1834,ROCKINGDCE,SM,18250,2250,12.33
20,1835,ROHLTD,EQ,23510,13877,59.03
20,1836,ROLEXRINGS,EQ,23972,6700,27.95
20,1837,ROML,EQ,88669,15459,17.43
20,1838,ROSSARI,EQ,60228,31599,52.47
20,1839,ROSSELLIND,EQ,73994,42199,57.03
20,1840,ROTO,EQ,98872,43127,43.62
20,1841,ROUTE,EQ,219742,106158,48.31
20,1842,ROXHITECH,SM,73600,54400,73.91
20,1843,RPEL,EQ,12234,6543,53.48
20,1844,RPGLIFE,EQ,41364,21251,51.38
20,1845,RPOWER,EQ,54357242,26001078,47.83
20,1846,RPPL,EQ,152215,88345,58.04
20,1847,RPSGVENT,EQ,214420,110649,51.60
20,1848,RPTECH,EQ,105920,45841,43.28
20,1849,RRKABEL,EQ,92181,53858,58.43
20,1850,RSWM,EQ,590465,171443,29.04
20,1851,RSYSTEMS,EQ,125017,68500,54.79
20,1852,RTNINDIA,EQ,38349518,22229706,57.97
20,1853,RUBFILA,EQ,207163,118372,57.14
20,1854,RUBYMILLS,EQ,212869,91019,42.76
20,1855,RUCHIRA,EQ,89374,52219,58.43
20,1856,RULKA,ST,11400,10800,94.74
20,1857,RUPA,EQ,180235,85575,47.48
20,1858,RUSHIL,EQ,535657,328783,61.38
20,1859,RUSTOMJEE,EQ,66163,35420,53.53
20,1860,RVNL,EQ,7030270,2461181,35.01
20,1861,SAAKSHI,ST,24600,22200,90.24
20,1862,SABAR,SM,425000,350000,82.35
20,1863,SADBHAV,EQ,866649,696213,80.33
20,1864,SADHAV,SM,32400,21600,66.67
20,1865,SADHNANIQ,EQ,235742,135280,57.38
20,1866,SAFARI,EQ,45989,22925,49.85
20,1867,SAGCEM,EQ,129220,90695,70.19
20,1868,SAH,EQ,485262,189959,39.15
20,1869,SAHAJ,SM,4000,4000,100.00
20,1870,SAHAJSOLAR,SM,81600,53600,65.69
20,1871,SAHANA,SM,4750,4000,84.21
20,1872,SAHYADRI,EQ,18617,14636,78.62
20,1873,SAIFL,SM,38400,23200,60.42
20,1874,SAIL,EQ,8679395,2580753,29.73
20,1875,SAKAR,EQ,12029,9187,76.37
20,1876,SAKHTISUG,EQ,280525,156176,55.67
20,1877,SAKSOFT,EQ,161082,102238,63.47
20,1878,SALASAR,EQ,40019250,19133386,47.81
20,1879,SALONA,EQ,1832,1255,68.50
20,1880,SALSTEEL,EQ,356802,194844,54.61
20,1881,SALZERELEC,EQ,65026,28760,44.23
20,1882,SAMBHAAV,EQ,233009,158808,68.16
20,1883,SAMHI,EQ,1921521,1126523,58.63
20,1884,SAMMAANCAP,EQ,8182127,3412835,41.71
20,1885,SANDESH,EQ,4687,2216,47.28
20,1886,SANDHAR,EQ,192541,77369,40.18
20,1887,SANDUMA,EQ,142402,85787,60.24
20,1888,SANGAMIND,EQ,20116,12255,60.92
20,1889,SANGANI,SM,9000,6000,66.67
20,1890,SANGHIIND,EQ,380999,216158,56.73
20,1891,SANGHVIMOV,EQ,261207,116237,44.50
20,1892,SANGINITA,EQ,116974,104808,89.60
20,1893,SANOFI,EQ,26081,12946,49.64
20,1894,SANSERA,EQ,156176,90407,57.89
20,1895,SANSTAR,EQ,7020886,2181093,31.07
20,1896,SAPPHIRE,EQ,2582229,632381,24.49
20,1897,SARDAEN,EQ,739798,365811,49.45
20,1898,SAREGAMA,EQ,129951,68026,52.35
20,1899,SAROJA,SM,86400,40000,46.30
20,1900,SARTELE,SM,149000,132000,88.59
20,1901,SARVESHWAR,EQ,3456061,2105473,60.92
20,1902,SASKEN,EQ,9822,5784,58.89
20,1903,SASTASUNDR,EQ,39548,19395,49.04
20,1904,SATECH,SM,76000,60000,78.95
20,1905,SATIA,EQ,601946,371757,61.76
20,1906,SATIN,EQ,217758,152200,69.89
20,1907,SATINDLTD,EQ,5267445,2051216,38.94
20,1908,SATIPOLY,SM,75000,62000,82.67
20,1909,SAURASHCEM,EQ,370290,228108,61.60
20,1910,SBC,EQ,33479062,11352021,33.91
20,1911,SBCL,EQ,57101,29826,52.23
20,1912,SBFC,EQ,2294139,1098517,47.88
20,1913,SBGLP,EQ,58894,30787,52.28
20,1914,SBICARD,EQ,1582345,676630,42.76
20,1915,SBIETFCON,EQ,9547,5474,57.34
20,1916,SBIETFIT,EQ,9491,5754,60.63
20,1917,SBIETFPB,EQ,7387,5134,69.50
20,1918,SBIETFQLTY,EQ,2607,2285,87.65
20,1919,SBILIFE,EQ,947097,550560,58.13
20,1920,SBIN,EQ,8395074,3868041,46.08
20,1921,SBIN,T0,1,1,100.00
20,1922,SBINEQWETF,EQ,36416,35455,97.36
20,1923,SBISILVER,EQ,156390,112022,71.63
20,1924,SCHAEFFLER,EQ,119280,63278,53.05
20,1925,SCHAND,EQ,123597,75308,60.93
20,1926,SCHNEIDER,EQ,139396,87431,62.72
20,1927,SCI,EQ,1207063,576638,47.77
20,1928,SCILAL,EQ,775505,374835,48.33
20,1929,SCML,SM,8000,6000,75.00
20,1930,SCPL,EQ,11192,5467,48.85
20,1931,SDBL,EQ,1331221,494173,37.12
20,1932,SDL24BEES,EQ,2955,2645,89.51
20,1933,SDL26BEES,EQ,2086,985,47.22
20,1934,SEAMECLTD,EQ,23192,10250,44.20
20,1935,SECMARK,EQ,4856,2407,49.57
20,1936,SECURKLOUD,EQ,40476,28684,70.87
20,1937,SEL,SM,2000,1600,80.00
20,1938,SELAN,EQ,92746,44682,48.18
20,1939,SENCO,EQ,262828,108718,41.36
20,1940,SENSEXADD,EQ,2606,1900,72.91
20,1941,SENSEXETF,EQ,2740,2330,85.04
20,1942,SENSEXIETF,EQ,2680,1818,67.84
20,1943,SEPC,EQ,190459793,58814436,30.88
20,1944,SEQUENT,EQ,7879139,2309599,29.31
20,1945,SERVICE,SM,52000,44000,84.62
20,1946,SERVOTECH,EQ,2238257,934854,41.77
20,1947,SESHAPAPER,EQ,21922,12600,57.48
20,1948,SETF10GILT,EQ,2994,2964,99.00
20,1949,SETFGOLD,EQ,1325762,1044195,78.76
20,1950,SETFNIF50,EQ,481903,450509,93.49
20,1951,SETFNIFBK,EQ,17474,6354,36.36
20,1952,SETFNN50,EQ,28455,19910,69.97
20,1953,SFL,EQ,159862,78461,49.08
20,1954,SFLZC25A,ZK,102,56,54.90
20,1955,SFLZC26A,ZC,234,192,82.05
20,1956,SGBAPR28I,GB,156,135,86.54
20,1957,SGBAUG27,GB,43,31,72.09
20,1958,SGBAUG28V,GB,777,469,60.36
20,1959,SGBAUG29V,GB,72,62,86.11
20,1960,SGBAUG30,GB,156,119,76.28
20,1961,SGBD29VIII,GB,53,39,73.58
20,1962,SGBDC27VII,GB,5,5,100.00
20,1963,SGBDE30III,GB,67,50,74.63
20,1964,SGBDE31III,GB,547,345,63.07
20,1965,SGBDEC2513,GB,5,4,80.00
20,1966,SGBDEC26,GB,1,1,100.00
20,1967,SGBFEB28IX,GB,10,10,100.00
20,1968,SGBFEB29XI,GB,63,62,98.41
20,1969,SGBFEB32IV,GB,1100,841,76.45
20,1970,SGBJAN27,GB,23,23,100.00
20,1971,SGBJAN29IX,GB,138,124,89.86
20,1972,SGBJAN29X,GB,27,23,85.19
20,1973,SGBJAN30IX,GB,176,162,92.05
20,1974,SGBJU29III,GB,96,64,66.67
20,1975,SGBJUL25,GB,54,54,100.00
20,1976,SGBJUL28IV,GB,248,167,67.34
20,1977,SGBJUL29IV,GB,112,104,92.86
20,1978,SGBJUN27,GB,8,8,100.00
20,1979,SGBJUN28,GB,18,12,66.67
20,1980,SGBJUN29II,GB,78,77,98.72
20,1981,SGBJUN30,GB,68,50,73.53
20,1982,SGBJUN31I,GB,648,483,74.54
20,1983,SGBMAR25,GB,64,41,64.06
20,1984,SGBMAR28X,GB,129,129,100.00
20,1985,SGBMAR30X,GB,33,28,84.85
20,1986,SGBMAR31IV,GB,78,55,70.51
20,1987,SGBMAY25,GB,85,40,47.06
20,1988,SGBMAY26,GB,39,39,100.00
20,1989,SGBMAY28,GB,819,796,97.19
20,1990,SGBMAY29I,GB,367,263,71.66
20,1991,SGBMR29XII,GB,283,223,78.80
20,1992,SGBN28VIII,GB,355,303,85.35
20,1993,SGBNOV24,GB,46,42,91.30
20,1994,SGBNV29VII,GB,121,93,76.86
20,1995,SGBOC28VII,GB,47,32,68.09
20,1996,SGBOCT25V,GB,3,3,100.00
20,1997,SGBOCT26,GB,14,14,100.00
20,1998,SGBOCT27VI,GB,3,3,100.00
20,1999,SGBSEP24,GB,332,290,87.35
20,2000,SGBSEP28VI,GB,166,116,69.88
20,2001,SGBSEP29VI,GB,202,172,85.15
20,2002,SGBSEP31II,GB,312,226,72.44
20,2003,SGIL,EQ,24955,13607,54.53
20,2004,SHAHALLOYS,EQ,24457,17202,70.34
20,2005,SHAILY,EQ,102329,71170,69.55
20,2006,SHALBY,EQ,223463,94118,42.12
20,2007,SHALPAINTS,EQ,523147,320338,61.23
20,2008,SHANKARA,EQ,135451,81973,60.52
20,2009,SHANTHALA,SM,4800,3600,75.00
20,2010,SHANTI,EQ,37837,20106,53.14
20,2011,SHANTIGEAR,EQ,84330,40902,48.50
20,2012,SHARDACROP,EQ,146550,80643,55.03
20,2013,SHARDAMOTR,EQ,11050,6234,56.42
20,2014,SHAREINDIA,EQ,654855,383795,58.61
20,2015,SHAREINDIA,W1,1900,1700,89.47
20,2016,SHARIABEES,EQ,3056,2154,70.48
20,2017,SHEETAL,SM,60000,46000,76.67
20,2018,SHEMAROO,EQ,1015779,275173,27.09
20,2019,SHERA,SM,40000,28000,70.00
20,2020,SHIGAN,SM,3000,3000,100.00
20,2021,SHILPAMED,EQ,633469,216622,34.20
20,2022,SHIVALIK,EQ,24708,10382,42.02
20,2023,SHIVAMILLS,EQ,13509,7183,53.17
20,2024,SHIVATEX,EQ,9560,5543,57.98
20,2025,SHK,EQ,728503,465606,63.91
20,2026,SHOPERSTOP,EQ,180581,38209,21.16
20,2027,SHREDIGCEM,EQ,399973,221970,55.50
20,2028,SHREECEM,EQ,45730,24225,52.97
20,2029,SHREEKARNI,ST,16800,16800,100.00
20,2030,SHREEOSFM,SM,47000,26000,55.32
20,2031,SHREYANIND,EQ,7247,3949,54.49
20,2032,SHREYAS,EQ,38589,19437,50.37
20,2033,SHRIPISTON,EQ,245986,89650,36.45
20,2034,SHRIRAMFIN,EQ,673660,328801,48.81
20,2035,SHRIRAMPPS,EQ,8096171,2974847,36.74
20,2036,SHRITECH,SM,32000,16000,50.00
20,2037,SHUBHLAXMI,SM,3000,2000,66.67
20,2038,SHYAMCENT,EQ,1362258,831251,61.02
20,2039,SHYAMMETL,EQ,842067,379799,45.10
20,2040,SIDDHIKA,SM,3000,3000,100.00
20,2041,SIEMENS,EQ,217393,129347,59.50
20,2042,SIGACHI,EQ,1455886,881960,60.58
20,2043,SIGIND,EQ,29735,16568,55.72
20,2044,SIGMA,EQ,4879,3459,70.90
20,2045,SIGNATURE,EQ,850723,372542,43.79
20,2046,SIGNORIA,SM,2000,2000,100.00
20,2047,SIGNPOST,EQ,51184,25375,49.58
20,2048,SILGO,EQ,416270,189465,45.51
20,2049,SILINV,EQ,3233,1650,51.04
20,2050,SILKFLEX,SM,18000,12000,66.67
20,2051,SILVER,EQ,94189,72066,76.51
20,2052,SILVER1,EQ,57380,36344,63.34
20,2053,SILVERADD,EQ,24674,18038,73.11
20,2054,SILVERBEES,EQ,4484316,3026684,67.49
20,2055,SILVERETF,EQ,136787,107830,78.83
20,2056,SILVERIETF,EQ,1090606,848485,77.80
20,2057,SILVERTUC,EQ,18611,3133,16.83
20,2058,SILVRETF,EQ,6264,5260,83.97
20,2059,SIMPLEXINF,EQ,201434,169112,83.95
20,2060,SINCLAIR,EQ,62316,34231,54.93
20,2061,SINDHUTRAD,EQ,4083842,1968703,48.21
20,2062,SINTERCOM,EQ,18431,11141,60.45
20,2063,SIRCA,EQ,698730,243589,34.86
20,2064,SIS,EQ,93330,59190,63.42
20,2065,SIYSIL,EQ,30036,18997,63.25
20,2066,SJLOGISTIC,SM,63000,52000,82.54
20,2067,SJS,EQ,28839,14281,49.52
20,2068,SJVN,EQ,5039825,2161109,42.88
20,2069,SKFINDIA,EQ,25684,16005,62.32
20,2070,SKIPPER,EQ,678257,222866,32.86
20,2071,SKIPPERPP,E1,727,546,75.10
20,2072,SKMEGGPROD,EQ,318708,110157,34.56
20,2073,SKP,SM,19500,17500,89.74
20,2074,SLONE,ST,30400,27200,89.47
20,2075,SMALLCAP,EQ,561397,494849,88.15
20,2076,SMARTLINK,EQ,15794,11091,70.22
20,2077,SMCGLOBAL,EQ,554935,317608,57.23
20,2078,SMLISUZU,EQ,17345,11270,64.98
20,2079,SMLT,EQ,14853,8856,59.62
20,2080,SMSPHARMA,EQ,1193637,159463,13.36
20,2081,SNOWMAN,EQ,1803033,619422,34.35
20,2082,SOBHA,EQ,77000,35279,45.82
20,2083,SOBHAPP,E1,1486,1344,90.44
20,2084,SOFTTECH,EQ,4063,2501,61.56
20,2085,SOLARAPP,X1,16386,13478,82.25
20,2086,SOLARINDS,EQ,40228,25712,63.92
20,2087,SOLEX,SM,21600,10200,47.22
20,2088,SOMANYCERA,EQ,22055,12856,58.29
20,2089,SOMATEX,EQ,128946,11737,9.10
20,2090,SONACOMS,EQ,5450342,2450861,44.97
20,2091,SONAMAC,SM,292000,176000,60.27
20,2092,SONAMLTD,EQ,72955,41708,57.17
20,2093,SONATSOFTW,EQ,552171,254310,46.06
20,2094,SONUINFRA,ST,12000,12000,100.00
20,2095,SOTAC,ST,1200,1200,100.00
20,2096,SOTL,EQ,132159,74183,56.13
20,2097,SOUTHBANK,EQ,7580778,3775573,49.80
20,2098,SPAL,EQ,13939,6137,44.03
20,2099,SPANDANA,EQ,112238,62869,56.01
20,2100,SPARC,EQ,409558,171423,41.86
20,2101,SPCENET,EQ,4337033,2450739,56.51
20,2102,SPCL,SM,112800,78000,69.15
20,2103,SPECIALITY,EQ,159015,92344,58.07
20,2104,SPECTRUM,SM,875,625,71.43
20,2105,SPECTSTM,SM,28800,20000,69.44
20,2106,SPENCERS,EQ,800373,331963,41.48
20,2107,SPIC,EQ,2369262,684825,28.90
20,2108,SPLIL,EQ,52133,32852,63.02
20,2109,SPLPETRO,EQ,165895,83109,50.10
20,2110,SPORTKING,EQ,63588,26070,41.00
20,2111,SPRL,ST,800,800,100.00
20,2112,SREEL,EQ,66998,40706,60.76
20,2113,SRF,EQ,699368,381845,54.60
20,2114,SRGHFL,EQ,2769,1948,70.35
20,2115,SRHHYPOLTD,EQ,15999,10035,62.72
20,2116,SRIVASAVI,SM,12000,11000,91.67
20,2117,SRPL,EQ,1114281,912390,81.88
20,2118,SSDL,EQ,716851,193860,27.04
20,2119,SSEGL,SM,657000,351000,53.42
20,2120,SSFL,SM,19000,10500,55.26
20,2121,SSWL,EQ,279311,142359,50.97
20,2122,STANLEY,EQ,69146,37803,54.67
20,2123,STAR,EQ,376989,266032,70.57
20,2124,STARCEMENT,EQ,324017,154933,47.82
20,2125,STARHEALTH,EQ,1972557,1537415,77.94
20,2126,STARPAPER,EQ,17275,8923,51.65
20,2127,STCINDIA,EQ,87894,22978,26.14
20,2128,STEELCAS,EQ,359907,90953,25.27
20,2129,STEELCITY,EQ,57032,28000,49.10
20,2130,STEELXIND,EQ,3137156,1696364,54.07
20,2131,STERTOOLS,EQ,101155,62995,62.28
20,2132,STLTECH,EQ,2206175,1168106,52.95
20,2133,STOVEKRAFT,EQ,74778,28694,38.37
20,2134,STYLAMIND,EQ,23791,14835,62.36
20,2135,STYRENIX,EQ,40710,29362,72.12
20,2136,SUBEXLTD,EQ,4436173,1743473,39.30
20,2137,SUBROS,EQ,152264,51465,33.80
20,2138,SUDARSCHEM,EQ,208765,109074,52.25
20,2139,SUKHJITS,EQ,44214,30613,69.24
20,2140,SULA,EQ,363725,192408,52.90
20,2141,SUMICHEM,EQ,442790,214009,48.33
20,2142,SUMMITSEC,EQ,10888,4515,41.47
20,2143,SUNCLAY,EQ,47091,33180,70.46
20,2144,SUNDARMFIN,EQ,87355,37967,43.46
20,2145,SUNDARMHLD,EQ,181030,112057,61.90
20,2146,SUNDRMFAST,EQ,80262,41993,52.32
20,2147,SUNFLAG,EQ,251053,148142,59.01
20,2148,SUNLITE,SM,73200,58800,80.33
20,2149,SUNPHARMA,EQ,1902919,1256753,66.04
20,2150,SUNTECK,EQ,2552743,499378,19.56
20,2151,SUNTV,EQ,621788,301951,48.56
20,2152,SUPERHOUSE,EQ,16148,10972,67.95
20,2153,SUPERSPIN,EQ,112551,73831,65.60
20,2154,SUPRAJIT,EQ,244337,131627,53.87
20,2155,SUPREMEIND,EQ,79915,53179,66.54
20,2156,SUPREMEPWR,ST,70000,63000,90.00
20,2157,SUPRIYA,EQ,778229,325042,41.77
20,2158,SURAJLTD,EQ,3074,2309,75.11
20,2159,SURANASOL,EQ,1063296,735034,69.13
20,2160,SURANI,SM,800,800,100.00
20,2161,SURYALAXMI,EQ,88939,52297,58.80
20,2162,SURYAROSNI,EQ,185030,90616,48.97
20,2163,SURYODAY,EQ,239739,156486,65.27
20,2164,SUTLEJTEX,EQ,221662,99530,44.90
20,2165,SUVEN,EQ,705755,337406,47.81
20,2166,SUVENPHAR,EQ,265555,148536,55.93
20,2167,SUVIDHAA,EQ,310422,171316,55.19
20,2168,SUYOG,EQ,52137,30885,59.24
20,2169,SUZLON,EQ,56483144,30947785,54.79
20,2170,SVPGLOB,EQ,153357,94310,61.50
20,2171,SWANENERGY,EQ,1108431,516947,46.64
20,2172,SWARAJ,SM,18000,13000,72.22
20,2173,SWARAJENG,EQ,20990,11073,52.75
20,2174,SWASTIK,SM,3600,2400,66.67
20,2175,SWELECTES,EQ,1480404,227906,15.39
20,2176,SWSOLAR,EQ,1437956,965371,67.13
20,2177,SYLVANPLY,SM,42000,36000,85.71
20,2178,SYMPHONY,EQ,70759,37151,52.50
20,2179,SYNCOMF,EQ,26544220,8985581,33.85
20,2180,SYNGENE,EQ,4001718,1177037,29.41
20,2181,SYNOPTICS,SM,12600,9600,76.19
20,2182,SYRMA,EQ,159666,87332,54.70
20,2183,SYSTANGO,SM,62000,46800,75.48
20,2184,TAC,SM,20400,16800,82.35
20,2185,TAJGVK,EQ,109868,52890,48.14
20,2186,TAKE,EQ,105811,74625,70.53
20,2187,TALBROAUTO,EQ,105520,53745,50.93
20,2188,TANLA,EQ,418851,181625,43.36
20,2189,TARACHAND,EQ,14831,8558,57.70
20,2190,TARSONS,EQ,92899,23980,25.81
20,2191,TASTYBITE,EQ,12288,4415,35.93
20,2192,TATACHEM,EQ,1278880,636696,49.79
20,2193,TATACOMM,EQ,216620,78456,36.22
20,2194,TATACONSUM,EQ,1062421,545630,51.36
20,2195,TATAELXSI,EQ,137503,52380,38.09
20,2196,TATAGOLD,EQ,2116235,1468530,69.39
20,2197,TATAINVEST,EQ,61442,25579,41.63
20,2198,TATAMOTORS,EQ,7900593,3416261,43.24
20,2199,TATAPOWER,EQ,8167304,3873287,47.42
20,2200,TATASTEEL,EQ,28347324,13759860,48.54
20,2201,TATATECH,EQ,4763630,2162190,45.39
20,2202,TATSILV,EQ,960832,853810,88.86
20,2203,TATVA,EQ,40651,25400,62.48
20,2204,TBI,ST,42000,40800,97.14
20,2205,TBOTEK,EQ,66980,29557,44.13
20,2206,TBZ,EQ,2013722,539449,26.79
20,2207,TCHF30,NB,395,230,58.23
20,2208,TCI,EQ,25069,11506,45.90
20,2209,TCIEXP,EQ,58398,33414,57.22
20,2210,TCL,SM,114400,69600,60.84
20,2211,TCPLPACK,EQ,16989,8381,49.33
20,2212,TCS,EQ,1688793,1126276,66.69
20,2213,TDPOWERSYS,EQ,216760,95814,44.20
20,2214,TEAMLEASE,EQ,76593,63601,83.04
20,2215,TECH,EQ,17206,14281,83.00
20,2216,TECHLABS,ST,44500,44500,100.00
20,2217,TECHM,EQ,1080904,634280,58.68
20,2218,TEGA,EQ,29544,14471,48.98
20,2219,TEJASNET,EQ,292167,183429,62.78
20,2220,TEMBO,EQ,508546,212818,41.85
20,2221,TEXINFRA,EQ,1395975,620594,44.46
20,2222,TEXMOPIPES,EQ,68060,40164,59.01
20,2223,TEXRAIL,EQ,2294399,1195642,52.11
20,2224,TFCILTD,EQ,1035914,574370,55.45
20,2225,TGBHOTELS,EQ,253437,171308,67.59
20,2226,TGL,ST,13200,13200,100.00
20,2227,THANGAMAYL,EQ,600912,439039,73.06
20,2228,THEJO,EQ,8843,5104,57.72
20,2229,THEMISMED,EQ,53983,23137,42.86
20,2230,THERMAX,EQ,60163,39174,65.11
20,2231,THOMASCOOK,EQ,1058910,680609,64.27
20,2232,THYROCARE,EQ,58369,31059,53.21
20,2233,TI,EQ,6583558,1756652,26.68
20,2234,TIDEWATER,EQ,15331,7680,50.09
20,2235,TIIL,EQ,12963,6285,48.48
20,2236,TIINDIA,EQ,538640,482506,89.58
20,2237,TIMESCAN,SM,56000,52000,92.86
20,2238,TIMESGTY,EQ,2442,2006,82.15
20,2239,TIMETECHNO,EQ,2210471,744464,33.68
20,2240,TIMKEN,EQ,36463,18785,51.52
20,2241,TIPSFILMS,EQ,4845,2973,61.36
20,2242,TIPSINDLTD,EQ,254647,138413,54.35
20,2243,TIRUMALCHM,EQ,205518,95994,46.71
20,2244,TIRUPATI,SM,13750,13500,98.18
20,2245,TITAGARH,EQ,359853,134633,37.41
20,2246,TITAN,EQ,3437885,1486339,43.23
20,2247,TMB,EQ,116511,61120,52.46
20,2248,TNIDETF,EQ,295171,279828,94.80
20,2249,TNPETRO,EQ,370110,161879,43.74
20,2250,TNPL,EQ,122376,77925,63.68
20,2251,TOP100CASE,EQ,98039,59747,60.94
20,2252,TORNTPHARM,EQ,182585,93729,51.33
20,2253,TORNTPOWER,EQ,525716,261089,49.66
20,2254,TRACXN,EQ,2612143,867964,33.23
20,2255,TRANSTEEL,SM,58000,38000,65.52
20,2256,TRANSWIND,ST,4000,4000,100.00
20,2257,TREEHOUSE,EQ,39926,30452,76.27
20,2258,TREJHARA,EQ,41481,28856,69.56
20,2259,TREL,EQ,388034,159295,41.05
20,2260,TRENT,EQ,667571,475453,71.22
20,2261,TRF,EQ,21091,12944,61.37
20,2262,TRIDENT,EQ,11366570,4091854,36.00
20,2263,TRIDHYA,SM,18000,18000,100.00
20,2264,TRITURBINE,EQ,819562,256826,31.34
20,2265,TRIVENI,EQ,415241,161054,38.79
20,2266,TROM,SM,298800,157200,52.61
20,2267,TRU,EQ,620147,255942,41.27
20,2268,TRUST,ST,72000,70800,98.33
20,2269,TTKHLTCARE,EQ,40724,19817,48.66
20,2270,TTKPRESTIG,EQ,55189,32259,58.45
20,2271,TTL,EQ,55173,34502,62.53
20,2272,TTML,EQ,6587123,1982834,30.10
20,2273,TUNWAL,SM,182000,130000,71.43
20,2274,TV18BRDCST,EQ,16525090,5371560,32.51
20,2275,TVSHLTD,EQ,4229,2559,60.51
20,2276,TVSMOTOR,EQ,472195,287108,60.80
20,2277,TVSSCS,EQ,15771528,6121318,38.81
20,2278,TVSSRICHAK,EQ,7285,3291,45.18
20,2279,TVTODAY,EQ,639931,285946,44.68
20,2280,UBL,EQ,503253,420163,83.49
20,2281,UCAL,EQ,95974,53802,56.06
20,2282,UCOBANK,EQ,3540044,1463762,41.35
20,2283,UDAICEMENT,EQ,953768,504912,52.94
20,2284,UDS,EQ,1749484,546586,31.24
20,2285,UFLEX,EQ,516776,191949,37.14
20,2286,UFO,EQ,543548,211750,38.96
20,2287,UGARSUGAR,EQ,333958,150870,45.18
20,2288,UGROCAP,EQ,133617,70233,52.56
20,2289,UJJIVANSFB,EQ,5866923,3516108,59.93
20,2290,ULTRACEMCO,EQ,406821,197373,48.52
20,2291,UMA,SM,348000,216000,62.07
20,2292,UNICHEMLAB,EQ,13217,5676,42.94
20,2293,UNIDT,EQ,49400,27086,54.83
20,2294,UNIECOM,EQ,1357165,472083,34.78
20,2295,UNIENTER,EQ,113667,64051,56.35
20,2296,UNIHEALTH,SM,191000,149000,78.01
20,2297,UNIINFO,EQ,24020,20406,84.95
20,2298,UNIONBANK,EQ,5827144,3407510,58.48
20,2299,UNIPARTS,EQ,55897,35863,64.16
20,2300,UNITDSPR,EQ,689394,502491,72.89
20,2301,UNITEDPOLY,EQ,13579,4192,30.87
20,2302,UNITEDTEA,EQ,3335,2654,79.58
20,2303,UNIVASTU,EQ,12217,8752,71.64
20,2304,UNIVCABLES,EQ,61176,35042,57.28
20,2305,UNIVPHOTO,EQ,1160,598,51.55
20,2306,UNOMINDA,EQ,1206109,546106,45.28
20,2307,UPL,EQ,3431993,1257973,36.65
20,2308,URBAN,SM,27200,20800,76.47
20,2309,URJA,EQ,2785728,1262326,45.31
20,2310,USASEEDS,SM,3300,2400,72.73
20,2311,USHAMART,EQ,1286882,875288,68.02
20,2312,UTIAMC,EQ,1370723,482681,35.21
20,2313,UTIBANKETF,EQ,44728,36967,82.65
20,2314,UTINEXT50,EQ,130504,85239,65.32
20,2315,UTINIFTETF,EQ,64244,61621,95.92
20,2316,UTISENSETF,EQ,588,411,69.90
20,2317,UTISXN50,EQ,2479,1893,76.36
20,2318,UTKARSHBNK,EQ,914186,476173,52.09
20,2319,UTSSAV,SM,2589600,1042800,40.27
20,2320,UTTAMSUGAR,EQ,71732,32732,45.63
20,2321,VADILALIND,EQ,8328,2965,35.60
20,2322,VAIBHAVGBL,EQ,545704,249708,45.76
20,2323,VAISHALI,EQ,111832,60136,53.77
20,2324,VAKRANGEE,EQ,3947434,1434337,36.34
20,2325,VALIANTLAB,EQ,660969,390354,59.06
20,2326,VALIANTORG,EQ,42259,27848,65.90
20,2327,VARDHACRLC,EQ,60640,32891,54.24
20,2328,VARROC,EQ,351706,147941,42.06
20,2329,VASA,ST,4000,4000,100.00
20,2330,VASCONEQ,EQ,667379,350198,52.47
20,2331,VASWANI,EQ,99208,59406,59.88
20,2332,VBL,EQ,2131589,1355724,63.60
20,2333,VDEAL,ST,355200,330000,92.91
20,2334,VEDL,EQ,12242972,6388791,52.18
20,2335,VELS,SM,2400,1200,50.00
20,2336,VENKEYS,EQ,155040,61154,39.44
20,2337,VENUSPIPES,EQ,170886,92615,54.20
20,2338,VENUSREM,EQ,93699,36682,39.15
20,2339,VERTEXPLUS,ST,1200,1200,100.00
20,2340,VERTOZ,EQ,7065591,6336258,89.68
20,2341,VESUVIUS,EQ,26774,14427,53.88
20,2342,VGUARD,EQ,503407,252296,50.12
20,2343,VHL,EQ,727,495,68.09
20,2344,VIAZ,SM,6000,4000,66.67
20,2345,VIDHIING,EQ,16213,10929,67.41
20,2346,VIJAYA,EQ,1290503,403331,31.25
20,2347,VIKASECO,EQ,6118457,2707798,44.26
20,2348,VIKASLIFE,EQ,7361191,4400030,59.77
20,2349,VILAS,ST,37000,34000,91.89
20,2350,VIMTALABS,EQ,172463,74282,43.07
20,2351,VINATIORGA,EQ,30628,15564,50.82
20,2352,VINDHYATEL,EQ,25925,16921,65.27
20,2353,VINEETLAB,EQ,55392,27524,49.69
20,2354,VINSYS,SM,10500,8500,80.95
20,2355,VINYAS,ST,5000,4400,88.00
20,2356,VINYLINDIA,EQ,24975,14728,58.97
20,2357,VIPIND,EQ,2500215,989212,39.57
20,2358,VIPULLTD,EQ,1221200,706562,57.86
20,2359,VIRINCHI,EQ,2413672,1328966,55.06
20,2360,VISAKAIND,EQ,199788,110869,55.49
20,2361,VISAMAN,SM,21000,18000,85.71
20,2362,VISHNU,EQ,104376,63245,60.59
20,2363,VISHNUINFR,SM,71500,60500,84.62
20,2364,VISHWARAJ,EQ,1136458,621516,54.69
20,2365,VISHWAS,SM,17600,17600,100.00
20,2366,VITAL,ST,20400,20400,100.00
20,2367,VIVIANA,ST,3500,3500,100.00
20,2368,VIVIDHA,EQ,826368,575974,69.70
20,2369,VIVO,SM,1600,1600,100.00
20,2370,VLEGOV,EQ,2649636,922483,34.82
20,2371,VLINFRA,SM,108000,60000,55.56
20,2372,VLSFINANCE,EQ,191493,75786,39.58
20,2373,VMARCIND,SM,129000,76000,58.91
20,2374,VMART,EQ,7265,3891,53.56
20,2375,VOLTAMP,EQ,11362,5945,52.32
20,2376,VOLTAS,EQ,817264,485588,59.42
20,2377,VPRPL,EQ,425725,228314,53.63
20,2378,VR,SM,16000,14400,90.00
20,2379,VRAJ,EQ,65404,40246,61.53
20,2380,VRLLOG,EQ,306764,129854,42.33
20,2381,VSCL,SM,3000,3000,100.00
20,2382,VSSL,EQ,24348,13383,54.97
20,2383,VSTIND,EQ,258605,166031,64.20
20,2384,VSTTILLERS,EQ,14840,11522,77.64
20,2385,VTL,EQ,205990,103625,50.31
20,2386,WABAG,EQ,176514,99622,56.44
20,2387,WALCHANNAG,EQ,243370,131643,54.09
20,2388,WEL,EQ,33661,7269,21.59
20,2389,WELCORP,EQ,457969,299519,65.40
20,2390,WELENT,EQ,175742,86583,49.27
20,2391,WELINV,EQ,2435,2121,87.10
20,2392,WELSPUNLIV,EQ,2651726,1128452,42.56
20,2393,WENDT,EQ,254,93,36.61
20,2394,WESTLIFE,EQ,63642,38752,60.89
20,2395,WHEELS,EQ,44119,25587,58.00
20,2396,WHIRLPOOL,EQ,285905,143854,50.32
20,2397,WILLAMAGOR,EQ,11220,7359,65.59
20,2398,WINDLAS,EQ,158701,55396,34.91
20,2399,WINDMACHIN,EQ,368229,206013,55.95
20,2400,WINNY,SM,4000,3000,75.00
20,2401,WINSOL,SM,20800,12800,61.54
20,2402,WIPRO,EQ,6034559,2908596,48.20
20,2403,WONDERLA,EQ,53704,31127,57.96
20,2404,WORTH,EQ,173447,100999,58.23
20,2405,WSI,EQ,112393,60927,54.21
20,2406,WSTCSTPAPR,EQ,59590,37214,62.45
20,2407,WTICAB,SM,293000,163000,55.63
20,2408,XCHANGING,EQ,248871,126480,50.82
20,2409,XELPMOC,EQ,54333,17468,32.15
20,2410,XPROINDIA,EQ,10393,6217,59.82
20,2411,YASHO,EQ,53072,29620,55.81
20,2412,YASHOPTICS,SM,236800,187200,79.05
20,2413,YATHARTH,EQ,237211,108530,45.75
20,2414,YATRA,EQ,408615,193316,47.31
20,2415,YCCL,SM,6000,6000,100.00
20,2416,YESBANK,EQ,56027204,29892805,53.35
20,2417,YUDIZ,ST,2400,2400,100.00
20,2418,YUKEN,EQ,5808,3540,60.95
20,2419,ZAGGLE,EQ,1038023,339385,32.70
20,2420,ZEAL,SM,50400,21000,41.67
20,2421,ZEEL,EQ,12071667,6028043,49.94
20,2422,ZEEMEDIA,EQ,2981794,1358925,45.57
20,2423,ZENITHDRUG,SM,140800,107200,76.14
20,2424,ZENSARTECH,EQ,594657,254600,42.81
20,2425,ZENTEC,EQ,219469,121450,55.34
20,2426,ZFCVINDIA,EQ,7431,4695,63.18
20,2427,ZIMLAB,EQ,622999,329827,52.94
20,2428,ZOMATO,EQ,115627516,37087141,32.07
20,2429,ZOTA,EQ,30068,17711,58.90
20,2430,ZTECH,SM,16800,12000,71.43
20,2431,ZUARI,EQ,233267,136691,58.60
20,2432,ZUARIIND,EQ,122814,71490,58.21
20,2433,ZYDUSLIFE,EQ,1291074,869367,67.34
20,2434,ZYDUSWELL,EQ,26207,16420,62.66
