Security Wise Delivery Position - Compulsory Rolling Settlement
10,MTO,11072024,1832808979,0002494
Trade Date <11-JUL-2024>,Settlement Type <N>
Record Type,Sr No,Name of Security,Quantity Traded,Deliverable Quantity(gross across client level),% of Deliverable Quantity to Traded Quantity
20,1,0MOFSL27,N3,35,35,100.00
20,2,1003ISFL28,N4,12,12,100.00
20,3,1004DLSL24,NO,2,2,100.00
20,4,1015ECL29,NR,1872,1778,94.98
20,5,1015IHF28B,AZ,41,31,75.61
20,6,1018GS2026,GS,3444,3444,100.00
20,7,1025IHF34,Z8,6,6,100.00
20,8,1025UCL25,N8,55,55,100.00
20,9,1040UCL25,N4,1,1,100.00
20,10,1049DLS25A,Y5,10,10,100.00
20,11,105IIFL29,N7,30,30,100.00
20,12,1060ECL29,NS,100,100,100.00
20,13,1075IHF33A,N2,100,100,100.00
20,14,10CAGL27,N5,30,30,100.00
20,15,10IHFL30A,BV,6,6,100.00
20,16,10IIFL28,N4,471,471,100.00
20,17,10IIFL28A,NE,138,138,100.00
20,18,10NIDO26,N6,295,295,100.00
20,19,1119NFL27,ND,10,10,100.00
20,20,182D020125,TB,200,200,100.00
20,21,182D150824,TB,100,100,100.00
20,22,182D241024,TB,100,100,100.00
20,23,182D250724,TB,100,100,100.00
20,24,182D261224,TB,300,300,100.00
20,25,182D290824,TB,1100,1100,100.00
20,26,20MICRONS,EQ,257810,119849,46.49
20,27,360ONE,EQ,524099,325424,62.09
20,28,364D020125,TB,200,200,100.00
20,29,364D020525,TB,100,100,100.00
20,30,364D060225,TB,14800,14800,100.00
20,31,364D090125,TB,700,700,100.00
20,32,364D120625,TB,200,200,100.00
20,33,364D121224,TB,100,100,100.00
20,34,364D150525,TB,200,200,100.00
20,35,364D160125,TB,300,300,100.00
20,36,364D180425,TB,100,100,100.00
20,37,364D230125,TB,1100,1100,100.00
20,38,364D240425,TB,400,400,100.00
20,39,364D250724,TB,8000,8000,100.00
20,40,364D260625,TB,800,800,100.00
20,41,364D300125,TB,200,200,100.00
20,42,3IINFOLTD,EQ,731230,301720,41.26
20,43,3MINDIA,EQ,7095,5294,74.62
20,44,3PLAND,EQ,14331,10103,70.50
20,45,563GS2026,GS,12000,12000,100.00
20,46,574GS2026,GS,64,64,100.00
20,47,579GS2030,GS,300,300,100.00
20,48,5PAISA,EQ,32550,17235,52.95
20,49,610GS2031,GS,100,100,100.00
20,50,618GS2024,GS,500,500,100.00
20,51,63MOONS,EQ,58851,33415,56.78
20,52,667GS2050,GS,755,755,100.00
20,53,676GS2061,GS,1,1,100.00
20,54,68GS2060,GS,1139,1139,100.00
20,55,695GS2061,GS,57,57,100.00
20,56,699GS2026,GS,5000,5000,100.00
20,57,699GS2051,GS,3101,3101,100.00
20,58,702GS2027,GS,3800,3800,100.00
20,59,702GS2031,GS,2899,2899,100.00
20,60,704GS2029,GS,400,400,100.00
20,61,706GS2028,GS,8317,8317,100.00
20,62,710GS2029,GS,35688,35687,100.00
20,63,716GS2050,GS,35,35,100.00
20,64,717GS2030,GS,201,201,100.00
20,65,718GS2033,GS,401,401,100.00
20,66,718GS2037,GS,3120,2420,77.56
20,67,71GS2034,GS,4000,4000,100.00
20,68,723GS2039,GS,300,300,100.00
20,69,725GS2063,GS,142563,142537,99.98
20,70,726GS2032,GS,41700,39700,95.20
20,71,726GS2033,GS,19,19,100.00
20,72,732GS2030,GS,602,601,99.83
20,73,733GS2026,GS,14100,9100,64.54
20,74,734GS2064,GS,14725,14705,99.86
20,75,736GS2052,GS,76136,76136,100.00
20,76,736NTPC25D,NB,16,16,100.00
20,77,737GS2028,GS,10449,10449,100.00
20,78,737NTPC35C,NA,5,5,100.00
20,79,738GS2027,GS,414244,413863,99.91
20,80,739NHAI26,N8,280,261,93.21
20,81,73GS2053,GS,951,951,100.00
20,82,740IIFCL33,N1,200,100,50.00
20,83,741GS2036,GS,27450,27450,100.00
20,84,743AP39,SG,100,100,100.00
20,85,744AP33,SG,200,200,100.00
20,86,746GS2073,GS,19163,19148,99.92
20,87,74GS2035,GS,601,601,100.00
20,88,74GS2062,GS,265,265,100.00
20,89,751HUDCO28,N5,10,10,100.00
20,90,753IRFC30,NJ,534,404,75.66
20,91,753NTPC30E,NC,59,59,100.00
20,92,754GS2036,GS,331712,325487,98.12
20,93,762GS2039,GS,17000,17000,100.00
20,94,762NTPC35F,ND,1000,1000,100.00
20,95,764HUDCO31,N8,361,270,74.79
20,96,764NABAR31,N2,140,120,85.71
20,97,769HUDCO31,N9,149,128,85.91
20,98,769NHAI31,NE,671,662,98.66
20,99,76NHAI31,NA,8474,8065,95.17
20,100,774AP38,SG,200,200,100.00
20,101,774IREDA31,N7,1116,1116,100.00
20,102,77MH33A,SG,200,200,100.00
20,103,78ABFL33,N4,551,401,72.78
20,104,79NHIT35,N1,1744,1744,100.00
20,105,79NHIT47,N3,1041,1041,100.00
20,106,801TCH25,N4,153,153,100.00
20,107,810IRFC27,N2,2500,2500,100.00
20,108,812REC27,NI,146,146,100.00
20,109,820IIFL27,N9,2333,2333,100.00
20,110,824GS2027,GS,22124,21494,97.15
20,111,825IIFL25,N7,375,375,100.00
20,112,82HUDCO27,N2,205,100,48.78
20,113,82IGT31,NJ,68,68,100.00
20,114,82IHFL24,NO,15,15,100.00
20,115,830NHAI27,N2,2530,2530,100.00
20,116,830PFCL27,N5,46,46,100.00
20,117,83TCHF25,N6,625,420,67.20
20,118,842IIFL26,NL,77,77,100.00
20,119,843IHFL29,NC,100,100,100.00
20,120,847IHFL25,Z2,11,11,100.00
20,121,849NTPC25,N7,20163,19205,95.25
20,122,84TCHF28,NA,4,2,50.00
20,123,850IIFL27,NA,12,12,100.00
20,124,850NHAI29,N5,22,22,100.00
20,125,85IIFL25,NO,50,50,100.00
20,126,85TCAPS24,N6,103,100,97.09
20,127,860CIFCL28,NG,8,8,100.00
20,128,865IBHFL26,N8,11,11,100.00
20,129,865IFL28,NZ,151,151,100.00
20,130,865IIFL28,NS,250,150,60.00
20,131,865IRFC29,NA,1680,1590,94.64
20,132,865LTF26,NN,1994,1694,84.95
20,133,865TCAPS27,N8,259,259,100.00
20,134,866IHFL25,Y8,20,20,100.00
20,135,872MMFSL26,N1,30,30,100.00
20,136,875NHAI29,N6,1428,1000,70.03
20,137,875PCHFL26,N8,20,20,100.00
20,138,875SFL27,ZF,150,150,100.00
20,139,876HUDCO28,ND,264,263,99.62
20,140,87LTF27,NH,72,72,100.00
20,141,880IREDA29,N5,72,72,100.00
20,142,885MOFSL26,N0,154,153,99.35
20,143,888IRFC29,NE,447,447,100.00
20,144,888NHB29,N5,90,90,100.00
20,145,888REC29,NF,519,519,100.00
20,146,889IHFL27,YC,5,5,100.00
20,147,891IIFCL34,N4,20,20,100.00
20,148,892NHPC33,N6,73,73,100.00
20,149,893NHB29,N6,5,5,100.00
20,150,894IHFL24,ZR,10,10,100.00
20,151,897MOFSL29,N4,1060,1060,100.00
20,152,8ABFL26,N0,25,25,100.00
20,153,901HUDCO34,NE,494,491,99.39
20,154,901NHB34,N6,71,71,100.00
20,155,903SFL28,YI,200,200,100.00
20,156,905IH24,ZB,4,4,100.00
20,157,910TCAP28,NA,130,130,100.00
20,158,91D020824,TB,1200,1200,100.00
20,159,91D080824,TB,700,400,57.14
20,160,91D120924,TB,700,700,100.00
20,161,91D190924,TB,200,200,100.00
20,162,91D250724,TB,3000,1800,60.00
20,163,91D290824,TB,300,300,100.00
20,164,91SFL27,ZI,10,10,100.00
20,165,920IIFLS26,N8,34,34,100.00
20,166,920PEL28,N2,1000,1000,100.00
20,167,925IHFL25B,Y3,11,11,100.00
20,168,925IHFL29A,ZM,5000,5000,100.00
20,169,92GS2030,GS,1012,1012,100.00
20,170,930SFL28,YP,407,357,87.71
20,171,931SFL26,Z5,234,234,100.00
20,172,935MOFSL29,N5,50,50,100.00
20,173,935PEL33,N3,1,1,100.00
20,174,93IHFL24A,ZN,10,0,0.00
20,175,93MOFSL34,N6,7,7,100.00
20,176,943ECL28,NJ,223,210,94.17
20,177,945CAGL24,N1,5,5,100.00
20,178,945IFSL25,N4,93,92,98.92
20,179,948IHFL26,N9,168,100,59.52
20,180,948IHFL26I,AX,8,8,100.00
20,181,94IFCI25,NL,234,234,100.00
20,182,94SFL28,YL,178,178,100.00
20,183,955IHFL27A,ZJ,7,7,100.00
20,184,957ISFL26,N2,90,90,100.00
20,185,957NIDO26,N5,600,600,100.00
20,186,965IHFL25C,N0,90,90,100.00
20,187,965IHFL25E,BF,14,14,100.00
20,188,965IHFL26A,ZB,5,5,100.00
20,189,96IIFL28,N5,1033,873,84.51
20,190,96IIFL28A,NF,1313,1132,86.21
20,191,96SFL24,Z8,251,251,100.00
20,192,96SFL24A,NB,51,51,100.00
20,193,970CAGL28,ND,224,208,92.86
20,194,971IHFL28I,BC,6,6,100.00
20,195,975NFL25,N0,21,21,100.00
20,196,97MOFSL34,N7,10,10,100.00
20,197,985ECL28,NK,60,60,100.00
20,198,98IHFL27,ZX,50,50,100.00
20,199,990IHFL26A,NL,22,12,54.55
20,200,990IHFL26I,AV,85,85,100.00
20,201,99IFCI24,NH,233,194,83.26
20,202,9IBHFL26BA,NA,50,50,100.00
20,203,9IIFL28,Y0,39,39,100.00
20,204,9PCHFL31A,NA,5,5,100.00
20,205,AADHARHFC,EQ,391995,198233,50.57
20,206,AARON,EQ,6243,4560,73.04
20,207,AARTIDRUGS,EQ,82821,34342,41.47
20,208,AARTIIND,EQ,359209,143386,39.92
20,209,AARTIPHARM,EQ,111423,57293,51.42
20,210,AARTISURF,EQ,25682,12345,48.07
20,211,AARVEEDEN,EQ,145741,91316,62.66
20,212,AARVI,EQ,29153,18919,64.90
20,213,AATMAJ,SM,14000,10000,71.43
20,214,AAVAS,EQ,381729,318179,83.35
20,215,ABB,EQ,134239,59093,44.02
20,216,ABBOTINDIA,EQ,5166,2423,46.90
20,217,ABCAPITAL,EQ,3650517,1771364,48.52
20,218,ABCOTS,SM,1000,500,50.00
20,219,ABDL,EQ,1768224,866697,49.02
20,220,ABFRL,EQ,4297296,1794131,41.75
20,221,ABGSEC,EQ,26339,15906,60.39
20,222,ABINFRA,SM,2000,2000,100.00
20,223,ABSLAMC,EQ,688364,583458,84.76
20,224,ABSLBANETF,EQ,23712,19506,82.26
20,225,ABSLLIQUID,EQ,3891,3584,92.11
20,226,ABSLNN50ET,EQ,101438,86491,85.26
20,227,ABSLPSE,EQ,739341,630753,85.31
20,228,ABSMARINE,SM,299000,166000,55.52
20,229,ACC,EQ,758235,157962,20.83
20,230,ACCELYA,EQ,10679,5687,53.25
20,231,ACCENTMIC,SM,20000,15000,75.00
20,232,ACE,EQ,603632,467369,77.43
20,233,ACEINTEG,EQ,12097,8067,66.69
20,234,ACI,EQ,354363,149660,42.23
20,235,ACL,EQ,40727,25378,62.31
20,236,ACLGATI,EQ,943110,401762,42.60
20,237,ACSAL,SM,162000,129000,79.63
20,238,ADANIENSOL,EQ,381605,176204,46.17
20,239,ADANIENT,EQ,899781,358498,39.84
20,240,ADANIGREEN,EQ,351498,156655,44.57
20,241,ADANIPORTS,EQ,1765496,590246,33.43
20,242,ADANIPOWER,EQ,2915945,1485367,50.94
20,243,ADFFOODS,EQ,231722,127838,55.17
20,244,ADL,EQ,10134,5066,49.99
20,245,ADORWELD,EQ,50282,17043,33.89
20,246,ADROITINFO,EQ,28629,17269,60.32
20,247,ADSL,EQ,1095179,470572,42.97
20,248,ADVANIHOTR,EQ,75459,43303,57.39
20,249,ADVENZYMES,EQ,128951,69149,53.62
20,250,AEGISLOG,EQ,398302,179925,45.17
20,251,AEROFLEX,EQ,638249,361975,56.71
20,252,AETHER,EQ,60473,29588,48.93
20,253,AFFLE,EQ,300019,124045,41.35
20,254,AFIL,EQ,225350,112536,49.94
20,255,AGARIND,EQ,75476,30074,39.85
20,256,AGARWALFT,ST,42000,39000,92.86
20,257,AGI,EQ,136297,69070,50.68
20,258,AGNI,SM,60000,40000,66.67
20,259,AGRITECH,EQ,12918,7326,56.71
20,260,AGROPHOS,EQ,36166,17322,47.90
20,261,AGSTRA,EQ,382706,211764,55.33
20,262,AGUL,SM,6000,6000,100.00
20,263,AHL,EQ,192900,67262,34.87
20,264,AHLEAST,EQ,5835,3110,53.30
20,265,AHLUCONT,EQ,610194,81212,13.31
20,266,AIAENG,EQ,71845,55191,76.82
20,267,AIIL,EQ,20149,11535,57.25
20,268,AILIMITED,ST,21000,21000,100.00
20,269,AIMTRON,SM,171200,115200,67.29
20,270,AIRAN,EQ,281442,152753,54.28
20,271,AIROLAM,EQ,4211,2175,51.65
20,272,AIRTELPP,E1,49143,28619,58.24
20,273,AISL,ST,2400,1200,50.00
20,274,AJANTPHARM,EQ,81010,48800,60.24
20,275,AJMERA,EQ,43651,21442,49.12
20,276,AJOONI,EQ,3860314,2407519,62.37
20,277,AKANKSHA,SM,72000,54000,75.00
20,278,AKASH,EQ,11080,6939,62.63
20,279,AKG,EQ,307229,266447,86.73
20,280,AKI,EQ,21609,12006,55.56
20,281,AKIKO,ST,38400,33600,87.50
20,282,AKSHAR,EQ,1362139,551732,40.50
20,283,AKSHARCHEM,EQ,44293,29466,66.53
20,284,AKSHOPTFBR,EQ,443935,297264,66.96
20,285,AKZOINDIA,EQ,5721,3003,52.49
20,286,ALANKIT,EQ,1478309,600266,40.60
20,287,ALBERTDAVD,EQ,8606,4477,52.02
20,288,ALEMBICLTD,EQ,2426167,909862,37.50
20,289,ALICON,EQ,9008,3690,40.96
20,290,ALKALI,EQ,35470,15692,44.24
20,291,ALKEM,EQ,220197,156614,71.12
20,292,ALKYLAMINE,EQ,21299,10635,49.93
20,293,ALLCARGO,EQ,9859610,3239720,32.86
20,294,ALLETEC,SM,23200,16800,72.41
20,295,ALLSEC,EQ,28561,14481,50.70
20,296,ALMONDZ,EQ,857418,675658,78.80
20,297,ALOKINDS,EQ,6933287,3008141,43.39
20,298,ALPA,EQ,76367,34437,45.09
20,299,ALPEXSOLAR,SM,128400,78400,61.06
20,300,ALPHA,EQ,665991,436608,65.56
20,301,ALPHAETF,EQ,272045,234366,86.15
20,302,ALPHAGEO,EQ,131449,43982,33.46
20,303,ALPL30IETF,EQ,2110258,2003801,94.96
20,304,ALUWIND,SM,69000,45000,65.22
20,305,AMBER,EQ,70193,27331,38.94
20,306,AMBEY,ST,2230000,2230000,100.00
20,307,AMBICAAGAR,EQ,29673,13976,47.10
20,308,AMBIKCO,EQ,14688,9246,62.95
20,309,AMBUJACEM,EQ,6139579,1801653,29.34
20,310,AMDIND,EQ,40282,21654,53.76
20,311,AMEYA,SM,52000,38000,73.08
20,312,AMIORG,EQ,102298,48904,47.81
20,313,AMJLAND,EQ,652689,270479,41.44
20,314,AMNPLST,EQ,23968,13744,57.34
20,315,AMRUTANJAN,EQ,16239,7821,48.16
20,316,ANANDRATHI,EQ,38884,24239,62.34
20,317,ANANTRAJ,EQ,1272525,644693,50.66
20,318,ANDHRAPAP,EQ,126299,62214,49.26
20,319,ANDHRSUGAR,EQ,2075800,623040,30.01
20,320,ANGELONE,EQ,721496,500740,69.40
20,321,ANIKINDS,EQ,404523,285069,70.47
20,322,ANLON,SM,8000,7200,90.00
20,323,ANNAPURNA,SM,195000,114000,58.46
20,324,ANTGRAPHIC,EQ,898364,520244,57.91
20,325,ANUP,EQ,19604,9021,46.02
20,326,ANURAS,EQ,91825,67107,73.08
20,327,APARINDS,EQ,43759,22747,51.98
20,328,APCL,EQ,16514,10453,63.30
20,329,APCOTEXIND,EQ,32619,17186,52.69
20,330,APEX,EQ,145528,70663,48.56
20,331,APLAPOLLO,EQ,454494,346951,76.34
20,332,APLLTD,EQ,358965,207519,57.81
20,333,APOLLO,EQ,1025198,622111,60.68
20,334,APOLLOHOSP,EQ,354777,245641,69.24
20,335,APOLLOPIPE,EQ,47262,34707,73.44
20,336,APOLLOTYRE,EQ,1190567,470961,39.56
20,337,APOLSINHOT,EQ,1107,856,77.33
20,338,APS,SM,114000,68500,60.09
20,339,APTECHT,EQ,172733,90627,52.47
20,340,APTUS,EQ,1076964,528807,49.10
20,341,ARABIAN,SM,10000,10000,100.00
20,342,ARCHIES,EQ,40499,24133,59.59
20,343,ARE&M,EQ,596826,334296,56.01
20,344,ARENTERP,EQ,3949,1653,41.86
20,345,ARHAM,ST,22000,18000,81.82
20,346,ARIES,EQ,117733,49241,41.82
20,347,ARIHANTACA,SM,4800,4000,83.33
20,348,ARIHANTCAP,EQ,244233,124283,50.89
20,349,ARIHANTSUP,EQ,37531,24639,65.65
20,350,ARISTO,SM,4800,4800,100.00
20,351,ARMANFIN,EQ,35954,21524,59.87
20,352,AROGRANITE,EQ,116255,60021,51.63
20,353,ARROWGREEN,EQ,56448,25183,44.61
20,354,ARTEMISMED,EQ,4006646,1030335,25.72
20,355,ARTNIRMAN,EQ,22673,4436,19.57
20,356,ARVIND,EQ,1283378,433549,33.78
20,357,ARVINDFASN,EQ,906048,705869,77.91
20,358,ARVSMART,EQ,57177,31079,54.36
20,359,ASAHIINDIA,EQ,86225,54898,63.67
20,360,ASAHISONG,EQ,9027,5180,57.38
20,361,ASAL,EQ,39747,14590,36.71
20,362,ASALCBR,EQ,145718,73539,50.47
20,363,ASHAPURMIN,EQ,484645,311712,64.32
20,364,ASHIANA,EQ,548586,391196,71.31
20,365,ASHIMASYN,EQ,742149,415278,55.96
20,366,ASHOKA,EQ,2614856,907649,34.71
20,367,ASHOKAMET,EQ,75305,58942,78.27
20,368,ASHOKLEY,EQ,6829086,3416046,50.02
20,369,ASIANENE,EQ,139843,74870,53.54
20,370,ASIANPAINT,EQ,1968980,950158,48.26
20,371,ASIANTILES,EQ,2731417,1112589,40.73
20,372,ASKAUTOLTD,EQ,211430,106868,50.55
20,373,ASMS,EQ,1674344,871699,52.06
20,374,ASPINWALL,EQ,60077,35341,58.83
20,375,ASPIRE,SM,52000,44000,84.62
20,376,ASTEC,EQ,47071,21488,45.65
20,377,ASTERDM,EQ,569382,352327,61.88
20,378,ASTRAL,EQ,248612,110017,44.25
20,379,ASTRAMICRO,EQ,1183621,586197,49.53
20,380,ASTRAZEN,EQ,14215,3923,27.60
20,381,ATFL,EQ,70606,37103,52.55
20,382,ATGL,EQ,1604227,1033321,64.41
20,383,ATL,EQ,703615,372929,53.00
20,384,ATMASTCO,SM,115200,71200,61.81
20,385,ATUL,EQ,46754,25706,54.98
20,386,ATULAUTO,EQ,1382701,228312,16.51
20,387,AUBANK,EQ,1710082,796711,46.59
20,388,AURDIS,SM,3000,3000,100.00
20,389,AURIONPRO,EQ,185471,122726,66.17
20,390,AUROIMPEX,SM,8000,8000,100.00
20,391,AUROPHARMA,EQ,487859,156161,32.01
20,392,AURUM,EQ,95158,73583,77.33
20,393,AURUMPP1,E1,388,383,98.71
20,394,AUTOAXLES,EQ,28207,14858,52.67
20,395,AUTOBEES,EQ,138841,91135,65.64
20,396,AUTOIETF,EQ,741703,443813,59.84
20,397,AUTOIND,EQ,175063,94464,53.96
20,398,AVADHSUGAR,EQ,293812,106821,36.36
20,399,AVALON,EQ,68351,32048,46.89
20,400,AVANTIFEED,EQ,517917,229977,44.40
20,401,AVG,EQ,44921,24662,54.90
20,402,AVPINFRA,SM,112000,75200,67.14
20,403,AVROIND,EQ,14950,11387,76.17
20,404,AVTNPL,EQ,312281,131668,42.16
20,405,AWFIS,EQ,913989,454347,49.71
20,406,AWHCL,EQ,227195,93816,41.29
20,407,AWL,EQ,752675,430975,57.26
20,408,AXISBANK,EQ,7848846,5043313,64.26
20,409,AXISBNKETF,EQ,3440,2544,73.95
20,410,AXISBPSETF,EQ,707860,661864,93.50
20,411,AXISCADES,EQ,198817,74644,37.54
20,412,AXISCETF,EQ,1683,1267,75.28
20,413,AXISGOLD,EQ,55841,38285,68.56
20,414,AXISHCETF,EQ,27480,22898,83.33
20,415,AXISILVER,EQ,47610,47155,99.04
20,416,AXISNIFTY,EQ,4801,4291,89.38
20,417,AXISTECETF,EQ,3211,2689,83.74
20,418,AXITA,EQ,627080,405821,64.72
20,419,AXSENSEX,EQ,244,152,62.30
20,420,AYMSYNTEX,EQ,216367,104521,48.31
20,421,AZAD,EQ,156492,97168,62.09
20,422,BABAFP,SM,9600,4800,50.00
20,423,BAHETI,SM,18000,11250,62.50
20,424,BAIDFIN,EQ,1721453,307693,17.87
20,425,BAJAJ-AUTO,EQ,294900,145613,49.38
20,426,BAJAJCON,EQ,577896,291535,50.45
20,427,BAJAJELEC,EQ,23817,9113,38.26
20,428,BAJAJFINSV,EQ,1848978,1309244,70.81
20,429,BAJAJHCARE,EQ,1256970,513362,40.84
20,430,BAJAJHIND,EQ,77839139,24528719,31.51
20,431,BAJAJHLDNG,EQ,26061,12997,49.87
20,432,BAJEL,EQ,450130,180917,40.19
20,433,BAJFINANCE,EQ,971801,486869,50.10
20,434,BALAJITELE,EQ,226507,104706,46.23
20,435,BALAMINES,EQ,37807,20388,53.93
20,436,BALAXI,EQ,29025,17750,61.15
20,437,BALKRISHNA,EQ,107754,59118,54.86
20,438,BALKRISIND,EQ,126876,85322,67.25
20,439,BALMLAWRIE,EQ,1513294,651882,43.08
20,440,BALPHARMA,EQ,31301,20778,66.38
20,441,BALRAMCHIN,EQ,3848797,1688585,43.87
20,442,BALUFORGE,EQ,1535894,610122,39.72
20,443,BANARBEADS,EQ,80439,61565,76.54
20,444,BANARISUG,EQ,18027,6185,34.31
20,445,BANCOINDIA,EQ,598090,170699,28.54
20,446,BANDHANBNK,EQ,9205351,3745460,40.69
20,447,BANG,EQ,5550,2593,46.72
20,448,BANKBARODA,EQ,9469388,4177536,44.12
20,449,BANKBEES,EQ,880061,418244,47.52
20,450,BANKBETF,EQ,69523,42707,61.43
20,451,BANKETF,EQ,1950,1814,93.03
20,452,BANKETFADD,EQ,55678,40746,73.18
20,453,BANKIETF,EQ,521659,351446,67.37
20,454,BANKINDIA,EQ,7049342,3626795,51.45
20,455,BANKNIFTY1,EQ,161441,138057,85.52
20,456,BANSALWIRE,EQ,6824732,2358287,34.56
20,457,BANSWRAS,EQ,121267,53585,44.19
20,458,BARBEQUE,EQ,261483,137278,52.50
20,459,BASF,EQ,46959,18661,39.74
20,460,BASILIC,SM,168300,122400,72.73
20,461,BASML,EQ,103781,73311,70.64
20,462,BATAINDIA,EQ,195552,88183,45.09
20,463,BAWEJA,SM,13600,9600,70.59
20,464,BAYERCROP,EQ,194767,189160,97.12
20,465,BBETF0432,EQ,2483,1961,78.98
20,466,BBL,EQ,176891,84199,47.60
20,467,BBNPNBETF,EQ,1811,1303,71.95
20,468,BBOX,EQ,697721,341798,48.99
20,469,BBTC,EQ,303636,74363,24.49
20,470,BBTCL,EQ,4436,2424,54.64
20,471,BCLIND,EQ,909286,558272,61.40
20,472,BCONCEPTS,EQ,31156,17933,57.56
20,473,BDL,EQ,2375360,760572,32.02
20,474,BEACON,SM,112000,64000,57.14
20,475,BEARDSELL,EQ,50545,26398,52.23
20,476,BECTORFOOD,EQ,107096,77565,72.43
20,477,BEDMUTHA,EQ,24061,15558,64.66
20,478,BEL,EQ,31919433,15698936,49.18
20,479,BEML,EQ,1564269,258744,16.54
20,480,BEPL,EQ,2300754,1172102,50.94
20,481,BERGEPAINT,EQ,2847976,1198313,42.08
20,482,BESTAGRO,EQ,36411,19618,53.88
20,483,BETA,SM,3600,2800,77.78
20,484,BEWLTD,SM,1375,1250,90.91
20,485,BFINVEST,EQ,73340,31868,43.45
20,486,BFSI,EQ,490705,425721,86.76
20,487,BFUTILITIE,EQ,170002,61331,36.08
20,488,BHAGCHEM,EQ,519103,218546,42.10
20,489,BHAGERIA,EQ,25722,13728,53.37
20,490,BHAGYANGR,EQ,103313,48691,47.13
20,491,BHANDARI,EQ,864536,387581,44.83
20,492,BHARATFORG,EQ,836449,467860,55.93
20,493,BHARATGEAR,EQ,217931,109345,50.17
20,494,BHARATRAS,EQ,8420,4211,50.01
20,495,BHARATWIRE,EQ,248017,142495,57.45
20,496,BHARTIARTL,EQ,4178558,2380242,56.96
20,497,BHARTIHEXA,EQ,482359,298909,61.97
20,498,BHEL,EQ,23370124,8902353,38.09
20,499,BHINVIT,IV,316969,313312,98.85
20,500,BIGBLOC,EQ,1747343,685286,39.22
20,501,BIKAJI,EQ,250445,134906,53.87
20,502,BIOCON,EQ,3175235,1580782,49.78
20,503,BIOFILCHEM,EQ,51428,26320,51.18
20,504,BIRET,RR,232432,220420,94.83
20,505,BIRLACABLE,EQ,69178,27505,39.76
20,506,BIRLACORPN,EQ,68248,38555,56.49
20,507,BIRLAMONEY,EQ,591713,237293,40.10
20,508,BLAL,EQ,1064332,315537,29.65
20,509,BLISSGVS,EQ,2488080,1252308,50.33
20,510,BLKASHYAP,EQ,2117820,922801,43.57
20,511,BLS,EQ,1042957,412352,39.54
20,512,BLSE,EQ,198036,105915,53.48
20,513,BLUEDART,EQ,53858,41216,76.53
20,514,BLUEJET,EQ,264923,213457,80.57
20,515,BLUEPEBBLE,SM,23200,16800,72.41
20,516,BLUESTARCO,EQ,519127,166620,32.10
20,517,BMETRICS,SM,3200,3200,100.00
20,518,BODALCHEM,EQ,522674,264249,50.56
20,519,BOMDYEING,EQ,2163467,703630,32.52
20,520,BOROLTD,EQ,324041,112745,34.79
20,521,BORORENEW,EQ,314151,122149,38.88
20,522,BOROSCI,EQ,263699,137440,52.12
20,523,BOSCHLTD,EQ,23755,12207,51.39
20,524,BPCL,EQ,19246022,9281789,48.23
20,525,BPL,EQ,1733281,522407,30.14
20,526,BRIGADE,EQ,345050,188837,54.73
20,527,BRIGHT,SZ,111000,105000,94.59
20,528,BRITANNIA,EQ,372798,216622,58.11
20,529,BSE,EQ,2347668,1344607,57.27
20,530,BSE500IETF,EQ,78003,47660,61.10
20,531,BSHSL,EQ,26721,14638,54.78
20,532,BSL,EQ,153643,37592,24.47
20,533,BSLGOLDETF,EQ,32641,19749,60.50
20,534,BSLNIFTY,EQ,169665,117485,69.25
20,535,BSLSENETFG,EQ,9508,8319,87.49
20,536,BSOFT,EQ,1060920,391192,36.87
20,537,BUTTERFLY,EQ,6065,3013,49.68
20,538,BVCL,EQ,22068,12205,55.31
20,539,CADSYS,ST,10500,10000,95.24
20,540,CAMLINFINE,EQ,1345280,675033,50.18
20,541,CAMPUS,EQ,628541,264345,42.06
20,542,CAMS,EQ,477170,154370,32.35
20,543,CANARYS,SM,232000,124000,53.45
20,544,CANBK,EQ,13553009,6297431,46.47
20,545,CANFINHOME,EQ,196440,52807,26.88
20,546,CANTABIL,EQ,1519617,1050261,69.11
20,547,CAPACITE,EQ,542046,298510,55.07
20,548,CAPITALSFB,EQ,38620,26104,67.59
20,549,CAPLIPOINT,EQ,144076,71537,49.65
20,550,CAPTRUST,EQ,25369,9471,37.33
20,551,CARBORUNIV,EQ,607937,561740,92.40
20,552,CAREERP,EQ,11489,3954,34.42
20,553,CARERATING,EQ,254095,89976,35.41
20,554,CARTRADE,EQ,129688,70147,54.09
20,555,CARYSIL,EQ,187784,124421,66.26
20,556,CASTROLIND,EQ,10909258,3431374,31.45
20,557,CBAZAAR,SM,72000,56000,77.78
20,558,CCL,EQ,660102,406135,61.53
20,559,CDSL,EQ,6135993,1387167,22.61
20,560,CEATLTD,EQ,128159,50347,39.28
20,561,CELEBRITY,EQ,1355664,852360,62.87
20,562,CELLECOR,SM,66600,48600,72.97
20,563,CELLO,EQ,58863,37077,62.99
20,564,CELLPOINT,SM,15600,13200,84.62
20,565,CENTENKA,EQ,22801,9400,41.23
20,566,CENTEXT,EQ,516304,443790,85.96
20,567,CENTRALBK,EQ,6565053,2970292,45.24
20,568,CENTRUM,EQ,385282,183943,47.74
20,569,CENTUM,EQ,28762,16558,57.57
20,570,CENTURYPLY,EQ,50280,21892,43.54
20,571,CENTURYTEX,EQ,194794,81357,41.77
20,572,CERA,EQ,7271,2952,40.60
20,573,CESC,EQ,14706939,3709010,25.22
20,574,CGCL,EQ,289879,101852,35.14
20,575,CGPOWER,EQ,1647188,605530,36.76
20,576,CGRAPHICS,SM,14400,12800,88.89
20,577,CHALET,EQ,40285,20254,50.28
20,578,CHAMBLFERT,EQ,2690880,956528,35.55
20,579,CHAVDA,SM,73000,48000,65.75
20,580,CHEMBOND,EQ,13641,7148,52.40
20,581,CHEMCON,EQ,118022,40331,34.17
20,582,CHEMFAB,EQ,15857,5510,34.75
20,583,CHEMPLASTS,EQ,48855,25500,52.20
20,584,CHENNPETRO,EQ,2949985,715675,24.26
20,585,CHEVIOT,EQ,11106,5213,46.94
20,586,CHOICEIN,EQ,394567,53159,13.47
20,587,CHOLAFIN,EQ,2560438,2171993,84.83
20,588,CHOLAHLDNG,EQ,422539,320543,75.86
20,589,CIEINDIA,EQ,208735,145050,69.49
20,590,CIFCZC25A,N1,100,100,100.00
20,591,CIGNITITEC,EQ,367187,349597,95.21
20,592,CINELINE,EQ,254115,179514,70.64
20,593,CIPLA,EQ,1314312,693079,52.73
20,594,CLEAN,EQ,164258,81303,49.50
20,595,CLEDUCATE,EQ,74521,41469,55.65
20,596,CLOUD,SM,2945000,1212000,41.15
20,597,CLSEL,EQ,114444,51484,44.99
20,598,CLSL,SM,30000,20000,66.67
20,599,CMMIPL,ST,273000,270000,98.90
20,600,CMNL,SM,18000,16500,91.67
20,601,CMRSL,SM,12800,12000,93.75
20,602,CMSINFO,EQ,1048016,585412,55.86
20,603,COALINDIA,EQ,20146927,7916138,39.29
20,604,COASTCORP,EQ,64329,24702,38.40
20,605,COCHINSHIP,EQ,3894646,1320965,33.92
20,606,COFFEEDAY,EQ,1529749,678022,44.32
20,607,COFORGE,EQ,501505,349563,69.70
20,608,COLPAL,EQ,331899,179700,54.14
20,609,COMMITTED,SM,19200,16000,83.33
20,610,COMMOIETF,EQ,48176,30569,63.45
20,611,COMPUSOFT,EQ,101035,76644,75.86
20,612,COMSYN,EQ,55308,19936,36.05
20,613,CONCOR,EQ,2250522,1007103,44.75
20,614,CONCORDBIO,EQ,29685,12966,43.68
20,615,CONFIPET,EQ,918458,398409,43.38
20,616,CONS,EQ,891,764,85.75
20,617,CONSOFINVT,EQ,29457,17520,59.48
20,618,CONSUMBEES,EQ,78697,55960,71.11
20,619,CONSUMIETF,EQ,12214,8588,70.31
20,620,CONTI,SM,26664,23331,87.50
20,621,CONTROLPR,EQ,18215,11027,60.54
20,622,COOLCAPS,SM,250,250,100.00
20,623,CORALFINAC,EQ,215064,125307,58.26
20,624,COROMANDEL,EQ,217731,81864,37.60
20,625,COSMOFIRST,EQ,28181,19589,69.51
20,626,COUNCODOS,EQ,223100,138327,62.00
20,627,CPSEETF,EQ,4125101,2480999,60.14
20,628,CRAFTSMAN,EQ,78004,41892,53.70
20,629,CRAYONS,SM,16000,12000,75.00
20,630,CREATIVE,EQ,21444,12250,57.13
20,631,CREDITACC,EQ,526805,296556,56.29
20,632,CREST,EQ,27243,12578,46.17
20,633,CRISIL,EQ,64870,57392,88.47
20,634,CROMPTON,EQ,2679924,1541976,57.54
20,635,CSBBANK,EQ,815214,704434,86.41
20,636,CSLFINANCE,EQ,27181,16049,59.04
20,637,CTE,EQ,153389,64957,42.35
20,638,CUB,EQ,2722736,1219915,44.80
20,639,CUMMINSIND,EQ,278392,145478,52.26
20,640,CYBERTECH,EQ,66874,31061,46.45
20,641,CYIENT,EQ,320771,230626,71.90
20,642,CYIENTDLM,EQ,551315,172257,31.24
20,643,DABUR,EQ,1588742,858225,54.02
20,644,DALBHARAT,EQ,345793,157284,45.49
20,645,DALMIASUG,EQ,263214,105955,40.25
20,646,DAMODARIND,EQ,41883,23470,56.04
20,647,DANGEE,EQ,184538,146356,79.31
20,648,DATAMATICS,EQ,170572,90500,53.06
20,649,DATAPATTNS,EQ,1484096,242957,16.37
20,650,DAVANGERE,EQ,8512516,3752753,44.09
20,651,DBCORP,EQ,335707,188966,56.29
20,652,DBL,EQ,256001,95115,37.15
20,653,DBOL,EQ,219514,91231,41.56
20,654,DBREALTY,EQ,3793967,1599463,42.16
20,655,DBSTOCKBRO,EQ,21535,14805,68.75
20,656,DCAL,EQ,277791,155701,56.05
20,657,DCBBANK,EQ,1448149,755830,52.19
20,658,DCG,SM,165600,87600,52.90
20,659,DCM,EQ,169246,96647,57.10
20,660,DCMNVL,EQ,62665,34330,54.78
20,661,DCMSHRIRAM,EQ,45626,19414,42.55
20,662,DCMSRIND,EQ,202888,115422,56.89
20,663,DCW,EQ,944498,392401,41.55
20,664,DCXINDIA,EQ,1120659,537654,47.98
20,665,DECCANCE,EQ,12249,6155,50.25
20,666,DEEDEV,EQ,630730,192787,30.57
20,667,DEEM,SM,7000,6000,85.71
20,668,DEEPAKFERT,EQ,766514,313605,40.91
20,669,DEEPAKNTR,EQ,559474,214065,38.26
20,670,DEEPENR,EQ,67857,40336,59.44
20,671,DEEPINDS,EQ,1220404,508401,41.66
20,672,DELAPLEX,SM,33600,22200,66.07
20,673,DELHIVERY,EQ,5152007,3290639,63.87
20,674,DELTACORP,EQ,6191378,2056106,33.21
20,675,DELTAMAGNT,EQ,6695,4765,71.17
20,676,DEN,EQ,1299655,476421,36.66
20,677,DENEERS,SM,1200,1200,100.00
20,678,DENORA,EQ,21025,9005,42.83
20,679,DENTALKART,SM,10250,7750,75.61
20,680,DESTINY,ST,108000,108000,100.00
20,681,DEVIT,EQ,19801,9684,48.91
20,682,DEVYANI,EQ,748499,514373,68.72
20,683,DHAMPURSUG,EQ,1583009,586449,37.05
20,684,DHANBANK,EQ,843679,597334,70.80
20,685,DHANI,EQ,2684445,1003485,37.38
20,686,DHANUKA,EQ,30448,14949,49.10
20,687,DHARMAJ,EQ,191468,106213,55.47
20,688,DHTL,SM,4800,4800,100.00
20,689,DHUNINV,EQ,4525,2039,45.06
20,690,DIAMINESQ,EQ,39586,27678,69.92
20,691,DIAMONDYD,EQ,17242,12416,72.01
20,692,DICIND,EQ,5715,2520,44.09
20,693,DIGIKORE,SM,29800,22200,74.50
20,694,DIGISPICE,EQ,599340,324910,54.21
20,695,DIL,EQ,758598,472388,62.27
20,696,DISHTV,EQ,9637517,4103700,42.58
20,697,DIVGIITTS,EQ,24111,15008,62.25
20,698,DIVISLAB,EQ,559139,321597,57.52
20,699,DIVOPPBEES,EQ,50804,28621,56.34
20,700,DIXON,EQ,235805,94853,40.23
20,701,DKEGL,SM,15000,7500,50.00
20,702,DLF,EQ,1293318,606464,46.89
20,703,DLINKINDIA,EQ,3649871,471856,12.93
20,704,DMART,EQ,568246,295807,52.06
20,705,DMCC,EQ,16368,9820,60.00
20,706,DNAMEDIA,EQ,186993,105304,56.31
20,707,DODLA,EQ,52949,24830,46.89
20,708,DOLATALGO,EQ,686581,351980,51.27
20,709,DOLLAR,EQ,40397,21130,52.31
20,710,DOLLEX,SM,244000,176000,72.13
20,711,DOMS,EQ,27736,11801,42.55
20,712,DONEAR,EQ,217868,110177,50.57
20,713,DPABHUSHAN,EQ,26351,12018,45.61
20,714,DPEL,ST,468000,426000,91.03
20,715,DPSCLTD,EQ,1789273,798704,44.64
20,716,DPWIRES,EQ,42391,24837,58.59
20,717,DREAMFOLKS,EQ,120893,49718,41.13
20,718,DREDGECORP,EQ,56153,38169,67.97
20,719,DRONE,SM,142000,99000,69.72
20,720,DRREDDY,EQ,316268,162412,51.35
20,721,DSSL,EQ,38075,24645,64.73
20,722,DTIL,EQ,66185,27057,40.88
20,723,DTL,ST,175200,159600,91.10
20,724,DUCOL,SM,9600,7200,75.00
20,725,DUGLOBAL,SM,142500,27500,19.30
20,726,DURLAX,SM,248000,166000,66.94
20,727,DVL,EQ,43090,22707,52.70
20,728,DWARKESH,EQ,7058640,2307276,32.69
20,729,DYCL,EQ,62773,25324,40.34
20,730,DYNAMATECH,EQ,39126,36512,93.32
20,731,DYNAMIC,SM,16000,16000,100.00
20,732,DYNPRO,EQ,172505,74692,43.30
20,733,EASEMYTRIP,EQ,7937710,4150063,52.28
20,734,EBBETF0425,EQ,3571,2203,61.69
20,735,EBBETF0430,EQ,3119,2242,71.88
20,736,EBBETF0431,EQ,3175,2291,72.16
20,737,EBBETF0433,EQ,2974,2811,94.52
20,738,ECLERX,EQ,36667,19712,53.76
20,739,EDELWEISS,EQ,2486723,1285911,51.71
20,740,EFACTOR,SM,16000,15200,95.00
20,741,EFORCE,SM,80400,63600,79.10
20,742,EGOLD,EQ,407,228,56.02
20,743,EICHERMOT,EQ,308708,171437,55.53
20,744,EIDPARRY,EQ,555618,223345,40.20
20,745,EIFFL,EQ,67105,42895,63.92
20,746,EIHAHOTELS,EQ,17786,9187,51.65
20,747,EIHOTEL,EQ,242620,139665,57.57
20,748,EKC,EQ,1048992,405236,38.63
20,749,ELDEHSG,EQ,2058,1472,71.53
20,750,ELECON,EQ,216364,104305,48.21
20,751,ELECTCAST,EQ,2003804,1066646,53.23
20,752,ELGIEQUIP,EQ,650253,170053,26.15
20,753,ELIN,EQ,253413,117739,46.46
20,754,EMAMILTD,EQ,555675,264964,47.68
20,755,EMAMIPAP,EQ,133368,54390,40.78
20,756,EMAMIREAL,EQ,31561,20092,63.66
20,757,EMBASSY,RR,267625,195477,73.04
20,758,EMBDL,EQ,4252082,1949448,45.85
20,759,EMCURE,EQ,1200703,762820,63.53
20,760,EMIL,EQ,464394,212754,45.81
20,761,EMKAYTOOLS,SM,300,300,100.00
20,762,EMMBI,EQ,34222,17278,50.49
20,763,EMMIL,SM,78000,60000,76.92
20,764,EMSLIMITED,EQ,327684,184936,56.44
20,765,EMUDHRA,EQ,280853,109140,38.86
20,766,ENDURANCE,EQ,76062,44804,58.90
20,767,ENERGYDEV,EQ,393272,246034,62.56
20,768,ENFUSE,SM,48000,30000,62.50
20,769,ENGINERSIN,EQ,58810285,13328365,22.66
20,770,ENIL,EQ,36909,16217,43.94
20,771,ENSER,SM,34000,26000,76.47
20,772,ENTERO,EQ,12159,6577,54.09
20,773,EPACK,EQ,630665,385155,61.07
20,774,EPIGRAL,EQ,43579,21377,49.05
20,775,EPL,EQ,857586,386554,45.07
20,776,EQUAL50ADD,EQ,1330,959,72.11
20,777,EQUITASBNK,EQ,3603653,2398298,66.55
20,778,ERIS,EQ,30942,17224,55.67
20,779,EROSMEDIA,EQ,129428,69138,53.42
20,780,ESABINDIA,EQ,2919,1558,53.37
20,781,ESAFSFB,EQ,826501,475386,57.52
20,782,ESCONET,SM,45600,28800,63.16
20,783,ESCORTS,EQ,201746,80359,39.83
20,784,ESFL,SM,13800,9000,65.22
20,785,ESG,EQ,43555,41029,94.20
20,786,ESILVER,EQ,6371,6304,98.95
20,787,ESSARSHPNG,EQ,1659294,1255700,75.68
20,788,ESTER,EQ,269719,161439,59.85
20,789,ETHOSLTD,EQ,43697,22901,52.41
20,790,EUROBOND,SM,16000,13000,81.25
20,791,EUROTEXIND,EQ,16310,16310,100.00
20,792,EVEREADY,EQ,486366,205716,42.30
20,793,EVERESTIND,EQ,5294,2784,52.59
20,794,EXCELINDUS,EQ,11905,7109,59.71
20,795,EXICOM,EQ,671142,321422,47.89
20,796,EXIDEIND,EQ,1798542,839002,46.65
20,797,EXPLEOSOL,EQ,6714,4422,65.86
20,798,EXXARO,EQ,40051,27130,67.74
20,799,FACT,EQ,638054,137244,21.51
20,800,FAIRCHEMOR,EQ,18775,10422,55.51
20,801,FALCONTECH,SM,26400,19200,72.73
20,802,FAZE3Q,EQ,785545,143553,18.27
20,803,FCL,EQ,151184,68842,45.54
20,804,FCSSOFT,EQ,4532861,2881708,63.57
20,805,FDC,EQ,133628,60361,45.17
20,806,FEDERALBNK,EQ,16408103,7582319,46.21
20,807,FEDFINA,EQ,280145,175648,62.70
20,808,FELIX,SM,21000,18500,88.10
20,809,FIBERWEB,EQ,167679,79704,47.53
20,810,FIDEL,SM,11000,7000,63.64
20,811,FIEMIND,EQ,101871,57469,56.41
20,812,FILATEX,EQ,1034763,444861,42.99
20,813,FILATFASH,EQ,11886791,4817599,40.53
20,814,FINCABLES,EQ,239517,61814,25.81
20,815,FINEORG,EQ,17393,8309,47.77
20,816,FINIETF,EQ,133223,104780,78.65
20,817,FINOPB,EQ,253319,127888,50.48
20,818,FINPIPE,EQ,433582,206178,47.55
20,819,FIVESTAR,EQ,705255,232826,33.01
20,820,FLAIR,EQ,67343,38820,57.65
20,821,FLUOROCHEM,EQ,53009,30565,57.66
20,822,FMCGIETF,EQ,784955,532552,67.84
20,823,FMGOETZE,EQ,99686,55203,55.38
20,824,FMNL,EQ,91855,58521,63.71
20,825,FOCE,SM,3000,3000,100.00
20,826,FOCUS,EQ,411724,222728,54.10
20,827,FONEBOX,SM,18000,12000,66.67
20,828,FOODSIN,EQ,264146,174915,66.22
20,829,FORCEMOT,EQ,24913,15701,63.02
20,830,FORTIS,EQ,1011485,635605,62.84
20,831,FOSECOIND,EQ,4242,2571,60.61
20,832,FROG,SM,56000,38400,68.57
20,833,FSL,EQ,1689077,638488,37.80
20,834,FUSION,EQ,154709,98769,63.84
20,835,GABRIEL,EQ,199093,99785,50.12
20,836,GAEL,EQ,579814,313665,54.10
20,837,GAIL,EQ,15939530,6835175,42.88
20,838,GALAXYSURF,EQ,12953,5348,41.29
20,839,GANDHAR,EQ,226082,132974,58.82
20,840,GANDHITUBE,EQ,2490,1798,72.21
20,841,GANECOS,EQ,73488,39180,53.31
20,842,GANESHBE,EQ,259236,125100,48.26
20,843,GANESHHOUC,EQ,96164,48410,50.34
20,844,GANGESSECU,EQ,12141,6512,53.64
20,845,GARFIBRES,EQ,6437,3324,51.64
20,846,GATEWAY,EQ,7125268,2816956,39.53
20,847,GEECEE,EQ,17765,9408,52.96
20,848,GEEKAYWIRE,EQ,202165,110648,54.73
20,849,GENCON,EQ,1446131,949898,65.69
20,850,GENESYS,EQ,990310,364953,36.85
20,851,GENSOL,EQ,112748,74316,65.91
20,852,GENUSPAPER,EQ,7403071,3174956,42.89
20,853,GENUSPOWER,EQ,1367949,700561,51.21
20,854,GEOJITFSL,EQ,1368077,670735,49.03
20,855,GEPIL,EQ,2758739,865819,31.38
20,856,GESHIP,EQ,18069056,2965118,16.41
20,857,GFLLIMITED,EQ,64855,31998,49.34
20,858,GHCL,EQ,475313,421185,88.61
20,859,GHCLTEXTIL,EQ,323460,159354,49.27
20,860,GICHSGFIN,EQ,961154,459623,47.82
20,861,GICL,SM,141000,39000,27.66
20,862,GICRE,EQ,3188126,740401,23.22
20,863,GILLANDERS,EQ,18551,7911,42.64
20,864,GILLETTE,EQ,13471,9058,67.24
20,865,GILT5YBEES,EQ,252018,230346,91.40
20,866,GINNIFILA,EQ,100482,52600,52.35
20,867,GIPCL,EQ,1082985,707228,65.30
20,868,GIRIRAJ,ST,500,500,100.00
20,869,GLAND,EQ,274544,118797,43.27
20,870,GLAXO,EQ,137972,66396,48.12
20,871,GLENMARK,EQ,2647788,1666225,62.93
20,872,GLOBALPET,SM,6000,6000,100.00
20,873,GLOBE,EQ,9482730,6456046,68.08
20,874,GLOBUSSPR,EQ,180392,100155,55.52
20,875,GLOSTERLTD,EQ,1232,813,65.99
20,876,GLS,EQ,440257,186434,42.35
20,877,GMBREW,EQ,115727,59116,51.08
20,878,GMDCLTD,EQ,2351660,788785,33.54
20,879,GMMPFAUDLR,EQ,208276,145451,69.84
20,880,GMRINFRA,EQ,15328902,6009514,39.20
20,881,GMRP&UI,EQ,12560846,5580134,44.42
20,882,GNA,EQ,836441,210985,25.22
20,883,GNFC,EQ,932295,362772,38.91
20,884,GOACARBON,EQ,49952,20945,41.93
20,885,GOCLCORP,EQ,617246,242984,39.37
20,886,GOCOLORS,EQ,34998,19019,54.34
20,887,GODFRYPHLP,EQ,64463,19108,29.64
20,888,GODHA,EQ,18475954,11304600,61.19
20,889,GODIGIT,EQ,515489,250989,48.69
20,890,GODREJAGRO,EQ,239610,92803,38.73
20,891,GODREJCP,EQ,1142834,903919,79.09
20,892,GODREJIND,EQ,212089,157295,74.16
20,893,GODREJPROP,EQ,323791,181059,55.92
20,894,GOKEX,EQ,4653165,4505932,96.84
20,895,GOKULAGRO,EQ,177120,56112,31.68
20,896,GOLD1,EQ,130730,95500,73.05
20,897,GOLDBEES,EQ,4771144,3274514,68.63
20,898,GOLDCASE,EQ,191648,144973,75.65
20,899,GOLDETF,EQ,45687,39581,86.64
20,900,GOLDETFADD,EQ,12856,11395,88.64
20,901,GOLDIAM,EQ,2036212,550631,27.04
20,902,GOLDIETF,EQ,354814,285781,80.54
20,903,GOLDKART,ST,3750,3750,100.00
20,904,GOLDSHARE,EQ,168859,145288,86.04
20,905,GOLDSTAR,SM,225000,168750,75.00
20,906,GOLDTECH,EQ,62519,41084,65.71
20,907,GOODLUCK,EQ,98556,54621,55.42
20,908,GOPAL,EQ,79727,58814,73.77
20,909,GOYALSALT,SM,13200,10800,81.82
20,910,GPECO,SM,142800,87600,61.34
20,911,GPIL,EQ,181098,80838,44.64
20,912,GPPL,EQ,20911287,4849529,23.19
20,913,GPTHEALTH,EQ,117542,61032,51.92
20,914,GRANULES,EQ,397213,149801,37.71
20,915,GRAPHISAD,SM,34800,31200,89.66
20,916,GRAPHITE,EQ,695835,397227,57.09
20,917,GRASIM,EQ,1679101,971143,57.84
20,918,GRAVITA,EQ,135170,84897,62.81
20,919,GRCL,SM,2500,2000,80.00
20,920,GREAVESCOT,EQ,3680936,1296028,35.21
20,921,GREENCHEF,SM,16000,13600,85.00
20,922,GREENLAM,EQ,307526,287485,93.48
20,923,GREENPANEL,EQ,111824,70605,63.14
20,924,GREENPLY,EQ,107896,47623,44.14
20,925,GREENPOWER,EQ,4019297,2357159,58.65
20,926,GRETEX,ST,6000,6000,100.00
20,927,GRINDWELL,EQ,21312,8950,42.00
20,928,GRINFRA,EQ,39653,17008,42.89
20,929,GRMOVER,EQ,217604,107872,49.57
20,930,GROBTEA,EQ,1159,568,49.01
20,931,GRSE,EQ,3098954,824109,26.59
20,932,GRWRHITECH,EQ,72550,41740,57.53
20,933,GSEC10IETF,EQ,1219,1076,88.27
20,934,GSEC10YEAR,EQ,924,733,79.33
20,935,GSEC5IETF,EQ,496,475,95.77
20,936,GSFC,EQ,3292620,1215290,36.91
20,937,GSLSU,EQ,758527,231928,30.58
20,938,GSMFOILS,ST,36000,32000,88.89
20,939,GSPL,EQ,1806702,911591,50.46
20,940,GSTL,SM,38000,35000,92.11
20,941,GTLINFRA,EQ,21990480,21985506,99.98
20,942,GTPL,EQ,114525,49032,42.81
20,943,GUFICBIO,EQ,35928,16817,46.81
20,944,GUJALKALI,EQ,31923,18267,57.22
20,945,GUJAPOLLO,EQ,32235,25876,80.27
20,946,GUJGASLTD,EQ,360811,99711,27.64
20,947,GUJRAFFIA,EQ,10858,4925,45.36
20,948,GULFOILLUB,EQ,183545,77610,42.28
20,949,GULFPETRO,EQ,322600,158766,49.21
20,950,GULPOLY,EQ,173310,99195,57.24
20,951,GVKPIL,EQ,2389048,1808526,75.70
20,952,GVPTECH,EQ,69982,57080,81.56
20,953,HAL,EQ,1843378,634386,34.41
20,954,HAPPSTMNDS,EQ,357886,195067,54.51
20,955,HAPPYFORGE,EQ,38803,24211,62.39
20,956,HARDWYN,EQ,203456,116495,57.26
20,957,HARIOMPIPE,EQ,395649,190280,48.09
20,958,HARRMALAYA,EQ,651658,278858,42.79
20,959,HARSHA,EQ,115286,35922,31.16
20,960,HATHWAY,EQ,5089962,1737069,34.13
20,961,HATSUN,EQ,202708,70715,34.89
20,962,HAVELLS,EQ,584446,320812,54.89
20,963,HAVISHA,EQ,117579,102348,87.05
20,964,HBLPOWER,EQ,1863344,747336,40.11
20,965,HBSL,EQ,37404,13087,34.99
20,966,HCC,EQ,56517494,16905222,29.91
20,967,HCG,EQ,125705,75915,60.39
20,968,HCLTECH,EQ,3304053,2043899,61.86
20,969,HDFCAMC,EQ,201770,119801,59.38
20,970,HDFCBANK,EQ,22088537,14712286,66.61
20,971,HDFCBSE500,EQ,20299,11601,57.15
20,972,HDFCGOLD,EQ,1009385,867046,85.90
20,973,HDFCGROWTH,EQ,2905,1964,67.61
20,974,HDFCLIFE,EQ,3573349,2236549,62.59
20,975,HDFCLIQUID,EQ,702,475,67.66
20,976,HDFCLOWVOL,EQ,29164,20644,70.79
20,977,HDFCMID150,EQ,256385,134560,52.48
20,978,HDFCMOMENT,EQ,214527,158100,73.70
20,979,HDFCNEXT50,EQ,59326,37771,63.67
20,980,HDFCNIF100,EQ,26403,13621,51.59
20,981,HDFCNIFBAN,EQ,140410,106084,75.55
20,982,HDFCNIFIT,EQ,16132,12715,78.82
20,983,HDFCNIFTY,EQ,49870,44505,89.24
20,984,HDFCPSUBK,EQ,88927,78464,88.23
20,985,HDFCPVTBAN,EQ,83366,73422,88.07
20,986,HDFCQUAL,EQ,4409,3883,88.07
20,987,HDFCSENSEX,EQ,56772,53424,94.10
20,988,HDFCSILVER,EQ,123840,107445,86.76
20,989,HDFCSML250,EQ,237299,143512,60.48
20,990,HDFCVALUE,EQ,12878,12308,95.57
20,991,HEALTHADD,EQ,2372,2369,99.87
20,992,HEALTHIETF,EQ,75417,41609,55.17
20,993,HEALTHY,EQ,618190,457041,73.93
20,994,HEG,EQ,119057,48969,41.13
20,995,HEIDELBERG,EQ,271258,136536,50.33
20,996,HEMIPROP,EQ,5018726,1657576,33.03
20,997,HERANBA,EQ,64986,38235,58.84
20,998,HERCULES,EQ,122804,56484,46.00
20,999,HERITGFOOD,EQ,508514,304819,59.94
20,1000,HEROMOTOCO,EQ,491353,301967,61.46
20,1001,HESTERBIO,EQ,10940,6539,59.77
20,1002,HEUBACHIND,EQ,28119,15671,55.73
20,1003,HEXATRADEX,EQ,57508,39458,68.61
20,1004,HFCL,EQ,30814134,5284529,17.15
20,1005,HGINFRA,EQ,326755,149773,45.84
20,1006,HGS,EQ,24485,11076,45.24
20,1007,HIGREEN,SM,15200,11200,73.68
20,1008,HIKAL,EQ,513823,216228,42.08
20,1009,HIL,EQ,8133,5474,67.31
20,1010,HILTON,EQ,351820,208925,59.38
20,1011,HIMATSEIDE,EQ,216670,105145,48.53
20,1012,HINDALCO,EQ,6856272,3976698,58.00
20,1013,HINDCOMPOS,EQ,103315,16444,15.92
20,1014,HINDCOPPER,EQ,4854382,1741515,35.88
20,1015,HINDMOTORS,EQ,1058711,654486,61.82
20,1016,HINDOILEXP,EQ,9213337,2988544,32.44
20,1017,HINDPETRO,EQ,17148192,5475314,31.93
20,1018,HINDUNILVR,EQ,1432671,814563,56.86
20,1019,HINDWAREAP,EQ,555578,226323,40.74
20,1020,HINDZINC,EQ,503106,224707,44.66
20,1021,HIRECT,EQ,23631,18657,78.95
20,1022,HISARMETAL,EQ,23714,14990,63.21
20,1023,HITECH,EQ,2309246,1000232,43.31
20,1024,HITECHCORP,EQ,23334,15839,67.88
20,1025,HLEGLAS,EQ,102790,43361,42.18
20,1026,HMAAGRO,EQ,240340,161318,67.12
20,1027,HMVL,EQ,122968,63355,51.52
20,1028,HNDFDS,EQ,358149,126732,35.39
20,1029,HNGSNGBEES,EQ,95984,69426,72.33
20,1030,HOACFOODS,SM,6000,6000,100.00
20,1031,HOLMARC,SM,1500,1500,100.00
20,1032,HOMEFIRST,EQ,114621,52283,45.61
20,1033,HOMESFY,ST,4500,4200,93.33
20,1034,HONASA,EQ,654898,220259,33.63
20,1035,HONAUT,EQ,2299,898,39.06
20,1036,HONDAPOWER,EQ,10110,6454,63.84
20,1037,HPAL,EQ,286303,102523,35.81
20,1038,HPIL,EQ,4984,1231,24.70
20,1039,HPL,EQ,7018216,1423898,20.29
20,1040,HRHNEXT,SM,558000,318000,56.99
20,1041,HSCL,EQ,897241,547255,60.99
20,1042,HTMEDIA,EQ,490173,162299,33.11
20,1043,HUDCO,EQ,32754852,9658628,29.49
20,1044,HUHTAMAKI,EQ,274162,124350,45.36
20,1045,HYBRIDFIN,EQ,23513,12486,53.10
20,1046,IBHF24,ZD,13,13,100.00
20,1047,IBHFZC25B,AT,25,25,100.00
20,1048,IBLFL,SM,24000,24000,100.00
20,1049,IBULHSGFIN,EQ,4239165,1563290,36.88
20,1050,IBULPP,E1,1242840,952776,76.66
20,1051,ICEMAKE,EQ,16519,8244,49.91
20,1052,ICICIB22,EQ,1645164,1278711,77.73
20,1053,ICICIBANK,EQ,11307116,6090422,53.86
20,1054,ICICIGI,EQ,400733,262691,65.55
20,1055,ICICIPRULI,EQ,1902488,1083226,56.94
20,1056,ICIL,EQ,363996,225441,61.94
20,1057,ICRA,EQ,8354,5022,60.11
20,1058,IDBI,EQ,4078708,1725148,42.30
20,1059,IDEA,EQ,346369340,141895495,40.97
20,1060,IDEAFORGE,EQ,1211183,401304,33.13
20,1061,IDFC,EQ,1757535,760464,43.27
20,1062,IDFCFIRSTB,EQ,19229318,9132914,47.49
20,1063,IDFNIFTYET,EQ,628,426,67.83
20,1064,IEL,EQ,195953,151915,77.53
20,1065,IEML,SM,28000,22000,78.57
20,1066,IEX,EQ,6941666,2506971,36.11
20,1067,IFBAGRO,EQ,15196,6388,42.04
20,1068,IFBIND,EQ,16734,10096,60.33
20,1069,IFCI,EQ,16747243,4997590,29.84
20,1070,IFGLEXPOR,EQ,11710,6223,53.14
20,1071,IGARASHI,EQ,135980,78471,57.71
20,1072,IGL,EQ,1293225,527176,40.76
20,1073,IGPL,EQ,33858,17751,52.43
20,1074,IIFL,EQ,3142404,781633,24.87
20,1075,IIFLSEC,EQ,507301,265498,52.34
20,1076,IIFLZC25B,NW,8,8,100.00
20,1077,IIFLZC26A,NR,100,100,100.00
20,1078,IIFLZC28,NG,54,54,100.00
20,1079,IIFLZC28B,Y1,363,321,88.43
20,1080,IIFLZC28C,N6,54,18,33.33
20,1081,IITL,EQ,28074,14687,52.32
20,1082,IKIO,EQ,194528,95462,49.07
20,1083,IMAGICAA,EQ,1069347,699545,65.42
20,1084,IMC1,N2,30,30,100.00
20,1085,IMFA,EQ,47332,25562,54.01
20,1086,IMPAL,EQ,6873,4444,64.66
20,1087,INCREDIBLE,EQ,24468,15246,62.31
20,1088,INDBANK,EQ,122639,60170,49.06
20,1089,INDGN,EQ,2722821,1129059,41.47
20,1090,INDHOTEL,EQ,2785481,1752900,62.93
20,1091,INDIACEM,EQ,15786087,5423226,34.35
20,1092,INDIAGLYCO,EQ,1327644,474380,35.73
20,1093,INDIAMART,EQ,215881,59879,27.74
20,1094,INDIANB,EQ,1202130,772849,64.29
20,1095,INDIANCARD,EQ,6585,4319,65.59
20,1096,INDIANHUME,EQ,626391,198765,31.73
20,1097,INDIASHLTR,EQ,351026,269282,76.71
20,1098,INDIFRA,SM,26000,26000,100.00
20,1099,INDIGO,EQ,710193,466040,65.62
20,1100,INDIGOPNTS,EQ,649229,144928,22.32
20,1101,INDIGRID,IV,328334,267922,81.60
20,1102,INDNIPPON,EQ,103936,31065,29.89
20,1103,INDOAMIN,EQ,269646,92507,34.31
20,1104,INDOBORAX,EQ,84621,43154,51.00
20,1105,INDOCO,EQ,91554,51833,56.61
20,1106,INDORAMA,EQ,97187,49812,51.25
20,1107,INDOSTAR,EQ,233747,104915,44.88
20,1108,INDOTHAI,EQ,13808,2504,18.13
20,1109,INDOWIND,EQ,666666,578945,86.84
20,1110,INDRAMEDCO,EQ,188787,109927,58.23
20,1111,INDSWFTLAB,EQ,307195,132866,43.25
20,1112,INDTERRAIN,EQ,406922,310724,76.36
20,1113,INDUSINDBK,EQ,2416195,1351062,55.92
20,1114,INDUSTOWER,EQ,13286371,8364864,62.96
20,1115,INFIBEAM,EQ,7350653,3606427,49.06
20,1116,INFINIUM,SM,23000,10000,43.48
20,1117,INFOBEAN,EQ,14387,7785,54.11
20,1118,INFOLLION,SM,35200,23200,65.91
20,1119,INFRABEES,EQ,22758,14801,65.04
20,1120,INFRAIETF,EQ,160662,97392,60.62
20,1121,INFY,EQ,8857679,5954171,67.22
20,1122,INGERRAND,EQ,14366,8205,57.11
20,1123,INM,SM,3600,3600,100.00
20,1124,INNOVACAP,EQ,60886,46138,75.78
20,1125,INNOVANA,SM,600,400,66.67
20,1126,INOXGREEN,EQ,1568137,877590,55.96
20,1127,INOXINDIA,EQ,198050,109126,55.10
20,1128,INOXWIND,EQ,4382681,1716706,39.17
20,1129,INSECTICID,EQ,56365,37624,66.75
20,1130,INTELLECT,EQ,61529,33633,54.66
20,1131,INTENTECH,EQ,81732,44087,53.94
20,1132,INTLCONV,EQ,203911,110683,54.28
20,1133,INVENTURE,EQ,2598182,1559471,60.02
20,1134,IOB,EQ,8911223,3220157,36.14
20,1135,IOC,EQ,55143055,30206452,54.78
20,1136,IOLCP,EQ,161014,74741,46.42
20,1137,IONEXCHANG,EQ,1444006,473997,32.83
20,1138,IPCALAB,EQ,218538,66681,30.51
20,1139,IPL,EQ,394142,250473,63.55
20,1140,IPSL,SM,1000,1000,100.00
20,1141,IRB,EQ,77351160,30972230,40.04
20,1142,IRBINVIT,IV,567280,518750,91.45
20,1143,IRCON,EQ,20838354,5182638,24.87
20,1144,IRCTC,EQ,2328069,921953,39.60
20,1145,IREDA,EQ,200719317,31049407,15.47
20,1146,IRFC,EQ,121502241,26842678,22.09
20,1147,IRISDOREME,EQ,119052,61981,52.06
20,1148,IRMENERGY,EQ,98277,53639,54.58
20,1149,ISEC,EQ,279662,140196,50.13
20,1150,ISFT,EQ,167827,105481,62.85
20,1151,ISGEC,EQ,187818,116774,62.17
20,1152,ISHAN,SM,4176000,3888000,93.10
20,1153,ISMTLTD,EQ,302215,133513,44.18
20,1154,IT,EQ,54249,45907,84.62
20,1155,ITALIANE,SM,16000,16000,100.00
20,1156,ITBEES,EQ,4097448,2411696,58.86
20,1157,ITC,EQ,18831345,9916748,52.66
20,1158,ITDC,EQ,136284,39578,29.04
20,1159,ITDCEM,EQ,1789990,835771,46.69
20,1160,ITETF,EQ,10300738,8590023,83.39
20,1161,ITETFADD,EQ,17632,14197,80.52
20,1162,ITI,EQ,1225032,260914,21.30
20,1163,ITIETF,EQ,1885580,1687240,89.48
20,1164,IVC,EQ,583118,355440,60.96
20,1165,IVP,EQ,33089,16367,49.46
20,1166,IVZINGOLD,EQ,5,3,60.00
20,1167,IWEL,EQ,4090,3106,75.94
20,1168,IXIGO,EQ,1299027,566564,43.61
20,1169,IZMO,EQ,1227079,376860,30.71
20,1170,JAGRAN,EQ,2661081,1442453,54.21
20,1171,JAGSNPHARM,EQ,23244,16909,72.75
20,1172,JAICORPLTD,EQ,804358,215423,26.78
20,1173,JAINAM,SM,4000,4000,100.00
20,1174,JALAN,SM,147000,120000,81.63
20,1175,JAMNAAUTO,EQ,2007944,955913,47.61
20,1176,JASH,EQ,43441,20023,46.09
20,1177,JAYAGROGN,EQ,33537,20135,60.04
20,1178,JAYBARMARU,EQ,180609,92441,51.18
20,1179,JAYNECOIND,EQ,278018,166213,59.78
20,1180,JAYSREETEA,EQ,888674,344432,38.76
20,1181,JBCHEPHARM,EQ,352103,294527,83.65
20,1182,JBMA,EQ,157048,64177,40.86
20,1183,JCHAC,EQ,29905,15113,50.54
20,1184,JETFREIGHT,EQ,177502,125569,70.74
20,1185,JFLLIFE,SM,30000,24000,80.00
20,1186,JGCHEM,EQ,149928,59186,39.48
20,1187,JINDALPHOT,EQ,19703,7674,38.95
20,1188,JINDALPOLY,EQ,25877,15954,61.65
20,1189,JINDALSAW,EQ,471054,211778,44.96
20,1190,JINDALSTEL,EQ,1842467,904836,49.11
20,1191,JINDRILL,EQ,89799,38795,43.20
20,1192,JINDWORLD,EQ,56227,31575,56.16
20,1193,JIOFIN,EQ,8045640,4900911,60.91
20,1194,JISLDVREQS,EQ,232609,130972,56.31
20,1195,JISLJALEQS,EQ,7798591,3394280,43.52
20,1196,JITFINFRA,EQ,44011,33895,77.01
20,1197,JIWANRAM,SM,30000,24000,80.00
20,1198,J&KBANK,EQ,2256246,1053476,46.69
20,1199,JKCEMENT,EQ,82771,37944,45.84
20,1200,JKIL,EQ,456684,235257,51.51
20,1201,JKLAKSHMI,EQ,260724,121325,46.53
20,1202,JKPAPER,EQ,900919,428558,47.57
20,1203,JKTYRE,EQ,1715784,715625,41.71
20,1204,JLHL,EQ,82938,38564,46.50
20,1205,JMA,EQ,10574,7776,73.54
20,1206,JMFINANCIL,EQ,2450075,970349,39.60
20,1207,JNKINDIA,EQ,51456,33446,65.00
20,1208,JOCIL,EQ,11868,8376,70.58
20,1209,JPOLYINVST,EQ,11102,4504,40.57
20,1210,JPPOWER,EQ,19991033,12395324,62.00
20,1211,JSFB,EQ,233018,135198,58.02
20,1212,JSL,EQ,605970,363339,59.96
20,1213,JSLL,ST,10620,9720,91.53
20,1214,JSWENERGY,EQ,2727483,1371315,50.28
20,1215,JSWHL,EQ,3299,1529,46.35
20,1216,JSWINFRA,EQ,1343316,664836,49.49
20,1217,JSWSTEEL,EQ,2348723,1378467,58.69
20,1218,JTEKTINDIA,EQ,276961,101516,36.65
20,1219,JTLIND,EQ,3773156,1657945,43.94
20,1220,JUBLFOOD,EQ,2102625,1000539,47.59
20,1221,JUBLINDS,EQ,15369,9884,64.31
20,1222,JUBLINGREA,EQ,2375847,534589,22.50
20,1223,JUBLPHARMA,EQ,61333,28804,46.96
20,1224,JUNIORBEES,EQ,121508,70675,58.16
20,1225,JUNIPER,EQ,52032,24031,46.19
20,1226,JUSTDIAL,EQ,163173,68283,41.85
20,1227,JWL,EQ,1096487,540400,49.28
20,1228,JYOTHYLAB,EQ,560350,279646,49.91
20,1229,JYOTICNC,EQ,130711,86861,66.45
20,1230,K2INFRA,SM,249600,130800,52.40
20,1231,KABRAEXTRU,EQ,756016,260205,34.42
20,1232,KAJARIACER,EQ,156266,74969,47.98
20,1233,KAKATCEM,EQ,23431,10526,44.92
20,1234,KALAMANDIR,EQ,178535,97762,54.76
20,1235,KALYANKJIL,EQ,1094045,684845,62.60
20,1236,KAMATHOTEL,EQ,42953,32554,75.79
20,1237,KAMDHENU,EQ,187762,43640,23.24
20,1238,KAMOPAINTS,EQ,2019416,555676,27.52
20,1239,KANANIIND,EQ,868582,588981,67.81
20,1240,KANDARP,SM,172000,168000,97.67
20,1241,KANORICHEM,EQ,55248,32635,59.07
20,1242,KANPRPLA,EQ,40151,23507,58.55
20,1243,KANSAINER,EQ,1520940,973754,64.02
20,1244,KARMAENG,EQ,67875,35860,52.83
20,1245,KARNIKA,SM,12800,11200,87.50
20,1246,KARURVYSYA,EQ,1812198,1042781,57.54
20,1247,KAUSHALYA,EQ,1514,1467,96.90
20,1248,KAYA,EQ,365454,181321,49.62
20,1249,KAYNES,EQ,159953,54262,33.92
20,1250,KBCGLOBAL,EQ,15249074,7043123,46.19
20,1251,KCEIL,SM,174000,96500,55.46
20,1252,KCK,ST,64000,62000,96.88
20,1253,KCP,EQ,652106,333383,51.12
20,1254,KCPSUGIND,EQ,14768358,5307946,35.94
20,1255,KDDL,EQ,41760,15505,37.13
20,1256,KDL,SM,13100,9300,70.99
20,1257,KEC,EQ,601381,298759,49.68
20,1258,KECL,EQ,4004617,1626153,40.61
20,1259,KEI,EQ,120805,67013,55.47
20,1260,KEL,SM,8400,8400,100.00
20,1261,KELLTONTEC,EQ,3884457,1574340,40.53
20,1262,KERNEX,EQ,68048,56914,83.64
20,1263,KESORAMIND,EQ,1226206,260661,21.26
20,1264,KFINTECH,EQ,209217,98206,46.94
20,1265,KHADIM,EQ,24464,10005,40.90
20,1266,KHAICHEM,EQ,456276,196721,43.11
20,1267,KHAITANLTD,EQ,15198,8611,56.66
20,1268,KHANDSE,EQ,41627,22283,53.53
20,1269,KHFM,SM,31000,9300,30.00
20,1270,KICL,EQ,7953,4732,59.50
20,1271,KILITCH,EQ,6622,4092,61.79
20,1272,KIMS,EQ,38389,22169,57.75
20,1273,KINGFA,EQ,8872,5320,59.96
20,1274,KIOCL,EQ,173384,54186,31.25
20,1275,KIRIINDUS,EQ,80626,31103,38.58
20,1276,KIRLOSBROS,EQ,73146,34869,47.67
20,1277,KIRLOSENG,EQ,142603,102933,72.18
20,1278,KIRLOSIND,EQ,5735,2852,49.73
20,1279,KIRLPNU,EQ,258940,192871,74.48
20,1280,KITEX,EQ,151664,67104,44.25
20,1281,KKCL,EQ,27964,18394,65.78
20,1282,KLL,SM,118400,86400,72.97
20,1283,KNAGRI,SM,55200,46400,84.06
20,1284,KNRCON,EQ,2306265,836472,36.27
20,1285,KODYTECH,SM,6900,4200,60.87
20,1286,KOHINOOR,EQ,241532,114948,47.59
20,1287,KOKUYOCMLN,EQ,180206,99494,55.21
20,1288,KOLTEPATIL,EQ,108967,70353,64.56
20,1289,KONSTELEC,SM,87000,61000,70.11
20,1290,KONTOR,SM,82800,66000,79.71
20,1291,KOPRAN,EQ,405236,182564,45.05
20,1292,KORE,SM,7000,4500,64.29
20,1293,KOTAKBANK,EQ,4615372,3253565,70.49
20,1294,KOTARISUG,EQ,1851224,531194,28.69
20,1295,KOTHARIPET,EQ,425548,188071,44.20
20,1296,KOTHARIPRO,EQ,47451,26035,54.87
20,1297,KOTYARK,SM,14700,9800,66.67
20,1298,KPIGREEN,EQ,146453,98162,67.03
20,1299,KPIL,EQ,1604466,632525,39.42
20,1300,KPITTECH,EQ,895755,481638,53.77
20,1301,KPRMILL,EQ,316489,273848,86.53
20,1302,KRBL,EQ,1276809,542742,42.51
20,1303,KREBSBIO,EQ,48968,25188,51.44
20,1304,KRISHANA,EQ,23735,14349,60.46
20,1305,KRISHCA,SM,46500,33500,72.04
20,1306,KRISHNADEF,SM,261500,152500,58.32
20,1307,KRITI,EQ,92530,61652,66.63
20,1308,KRITIKA,EQ,358734,250998,69.97
20,1309,KRITINUT,EQ,400138,201587,50.38
20,1310,KRONOX,EQ,171767,98282,57.22
20,1311,KRSNAA,EQ,36336,21125,58.14
20,1312,KRYSTAL,EQ,49712,26234,52.77
20,1313,KSB,EQ,18640,9382,50.33
20,1314,KSCL,EQ,102275,34825,34.05
20,1315,KSL,EQ,152107,66957,44.02
20,1316,KSOLVES,EQ,30568,17493,57.23
20,1317,KTKBANK,EQ,742277,484936,65.33
20,1318,KTL,SM,15000,12000,80.00
20,1319,KUANTUM,EQ,316032,197782,62.58
20,1320,LAL,EQ,131244,79491,60.57
20,1321,LALPATHLAB,EQ,337348,228726,67.80
20,1322,LAMBODHARA,EQ,37603,25850,68.74
20,1323,LANCORHOL,EQ,293725,183633,62.52
20,1324,LANDMARK,EQ,51648,34834,67.45
20,1325,LAOPALA,EQ,106925,62334,58.30
20,1326,LASA,EQ,54063,26963,49.87
20,1327,LAURUSLABS,EQ,2175874,1322440,60.78
20,1328,LAWSIKHO,SM,18000,12500,69.44
20,1329,LAXMICOT,EQ,20515,14993,73.08
20,1330,LAXMIMACH,EQ,3263,1619,49.62
20,1331,LEMERITE,SM,67200,40000,59.52
20,1332,LEMONTREE,EQ,2845825,1486416,52.23
20,1333,LEXUS,EQ,39519,22697,57.43
20,1334,LFIC,EQ,9310,1733,18.61
20,1335,LGBBROSLTD,EQ,21683,10404,47.98
20,1336,LIBAS,EQ,133037,84249,63.33
20,1337,LIBERTSHOE,EQ,238138,105416,44.27
20,1338,LICHSGFIN,EQ,3014084,1529570,50.75
20,1339,LICI,EQ,3411317,1555722,45.60
20,1340,LICMFGOLD,EQ,126,97,76.98
20,1341,LICNETFGSC,EQ,11471,7591,66.18
20,1342,LICNETFN50,EQ,5373,5320,99.01
20,1343,LICNETFSEN,EQ,2752,2741,99.60
20,1344,LICNFNHGP,EQ,1049,883,84.18
20,1345,LICNMID100,EQ,22803,8076,35.42
20,1346,LIKHITHA,EQ,444072,167537,37.73
20,1347,LINC,EQ,21966,13050,59.41
20,1348,LINCOLN,EQ,26643,16384,61.49
20,1349,LINDEINDIA,EQ,94407,32111,34.01
20,1350,LIQUID,EQ,505850,473448,93.59
20,1351,LIQUID1,EQ,12880,12876,99.97
20,1352,LIQUIDADD,EQ,2041052,1494039,73.20
20,1353,LIQUIDBEES,EQ,3339635,2799185,83.82
20,1354,LIQUIDBETF,EQ,2108,1044,49.53
20,1355,LIQUIDCASE,EQ,7229273,6062889,83.87
20,1356,LIQUIDETF,EQ,246367,174510,70.83
20,1357,LIQUIDIETF,EQ,1690978,1442098,85.28
20,1358,LIQUIDSBI,EQ,75389,73236,97.14
20,1359,LIQUIDSHRI,EQ,8493,8343,98.23
20,1360,LLOYDS,SM,81000,78000,96.30
20,1361,LLOYDSENGG,EQ,8681536,3038722,35.00
20,1362,LLOYDSME,EQ,301836,206842,68.53
20,1363,LODHA,EQ,510491,269544,52.80
20,1364,LOTUSEYE,EQ,101738,46093,45.31
20,1365,LOVABLE,EQ,35791,21298,59.51
20,1366,LOWVOL,EQ,155,104,67.10
20,1367,LOWVOL1,EQ,49340,41266,83.64
20,1368,LOWVOLIETF,EQ,361143,249704,69.14
20,1369,LOYALTEX,EQ,100,47,47.00
20,1370,LRRPL,SM,72000,63000,87.50
20,1371,LT,EQ,2942924,1636340,55.60
20,1372,LTF,EQ,7184501,4376188,60.91
20,1373,LTFOODS,EQ,1228836,618756,50.35
20,1374,LTGILTBEES,EQ,3341914,3226708,96.55
20,1375,LTIM,EQ,266246,139671,52.46
20,1376,LTTS,EQ,156916,88049,56.11
20,1377,LUMAXIND,EQ,3096,1704,55.04
20,1378,LUMAXTECH,EQ,147150,76637,52.08
20,1379,LUPIN,EQ,836099,530320,63.43
20,1380,LUXIND,EQ,599231,229465,38.29
20,1381,LXCHEM,EQ,1082904,483958,44.69
20,1382,LYKALABS,EQ,48148,35104,72.91
20,1383,LYPSAGEMS,EQ,63173,36640,58.00
20,1384,MAANALU,EQ,204914,91498,44.65
20,1385,MADHAVBAUG,SM,1600,800,50.00
20,1386,MADHUSUDAN,SM,90000,65000,72.22
20,1387,MADRASFERT,EQ,1828192,600760,32.86
20,1388,MAFANG,EQ,633693,386090,60.93
20,1389,MAGADSUGAR,EQ,88733,23510,26.50
20,1390,MAGNUM,EQ,262462,212847,81.10
20,1391,MAGSON,SM,4000,4000,100.00
20,1392,MAHABANK,EQ,10091064,3975539,39.40
20,1393,MAHAPEXLTD,EQ,76019,24676,32.46
20,1394,MAHASTEEL,EQ,27617,15628,56.59
20,1395,MAHESHWARI,EQ,22338,15822,70.83
20,1396,MAHICKRA,SM,12750,9750,76.47
20,1397,MAHKTECH,EQ,1351160,1099725,81.39
20,1398,MAHLIFE,EQ,111109,62587,56.33
20,1399,MAHLOG,EQ,446913,225537,50.47
20,1400,MAHSCOOTER,EQ,4157,2502,60.19
20,1401,MAHSEAMLES,EQ,204307,140029,68.54
20,1402,MAITHANALL,EQ,37244,23294,62.54
20,1403,MAITREYA,SM,5600,5600,100.00
20,1404,MAKEINDIA,EQ,74618,64688,86.69
20,1405,MAL,SM,48000,46400,96.67
20,1406,MALLCOM,EQ,156495,81381,52.00
20,1407,MANAKALUCO,EQ,312967,196064,62.65
20,1408,MANAKSIA,EQ,78167,45172,57.79
20,1409,MANALIPETC,EQ,2331825,817875,35.07
20,1410,MANAPPURAM,EQ,8249713,3055664,37.04
20,1411,MANDEEP,SM,30000,28000,93.33
20,1412,MANGALAM,EQ,41901,21369,51.00
20,1413,MANGCHEFER,EQ,297420,119193,40.08
20,1414,MANGLMCEM,EQ,44383,27976,63.03
20,1415,MANINDS,EQ,327416,133649,40.82
20,1416,MANINFRA,EQ,961256,424913,44.20
20,1417,MANKIND,EQ,831254,551061,66.29
20,1418,MANOMAY,EQ,76224,18984,24.91
20,1419,MANUGRAPH,EQ,80816,59766,73.95
20,1420,MANYAVAR,EQ,85440,49970,58.49
20,1421,MAPMYINDIA,EQ,149172,49465,33.16
20,1422,MARALOVER,EQ,36886,18730,50.78
20,1423,MARATHON,EQ,38883,18259,46.96
20,1424,MARCO,SM,69000,42000,60.87
20,1425,MARICO,EQ,2390064,691663,28.94
20,1426,MARINE,EQ,191809,191152,99.66
20,1427,MARKSANS,EQ,3499189,1296702,37.06
20,1428,MARUTI,EQ,608983,281891,46.29
20,1429,MASFIN,EQ,121717,63425,52.11
20,1430,MASON,ST,470000,420000,89.36
20,1431,MASPTOP50,EQ,183344,137693,75.10
20,1432,MASTEK,EQ,203834,85827,42.11
20,1433,MASTER,SM,9000,4000,44.44
20,1434,MATRIMONY,EQ,15286,7210,47.17
20,1435,MAWANASUG,EQ,408599,117439,28.74
20,1436,MAXESTATES,EQ,268576,160758,59.86
20,1437,MAXHEALTH,EQ,2215017,1438871,64.96
20,1438,MAXIND,EQ,72463,44897,61.96
20,1439,MAXPOSURE,SM,136000,96000,70.59
20,1440,MAYURUNIQ,EQ,48180,26604,55.22
20,1441,MAZDA,EQ,219815,43853,19.95
20,1442,MAZDOCK,EQ,5958309,1212158,20.34
20,1443,MBAPL,EQ,8732,5901,67.58
20,1444,MBLINFRA,EQ,248177,132077,53.22
20,1445,MCL,EQ,27696,18021,65.07
20,1446,MCLEODRUSS,EQ,1906762,1202162,63.05
20,1447,MCON,SM,35000,32000,91.43
20,1448,MCX,EQ,368803,156859,42.53
20,1449,MDL,SM,56000,50000,89.29
20,1450,MEDANTA,EQ,251165,177288,70.59
20,1451,MEDIASSIST,EQ,353499,148158,41.91
20,1452,MEDICAMEQ,EQ,16219,9844,60.69
20,1453,MEDIORG,ST,48000,48000,100.00
20,1454,MEDPLUS,EQ,59448,32368,54.45
20,1455,MEGASOFT,EQ,175796,102962,58.57
20,1456,MEGASTAR,EQ,13956,8759,62.76
20,1457,MEGATHERM,SM,43200,26800,62.04
20,1458,MENONBE,EQ,77754,42917,55.20
20,1459,METROBRAND,EQ,160009,85253,53.28
20,1460,METROPOLIS,EQ,158895,94561,59.51
20,1461,MFSL,EQ,666819,440479,66.06
20,1462,MGEL,EQ,2404332,1294477,53.84
20,1463,MGL,EQ,680261,149699,22.01
20,1464,MHHL,SM,7500,6000,80.00
20,1465,MHLXMIRU,EQ,37840,18750,49.55
20,1466,MHRIL,EQ,131061,60568,46.21
20,1467,MICROPRO,SM,22400,20800,92.86
20,1468,MID150BEES,EQ,243069,133237,54.81
20,1469,MID150CASE,EQ,95136,76413,80.32
20,1470,MIDCAP,EQ,83266,68015,81.68
20,1471,MIDCAPETF,EQ,972744,681881,70.10
20,1472,MIDCAPIETF,EQ,268775,145802,54.25
20,1473,MIDHANI,EQ,3638305,1102350,30.30
20,1474,MIDQ50ADD,EQ,2313,1996,86.29
20,1475,MIDSELIETF,EQ,121792,87875,72.15
20,1476,MIDSMALL,EQ,369884,350425,94.74
20,1477,MILTON,SM,4400,4400,100.00
20,1478,MINDACORP,EQ,149041,68438,45.92
20,1479,MINDSPACE,RR,65711,57032,86.79
20,1480,MINDTECK,EQ,727380,302598,41.60
20,1481,MIRCELECTR,EQ,303859,200951,66.13
20,1482,MIRZAINT,EQ,689247,349888,50.76
20,1483,MITCON,EQ,61262,32425,52.93
20,1484,MITTAL,EQ,2041766,1371790,67.19
20,1485,M&M,EQ,4314565,2389458,55.38
20,1486,M&MFIN,EQ,5083335,1920893,37.79
20,1487,MMFL,EQ,131104,72465,55.27
20,1488,MMP,EQ,148547,92216,62.08
20,1489,MMTC,EQ,10954816,3158497,28.83
20,1490,MNC,EQ,27891,15044,53.94
20,1491,MOGSEC,EQ,402,317,78.86
20,1492,MOHEALTH,EQ,45326,32836,72.44
20,1493,MOIL,EQ,1769293,418264,23.64
20,1494,MOL,EQ,1067844,556225,52.09
20,1495,MOLDTECH,EQ,83170,43255,52.01
20,1496,MOLDTKPAC,EQ,29082,16782,57.71
20,1497,MOLOWVOL,EQ,336977,335674,99.61
20,1498,MOM100,EQ,310120,145704,46.98
20,1499,MOM30IETF,EQ,666539,412530,61.89
20,1500,MOM50,EQ,1501,1459,97.20
20,1501,MOMENTUM,EQ,83718,71932,85.92
20,1502,MOMOMENTUM,EQ,304086,194992,64.12
20,1503,MON100,EQ,299932,220562,73.54
20,1504,MONARCH,EQ,23833,14018,58.82
20,1505,MONIFTY500,EQ,351345,320120,91.11
20,1506,MONOPHARMA,SM,18000,14000,77.78
20,1507,MONQ50,EQ,31625,25167,79.58
20,1508,MONTECARLO,EQ,44296,20310,45.85
20,1509,MOQUALITY,EQ,39898,39853,99.89
20,1510,MOREALTY,EQ,211834,187337,88.44
20,1511,MOREPENLAB,EQ,2939650,1076931,36.63
20,1512,MOS,SM,163200,122400,75.00
20,1513,MOSMALL250,EQ,430473,316721,73.58
20,1514,MOTHERSON,EQ,16800088,6786665,40.40
20,1515,MOTILALOFS,EQ,345907,210423,60.83
20,1516,MOTISONS,EQ,228237,118869,52.08
20,1517,MOTOGENFIN,EQ,33662,12948,38.46
20,1518,MOVALUE,EQ,267520,195291,73.00
20,1519,MOXSH,SM,7200,7200,100.00
20,1520,MPHASIS,EQ,371430,179079,48.21
20,1521,MPSLTD,EQ,10624,6050,56.95
20,1522,MPTODAY,SM,10000,10000,100.00
20,1523,MRF,EQ,3872,1132,29.24
20,1524,MRPL,EQ,30364383,6700748,22.07
20,1525,MSPL,EQ,559380,444669,79.49
20,1526,MSTCLTD,EQ,816167,283442,34.73
20,1527,MSUMI,EQ,8622346,5837872,67.71
20,1528,MTARTECH,EQ,468881,161684,34.48
20,1529,MTNL,EQ,4711830,1486108,31.54
20,1530,MUFIN,EQ,92821,42670,45.97
20,1531,MUFTI,EQ,453199,246179,54.32
20,1532,MUKANDLTD,EQ,89057,49034,55.06
20,1533,MUKKA,EQ,744874,429870,57.71
20,1534,MUKTAARTS,EQ,26986,15843,58.71
20,1535,MUNJALAU,EQ,159365,89652,56.26
20,1536,MUNJALSHOW,EQ,81221,47663,58.68
20,1537,MURUDCERA,EQ,44171,29059,65.79
20,1538,MUTHOOTCAP,EQ,22409,10268,45.82
20,1539,MUTHOOTFIN,EQ,315839,155395,49.20
20,1540,MUTHOOTMF,EQ,189651,92164,48.60
20,1541,MVGJL,EQ,49954,26506,53.06
20,1542,MVKAGRO,SM,160800,111600,69.40
20,1543,MWL,SM,12000,10800,90.00
20,1544,NACLIND,EQ,542893,351699,64.78
20,1545,NAGAFERT,EQ,1493286,914483,61.24
20,1546,NAGREEKEXP,EQ,33659,12053,35.81
20,1547,NAHARCAP,EQ,10494,3329,31.72
20,1548,NAHARINDUS,EQ,44407,23396,52.69
20,1549,NAHARPOLY,EQ,35993,20012,55.60
20,1550,NAHARSPING,EQ,71036,29462,41.47
20,1551,NAMAN,SM,30400,19200,63.16
20,1552,NAM-INDIA,EQ,414215,195968,47.31
20,1553,NATCOPHARM,EQ,446989,230228,51.51
20,1554,NATHBIOGEN,EQ,83930,48370,57.63
20,1555,NATIONALUM,EQ,7758710,3311775,42.68
20,1556,NAUKRI,EQ,271979,159477,58.64
20,1557,NAVA,EQ,101085,67684,66.96
20,1558,NAVINFLUOR,EQ,87835,46961,53.47
20,1559,NAVINIFTY,EQ,348,235,67.53
20,1560,NAVKARCORP,EQ,8987099,2381396,26.50
20,1561,NAVNETEDUL,EQ,319487,207544,64.96
20,1562,NAZARA,EQ,215016,59003,27.44
20,1563,NBCC,EQ,48754660,15466360,31.72
20,1564,NBIFIN,EQ,1429,377,26.38
20,1565,NCC,EQ,3638658,1117427,30.71
20,1566,NCLIND,EQ,233942,100776,43.08
20,1567,NDL,EQ,3695479,1729941,46.81
20,1568,NDLVENTURE,EQ,11164,7770,69.60
20,1569,NDRAUTO,EQ,148848,33910,22.78
20,1570,NDRINVIT,IV,200000,200000,100.00
20,1571,NDTV,EQ,120352,54591,45.36
20,1572,NECCLTD,EQ,295118,157134,53.24
20,1573,NECLIFE,EQ,550786,208978,37.94
20,1574,NELCAST,EQ,75912,39797,52.43
20,1575,NELCO,EQ,555330,151112,27.21
20,1576,NEOGEN,EQ,32969,14706,44.61
20,1577,NEPHROCARE,ST,32000,32000,100.00
20,1578,NESCO,EQ,168923,74228,43.94
20,1579,NESTLEIND,EQ,1053799,603508,57.27
20,1580,NETF,EQ,2468,1905,77.19
20,1581,NETWEB,EQ,130559,79045,60.54
20,1582,NETWORK18,EQ,715634,395891,55.32
20,1583,NEULANDLAB,EQ,45814,29851,65.16
20,1584,NEWGEN,EQ,136932,96242,70.28
20,1585,NEWJAISA,SM,73500,63000,85.71
20,1586,NEXT50,EQ,7265,6380,87.82
20,1587,NEXT50IETF,EQ,276445,164911,59.65
20,1588,NEXTMEDIA,EQ,8352,6893,82.53
20,1589,NFL,EQ,11813521,3266476,27.65
20,1590,NGIL,EQ,26264,14399,54.82
20,1591,NGLFINE,EQ,1436,821,57.17
20,1592,NH,EQ,928998,815910,87.83
20,1593,NHPC,EQ,178198788,57398835,32.21
20,1594,NIACL,EQ,9459235,2662211,28.14
20,1595,NIBL,EQ,10740,6605,61.50
20,1596,NIDAN,SM,23000,14000,60.87
20,1597,NIF100BEES,EQ,9460,5399,57.07
20,1598,NIF100IETF,EQ,44433,23173,52.15
20,1599,NIF10GETF,EQ,1309,1272,97.17
20,1600,NIF5GETF,EQ,477,230,48.22
20,1601,NIFITETF,EQ,560,480,85.71
20,1602,NIFMID150,EQ,1247,791,63.43
20,1603,NIFTY1,EQ,14163,11761,83.04
20,1604,NIFTY50ADD,EQ,5162,3420,66.25
20,1605,NIFTYBEES,EQ,1888571,1171262,62.02
20,1606,NIFTYBETF,EQ,2475,2432,98.26
20,1607,NIFTYETF,EQ,87820,78187,89.03
20,1608,NIFTYIETF,EQ,516746,431664,83.54
20,1609,NIFTYQLITY,EQ,133118,128828,96.78
20,1610,NIITLTD,EQ,949413,348412,36.70
20,1611,NIITMTS,EQ,88494,49115,55.50
20,1612,NILAINFRA,EQ,1189926,845401,71.05
20,1613,NILKAMAL,EQ,8005,5006,62.54
20,1614,NINSYS,EQ,2035,1540,75.68
20,1615,NIPPOBATRY,EQ,12745,5301,41.59
20,1616,NIRAJ,EQ,70213,43491,61.94
20,1617,NIRMAN,SM,52200,34200,65.52
20,1618,NITCO,EQ,181360,112680,62.13
20,1619,NITINSPIN,EQ,74169,39018,52.61
20,1620,NKIND,EQ,1210,905,74.79
20,1621,NLCINDIA,EQ,20525540,7097896,34.58
20,1622,NMDC,EQ,7005866,3048698,43.52
20,1623,NOCIL,EQ,419390,180086,42.94
20,1624,NORBTEAEXP,EQ,1749,1465,83.76
20,1625,NOVAAGRI,EQ,2842390,1199372,42.20
20,1626,NPBET,EQ,1306,1205,92.27
20,1627,NPST,SM,8400,5800,69.05
20,1628,NRAIL,EQ,14926,7851,52.60
20,1629,NRBBEARING,EQ,91803,49589,54.02
20,1630,NRL,EQ,118578,62389,52.61
20,1631,NSIL,EQ,4301,1749,40.66
20,1632,NSLNISP,EQ,43685592,12176313,27.87
20,1633,NTPC,EQ,19873143,11607473,58.41
20,1634,NUCLEUS,EQ,23866,14415,60.40
20,1635,NURECA,EQ,13497,8521,63.13
20,1636,NUVAMA,EQ,41746,25911,62.07
20,1637,NUVOCO,EQ,723741,488762,67.53
20,1638,NV20,EQ,7220,4175,57.83
20,1639,NV20BEES,EQ,7529,6612,87.82
20,1640,NV20IETF,EQ,427915,242817,56.74
20,1641,NXST,RR,98985,91220,92.16
20,1642,NYKAA,EQ,3117722,1264507,40.56
20,1643,OAL,EQ,13761,7808,56.74
20,1644,OBCL,EQ,35631,21943,61.58
20,1645,OBEROIRLTY,EQ,482251,287379,59.59
20,1646,OFSS,EQ,154221,74128,48.07
20,1647,OIL,EQ,10303383,2427510,23.56
20,1648,OLECTRA,EQ,499464,157353,31.50
20,1649,OLIL,SM,148800,80400,54.03
20,1650,OMAXE,EQ,389978,236286,60.59
20,1651,OMFURN,SM,2400,2400,100.00
20,1652,ONDOOR,SM,5400,4200,77.78
20,1653,ONEPOINT,EQ,3359700,1557689,46.36
20,1654,ONGC,EQ,36020507,14746028,40.94
20,1655,ONMOBILE,EQ,338782,153139,45.20
20,1656,ONWARDTEC,EQ,58970,35529,60.25
20,1657,OPTIEMUS,EQ,469015,264119,56.31
20,1658,ORBTEXP,EQ,19528,9996,51.19
20,1659,ORCHPHARMA,EQ,45204,21831,48.29
20,1660,ORIANA,SM,82350,53400,64.85
20,1661,ORICONENT,EQ,738202,318919,43.20
20,1662,ORIENTALTL,EQ,169837,89878,52.92
20,1663,ORIENTBELL,EQ,17543,8711,49.66
20,1664,ORIENTCEM,EQ,2090756,926481,44.31
20,1665,ORIENTCER,EQ,577761,522994,90.52
20,1666,ORIENTELEC,EQ,279647,140024,50.07
20,1667,ORIENTHOT,EQ,137906,63885,46.33
20,1668,ORIENTLTD,EQ,28169,22862,81.16
20,1669,ORIENTPPR,EQ,3188424,1158649,36.34
20,1670,ORISSAMINE,EQ,57726,18114,31.38
20,1671,ORTINLAB,EQ,10325,9258,89.67
20,1672,OSWALAGRO,EQ,56453,30854,54.65
20,1673,OSWALGREEN,EQ,459977,267503,58.16
20,1674,OWAIS,SM,22400,14400,64.29
20,1675,PAGEIND,EQ,11552,5015,43.41
20,1676,PAISALO,EQ,6332372,3361800,53.09
20,1677,PAKKA,EQ,84085,43415,51.63
20,1678,PALASHSECU,EQ,7147,3738,52.30
20,1679,PANACEABIO,EQ,127146,59718,46.97
20,1680,PANAMAPET,EQ,153511,59798,38.95
20,1681,PANSARI,EQ,7423,4751,64.00
20,1682,PAR,EQ,16998,13163,77.44
20,1683,PARADEEP,EQ,2656743,826734,31.12
20,1684,PARAGMILK,EQ,505604,272265,53.85
20,1685,PARAGON,SM,30000,22800,76.00
20,1686,PARAS,EQ,796405,280734,35.25
20,1687,PARIN,SM,7000,7000,100.00
20,1688,PARKHOTELS,EQ,276710,129976,46.97
20,1689,PARSVNATH,EQ,1333391,535674,40.17
20,1690,PASHUPATI,SM,6400,3200,50.00
20,1691,PASUPTAC,EQ,246931,141910,57.47
20,1692,PATANJALI,EQ,393802,268461,68.17
20,1693,PATELENG,EQ,7283029,3803059,52.22
20,1694,PATINTLOG,EQ,7674518,2676597,34.88
20,1695,PAVNAIND,EQ,8549,4579,53.56
20,1696,PAYTM,EQ,5700801,2473681,43.39
20,1697,PCBL,EQ,10683289,3266222,30.57
20,1698,PCCL,ST,367200,336000,91.50
20,1699,PCJEWELLER,EQ,15815687,6313227,39.92
20,1700,PDMJEPAPER,EQ,508219,206045,40.54
20,1701,PDSL,EQ,99382,51372,51.69
20,1702,PEL,EQ,1655657,1048018,63.30
20,1703,PENIND,EQ,1215576,514581,42.33
20,1704,PENINLAND,EQ,831979,392896,47.22
20,1705,PENTAGON,SM,9000,7000,77.78
20,1706,PERFECT,SM,39000,30000,76.92
20,1707,PERSISTENT,EQ,378000,168991,44.71
20,1708,PETRONET,EQ,5081134,2703846,53.21
20,1709,PFC,EQ,10824586,2973712,27.47
20,1710,PFIZER,EQ,31982,13924,43.54
20,1711,PFOCUS,EQ,95521,57491,60.19
20,1712,PFS,EQ,3594025,1323337,36.82
20,1713,PGEL,EQ,1951550,1202082,61.60
20,1714,PGHH,EQ,4604,2298,49.91
20,1715,PGHL,EQ,3807,2568,67.45
20,1716,PGIL,EQ,52639,21677,41.18
20,1717,PGINVIT,IV,1599889,1553313,97.09
20,1718,PHANTOMFX,SM,61800,42000,67.96
20,1719,PHARMABEES,EQ,4419999,3242015,73.35
20,1720,PHOENIXLTD,EQ,560506,388023,69.23
20,1721,PIDILITIND,EQ,258142,162037,62.77
20,1722,PIIND,EQ,125448,71899,57.31
20,1723,PILANIINVS,EQ,8267,4478,54.17
20,1724,PILITA,EQ,106510,60833,57.11
20,1725,PIONEEREMB,EQ,70441,49812,70.71
20,1726,PITTIENG,EQ,81304,51747,63.65
20,1727,PIXTRANS,EQ,35669,18037,50.57
20,1728,PLADAINFO,SM,6000,6000,100.00
20,1729,PLASTIBLEN,EQ,309864,129165,41.68
20,1730,PLATIND,EQ,1411779,724006,51.28
20,1731,PLAZACABLE,EQ,55135,31688,57.47
20,1732,PNB,EQ,25511815,12187790,47.77
20,1733,PNBGILTS,EQ,514839,247584,48.09
20,1734,PNBHOUSING,EQ,502251,257789,51.33
20,1735,PNC,EQ,316730,176048,55.58
20,1736,PNCINFRA,EQ,589751,247013,41.88
20,1737,POCL,EQ,166273,79509,47.82
20,1738,PODDARMENT,EQ,20147,10351,51.38
20,1739,POKARNA,EQ,118018,36192,30.67
20,1740,POLICYBZR,EQ,1360719,635664,46.72
20,1741,POLYCAB,EQ,973579,493692,50.71
20,1742,POLYMED,EQ,51367,32936,64.12
20,1743,POLYPLEX,EQ,156326,83767,53.58
20,1744,POLYSIL,SM,6000,6000,100.00
20,1745,PONNIERODE,EQ,390560,177454,45.44
20,1746,POONAWALLA,EQ,5944357,2873086,48.33
20,1747,POWERGRID,EQ,12642065,6635517,52.49
20,1748,POWERINDIA,EQ,48547,21048,43.36
20,1749,POWERMECH,EQ,255711,87023,34.03
20,1750,PPAP,EQ,7915,5167,65.28
20,1751,PPL,EQ,95146,46173,48.53
20,1752,PPLPHARMA,EQ,1337060,690459,51.64
20,1753,PRAENG,EQ,301879,167859,55.60
20,1754,PRAJIND,EQ,1195262,261287,21.86
20,1755,PRAKASH,EQ,802001,399375,49.80
20,1756,PRAMARA,SM,6000,6000,100.00
20,1757,PRATHAM,SM,67200,48000,71.43
20,1758,PRECAM,EQ,137153,73206,53.38
20,1759,PRECISION,SM,20000,16000,80.00
20,1760,PRECOT,EQ,33924,14266,42.05
20,1761,PRECWIRE,EQ,652486,234865,36.00
20,1762,PREMIERPOL,EQ,92072,46983,51.03
20,1763,PRESSTONIC,SM,28800,19200,66.67
20,1764,PRESTIGE,EQ,1444574,981307,67.93
20,1765,PRICOLLTD,EQ,269721,142078,52.68
20,1766,PRIMESECU,EQ,62605,38212,61.04
20,1767,PRINCEPIPE,EQ,69370,43481,62.68
20,1768,PRITI,EQ,24680,16370,66.33
20,1769,PRITIKA,SM,142000,94000,66.20
20,1770,PRITIKAUTO,EQ,249849,152884,61.19
20,1771,PRIVISCL,EQ,31509,13289,42.18
20,1772,PRLIND,SM,162000,86000,53.09
20,1773,PROLIFE,SM,500,500,100.00
20,1774,PROPEQUITY,SM,8400,8400,100.00
20,1775,PROV,SM,960,960,100.00
20,1776,PROZONER,EQ,245674,123632,50.32
20,1777,PRSMJOHNSN,EQ,600483,155852,25.95
20,1778,PRUDENT,EQ,21735,13676,62.92
20,1779,PRUDMOULI,EQ,21145,18327,86.67
20,1780,PSB,EQ,1190565,527522,44.31
20,1781,PSPPROJECT,EQ,73725,48788,66.18
20,1782,PSUBANK,EQ,16002,9313,58.20
20,1783,PSUBANKADD,EQ,18444,13069,70.86
20,1784,PSUBNKBEES,EQ,1814055,1110098,61.19
20,1785,PSUBNKIETF,EQ,240587,166517,69.21
20,1786,PTC,EQ,3235408,1580532,48.85
20,1787,PTCIL,EQ,21984,9666,43.97
20,1788,PTL,EQ,434498,294922,67.88
20,1789,PULZ,SM,29000,24000,82.76
20,1790,PUNJABCHEM,EQ,8152,4589,56.29
20,1791,PURVFLEXI,SM,3200,3200,100.00
20,1792,PVP,EQ,283786,159283,56.13
20,1793,PVRINOX,EQ,285219,117642,41.25
20,1794,PVSL,EQ,56030,32307,57.66
20,1795,PVTBANIETF,EQ,812003,526721,64.87
20,1796,PVTBANKADD,EQ,64643,53694,83.06
20,1797,PYRAMID,EQ,88004,44245,50.28
20,1798,QGOLDHALF,EQ,22348,20380,91.19
20,1799,QMSMEDI,SM,209000,84000,40.19
20,1800,QNIFTY,EQ,494,250,50.61
20,1801,QUADPRO,SM,24000,24000,100.00
20,1802,QUAL30IETF,EQ,138926,123988,89.25
20,1803,QUESS,EQ,98759,45808,46.38
20,1804,QUESTLAB,SM,16800,14400,85.71
20,1805,QUICKHEAL,EQ,53776,29304,54.49
20,1806,QUICKTOUCH,SM,7000,5000,71.43
20,1807,RACE,EQ,11238,6572,58.48
20,1808,RADHIKAJWE,EQ,289073,131983,45.66
20,1809,RADIANTCMS,EQ,462697,296801,64.15
20,1810,RADICO,EQ,73875,36084,48.84
20,1811,RADIOCITY,EQ,807864,381724,47.25
20,1812,RADIOCITY,P1,300,300,100.00
20,1813,RADIOWALLA,SM,19200,17600,91.67
20,1814,RAILTEL,EQ,5314924,1230031,23.14
20,1815,RAIN,EQ,1849619,739243,39.97
20,1816,RAINBOW,EQ,77788,47520,61.09
20,1817,RAJESHEXPO,EQ,3890921,773808,19.89
20,1818,RAJMET,EQ,2135835,1478666,69.23
20,1819,RAJRATAN,EQ,55265,28782,52.08
20,1820,RAJSREESUG,EQ,1073836,345623,32.19
20,1821,RALLIS,EQ,564263,237893,42.16
20,1822,RAMANEWS,EQ,61478,36168,58.83
20,1823,RAMAPHO,EQ,15853,9307,58.71
20,1824,RAMASTEEL,EQ,16961877,5353782,31.56
20,1825,RAMCOCEM,EQ,481386,241214,50.11
20,1826,RAMCOIND,EQ,289339,115964,40.08
20,1827,RAMKY,EQ,401905,238391,59.32
20,1828,RAMRAT,EQ,94872,28701,30.25
20,1829,RANASUG,EQ,4926577,1826994,37.08
20,1830,RANEENGINE,EQ,40614,20132,49.57
20,1831,RANEHOLDIN,EQ,62210,28071,45.12
20,1832,RATEGAIN,EQ,322816,150595,46.65
20,1833,RATNAMANI,EQ,120692,107211,88.83
20,1834,RATNAVEER,EQ,944947,311378,32.95
20,1835,RBA,EQ,3717443,1870806,50.33
20,1836,RBL,EQ,49771,22129,44.46
20,1837,RBLBANK,EQ,4041521,1876513,46.43
20,1838,RBMINFRA,SM,15000,12000,80.00
20,1839,RBS,SM,51200,40000,78.13
20,1840,RCDL,SM,81000,57000,70.37
20,1841,RCF,EQ,10203932,2654093,26.01
20,1842,RECLTD,EQ,14945910,3684191,24.65
20,1843,REDINGTON,EQ,1630623,822245,50.43
20,1844,REDTAPE,EQ,219773,165300,75.21
20,1845,REFEX,EQ,5475439,1763147,32.20
20,1846,REFRACTORY,SM,28000,20000,71.43
20,1847,RELAXO,EQ,54298,26475,48.76
20,1848,RELCHEMQ,EQ,33346,18614,55.82
20,1849,RELIABLE,EQ,6510,6510,100.00
20,1850,RELIANCE,EQ,5970473,2520003,42.21
20,1851,RELIGARE,EQ,5694427,3092932,54.32
20,1852,RELINFRA,EQ,2748761,887333,32.28
20,1853,REMSONSIND,EQ,28038,17564,62.64
20,1854,REMUS,SM,8700,5500,63.22
20,1855,RENUKA,EQ,52135717,10599425,20.33
20,1856,REPCOHOME,EQ,157924,74583,47.23
20,1857,REPL,EQ,6201,3506,56.54
20,1858,REPRO,EQ,26662,15668,58.77
20,1859,RESPONIND,EQ,833368,213076,25.57
20,1860,RETAIL,EQ,815557,252883,31.01
20,1861,REXPIPES,SM,54000,48000,88.89
20,1862,RGL,EQ,320507,172158,53.71
20,1863,RHIM,EQ,277461,187108,67.44
20,1864,RHL,EQ,10086,5749,57.00
20,1865,RICHA,SM,3000,3000,100.00
20,1866,RICOAUTO,EQ,701203,298608,42.59
20,1867,RIIL,EQ,202381,41198,20.36
20,1868,RILINFRA,SM,27300,27300,100.00
20,1869,RISHABH,EQ,83869,36781,43.86
20,1870,RITCO,EQ,83464,33586,40.24
20,1871,RITES,EQ,1785011,673096,37.71
20,1872,RITEZONE,SM,3200,3200,100.00
20,1873,RKFORGE,EQ,506541,234446,46.28
20,1874,RKSWAMY,EQ,582441,318276,54.65
20,1875,RMDRIP,SM,7000,4000,57.14
20,1876,RML,EQ,33519,13191,39.35
20,1877,ROCKINGDCE,SM,23000,13250,57.61
20,1878,ROHLTD,EQ,216640,146378,67.57
20,1879,ROLEXRINGS,EQ,21294,8552,40.16
20,1880,ROSSARI,EQ,57963,25739,44.41
20,1881,ROSSELLIND,EQ,125017,47956,38.36
20,1882,ROTO,EQ,287023,105087,36.61
20,1883,ROUTE,EQ,75990,30332,39.92
20,1884,ROXHITECH,SM,134400,99200,73.81
20,1885,RPGLIFE,EQ,11535,3817,33.09
20,1886,RPOWER,EQ,13346581,7006366,52.50
20,1887,RPPINFRA,EQ,1008058,336726,33.40
20,1888,RPPL,EQ,66374,26010,39.19
20,1889,RPSGVENT,EQ,38835,17387,44.77
20,1890,RPTECH,EQ,1813460,431764,23.81
20,1891,RRKABEL,EQ,35828,17767,49.59
20,1892,RSWM,EQ,97462,41699,42.78
20,1893,RSYSTEMS,EQ,69315,33492,48.32
20,1894,RTNINDIA,EQ,1854020,723885,39.04
20,1895,RTNPOWER,EQ,24668519,16863419,68.36
20,1896,RUBYMILLS,EQ,27272,12614,46.25
20,1897,RUCHINFRA,EQ,394118,275048,69.79
20,1898,RUCHIRA,EQ,147702,51669,34.98
20,1899,RULKA,SM,13800,12000,86.96
20,1900,RUPA,EQ,179643,93161,51.86
20,1901,RUSHIL,EQ,100884,62214,61.67
20,1902,RUSTOMJEE,EQ,142581,52018,36.48
20,1903,RVHL,EQ,131074,104167,79.47
20,1904,RVNL,EQ,95328327,13900669,14.58
20,1905,SAAKSHI,SM,35400,26400,74.58
20,1906,SABAR,SM,90000,90000,100.00
20,1907,SADBHIN,EQ,340644,226551,66.51
20,1908,SADHAV,SM,462000,212400,45.97
20,1909,SADHNANIQ,EQ,3167823,1467123,46.31
20,1910,SAFARI,EQ,17071,9123,53.44
20,1911,SAGARDEEP,EQ,440464,201487,45.74
20,1912,SAGCEM,EQ,79501,42343,53.26
20,1913,SAH,EQ,70445,27633,39.23
20,1914,SAHAJ,SM,88000,56000,63.64
20,1915,SAHANA,SM,3250,2250,69.23
20,1916,SAHYADRI,EQ,5676,3202,56.41
20,1917,SAIFL,SM,15200,12800,84.21
20,1918,SAIL,EQ,30388365,15623999,51.41
20,1919,SAKAR,EQ,17038,9769,57.34
20,1920,SAKHTISUG,EQ,3861900,1293268,33.49
20,1921,SAKSOFT,EQ,761640,274594,36.05
20,1922,SAKUMA,EQ,10680722,2377022,22.26
20,1923,SALASAR,EQ,3662406,1766466,48.23
20,1924,SALONA,EQ,1763,1193,67.67
20,1925,SALZERELEC,EQ,179648,99679,55.49
20,1926,SAMBHAAV,EQ,80522,47861,59.44
20,1927,SAMHI,EQ,1013242,684536,67.56
20,1928,SANDESH,EQ,5067,2629,51.88
20,1929,SANDHAR,EQ,1171752,540704,46.14
20,1930,SANDUMA,EQ,140986,59146,41.95
20,1931,SANGAMIND,EQ,29154,12006,41.18
20,1932,SANGANI,SM,9000,6000,66.67
20,1933,SANGHIIND,EQ,567588,257073,45.29
20,1934,SANGHVIMOV,EQ,113126,67374,59.56
20,1935,SANGINITA,EQ,71293,51783,72.63
20,1936,SANOFI,EQ,7601,4401,57.90
20,1937,SANSERA,EQ,212797,118653,55.76
20,1938,SAPPHIRE,EQ,404694,376631,93.07
20,1939,SARDAEN,EQ,2809438,914433,32.55
20,1940,SAREGAMA,EQ,174706,90587,51.85
20,1941,SARLAPOLY,EQ,371691,161957,43.57
20,1942,SAROJA,SM,4800,4800,100.00
20,1943,SARTELE,SM,154500,94500,61.17
20,1944,SARVESHWAR,EQ,3397625,2025826,59.62
20,1945,SASKEN,EQ,15375,8516,55.39
20,1946,SASTASUNDR,EQ,33573,21401,63.74
20,1947,SATIA,EQ,334240,176763,52.89
20,1948,SATIN,EQ,301377,163752,54.33
20,1949,SATINDLTD,EQ,315724,155196,49.16
20,1950,SAURASHCEM,EQ,160893,76387,47.48
20,1951,SBC,EQ,3505587,2067824,58.99
20,1952,SBCL,EQ,138848,60680,43.70
20,1953,SBFC,EQ,2540326,1272187,50.08
20,1954,SBGLP,EQ,1076816,453002,42.07
20,1955,SBICARD,EQ,1747827,831811,47.59
20,1956,SBIETFCON,EQ,7508,3827,50.97
20,1957,SBIETFIT,EQ,6983,4588,65.70
20,1958,SBIETFPB,EQ,11609,6966,60.01
20,1959,SBIETFQLTY,EQ,113009,112629,99.66
20,1960,SBILIFE,EQ,1156236,774610,66.99
20,1961,SBIN,EQ,8501366,2637273,31.02
20,1962,SBISILVER,EQ,318887,294743,92.43
20,1963,SCHAEFFLER,EQ,269622,146481,54.33
20,1964,SCHAND,EQ,64956,33238,51.17
20,1965,SCHNEIDER,EQ,190440,107108,56.24
20,1966,SCI,EQ,65065151,14320770,22.01
20,1967,SCILAL,EQ,41943820,9884784,23.57
20,1968,SCML,SM,172000,130000,75.58
20,1969,SCPL,EQ,101771,39559,38.87
20,1970,SDBL,EQ,1581529,567032,35.85
20,1971,SDL24BEES,EQ,3861,2172,56.25
20,1972,SDL26BEES,EQ,576,437,75.87
20,1973,SEAMECLTD,EQ,669486,142255,21.25
20,1974,SECL,SM,25000,25000,100.00
20,1975,SEL,SM,13600,9200,67.65
20,1976,SELAN,EQ,362418,93657,25.84
20,1977,SELMC,EQ,13006,7811,60.06
20,1978,SENCO,EQ,305846,219614,71.81
20,1979,SENSEXADD,EQ,697,460,66.00
20,1980,SENSEXETF,EQ,3987,2128,53.37
20,1981,SENSEXIETF,EQ,1836,804,43.79
20,1982,SEPC,EQ,7684888,3199979,41.64
20,1983,SEQUENT,EQ,9023334,2477972,27.46
20,1984,SERVICE,SM,4000,4000,100.00
20,1985,SERVOTECH,EQ,1852001,853864,46.10
20,1986,SESHAPAPER,EQ,94318,47993,50.88
20,1987,SETF10GILT,EQ,24634,21727,88.20
20,1988,SETFGOLD,EQ,934816,703040,75.21
20,1989,SETFNIF50,EQ,306394,267926,87.44
20,1990,SETFNIFBK,EQ,281165,247735,88.11
20,1991,SETFNN50,EQ,15988,11344,70.95
20,1992,SFL,EQ,115388,67875,58.82
20,1993,SFLZC25A,ZK,5,5,100.00
20,1994,SFLZC26A,ZC,50,50,100.00
20,1995,SGBAPR28I,GB,59,37,62.71
20,1996,SGBAUG24,GB,247,183,74.09
20,1997,SGBAUG27,GB,14,14,100.00
20,1998,SGBAUG28V,GB,522,463,88.70
20,1999,SGBAUG29V,GB,35,30,85.71
20,2000,SGBAUG30,GB,142,117,82.39
20,2001,SGBD29VIII,GB,125,102,81.60
20,2002,SGBDE30III,GB,314,153,48.73
20,2003,SGBDE31III,GB,1311,1125,85.81
20,2004,SGBDEC25,GB,1,1,100.00
20,2005,SGBDEC26,GB,7,7,100.00
20,2006,SGBFEB27,GB,24,24,100.00
20,2007,SGBFEB28IX,GB,3,2,66.67
20,2008,SGBFEB29XI,GB,11,11,100.00
20,2009,SGBFEB32IV,GB,748,521,69.65
20,2010,SGBJ28VIII,GB,2,2,100.00
20,2011,SGBJAN26,GB,10,10,100.00
20,2012,SGBJAN29IX,GB,158,130,82.28
20,2013,SGBJAN29X,GB,33,27,81.82
20,2014,SGBJAN30IX,GB,74,42,56.76
20,2015,SGBJU29III,GB,167,31,18.56
20,2016,SGBJUL25,GB,96,76,79.17
20,2017,SGBJUL27,GB,3,3,100.00
20,2018,SGBJUL28IV,GB,94,93,98.94
20,2019,SGBJUL29IV,GB,738,589,79.81
20,2020,SGBJUN27,GB,2,2,100.00
20,2021,SGBJUN28,GB,220,174,79.09
20,2022,SGBJUN29II,GB,160,116,72.50
20,2023,SGBJUN30,GB,2,1,50.00
20,2024,SGBJUN31I,GB,796,620,77.89
20,2025,SGBMAR25,GB,88,57,64.77
20,2026,SGBMAR28X,GB,36,36,100.00
20,2027,SGBMAR30X,GB,135,112,82.96
20,2028,SGBMAR31IV,GB,116,87,75.00
20,2029,SGBMAY25,GB,33,33,100.00
20,2030,SGBMAY28,GB,119,81,68.07
20,2031,SGBMAY29I,GB,562,355,63.17
20,2032,SGBMR29XII,GB,344,204,59.30
20,2033,SGBN28VIII,GB,361,262,72.58
20,2034,SGBNOV24,GB,178,123,69.10
20,2035,SGBNOV25,GB,1,1,100.00
20,2036,SGBNOV258,GB,6,6,100.00
20,2037,SGBNOV26,GB,1,1,100.00
20,2038,SGBNV29VII,GB,40,23,57.50
20,2039,SGBOC28VII,GB,93,78,83.87
20,2040,SGBOCT25,GB,67,65,97.01
20,2041,SGBOCT25IV,GB,3,3,100.00
20,2042,SGBOCT25V,GB,6,6,100.00
20,2043,SGBOCT27VI,GB,8,8,100.00
20,2044,SGBSEP24,GB,28,15,53.57
20,2045,SGBSEP28VI,GB,1033,809,78.32
20,2046,SGBSEP29VI,GB,116,81,69.83
20,2047,SGBSEP31II,GB,1595,1206,75.61
20,2048,SGIL,EQ,29345,14255,48.58
20,2049,SGL,EQ,52395,44367,84.68
20,2050,SHAH,EQ,3661791,2555770,69.80
20,2051,SHAHALLOYS,EQ,19030,8208,43.13
20,2052,SHAILY,EQ,52528,37419,71.24
20,2053,SHALBY,EQ,788066,201114,25.52
20,2054,SHALPAINTS,EQ,170010,102412,60.24
20,2055,SHANKARA,EQ,67914,30964,45.59
20,2056,SHANTHALA,SM,3600,3600,100.00
20,2057,SHANTIGEAR,EQ,225180,69281,30.77
20,2058,SHARDACROP,EQ,122509,40048,32.69
20,2059,SHARDAMOTR,EQ,60022,35044,58.39
20,2060,SHAREINDIA,EQ,256366,137002,53.44
20,2061,SHAREINDIA,W1,103,101,98.06
20,2062,SHARIABEES,EQ,2803,1934,69.00
20,2063,SHEETAL,ST,6000,6000,100.00
20,2064,SHEMAROO,EQ,25347,12615,49.77
20,2065,SHERA,SM,46000,32000,69.57
20,2066,SHIGAN,SM,15000,15000,100.00
20,2067,SHILPAMED,EQ,268769,107296,39.92
20,2068,SHIVALIK,EQ,17866,9678,54.17
20,2069,SHIVAMAUTO,EQ,78477,43270,55.14
20,2070,SHIVAMILLS,EQ,11200,6599,58.92
20,2071,SHIVATEX,EQ,37756,25606,67.82
20,2072,SHK,EQ,647635,362396,55.96
20,2073,SHOPERSTOP,EQ,598237,110020,18.39
20,2074,SHREDIGCEM,EQ,616286,263831,42.81
20,2075,SHREECEM,EQ,14648,5904,40.31
20,2076,SHREEKARNI,SM,13800,13200,95.65
20,2077,SHREEOSFM,SM,17000,13000,76.47
20,2078,SHREEPUSHK,EQ,217664,113550,52.17
20,2079,SHREYANIND,EQ,59632,26675,44.73
20,2080,SHREYAS,EQ,2012445,521417,25.91
20,2081,SHRIPISTON,EQ,54984,30576,55.61
20,2082,SHRIRAMFIN,EQ,1137823,740876,65.11
20,2083,SHRIRAMPPS,EQ,792185,436171,55.06
20,2084,SHRITECH,SM,32000,28000,87.50
20,2085,SHUBHLAXMI,SM,6000,6000,100.00
20,2086,SHYAMMETL,EQ,664960,434292,65.31
20,2087,SIDDHIKA,SM,3500,3000,85.71
20,2088,SIEMENS,EQ,212661,101908,47.92
20,2089,SIGACHI,EQ,947175,548642,57.92
20,2090,SIGIND,EQ,38540,19361,50.24
20,2091,SIGMA,EQ,9216,5208,56.51
20,2092,SIGNATURE,EQ,478533,57043,11.92
20,2093,SIGNPOST,EQ,124298,57872,46.56
20,2094,SIL,EQ,164782,103547,62.84
20,2095,SILGO,EQ,109600,35946,32.80
20,2096,SILINV,EQ,7888,4343,55.06
20,2097,SILKFLEX,SM,54000,34000,62.96
20,2098,SILLYMONKS,EQ,9849,6726,68.29
20,2099,SILVER,EQ,61406,49033,79.85
20,2100,SILVER1,EQ,14114,11640,82.47
20,2101,SILVERADD,EQ,56535,43511,76.96
20,2102,SILVERBEES,EQ,3759980,2841021,75.56
20,2103,SILVERETF,EQ,145694,121079,83.11
20,2104,SILVERIETF,EQ,375003,314217,83.79
20,2105,SILVERTUC,EQ,24720,7526,30.44
20,2106,SILVRETF,EQ,17528,16841,96.08
20,2107,SINCLAIR,EQ,33861,24086,71.13
20,2108,SINDHUTRAD,EQ,660456,494832,74.92
20,2109,SINTERCOM,EQ,1319,927,70.28
20,2110,SIRCA,EQ,161357,75856,47.01
20,2111,SIS,EQ,121233,55585,45.85
20,2112,SIYSIL,EQ,58944,27808,47.18
20,2113,SJLOGISTIC,SM,26500,19500,73.58
20,2114,SJS,EQ,88005,43551,49.49
20,2115,SJVN,EQ,60668031,24147530,39.80
20,2116,SKFINDIA,EQ,29426,14990,50.94
20,2117,SKIPPER,EQ,638802,241780,37.85
20,2118,SKIPPERPP,E1,1645,981,59.64
20,2119,SKMEGGPROD,EQ,63869,36280,56.80
20,2120,SKP,SM,3000,1500,50.00
20,2121,SLONE,SM,32000,25600,80.00
20,2122,SMALLCAP,EQ,494798,430843,87.07
20,2123,SMCGLOBAL,EQ,347770,180832,52.00
20,2124,SMLISUZU,EQ,11756,7085,60.27
20,2125,SMLT,EQ,37756,23284,61.67
20,2126,SMSLIFE,EQ,3417,2808,82.18
20,2127,SMSPHARMA,EQ,608653,89317,14.67
20,2128,SMVD,ST,4040,4040,100.00
20,2129,SNOWMAN,EQ,3481945,1239017,35.58
20,2130,SOBHA,EQ,62792,29866,47.56
20,2131,SOFTTECH,EQ,7338,5270,71.82
20,2132,SOLARA,EQ,173347,102316,59.02
20,2133,SOLARAPP,E1,26677,18664,69.96
20,2134,SOLARINDS,EQ,238453,95009,39.84
20,2135,SOLEX,SM,27600,21200,76.81
20,2136,SOMANYCERA,EQ,76656,27681,36.11
20,2137,SONACOMS,EQ,11050793,3554115,32.16
20,2138,SONAMAC,SM,58000,45000,77.59
20,2139,SONAMLTD,EQ,5240,2948,56.26
20,2140,SONATSOFTW,EQ,377641,203794,53.97
20,2141,SONUINFRA,SM,66000,57000,86.36
20,2142,SOTAC,SM,4800,3600,75.00
20,2143,SOTL,EQ,123853,47793,38.59
20,2144,SOUTHBANK,EQ,17506049,7610687,43.47
20,2145,SOUTHWEST,EQ,180373,131018,72.64
20,2146,SPAL,EQ,42452,13600,32.04
20,2147,SPANDANA,EQ,88134,59123,67.08
20,2148,SPARC,EQ,450714,241067,53.49
20,2149,SPCENET,EQ,4315202,1820508,42.19
20,2150,SPCL,ST,639600,507600,79.36
20,2151,SPECIALITY,EQ,51831,25280,48.77
20,2152,SPECTRUM,SM,2000,1875,93.75
20,2153,SPECTSTM,SM,15200,10400,68.42
20,2154,SPENCERS,EQ,227175,144716,63.70
20,2155,SPIC,EQ,917414,311970,34.01
20,2156,SPLIL,EQ,45755,19179,41.92
20,2157,SPLPETRO,EQ,233516,107622,46.09
20,2158,SPMLINFRA,EQ,101736,68355,67.19
20,2159,SPORTKING,EQ,80992,40677,50.22
20,2160,SPRL,ST,16800,7200,42.86
20,2161,SREEL,EQ,11331,6761,59.67
20,2162,SRF,EQ,241513,131306,54.37
20,2163,SRGHFL,EQ,16843,10303,61.17
20,2164,SRHHYPOLTD,EQ,55607,31822,57.23
20,2165,SRIVASAVI,SM,18000,13000,72.22
20,2166,SRM,EQ,687792,298338,43.38
20,2167,SSFL,SM,6500,6000,92.31
20,2168,SSWL,EQ,227114,122693,54.02
20,2169,STANLEY,EQ,2959787,756284,25.55
20,2170,STAR,EQ,88234,51648,58.54
20,2171,STARCEMENT,EQ,303829,156482,51.50
20,2172,STARHEALTH,EQ,706013,523386,74.13
20,2173,STARPAPER,EQ,34574,14858,42.97
20,2174,STARTECK,EQ,3125,2291,73.31
20,2175,STCINDIA,EQ,730777,208612,28.55
20,2176,STEELCAS,EQ,12463,6520,52.31
20,2177,STEELCITY,EQ,42821,29707,69.37
20,2178,STEELXIND,EQ,2366491,1188302,50.21
20,2179,STEL,EQ,8970,5689,63.42
20,2180,STERTOOLS,EQ,89041,41948,47.11
20,2181,STLTECH,EQ,1357697,602531,44.38
20,2182,STOVEKRAFT,EQ,109379,61296,56.04
20,2183,STYLAMIND,EQ,19382,8950,46.18
20,2184,STYRENIX,EQ,82951,48309,58.24
20,2185,SUBEXLTD,EQ,3442530,1313840,38.16
20,2186,SUBROS,EQ,56463,22113,39.16
20,2187,SUDARSCHEM,EQ,480138,214835,44.74
20,2188,SUKHJITS,EQ,7577,4704,62.08
20,2189,SULA,EQ,1082955,444818,41.07
20,2190,SUMICHEM,EQ,498831,257981,51.72
20,2191,SUMMITSEC,EQ,10249,5596,54.60
20,2192,SUNCLAY,EQ,87570,79195,90.44
20,2193,SUNDARAM,EQ,7050625,4833525,68.55
20,2194,SUNDARMFIN,EQ,26128,13040,49.91
20,2195,SUNDARMHLD,EQ,94961,52913,55.72
20,2196,SUNDRMBRAK,EQ,578,463,80.10
20,2197,SUNDRMFAST,EQ,102993,71947,69.86
20,2198,SUNFLAG,EQ,375599,154349,41.09
20,2199,SUNPHARMA,EQ,1707500,782006,45.80
20,2200,SUNTECK,EQ,464152,270513,58.28
20,2201,SUNTV,EQ,3899751,517794,13.28
20,2202,SUPERHOUSE,EQ,58545,30518,52.13
20,2203,SUPERSPIN,EQ,67380,40314,59.83
20,2204,SUPRAJIT,EQ,200885,93241,46.42
20,2205,SUPREMEIND,EQ,154612,73201,47.34
20,2206,SUPREMEPWR,SM,118000,72000,61.02
20,2207,SUPRIYA,EQ,236110,171343,72.57
20,2208,SURAJEST,EQ,100850,66097,65.54
20,2209,SURANI,SM,1800,1600,88.89
20,2210,SURYALAXMI,EQ,59166,29589,50.01
20,2211,SURYAROSNI,EQ,193586,85840,44.34
20,2212,SURYODAY,EQ,328184,208878,63.65
20,2213,SUTLEJTEX,EQ,190685,84049,44.08
20,2214,SUVEN,EQ,844010,524098,62.10
20,2215,SUVENPHAR,EQ,973790,209881,21.55
20,2216,SUVIDHAA,EQ,127343,88663,69.63
20,2217,SUZLON,EQ,26061094,16597124,63.69
20,2218,SVLL,EQ,1902,506,26.60
20,2219,SVPGLOB,EQ,37797,29063,76.89
20,2220,SWANENERGY,EQ,3419146,1872689,54.77
20,2221,SWARAJ,SM,17000,14000,82.35
20,2222,SWARAJENG,EQ,7855,4666,59.40
20,2223,SWASTIK,SM,3600,3600,100.00
20,2224,SWELECTES,EQ,46424,23530,50.68
20,2225,SWSOLAR,EQ,1046934,606431,57.92
20,2226,SYLVANPLY,ST,48000,48000,100.00
20,2227,SYMPHONY,EQ,47876,22150,46.27
20,2228,SYNCOMF,EQ,3819985,1856798,48.61
20,2229,SYNGENE,EQ,2057835,1277030,62.06
20,2230,SYNOPTICS,SM,6000,4800,80.00
20,2231,SYRMA,EQ,334326,201901,60.39
20,2232,SYSTANGO,SM,42800,28800,67.29
20,2233,TAC,SM,54000,36000,66.67
20,2234,TAJGVK,EQ,83331,42759,51.31
20,2235,TAKE,EQ,141118,103427,73.29
20,2236,TALBROAUTO,EQ,1816102,612247,33.71
20,2237,TANLA,EQ,148459,73426,49.46
20,2238,TAPIFRUIT,SM,13500,10500,77.78
20,2239,TARC,EQ,3779024,2221690,58.79
20,2240,TARSONS,EQ,55986,28981,51.76
20,2241,TASTYBITE,EQ,1643,917,55.81
20,2242,TATACHEM,EQ,1366004,773296,56.61
20,2243,TATACOMM,EQ,262273,94538,36.05
20,2244,TATACONSUM,EQ,1883264,1268358,67.35
20,2245,TATAELXSI,EQ,355671,136338,38.33
20,2246,TATAGOLD,EQ,2749615,1903641,69.23
20,2247,TATAINVEST,EQ,23265,15758,67.73
20,2248,TATAMOTORS,EQ,11983571,6069305,50.65
20,2249,TATAMTRDVR,EQ,966326,508975,52.67
20,2250,TATAPOWER,EQ,8553094,3706609,43.34
20,2251,TATASTEEL,EQ,33987236,13754332,40.47
20,2252,TATATECH,EQ,693392,428257,61.76
20,2253,TATSILV,EQ,787192,737512,93.69
20,2254,TATVA,EQ,15066,8691,57.69
20,2255,TBI,SM,45600,32400,71.05
20,2256,TBOTEK,EQ,74142,32075,43.26
20,2257,TBZ,EQ,4675196,1281095,27.40
20,2258,TCHF30,NB,230,230,100.00
20,2259,TCI,EQ,23692,11718,49.46
20,2260,TCIEXP,EQ,43202,17944,41.54
20,2261,TCL,SM,80800,61600,76.24
20,2262,TCLCONS,EQ,45212,23467,51.90
20,2263,TCNSBRANDS,EQ,40601,15577,38.37
20,2264,TCPLPACK,EQ,8846,5198,58.76
20,2265,TCS,EQ,4872189,2951068,60.57
20,2266,TDPOWERSYS,EQ,580562,239653,41.28
20,2267,TEAMLEASE,EQ,148435,123882,83.46
20,2268,TECH,EQ,9705,6923,71.33
20,2269,TECHLABS,SM,17000,14500,85.29
20,2270,TECHM,EQ,1408434,658918,46.78
20,2271,TEGA,EQ,24032,11421,47.52
20,2272,TEJASNET,EQ,237230,130857,55.16
20,2273,TEMBO,EQ,52429,18175,34.67
20,2274,TEXINFRA,EQ,832182,355046,42.66
20,2275,TEXMOPIPES,EQ,70698,39226,55.48
20,2276,TEXRAIL,EQ,13827841,4269488,30.88
20,2277,TFCILTD,EQ,1069853,425290,39.75
20,2278,TGBHOTELS,EQ,230139,131625,57.19
20,2279,TGL,SM,105600,62400,59.09
20,2280,THANGAMAYL,EQ,25866,10492,40.56
20,2281,THEINVEST,EQ,48572,37463,77.13
20,2282,THEJO,EQ,56329,13600,24.14
20,2283,THEMISMED,EQ,50000,28616,57.23
20,2284,THERMAX,EQ,172469,81737,47.39
20,2285,THOMASCOOK,EQ,743702,412740,55.50
20,2286,THYROCARE,EQ,134922,107343,79.56
20,2287,TI,EQ,612303,237417,38.77
20,2288,TIDEWATER,EQ,55273,24677,44.65
20,2289,TIIL,EQ,13639,6220,45.60
20,2290,TIINDIA,EQ,1852939,1274838,68.80
20,2291,TIMESGTY,EQ,11895,10095,84.87
20,2292,TIMETECHNO,EQ,816420,272598,33.39
20,2293,TIMKEN,EQ,156697,112828,72.00
20,2294,TIPSFILMS,EQ,6156,3649,59.28
20,2295,TIPSINDLTD,EQ,912799,392462,43.00
20,2296,TIRUMALCHM,EQ,303102,115175,38.00
20,2297,TIRUPATI,SM,12250,12250,100.00
20,2298,TITAGARH,EQ,850812,472794,55.57
20,2299,TITAN,EQ,1105185,588861,53.28
20,2300,TMB,EQ,70702,43522,61.56
20,2301,TNIDETF,EQ,47852,31098,64.99
20,2302,TNPETRO,EQ,2336269,1016370,43.50
20,2303,TNPL,EQ,125887,55871,44.38
20,2304,TOKYOPLAST,EQ,16167,9315,57.62
20,2305,TOP100CASE,EQ,316903,83034,26.20
20,2306,TORNTPHARM,EQ,257651,180515,70.06
20,2307,TORNTPOWER,EQ,146226,98546,67.39
20,2308,TOUCHWOOD,EQ,5312,1852,34.86
20,2309,TPHQ,EQ,15498727,8410468,54.27
20,2310,TPLPLASTEH,EQ,1285942,699653,54.41
20,2311,TRACXN,EQ,295229,164321,55.66
20,2312,TRANSTEEL,SM,48000,32000,66.67
20,2313,TRANSWIND,SM,8000,8000,100.00
20,2314,TREEHOUSE,EQ,21014,12078,57.48
20,2315,TREL,EQ,1067804,555434,52.02
20,2316,TRENT,EQ,578262,311426,53.86
20,2317,TRIDENT,EQ,5326272,2232874,41.92
20,2318,TRIDHYA,SM,72000,54000,75.00
20,2319,TRITURBINE,EQ,151607,58004,38.26
20,2320,TRIVENI,EQ,1762980,613356,34.79
20,2321,TRU,EQ,8466428,1714996,20.26
20,2322,TRUST,SM,91200,67200,73.68
20,2323,TTKHLTCARE,EQ,9182,4762,51.86
20,2324,TTKPRESTIG,EQ,56224,28793,51.21
20,2325,TTL,EQ,68182,42053,61.68
20,2326,TTML,EQ,2122889,866799,40.83
20,2327,TV18BRDCST,EQ,4694940,2644686,56.33
20,2328,TVSELECT,EQ,133262,51235,38.45
20,2329,TVSHLTD,EQ,3564,1977,55.47
20,2330,TVSMOTOR,EQ,2112524,1521359,72.02
20,2331,TVSSCS,EQ,1993608,818243,41.04
20,2332,TVSSRICHAK,EQ,6059,2374,39.18
20,2333,TVTODAY,EQ,265539,130474,49.14
20,2334,UBL,EQ,240933,111504,46.28
20,2335,UCAL,EQ,60217,36268,60.23
20,2336,UCL,SM,32000,24000,75.00
20,2337,UCOBANK,EQ,5754856,2220632,38.59
20,2338,UDAICEMENT,EQ,1193311,659855,55.30
20,2339,UDS,EQ,143415,86775,60.51
20,2340,UFLEX,EQ,67211,39588,58.90
20,2341,UFO,EQ,185582,100736,54.28
20,2342,UGARSUGAR,EQ,714506,268387,37.56
20,2343,UGROCAP,EQ,218808,127053,58.07
20,2344,UJJIVANSFB,EQ,13087366,7560100,57.77
20,2345,ULTRACEMCO,EQ,366819,208027,56.71
20,2346,UMA,SM,312000,172000,55.13
20,2347,UMAEXPORTS,EQ,91079,17768,19.51
20,2348,UMANGDAIRY,EQ,56477,25991,46.02
20,2349,UMESLTD,EQ,312260,219540,70.31
20,2350,UNICHEMLAB,EQ,10223,5682,55.58
20,2351,UNIDT,EQ,70475,34387,48.79
20,2352,UNIENTER,EQ,377597,364820,96.62
20,2353,UNIHEALTH,SM,1000,1000,100.00
20,2354,UNIINFO,EQ,20798,11707,56.29
20,2355,UNIONBANK,EQ,9215193,4796185,52.05
20,2356,UNIPARTS,EQ,108749,64574,59.38
20,2357,UNITDSPR,EQ,682041,485026,71.11
20,2358,UNITEDPOLY,EQ,15261,8554,56.05
20,2359,UNITEDTEA,EQ,22462,17042,75.87
20,2360,UNIVCABLES,EQ,123650,44116,35.68
20,2361,UNIVPHOTO,EQ,1631,1155,70.82
20,2362,UNOMINDA,EQ,1433123,820644,57.26
20,2363,UPL,EQ,3781459,2425752,64.15
20,2364,URBAN,SM,57600,38800,67.36
20,2365,URJA,EQ,2114040,1281661,60.63
20,2366,USASEEDS,SM,11700,4800,41.03
20,2367,USHAMART,EQ,1094077,562960,51.46
20,2368,UTIAMC,EQ,225535,115409,51.17
20,2369,UTIBANKETF,EQ,298685,213957,71.63
20,2370,UTINEXT50,EQ,75219,44926,59.73
20,2371,UTINIFTETF,EQ,10096,8667,85.85
20,2372,UTISENSETF,EQ,542,414,76.38
20,2373,UTISXN50,EQ,1688,1476,87.44
20,2374,UTKARSHBNK,EQ,2383769,1444009,60.58
20,2375,UTTAMSUGAR,EQ,212363,64589,30.41
20,2376,UWCSL,SM,4000,4000,100.00
20,2377,VADILALIND,EQ,6736,4032,59.86
20,2378,VAIBHAVGBL,EQ,584707,304930,52.15
20,2379,VAISHALI,EQ,24625,14702,59.70
20,2380,VAKRANGEE,EQ,3856452,1428868,37.05
20,2381,VALIANTLAB,EQ,681627,226271,33.20
20,2382,VALIANTORG,EQ,23656,11706,49.48
20,2383,VARDHACRLC,EQ,98013,60087,61.31
20,2384,VARDMNPOLY,EQ,148318,113822,76.74
20,2385,VARROC,EQ,131958,55457,42.03
20,2386,VASA,SM,36000,28000,77.78
20,2387,VASCONEQ,EQ,1704599,751963,44.11
20,2388,VBL,EQ,1429658,1046388,73.19
20,2389,VEDL,EQ,13978497,5325917,38.10
20,2390,VEEKAYEM,SM,3000,2000,66.67
20,2391,VELS,SM,18000,14400,80.00
20,2392,VENKEYS,EQ,14995,6529,43.54
20,2393,VENUSPIPES,EQ,144527,81661,56.50
20,2394,VENUSREM,EQ,186415,97768,52.45
20,2395,VERANDA,EQ,552839,420096,75.99
20,2396,VERITAAS,SM,12000,9600,80.00
20,2397,VERTEXPLUS,ST,1200,1200,100.00
20,2398,VESUVIUS,EQ,13085,6747,51.56
20,2399,VETO,EQ,327360,152924,46.71
20,2400,VGUARD,EQ,271231,89935,33.16
20,2401,VHL,EQ,15433,7406,47.99
20,2402,VIAZ,SM,10000,8000,80.00
20,2403,VIDHIING,EQ,11160,6547,58.66
20,2404,VIJAYA,EQ,123038,43112,35.04
20,2405,VIKASECO,EQ,7467316,3609546,48.34
20,2406,VIKASLIFE,EQ,7820433,4503532,57.59
20,2407,VILAS,SM,114000,74000,64.91
20,2408,VILINBIO,SM,8000,8000,100.00
20,2409,VIMTALABS,EQ,23213,8927,38.46
20,2410,VINATIORGA,EQ,39829,24159,60.66
20,2411,VINDHYATEL,EQ,19158,10681,55.75
20,2412,VINEETLAB,EQ,51993,26858,51.66
20,2413,VINNY,EQ,379461,269534,71.03
20,2414,VINSYS,SM,9000,9000,100.00
20,2415,VINYAS,SM,58600,38400,65.53
20,2416,VINYLINDIA,EQ,38004,20125,52.95
20,2417,VIPCLOTHNG,EQ,1161202,732056,63.04
20,2418,VIPIND,EQ,230735,111893,48.49
20,2419,VIPULLTD,EQ,213509,149851,70.18
20,2420,VIRINCHI,EQ,367968,211749,57.55
20,2421,VISAKAIND,EQ,346404,177367,51.20
20,2422,VISAMAN,ST,105000,102000,97.14
20,2423,VISHNU,EQ,43749,29077,66.46
20,2424,VISHNUINFR,SM,41500,32500,78.31
20,2425,VISHWARAJ,EQ,3224325,1289709,40.00
20,2426,VISHWAS,SM,8000,6400,80.00
20,2427,VITAL,SM,190800,112800,59.12
20,2428,VIVIANA,SM,46500,30000,64.52
20,2429,VLSFINANCE,EQ,201400,77931,38.69
20,2430,VMARCIND,SM,49000,49000,100.00
20,2431,VMART,EQ,17300,9064,52.39
20,2432,VOLTAMP,EQ,14571,7175,49.24
20,2433,VOLTAS,EQ,1212936,753833,62.15
20,2434,VPRPL,EQ,648400,278502,42.95
20,2435,VR,SM,1600,1600,100.00
20,2436,VRLLOG,EQ,111553,50490,45.26
20,2437,VSCL,ST,6000,6000,100.00
20,2438,VSSL,EQ,59512,29436,49.46
20,2439,VSTIND,EQ,19956,11318,56.71
20,2440,VSTTILLERS,EQ,7268,4789,65.89
20,2441,VTL,EQ,216789,101688,46.91
20,2442,WABAG,EQ,324708,126533,38.97
20,2443,WALCHANNAG,EQ,975914,451410,46.26
20,2444,WALPAR,SM,1000,1000,100.00
20,2445,WANBURY,EQ,246054,194598,79.09
20,2446,WEALTH,EQ,27210,12280,45.13
20,2447,WELCORP,EQ,1945524,680597,34.98
20,2448,WELENT,EQ,223305,132194,59.20
20,2449,WELINV,EQ,712,397,55.76
20,2450,WELSPUNLIV,EQ,18311942,6507967,35.54
20,2451,WENDT,EQ,1133,619,54.63
20,2452,WESTLIFE,EQ,49019,28660,58.47
20,2453,WHEELS,EQ,59450,30023,50.50
20,2454,WHIRLPOOL,EQ,89151,49200,55.19
20,2455,WILLAMAGOR,EQ,20649,11931,57.78
20,2456,WINDLAS,EQ,24015,14801,61.63
20,2457,WINDMACHIN,EQ,133415,86674,64.97
20,2458,WINNY,SM,387000,87000,22.48
20,2459,WINSOL,SM,68800,52800,76.74
20,2460,WIPL,EQ,7247,3632,50.12
20,2461,WIPRO,EQ,4403809,1688771,38.35
20,2462,WOCKPHARMA,EQ,1214720,524345,43.17
20,2463,WOMANCART,SM,9600,9600,100.00
20,2464,WONDERLA,EQ,20787,12459,59.94
20,2465,WORTH,EQ,37621,20358,54.11
20,2466,WSI,EQ,174216,109105,62.63
20,2467,WSTCSTPAPR,EQ,175998,74799,42.50
20,2468,WTICAB,SM,31000,26000,83.87
20,2469,XCHANGING,EQ,345726,185240,53.58
20,2470,XPROINDIA,EQ,29354,16345,55.68
20,2471,YASHO,EQ,15532,11761,75.72
20,2472,YASHOPTICS,SM,27200,19200,70.59
20,2473,YATHARTH,EQ,319595,159592,49.94
20,2474,YATRA,EQ,689693,586799,85.08
20,2475,YCCL,SM,15000,12000,80.00
20,2476,YESBANK,EQ,726569550,154127463,21.21
20,2477,YUDIZ,ST,2400,2400,100.00
20,2478,YUKEN,EQ,87328,49494,56.68
20,2479,ZAGGLE,EQ,3017499,1279420,42.40
20,2480,ZEAL,SM,6600,4800,72.73
20,2481,ZEEL,EQ,5574864,2419048,43.39
20,2482,ZEEMEDIA,EQ,3935115,1497281,38.05
20,2483,ZENITHDRUG,SM,16000,14400,90.00
20,2484,ZENSARTECH,EQ,604530,321249,53.14
20,2485,ZENTEC,EQ,219753,126542,57.58
20,2486,ZFCVINDIA,EQ,3795,1915,50.46
20,2487,ZIMLAB,EQ,123069,55055,44.74
20,2488,ZOMATO,EQ,45769091,25706258,56.17
20,2489,ZOTA,EQ,14191,8279,58.34
20,2490,ZTECH,SM,385200,246000,63.86
20,2491,ZUARI,EQ,321453,102192,31.79
20,2492,ZUARIIND,EQ,112672,51981,46.13
20,2493,ZYDUSLIFE,EQ,1817742,558748,30.74
20,2494,ZYDUSWELL,EQ,74454,33317,44.75
