Security Wise Delivery Position - Compulsory Rolling Settlement
10,MTO,03052024,2370002803,0002449
Trade Date <03-MAY-2024>,Settlement Type <N>
Record Type,Sr No,Name of Security,Quantity Traded,Deliverable Quantity(gross across client level),% of Deliverable Quantity to Traded Quantity
20,1,1018GS2026,GS,32,32,100.00
20,2,182D031024,TB,1100,1100,100.00
20,3,182D040724,TB,500,500,100.00
20,4,182D050924,TB,3200,2300,71.88
20,5,182D130624,TB,700,700,100.00
20,6,182D180724,TB,200,200,100.00
20,7,182D181024,TB,200,100,50.00
20,8,182D190924,TB,300,300,100.00
20,9,182D200624,TB,200,200,100.00
20,10,182D290824,TB,600,300,50.00
20,11,20MICRONS,EQ,70886,41521,58.57
20,12,360ONE,EQ,731424,384614,52.58
20,13,364D030425,TB,16000,16000,100.00
20,14,364D110425,TB,9700,9600,98.97
20,15,364D121224,TB,1100,1100,100.00
20,16,364D141124,TB,1000,1000,100.00
20,17,364D160524,TB,200,100,50.00
20,18,364D180724,TB,3000,3000,100.00
20,19,364D230125,TB,14000,14000,100.00
20,20,364D230524,TB,100,100,100.00
20,21,364D240425,TB,100,100,100.00
20,22,364D250724,TB,3000,3000,100.00
20,23,364D300524,TB,2000,2000,100.00
20,24,3IINFOLTD,EQ,712713,391448,54.92
20,25,3MINDIA,EQ,13550,10872,80.24
20,26,3PLAND,EQ,5969,4521,75.74
20,27,563GS2026,GS,40,40,100.00
20,28,574GS2026,GS,14052,14050,99.99
20,29,5PAISA,EQ,43209,19161,44.34
20,30,613GS2028,GS,9,9,100.00
20,31,63MOONS,EQ,88391,62253,70.43
20,32,654GS2032,GS,536584,500003,93.18
20,33,667GS2035,GS,4,2,50.00
20,34,667GS2050,GS,1207,1207,100.00
20,35,669GS2024,GS,122,121,99.18
20,36,689GS2025,GS,5,5,100.00
20,37,699GS2026,GS,8500,7502,88.26
20,38,699GS2051,GS,92,92,100.00
20,39,706GS2028,GS,67146,67144,100.00
20,40,710GS2029,GS,45877,45867,99.98
20,41,717GS2030,GS,4500,4500,100.00
20,42,718GS2033,GS,1,1,100.00
20,43,718GS2037,GS,52222,52222,100.00
20,44,71GS2034,GS,90,90,100.00
20,45,725GS2063,GS,11430,8578,75.05
20,46,726GS2032,GS,17101,17101,100.00
20,47,726GS2033,GS,3200,3200,100.00
20,48,732GS2030,GS,2000,2000,100.00
20,49,733GS2026,GS,32393,32393,100.00
20,50,734GS2064,GS,4341,4341,100.00
20,51,736GS2052,GS,9800,4900,50.00
20,52,737GS2028,GS,11310,11310,100.00
20,53,738GS2027,GS,40434,39841,98.53
20,54,73GS2053,GS,10000,10000,100.00
20,55,741GS2036,GS,117221,117021,99.83
20,56,746GS2073,GS,97091,89088,91.76
20,57,74GS2035,GS,1,1,100.00
20,58,74GS2062,GS,5170,5169,99.98
20,59,754GS2036,GS,344490,330655,95.98
20,60,758GJ32,SG,19000,19000,100.00
20,61,772GS2049,GS,35,35,100.00
20,62,773UP35,SG,100,100,100.00
20,63,817GS2044,GS,15,15,100.00
20,64,824GS2027,GS,1,1,100.00
20,65,826GS2027,GS,1000,1000,100.00
20,66,897GS2030,GS,38,38,100.00
20,67,91D040724,TB,1100,1100,100.00
20,68,91D060624,TB,200,200,100.00
20,69,91D090524,TB,1300,1300,100.00
20,70,91D120724,TB,4400,4400,100.00
20,71,91D130624,TB,1000,1000,100.00
20,72,91D160524,TB,500,500,100.00
20,73,91D190724,TB,100,100,100.00
20,74,91D200624,TB,200,200,100.00
20,75,91D230524,TB,100,100,100.00
20,76,91D250724,TB,15200,15200,100.00
20,77,92GS2030,GS,58766,58765,100.00
20,78,AAKASH,EQ,445015,298174,67.00
20,79,AARON,EQ,4698,3576,76.12
20,80,AARTIDRUGS,EQ,97780,40697,41.62
20,81,AARTIIND,EQ,863447,282397,32.71
20,82,AARTIPHARM,EQ,98925,42391,42.85
20,83,AARTISURF,EQ,41778,21673,51.88
20,84,AARTISURF,P1,16,0,0.00
20,85,AARVEEDEN,EQ,25444,14832,58.29
20,86,AARVI,EQ,29507,9880,33.48
20,87,AATMAJ,SM,58000,38000,65.52
20,88,AAVAS,EQ,137496,76672,55.76
20,89,ABB,EQ,337954,90429,26.76
20,90,ABBOTINDIA,EQ,15129,8869,58.62
20,91,ABCAPITAL,EQ,6767686,2857118,42.22
20,92,ABCOTS,SM,2000,1500,75.00
20,93,ABFL,N2,1,1,100.00
20,94,ABFL,N4,49,49,100.00
20,95,ABFRL,EQ,7606223,2897322,38.09
20,96,ABMINTLLTD,EQ,1229,1114,90.64
20,97,ABSLAMC,EQ,170293,99692,58.54
20,98,ABSLBANETF,EQ,85642,77224,90.17
20,99,ABSLLIQUID,EQ,32894,28193,85.71
20,100,ABSLNN50ET,EQ,31152,28849,92.61
20,101,ACC,EQ,521596,176265,33.79
20,102,ACCELYA,EQ,19590,10488,53.54
20,103,ACCENTMIC,SM,28000,18500,66.07
20,104,ACCORD,SM,2000,2000,100.00
20,105,ACE,EQ,256308,126092,49.20
20,106,ACEINTEG,EQ,6722,4235,63.00
20,107,ACI,EQ,542899,208377,38.38
20,108,ACL,EQ,126374,59119,46.78
20,109,ACLGATI,EQ,240236,133135,55.42
20,110,ACSAL,SM,27000,18000,66.67
20,111,ADANIENSOL,EQ,2666817,1577224,59.14
20,112,ADANIENT,EQ,1472168,516253,35.07
20,113,ADANIGREEN,EQ,906386,349449,38.55
20,114,ADANIPORTS,EQ,3528822,1534434,43.48
20,115,ADANIPOWER,EQ,3125576,1612820,51.60
20,116,ADFFOODS,EQ,272746,111677,40.95
20,117,ADL,EQ,3481,1993,57.25
20,118,ADORWELD,EQ,59982,23489,39.16
20,119,ADROITINFO,EQ,103584,35403,34.18
20,120,ADROITPP,E1,52378,52378,100.00
20,121,ADSL,EQ,594542,225150,37.87
20,122,ADVANIHOTR,EQ,284128,123784,43.57
20,123,ADVENZYMES,EQ,183790,105612,57.46
20,124,AEGISCHEM,EQ,978820,576050,58.85
20,125,AEROFLEX,EQ,679858,290258,42.69
20,126,AETHER,EQ,30038,16022,53.34
20,127,AFFLE,EQ,203698,79113,38.84
20,128,AGARIND,EQ,27894,13108,46.99
20,129,AGARWALFT,ST,3000,3000,100.00
20,130,AGI,EQ,573738,294266,51.29
20,131,AGNI,SM,70000,35000,50.00
20,132,AGRITECH,EQ,14017,5147,36.72
20,133,AGROPHOS,EQ,91482,64285,70.27
20,134,AGSTRA,EQ,98648,76175,77.22
20,135,AGUL,SM,10000,10000,100.00
20,136,AHL,EQ,24732,15597,63.06
20,137,AHLADA,EQ,52316,35287,67.45
20,138,AHLEAST,EQ,33429,18124,54.22
20,139,AHLUCONT,EQ,46314,28916,62.43
20,140,AIAENG,EQ,622763,577409,92.72
20,141,AIIL,EQ,3538,1658,46.86
20,142,AILIMITED,SM,15000,15000,100.00
20,143,AIRAN,EQ,76127,59630,78.33
20,144,AIROLAM,EQ,56330,27045,48.01
20,145,AIRTELPP,E1,230230,151589,65.84
20,146,AISL,ST,4800,4800,100.00
20,147,AJANTPHARM,EQ,2771320,454557,16.40
20,148,AJMERA,EQ,87617,38445,43.88
20,149,AJOONI,EQ,1015342,541249,53.31
20,150,AKANKSHA,SM,54000,42000,77.78
20,151,AKASH,EQ,9663,6533,67.61
20,152,AKG,EQ,30300,19497,64.35
20,153,AKI,EQ,69423,49259,70.95
20,154,AKSHARCHEM,EQ,7062,4426,62.67
20,155,AKZOINDIA,EQ,20907,11432,54.68
20,156,ALBERTDAVD,EQ,8753,5727,65.43
20,157,ALEMBICLTD,EQ,421061,249796,59.33
20,158,ALICON,EQ,7274,4899,67.35
20,159,ALKALI,EQ,45802,35790,78.14
20,160,ALKEM,EQ,91122,36384,39.93
20,161,ALKYLAMINE,EQ,26502,11258,42.48
20,162,ALLCARGO,EQ,2366847,958525,40.50
20,163,ALLETEC,SM,54400,33200,61.03
20,164,ALLSEC,EQ,87212,19177,21.99
20,165,ALOKINDS,EQ,3711970,2402568,64.72
20,166,ALPA,EQ,17767,13675,76.97
20,167,ALPEXSOLAR,SM,225600,143200,63.48
20,168,ALPHA,EQ,1411576,1186286,84.04
20,169,ALPHAETF,EQ,485458,343006,70.66
20,170,ALPHAGEO,EQ,27184,14467,53.22
20,171,ALPL30IETF,EQ,91957,79879,86.87
20,172,ALPSINDUS,EQ,46391,46391,100.00
20,173,ALUWIND,SM,843000,564000,66.90
20,174,AMBANIORG,SM,1000,1000,100.00
20,175,AMBER,EQ,202836,126870,62.55
20,176,AMBICAAGAR,EQ,10905,6248,57.29
20,177,AMBIKCO,EQ,9525,6001,63.00
20,178,AMBUJACEM,EQ,2566478,869102,33.86
20,179,AMDIND,EQ,14740,8321,56.45
20,180,AMEYA,SM,8000,6000,75.00
20,181,AMIORG,EQ,120614,68757,57.01
20,182,AMJLAND,EQ,253235,123028,48.58
20,183,AMNPLST,EQ,24643,13139,53.32
20,184,AMRUTANJAN,EQ,708957,129823,18.31
20,185,ANANDRATHI,EQ,15593,8651,55.48
20,186,ANANTRAJ,EQ,924590,504334,54.55
20,187,ANDHRAPAP,EQ,138573,72853,52.57
20,188,ANDHRSUGAR,EQ,94836,46657,49.20
20,189,ANGELONE,EQ,240090,161528,67.28
20,190,ANIKINDS,EQ,14441,11708,81.07
20,191,ANKITMETAL,EQ,89012,63134,70.93
20,192,ANLON,SM,15600,11600,74.36
20,193,ANMOL,EQ,1381994,523063,37.85
20,194,ANNAPURNA,SM,21500,15500,72.09
20,195,ANUP,EQ,23002,9794,42.58
20,196,ANURAS,EQ,131431,63541,48.35
20,197,APARINDS,EQ,142886,62636,43.84
20,198,APCL,EQ,10028,5549,55.34
20,199,APCOTEXIND,EQ,15196,9131,60.09
20,200,APEX,EQ,350439,152590,43.54
20,201,APLAPOLLO,EQ,361205,192694,53.35
20,202,APLLTD,EQ,630919,200587,31.79
20,203,APOLLO,EQ,393464,303275,77.08
20,204,APOLLOHOSP,EQ,563849,369802,65.59
20,205,APOLLOPIPE,EQ,40667,22312,54.87
20,206,APOLLOTYRE,EQ,2947783,724487,24.58
20,207,APOLSINHOT,EQ,1382,953,68.96
20,208,APS,SM,250000,132000,52.80
20,209,APTECHT,EQ,953180,420407,44.11
20,210,APTUS,EQ,440398,191450,43.47
20,211,ARABIAN,SM,32000,28000,87.50
20,212,ARE&M,EQ,863363,482270,55.86
20,213,ARENTERP,EQ,4779,3025,63.30
20,214,ARHAM,ST,4000,4000,100.00
20,215,ARIES,EQ,55856,28610,51.22
20,216,ARIHANTACA,SM,800,800,100.00
20,217,ARIHANTCAP,EQ,905897,485582,53.60
20,218,ARIHANTSUP,EQ,156330,41414,26.49
20,219,ARISTO,SM,3200,3200,100.00
20,220,ARMANFIN,EQ,13146,6752,51.36
20,221,AROGRANITE,EQ,40866,24665,60.36
20,222,ARROWGREEN,EQ,1476730,286102,19.37
20,223,ARTEMISMED,EQ,56474,36173,64.05
20,224,ARVIND,EQ,904235,610607,67.53
20,225,ARVINDFASN,EQ,298453,207998,69.69
20,226,ARVSMART,EQ,334122,126039,37.72
20,227,ASAHIINDIA,EQ,72701,31231,42.96
20,228,ASAHISONG,EQ,82475,16734,20.29
20,229,ASAL,EQ,217482,94919,43.64
20,230,ASALCBR,EQ,180668,87114,48.22
20,231,ASCOM,ST,500,500,100.00
20,232,ASHAPURMIN,EQ,105505,76265,72.29
20,233,ASHIANA,EQ,169916,56346,33.16
20,234,ASHIMASYN,EQ,590172,390896,66.23
20,235,ASHOKA,EQ,986693,352774,35.75
20,236,ASHOKLEY,EQ,26107306,9118846,34.93
20,237,ASIANENE,EQ,267414,181746,67.96
20,238,ASIANPAINT,EQ,1594445,726874,45.59
20,239,ASIANTILES,EQ,360637,220799,61.22
20,240,ASKAUTOLTD,EQ,126852,72332,57.02
20,241,ASLIND,ST,2000,2000,100.00
20,242,ASPINWALL,EQ,8378,4028,48.08
20,243,ASPIRE,SM,282000,228000,80.85
20,244,ASTEC,EQ,147783,77875,52.70
20,245,ASTERDM,EQ,1956603,1000348,51.13
20,246,ASTRAL,EQ,298394,157179,52.67
20,247,ASTRAMICRO,EQ,288190,133364,46.28
20,248,ASTRAZEN,EQ,24022,12989,54.07
20,249,ATFL,EQ,37377,23395,62.59
20,250,ATGL,EQ,2473403,1312553,53.07
20,251,ATL,EQ,386650,223868,57.90
20,252,ATMASTCO,SM,701600,289600,41.28
20,253,ATUL,EQ,285834,80629,28.21
20,254,ATULAUTO,EQ,842187,214820,25.51
20,255,AUBANK,EQ,3662846,1538508,42.00
20,256,AURDIS,SM,17500,11500,65.71
20,257,AUROIMPEX,SM,11200,8000,71.43
20,258,AUROPHARMA,EQ,802670,369059,45.98
20,259,AURUM,EQ,89810,60173,67.00
20,260,AUSOMENT,EQ,8392,5537,65.98
20,261,AUTOAXLES,EQ,56701,32635,57.56
20,262,AUTOBEES,EQ,171185,116002,67.76
20,263,AUTOIETF,EQ,419766,334887,79.78
20,264,AUTOIND,EQ,76836,49526,64.46
20,265,AVADHSUGAR,EQ,75244,38635,51.35
20,266,AVALON,EQ,153248,122858,80.17
20,267,AVANTIFEED,EQ,920656,290378,31.54
20,268,AVG,EQ,44401,25949,58.44
20,269,AVONMORE,EQ,139864,101195,72.35
20,270,AVPINFRA,SM,364800,310400,85.09
20,271,AVROIND,EQ,19213,9515,49.52
20,272,AVTNPL,EQ,6674926,1098657,16.46
20,273,AWHCL,EQ,62449,32063,51.34
20,274,AWL,EQ,1392909,758946,54.49
20,275,AXISBANK,EQ,9993632,5280666,52.84
20,276,AXISBNKETF,EQ,2256,2102,93.17
20,277,AXISBPSETF,EQ,994492,863644,86.84
20,278,AXISCADES,EQ,72614,35839,49.36
20,279,AXISCETF,EQ,1883,1232,65.43
20,280,AXISGOLD,EQ,476786,394275,82.69
20,281,AXISHCETF,EQ,7004,6126,87.46
20,282,AXISILVER,EQ,8532,4841,56.74
20,283,AXISNIFTY,EQ,10037,9400,93.65
20,284,AXISTECETF,EQ,64064,58920,91.97
20,285,AXITA,EQ,880175,341458,38.79
20,286,AXSENSEX,EQ,3262,1943,59.56
20,287,AYMSYNTEX,EQ,49715,29778,59.90
20,288,AZAD,EQ,98783,57462,58.17
20,289,BABAFP,SM,19200,16000,83.33
20,290,BAHETI,SM,5250,5250,100.00
20,291,BAIDFIN,EQ,319377,75045,23.50
20,292,BAJAJ-AUTO,EQ,396042,118633,29.95
20,293,BAJAJCON,EQ,3547023,1050895,29.63
20,294,BAJAJELEC,EQ,50386,28912,57.38
20,295,BAJAJFINSV,EQ,5227529,1384486,26.48
20,296,BAJAJHCARE,EQ,33916,16227,47.84
20,297,BAJAJHIND,EQ,17772543,6991648,39.34
20,298,BAJAJHLDNG,EQ,46486,27488,59.13
20,299,BAJEL,EQ,1028371,457380,44.48
20,300,BAJFINANCE,EQ,6818601,2255648,33.08
20,301,BALAJITELE,EQ,193806,141029,72.77
20,302,BALAMINES,EQ,46823,22395,47.83
20,303,BALAXI,EQ,2639,2003,75.90
20,304,BALKRISIND,EQ,325984,157641,48.36
20,305,BALMLAWRIE,EQ,557068,250534,44.97
20,306,BALPHARMA,EQ,10102,7822,77.43
20,307,BALRAMCHIN,EQ,1377181,383883,27.87
20,308,BALUFORGE,EQ,487989,285041,58.41
20,309,BANARBEADS,EQ,2138,1600,74.84
20,310,BANARISUG,EQ,2978,1730,58.09
20,311,BANCOINDIA,EQ,52368,31187,59.55
20,312,BANDHANBNK,EQ,9237768,3744280,40.53
20,313,BANG,EQ,4556,3439,75.48
20,314,BANKBARODA,EQ,19568548,11489318,58.71
20,315,BANKBEES,EQ,648631,354800,54.70
20,316,BANKBETF,EQ,37661,36501,96.92
20,317,BANKETF,EQ,3053,2203,72.16
20,318,BANKETFADD,EQ,33966,20223,59.54
20,319,BANKIETF,EQ,285451,226150,79.23
20,320,BANKINDIA,EQ,9411856,4163821,44.24
20,321,BANKNIFTY1,EQ,13649,8283,60.69
20,322,BANSWRAS,EQ,163812,108888,66.47
20,323,BARBEQUE,EQ,64807,38663,59.66
20,324,BASF,EQ,53387,23789,44.56
20,325,BASILIC,SM,233700,168900,72.27
20,326,BASML,EQ,393023,213458,54.31
20,327,BATAINDIA,EQ,312915,158735,50.73
20,328,BAWEJA,SM,24000,16000,66.67
20,329,BAYERCROP,EQ,16595,7373,44.43
20,330,BBETF0432,EQ,806,761,94.42
20,331,BBL,EQ,42194,23367,55.38
20,332,BBNPPGOLD,EQ,63,62,98.41
20,333,BBOX,EQ,76950,57225,74.37
20,334,BBTC,EQ,46622,25131,53.90
20,335,BBTCL,EQ,5444,3229,59.31
20,336,BCLIND,EQ,936889,591967,63.18
20,337,BDL,EQ,577539,261756,45.32
20,338,BEARDSELL,EQ,122435,75467,61.64
20,339,BECTORFOOD,EQ,91171,53120,58.26
20,340,BEDMUTHA,EQ,4459,3145,70.53
20,341,BEL,EQ,15782582,6735665,42.68
20,342,BEML,EQ,715928,170045,23.75
20,343,BEPL,EQ,594641,329461,55.41
20,344,BERGEPAINT,EQ,1472843,673248,45.71
20,345,BESTAGRO,EQ,26133,18098,69.25
20,346,BETA,SM,3100,2400,77.42
20,347,BEWLTD,SM,5875,4625,78.72
20,348,BFINVEST,EQ,109037,51703,47.42
20,349,BFSI,EQ,806089,719648,89.28
20,350,BFUTILITIE,EQ,454039,141251,31.11
20,351,BHAGCHEM,EQ,132945,59388,44.67
20,352,BHAGERIA,EQ,35749,19003,53.16
20,353,BHAGYANGR,EQ,57554,29701,51.61
20,354,BHANDARI,EQ,704668,523811,74.33
20,355,BHARATFORG,EQ,683589,375769,54.97
20,356,BHARATGEAR,EQ,45439,27111,59.66
20,357,BHARATRAS,EQ,1940,915,47.16
20,358,BHARATWIRE,EQ,796450,433709,54.46
20,359,BHARTIARTL,EQ,11290875,7293605,64.60
20,360,BHARTIHEXA,EQ,433165,303241,70.01
20,361,BHEL,EQ,130758171,24417536,18.67
20,362,BHINVIT,IV,210063,181852,86.57
20,363,BIGBLOC,EQ,132478,63943,48.27
20,364,BIKAJI,EQ,73264,39330,53.68
20,365,BINANIIND,EQ,26634,23118,86.80
20,366,BIOCON,EQ,9554032,3986601,41.73
20,367,BIOFILCHEM,EQ,44419,33243,74.84
20,368,BIRDYS,ST,109200,99600,91.21
20,369,BIRET,RR,44012,36815,83.65
20,370,BIRLACABLE,EQ,69164,31388,45.38
20,371,BIRLACORPN,EQ,550169,215119,39.10
20,372,BIRLAMONEY,EQ,259383,183522,70.75
20,373,BLAL,EQ,131201,76144,58.04
20,374,BLISSGVS,EQ,2036612,863542,42.40
20,375,BLKASHYAP,EQ,817180,609680,74.61
20,376,BLS,EQ,1303229,573031,43.97
20,377,BLSE,EQ,380308,271806,71.47
20,378,BLUEDART,EQ,360224,43221,12.00
20,379,BLUEJET,EQ,233817,168422,72.03
20,380,BLUEPEBBLE,SM,68800,50400,73.26
20,381,BLUESTARCO,EQ,907077,397117,43.78
20,382,BMETRICS,SM,2000,1600,80.00
20,383,BODALCHEM,EQ,1625830,776754,47.78
20,384,BOMDYEING,EQ,4636396,2046726,44.14
20,385,BOROLTD,EQ,96401,59572,61.80
20,386,BORORENEW,EQ,294758,138527,47.00
20,387,BOSCHLTD,EQ,46475,18333,39.45
20,388,BPCL,EQ,4498668,1339338,29.77
20,389,BPL,EQ,314686,123947,39.39
20,390,BRIGADE,EQ,448779,366280,81.62
20,391,BRIGHT,SM,96000,60000,62.50
20,392,BRITANNIA,EQ,262493,119362,45.47
20,393,BRITANNIA,N3,2329,2305,98.97
20,394,BSE,EQ,943429,409509,43.41
20,395,BSE500IETF,EQ,193041,102149,52.92
20,396,BSHSL,EQ,21480,15267,71.08
20,397,BSL,EQ,12182,7212,59.20
20,398,BSLGOLDETF,EQ,21001,11553,55.01
20,399,BSLNIFTY,EQ,203378,133227,65.51
20,400,BSLSENETFG,EQ,5007,3638,72.66
20,401,BSOFT,EQ,3388284,1399505,41.30
20,402,BTML,EQ,2098179,473806,22.58
20,403,BURNPUR,EQ,144298,95281,66.03
20,404,BUTTERFLY,EQ,7201,4525,62.84
20,405,BYKE,EQ,588666,370429,62.93
20,406,CADSYS,ST,5500,5500,100.00
20,407,CAMLINFINE,EQ,630562,290271,46.03
20,408,CAMPUS,EQ,428686,198483,46.30
20,409,CAMS,EQ,271404,139775,51.50
20,410,CANARYS,SM,224000,164000,73.21
20,411,CANBK,EQ,3976973,1530808,38.49
20,412,CANFINHOME,EQ,659380,271267,41.14
20,413,CANTABIL,EQ,125601,57933,46.12
20,414,CAPACITE,EQ,1057847,383132,36.22
20,415,CAPITALSFB,EQ,1010888,354065,35.03
20,416,CAPLIPOINT,EQ,91978,56511,61.44
20,417,CAPTRUST,EQ,8270,6407,77.47
20,418,CARBORUNIV,EQ,202104,77809,38.50
20,419,CAREERP,EQ,99586,60911,61.16
20,420,CARERATING,EQ,158069,65125,41.20
20,421,CARTRADE,EQ,529253,185691,35.09
20,422,CARYSIL,EQ,68922,35611,51.67
20,423,CASTROLIND,EQ,6275448,3423571,54.56
20,424,CBAZAAR,SM,112000,104000,92.86
20,425,CCHHL,EQ,506501,156379,30.87
20,426,CCL,EQ,136840,65993,48.23
20,427,CDSL,EQ,1092311,479958,43.94
20,428,CEATLTD,EQ,1017124,439315,43.19
20,429,CELEBRITY,EQ,509808,346105,67.89
20,430,CELLECOR,SM,111000,73200,65.95
20,431,CELLO,EQ,98661,57476,58.26
20,432,CELLPOINT,SM,7200,6000,83.33
20,433,CENTENKA,EQ,1320794,258016,19.53
20,434,CENTRALBK,EQ,13041002,4233703,32.46
20,435,CENTRUM,EQ,1291855,526714,40.77
20,436,CENTUM,EQ,37562,18950,50.45
20,437,CENTURYPLY,EQ,188900,144411,76.45
20,438,CENTURYTEX,EQ,348339,144501,41.48
20,439,CERA,EQ,29935,18335,61.25
20,440,CESC,EQ,11205177,4528522,40.41
20,441,CGCL,EQ,86675,32530,37.53
20,442,CGPOWER,EQ,994167,579812,58.32
20,443,CGRAPHICS,SM,156800,102400,65.31
20,444,CHALET,EQ,84205,44649,53.02
20,445,CHAMBLFERT,EQ,2809862,759728,27.04
20,446,CHAVDA,SM,157000,118000,75.16
20,447,CHEMBOND,EQ,18507,11116,60.06
20,448,CHEMCON,EQ,42807,24659,57.61
20,449,CHEMFAB,EQ,12813,6697,52.27
20,450,CHEMPLASTS,EQ,159214,116564,73.21
20,451,CHENNPETRO,EQ,703294,204718,29.11
20,452,CHEVIOT,EQ,2965,2613,88.13
20,453,CHOICEIN,EQ,1077671,291716,27.07
20,454,CHOLAFIN,EQ,3478644,1075790,30.93
20,455,CHOLAFIN,N6,159,159,100.00
20,456,CHOLAFIN,N8,15,15,100.00
20,457,CHOLAFIN,NG,20,10,50.00
20,458,CHOLAHLDNG,EQ,228419,115638,50.63
20,459,CIEINDIA,EQ,596180,279530,46.89
20,460,CIGNITITEC,EQ,1587775,795848,50.12
20,461,CINELINE,EQ,34060,23091,67.80
20,462,CIPLA,EQ,804513,384367,47.78
20,463,CLEAN,EQ,65366,35189,53.83
20,464,CLEDUCATE,EQ,50841,26378,51.88
20,465,CLOUD,SM,260000,163000,62.69
20,466,CLSEL,EQ,80257,48398,60.30
20,467,CLSL,SM,12000,10000,83.33
20,468,CMMIPL,ST,66000,60000,90.91
20,469,CMNL,SM,300000,208500,69.50
20,470,CMRSL,SM,1600,800,50.00
20,471,CMSINFO,EQ,1891027,1067887,56.47
20,472,COALINDIA,EQ,51071947,12248569,23.98
20,473,COASTCORP,EQ,21736,13026,59.93
20,474,COCHINSHIP,EQ,2314662,515900,22.29
20,475,COFFEEDAY,EQ,2225709,785883,35.31
20,476,COFORGE,EQ,4992728,2234844,44.76
20,477,COLPAL,EQ,282927,154703,54.68
20,478,COMMITTED,SM,1600,1600,100.00
20,479,COMMOIETF,EQ,68716,46059,67.03
20,480,COMPUSOFT,EQ,227721,125284,55.02
20,481,COMSYN,EQ,10163,8113,79.83
20,482,CONCOR,EQ,2723333,1103998,40.54
20,483,CONCORDBIO,EQ,32866,14228,43.29
20,484,CONFIPET,EQ,1020494,527263,51.67
20,485,CONS,EQ,3459,1722,49.78
20,486,CONSOFINVT,EQ,14675,8712,59.37
20,487,CONSUMBEES,EQ,65012,58058,89.30
20,488,CONSUMIETF,EQ,11346,4691,41.34
20,489,CONTROLPR,EQ,12442,6347,51.01
20,490,COOLCAPS,SM,250,250,100.00
20,491,COROMANDEL,EQ,250533,99857,39.86
20,492,COSMOFIRST,EQ,55166,34882,63.23
20,493,COUNCODOS,EQ,442698,214155,48.37
20,494,CPS,ST,4800,4800,100.00
20,495,CPSEETF,EQ,5307279,2730034,51.44
20,496,CRAFTSMAN,EQ,43645,26848,61.51
20,497,CRAYONS,SM,79000,70000,88.61
20,498,CREATIVE,EQ,7530,3781,50.21
20,499,CREATIVEYE,EQ,120278,98259,81.69
20,500,CREDITACC,EQ,68373,32292,47.23
20,501,CREDITACC,N1,373,247,66.22
20,502,CREDITACC,N2,10,10,100.00
20,503,CREDITACC,N4,55,55,100.00
20,504,CREDITACC,ND,335,335,100.00
20,505,CREST,EQ,33816,24934,73.73
20,506,CRISIL,EQ,30547,11324,37.07
20,507,CROMPTON,EQ,2525330,1024977,40.59
20,508,CSBBANK,EQ,247935,123410,49.78
20,509,CSLFINANCE,EQ,108326,66076,61.00
20,510,CUB,EQ,3034824,1574533,51.88
20,511,CUMMINSIND,EQ,1585260,285157,17.99
20,512,CYBERTECH,EQ,90340,48666,53.87
20,513,CYIENT,EQ,483754,302921,62.62
20,514,CYIENTDLM,EQ,187026,85380,45.65
20,515,DABUR,EQ,7008370,3205169,45.73
20,516,DALBHARAT,EQ,276434,110618,40.02
20,517,DALMIASUG,EQ,84760,46877,55.31
20,518,DAMODARIND,EQ,182806,87307,47.76
20,519,DANGEE,EQ,152579,119657,78.42
20,520,DATAMATICS,EQ,144301,42778,29.64
20,521,DATAPATTNS,EQ,221661,75886,34.24
20,522,DAVANGERE,EQ,117333,97047,82.71
20,523,DBL,EQ,275106,106090,38.56
20,524,DBOL,EQ,186926,94121,50.35
20,525,DBREALTY,EQ,4295325,1896903,44.16
20,526,DBSTOCKBRO,EQ,166846,131495,78.81
20,527,DCAL,EQ,768107,393462,51.22
20,528,DCBBANK,EQ,2195000,1194052,54.40
20,529,DCG,SM,255600,168000,65.73
20,530,DCM,EQ,29395,21305,72.48
20,531,DCMNVL,EQ,35630,24240,68.03
20,532,DCMSHRIRAM,EQ,46541,24640,52.94
20,533,DCMSRIND,EQ,229698,97201,42.32
20,534,DCW,EQ,1827113,679955,37.21
20,535,DCXINDIA,EQ,650114,294460,45.29
20,536,DECCANCE,EQ,7218,3335,46.20
20,537,DEEM,SM,36000,31000,86.11
20,538,DEEPAKFERT,EQ,784396,288670,36.80
20,539,DEEPAKNTR,EQ,257008,105683,41.12
20,540,DEEPENR,EQ,43285,20008,46.22
20,541,DEEPINDS,EQ,202585,125803,62.10
20,542,DELAPLEX,SM,95400,90000,94.34
20,543,DELHIVERY,EQ,2839904,1837125,64.69
20,544,DELPHIFX,EQ,9610,5762,59.96
20,545,DELTACORP,EQ,1463863,640966,43.79
20,546,DELTAMAGNT,EQ,28386,16466,58.01
20,547,DEN,EQ,1156178,558357,48.29
20,548,DENEERS,SM,1800,1200,66.67
20,549,DENORA,EQ,42023,19557,46.54
20,550,DENTALKART,SM,19500,12500,64.10
20,551,DESTINY,ST,12000,12000,100.00
20,552,DEVIT,EQ,11064,7477,67.58
20,553,DEVYANI,EQ,647989,291053,44.92
20,554,DGCONTENT,EQ,19378,19378,100.00
20,555,DHAMPURSUG,EQ,195742,94270,48.16
20,556,DHANI,EQ,11552868,5548482,48.03
20,557,DHANILOANS,NF,1,1,100.00
20,558,DHANILOANS,NW,1,1,100.00
20,559,DHANILOANS,Y5,5,5,100.00
20,560,DHANUKA,EQ,23646,9747,41.22
20,561,DHARMAJ,EQ,45295,27873,61.54
20,562,DHTL,SM,55200,35200,63.77
20,563,DHUNINV,EQ,1431,1055,73.72
20,564,DIAMINESQ,EQ,9231,4871,52.77
20,565,DIAMONDYD,EQ,10701,6651,62.15
20,566,DICIND,EQ,3662,2460,67.18
20,567,DIGIKORE,SM,76200,64200,84.25
20,568,DIGISPICE,EQ,83479,56421,67.59
20,569,DIL,EQ,557420,330262,59.25
20,570,DISHTV,EQ,30173378,7824885,25.93
20,571,DIVGIITTS,EQ,13463,5749,42.70
20,572,DIVISLAB,EQ,348122,194807,55.96
20,573,DIVOPPBEES,EQ,62229,40776,65.53
20,574,DIXON,EQ,261496,93815,35.88
20,575,DKEGL,SM,3000,1500,50.00
20,576,DLF,EQ,5271160,2417586,45.86
20,577,DLINKINDIA,EQ,86521,54723,63.25
20,578,DMART,EQ,436785,342806,78.48
20,579,DMCC,EQ,41129,21693,52.74
20,580,DODLA,EQ,50525,22991,45.50
20,581,DOLATALGO,EQ,1106984,678448,61.29
20,582,DOLLAR,EQ,179853,97498,54.21
20,583,DOLLEX,SM,48000,32000,66.67
20,584,DOMS,EQ,52073,17574,33.75
20,585,DONEAR,EQ,49018,28311,57.76
20,586,DPABHUSHAN,EQ,18155,8883,48.93
20,587,DPSCLTD,EQ,348810,246418,70.65
20,588,DPWIRES,EQ,34684,18593,53.61
20,589,DRCSYSTEMS,EQ,97795,53847,55.06
20,590,DREAMFOLKS,EQ,233589,149654,64.07
20,591,DREDGECORP,EQ,66067,41513,62.83
20,592,DRONE,SM,100000,78000,78.00
20,593,DRREDDY,EQ,581368,293235,50.44
20,594,DSSL,EQ,27989,16217,57.94
20,595,DTIL,EQ,6996,4480,64.04
20,596,DUCOL,SM,36800,30400,82.61
20,597,DUGLOBAL,SM,540000,537500,99.54
20,598,DVL,EQ,28475,18325,64.35
20,599,DWARKESH,EQ,776860,385466,49.62
20,600,DYCL,EQ,41463,25236,60.86
20,601,DYNAMATECH,EQ,11643,6016,51.67
20,602,DYNAMIC,SM,267000,264000,98.88
20,603,DYNPRO,EQ,23976,13691,57.10
20,604,EASEMYTRIP,EQ,33313057,7767085,23.32
20,605,EBBETF0425,EQ,2974,2428,81.64
20,606,EBBETF0430,EQ,6463,6312,97.66
20,607,EBBETF0431,EQ,6240,5969,95.66
20,608,EBBETF0433,EQ,56815,56503,99.45
20,609,ECLERX,EQ,21179,11874,56.06
20,610,ECLFINANCE,NJ,210,200,95.24
20,611,ECLFINANCE,NK,30,30,100.00
20,612,ECLFINANCE,NR,2697,2688,99.67
20,613,ECLFINANCE,NS,60,50,83.33
20,614,EDELWEISS,EQ,2704572,1165135,43.08
20,615,EFACTOR,SM,4000,4000,100.00
20,616,EFORCE,SM,118800,70800,59.60
20,617,EGOLD,EQ,13221,12819,96.96
20,618,EICHERMOT,EQ,562484,366664,65.19
20,619,EIDPARRY,EQ,1284270,517623,40.30
20,620,EIFFL,EQ,18360,17247,93.94
20,621,EIHAHOTELS,EQ,26751,10481,39.18
20,622,EIHOTEL,EQ,422604,228074,53.97
20,623,EKC,EQ,276658,134276,48.54
20,624,ELDEHSG,EQ,5300,2785,52.55
20,625,ELECON,EQ,296732,179245,60.41
20,626,ELECTCAST,EQ,983699,592356,60.22
20,627,ELGIEQUIP,EQ,1988130,1692173,85.11
20,628,ELGIRUBCO,EQ,40508,30646,75.65
20,629,ELIN,EQ,155335,73106,47.06
20,630,EMAMILTD,EQ,1041482,476822,45.78
20,631,EMAMIPAP,EQ,362008,281940,77.88
20,632,EMAMIREAL,EQ,71699,48247,67.29
20,633,EMBASSY,RR,747991,680420,90.97
20,634,EMIL,EQ,1109845,606914,54.68
20,635,EMKAY,EQ,73084,48282,66.06
20,636,EMKAYTOOLS,SM,8100,7200,88.89
20,637,EMMBI,EQ,23711,14318,60.39
20,638,EMSLIMITED,EQ,145350,71174,48.97
20,639,EMUDHRA,EQ,161339,62790,38.92
20,640,ENDURANCE,EQ,113412,98629,86.97
20,641,ENERGYDEV,EQ,85183,59115,69.40
20,642,ENFUSE,SM,91200,68400,75.00
20,643,ENGINERSIN,EQ,6482333,2804831,43.27
20,644,ENIL,EQ,76293,32041,42.00
20,645,ENSER,SM,92000,76000,82.61
20,646,ENTERO,EQ,55935,31386,56.11
20,647,EPACK,EQ,804361,345515,42.96
20,648,EPIGRAL,EQ,41425,18675,45.08
20,649,EPL,EQ,699565,464475,66.39
20,650,EQUAL50ADD,EQ,14496,10429,71.94
20,651,EQUITASBNK,EQ,14427285,4175949,28.94
20,652,ERIS,EQ,425044,277621,65.32
20,653,EROSMEDIA,EQ,300661,126741,42.15
20,654,ESABINDIA,EQ,8287,6755,81.51
20,655,ESAFSFB,EQ,935711,524380,56.04
20,656,ESCONET,SM,83200,67200,80.77
20,657,ESCORTS,EQ,548565,256686,46.79
20,658,ESFL,SM,63600,37800,59.43
20,659,ESG,EQ,741461,703534,94.88
20,660,ESILVER,EQ,27236,25249,92.70
20,661,ESSARSHPNG,EQ,591485,325282,54.99
20,662,ESTER,EQ,262282,129657,49.43
20,663,ETHOSLTD,EQ,20096,12278,61.10
20,664,EUROBOND,SM,5000,4000,80.00
20,665,EVEREADY,EQ,146690,77140,52.59
20,666,EVERESTIND,EQ,15718,8153,51.87
20,667,EXCEL,EQ,6844911,3392397,49.56
20,668,EXCELINDUS,EQ,21999,14256,64.80
20,669,EXICOM,EQ,888397,409191,46.06
20,670,EXIDEIND,EQ,4677076,1495370,31.97
20,671,EXPLEOSOL,EQ,15950,8630,54.11
20,672,EXXARO,EQ,37511,20411,54.41
20,673,FACT,EQ,235909,75291,31.92
20,674,FAIRCHEMOR,EQ,25214,13707,54.36
20,675,FAZE3Q,EQ,13458,9689,71.99
20,676,FCL,EQ,184983,95538,51.65
20,677,FCONSUMER,EQ,11666572,7573247,64.91
20,678,FCSSOFT,EQ,3347841,2293564,68.51
20,679,FDC,EQ,78849,42957,54.48
20,680,FEDERALBNK,EQ,17758980,6577046,37.04
20,681,FEDFINA,EQ,831909,595139,71.54
20,682,FELIX,SM,14500,10000,68.97
20,683,FIBERWEB,EQ,45868,30496,66.49
20,684,FIEMIND,EQ,41005,21530,52.51
20,685,FILATEX,EQ,1516875,588559,38.80
20,686,FINCABLES,EQ,287131,100109,34.87
20,687,FINEORG,EQ,17966,9739,54.21
20,688,FINIETF,EQ,219374,147446,67.21
20,689,FINOPB,EQ,111917,66130,59.09
20,690,FINPIPE,EQ,1454104,542204,37.29
20,691,FIVESTAR,EQ,2283371,1013541,44.39
20,692,FLAIR,EQ,102782,53164,51.73
20,693,FLUOROCHEM,EQ,68164,45195,66.30
20,694,FMCGIETF,EQ,54811,45736,83.44
20,695,FMGOETZE,EQ,78430,38715,49.36
20,696,FOCE,SM,200,200,100.00
20,697,FOCUS,EQ,47097,26282,55.80
20,698,FONEBOX,SM,6000,6000,100.00
20,699,FOODSIN,EQ,501026,252689,50.43
20,700,FORCEMOT,EQ,40370,21221,52.57
20,701,FORTIS,EQ,1518217,890469,58.65
20,702,FOSECOIND,EQ,3145,1564,49.73
20,703,FROG,SM,33200,24000,72.29
20,704,FSL,EQ,3827533,1106765,28.92
20,705,FUSION,EQ,187769,101187,53.89
20,706,GABRIEL,EQ,337256,139795,41.45
20,707,GAEL,EQ,560416,318857,56.90
20,708,GAIL,EQ,15781876,6976219,44.20
20,709,GALAXYSURF,EQ,12092,5767,47.69
20,710,GANDHAR,EQ,257044,132169,51.42
20,711,GANDHITUBE,EQ,9568,5182,54.16
20,712,GANECOS,EQ,27857,14313,51.38
20,713,GANESHBE,EQ,156702,93653,59.77
20,714,GANESHHOUC,EQ,147216,84470,57.38
20,715,GANGESSECU,EQ,50004,22377,44.75
20,716,GARFIBRES,EQ,6839,3823,55.90
20,717,GATEWAY,EQ,375942,207164,55.11
20,718,GEECEE,EQ,85949,31288,36.40
20,719,GEEKAYWIRE,EQ,139950,99620,71.18
20,720,GENCON,EQ,47520,25947,54.60
20,721,GENESYS,EQ,448346,214179,47.77
20,722,GENSOL,EQ,220957,115582,52.31
20,723,GENUSPAPER,EQ,1856745,642583,34.61
20,724,GENUSPOWER,EQ,354007,205423,58.03
20,725,GEOJITFSL,EQ,4512100,1078737,23.91
20,726,GEPIL,EQ,196603,75552,38.43
20,727,GESHIP,EQ,327333,139291,42.55
20,728,GFLLIMITED,EQ,120726,60442,50.07
20,729,GHCL,EQ,134702,76617,56.88
20,730,GHCLTEXTIL,EQ,329003,181616,55.20
20,731,GICHSGFIN,EQ,254019,140611,55.35
20,732,GICL,SM,87000,87000,100.00
20,733,GICRE,EQ,1135166,377466,33.25
20,734,GILLETTE,EQ,14954,5620,37.58
20,735,GILT5YBEES,EQ,71047,56555,79.60
20,736,GINNIFILA,EQ,305690,199752,65.34
20,737,GIPCL,EQ,709633,339627,47.86
20,738,GIRIRAJ,ST,250,250,100.00
20,739,GLAND,EQ,254645,160836,63.16
20,740,GLAXO,EQ,101606,46497,45.76
20,741,GLENMARK,EQ,845271,451657,53.43
20,742,GLOBALPET,SM,19500,18000,92.31
20,743,GLOBE,EQ,2397136,2176805,90.81
20,744,GLOBUSSPR,EQ,48230,21652,44.89
20,745,GLOSTERLTD,EQ,3128,2311,73.88
20,746,GLS,EQ,77779,46545,59.84
20,747,GMBREW,EQ,52200,25584,49.01
20,748,GMDCLTD,EQ,11637133,2971465,25.53
20,749,GMMPFAUDLR,EQ,134062,76812,57.30
20,750,GMRINFRA,EQ,59484779,25467050,42.81
20,751,GMRP&UI,EQ,2904503,1961092,67.52
20,752,GNA,EQ,168109,85025,50.58
20,753,GNFC,EQ,974963,514217,52.74
20,754,GOACARBON,EQ,62611,30216,48.26
20,755,GOCLCORP,EQ,206173,114034,55.31
20,756,GOCOLORS,EQ,262086,54839,20.92
20,757,GODFRYPHLP,EQ,518669,85976,16.58
20,758,GODREJAGRO,EQ,115784,53347,46.07
20,759,GODREJCP,EQ,728587,379237,52.05
20,760,GODREJIND,EQ,938649,393441,41.92
20,761,GODREJPROP,EQ,2417565,734321,30.37
20,762,GOKEX,EQ,90622,50503,55.73
20,763,GOKULAGRO,EQ,664331,273031,41.10
20,764,GOLD1,EQ,379426,298355,78.63
20,765,GOLDBEES,EQ,7101832,5467681,76.99
20,766,GOLDCASE,EQ,383209,321632,83.93
20,767,GOLDETF,EQ,199695,183316,91.80
20,768,GOLDETFADD,EQ,405798,404914,99.78
20,769,GOLDIAM,EQ,130445,81237,62.28
20,770,GOLDIETF,EQ,532448,315755,59.30
20,771,GOLDSHARE,EQ,84937,59822,70.43
20,772,GOLDSTAR,SM,67500,56250,83.33
20,773,GOLDTECH,EQ,137160,87273,63.63
20,774,GOODLUCK,EQ,38718,22039,56.92
20,775,GOPAL,EQ,146414,98708,67.42
20,776,GOYALSALT,SM,26400,22200,84.09
20,777,GPIL,EQ,789989,290611,36.79
20,778,GPPL,EQ,8001121,2333179,29.16
20,779,GPTHEALTH,EQ,217957,81995,37.62
20,780,GPTINFRA,EQ,149700,89832,60.01
20,781,GRANULES,EQ,500380,167099,33.39
20,782,GRAPHISAD,SM,15600,10800,69.23
20,783,GRAPHITE,EQ,866851,327849,37.82
20,784,GRASIM,EQ,1192695,721162,60.46
20,785,GRASIMPP,E1,434906,414515,95.31
20,786,GRAVITA,EQ,173952,129403,74.39
20,787,GRCL,SM,1000,1000,100.00
20,788,GREAVESCOT,EQ,2127790,811941,38.16
20,789,GREENCHEF,SM,65600,44800,68.29
20,790,GREENLAM,EQ,30823,15055,48.84
20,791,GREENPANEL,EQ,416431,211247,50.73
20,792,GREENPLY,EQ,163771,79381,48.47
20,793,GRETEX,ST,3000,3000,100.00
20,794,GRINDWELL,EQ,16060,8014,49.90
20,795,GRINFRA,EQ,77566,40882,52.71
20,796,GRMOVER,EQ,85122,50504,59.33
20,797,GROBTEA,EQ,2045,1435,70.17
20,798,GRPLTD,EQ,2726,2013,73.84
20,799,GRSE,EQ,952374,239724,25.17
20,800,GRWRHITECH,EQ,19855,12258,61.74
20,801,GSEC10IETF,EQ,2572,2523,98.09
20,802,GSEC10YEAR,EQ,7061,5985,84.76
20,803,GSEC5IETF,EQ,1,1,100.00
20,804,GSFC,EQ,1885460,775620,41.14
20,805,GSLSU,EQ,135873,65698,48.35
20,806,GSPL,EQ,3167508,2261958,71.41
20,807,GSS,EQ,34560,19295,55.83
20,808,GSTL,SM,9000,9000,100.00
20,809,GTLINFRA,EQ,95451122,89264665,93.52
20,810,GTPL,EQ,598846,227660,38.02
20,811,GUFICBIO,EQ,37076,20955,56.52
20,812,GUJALKALI,EQ,41446,20340,49.08
20,813,GUJAPOLLO,EQ,6114,2835,46.37
20,814,GUJGASLTD,EQ,963669,354258,36.76
20,815,GUJRAFFIA,EQ,9657,5822,60.29
20,816,GULFOILLUB,EQ,60977,27849,45.67
20,817,GULFPETRO,EQ,204483,101833,49.80
20,818,GULPOLY,EQ,145970,72210,49.47
20,819,GVPTECH,EQ,97905,66328,67.75
20,820,HAL,EQ,1180369,527610,44.70
20,821,HAPPSTMNDS,EQ,192316,87127,45.30
20,822,HAPPYFORGE,EQ,194132,94893,48.88
20,823,HARDWYN,EQ,793218,432494,54.52
20,824,HARIOMPIPE,EQ,79125,44621,56.39
20,825,HARRMALAYA,EQ,60361,30553,50.62
20,826,HARSHA,EQ,100723,49763,49.41
20,827,HATHWAY,EQ,7047213,2012071,28.55
20,828,HATSUN,EQ,30590,14743,48.20
20,829,HAVELLS,EQ,1770873,934921,52.79
20,830,HAVISHA,EQ,65266,46210,70.80
20,831,HBLPOWER,EQ,2716196,1035730,38.13
20,832,HBSL,EQ,20499,17268,84.24
20,833,HCC,EQ,12727318,7723124,60.68
20,834,HCG,EQ,923292,451711,48.92
20,835,HCLTECH,EQ,5964228,3721744,62.40
20,836,HDFCAMC,EQ,265654,132940,50.04
20,837,HDFCBANK,EQ,15932621,7382850,46.34
20,838,HDFCBSE500,EQ,28369,14011,49.39
20,839,HDFCGOLD,EQ,1127987,763920,67.72
20,840,HDFCGROWTH,EQ,13499,9024,66.85
20,841,HDFCLIFE,EQ,8574215,6723104,78.41
20,842,HDFCLIQUID,EQ,2546,1325,52.04
20,843,HDFCLOWVOL,EQ,17578,13679,77.82
20,844,HDFCMID150,EQ,666956,611076,91.62
20,845,HDFCMOMENT,EQ,262955,179163,68.13
20,846,HDFCNEXT50,EQ,220176,175704,79.80
20,847,HDFCNIF100,EQ,49247,39851,80.92
20,848,HDFCNIFBAN,EQ,55078,35196,63.90
20,849,HDFCNIFIT,EQ,189198,163830,86.59
20,850,HDFCNIFTY,EQ,151302,141909,93.79
20,851,HDFCPSUBK,EQ,19432,14251,73.34
20,852,HDFCPVTBAN,EQ,82787,57825,69.85
20,853,HDFCQUAL,EQ,33126,26253,79.25
20,854,HDFCSENSEX,EQ,48867,32273,66.04
20,855,HDFCSILVER,EQ,69157,52307,75.64
20,856,HDFCSML250,EQ,430853,292082,67.79
20,857,HDFCVALUE,EQ,10352,7004,67.66
20,858,HEALTHADD,EQ,5017,3678,73.31
20,859,HEALTHIETF,EQ,201223,176253,87.59
20,860,HEALTHY,EQ,250945,205111,81.74
20,861,HECPROJECT,EQ,7416,5406,72.90
20,862,HEG,EQ,270044,89478,33.13
20,863,HEIDELBERG,EQ,99204,47372,47.75
20,864,HEMIPROP,EQ,586386,255573,43.58
20,865,HERANBA,EQ,18329,10224,55.78
20,866,HERCULES,EQ,98141,34069,34.71
20,867,HERITGFOOD,EQ,237921,162290,68.21
20,868,HEROMOTOCO,EQ,347594,174692,50.26
20,869,HESTERBIO,EQ,7037,4033,57.31
20,870,HEUBACHIND,EQ,39151,22194,56.69
20,871,HEXATRADEX,EQ,24083,15924,66.12
20,872,HFCL,EQ,53454401,14130621,26.43
20,873,HGINFRA,EQ,177711,78174,43.99
20,874,HGS,EQ,17063,8672,50.82
20,875,HIGREEN,SM,27200,20800,76.47
20,876,HIKAL,EQ,243655,126201,51.79
20,877,HIL,EQ,14266,9379,65.74
20,878,HILTON,EQ,137049,41195,30.06
20,879,HIMATSEIDE,EQ,255069,158797,62.26
20,880,HINDALCO,EQ,10633995,5775874,54.32
20,881,HINDCOMPOS,EQ,5117,2467,48.21
20,882,HINDCOPPER,EQ,12628632,3800310,30.09
20,883,HINDMOTORS,EQ,1024981,1024980,100.00
20,884,HINDOILEXP,EQ,1573267,698178,44.38
20,885,HINDPETRO,EQ,5778801,1697441,29.37
20,886,HINDUNILVR,EQ,2595307,1566032,60.34
20,887,HINDWAREAP,EQ,118020,65119,55.18
20,888,HINDZINC,EQ,10396501,2213840,21.29
20,889,HIRECT,EQ,37411,19751,52.79
20,890,HISARMETAL,EQ,41970,25602,61.00
20,891,HITECH,EQ,764496,415416,54.34
20,892,HITECHCORP,EQ,9617,6792,70.62
20,893,HLEGLAS,EQ,32846,17022,51.82
20,894,HMAAGRO,EQ,471493,377433,80.05
20,895,HMVL,EQ,49379,25412,51.46
20,896,HNDFDS,EQ,20319,11343,55.82
20,897,HNGSNGBEES,EQ,654338,453229,69.27
20,898,HOLMARC,SM,7500,6000,80.00
20,899,HOMEFIRST,EQ,160032,103220,64.50
20,900,HOMESFY,ST,7200,6300,87.50
20,901,HONASA,EQ,203668,90763,44.56
20,902,HONAUT,EQ,5622,3520,62.61
20,903,HONDAPOWER,EQ,4175,2049,49.08
20,904,HPAL,EQ,141868,71920,50.70
20,905,HPIL,EQ,2953,2425,82.12
20,906,HPL,EQ,2702254,705457,26.11
20,907,HRHNEXT,SM,6000,6000,100.00
20,908,HSCL,EQ,1639508,1285775,78.42
20,909,HTMEDIA,EQ,975636,372953,38.23
20,910,HUDCO,EQ,12540727,4320669,34.45
20,911,HUDCO,N2,754,701,92.97
20,912,HUDCO,N7,1,1,100.00
20,913,HUDCO,N8,976,976,100.00
20,914,HUDCO,ND,400,400,100.00
20,915,HUDCO,NE,457,452,98.91
20,916,HUHTAMAKI,EQ,120860,64217,53.13
20,917,HYBRIDFIN,EQ,2833,2784,98.27
20,918,IBLFL,SM,68000,64000,94.12
20,919,IBREALEST,EQ,15907099,5990871,37.66
20,920,IBUCCREDIT,NS,37,31,83.78
20,921,IBUCCREDIT,NT,1100,1000,90.91
20,922,IBUCCREDIT,NX,30,30,100.00
20,923,IBUCCREDIT,NZ,305,305,100.00
20,924,IBULHSG,N2,225,225,100.00
20,925,IBULHSG,Y3,160,160,100.00
20,926,IBULHSG,YQ,25,25,100.00
20,927,IBULHSG,YV,10,10,100.00
20,928,IBULHSGFIN,AC,30,30,100.00
20,929,IBULHSGFIN,AH,162,162,100.00
20,930,IBULHSGFIN,AI,2,2,100.00
20,931,IBULHSGFIN,AJ,20,20,100.00
20,932,IBULHSGFIN,AN,50,50,100.00
20,933,IBULHSGFIN,AP,35,35,100.00
20,934,IBULHSGFIN,EQ,4508342,1710414,37.94
20,935,IBULHSGFIN,N0,7,7,100.00
20,936,IBULHSGFIN,N8,21,21,100.00
20,937,IBULHSGFIN,NA,188,188,100.00
20,938,IBULHSGFIN,NS,1003,1003,100.00
20,939,IBULHSGFIN,YN,61,61,100.00
20,940,IBULHSGFIN,YT,6,6,100.00
20,941,IBULHSGFIN,YV,12,12,100.00
20,942,IBULHSGFIN,YX,23,23,100.00
20,943,IBULHSGFIN,YZ,12,6,50.00
20,944,IBULHSGFIN,Z7,18,18,100.00
20,945,IBULHSGFIN,Z9,50,50,100.00
20,946,IBULHSGFIN,ZU,2290,2090,91.27
20,947,IBULHSGFIN,ZX,10,10,100.00
20,948,IBULPP,E1,1080305,836120,77.40
20,949,ICEMAKE,EQ,16923,9340,55.19
20,950,ICICIB22,EQ,2219199,1965434,88.57
20,951,ICICIBANK,EQ,19933604,11284333,56.61
20,952,ICICIGI,EQ,774101,445511,57.55
20,953,ICICIPRULI,EQ,1420649,645029,45.40
20,954,ICIL,EQ,572660,356824,62.31
20,955,ICRA,EQ,2079,1051,50.55
20,956,IDBI,EQ,16801021,6829020,40.65
20,957,IDEA,EQ,844184176,297332033,35.22
20,958,IDEAFORGE,EQ,512076,220531,43.07
20,959,IDFC,EQ,5945048,3375269,56.77
20,960,IDFCFIRSTB,EQ,24612150,8724702,35.45
20,961,IDFNIFTYET,EQ,731,725,99.18
20,962,IEL,EQ,1395479,856608,61.38
20,963,IEX,EQ,16483488,5421231,32.89
20,964,IFBAGRO,EQ,3565,1851,51.92
20,965,IFBIND,EQ,29910,12287,41.08
20,966,IFCI,EQ,93147890,27924807,29.98
20,967,IFCI,NH,596,596,100.00
20,968,IFCI,NI,44,44,100.00
20,969,IFCI,NM,1,1,100.00
20,970,IFGLEXPOR,EQ,8998,4984,55.39
20,971,IGARASHI,EQ,59309,28457,47.98
20,972,IGL,EQ,2211729,1095897,49.55
20,973,IGPL,EQ,93648,48718,52.02
20,974,IIFCL,N4,475,460,96.84
20,975,IIFL,EQ,786316,386764,49.19
20,976,IIFL,N7,69,60,86.96
20,977,IIFL,NE,7,6,85.71
20,978,IIFL,NF,667,647,97.00
20,979,IIFL,NG,7,7,100.00
20,980,IIFL,NL,922,922,100.00
20,981,IIFL,NO,26,26,100.00
20,982,IIFL,NP,10,10,100.00
20,983,IIFL,NR,10,10,100.00
20,984,IIFL,NS,27,27,100.00
20,985,IIFL,NT,689,689,100.00
20,986,IIFL,NU,90,90,100.00
20,987,IIFL,NV,60,60,100.00
20,988,IIFL,NZ,113,113,100.00
20,989,IIFL,Y1,30,30,100.00
20,990,IIFLSAMFIN,N0,22,22,100.00
20,991,IIFLSAMFIN,N1,9,9,100.00
20,992,IIFLSAMFIN,N4,1375,1364,99.20
20,993,IIFLSEC,EQ,963043,581883,60.42
20,994,IIHFL,N4,685,655,95.62
20,995,IIHFL,N5,3544,2818,79.51
20,996,IIHFL,N6,10,10,100.00
20,997,IIHFL,N7,1000,1000,100.00
20,998,IIHFL,N8,28,25,89.29
20,999,IIHFL,N9,54,27,50.00
20,1000,IIHFL,NC,202,201,99.50
20,1001,IIHFL,NE,441,441,100.00
20,1002,IITL,EQ,11357,7137,62.84
20,1003,IKIO,EQ,290905,169502,58.27
20,1004,IMAGICAA,EQ,1187907,603018,50.76
20,1005,IMC1,N0,402,402,100.00
20,1006,IMC1,N1,201,201,100.00
20,1007,IMC1,N2,151,151,100.00
20,1008,IMC1,N3,102,102,100.00
20,1009,IMFA,EQ,180468,77906,43.17
20,1010,IMPAL,EQ,1284,939,73.13
20,1011,INCREDFIN,N4,23,15,65.22
20,1012,INCREDIBLE,EQ,22009,16375,74.40
20,1013,INDBANK,EQ,225660,139561,61.85
20,1014,INDHOTEL,EQ,2071931,1137783,54.91
20,1015,INDIACEM,EQ,2513428,685324,27.27
20,1016,INDIAGLYCO,EQ,56505,28046,49.63
20,1017,INDIAMART,EQ,407560,123186,30.23
20,1018,INDIANB,EQ,1737781,865520,49.81
20,1019,INDIANCARD,EQ,6215,3845,61.87
20,1020,INDIANHUME,EQ,57949,29723,51.29
20,1021,INDIASHLTR,EQ,124318,82817,66.62
20,1022,INDIFRA,SM,8000,6000,75.00
20,1023,INDIGO,EQ,1134070,590591,52.08
20,1024,INDIGOPNTS,EQ,30826,17402,56.45
20,1025,INDIGRID,IV,173670,145124,83.56
20,1026,INDIGRID,ND,100,100,100.00
20,1027,INDIGRID,NJ,25,25,100.00
20,1028,INDIGRID,NL,50,50,100.00
20,1029,INDNIPPON,EQ,25652,16251,63.35
20,1030,INDOAMIN,EQ,107710,60023,55.73
20,1031,INDOBORAX,EQ,31134,16150,51.87
20,1032,INDOCO,EQ,182414,89516,49.07
20,1033,INDORAMA,EQ,50686,28956,57.13
20,1034,INDOSTAR,EQ,233294,165939,71.13
20,1035,INDOTHAI,EQ,4176,2376,56.90
20,1036,INDOWIND,EQ,180926,134711,74.46
20,1037,INDRAMEDCO,EQ,266512,147374,55.30
20,1038,INDSWFTLAB,EQ,616866,408523,66.23
20,1039,INDTERRAIN,EQ,74834,41808,55.87
20,1040,INDUSINDBK,EQ,2119368,743335,35.07
20,1041,INDUSTOWER,EQ,14060465,7031404,50.01
20,1042,INFIBEAM,EQ,13777285,4403359,31.96
20,1043,INFINIUM,SM,4000,3000,75.00
20,1044,INFOBEAN,EQ,10980,5797,52.80
20,1045,INFOLLION,SM,58400,33600,57.53
20,1046,INFRABEES,EQ,27076,17116,63.21
20,1047,INFRAIETF,EQ,205705,178004,86.53
20,1048,INFY,EQ,8842345,4861319,54.98
20,1049,INGERRAND,EQ,16020,10422,65.06
20,1050,INM,SM,3000,2400,80.00
20,1051,INNOVACAP,EQ,39903,25460,63.80
20,1052,INNOVANA,SM,114200,54200,47.46
20,1053,INNOVATIVE,SM,45000,30000,66.67
20,1054,INOXGREEN,EQ,1203750,769262,63.91
20,1055,INOXINDIA,EQ,1369833,376002,27.45
20,1056,INOXWIND,EQ,1211355,520636,42.98
20,1057,INSECTICID,EQ,22308,13938,62.48
20,1058,INSPIRE,SM,34000,16000,47.06
20,1059,INTELLECT,EQ,309861,135297,43.66
20,1060,INTLCONV,EQ,534299,279629,52.34
20,1061,IOB,EQ,11484861,4030621,35.10
20,1062,IOC,EQ,30968452,14590353,47.11
20,1063,IOLCP,EQ,123199,67987,55.18
20,1064,IONEXCHANG,EQ,103239,54817,53.10
20,1065,IPCALAB,EQ,278430,132512,47.59
20,1066,IPL,EQ,405221,249787,61.64
20,1067,IRB,EQ,25805633,11099853,43.01
20,1068,IRBINVIT,IV,279670,257824,92.19
20,1069,IRCON,EQ,8323949,3224605,38.74
20,1070,IRCTC,EQ,2504576,615526,24.58
20,1071,IREDA,EQ,18860176,7668493,40.66
20,1072,IREDA,N2,800,800,100.00
20,1073,IREDA,N5,83,83,100.00
20,1074,IREDA,N6,25,25,100.00
20,1075,IRFC,EQ,31288231,11508247,36.78
20,1076,IRFC,N2,147,147,100.00
20,1077,IRFC,N4,19,19,100.00
20,1078,IRFC,NA,1,1,100.00
20,1079,IRFC,NE,530,530,100.00
20,1080,IRFC,NI,402,323,80.35
20,1081,IRFC,NJ,40,40,100.00
20,1082,IRFC,NK,41,40,97.56
20,1083,IRFC,NN,3,3,100.00
20,1084,IRFC,NO,1786,1760,98.54
20,1085,IRIS,EQ,41952,24640,58.73
20,1086,IRISDOREME,EQ,57295,13886,24.24
20,1087,IRMENERGY,EQ,595047,177289,29.79
20,1088,ISEC,EQ,823671,547232,66.44
20,1089,ISFT,EQ,476048,83616,17.56
20,1090,ISGEC,EQ,73392,43695,59.54
20,1091,ISMTLTD,EQ,742713,339739,45.74
20,1092,IT,EQ,724019,485629,67.07
20,1093,ITALIANE,SM,4000,4000,100.00
20,1094,ITBEES,EQ,24154991,16764903,69.41
20,1095,ITC,EQ,22904276,11422808,49.87
20,1096,ITDC,EQ,38431,22512,58.58
20,1097,ITDCEM,EQ,348286,188525,54.13
20,1098,ITETF,EQ,288370,272458,94.48
20,1099,ITETFADD,EQ,107538,81575,75.86
20,1100,ITI,EQ,1474001,309782,21.02
20,1101,ITIETF,EQ,7746115,6826163,88.12
20,1102,IVC,EQ,1638098,1111440,67.85
20,1103,IVZINGOLD,EQ,55,35,63.64
20,1104,IVZINNIFTY,EQ,38,36,94.74
20,1105,IZMO,EQ,59483,33857,56.92
20,1106,JAGRAN,EQ,198956,121667,61.15
20,1107,JAGSNPHARM,EQ,49454,13887,28.08
20,1108,JAICORPLTD,EQ,510135,221469,43.41
20,1109,JAINAM,SM,19000,19000,100.00
20,1110,JALAN,SM,162000,117000,72.22
20,1111,JAMNAAUTO,EQ,4431148,1738904,39.24
20,1112,JASH,EQ,52341,31546,60.27
20,1113,JAYAGROGN,EQ,43926,28669,65.27
20,1114,JAYBARMARU,EQ,147616,76060,51.53
20,1115,JAYNECOIND,EQ,367886,242841,66.01
20,1116,JAYSREETEA,EQ,44949,26723,59.45
20,1117,JBCHEPHARM,EQ,169658,140526,82.83
20,1118,JBMA,EQ,648318,243582,37.57
20,1119,JCHAC,EQ,95605,43808,45.82
20,1120,JETFREIGHT,EQ,639139,304665,47.67
20,1121,JFLLIFE,SM,4000,4000,100.00
20,1122,JGCHEM,EQ,187409,116612,62.22
20,1123,JINDALPHOT,EQ,9155,5606,61.23
20,1124,JINDALPOLY,EQ,36523,11340,31.05
20,1125,JINDALSAW,EQ,1303909,788568,60.48
20,1126,JINDALSTEL,EQ,3031130,1243626,41.03
20,1127,JINDRILL,EQ,68174,37926,55.63
20,1128,JINDWORLD,EQ,255739,181603,71.01
20,1129,JIOFIN,EQ,21862922,10222883,46.76
20,1130,JISLDVREQS,EQ,102181,35495,34.74
20,1131,JISLJALEQS,EQ,13700973,4040995,29.49
20,1132,JIWANRAM,SM,84000,60000,71.43
20,1133,J&KBANK,EQ,3619843,2037501,56.29
20,1134,JKCEMENT,EQ,211149,146391,69.33
20,1135,JKIL,EQ,122373,60083,49.10
20,1136,JKLAKSHMI,EQ,120430,66724,55.40
20,1137,JKPAPER,EQ,547641,320779,58.57
20,1138,JKTYRE,EQ,673144,362869,53.91
20,1139,JLHL,EQ,17466,7744,44.34
20,1140,JMFINANCIL,EQ,6381464,2272231,35.61
20,1141,JNKINDIA,EQ,2627395,733245,27.91
20,1142,JOCIL,EQ,12291,9791,79.66
20,1143,JPASSOCIAT,EQ,21463464,9841577,45.85
20,1144,JPOLYINVST,EQ,7494,3398,45.34
20,1145,JSFB,EQ,3660854,410352,11.21
20,1146,JSL,EQ,1489456,748245,50.24
20,1147,JSLL,ST,19260,18180,94.39
20,1148,JSWENERGY,EQ,2585406,841668,32.55
20,1149,JSWHL,EQ,2541,1441,56.71
20,1150,JSWINFRA,EQ,12334925,4410120,35.75
20,1151,JSWSTEEL,EQ,3672279,1491769,40.62
20,1152,JTEKTINDIA,EQ,241401,115939,48.03
20,1153,JTLIND,EQ,982763,418230,42.56
20,1154,JUBLFOOD,EQ,2601200,1346912,51.78
20,1155,JUBLINDS,EQ,10724,6709,62.56
20,1156,JUBLINGREA,EQ,539347,298847,55.41
20,1157,JUBLPHARMA,EQ,218115,119836,54.94
20,1158,JUNIORBEES,EQ,267806,158666,59.25
20,1159,JUNIPER,EQ,249183,165863,66.56
20,1160,JUSTDIAL,EQ,355010,102881,28.98
20,1161,JWL,EQ,1196072,536108,44.82
20,1162,JYOTHYLAB,EQ,974249,441305,45.30
20,1163,JYOTICNC,EQ,312999,188206,60.13
20,1164,K2INFRA,SM,42000,38400,91.43
20,1165,KABRAEXTRU,EQ,984717,338461,34.37
20,1166,KAJARIACER,EQ,237129,135941,57.33
20,1167,KAKATCEM,EQ,6343,3958,62.40
20,1168,KALAMANDIR,EQ,374111,241818,64.64
20,1169,KALYANIFRG,EQ,2036,1387,68.12
20,1170,KALYANKJIL,EQ,1243796,798646,64.21
20,1171,KAMATHOTEL,EQ,92065,61698,67.02
20,1172,KAMDHENU,EQ,133976,70938,52.95
20,1173,KAMOPAINTS,EQ,645002,98352,15.25
20,1174,KANDARP,SM,28000,24000,85.71
20,1175,KANORICHEM,EQ,29306,18383,62.73
20,1176,KANPRPLA,EQ,16882,9587,56.79
20,1177,KANSAINER,EQ,2767121,831891,30.06
20,1178,KAPSTON,EQ,4415,3277,74.22
20,1179,KARNIKA,SM,3600,2400,66.67
20,1180,KARURVYSYA,EQ,2440817,1188442,48.69
20,1181,KAUSHALYA,EQ,532,331,62.22
20,1182,KAVVERITEL,EQ,62192,47780,76.83
20,1183,KAYA,EQ,28568,20211,70.75
20,1184,KAYNES,EQ,101847,75981,74.60
20,1185,KBCGLOBAL,EQ,12763818,6578849,51.54
20,1186,KCEIL,SM,83500,68500,82.04
20,1187,KCK,SM,12000,12000,100.00
20,1188,KCP,EQ,426508,254378,59.64
20,1189,KCPSUGIND,EQ,306174,162949,53.22
20,1190,KDDL,EQ,9051,3616,39.95
20,1191,KDL,SM,16900,12100,71.60
20,1192,KEC,EQ,258915,101244,39.10
20,1193,KECL,EQ,1378428,499587,36.24
20,1194,KEEPLEARN,EQ,35614,28432,79.83
20,1195,KEI,EQ,561539,256821,45.74
20,1196,KEL,SM,14400,9600,66.67
20,1197,KELLTONTEC,EQ,507073,264580,52.18
20,1198,KERNEX,EQ,16303,12036,73.83
20,1199,KESORAMIND,EQ,1019671,649324,63.68
20,1200,KFINTECH,EQ,778141,247327,31.78
20,1201,KHADIM,EQ,15674,12067,76.99
20,1202,KHAICHEM,EQ,224256,149720,66.76
20,1203,KHAITANLTD,EQ,5935,4123,69.47
20,1204,KHANDSE,EQ,11185,6500,58.11
20,1205,KHFM,SM,21700,12400,57.14
20,1206,KICL,EQ,6796,3547,52.19
20,1207,KILITCH,EQ,3392,2222,65.51
20,1208,KIMS,EQ,20363,12096,59.40
20,1209,KINGFA,EQ,6638,1987,29.93
20,1210,KIOCL,EQ,342095,117050,34.22
20,1211,KIRIINDUS,EQ,84518,36082,42.69
20,1212,KIRLOSBROS,EQ,256043,121264,47.36
20,1213,KIRLOSENG,EQ,219829,99496,45.26
20,1214,KIRLOSIND,EQ,29895,9041,30.24
20,1215,KIRLPNU,EQ,327114,151087,46.19
20,1216,KITEX,EQ,111994,56713,50.64
20,1217,KKCL,EQ,9222,5502,59.66
20,1218,KLL,SM,233600,123200,52.74
20,1219,KMSUGAR,EQ,674037,322893,47.90
20,1220,KNAGRI,SM,6400,5600,87.50
20,1221,KNRCON,EQ,274433,166927,60.83
20,1222,KODYTECH,SM,21600,14800,68.52
20,1223,KOHINOOR,EQ,84557,50931,60.23
20,1224,KOKUYOCMLN,EQ,110924,68318,61.59
20,1225,KOLTEPATIL,EQ,238117,68461,28.75
20,1226,KONSTELEC,SM,495000,281000,56.77
20,1227,KONTOR,SM,14400,12000,83.33
20,1228,KOPRAN,EQ,233940,136253,58.24
20,1229,KORE,SM,6000,5000,83.33
20,1230,KOTAKBANK,EQ,16123589,11588314,71.87
20,1231,KOTARISUG,EQ,172360,87831,50.96
20,1232,KOTHARIPET,EQ,45552,31014,68.08
20,1233,KOTHARIPRO,EQ,20309,13802,67.96
20,1234,KOTYARK,SM,124400,76800,61.74
20,1235,KPIGREEN,EQ,667719,292037,43.74
20,1236,KPIL,EQ,222685,81316,36.52
20,1237,KPITTECH,EQ,1728068,771974,44.67
20,1238,KPRMILL,EQ,241890,112268,46.41
20,1239,KRBL,EQ,606389,391841,64.62
20,1240,KREBSBIO,EQ,8506,5577,65.57
20,1241,KRISHANA,EQ,17023,11615,68.23
20,1242,KRISHCA,SM,50000,40000,80.00
20,1243,KRISHIVAL,SM,7000,7000,100.00
20,1244,KRISHNADEF,SM,24000,22000,91.67
20,1245,KRITI,EQ,506428,214308,42.32
20,1246,KRITINUT,EQ,128360,68640,53.47
20,1247,KRSNAA,EQ,82816,53411,64.49
20,1248,KRYSTAL,EQ,215593,59722,27.70
20,1249,KSB,EQ,53757,27750,51.62
20,1250,KSCL,EQ,315706,96930,30.70
20,1251,KSL,EQ,44453,25608,57.61
20,1252,KSOLVES,EQ,173548,56176,32.37
20,1253,KTKBANK,EQ,1638681,1111675,67.84
20,1254,KTL,SM,51000,27000,52.94
20,1255,KUANTUM,EQ,180894,85397,47.21
20,1256,LALPATHLAB,EQ,112137,42180,37.61
20,1257,LAMBODHARA,EQ,12994,8783,67.59
20,1258,LANCORHOL,EQ,168248,110518,65.69
20,1259,LANDMARK,EQ,27714,16637,60.03
20,1260,LAOPALA,EQ,109761,63081,57.47
20,1261,LASA,EQ,33640,26441,78.60
20,1262,LAURUSLABS,EQ,1014437,341049,33.62
20,1263,LAWSIKHO,SM,23000,18500,80.43
20,1264,LAXMICOT,EQ,1381636,476145,34.46
20,1265,LAXMIMACH,EQ,3313,1298,39.18
20,1266,LEMERITE,SM,72000,57600,80.00
20,1267,LEMONTREE,EQ,6670958,2275868,34.12
20,1268,LEXUS,EQ,45624,21885,47.97
20,1269,LGBBROSLTD,EQ,87303,41931,48.03
20,1270,LGBFORGE,EQ,127785,82620,64.66
20,1271,LIBAS,EQ,228716,148676,65.00
20,1272,LIBERTSHOE,EQ,24349,14919,61.27
20,1273,LICHSGFIN,EQ,2650534,1022741,38.59
20,1274,LICI,EQ,2207262,962949,43.63
20,1275,LICMFGOLD,EQ,460,429,93.26
20,1276,LICNETFGSC,EQ,60611,55859,92.16
20,1277,LICNETFN50,EQ,563,250,44.40
20,1278,LICNETFSEN,EQ,726,80,11.02
20,1279,LICNFNHGP,EQ,1698,1055,62.13
20,1280,LICNMID100,EQ,4643,2269,48.87
20,1281,LIKHITHA,EQ,404382,202145,49.99
20,1282,LINC,EQ,64570,31297,48.47
20,1283,LINCOLN,EQ,46234,24416,52.81
20,1284,LINDEINDIA,EQ,100440,31216,31.08
20,1285,LIQUID,EQ,57641,29926,51.92
20,1286,LIQUID1,EQ,6575,5290,80.46
20,1287,LIQUIDADD,EQ,397299,397299,100.00
20,1288,LIQUIDBEES,EQ,3028922,2392146,78.98
20,1289,LIQUIDCASE,EQ,4006096,2743720,68.49
20,1290,LIQUIDETF,EQ,167628,141276,84.28
20,1291,LIQUIDIETF,EQ,716057,413945,57.81
20,1292,LIQUIDSBI,EQ,5013,3762,75.04
20,1293,LLOYDS,SM,513000,354000,69.01
20,1294,LLOYDSENGG,EQ,15465323,6301842,40.75
20,1295,LLOYDSME,EQ,480054,277057,57.71
20,1296,LODHA,EQ,610761,325713,53.33
20,1297,LOVABLE,EQ,317912,107975,33.96
20,1298,LOWVOL,EQ,1184,892,75.34
20,1299,LOWVOL1,EQ,216843,196017,90.40
20,1300,LOWVOLIETF,EQ,371831,222039,59.72
20,1301,LOYALTEX,EQ,2543,1945,76.48
20,1302,LPDC,EQ,64186,40317,62.81
20,1303,LRRPL,SM,15000,15000,100.00
20,1304,LT,EQ,4079696,2374338,58.20
20,1305,LTF,EQ,4561558,2341583,51.33
20,1306,LTF,N5,18,18,100.00
20,1307,LTF,N7,2,2,100.00
20,1308,LTF,NJ,1471,1001,68.05
20,1309,LTF,NL,93,93,100.00
20,1310,LTFOODS,EQ,2087691,945995,45.31
20,1311,LTGILTBEES,EQ,1352302,1269306,93.86
20,1312,LTIM,EQ,399976,274332,68.59
20,1313,LTTS,EQ,183349,70180,38.28
20,1314,LUMAXIND,EQ,5413,3326,61.44
20,1315,LUMAXTECH,EQ,112679,62162,55.17
20,1316,LUPIN,EQ,965116,405815,42.05
20,1317,LUXIND,EQ,192675,98162,50.95
20,1318,LXCHEM,EQ,571030,327584,57.37
20,1319,LYKALABS,EQ,111536,73751,66.12
20,1320,LYPSAGEMS,EQ,49711,35960,72.34
20,1321,MAANALU,EQ,82235,54096,65.78
20,1322,MADHAVBAUG,SM,3200,2800,87.50
20,1323,MADHUSUDAN,SM,656000,417000,63.57
20,1324,MADRASFERT,EQ,297528,94648,31.81
20,1325,MAFANG,EQ,868163,618557,71.25
20,1326,MAGADSUGAR,EQ,17454,10710,61.36
20,1327,MAGNUM,EQ,354516,185559,52.34
20,1328,MAGSON,SM,4000,4000,100.00
20,1329,MAHABANK,EQ,29962784,10973049,36.62
20,1330,MAHAPEXLTD,EQ,6586,4689,71.20
20,1331,MAHEPC,EQ,68919,37383,54.24
20,1332,MAHESHWARI,EQ,13039,7388,56.66
20,1333,MAHICKRA,SM,5250,3000,57.14
20,1334,MAHKTECH,EQ,4785076,3994616,83.48
20,1335,MAHLIFE,EQ,258389,134348,51.99
20,1336,MAHLOG,EQ,108547,54272,50.00
20,1337,MAHSCOOTER,EQ,6272,2733,43.57
20,1338,MAHSEAMLES,EQ,524518,370703,70.67
20,1339,MAITHANALL,EQ,150809,67602,44.83
20,1340,MAITREYA,SM,8000,7200,90.00
20,1341,MAKEINDIA,EQ,65709,55225,84.04
20,1342,MAL,SM,4800,3200,66.67
20,1343,MALLCOM,EQ,4680,2943,62.88
20,1344,MANAKCOAT,EQ,106257,69162,65.09
20,1345,MANAKSIA,EQ,99279,55408,55.81
20,1346,MANALIPETC,EQ,665250,309111,46.47
20,1347,MANAPPURAM,EQ,9007588,3377585,37.50
20,1348,MANGALAM,EQ,33708,19804,58.75
20,1349,MANGCHEFER,EQ,238209,153200,64.31
20,1350,MANGLMCEM,EQ,353600,159305,45.05
20,1351,MANINFRA,EQ,423786,229474,54.15
20,1352,MANKIND,EQ,227950,176092,77.25
20,1353,MANOMAY,EQ,7344,5290,72.03
20,1354,MANUGRAPH,EQ,79131,37933,47.94
20,1355,MANYAVAR,EQ,217782,132918,61.03
20,1356,MAPMYINDIA,EQ,56344,23936,42.48
20,1357,MARALOVER,EQ,18451,11291,61.19
20,1358,MARATHON,EQ,22866,12335,53.94
20,1359,MARCO,SM,12000,12000,100.00
20,1360,MARICO,EQ,1104998,658831,59.62
20,1361,MARINE,EQ,261680,166955,63.80
20,1362,MARINETRAN,SM,8000,8000,100.00
20,1363,MARKSANS,EQ,1383878,654738,47.31
20,1364,MARUTI,EQ,834990,436659,52.30
20,1365,MASFIN,EQ,138460,54976,39.71
20,1366,MASKINVEST,EQ,1904,1439,75.58
20,1367,MASPTOP50,EQ,552617,299768,54.25
20,1368,MASTEK,EQ,86121,69211,80.36
20,1369,MATRIMONY,EQ,24606,15565,63.26
20,1370,MAWANASUG,EQ,65905,32547,49.38
20,1371,MAXESTATES,EQ,1802150,411835,22.85
20,1372,MAXHEALTH,EQ,3294764,2604160,79.04
20,1373,MAXIND,EQ,205228,143785,70.06
20,1374,MAXPOSURE,SM,68000,42000,61.76
20,1375,MAYURUNIQ,EQ,154085,99788,64.76
20,1376,MAZDA,EQ,5456,2736,50.15
20,1377,MAZDOCK,EQ,1983210,486538,24.53
20,1378,MBAPL,EQ,13025,8736,67.07
20,1379,MBECL,EQ,460889,449111,97.44
20,1380,MBLINFRA,EQ,123232,80415,65.25
20,1381,MCDOWELL-N,EQ,905136,387761,42.84
20,1382,MCL,EQ,41347,25125,60.77
20,1383,MCON,SM,8000,8000,100.00
20,1384,MCX,EQ,408485,125717,30.78
20,1385,MDL,SM,16000,16000,100.00
20,1386,MEDANTA,EQ,269688,204890,75.97
20,1387,MEDIASSIST,EQ,104110,47278,45.41
20,1388,MEDICAMEQ,EQ,20697,10298,49.76
20,1389,MEDPLUS,EQ,78551,41440,52.76
20,1390,MEGAFLEX,SM,18000,15000,83.33
20,1391,MEGASOFT,EQ,165632,120637,72.83
20,1392,MEGASTAR,EQ,7630,4475,58.65
20,1393,MEGATHERM,SM,260400,192000,73.73
20,1394,MENONBE,EQ,66381,36646,55.21
20,1395,METROBRAND,EQ,113604,53788,47.35
20,1396,METROPOLIS,EQ,89940,32275,35.89
20,1397,MFSL,EQ,1005079,750718,74.69
20,1398,MGEL,EQ,382066,179185,46.90
20,1399,MGL,EQ,421987,191872,45.47
20,1400,MHHL,SM,6000,3000,50.00
20,1401,MHRIL,EQ,583424,450948,77.29
20,1402,MICEL,EQ,322767,196798,60.97
20,1403,MICROPRO,SM,12800,9600,75.00
20,1404,MID150BEES,EQ,604020,343571,56.88
20,1405,MIDCAP,EQ,28124,16311,58.00
20,1406,MIDCAPETF,EQ,3394082,3172686,93.48
20,1407,MIDCAPIETF,EQ,30925,19068,61.66
20,1408,MIDHANI,EQ,642118,239281,37.26
20,1409,MIDQ50ADD,EQ,7094,4960,69.92
20,1410,MIDSELIETF,EQ,16485,11721,71.10
20,1411,MINDACORP,EQ,372704,246538,66.15
20,1412,MINDSPACE,RR,56989,45339,79.56
20,1413,MINDTECK,EQ,255512,137092,53.65
20,1414,MIRCELECTR,EQ,1237241,752933,60.86
20,1415,MIRZAINT,EQ,100385,71515,71.24
20,1416,MITCON,EQ,15559,12176,78.26
20,1417,M&M,EQ,3859227,2097367,54.35
20,1418,M&MFIN,EQ,4725798,1686206,35.68
20,1419,M&MFIN,N2,755,645,85.43
20,1420,M&MFIN,N3,2,2,100.00
20,1421,MMFL,EQ,133596,51133,38.27
20,1422,MMP,EQ,14080,7091,50.36
20,1423,MMTC,EQ,1558619,750554,48.16
20,1424,MNC,EQ,28762,14111,49.06
20,1425,MOGSEC,EQ,11178,8143,72.85
20,1426,MOHEALTH,EQ,17749,8701,49.02
20,1427,MOHITIND,EQ,19561,10934,55.90
20,1428,MOIL,EQ,8023722,1944663,24.24
20,1429,MOL,EQ,529726,283155,53.45
20,1430,MOLDTECH,EQ,171242,84598,49.40
20,1431,MOLDTKPAC,EQ,17625,9217,52.30
20,1432,MOLOWVOL,EQ,11033,6942,62.92
20,1433,MOM100,EQ,275047,159519,58.00
20,1434,MOM30IETF,EQ,1182155,814581,68.91
20,1435,MOM50,EQ,10172,4692,46.13
20,1436,MOMENTUM,EQ,258779,156674,60.54
20,1437,MOMOMENTUM,EQ,303678,272545,89.75
20,1438,MON100,EQ,376755,272764,72.40
20,1439,MONARCH,EQ,19357,13285,68.63
20,1440,MONIFTY500,EQ,354313,244103,68.89
20,1441,MONOPHARMA,SM,10000,10000,100.00
20,1442,MONQ50,EQ,31715,13578,42.81
20,1443,MONTECARLO,EQ,25553,12461,48.77
20,1444,MOQUALITY,EQ,477,348,72.96
20,1445,MOREALTY,EQ,102280,83896,82.03
20,1446,MOREPENLAB,EQ,2049359,960822,46.88
20,1447,MOS,SM,574400,274400,47.77
20,1448,MOSMALL250,EQ,250316,187465,74.89
20,1449,MOTHERSON,EQ,9748819,4318063,44.29
20,1450,MOTILALOFS,EQ,231415,125250,54.12
20,1451,MOTISONS,EQ,337401,275942,81.78
20,1452,MOTOGENFIN,EQ,3998,2268,56.73
20,1453,MOVALUE,EQ,191676,149648,78.07
20,1454,MOXSH,SM,1600,1600,100.00
20,1455,MPHASIS,EQ,270305,107496,39.77
20,1456,MPSLTD,EQ,5989,3029,50.58
20,1457,MRF,EQ,32315,10556,32.67
20,1458,MRO-TEK,EQ,44089,27543,62.47
20,1459,MRPL,EQ,5741569,1778269,30.97
20,1460,MSPL,EQ,341776,249640,73.04
20,1461,MSTCLTD,EQ,193086,90386,46.81
20,1462,MSUMI,EQ,3568212,1891397,53.01
20,1463,MTARTECH,EQ,100335,49188,49.02
20,1464,MTNL,EQ,2556115,1020309,39.92
20,1465,MUFIN,EQ,105156,51255,48.74
20,1466,MUFTI,EQ,279207,126556,45.33
20,1467,MUKANDLTD,EQ,296763,148715,50.11
20,1468,MUKKA,EQ,980756,611491,62.35
20,1469,MUKTAARTS,EQ,5987,5024,83.92
20,1470,MUNJALAU,EQ,96358,60933,63.24
20,1471,MUNJALSHOW,EQ,48618,28633,58.89
20,1472,MURUDCERA,EQ,43699,32301,73.92
20,1473,MUTHOOTCAP,EQ,12155,6427,52.88
20,1474,MUTHOOTFIN,EQ,291478,103649,35.56
20,1475,MUTHOOTMF,EQ,245412,145482,59.28
20,1476,MVGJL,EQ,79149,38561,48.72
20,1477,MVKAGRO,SM,31200,24000,76.92
20,1478,MWL,SM,103200,90000,87.21
20,1479,NABARD,N2,664,659,99.25
20,1480,NACLIND,EQ,248046,107846,43.48
20,1481,NAGAFERT,EQ,739514,401461,54.29
20,1482,NAGREEKCAP,EQ,4200,2674,63.67
20,1483,NAGREEKEXP,EQ,47919,32610,68.05
20,1484,NAHARCAP,EQ,13182,11290,85.65
20,1485,NAHARINDUS,EQ,24906,15688,62.99
20,1486,NAHARPOLY,EQ,38502,35056,91.05
20,1487,NAHARSPING,EQ,42763,26206,61.28
20,1488,NAMAN,SM,116800,84800,72.60
20,1489,NAM-INDIA,EQ,1492695,796048,53.33
20,1490,NATCOPHARM,EQ,930313,422206,45.38
20,1491,NATHBIOGEN,EQ,27632,14605,52.86
20,1492,NATIONALUM,EQ,14912479,4768637,31.98
20,1493,NAUKRI,EQ,181263,108474,59.84
20,1494,NAVA,EQ,702201,307945,43.85
20,1495,NAVIFIN,N0,85,85,100.00
20,1496,NAVIFIN,N6,666,600,90.09
20,1497,NAVIFIN,N7,43,40,93.02
20,1498,NAVIFIN,NC,64,64,100.00
20,1499,NAVINFLUOR,EQ,498125,322203,64.68
20,1500,NAVINIFTY,EQ,1324,962,72.66
20,1501,NAVKARCORP,EQ,1609197,619452,38.49
20,1502,NAVNETEDUL,EQ,198974,113061,56.82
20,1503,NAZARA,EQ,314099,155669,49.56
20,1504,NBCC,EQ,10796822,4300787,39.83
20,1505,NBIFIN,EQ,1003,945,94.22
20,1506,NCC,EQ,2910129,1286772,44.22
20,1507,NCLIND,EQ,295152,167223,56.66
20,1508,NDGL,EQ,76,59,77.63
20,1509,NDL,EQ,1614248,920056,57.00
20,1510,NDLVENTURE,EQ,4739,3628,76.56
20,1511,NDRAUTO,EQ,5999,3888,64.81
20,1512,NDTV,EQ,270014,143615,53.19
20,1513,NECCLTD,EQ,341070,247283,72.50
20,1514,NECLIFE,EQ,212262,123727,58.29
20,1515,NELCAST,EQ,639545,245852,38.44
20,1516,NELCO,EQ,54563,26925,49.35
20,1517,NEOGEN,EQ,43123,20027,46.44
20,1518,NESCO,EQ,39914,21043,52.72
20,1519,NESTLEIND,EQ,1128730,538923,47.75
20,1520,NETF,EQ,7913,4605,58.20
20,1521,NETWEB,EQ,496899,389064,78.30
20,1522,NETWORK18,EQ,2260477,1538533,68.06
20,1523,NEULANDLAB,EQ,25803,17018,65.95
20,1524,NEWGEN,EQ,830716,346783,41.75
20,1525,NEWJAISA,SM,19500,16500,84.62
20,1526,NEXT50,EQ,8264,7836,94.82
20,1527,NEXT50IETF,EQ,411434,306270,74.44
20,1528,NEXTMEDIA,EQ,96390,62408,64.75
20,1529,NFL,EQ,3204524,1275114,39.79
20,1530,NGIL,EQ,200757,65529,32.64
20,1531,NGLFINE,EQ,7245,4058,56.01
20,1532,NH,EQ,152117,82573,54.28
20,1533,NHAI,N2,129,77,59.69
20,1534,NHAI,N6,571,457,80.04
20,1535,NHAI,N8,1571,1571,100.00
20,1536,NHAI,NA,686,686,100.00
20,1537,NHAI,ND,40,40,100.00
20,1538,NHAI,NE,366,366,100.00
20,1539,NHBTF2014,N3,5,5,100.00
20,1540,NHBTF2014,N5,150,150,100.00
20,1541,NHBTF2014,N6,253,101,39.92
20,1542,NHBTF2023,N6,20,20,100.00
20,1543,NHIT,N1,369,364,98.64
20,1544,NHIT,N2,724,630,87.02
20,1545,NHIT,N3,539,539,100.00
20,1546,NHPC,EQ,113971395,36900467,32.38
20,1547,NHPC,N2,1,1,100.00
20,1548,NHPC,N3,5,5,100.00
20,1549,NHPC,N5,70,70,100.00
20,1550,NHPC,N6,35,25,71.43
20,1551,NIACL,EQ,2465018,974615,39.54
20,1552,NIBL,EQ,14616,8258,56.50
20,1553,NIDAN,SM,41000,35000,85.37
20,1554,NIDO,N6,896,876,97.77
20,1555,NIF100BEES,EQ,48464,23620,48.74
20,1556,NIF100IETF,EQ,24954,12602,50.50
20,1557,NIF10GETF,EQ,100,50,50.00
20,1558,NIF5GETF,EQ,1087,1087,100.00
20,1559,NIFITETF,EQ,9737,7680,78.87
20,1560,NIFMID150,EQ,385,340,88.31
20,1561,NIFTY1,EQ,66220,54577,82.42
20,1562,NIFTY50ADD,EQ,8468,5423,64.04
20,1563,NIFTYBEES,EQ,5320196,3550805,66.74
20,1564,NIFTYBETF,EQ,2639,2194,83.14
20,1565,NIFTYETF,EQ,128492,63721,49.59
20,1566,NIFTYIETF,EQ,300776,241422,80.27
20,1567,NIFTYQLITY,EQ,42527,29473,69.30
20,1568,NIITLTD,EQ,272338,171201,62.86
20,1569,NIITMTS,EQ,56231,29520,52.50
20,1570,NILKAMAL,EQ,7965,4467,56.08
20,1571,NINSYS,EQ,11722,8303,70.83
20,1572,NIPPOBATRY,EQ,63385,26392,41.64
20,1573,NIRAJ,EQ,33524,19747,58.90
20,1574,NIRMAN,SM,28800,14400,50.00
20,1575,NITINSPIN,EQ,74565,51962,69.69
20,1576,NITIRAJ,EQ,26352,19641,74.53
20,1577,NKIND,EQ,765,637,83.27
20,1578,NLCINDIA,EQ,6358581,2434638,38.29
20,1579,NMDC,EQ,38974667,13682907,35.11
20,1580,NOCIL,EQ,306160,159624,52.14
20,1581,NORBTEAEXP,EQ,9077,7491,82.53
20,1582,NOVAAGRI,EQ,335038,242135,72.27
20,1583,NPBET,EQ,406,235,57.88
20,1584,NPST,SM,31800,24500,77.04
20,1585,NRAIL,EQ,3717,2040,54.88
20,1586,NRBBEARING,EQ,243439,149582,61.45
20,1587,NRL,EQ,85519,56299,65.83
20,1588,NSIL,EQ,5019,3233,64.42
20,1589,NSLNISP,EQ,19424556,6248784,32.17
20,1590,NTPC,EQ,26844664,10539388,39.26
20,1591,NTPC,N3,14,14,100.00
20,1592,NTPC,N6,146,146,100.00
20,1593,NTPC,N7,136228,132271,97.10
20,1594,NTPC,NC,5,5,100.00
20,1595,NTPC,ND,34,34,100.00
20,1596,NUCLEUS,EQ,20917,10637,50.85
20,1597,NURECA,EQ,17959,11226,62.51
20,1598,NUVAMA,EQ,25253,14745,58.39
20,1599,NUVOCO,EQ,615435,420009,68.25
20,1600,NV20,EQ,121445,110128,90.68
20,1601,NV20BEES,EQ,20603,14243,69.13
20,1602,NV20IETF,EQ,349783,195983,56.03
20,1603,NXST,RR,53862,33452,62.11
20,1604,NYKAA,EQ,2391690,1151198,48.13
20,1605,OAL,EQ,24951,13093,52.47
20,1606,OBCL,EQ,57008,35431,62.15
20,1607,OBEROIRLTY,EQ,581620,233219,40.10
20,1608,OCCL,EQ,10191,6207,60.91
20,1609,OFSS,EQ,339722,176208,51.87
20,1610,OIL,EQ,4278873,1354073,31.65
20,1611,OLECTRA,EQ,420498,169849,40.39
20,1612,OLIL,SM,4800,4800,100.00
20,1613,OMAXE,EQ,145718,91791,62.99
20,1614,OMFURN,SM,64800,50400,77.78
20,1615,OMINFRAL,EQ,113043,63575,56.24
20,1616,ONDOOR,SM,1200,600,50.00
20,1617,ONEPOINT,EQ,471286,268736,57.02
20,1618,ONGC,EQ,28913016,8215571,28.41
20,1619,ONMOBILE,EQ,359094,192947,53.73
20,1620,ONWARDTEC,EQ,48061,29990,62.40
20,1621,OPTIEMUS,EQ,41838,23257,55.59
20,1622,ORBTEXP,EQ,11114,6475,58.26
20,1623,ORCHPHARMA,EQ,47197,29947,63.45
20,1624,ORIANA,SM,7200,7200,100.00
20,1625,ORICONENT,EQ,550830,301671,54.77
20,1626,ORIENTBELL,EQ,9713,5167,53.20
20,1627,ORIENTCEM,EQ,761031,272578,35.82
20,1628,ORIENTCER,EQ,91343,62827,68.78
20,1629,ORIENTELEC,EQ,1208640,359067,29.71
20,1630,ORIENTHOT,EQ,5597127,1649372,29.47
20,1631,ORIENTLTD,EQ,15995,9565,59.80
20,1632,ORIENTPPR,EQ,8693672,3963739,45.59
20,1633,ORISSAMINE,EQ,11808,3763,31.87
20,1634,ORTINLAB,EQ,11021,8424,76.44
20,1635,OSWALAGRO,EQ,103939,70232,67.57
20,1636,OSWALGREEN,EQ,244653,117001,47.82
20,1637,OWAIS,SM,73600,57600,78.26
20,1638,PAGEIND,EQ,17696,8768,49.55
20,1639,PAISALO,EQ,1489243,1090728,73.24
20,1640,PAKKA,EQ,175542,56796,32.35
20,1641,PALASHSECU,EQ,10807,3222,29.81
20,1642,PANACEABIO,EQ,52255,22733,43.50
20,1643,PANACHE,EQ,2232,1359,60.89
20,1644,PANAMAPET,EQ,608177,167251,27.50
20,1645,PANSARI,EQ,3822,1072,28.05
20,1646,PAR,EQ,98145,33764,34.40
20,1647,PARADEEP,EQ,906894,455756,50.25
20,1648,PARAGMILK,EQ,466428,217007,46.53
20,1649,PARAGON,SM,40800,30000,73.53
20,1650,PARAS,EQ,99307,52220,52.58
20,1651,PARIN,SM,8000,7000,87.50
20,1652,PARKHOTELS,EQ,279561,172877,61.84
20,1653,PARSVNATH,EQ,488252,331414,67.88
20,1654,PARTYCRUS,SM,6000,5000,83.33
20,1655,PASHUPATI,SM,133600,82400,61.68
20,1656,PASUPTAC,EQ,316510,221388,69.95
20,1657,PATANJALI,EQ,500578,264020,52.74
20,1658,PATELENG,EQ,16952547,9539513,56.27
20,1659,PATINTLOG,EQ,303320,150428,49.59
20,1660,PATTECH,ST,21000,21000,100.00
20,1661,PAVNAIND,EQ,4527,3380,74.66
20,1662,PAYTM,EQ,983852,635900,64.63
20,1663,PCBL,EQ,1225877,668597,54.54
20,1664,PCHFL,NA,463,463,100.00
20,1665,PCJEWELLER,EQ,833179,546202,65.56
20,1666,PDMJEPAPER,EQ,1339859,477813,35.66
20,1667,PDSL,EQ,299834,179589,59.90
20,1668,PEARLPOLY,EQ,1383341,613556,44.35
20,1669,PEL,EQ,2689514,1002918,37.29
20,1670,PEL,N0,1,1,100.00
20,1671,PENIND,EQ,372345,163716,43.97
20,1672,PENINLAND,EQ,8260436,2970987,35.97
20,1673,PENTAGON,SM,3000,3000,100.00
20,1674,PERFECT,SM,192000,150000,78.13
20,1675,PERSISTENT,EQ,345291,159206,46.11
20,1676,PETRONET,EQ,8079399,3525313,43.63
20,1677,PFC,EQ,28996180,8375408,28.88
20,1678,PFC,N3,101,100,99.01
20,1679,PFC,N5,1200,1200,100.00
20,1680,PFC,N7,121,121,100.00
20,1681,PFC,N8,338,329,97.34
20,1682,PFIZER,EQ,10857,5124,47.20
20,1683,PFOCUS,EQ,55525,34355,61.87
20,1684,PGEL,EQ,136848,74866,54.71
20,1685,PGHH,EQ,3207,1875,58.47
20,1686,PGHL,EQ,32440,20806,64.14
20,1687,PGIL,EQ,21348,14226,66.64
20,1688,PGINVIT,IV,485694,455290,93.74
20,1689,PHANTOMFX,SM,36000,27900,77.50
20,1690,PHARMABEES,EQ,1967539,1079139,54.85
20,1691,PHOENIXLTD,EQ,379146,246292,64.96
20,1692,PIDILITIND,EQ,327375,180418,55.11
20,1693,PIIND,EQ,318934,230715,72.34
20,1694,PILANIINVS,EQ,4622,2868,62.05
20,1695,PIONEEREMB,EQ,13140,12349,93.98
20,1696,PITTIENG,EQ,57714,22040,38.19
20,1697,PIXTRANS,EQ,10402,5662,54.43
20,1698,PKTEA,EQ,392,323,82.40
20,1699,PLADAINFO,SM,3000,3000,100.00
20,1700,PLASTIBLEN,EQ,80385,41799,52.00
20,1701,PLATIND,EQ,408812,170631,41.74
20,1702,PLAZACABLE,EQ,77961,48637,62.39
20,1703,PNB,EQ,61353686,30987323,50.51
20,1704,PNBGILTS,EQ,905612,378641,41.81
20,1705,PNBHOUSING,EQ,289089,118082,40.85
20,1706,PNC,EQ,95412,59042,61.88
20,1707,PNCINFRA,EQ,407018,327275,80.41
20,1708,POCL,EQ,10821,7036,65.02
20,1709,PODDARMENT,EQ,6286,4688,74.58
20,1710,POKARNA,EQ,33080,22692,68.60
20,1711,POLICYBZR,EQ,874727,439840,50.28
20,1712,POLYCAB,EQ,312177,132580,42.47
20,1713,POLYMED,EQ,60829,30082,49.45
20,1714,POLYPLEX,EQ,76659,45154,58.90
20,1715,POLYSIL,SM,4000,4000,100.00
20,1716,PONNIERODE,EQ,27109,15542,57.33
20,1717,POONAWALLA,EQ,1246656,678903,54.46
20,1718,POWERGRID,EQ,27074447,14235519,52.58
20,1719,POWERINDIA,EQ,111672,32773,29.35
20,1720,POWERMECH,EQ,59361,29109,49.04
20,1721,PPAP,EQ,6375,3403,53.38
20,1722,PPL,EQ,39397,22510,57.14
20,1723,PPLPHARMA,EQ,26693218,7930224,29.71
20,1724,PRAJIND,EQ,416828,195141,46.82
20,1725,PRAKASH,EQ,482720,297756,61.68
20,1726,PRAMARA,SM,10000,10000,100.00
20,1727,PRATHAM,SM,99200,86400,87.10
20,1728,PRECAM,EQ,117922,57409,48.68
20,1729,PRECISION,SM,18000,10000,55.56
20,1730,PRECWIRE,EQ,353570,164047,46.40
20,1731,PREMEXPLN,EQ,50308,31865,63.34
20,1732,PREMIERPOL,EQ,13627,8610,63.18
20,1733,PRESSTONIC,SM,45600,32000,70.18
20,1734,PRESTIGE,EQ,2627902,1846752,70.27
20,1735,PRICOLLTD,EQ,200140,116378,58.15
20,1736,PRIMESECU,EQ,179407,95740,53.36
20,1737,PRINCEPIPE,EQ,85818,38653,45.04
20,1738,PRITI,EQ,20163,9902,49.11
20,1739,PRITIKA,SM,26000,18000,69.23
20,1740,PRIVISCL,EQ,165845,51671,31.16
20,1741,PROLIFE,SM,1500,1500,100.00
20,1742,PROPEQUITY,SM,25200,21000,83.33
20,1743,PROV,SM,1120,960,85.71
20,1744,PROZONER,EQ,454361,218386,48.06
20,1745,PRSMJOHNSN,EQ,195905,119713,61.11
20,1746,PRUDENT,EQ,203423,124500,61.20
20,1747,PSB,EQ,2620832,1011881,38.61
20,1748,PSPPROJECT,EQ,69980,39752,56.80
20,1749,PSUBANK,EQ,40761,11329,27.79
20,1750,PSUBANKADD,EQ,21912,13293,60.67
20,1751,PSUBNKBEES,EQ,3138971,2158323,68.76
20,1752,PSUBNKIETF,EQ,264959,169431,63.95
20,1753,PTC,EQ,2826705,1228778,43.47
20,1754,PTCIL,EQ,3882,2078,53.53
20,1755,PTL,EQ,298130,165405,55.48
20,1756,PULZ,SM,16000,14000,87.50
20,1757,PUNJABCHEM,EQ,9074,3594,39.61
20,1758,PURVFLEXI,SM,24000,20800,86.67
20,1759,PVP,EQ,315928,177378,56.15
20,1760,PVRINOX,EQ,424770,197736,46.55
20,1761,PVSL,EQ,91876,57626,62.72
20,1762,PVTBANIETF,EQ,428742,311676,72.70
20,1763,PVTBANKADD,EQ,44406,32816,73.90
20,1764,PYRAMID,EQ,84751,52660,62.13
20,1765,QFIL,SM,1000,1000,100.00
20,1766,QGOLDHALF,EQ,30308,23331,76.98
20,1767,QMSMEDI,SM,19000,15000,78.95
20,1768,QNIFTY,EQ,2025,1918,94.72
20,1769,QUADPRO,SM,48000,36000,75.00
20,1770,QUAL30IETF,EQ,14046,12071,85.94
20,1771,QUESS,EQ,96564,50801,52.61
20,1772,QUICKHEAL,EQ,145708,64794,44.47
20,1773,QUICKTOUCH,SM,17000,13500,79.41
20,1774,RACE,EQ,16545,13690,82.74
20,1775,RADHIKAJWE,EQ,244151,121454,49.75
20,1776,RADIANTCMS,EQ,189736,123845,65.27
20,1777,RADICO,EQ,614372,166328,27.07
20,1778,RADIOCITY,EQ,2279411,797871,35.00
20,1779,RADIOCITY,P1,1766,1766,100.00
20,1780,RADIOWALLA,SM,22400,17600,78.57
20,1781,RAILTEL,EQ,4263043,1814623,42.57
20,1782,RAIN,EQ,2453736,1078627,43.96
20,1783,RAINBOW,EQ,512024,128431,25.08
20,1784,RAJESHEXPO,EQ,326180,143445,43.98
20,1785,RAJRATAN,EQ,28436,19081,67.10
20,1786,RAJSREESUG,EQ,68201,34488,50.57
20,1787,RALLIS,EQ,1038961,528998,50.92
20,1788,RAMANEWS,EQ,178059,146746,82.41
20,1789,RAMAPHO,EQ,5757,4020,69.83
20,1790,RAMASTEEL,EQ,9593075,3636456,37.91
20,1791,RAMCOCEM,EQ,621411,310976,50.04
20,1792,RAMCOIND,EQ,136927,73535,53.70
20,1793,RAMKY,EQ,118079,53419,45.24
20,1794,RAMRAT,EQ,375218,154450,41.16
20,1795,RANASUG,EQ,535917,242202,45.19
20,1796,RANEENGINE,EQ,73695,35320,47.93
20,1797,RANEHOLDIN,EQ,191792,40179,20.95
20,1798,RATEGAIN,EQ,329625,178707,54.22
20,1799,RATNAMANI,EQ,206817,180731,87.39
20,1800,RATNAVEER,EQ,361170,165635,45.86
20,1801,RAYMOND,EQ,1338684,247553,18.49
20,1802,RBA,EQ,5667963,2512894,44.34
20,1803,RBL,EQ,1689274,258183,15.28
20,1804,RBLBANK,EQ,11561486,2628040,22.73
20,1805,RBMINFRA,SM,51200,48400,94.53
20,1806,RBS,ST,310400,276800,89.18
20,1807,RBZJEWEL,EQ,138732,113367,81.72
20,1808,RCDL,SM,12000,12000,100.00
20,1809,RCF,EQ,2067841,814973,39.41
20,1810,RECLTD,EQ,45105471,12675822,28.10
20,1811,RECLTD,N4,500,500,100.00
20,1812,RECLTD,N6,54,52,96.30
20,1813,RECLTD,N9,150,150,100.00
20,1814,RECLTD,NF,40,40,100.00
20,1815,RECLTD,NG,25,25,100.00
20,1816,REDINGTON,EQ,1847758,966835,52.32
20,1817,REDTAPE,EQ,54395,39643,72.88
20,1818,REFEX,EQ,430119,206838,48.09
20,1819,RELAXO,EQ,40123,23892,59.55
20,1820,RELCHEMQ,EQ,9670,5427,56.12
20,1821,RELIANCE,EQ,8613479,4048315,47.00
20,1822,RELIGARE,EQ,403745,271537,67.25
20,1823,RELINFRA,EQ,3397162,2025868,59.63
20,1824,REMSONSIND,EQ,20513,4475,21.82
20,1825,REMUS,SM,3625,2450,67.59
20,1826,RENUKA,EQ,6282184,2834234,45.12
20,1827,REPCOHOME,EQ,107998,44950,41.62
20,1828,REPL,EQ,82246,50172,61.00
20,1829,REPRO,EQ,9863,4217,42.76
20,1830,RESPONIND,EQ,243780,50937,20.89
20,1831,REXPIPES,SM,8000,6000,75.00
20,1832,RGL,EQ,70697,31957,45.20
20,1833,RHIM,EQ,57548,27006,46.93
20,1834,RICHA,SM,2000,2000,100.00
20,1835,RICOAUTO,EQ,1001109,411524,41.11
20,1836,RIIL,EQ,184757,54389,29.44
20,1837,RILINFRA,SM,60300,37400,62.02
20,1838,RISHABH,EQ,76969,35585,46.23
20,1839,RITCO,EQ,65497,17926,27.37
20,1840,RITES,EQ,1221833,443732,36.32
20,1841,RITEZONE,SM,14400,14400,100.00
20,1842,RKDL,EQ,35568,23505,66.08
20,1843,RKEC,EQ,163622,87817,53.67
20,1844,RKFORGE,EQ,543610,263736,48.52
20,1845,RKSWAMY,EQ,104808,50912,48.58
20,1846,RML,EQ,412926,93807,22.72
20,1847,ROCKINGDCE,SM,31000,10000,32.26
20,1848,ROHLTD,EQ,265282,90792,34.22
20,1849,ROLEXRINGS,EQ,22911,10668,46.56
20,1850,ROSSARI,EQ,113908,67090,58.90
20,1851,ROSSELLIND,EQ,94500,51601,54.60
20,1852,ROTO,EQ,136317,62506,45.85
20,1853,ROUTE,EQ,45900,25251,55.01
20,1854,ROXHITECH,SM,161600,107200,66.34
20,1855,RPGLIFE,EQ,22480,15596,69.38
20,1856,RPOWER,EQ,13476771,8234951,61.10
20,1857,RPSGVENT,EQ,112910,60216,53.33
20,1858,RPTECH,EQ,407353,240052,58.93
20,1859,RRKABEL,EQ,142382,81474,57.22
20,1860,RSWM,EQ,79011,51285,64.91
20,1861,RSYSTEMS,EQ,180948,99482,54.98
20,1862,RTNINDIA,EQ,4278894,1762346,41.19
20,1863,RUBYMILLS,EQ,10229,7687,75.15
20,1864,RUCHINFRA,EQ,249092,206666,82.97
20,1865,RUCHIRA,EQ,210051,104964,49.97
20,1866,RUPA,EQ,173860,69783,40.14
20,1867,RUSHIL,EQ,681564,246687,36.19
20,1868,RUSTOMJEE,EQ,208740,83730,40.11
20,1869,RVNL,EQ,9283077,3838355,41.35
20,1870,SAAKSHI,SM,27600,20400,73.91
20,1871,SABAR,SM,140000,135000,96.43
20,1872,SADBHIN,EQ,474433,251852,53.08
20,1873,SADHAV,SM,80400,50400,62.69
20,1874,SADHNANIQ,EQ,143460,86191,60.08
20,1875,SAFARI,EQ,33998,15509,45.62
20,1876,SAGARDEEP,EQ,27750,24050,86.67
20,1877,SAGCEM,EQ,58542,35543,60.71
20,1878,SAH,EQ,124408,43848,35.25
20,1879,SAHAJ,SM,4000,4000,100.00
20,1880,SAHANA,SM,14500,10500,72.41
20,1881,SAHYADRI,EQ,5109,2480,48.54
20,1882,SAIFL,SM,10400,8000,76.92
20,1883,SAIL,EQ,71734933,15517983,21.63
20,1884,SAKAR,EQ,8439,5842,69.23
20,1885,SAKHTISUG,EQ,661283,362045,54.75
20,1886,SAKSOFT,EQ,90048,47662,52.93
20,1887,SAKUMA,EQ,5574980,2499415,44.83
20,1888,SALASAR,EQ,4142110,2032812,49.08
20,1889,SALONA,EQ,293862,62639,21.32
20,1890,SALZERELEC,EQ,56411,37187,65.92
20,1891,SAMHI,EQ,552158,276774,50.13
20,1892,SANDESH,EQ,1899,1088,57.29
20,1893,SANDHAR,EQ,67694,34025,50.26
20,1894,SANDUMA,EQ,409083,266626,65.18
20,1895,SANGAMIND,EQ,15103,8085,53.53
20,1896,SANGHIIND,EQ,419460,278587,66.42
20,1897,SANGHVIMOV,EQ,218342,115611,52.95
20,1898,SANOFI,EQ,31770,13051,41.08
20,1899,SANSERA,EQ,61007,35819,58.71
20,1900,SAPPHIRE,EQ,99927,41215,41.25
20,1901,SARDAEN,EQ,2642585,808591,30.60
20,1902,SAREGAMA,EQ,277150,146354,52.81
20,1903,SARLAPOLY,EQ,688533,397665,57.76
20,1904,SAROJA,SM,3200,3200,100.00
20,1905,SARTELE,SM,66000,43500,65.91
20,1906,SASKEN,EQ,9891,6509,65.81
20,1907,SASTASUNDR,EQ,30691,13593,44.29
20,1908,SATIA,EQ,487290,278196,57.09
20,1909,SATIN,EQ,352114,168343,47.81
20,1910,SATINDLTD,EQ,363612,175327,48.22
20,1911,SAURASHCEM,EQ,200059,117309,58.64
20,1912,SBC,EQ,2166667,1257445,58.04
20,1913,SBCL,EQ,46066,24397,52.96
20,1914,SBFC,EQ,4193506,2811904,67.05
20,1915,SBGLP,EQ,1699963,437062,25.71
20,1916,SBICARD,EQ,867523,387812,44.70
20,1917,SBIETFCON,EQ,5045,4138,82.02
20,1918,SBIETFIT,EQ,31486,25711,81.66
20,1919,SBIETFPB,EQ,15400,10174,66.06
20,1920,SBIETFQLTY,EQ,3421,3048,89.10
20,1921,SBILIFE,EQ,1355425,1001464,73.89
20,1922,SBIN,EQ,22667634,12118380,53.46
20,1923,SCHAEFFLER,EQ,115060,63766,55.42
20,1924,SCHAND,EQ,88063,52973,60.15
20,1925,SCI,EQ,2829220,1290249,45.60
20,1926,SCILAL,EQ,2045445,1107858,54.16
20,1927,SCML,SM,318000,204000,64.15
20,1928,SCPL,EQ,13039,7578,58.12
20,1929,SDBL,EQ,579399,293991,50.74
20,1930,SDL24BEES,EQ,512,352,68.75
20,1931,SDL26BEES,EQ,1319,1249,94.69
20,1932,SEAMECLTD,EQ,8379,5521,65.89
20,1933,SECL,SM,50000,43750,87.50
20,1934,SECURCRED,EQ,587621,475165,80.86
20,1935,SEL,SM,29600,24800,83.78
20,1936,SELAN,EQ,45405,24569,54.11
20,1937,SELMC,EQ,4775,3451,72.27
20,1938,SENCO,EQ,117950,51707,43.84
20,1939,SENSEXADD,EQ,12871,3004,23.34
20,1940,SENSEXETF,EQ,26556,20416,76.88
20,1941,SENSEXIETF,EQ,10324,6035,58.46
20,1942,SEPC,EQ,4723045,2105658,44.58
20,1943,SEQUENT,EQ,788709,427025,54.14
20,1944,SERVICE,SM,26000,8000,30.77
20,1945,SERVOTECH,EQ,568409,379943,66.84
20,1946,SESHAPAPER,EQ,35565,20185,56.76
20,1947,SETF10GILT,EQ,12382,12256,98.98
20,1948,SETFGOLD,EQ,1339014,942196,70.36
20,1949,SETFNIF50,EQ,603382,553634,91.76
20,1950,SETFNIFBK,EQ,64928,43194,66.53
20,1951,SETFNN50,EQ,42283,36417,86.13
20,1952,SFL,EQ,51212,26828,52.39
20,1953,SGBAPR28I,GB,169,153,90.53
20,1954,SGBAUG24,GB,102,73,71.57
20,1955,SGBAUG27,GB,20,19,95.00
20,1956,SGBAUG28V,GB,626,471,75.24
20,1957,SGBAUG29V,GB,173,148,85.55
20,1958,SGBAUG30,GB,170,137,80.59
20,1959,SGBD29VIII,GB,1185,806,68.02
20,1960,SGBDC27VII,GB,37,27,72.97
20,1961,SGBDE30III,GB,489,365,74.64
20,1962,SGBDE31III,GB,2989,2499,83.61
20,1963,SGBDEC2513,GB,3,3,100.00
20,1964,SGBFEB28IX,GB,3,3,100.00
20,1965,SGBFEB29XI,GB,341,150,43.99
20,1966,SGBFEB32IV,GB,4753,3562,74.94
20,1967,SGBJ28VIII,GB,68,67,98.53
20,1968,SGBJAN29IX,GB,218,175,80.28
20,1969,SGBJAN29X,GB,48,43,89.58
20,1970,SGBJAN30IX,GB,449,437,97.33
20,1971,SGBJU29III,GB,15,14,93.33
20,1972,SGBJUL25,GB,84,67,79.76
20,1973,SGBJUL27,GB,4,4,100.00
20,1974,SGBJUL28IV,GB,540,344,63.70
20,1975,SGBJUL29IV,GB,632,589,93.20
20,1976,SGBJUN28,GB,122,119,97.54
20,1977,SGBJUN29II,GB,102,87,85.29
20,1978,SGBJUN30,GB,219,214,97.72
20,1979,SGBJUN31I,GB,1249,968,77.50
20,1980,SGBMAR25,GB,9,6,66.67
20,1981,SGBMAR28X,GB,15,12,80.00
20,1982,SGBMAR30X,GB,10,9,90.00
20,1983,SGBMAR31IV,GB,290,238,82.07
20,1984,SGBMAY25,GB,36,36,100.00
20,1985,SGBMAY26,GB,8,7,87.50
20,1986,SGBMAY28,GB,155,148,95.48
20,1987,SGBMAY29I,GB,590,451,76.44
20,1988,SGBMR29XII,GB,165,118,71.52
20,1989,SGBN28VIII,GB,203,192,94.58
20,1990,SGBNOV24,GB,404,351,86.88
20,1991,SGBNOV258,GB,11,11,100.00
20,1992,SGBNV29VII,GB,743,559,75.24
20,1993,SGBOC28VII,GB,313,303,96.81
20,1994,SGBOCT25IV,GB,1,1,100.00
20,1995,SGBOCT26,GB,16,5,31.25
20,1996,SGBOCT27,GB,8,7,87.50
20,1997,SGBOCT27VI,GB,31,27,87.10
20,1998,SGBSEP24,GB,3,3,100.00
20,1999,SGBSEP27,GB,17,10,58.82
20,2000,SGBSEP28VI,GB,558,396,70.97
20,2001,SGBSEP29VI,GB,427,300,70.26
20,2002,SGBSEP31II,GB,1363,971,71.24
20,2003,SGIL,EQ,47323,24953,52.73
20,2004,SGL,EQ,7548,3901,51.68
20,2005,SHAH,EQ,4088299,2027404,49.59
20,2006,SHAHALLOYS,EQ,13139,8084,61.53
20,2007,SHAILY,EQ,116780,78621,67.32
20,2008,SHALBY,EQ,120942,68979,57.03
20,2009,SHALPAINTS,EQ,250862,165544,65.99
20,2010,SHANKARA,EQ,69674,38673,55.51
20,2011,SHANTHALA,SM,7200,7200,100.00
20,2012,SHANTIGEAR,EQ,20215,11725,58.00
20,2013,SHARDACROP,EQ,53580,24626,45.96
20,2014,SHARDAMOTR,EQ,61309,32462,52.95
20,2015,SHAREINDIA,EQ,110596,54925,49.66
20,2016,SHAREINDIA,W1,7013,7013,100.00
20,2017,SHARIABEES,EQ,4030,2028,50.32
20,2018,SHEETAL,ST,6000,6000,100.00
20,2019,SHEMAROO,EQ,88757,33697,37.97
20,2020,SHERA,SM,34000,29000,85.29
20,2021,SHIGAN,SM,1500,1500,100.00
20,2022,SHILPAMED,EQ,405041,195605,48.29
20,2023,SHIVALIK,EQ,23078,8515,36.90
20,2024,SHIVAMAUTO,EQ,98381,63086,64.12
20,2025,SHIVAMILLS,EQ,30664,15752,51.37
20,2026,SHIVATEX,EQ,17538,5316,30.31
20,2027,SHK,EQ,332199,186836,56.24
20,2028,SHOPERSTOP,EQ,45106,18781,41.64
20,2029,SHRADHA,EQ,63287,41873,66.16
20,2030,SHREDIGCEM,EQ,848480,465973,54.92
20,2031,SHREECEM,EQ,221844,146003,65.81
20,2032,SHREEKARNI,SM,18000,15600,86.67
20,2033,SHREEOSFM,SM,12000,9000,75.00
20,2034,SHREEPUSHK,EQ,49843,27514,55.20
20,2035,SHRENIK,EQ,3259241,2074864,63.66
20,2036,SHREYANIND,EQ,31320,19392,61.92
20,2037,SHREYAS,EQ,30389,18618,61.27
20,2038,SHRIPISTON,EQ,80774,44558,55.16
20,2039,SHRIRAMFIN,EQ,1524429,744638,48.85
20,2040,SHRIRAMFIN,YI,27,27,100.00
20,2041,SHRIRAMFIN,YP,7,7,100.00
20,2042,SHRIRAMFIN,YW,150,150,100.00
20,2043,SHRIRAMFIN,Z4,130,30,23.08
20,2044,SHRIRAMFIN,Z8,1,1,100.00
20,2045,SHRIRAMFIN,ZB,200,200,100.00
20,2046,SHRIRAMFIN,ZC,17,17,100.00
20,2047,SHRIRAMFIN,ZF,2,2,100.00
20,2048,SHRIRAMFIN,ZK,253,253,100.00
20,2049,SHRIRAMPPS,EQ,6078794,2639325,43.42
20,2050,SHRITECH,SM,20000,16000,80.00
20,2051,SHUBHLAXMI,SM,4000,4000,100.00
20,2052,SHYAMMETL,EQ,246853,126039,51.06
20,2053,SIDDHIKA,SM,2000,2000,100.00
20,2054,SIEMENS,EQ,135910,61549,45.29
20,2055,SIGACHI,EQ,867882,534711,61.61
20,2056,SIGIND,EQ,68693,43770,63.72
20,2057,SIGMA,EQ,9396,5266,56.05
20,2058,SIGNATURE,EQ,434465,65369,15.05
20,2059,SIGNORIA,SM,22000,20000,90.91
20,2060,SIGNPOST,EQ,238018,134109,56.34
20,2061,SIKKO,EQ,17824,11494,64.49
20,2062,SIL,EQ,41336,28334,68.55
20,2063,SILGO,EQ,112873,74917,66.37
20,2064,SILINV,EQ,18147,11073,61.02
20,2065,SILLYMONKS,EQ,49003,38696,78.97
20,2066,SILVER,EQ,44887,33104,73.75
20,2067,SILVER1,EQ,15805,14322,90.62
20,2068,SILVERADD,EQ,9420,8080,85.77
20,2069,SILVERBEES,EQ,3569321,2752668,77.12
20,2070,SILVERETF,EQ,89285,65972,73.89
20,2071,SILVERIETF,EQ,152416,125398,82.27
20,2072,SILVERTUC,EQ,23320,4231,18.14
20,2073,SILVRETF,EQ,4422,3514,79.47
20,2074,SIMBHALS,EQ,144841,82920,57.25
20,2075,SINCLAIR,EQ,106959,54451,50.91
20,2076,SINDHUTRAD,EQ,663997,446768,67.28
20,2077,SINTERCOM,EQ,15642,7996,51.12
20,2078,SIRCA,EQ,55857,36706,65.71
20,2079,SIS,EQ,48555,30800,63.43
20,2080,SIYSIL,EQ,95950,72505,75.57
20,2081,SJLOGISTIC,SM,172000,123000,71.51
20,2082,SJS,EQ,41206,19040,46.21
20,2083,SJVN,EQ,19293037,6099864,31.62
20,2084,SKFINDIA,EQ,17969,10897,60.64
20,2085,SKIPPER,EQ,1490545,669152,44.89
20,2086,SKIPPERPP,E1,11746,9566,81.44
20,2087,SKMEGGPROD,EQ,135488,71590,52.84
20,2088,SKP,SM,4000,3000,75.00
20,2089,SMALLCAP,EQ,701654,573769,81.77
20,2090,SMARTLINK,EQ,31673,17797,56.19
20,2091,SMCGLOBAL,EQ,599862,250564,41.77
20,2092,SMLISUZU,EQ,26018,15540,59.73
20,2093,SMSLIFE,EQ,1979,1348,68.12
20,2094,SMSPHARMA,EQ,251427,133128,52.95
20,2095,SMVD,ST,52520,52520,100.00
20,2096,SNOWMAN,EQ,539466,316975,58.76
20,2097,SOBHA,EQ,532571,145846,27.39
20,2098,SOFTTECH,EQ,4432,2469,55.71
20,2099,SOLARA,EQ,499049,177712,35.61
20,2100,SOLARINDS,EQ,109813,61607,56.10
20,2101,SOLEX,SM,21200,14400,67.92
20,2102,SOMANYCERA,EQ,17887,11979,66.97
20,2103,SONACOMS,EQ,2226760,1198197,53.81
20,2104,SONAMAC,SM,847000,459000,54.19
20,2105,SONAMLTD,EQ,35249,24472,69.43
20,2106,SONATSOFTW,EQ,200674,110797,55.21
20,2107,SONUINFRA,SM,3000,3000,100.00
20,2108,SOTAC,SM,2400,1200,50.00
20,2109,SOTL,EQ,148210,67839,45.77
20,2110,SOUTHBANK,EQ,54088138,23713979,43.84
20,2111,SOUTHWEST,EQ,48685,20229,41.55
20,2112,SPAL,EQ,19460,8624,44.32
20,2113,SPANDANA,EQ,153689,85264,55.48
20,2114,SPARC,EQ,2436000,1491776,61.24
20,2115,SPCENET,EQ,1164566,692245,59.44
20,2116,SPECIALITY,EQ,64332,34553,53.71
20,2117,SPECTRUM,SM,6375,5625,88.24
20,2118,SPECTSTM,SM,28800,20000,69.44
20,2119,SPENCERS,EQ,126274,71071,56.28
20,2120,SPIC,EQ,784526,299534,38.18
20,2121,SPLIL,EQ,14824,9275,62.57
20,2122,SPLPETRO,EQ,54214,30843,56.89
20,2123,SPMLINFRA,EQ,33218,33009,99.37
20,2124,SPORTKING,EQ,16451,9542,58.00
20,2125,SPRL,ST,3200,3200,100.00
20,2126,SREEL,EQ,11262,7002,62.17
20,2127,SRF,EQ,640886,319556,49.86
20,2128,SRGHFL,EQ,4614,3793,82.21
20,2129,SRHHYPOLTD,EQ,24373,18784,77.07
20,2130,SRIVASAVI,SM,22000,22000,100.00
20,2131,SRM,EQ,109754,76275,69.50
20,2132,SSFL,SM,10500,7000,66.67
20,2133,SSWL,EQ,366949,159621,43.50
20,2134,STAR,EQ,192861,89103,46.20
20,2135,STARCEMENT,EQ,484946,213950,44.12
20,2136,STARHEALTH,EQ,233038,124600,53.47
20,2137,STARPAPER,EQ,21228,11021,51.92
20,2138,STCINDIA,EQ,67457,22641,33.56
20,2139,STEELCAS,EQ,7437,5287,71.09
20,2140,STEELCITY,EQ,222253,120568,54.25
20,2141,STEELXIND,EQ,14887197,5357423,35.99
20,2142,STEL,EQ,11303,7025,62.15
20,2143,STERTOOLS,EQ,42450,17405,41.00
20,2144,STLTECH,EQ,4220360,1658336,39.29
20,2145,STOVEKRAFT,EQ,81316,43831,53.90
20,2146,STYLAMIND,EQ,35991,24046,66.81
20,2147,STYRENIX,EQ,14270,6997,49.03
20,2148,SUBEXLTD,EQ,5052727,1996126,39.51
20,2149,SUBROS,EQ,106885,58442,54.68
20,2150,SUDARSCHEM,EQ,407606,131998,32.38
20,2151,SUKHJITS,EQ,11570,7856,67.90
20,2152,SULA,EQ,257570,140760,54.65
20,2153,SUMICHEM,EQ,296255,124960,42.18
20,2154,SUMMITSEC,EQ,21820,12939,59.30
20,2155,SUNCLAY,EQ,27505,14884,54.11
20,2156,SUNDARAM,EQ,4622622,2336311,50.54
20,2157,SUNDARMFIN,EQ,114763,62841,54.76
20,2158,SUNDARMHLD,EQ,88070,59121,67.13
20,2159,SUNDRMBRAK,EQ,6294,3813,60.58
20,2160,SUNDRMFAST,EQ,117990,97176,82.36
20,2161,SUNFLAG,EQ,289396,134768,46.57
20,2162,SUNPHARMA,EQ,3183226,1831688,57.54
20,2163,SUNTECK,EQ,144762,68155,47.08
20,2164,SUNTV,EQ,587757,217152,36.95
20,2165,SUPERHOUSE,EQ,4573,2564,56.07
20,2166,SUPRAJIT,EQ,133450,71545,53.61
20,2167,SUPREMEIND,EQ,943433,163839,17.37
20,2168,SUPREMEPWR,SM,236000,155000,65.68
20,2169,SUPRIYA,EQ,463770,163596,35.28
20,2170,SURAJEST,EQ,453173,317910,70.15
20,2171,SURANI,SM,25200,18800,74.60
20,2172,SURYALAXMI,EQ,14042,8638,61.52
20,2173,SURYAROSNI,EQ,705087,238815,33.87
20,2174,SURYODAY,EQ,589530,261876,44.42
20,2175,SUTLEJTEX,EQ,78099,39896,51.08
20,2176,SUULD,EQ,99540,73710,74.05
20,2177,SUVEN,EQ,221598,145005,65.44
20,2178,SUVENPHAR,EQ,157209,105260,66.96
20,2179,SVLL,EQ,627,514,81.98
20,2180,SVPGLOB,EQ,18722,16860,90.05
20,2181,SWANENERGY,EQ,1939191,1089187,56.17
20,2182,SWARAJ,SM,5000,4000,80.00
20,2183,SWARAJENG,EQ,14001,8213,58.66
20,2184,SWASTIK,SM,12000,8400,70.00
20,2185,SWELECTES,EQ,114564,44056,38.46
20,2186,SWSOLAR,EQ,1721396,1190906,69.18
20,2187,SYMPHONY,EQ,284665,135521,47.61
20,2188,SYNCOMF,EQ,2409387,1343536,55.76
20,2189,SYNGENE,EQ,599750,262273,43.73
20,2190,SYNOPTICS,SM,5400,4800,88.89
20,2191,SYRMA,EQ,558655,220434,39.46
20,2192,SYSTANGO,SM,42000,31600,75.24
20,2193,TAC,SM,345600,174000,50.35
20,2194,TAINWALCHM,EQ,5041,3314,65.74
20,2195,TAJGVK,EQ,4427487,784362,17.72
20,2196,TAKE,EQ,167536,113683,67.86
20,2197,TALBROAUTO,EQ,351235,201672,57.42
20,2198,TANLA,EQ,329023,135241,41.10
20,2199,TAPIFRUIT,SM,2250,2250,100.00
20,2200,TARC,EQ,631918,467615,74.00
20,2201,TARSONS,EQ,40229,23095,57.41
20,2202,TASTYBITE,EQ,1093,551,50.41
20,2203,TATACAP,N6,85,85,100.00
20,2204,TATACAP,N8,20,20,100.00
20,2205,TATACAPHSG,N4,34,34,100.00
20,2206,TATACAPHSG,N6,280,280,100.00
20,2207,TATACAPHSG,N8,50,40,80.00
20,2208,TATACAPHSG,NA,100,100,100.00
20,2209,TATACHEM,EQ,1026369,311515,30.35
20,2210,TATACOMM,EQ,343210,169581,49.41
20,2211,TATACONSUM,EQ,2935813,1788223,60.91
20,2212,TATAELXSI,EQ,82962,46966,56.61
20,2213,TATAGOLD,EQ,2433721,1868483,76.77
20,2214,TATAMOTORS,EQ,11871773,4033998,33.98
20,2215,TATAMTRDVR,EQ,1106465,636648,57.54
20,2216,TATAPOWER,EQ,16825776,6336680,37.66
20,2217,TATASTEEL,EQ,62573586,18445606,29.48
20,2218,TATATECH,EQ,1612124,685215,42.50
20,2219,TATSILV,EQ,291256,215163,73.87
20,2220,TATVA,EQ,11338,5701,50.28
20,2221,TBZ,EQ,101675,67415,66.30
20,2222,TCI,EQ,22251,11739,52.76
20,2223,TCIEXP,EQ,46236,24619,53.25
20,2224,TCL,SM,964000,507200,52.61
20,2225,TCLCONS,EQ,34686,22780,65.67
20,2226,TCNSBRANDS,EQ,156990,54320,34.60
20,2227,TCPLPACK,EQ,7356,4154,56.47
20,2228,TCS,EQ,2962234,1531052,51.69
20,2229,TDPOWERSYS,EQ,377990,199759,52.85
20,2230,TEAMLEASE,EQ,35452,25946,73.19
20,2231,TECH,EQ,97668,83976,85.98
20,2232,TECHLABS,SM,23000,23000,100.00
20,2233,TECHM,EQ,2322455,984757,42.40
20,2234,TECHNOE,EQ,238897,116036,48.57
20,2235,TEGA,EQ,44598,19217,43.09
20,2236,TEJASNET,EQ,525053,274396,52.26
20,2237,TEMBO,EQ,43547,9125,20.95
20,2238,TEXINFRA,EQ,159609,84934,53.21
20,2239,TEXMOPIPES,EQ,91571,58666,64.07
20,2240,TEXRAIL,EQ,1925775,925536,48.06
20,2241,TFCILTD,EQ,683984,453270,66.27
20,2242,TFL,EQ,9843897,2898957,29.45
20,2243,TGBHOTELS,EQ,65616,43553,66.38
20,2244,TGL,SM,943200,501600,53.18
20,2245,THANGAMAYL,EQ,20749,12185,58.73
20,2246,THEINVEST,EQ,22085,13021,58.96
20,2247,THEJO,EQ,21831,7155,32.77
20,2248,THEMISMED,EQ,21092,12669,60.07
20,2249,THERMAX,EQ,178717,103827,58.10
20,2250,THOMASCOOK,EQ,554631,394797,71.18
20,2251,THYROCARE,EQ,48167,24350,50.55
20,2252,TI,EQ,496393,212218,42.75
20,2253,TIDEWATER,EQ,122696,51304,41.81
20,2254,TIIL,EQ,12924,6397,49.50
20,2255,TIINDIA,EQ,178775,124849,69.84
20,2256,TIMESCAN,SM,8000,6000,75.00
20,2257,TIMETECHNO,EQ,982824,317625,32.32
20,2258,TIMKEN,EQ,169137,144195,85.25
20,2259,TIPSFILMS,EQ,8744,5856,66.97
20,2260,TIPSINDLTD,EQ,83027,48975,58.99
20,2261,TIRUMALCHM,EQ,352055,176972,50.27
20,2262,TIRUPATI,SM,8500,8500,100.00
20,2263,TIRUPATIFL,EQ,300091,198211,66.05
20,2264,TITAGARH,EQ,2384341,1135439,47.62
20,2265,TITAN,EQ,1681592,763666,45.41
20,2266,TMB,EQ,77539,52502,67.71
20,2267,TNIDETF,EQ,122649,111283,90.73
20,2268,TNPETRO,EQ,170481,102309,60.01
20,2269,TNPL,EQ,317275,159918,50.40
20,2270,TOKYOPLAST,EQ,791355,309202,39.07
20,2271,TORNTPHARM,EQ,939897,356590,37.94
20,2272,TORNTPOWER,EQ,462210,238573,51.62
20,2273,TOTAL,EQ,14187,8774,61.85
20,2274,TOUCHWOOD,EQ,727,649,89.27
20,2275,TPLPLASTEH,EQ,551729,160102,29.02
20,2276,TRACXN,EQ,534278,290130,54.30
20,2277,TRANSTEEL,SM,38000,28000,73.68
20,2278,TRANSWIND,SM,12000,12000,100.00
20,2279,TREL,EQ,500257,275089,54.99
20,2280,TRENT,EQ,1313008,569210,43.35
20,2281,TRIDENT,EQ,8144307,2628166,32.27
20,2282,TRIDHYA,SM,30000,30000,100.00
20,2283,TRIGYN,EQ,100639,51854,51.52
20,2284,TRITURBINE,EQ,2566687,548482,21.37
20,2285,TRIVENI,EQ,432122,208493,48.25
20,2286,TRU,EQ,6013853,1000844,16.64
20,2287,TRUST,SM,241200,154800,64.18
20,2288,TTKHLTCARE,EQ,4393,2550,58.05
20,2289,TTKPRESTIG,EQ,487699,421597,86.45
20,2290,TTL,EQ,13366,8231,61.58
20,2291,TTML,EQ,1971022,900264,45.67
20,2292,TV18BRDCST,EQ,3376901,2397220,70.99
20,2293,TVSELECT,EQ,1950281,365788,18.76
20,2294,TVSHLTD,EQ,18464,13567,73.48
20,2295,TVSMOTOR,EQ,527068,259913,49.31
20,2296,TVSSCS,EQ,594494,307842,51.78
20,2297,TVSSRICHAK,EQ,4453,2756,61.89
20,2298,TVTODAY,EQ,98209,47154,48.01
20,2299,UBL,EQ,428648,185566,43.29
20,2300,UCAL,EQ,79298,42745,53.90
20,2301,UCL,SM,2000,2000,100.00
20,2302,UCOBANK,EQ,8197745,2847935,34.74
20,2303,UDAICEMENT,EQ,417793,258582,61.89
20,2304,UDS,EQ,172300,111270,64.58
20,2305,UFLEX,EQ,63338,31069,49.05
20,2306,UFO,EQ,126312,78132,61.86
20,2307,UGARSUGAR,EQ,207573,103180,49.71
20,2308,UGROCAP,EQ,3794706,1303022,34.34
20,2309,UGROCAP,N4,1,1,100.00
20,2310,UGROCAP,N8,12,10,83.33
20,2311,UGROCAP,N9,10,10,100.00
20,2312,UGROCAP,NB,1,1,100.00
20,2313,UJJIVANSFB,EQ,10458801,4515830,43.18
20,2314,ULTRACEMCO,EQ,517348,255254,49.34
20,2315,UMA,SM,36000,32000,88.89
20,2316,UMANGDAIRY,EQ,65616,42073,64.12
20,2317,UMESLTD,EQ,39685,35568,89.63
20,2318,UNICHEMLAB,EQ,67917,35298,51.97
20,2319,UNIDT,EQ,11781,6755,57.34
20,2320,UNIENTER,EQ,11020,5867,53.24
20,2321,UNIHEALTH,SM,27000,26000,96.30
20,2322,UNIONBANK,EQ,13310526,6061816,45.54
20,2323,UNIPARTS,EQ,52179,34211,65.56
20,2324,UNITEDPOLY,EQ,11266,8093,71.84
20,2325,UNITEDTEA,EQ,3861,3207,83.06
20,2326,UNIVASTU,EQ,298356,135887,45.55
20,2327,UNIVCABLES,EQ,26757,12734,47.59
20,2328,UNIVPHOTO,EQ,2299,1730,75.25
20,2329,UNOMINDA,EQ,325847,194747,59.77
20,2330,UPL,EQ,2196892,997237,45.39
20,2331,URBAN,SM,13200,11200,84.85
20,2332,USHAMART,EQ,898568,413138,45.98
20,2333,UTIAMC,EQ,113824,67727,59.50
20,2334,UTIBANKETF,EQ,48206,26254,54.46
20,2335,UTINEXT50,EQ,81966,74574,90.98
20,2336,UTINIFTETF,EQ,212136,193419,91.18
20,2337,UTISENSETF,EQ,7167,2489,34.73
20,2338,UTISXN50,EQ,2152,1669,77.56
20,2339,UTKARSHBNK,EQ,3165451,1753850,55.41
20,2340,UTTAMSUGAR,EQ,66412,29998,45.17
20,2341,UWCSL,SM,4000,4000,100.00
20,2342,VADILALIND,EQ,15333,7013,45.74
20,2343,VAIBHAVGBL,EQ,318893,146527,45.95
20,2344,VAISHALI,EQ,182757,113402,62.05
20,2345,VAKRANGEE,EQ,7801350,2698684,34.59
20,2346,VALIANTLAB,EQ,988785,165426,16.73
20,2347,VALIANTORG,EQ,20465,12786,62.48
20,2348,VARDHACRLC,EQ,89201,41652,46.69
20,2349,VARROC,EQ,339811,138035,40.62
20,2350,VASA,SM,4000,4000,100.00
20,2351,VASCONEQ,EQ,3895852,903477,23.19
20,2352,VBL,EQ,1766168,1069988,60.58
20,2353,VEDL,EQ,14324148,6097072,42.56
20,2354,VENKEYS,EQ,16146,9679,59.95
20,2355,VENUSPIPES,EQ,80606,34981,43.40
20,2356,VENUSREM,EQ,25684,16676,64.93
20,2357,VERANDA,EQ,224076,105645,47.15
20,2358,VERTEXPLUS,ST,1800,1800,100.00
20,2359,VESUVIUS,EQ,19055,10822,56.79
20,2360,VETO,EQ,104170,51595,49.53
20,2361,VGUARD,EQ,239363,109490,45.74
20,2362,VHL,EQ,3024,2640,87.30
20,2363,VIDHIING,EQ,37583,19743,52.53
20,2364,VIJAYA,EQ,73120,29356,40.15
20,2365,VIKASECO,EQ,5074372,2817267,55.52
20,2366,VIKASLIFE,EQ,17944076,9131050,50.89
20,2367,VILINBIO,SM,16000,16000,100.00
20,2368,VIMTALABS,EQ,30441,15644,51.39
20,2369,VINATIORGA,EQ,30719,14887,48.46
20,2370,VINDHYATEL,EQ,48159,25344,52.63
20,2371,VINNY,EQ,681145,484741,71.17
20,2372,VINSYS,SM,10500,9000,85.71
20,2373,VINYAS,SM,5400,3200,59.26
20,2374,VINYLINDIA,EQ,299607,35163,11.74
20,2375,VIPCLOTHNG,EQ,245051,148303,60.52
20,2376,VIPIND,EQ,734471,381170,51.90
20,2377,VIRINCHI,EQ,705510,401098,56.85
20,2378,VISAKAIND,EQ,173353,129908,74.94
20,2379,VISHNU,EQ,137698,84267,61.20
20,2380,VISHNUINFR,SM,25000,20000,80.00
20,2381,VISHWARAJ,EQ,751883,351500,46.75
20,2382,VISHWAS,SM,51200,44800,87.50
20,2383,VITAL,SM,34800,27600,79.31
20,2384,VIVIANA,SM,9000,9000,100.00
20,2385,VIVO,SM,3200,3200,100.00
20,2386,VLSFINANCE,EQ,44911,32478,72.32
20,2387,VMARCIND,SM,28000,28000,100.00
20,2388,VMART,EQ,23073,11228,48.66
20,2389,VOLTAMP,EQ,111863,61270,54.77
20,2390,VOLTAS,EQ,1688779,943579,55.87
20,2391,VPRPL,EQ,261403,141360,54.08
20,2392,VR,SM,9600,6400,66.67
20,2393,VRLLOG,EQ,55047,21583,39.21
20,2394,VSSL,EQ,261647,110613,42.28
20,2395,VSTIND,EQ,24546,15285,62.27
20,2396,VSTL,EQ,78546,36948,47.04
20,2397,VSTTILLERS,EQ,19779,11269,56.97
20,2398,VTL,EQ,137820,66304,48.11
20,2399,WABAG,EQ,673794,309074,45.87
20,2400,WANBURY,EQ,67409,51429,76.29
20,2401,WEALTH,EQ,4033,3193,79.17
20,2402,WEIZMANIND,EQ,13789,10306,74.74
20,2403,WELCORP,EQ,2078794,631203,30.36
20,2404,WELENT,EQ,574534,317157,55.20
20,2405,WELINV,EQ,407,241,59.21
20,2406,WELSPUNLIV,EQ,931589,508600,54.59
20,2407,WENDT,EQ,1157,525,45.38
20,2408,WESTLIFE,EQ,56175,16909,30.10
20,2409,WHEELS,EQ,72932,42276,57.97
20,2410,WHIRLPOOL,EQ,62060,31384,50.57
20,2411,WILLAMAGOR,EQ,120526,49532,41.10
20,2412,WINDLAS,EQ,43525,23590,54.20
20,2413,WINDMACHIN,EQ,311366,241438,77.54
20,2414,WIPL,EQ,12864,1390,10.81
20,2415,WIPRO,EQ,4865313,1606043,33.01
20,2416,WOMANCART,SM,41600,35200,84.62
20,2417,WONDERLA,EQ,54293,31727,58.44
20,2418,WORTH,EQ,5437,3613,66.45
20,2419,WSI,EQ,112935,68660,60.80
20,2420,WSTCSTPAPR,EQ,239829,114344,47.68
20,2421,WTICAB,SM,153000,99000,64.71
20,2422,XCHANGING,EQ,160360,123016,76.71
20,2423,XPROINDIA,EQ,25588,14175,55.40
20,2424,YASHO,EQ,11122,5112,45.96
20,2425,YASHOPTICS,SM,152000,97600,64.21
20,2426,YATHARTH,EQ,158773,107415,67.65
20,2427,YATRA,EQ,99112,55280,55.78
20,2428,YCCL,SM,18000,15000,83.33
20,2429,YESBANK,EQ,960652538,647007415,67.35
20,2430,YUDIZ,SM,24000,19200,80.00
20,2431,YUKEN,EQ,102603,68273,66.54
20,2432,ZAGGLE,EQ,1949698,713250,36.58
20,2433,ZEAL,SM,32400,27000,83.33
20,2434,ZEEL,EQ,11690357,4142945,35.44
20,2435,ZEEMEDIA,EQ,4066476,1209936,29.75
20,2436,ZENITHDRUG,SM,49600,35200,70.97
20,2437,ZENITHEXPO,EQ,2554,828,32.42
20,2438,ZENITHSTL,EQ,272865,169380,62.07
20,2439,ZENSARTECH,EQ,2769630,797034,28.78
20,2440,ZENTEC,EQ,350643,204998,58.46
20,2441,ZFCVINDIA,EQ,5139,2506,48.76
20,2442,ZIMLAB,EQ,212631,146285,68.80
20,2443,ZODIACLOTH,EQ,17797,12294,69.08
20,2444,ZOMATO,EQ,37882274,21111291,55.73
20,2445,ZOTA,EQ,10346,5935,57.37
20,2446,ZUARI,EQ,161587,103003,63.74
20,2447,ZUARIIND,EQ,125261,81976,65.44
20,2448,ZYDUSLIFE,EQ,1408142,624681,44.36
20,2449,ZYDUSWELL,EQ,26504,14730,55.58
