Security Wise Delivery Position - Compulsory Rolling Settlement
10,MTO,26082024,1816679835,0002521
Trade Date <26-AUG-2024>,Settlement Type <N>
Record Type,Sr No,Name of Security,Quantity Traded,Deliverable Quantity(gross across client level),% of Deliverable Quantity to Traded Quantity
20,1,0MOFSL26,N1,20,20,100.00
20,2,1015ECL29,NR,284,284,100.00
20,3,1018GS2026,GS,102,100,98.04
20,4,1025NFL25,N5,10,10,100.00
20,5,1025SCL34,Z8,3189,3189,100.00
20,6,1025UCL25,N8,1,1,100.00
20,7,1030ICCL28,NM,83,58,69.88
20,8,1040UCL25,N4,45,45,100.00
20,9,1050IIFL29,ND,10,10,100.00
20,10,105UCL2026,NB,11,11,100.00
20,11,1065NFL27,NC,171,171,100.00
20,12,1075SCL33,YK,10,5,50.00
20,13,1075SCL33A,N2,5,5,100.00
20,14,10CAGL27,N5,33,33,100.00
20,15,10IIFL28,N4,569,569,100.00
20,16,10IIFL28A,NE,25,25,100.00
20,17,10NFL25,N9,1,1,100.00
20,18,10NIDO26,N6,106,106,100.00
20,19,10SCL30A,BV,5,5,100.00
20,20,1119NFL27,ND,10,10,100.00
20,21,1190VCCL26,N0,1,1,100.00
20,22,11DLSL25A,Y3,10,10,100.00
20,23,182D050924,TB,2000,1000,50.00
20,24,182D120924,TB,100,100,100.00
20,25,182D181024,TB,100,100,100.00
20,26,182D190924,TB,600,500,83.33
20,27,182D191224,TB,1000,1000,100.00
20,28,182D221124,TB,100,100,100.00
20,29,182D230125,TB,200,200,100.00
20,30,20MICRONS,EQ,320543,198048,61.79
20,31,360ONE,EQ,834862,647249,77.53
20,32,364D020125,TB,100,100,100.00
20,33,364D030425,TB,100,100,100.00
20,34,364D030725,TB,600,600,100.00
20,35,364D080525,TB,1100,1100,100.00
20,36,364D100725,TB,100,100,100.00
20,37,364D120625,TB,100,100,100.00
20,38,364D141124,TB,80000,80000,100.00
20,39,364D150825,TB,200,200,100.00
20,40,364D190625,TB,1600,1600,100.00
20,41,364D240725,TB,100,100,100.00
20,42,364D270924,TB,100,100,100.00
20,43,364D310725,TB,1700,1700,100.00
20,44,3IINFOLTD,EQ,903695,379906,42.04
20,45,3MINDIA,EQ,3486,1441,41.34
20,46,563GS2026,GS,6,6,100.00
20,47,574GS2026,GS,1,1,100.00
20,48,585GS2030,GS,4,2,50.00
20,49,5PAISA,EQ,145510,62552,42.99
20,50,618GS2024,GS,23,23,100.00
20,51,63MOONS,EQ,96611,58110,60.15
20,52,654GS2032,GS,6900,6900,100.00
20,53,667GS2050,GS,1002,1002,100.00
20,54,676GS2061,GS,11631,11631,100.00
20,55,68GS2060,GS,1878,1878,100.00
20,56,695GS2061,GS,100,100,100.00
20,57,697GR2034,GS,200,200,100.00
20,58,699GS2051,GS,443,387,87.36
20,59,702GS2027,GS,600,600,100.00
20,60,702GS2031,GS,896,896,100.00
20,61,706GS2028,GS,106728,103725,97.19
20,62,710GS2029,GS,46430,36224,78.02
20,63,717GS2030,GS,6176,6176,100.00
20,64,718GS2033,GS,58018,57759,99.55
20,65,718GS2037,GS,15676,15576,99.36
20,66,71GS2034,GS,1000,1000,100.00
20,67,725GS2063,GS,1322,1322,100.00
20,68,726GS2029,GS,5,5,100.00
20,69,726GS2032,GS,37948,37948,100.00
20,70,726GS2033,GS,20000,20000,100.00
20,71,727GS2026,GS,6,5,83.33
20,72,732GS2030,GS,13698,13648,99.63
20,73,732IRFC25,NI,286,286,100.00
20,74,733GS2026,GS,63176,63176,100.00
20,75,734GS2064,GS,1000,800,80.00
20,76,735NHAI31,N9,120,60,50.00
20,77,736GS2052,GS,20594,20155,97.87
20,78,736NTPC25D,NB,23,23,100.00
20,79,737GS2028,GS,33007,33007,100.00
20,80,737NTPC35C,NA,1,1,100.00
20,81,738GS2027,GS,213790,211959,99.14
20,82,739NHAI26,N8,144,143,99.31
20,83,73GS2053,GS,3001,3001,100.00
20,84,740IIFCL33,N1,5,5,100.00
20,85,741GS2036,GS,16511,16501,99.94
20,86,746GS2073,GS,2150,2150,100.00
20,87,74GS2062,GS,4899,4899,100.00
20,88,750IRFC35,NK,691,691,100.00
20,89,753IRFC30,NJ,355,303,85.35
20,90,754GS2036,GS,254961,251458,98.63
20,91,759GS2026,GS,112,112,100.00
20,92,760PFCL35,N3,185,185,100.00
20,93,762GS2039,GS,500,500,100.00
20,94,764HUDCO31,N8,1,1,100.00
20,95,764NABAR31,N2,164,123,75.00
20,96,769HUDCO31,N9,54,54,100.00
20,97,769NHAI31,NE,89,89,100.00
20,98,76NHAI31,NA,9268,9124,98.45
20,99,772TN34,SG,100,100,100.00
20,100,774IREDA31,N7,290,290,100.00
20,101,77BR38,SG,100,100,100.00
20,102,77MH33A,SG,100,100,100.00
20,103,78ABFL33,N4,71,71,100.00
20,104,795GS2032,GS,3,1,33.33
20,105,79NHIT35,N1,4082,3898,95.49
20,106,79NHIT40,N2,915,915,100.00
20,107,79NHIT47,N3,6216,5374,86.45
20,108,801TCH25,N4,25,25,100.00
20,109,810IRFC27,N2,6102,5900,96.69
20,110,812REC27,NI,200,200,100.00
20,111,815GS2026,GS,5000,5000,100.00
20,112,817GS2044,GS,1700,1700,100.00
20,113,81TCHF28,N8,72,50,69.44
20,114,820IIFL27,N9,60,60,100.00
20,115,824GS2027,GS,475,475,100.00
20,116,825IIFL25,N7,15,15,100.00
20,117,829LTF24,NL,117,116,99.15
20,118,82GS2025,GS,4,2,50.00
20,119,82IGT31,NJ,101,101,100.00
20,120,830NHAI27,N2,5177,5160,99.67
20,121,830PFCL27,N5,6,6,100.00
20,122,833SCFL24,YX,25,25,100.00
20,123,835IFL25,NV,10,10,100.00
20,124,835SCL23,NN,22,22,100.00
20,125,840CIFCL28,N4,14,14,100.00
20,126,843IHFL29,NC,10,10,100.00
20,127,849NTPC25,N7,119999,118524,98.77
20,128,84TCHF28,NA,100,100,100.00
20,129,855IREDA29,N2,878,820,93.39
20,130,85IFL26,NX,15,15,100.00
20,131,85IIFL24,NJ,120,100,83.33
20,132,865IFL28,NZ,51,51,100.00
20,133,865IIFL28,NS,601,575,95.67
20,134,865IRFC29,NA,1,1,100.00
20,135,865LTF26,NN,587,402,68.48
20,136,865TCAPS27,N8,106,100,94.34
20,137,866NTPC33,N3,10,10,100.00
20,138,86LTF24,NJ,40,40,100.00
20,139,871REC28,N9,2482,2132,85.90
20,140,872MMFSL26,N1,11,11,100.00
20,141,873NTPC28,N5,100,100,100.00
20,142,875IIFL26,NM,200,200,100.00
20,143,875NHAI29,N6,960,851,88.65
20,144,875PCHFL26,N8,400,400,100.00
20,145,875SFL27,ZF,805,525,65.22
20,146,876HUDCO28,ND,50,50,100.00
20,147,879NHPC28,N5,10,10,100.00
20,148,87LTF27,NH,1280,1185,92.58
20,149,885MOFSL26,N0,167,167,100.00
20,150,885SCL26,N9,20,20,100.00
20,151,885TCAPS29,NC,150,150,100.00
20,152,888ERFL28,N5,18,18,100.00
20,153,888IRFC29,NE,3229,3229,100.00
20,154,888SCL25E,N4,6,6,100.00
20,155,889SCFL27,YC,36,36,100.00
20,156,889SCL27,YT,42,37,88.10
20,157,891IIFCL34,N4,647,570,88.10
20,158,891NTPC33,N6,1317,1307,99.24
20,159,892NHPC33,N6,142,142,100.00
20,160,892PFCL33,N8,15,15,100.00
20,161,893NHB29,N6,584,584,100.00
20,162,894SCL24,ZR,100,100,100.00
20,163,897MOFSL29,N4,4415,4415,100.00
20,164,898LTF29,N7,100,100,100.00
20,165,8ABFL26,N0,30,30,100.00
20,166,901HUDCO34,NE,170,169,99.41
20,167,903SFL28,YI,67,46,68.66
20,168,905LTF27,NF,37,37,100.00
20,169,910CAGL25,N7,10,10,100.00
20,170,910TCAP28,NA,1355,1050,77.49
20,171,915SCL26,NE,99,99,100.00
20,172,91D031024,TB,300,300,100.00
20,173,91D050924,TB,300,300,100.00
20,174,91D071124,TB,1300,1100,84.62
20,175,91D120924,TB,200,200,100.00
20,176,91D241024,TB,100,100,100.00
20,177,91D311024,TB,100,100,100.00
20,178,91MOFSL27,N2,221,221,100.00
20,179,925CAGL26,N9,379,379,100.00
20,180,92GS2030,GS,2,2,100.00
20,181,935LTF29,N5,1,1,100.00
20,182,935MOFSL29,N5,1,1,100.00
20,183,93MOFSL34,N6,1,1,100.00
20,184,93SCL24,ZP,10,10,100.00
20,185,945IFSL25,N4,1,1,100.00
20,186,948ICCL25A,NG,10,10,100.00
20,187,948SCL26,N9,582,489,84.02
20,188,94SFL28,YL,101,101,100.00
20,189,955SCL27,Z5,33,25,75.76
20,190,957ISFL26,N2,1,1,100.00
20,191,957NIDO26,N5,9,9,100.00
20,192,960ISFL25,N1,100,100,100.00
20,193,965SCL25,AG,3,3,100.00
20,194,96IIFL28,N5,940,940,100.00
20,195,96IIFL28A,NF,811,811,100.00
20,196,96SFL24A,NB,121,121,100.00
20,197,970CAGL28,ND,297,297,100.00
20,198,971SCL28I,BC,122,54,44.26
20,199,975NFL25,N0,100,100,100.00
20,200,97MOFSL34,N7,290,290,100.00
20,201,97SFL29,YZ,596,596,100.00
20,202,985IIFL22,NC,20,20,100.00
20,203,99IFCI24,NH,1203,1200,99.75
20,204,9IIFL28,Y0,40,40,100.00
20,205,9IIFL28A,NT,60,0,0.00
20,206,9MMFSML,N2,650,650,100.00
20,207,9PCHFL31A,NA,645,645,100.00
20,208,9SCL26BA,NA,1,1,100.00
20,209,AAATECH,EQ,88110,35491,40.28
20,210,AADHARHFC,EQ,620650,310838,50.08
20,211,AAREYDRUGS,EQ,324683,213360,65.71
20,212,AARON,EQ,11964,3857,32.24
20,213,AARTECH,EQ,255252,128527,50.35
20,214,AARTIDRUGS,EQ,4190909,977551,23.33
20,215,AARTIIND,EQ,1562473,544449,34.85
20,216,AARTIPHARM,EQ,282878,155442,54.95
20,217,AARTISURF,EQ,10920,6640,60.81
20,218,AARTISURF,P1,20,0,0.00
20,219,AARVI,EQ,30650,18219,59.44
20,220,AATMAJ,SM,10000,8000,80.00
20,221,AAVAS,EQ,417112,129583,31.07
20,222,ABAN,EQ,173642,173542,99.94
20,223,ABB,EQ,186052,87207,46.87
20,224,ABBOTINDIA,EQ,11584,3606,31.13
20,225,ABCAPITAL,EQ,3593559,1808187,50.32
20,226,ABCOTS,SM,1000,1000,100.00
20,227,ABDL,EQ,776209,463488,59.71
20,228,ABFRL,EQ,4469338,1963254,43.93
20,229,ABGSEC,EQ,374,173,46.26
20,230,ABINFRA,SM,2000,2000,100.00
20,231,ABSLAMC,EQ,454366,199028,43.80
20,232,ABSLBANETF,EQ,572142,568275,99.32
20,233,ABSLLIQUID,EQ,9632,5896,61.21
20,234,ABSLNN50ET,EQ,31076,21447,69.01
20,235,ABSLPSE,EQ,280867,258572,92.06
20,236,ABSMARINE,SM,273000,149000,54.58
20,237,ACC,EQ,195372,73465,37.60
20,238,ACCELYA,EQ,17534,8060,45.97
20,239,ACCENTMIC,SM,24500,18000,73.47
20,240,ACCORD,SM,4000,4000,100.00
20,241,ACE,EQ,237837,141158,59.35
20,242,ACEINTEG,EQ,37398,13485,36.06
20,243,ACI,EQ,358212,151479,42.29
20,244,ACL,EQ,53105,25388,47.81
20,245,ACLGATI,EQ,2136347,1120975,52.47
20,246,ACSAL,SM,12000,12000,100.00
20,247,ADANIENSOL,EQ,1712349,1051630,61.41
20,248,ADANIENT,EQ,1632446,807703,49.48
20,249,ADANIGREEN,EQ,351168,163183,46.47
20,250,ADANIPORTS,EQ,1087057,570706,52.50
20,251,ADANIPOWER,EQ,3416207,1496659,43.81
20,252,ADFFOODS,EQ,2061880,988789,47.96
20,253,ADL,EQ,10323,3092,29.95
20,254,ADORWELD,EQ,15860,11146,70.28
20,255,ADROITINFO,EQ,375863,166864,44.39
20,256,ADROITPP1,E1,107234,96975,90.43
20,257,ADSL,EQ,2980290,870601,29.21
20,258,ADVANIHOTR,EQ,100119,52772,52.71
20,259,ADVENZYMES,EQ,312024,143594,46.02
20,260,AEGISLOG,EQ,131939,74086,56.15
20,261,AEROFLEX,EQ,3391217,1401469,41.33
20,262,AESTHETIK,ST,30000,30000,100.00
20,263,AETHER,EQ,86410,54337,62.88
20,264,AFFLE,EQ,618608,296130,47.87
20,265,AFIL,EQ,1470242,781197,53.13
20,266,AGARIND,EQ,87995,42476,48.27
20,267,AGARWALFT,ST,9000,6000,66.67
20,268,AGI,EQ,586479,295914,50.46
20,269,AGIIL,EQ,3622,1649,45.53
20,270,AGNI,SM,45000,32500,72.22
20,271,AGRITECH,EQ,26901,16681,62.01
20,272,AGROPHOS,EQ,89424,47020,52.58
20,273,AGSTRA,EQ,7111260,2276638,32.01
20,274,AGUL,SM,22000,16000,72.73
20,275,AHL,EQ,1197381,600331,50.14
20,276,AHLEAST,EQ,14869,11449,77.00
20,277,AHLUCONT,EQ,119133,77571,65.11
20,278,AIAENG,EQ,12246,4900,40.01
20,279,AIIL,EQ,173484,58073,33.47
20,280,AILIMITED,ST,15000,15000,100.00
20,281,AIMTRON,ST,68000,64000,94.12
20,282,AIROLAM,EQ,12091,7155,59.18
20,283,AIRTELPP,E1,156978,132959,84.70
20,284,AISL,SM,38400,20400,53.13
20,285,AJANTPHARM,EQ,218844,125392,57.30
20,286,AJMERA,EQ,58466,43119,73.75
20,287,AJOONI,EQ,3782646,2586498,68.38
20,288,AKANKSHA,ST,34000,32000,94.12
20,289,AKASH,EQ,95855,39285,40.98
20,290,AKG,EQ,142958,81839,57.25
20,291,AKI,EQ,205910,136321,66.20
20,292,AKIKO,SM,32000,30400,95.00
20,293,AKSHAR,EQ,683032,683032,100.00
20,294,AKSHARCHEM,EQ,17395,10229,58.80
20,295,AKSHOPTFBR,EQ,220956,154276,69.82
20,296,AKUMS,EQ,499271,266093,53.30
20,297,AKZOINDIA,EQ,11385,3739,32.84
20,298,ALANKIT,EQ,2767436,1483212,53.60
20,299,ALBERTDAVD,EQ,233204,71096,30.49
20,300,ALEMBICLTD,EQ,1466574,699415,47.69
20,301,ALICON,EQ,25968,13520,52.06
20,302,ALKALI,EQ,50805,30682,60.39
20,303,ALKEM,EQ,142428,86340,60.62
20,304,ALKYLAMINE,EQ,36388,17833,49.01
20,305,ALLCARGO,EQ,16339895,5657421,34.62
20,306,ALLETEC,SM,184400,123600,67.03
20,307,ALLSEC,EQ,44839,24758,55.22
20,308,ALOKINDS,EQ,65496724,7878153,12.03
20,309,ALPA,EQ,794463,370783,46.67
20,310,ALPEXSOLAR,ST,79200,75200,94.95
20,311,ALPHA,EQ,794308,521433,65.65
20,312,ALPHAETF,EQ,703236,653186,92.88
20,313,ALPL30IETF,EQ,791376,660769,83.50
20,314,ALUWIND,ST,63000,48000,76.19
20,315,AMBANIORGO,SM,8000,5000,62.50
20,316,AMBER,EQ,67878,39603,58.34
20,317,AMBEY,SM,154000,120000,77.92
20,318,AMBICAAGAR,EQ,68274,37459,54.87
20,319,AMBIKCO,EQ,23944,12610,52.66
20,320,AMBUJACEM,EQ,3688932,2088939,56.63
20,321,AMDIND,EQ,96908,38458,39.69
20,322,AMEYA,SM,30000,20000,66.67
20,323,AMIORG,EQ,87742,43530,49.61
20,324,AMJUMBO,SM,32000,32000,100.00
20,325,AMNPLST,EQ,90045,16144,17.93
20,326,AMRUTANJAN,EQ,268746,89218,33.20
20,327,ANANDRATHI,EQ,122857,80842,65.80
20,328,ANANTRAJ,EQ,3281098,1051478,32.05
20,329,ANDHRAPAP,EQ,86535,50979,58.91
20,330,ANDHRSUGAR,EQ,271699,101841,37.48
20,331,ANGELONE,EQ,1358379,414195,30.49
20,332,ANLON,ST,20800,20400,98.08
20,333,ANNAPURNA,SM,219500,134000,61.05
20,334,ANTGRAPHIC,EQ,1898509,1872986,98.66
20,335,ANUP,EQ,38334,26117,68.13
20,336,ANURAS,EQ,120282,78263,65.07
20,337,APARINDS,EQ,104187,39200,37.62
20,338,APCL,EQ,10714,7157,66.80
20,339,APCOTEXIND,EQ,23171,11713,50.55
20,340,APEX,EQ,484823,132735,27.38
20,341,APLAPOLLO,EQ,394377,259189,65.72
20,342,APLLTD,EQ,505146,87163,17.26
20,343,APOLLO,EQ,3580145,1797134,50.20
20,344,APOLLOHOSP,EQ,385016,157747,40.97
20,345,APOLLOPIPE,EQ,52588,31618,60.12
20,346,APOLLOTYRE,EQ,1014998,435639,42.92
20,347,APOLSINHOT,EQ,4056,3298,81.31
20,348,APRAMEYA,SM,34000,28000,82.35
20,349,APS,ST,73500,62000,84.35
20,350,APTECHT,EQ,2349953,734711,31.26
20,351,APTUS,EQ,633614,327046,51.62
20,352,ARABIAN,SM,22000,16000,72.73
20,353,ARCHIES,EQ,196962,126645,64.30
20,354,ARE&M,EQ,293771,189276,64.43
20,355,ARHAM,SM,13000,10000,76.92
20,356,ARIES,EQ,180500,85266,47.24
20,357,ARIHANTACA,SM,48000,41600,86.67
20,358,ARIHANTCAP,EQ,833688,222983,26.75
20,359,ARIHANTSUP,EQ,41233,23535,57.08
20,360,ARISTO,SM,12800,9600,75.00
20,361,ARMANFIN,EQ,181931,93347,51.31
20,362,AROGRANITE,EQ,27211,15786,58.01
20,363,ARROWGREEN,EQ,206693,105653,51.12
20,364,ARTEMISMED,EQ,190290,110173,57.90
20,365,ARVIND,EQ,780820,295960,37.90
20,366,ARVINDFASN,EQ,1568637,1107375,70.59
20,367,ARVSMART,EQ,29196,10702,36.66
20,368,ASAHIINDIA,EQ,68987,29938,43.40
20,369,ASAHISONG,EQ,47898,23057,48.14
20,370,ASAL,EQ,30678,18059,58.87
20,371,ASALCBR,EQ,233539,96814,41.46
20,372,ASHALOG,SM,163000,107000,65.64
20,373,ASHAPURMIN,EQ,238194,142900,59.99
20,374,ASHIANA,EQ,92952,52361,56.33
20,375,ASHOKA,EQ,2836038,886044,31.24
20,376,ASHOKAMET,EQ,243761,211234,86.66
20,377,ASHOKLEY,EQ,4777721,2463835,51.57
20,378,ASIANENE,EQ,758256,445004,58.69
20,379,ASIANHOTNR,EQ,5047,2609,51.69
20,380,ASIANPAINT,EQ,472874,256225,54.18
20,381,ASIANTILES,EQ,3002369,1285184,42.81
20,382,ASKAUTOLTD,EQ,263869,136248,51.63
20,383,ASMS,EQ,4285100,1567394,36.58
20,384,ASPINWALL,EQ,25040,12099,48.32
20,385,ASPIRE,SM,26000,22000,84.62
20,386,ASTEC,EQ,19067,12245,64.22
20,387,ASTERDM,EQ,1268658,535429,42.20
20,388,ASTRAL,EQ,783184,358874,45.82
20,389,ASTRAMICRO,EQ,208187,125868,60.46
20,390,ASTRAZEN,EQ,6752,2166,32.08
20,391,ATAM,EQ,316116,100722,31.86
20,392,ATFL,EQ,37825,17096,45.20
20,393,ATGL,EQ,4723372,3482518,73.73
20,394,ATL,EQ,1274156,625062,49.06
20,395,ATMASTCO,ST,58400,54400,93.15
20,396,ATUL,EQ,25668,8146,31.74
20,397,AUBANK,EQ,2556753,776588,30.37
20,398,AURDIS,SM,13000,13000,100.00
20,399,AURIONPRO,EQ,93807,65444,69.76
20,400,AUROIMPEX,SM,33600,25600,76.19
20,401,AUROPHARMA,EQ,738245,197923,26.81
20,402,AURUMPP1,X1,7329,7183,98.01
20,403,AUTOAXLES,EQ,15975,8972,56.16
20,404,AUTOBEES,EQ,143462,96577,67.32
20,405,AUTOIETF,EQ,440565,252085,57.22
20,406,AUTOIND,EQ,152761,81562,53.39
20,407,AVADHSUGAR,EQ,102322,53138,51.93
20,408,AVALON,EQ,125667,56142,44.68
20,409,AVANTEL,EQ,494457,287154,58.07
20,410,AVANTIFEED,EQ,576221,234206,40.65
20,411,AVG,EQ,32371,18827,58.16
20,412,AVPINFRA,SM,112000,70400,62.86
20,413,AVROIND,EQ,452038,196999,43.58
20,414,AVTNPL,EQ,396167,206492,52.12
20,415,AWFIS,EQ,1430402,450318,31.48
20,416,AWHCL,EQ,99508,59062,59.35
20,417,AWL,EQ,2847370,1241405,43.60
20,418,AXISBANK,EQ,3392612,2046161,60.31
20,419,AXISBNKETF,EQ,3023,1655,54.75
20,420,AXISBPSETF,EQ,173526,162620,93.72
20,421,AXISCADES,EQ,671755,387293,57.65
20,422,AXISCETF,EQ,1714,1429,83.37
20,423,AXISGOLD,EQ,108084,76752,71.01
20,424,AXISHCETF,EQ,2112,1154,54.64
20,425,AXISILVER,EQ,61953,54710,88.31
20,426,AXISNIFTY,EQ,11567,10892,94.16
20,427,AXISTECETF,EQ,5318,4620,86.87
20,428,AXITA,EQ,4528518,535503,11.83
20,429,AXSENSEX,EQ,2477,2119,85.55
20,430,AZAD,EQ,73877,40694,55.08
20,431,BABAFP,SM,46400,33600,72.41
20,432,BAGFILMS,EQ,811958,646619,79.64
20,433,BAHETI,SM,21000,18000,85.71
20,434,BAJAJ-AUTO,EQ,309223,92628,29.96
20,435,BAJAJCON,EQ,430268,197510,45.90
20,436,BAJAJELEC,EQ,46577,25277,54.27
20,437,BAJAJFINSV,EQ,2446507,1245686,50.92
20,438,BAJAJHCARE,EQ,217553,111704,51.35
20,439,BAJAJHIND,EQ,9143885,4299898,47.02
20,440,BAJAJHLDNG,EQ,69355,59804,86.23
20,441,BAJEL,EQ,151559,86386,57.00
20,442,BAJFINANCE,EQ,898343,625122,69.59
20,443,BALAMINES,EQ,49814,23970,48.12
20,444,BALAXI,EQ,55998,22945,40.97
20,445,BALCO,ST,18000,18000,100.00
20,446,BALKRISHNA,EQ,126765,100905,79.60
20,447,BALKRISIND,EQ,89686,39695,44.26
20,448,BALMLAWRIE,EQ,330325,151357,45.82
20,449,BALPHARMA,EQ,820010,352672,43.01
20,450,BALRAMCHIN,EQ,1370915,348530,25.42
20,451,BALUFORGE,EQ,4158896,1080334,25.98
20,452,BANARBEADS,EQ,6101,4622,75.76
20,453,BANARISUG,EQ,1394,578,41.46
20,454,BANCOINDIA,EQ,80904,45157,55.82
20,455,BANDHANBNK,EQ,7078317,2880301,40.69
20,456,BANG,EQ,160599,96831,60.29
20,457,BANKBARODA,EQ,12148085,6707226,55.21
20,458,BANKBEES,EQ,860857,514821,59.80
20,459,BANKBETF,EQ,57906,52835,91.24
20,460,BANKETF,EQ,2636,2219,84.18
20,461,BANKETFADD,EQ,43910,43374,98.78
20,462,BANKIETF,EQ,93129,56432,60.60
20,463,BANKINDIA,EQ,12124682,6370120,52.54
20,464,BANKNIFTY1,EQ,1747012,1728406,98.93
20,465,BANSALWIRE,EQ,1693795,963293,56.87
20,466,BANSWRAS,EQ,49598,31035,62.57
20,467,BARBEQUE,EQ,184908,95746,51.78
20,468,BASF,EQ,28545,12067,42.27
20,469,BASILIC,ST,36900,34200,92.68
20,470,BASML,EQ,418392,197598,47.23
20,471,BATAINDIA,EQ,244009,126182,51.71
20,472,BAWEJA,SM,12000,8000,66.67
20,473,BAYERCROP,EQ,24866,18838,75.76
20,474,BBETF0432,EQ,2544,2527,99.33
20,475,BBL,EQ,59567,38585,64.78
20,476,BBNPNBETF,EQ,3031,2795,92.21
20,477,BBNPPGOLD,EQ,364,250,68.68
20,478,BBTC,EQ,83564,28519,34.13
20,479,BBTCL,EQ,3819,3133,82.04
20,480,BCLIND,EQ,3041159,1321809,43.46
20,481,BCONCEPTS,EQ,45673,24132,52.84
20,482,BDL,EQ,603827,285665,47.31
20,483,BEACON,SM,134000,122000,91.04
20,484,BEARDSELL,EQ,87433,33142,37.91
20,485,BECTORFOOD,EQ,476748,258332,54.19
20,486,BEDMUTHA,EQ,36478,26352,72.24
20,487,BEL,EQ,15280637,6919185,45.28
20,488,BEML,EQ,227034,57297,25.24
20,489,BEPL,EQ,4169674,1474921,35.37
20,490,BERGEPAINT,EQ,799496,343472,42.96
20,491,BESTAGRO,EQ,454321,204202,44.95
20,492,BETA,SM,17500,15000,85.71
20,493,BEWLTD,SM,2000,1875,93.75
20,494,BFINVEST,EQ,41041,24974,60.85
20,495,BFSI,EQ,249914,167843,67.16
20,496,BFUTILITIE,EQ,105422,48556,46.06
20,497,BHAGCHEM,EQ,929190,444347,47.82
20,498,BHAGERIA,EQ,417446,202314,48.46
20,499,BHAGYANGR,EQ,241587,84151,34.83
20,500,BHANDARI,EQ,6548044,3566470,54.47
20,501,BHARATFORG,EQ,713146,397151,55.69
20,502,BHARATGEAR,EQ,47447,23400,49.32
20,503,BHARATRAS,EQ,7496,2842,37.91
20,504,BHARATWIRE,EQ,875678,443758,50.68
20,505,BHARTIARTL,EQ,4307432,2700258,62.69
20,506,BHARTIHEXA,EQ,379434,244319,64.39
20,507,BHEL,EQ,15560440,4061487,26.10
20,508,BHINVIT,IV,275373,262939,95.48
20,509,BIGBLOC,EQ,214598,84863,39.55
20,510,BIKAJI,EQ,939561,403048,42.90
20,511,BIL,EQ,5315,3524,66.30
20,512,BINANIIND,EQ,18801,14971,79.63
20,513,BIOCON,EQ,1350106,649235,48.09
20,514,BIOFILCHEM,EQ,42143,22834,54.18
20,515,BIRDYS,ST,2400,2400,100.00
20,516,BIRET,RR,396400,372979,94.09
20,517,BIRLACABLE,EQ,372006,92797,24.95
20,518,BIRLACORPN,EQ,47354,26567,56.10
20,519,BLAL,EQ,391753,164184,41.91
20,520,BLISSGVS,EQ,1319104,622593,47.20
20,521,BLKASHYAP,EQ,792585,384812,48.55
20,522,BLS,EQ,22395343,4632784,20.69
20,523,BLSE,EQ,1776177,525792,29.60
20,524,BLUEDART,EQ,5354,2735,51.08
20,525,BLUEJET,EQ,219039,134770,61.53
20,526,BLUEPEBBLE,SM,21600,16000,74.07
20,527,BLUESTARCO,EQ,434665,295737,68.04
20,528,BMETRICS,SM,27600,19600,71.01
20,529,BODALCHEM,EQ,490227,226137,46.13
20,530,BOMDYEING,EQ,1069969,383851,35.87
20,531,BOROLTD,EQ,195803,91665,46.81
20,532,BORORENEW,EQ,222179,108673,48.91
20,533,BOROSCI,EQ,1699935,723553,42.56
20,534,BOSCHLTD,EQ,32218,11575,35.93
20,535,BPCL,EQ,6672007,2666157,39.96
20,536,BRACEPORT,ST,401600,401600,100.00
20,537,BRIGADE,EQ,482576,353851,73.33
20,538,BRITANNIA,EQ,265107,174700,65.90
20,539,BROOKS,EQ,303529,138600,45.66
20,540,BSE,EQ,384051,217465,56.62
20,541,BSE500IETF,EQ,98572,77549,78.67
20,542,BSHSL,EQ,49574,35788,72.19
20,543,BSL,EQ,60811,32703,53.78
20,544,BSLGOLDETF,EQ,32014,18054,56.39
20,545,BSLNIFTY,EQ,325133,241799,74.37
20,546,BSLSENETFG,EQ,10432,8702,83.42
20,547,BSOFT,EQ,7945766,2522208,31.74
20,548,BULKCORP,SM,18000,12000,66.67
20,549,BUTTERFLY,EQ,245272,61823,25.21
20,550,BVCL,EQ,24851,15027,60.47
20,551,CADSYS,SM,47000,32000,68.09
20,552,CALSOFT,EQ,573264,327108,57.06
20,553,CAMLINFINE,EQ,426385,231454,54.28
20,554,CAMPUS,EQ,370859,206710,55.74
20,555,CAMS,EQ,359301,101156,28.15
20,556,CANARYS,ST,104000,104000,100.00
20,557,CANBK,EQ,15658016,8313160,53.09
20,558,CANFINHOME,EQ,306215,120160,39.24
20,559,CANTABIL,EQ,129846,48184,37.11
20,560,CAPACITE,EQ,1972265,659756,33.45
20,561,CAPITALSFB,EQ,52111,33914,65.08
20,562,CAPLIPOINT,EQ,3380750,266840,7.89
20,563,CAPTRUST,EQ,346588,288533,83.25
20,564,CARBORUNIV,EQ,70175,41266,58.80
20,565,CARERATING,EQ,67573,40345,59.71
20,566,CARTRADE,EQ,112133,56599,50.47
20,567,CARYSIL,EQ,358370,157414,43.92
20,568,CASTROLIND,EQ,2968353,1270316,42.80
20,569,CBAZAAR,SM,360000,208000,57.78
20,570,CCL,EQ,126694,42015,33.16
20,571,CDSL,EQ,4234039,1473430,34.80
20,572,CEATLTD,EQ,123600,53611,43.37
20,573,CEIGALL,EQ,728742,418211,57.39
20,574,CELEBRITY,EQ,135801,80771,59.48
20,575,CELLECOR,SM,540000,378000,70.00
20,576,CELLO,EQ,78849,41482,52.61
20,577,CELLPOINT,SM,22800,14400,63.16
20,578,CENTENKA,EQ,75765,39102,51.61
20,579,CENTEXT,EQ,350422,234171,66.83
20,580,CENTRALBK,EQ,5448364,2361431,43.34
20,581,CENTRUM,EQ,341002,202551,59.40
20,582,CENTUM,EQ,6803,4017,59.05
20,583,CENTURYPLY,EQ,876007,318168,36.32
20,584,CENTURYTEX,EQ,841375,311387,37.01
20,585,CERA,EQ,14854,9161,61.67
20,586,CESC,EQ,7907309,3333582,42.16
20,587,CGCL,EQ,221268,72378,32.71
20,588,CGPOWER,EQ,1509572,731450,48.45
20,589,CGRAPHICS,SM,155200,110400,71.13
20,590,CHALET,EQ,138853,50441,36.33
20,591,CHAMBLFERT,EQ,1223843,444190,36.29
20,592,CHAVDA,SM,87000,62000,71.26
20,593,CHEMBOND,EQ,16860,7946,47.13
20,594,CHEMCON,EQ,155098,82754,53.36
20,595,CHEMFAB,EQ,7678,4012,52.25
20,596,CHEMPLASTS,EQ,116824,56938,48.74
20,597,CHENNPETRO,EQ,403343,194033,48.11
20,598,CHETANA,SM,121600,80000,65.79
20,599,CHEVIOT,EQ,6358,4359,68.56
20,600,CHOICEIN,EQ,465068,83935,18.05
20,601,CHOLAFIN,EQ,1742029,805753,46.25
20,602,CHOLAHLDNG,EQ,301248,166923,55.41
20,603,CIEINDIA,EQ,125443,62712,49.99
20,604,CIFC28,NB,20,10,50.00
20,605,CIFCZC25,ND,510,510,100.00
20,606,CIFCZC28,NH,24,24,100.00
20,607,CIGNITITEC,EQ,34577,25019,72.36
20,608,CINELINE,EQ,25071,19011,75.83
20,609,CINEVISTA,EQ,35585,20153,56.63
20,610,CIPLA,EQ,658120,318746,48.43
20,611,CLEAN,EQ,195914,106083,54.15
20,612,CLEDUCATE,EQ,442814,223632,50.50
20,613,CLOUD,ST,136000,126000,92.65
20,614,CLSEL,EQ,74999,46302,61.74
20,615,CLSL,SM,452000,318000,70.35
20,616,CMMIPL,ST,60000,60000,100.00
20,617,CMNL,SM,357000,273000,76.47
20,618,CMRSL,SM,26400,22400,84.85
20,619,CMSINFO,EQ,400492,163075,40.72
20,620,COALINDIA,EQ,7193307,3209238,44.61
20,621,COASTCORP,EQ,41161,27447,66.68
20,622,COCHINSHIP,EQ,735231,352807,47.99
20,623,COFORGE,EQ,434677,181165,41.68
20,624,COLPAL,EQ,313122,133301,42.57
20,625,COMMITTED,SM,4800,4800,100.00
20,626,COMMOIETF,EQ,146084,58823,40.27
20,627,COMPUSOFT,EQ,151214,87129,57.62
20,628,COMSYN,EQ,114754,76296,66.49
20,629,CONCOR,EQ,1634061,979009,59.91
20,630,CONCORDBIO,EQ,124761,88044,70.57
20,631,CONFIPET,EQ,3739644,1786020,47.76
20,632,CONS,EQ,3257,2262,69.45
20,633,CONSOFINVT,EQ,31565,18365,58.18
20,634,CONSUMBEES,EQ,103530,87354,84.38
20,635,CONSUMIETF,EQ,27906,12254,43.91
20,636,CONTI,ST,83325,83325,100.00
20,637,CONTROLPR,EQ,77580,55162,71.10
20,638,COOLCAPS,SM,1500,1250,83.33
20,639,CORALFINAC,EQ,108632,53309,49.07
20,640,COROMANDEL,EQ,228484,101862,44.58
20,641,COSMOFIRST,EQ,513769,284643,55.40
20,642,CPS,SM,1200,600,50.00
20,643,CPSEETF,EQ,3486370,2482165,71.20
20,644,CRAFTSMAN,EQ,770596,76945,9.99
20,645,CRAYONS,SM,23000,15000,65.22
20,646,CREATIVE,EQ,25651,14236,55.50
20,647,CREDITACC,EQ,224392,156361,69.68
20,648,CREST,EQ,31127,15576,50.04
20,649,CRISIL,EQ,32437,13029,40.17
20,650,CROMPTON,EQ,2244381,1231291,54.86
20,651,CSBBANK,EQ,316102,190095,60.14
20,652,CSLFINANCE,EQ,74882,42234,56.40
20,653,CUB,EQ,1256901,568443,45.23
20,654,CUMMINSIND,EQ,812751,340223,41.86
20,655,CYBERMEDIA,EQ,108943,42241,38.77
20,656,CYBERTECH,EQ,217959,78763,36.14
20,657,CYIENT,EQ,451361,225701,50.00
20,658,CYIENTDLM,EQ,271810,133602,49.15
20,659,DABUR,EQ,2940223,1404017,47.75
20,660,DALBHARAT,EQ,248874,140965,56.64
20,661,DALMIASUG,EQ,64819,36351,56.08
20,662,DAMODARIND,EQ,15069,9096,60.36
20,663,DANGEE,EQ,132087,93504,70.79
20,664,DATAMATICS,EQ,88407,50023,56.58
20,665,DATAPATTNS,EQ,104418,52785,50.55
20,666,DAVANGERE,EQ,15693761,8944017,56.99
20,667,DBCORP,EQ,119940,75294,62.78
20,668,DBL,EQ,737547,216840,29.40
20,669,DBOL,EQ,77645,27645,35.60
20,670,DBREALTY,EQ,1523155,842930,55.34
20,671,DBSTOCKBRO,EQ,17685,9693,54.81
20,672,DCAL,EQ,1196042,396760,33.17
20,673,DCBBANK,EQ,1463058,775594,53.01
20,674,DCG,ST,87600,78000,89.04
20,675,DCMSHRIRAM,EQ,48160,24327,50.51
20,676,DCMSRIND,EQ,120292,75709,62.94
20,677,DCW,EQ,12224661,5727830,46.85
20,678,DECCANCE,EQ,20815,12286,59.02
20,679,DEEDEV,EQ,130857,67297,51.43
20,680,DEEM,SM,12000,9000,75.00
20,681,DEEPAKFERT,EQ,1925756,508581,26.41
20,682,DEEPAKNTR,EQ,459165,150062,32.68
20,683,DEEPENR,EQ,126589,74729,59.03
20,684,DEEPINDS,EQ,1205020,452303,37.53
20,685,DELAPLEX,SM,105600,73800,69.89
20,686,DELHIVERY,EQ,2446954,1648791,67.38
20,687,DELTACORP,EQ,755950,376929,49.86
20,688,DELTAMAGNT,EQ,23014,14128,61.39
20,689,DEN,EQ,941776,378926,40.24
20,690,DENEERS,SM,3000,3000,100.00
20,691,DENORA,EQ,14148,6236,44.08
20,692,DENTALKART,SM,48250,35750,74.09
20,693,DESTINY,SM,6000,6000,100.00
20,694,DEVIT,EQ,73762,37643,51.03
20,695,DEVYANI,EQ,2986986,1685039,56.41
20,696,DHAMPURSUG,EQ,212781,111667,52.48
20,697,DHANBANK,EQ,837084,545806,65.20
20,698,DHANI,EQ,17996169,6798423,37.78
20,699,DHANUKA,EQ,19054,9238,48.48
20,700,DHARIWAL,SM,129600,84000,64.81
20,701,DHARMAJ,EQ,232940,98995,42.50
20,702,DHTL,ST,3200,3200,100.00
20,703,DHUNINV,EQ,41075,11584,28.20
20,704,DIAMINESQ,EQ,20947,11432,54.58
20,705,DIAMONDYD,EQ,135199,73208,54.15
20,706,DIGIKORE,ST,7000,6600,94.29
20,707,DIL,EQ,9563700,4111547,42.99
20,708,DISHTV,EQ,6131998,2964594,48.35
20,709,DIVGIITTS,EQ,37428,22399,59.85
20,710,DIVISLAB,EQ,288510,118882,41.21
20,711,DIVOPPBEES,EQ,155574,130476,83.87
20,712,DIXON,EQ,643656,243975,37.90
20,713,DLF,EQ,1382673,480758,34.77
20,714,DLINKINDIA,EQ,375502,139147,37.06
20,715,DMART,EQ,475103,339124,71.38
20,716,DMCC,EQ,27420,18088,65.97
20,717,DODLA,EQ,29115,14629,50.25
20,718,DOLATALGO,EQ,1633882,751151,45.97
20,719,DOLLAR,EQ,68581,36456,53.16
20,720,DOLLEX,SM,24000,20000,83.33
20,721,DOMS,EQ,281290,98363,34.97
20,722,DPABHUSHAN,EQ,39464,14127,35.80
20,723,DPEL,SM,90000,57000,63.33
20,724,DPSCLTD,EQ,762543,431244,56.55
20,725,DPWIRES,EQ,55315,24493,44.28
20,726,DREAMFOLKS,EQ,370615,181611,49.00
20,727,DRL,SM,6000,6000,100.00
20,728,DRONE,ST,168000,155000,92.26
20,729,DRREDDY,EQ,203783,108554,53.27
20,730,DSSL,EQ,246544,63316,25.68
20,731,DTIL,EQ,97907,34663,35.40
20,732,DTL,SM,19200,16800,87.50
20,733,DUCOL,ST,30400,24000,78.95
20,734,DUCON,EQ,876530,875880,99.93
20,735,DUGLOBAL,SM,5000,5000,100.00
20,736,DURLAX,SM,66000,40000,60.61
20,737,DVL,EQ,81199,35321,43.50
20,738,DWARKESH,EQ,846829,482105,56.93
20,739,DYCL,EQ,122154,62617,51.26
20,740,DYNAMATECH,EQ,23380,13028,55.72
20,741,DYNAMIC,SM,112000,72000,64.29
20,742,EASEMYTRIP,EQ,7677380,3244425,42.26
20,743,EBBETF0425,EQ,967,765,79.11
20,744,EBBETF0430,EQ,26282,25271,96.15
20,745,EBBETF0431,EQ,9206,8557,92.95
20,746,EBBETF0433,EQ,1371,987,71.99
20,747,ECLERX,EQ,34443,20556,59.68
20,748,EDELWEISS,EQ,24350231,7813235,32.09
20,749,EFACTOR,SM,36000,28000,77.78
20,750,EFFWA,SM,145600,128000,87.91
20,751,EFORCE,SM,268800,196800,73.21
20,752,EGOLD,EQ,28231,27926,98.92
20,753,EICHERMOT,EQ,314431,190205,60.49
20,754,EIDPARRY,EQ,263050,145423,55.28
20,755,EIFFL,EQ,48243,30992,64.24
20,756,EIHAHOTELS,EQ,73479,29949,40.76
20,757,EIHOTEL,EQ,1118419,478446,42.78
20,758,EIMCOELECO,EQ,2013,2013,100.00
20,759,EKC,EQ,2627382,835563,31.80
20,760,ELDEHSG,EQ,1040,748,71.92
20,761,ELECON,EQ,220921,147207,66.63
20,762,ELECTCAST,EQ,2448967,1260888,51.49
20,763,ELGIEQUIP,EQ,2051830,762036,37.14
20,764,ELIN,EQ,3368497,942634,27.98
20,765,EMAMILTD,EQ,425809,295695,69.44
20,766,EMAMIPAP,EQ,54158,29813,55.05
20,767,EMAMIREAL,EQ,114969,65812,57.24
20,768,EMBASSY,RR,502690,473779,94.25
20,769,EMBDL,EQ,4954474,2029659,40.97
20,770,EMCURE,EQ,649487,261562,40.27
20,771,EMIL,EQ,1426575,943231,66.12
20,772,EMKAYTOOLS,SM,600,600,100.00
20,773,EMMBI,EQ,141910,94593,66.66
20,774,EMMIL,SM,79000,62000,78.48
20,775,EMSLIMITED,EQ,530807,260379,49.05
20,776,EMUDHRA,EQ,75063,35041,46.68
20,777,ENDURANCE,EQ,93232,61787,66.27
20,778,ENFUSE,ST,55200,46800,84.78
20,779,ENGINERSIN,EQ,2954238,1377179,46.62
20,780,ENIL,EQ,35938,21745,60.51
20,781,ENSER,SM,2000,2000,100.00
20,782,ENTERO,EQ,41613,23603,56.72
20,783,EPACK,EQ,1162206,623196,53.62
20,784,EPIGRAL,EQ,132970,53462,40.21
20,785,EPL,EQ,3489439,963469,27.61
20,786,EQUAL50ADD,EQ,35731,34816,97.44
20,787,EQUITASBNK,EQ,3800774,2048304,53.89
20,788,ERIS,EQ,183375,87775,47.87
20,789,EROSMEDIA,EQ,583045,332197,56.98
20,790,ESABINDIA,EQ,4387,2572,58.63
20,791,ESAFSFB,EQ,529597,297983,56.27
20,792,ESCONET,ST,21600,21600,100.00
20,793,ESCORTS,EQ,118350,47744,40.34
20,794,ESFL,SM,123000,105000,85.37
20,795,ESG,EQ,39739,33109,83.32
20,796,ESILVER,EQ,12701,7896,62.17
20,797,ESPRIT,SM,208000,158400,76.15
20,798,ESSENTIA,EQ,12720153,7335117,57.67
20,799,ESTER,EQ,413732,145015,35.05
20,800,ETHOSLTD,EQ,104589,38028,36.36
20,801,EUROBOND,SM,3000,3000,100.00
20,802,EUROTEXIND,EQ,11523,10995,95.42
20,803,EVEREADY,EQ,409021,177328,43.35
20,804,EVERESTIND,EQ,22881,13119,57.34
20,805,EVINDIA,EQ,470555,384376,81.69
20,806,EXCELINDUS,EQ,39219,17228,43.93
20,807,EXIDEIND,EQ,2328819,1181930,50.75
20,808,EXPLEOSOL,EQ,50647,29011,57.28
20,809,EXXARO,EQ,91945,66013,71.80
20,810,FACT,EQ,300149,115344,38.43
20,811,FAIRCHEMOR,EQ,18735,9037,48.24
20,812,FALCONTECH,SM,15600,12000,76.92
20,813,FAZE3Q,EQ,78678,14328,18.21
20,814,FCL,EQ,159076,83830,52.70
20,815,FCSSOFT,EQ,6207429,3649353,58.79
20,816,FDC,EQ,185282,79148,42.72
20,817,FEDERALBNK,EQ,6050543,2479573,40.98
20,818,FEDFINA,EQ,700010,391916,55.99
20,819,FELIX,SM,1199000,561500,46.83
20,820,FIDEL,SM,38000,27000,71.05
20,821,FIEMIND,EQ,163147,94523,57.94
20,822,FILATEX,EQ,14582983,4461522,30.59
20,823,FILATFASH,EQ,90487783,54590376,60.33
20,824,FINCABLES,EQ,174698,95914,54.90
20,825,FINEORG,EQ,13199,6051,45.84
20,826,FINIETF,EQ,143788,69950,48.65
20,827,FINOPB,EQ,2184943,593509,27.16
20,828,FINPIPE,EQ,802959,608424,75.77
20,829,FIRSTCRY,EQ,831690,373284,44.88
20,830,FIVESTAR,EQ,448196,361674,80.70
20,831,FLAIR,EQ,63699,37897,59.49
20,832,FLUOROCHEM,EQ,268138,234756,87.55
20,833,FMCGIETF,EQ,315184,189869,60.24
20,834,FMGOETZE,EQ,140104,87341,62.34
20,835,FMNL,EQ,171271,165540,96.65
20,836,FOCE,SM,1600,1600,100.00
20,837,FONEBOX,SM,7000,7000,100.00
20,838,FOODSIN,EQ,139669,87326,62.52
20,839,FORCAS,ST,2241600,2227200,99.36
20,840,FORCEMOT,EQ,29186,15625,53.54
20,841,FORTIS,EQ,2158912,930033,43.08
20,842,FOSECOIND,EQ,1919,1300,67.74
20,843,FROG,SM,27200,20800,76.47
20,844,FSL,EQ,4686613,1444192,30.82
20,845,FUSION,EQ,1476333,672099,45.52
20,846,GABRIEL,EQ,372473,161052,43.24
20,847,GAEL,EQ,387472,232889,60.10
20,848,GAIL,EQ,13276274,6390440,48.13
20,849,GALAXYSURF,EQ,8454,4781,56.55
20,850,GANDHAR,EQ,340821,169488,49.73
20,851,GANDHITUBE,EQ,2686,2038,75.87
20,852,GANECOS,EQ,64630,28489,44.08
20,853,GANESHBE,EQ,235592,125230,53.16
20,854,GANESHHOUC,EQ,59760,37762,63.19
20,855,GANGAFORGE,EQ,311012,311012,100.00
20,856,GANGESSECU,EQ,144686,53756,37.15
20,857,GARFIBRES,EQ,7869,3364,42.75
20,858,GATECH,EQ,2900976,1899237,65.47
20,859,GATEWAY,EQ,521348,323586,62.07
20,860,GEECEE,EQ,16837,7590,45.08
20,861,GEEKAYWIRE,EQ,729333,435511,59.71
20,862,GENESYS,EQ,298596,136418,45.69
20,863,GENSOL,EQ,163720,100620,61.46
20,864,GENUSPAPER,EQ,3338457,1573270,47.13
20,865,GENUSPOWER,EQ,1392704,783691,56.27
20,866,GEOJITFSL,EQ,6573724,2023338,30.78
20,867,GESHIP,EQ,855366,442799,51.77
20,868,GFLLIMITED,EQ,54067,28986,53.61
20,869,GGBL,SM,201600,135000,66.96
20,870,GHCL,EQ,352567,167580,47.53
20,871,GHCLTEXTIL,EQ,692296,263622,38.08
20,872,GICHSGFIN,EQ,122183,59042,48.32
20,873,GICL,SM,18000,18000,100.00
20,874,GICRE,EQ,634294,236132,37.23
20,875,GILLANDERS,EQ,13823,8665,62.69
20,876,GILLETTE,EQ,186510,73411,39.36
20,877,GILT5YBEES,EQ,544660,362336,66.53
20,878,GINNIFILA,EQ,89288,53807,60.26
20,879,GIPCL,EQ,408341,229116,56.11
20,880,GIRIRAJ,SM,45250,44750,98.90
20,881,GKWLIMITED,EQ,4744,2837,59.80
20,882,GLAND,EQ,292605,209441,71.58
20,883,GLAXO,EQ,128448,63315,49.29
20,884,GLENMARK,EQ,756012,385332,50.97
20,885,GLOBAL,EQ,134365,73342,54.58
20,886,GLOBALPET,SM,147000,102000,69.39
20,887,GLOBUSSPR,EQ,64849,35962,55.45
20,888,GLOSTERLTD,EQ,1392,944,67.82
20,889,GLS,EQ,87086,49330,56.65
20,890,GMBREW,EQ,62337,40338,64.71
20,891,GMDCLTD,EQ,733910,272832,37.18
20,892,GMMPFAUDLR,EQ,70215,40203,57.26
20,893,GMRINFRA,EQ,22016952,13034379,59.20
20,894,GMRP&UI,EQ,13119500,5394037,41.11
20,895,GNA,EQ,144158,73790,51.19
20,896,GNFC,EQ,891926,385301,43.20
20,897,GOACARBON,EQ,1403374,288227,20.54
20,898,GOCLCORP,EQ,340352,184513,54.21
20,899,GOCOLORS,EQ,177116,43022,24.29
20,900,GODFRYPHLP,EQ,308405,61601,19.97
20,901,GODIGIT,EQ,1952125,1329568,68.11
20,902,GODREJAGRO,EQ,170482,79228,46.47
20,903,GODREJCP,EQ,833098,469832,56.40
20,904,GODREJIND,EQ,161076,58725,36.46
20,905,GODREJPROP,EQ,778614,453620,58.26
20,906,GOKEX,EQ,84011,46985,55.93
20,907,GOKUL,EQ,503802,238430,47.33
20,908,GOKULAGRO,EQ,596904,198823,33.31
20,909,GOLD1,EQ,819456,734857,89.68
20,910,GOLDBEES,EQ,10556126,8660638,82.04
20,911,GOLDCASE,EQ,362316,298821,82.48
20,912,GOLDETF,EQ,185502,144505,77.90
20,913,GOLDETFADD,EQ,310198,309697,99.84
20,914,GOLDIAM,EQ,1190301,548575,46.09
20,915,GOLDIETF,EQ,1398928,1160956,82.99
20,916,GOLDSHARE,EQ,216662,203556,93.95
20,917,GOLDSTAR,SM,720000,472500,65.63
20,918,GOLDTECH,EQ,90043,58523,64.99
20,919,GOODLUCK,EQ,149972,86285,57.53
20,920,GOPAL,EQ,253061,180874,71.47
20,921,GOYALALUM,EQ,228893,174875,76.40
20,922,GOYALSALT,SM,21000,16800,80.00
20,923,GPECO,SM,37200,32400,87.10
20,924,GPIL,EQ,815882,472142,57.87
20,925,GPPL,EQ,3638233,1144943,31.47
20,926,GPTHEALTH,EQ,293398,143873,49.04
20,927,GRANULES,EQ,1245223,500139,40.16
20,928,GRAPHISAD,SM,16800,15600,92.86
20,929,GRAPHITE,EQ,674265,277946,41.22
20,930,GRASIM,EQ,597542,282963,47.35
20,931,GRASIMPP1,E1,3831,2227,58.13
20,932,GRAVITA,EQ,317350,116371,36.67
20,933,GRCL,SM,3000,2000,66.67
20,934,GREAVESCOT,EQ,7150142,2817241,39.40
20,935,GREENCHEF,SM,228800,151200,66.08
20,936,GREENLAM,EQ,41632,18555,44.57
20,937,GREENPANEL,EQ,525133,322483,61.41
20,938,GREENPLY,EQ,329821,159636,48.40
20,939,GREENPOWER,EQ,8869964,4258882,48.01
20,940,GRETEX,ST,48000,48000,100.00
20,941,GRINDWELL,EQ,64525,57085,88.47
20,942,GRINFRA,EQ,43741,23179,52.99
20,943,GRMOVER,EQ,766028,266578,34.80
20,944,GROBTEA,EQ,2367,1574,66.50
20,945,GROWWEV,EQ,2113178,1603478,75.88
20,946,GRSE,EQ,749700,237242,31.64
20,947,GRWRHITECH,EQ,79293,41599,52.46
20,948,GSEC10ABSL,EQ,500,475,95.00
20,949,GSEC10IETF,EQ,770,701,91.04
20,950,GSEC10YEAR,EQ,4038,2337,57.88
20,951,GSEC5IETF,EQ,377,279,74.01
20,952,GSFC,EQ,1845705,718411,38.92
20,953,GSLSU,EQ,252265,162958,64.60
20,954,GSMFOILS,ST,224000,216000,96.43
20,955,GSPL,EQ,32920132,9924623,30.15
20,956,GSTL,ST,509000,506000,99.41
20,957,GTL,EQ,2188628,1447653,66.14
20,958,GTLINFRA,EQ,90834756,55314820,60.90
20,959,GTPL,EQ,80035,45840,57.27
20,960,GUFICBIO,EQ,135504,75159,55.47
20,961,GUJALKALI,EQ,25710,11886,46.23
20,962,GUJAPOLLO,EQ,449060,193445,43.08
20,963,GUJGASLTD,EQ,950176,433733,45.65
20,964,GUJRAFFIA,EQ,7996,2695,33.70
20,965,GULFOILLUB,EQ,194741,78558,40.34
20,966,GULFPETRO,EQ,110249,51531,46.74
20,967,GULPOLY,EQ,265532,152742,57.52
20,968,GVPTECH,EQ,89015,65104,73.14
20,969,HAL,EQ,1390960,782147,56.23
20,970,HAPPSTMNDS,EQ,734111,291685,39.73
20,971,HAPPYFORGE,EQ,17503,9845,56.25
20,972,HARDWYN,EQ,112268,69363,61.78
20,973,HARIOMPIPE,EQ,522564,152379,29.16
20,974,HARRMALAYA,EQ,42712,17995,42.13
20,975,HARSHA,EQ,57550,32453,56.39
20,976,HATHWAY,EQ,4657061,2268623,48.71
20,977,HATSUN,EQ,23541,10631,45.16
20,978,HAVELLS,EQ,580249,293866,50.64
20,979,HAVISHA,EQ,69074,44583,64.54
20,980,HBLPOWER,EQ,13622555,2836286,20.82
20,981,HCC,EQ,12466649,5988791,48.04
20,982,HCG,EQ,1739420,917059,52.72
20,983,HCL-INSYS,EQ,275067,127962,46.52
20,984,HCLTECH,EQ,2672708,1287563,48.17
20,985,HDFCAMC,EQ,532929,314394,58.99
20,986,HDFCBANK,EQ,11182133,7846052,70.17
20,987,HDFCBSE500,EQ,73220,54956,75.06
20,988,HDFCGOLD,EQ,1183944,941912,79.56
20,989,HDFCGROWTH,EQ,33372,14515,43.49
20,990,HDFCLIFE,EQ,2131814,929694,43.61
20,991,HDFCLIQUID,EQ,24273,20291,83.59
20,992,HDFCLOWVOL,EQ,19671,16994,86.39
20,993,HDFCMID150,EQ,232629,161073,69.24
20,994,HDFCMOMENT,EQ,190875,144832,75.88
20,995,HDFCNEXT50,EQ,50450,38688,76.69
20,996,HDFCNIF100,EQ,30823,21855,70.90
20,997,HDFCNIFBAN,EQ,22216,19240,86.60
20,998,HDFCNIFIT,EQ,30258,21339,70.52
20,999,HDFCNIFTY,EQ,21503,15312,71.21
20,1000,HDFCPSUBK,EQ,62325,52282,83.89
20,1001,HDFCPVTBAN,EQ,121326,111529,91.93
20,1002,HDFCQUAL,EQ,10607,6703,63.19
20,1003,HDFCSENSEX,EQ,21015,14779,70.33
20,1004,HDFCSILVER,EQ,312159,196199,62.85
20,1005,HDFCSML250,EQ,344150,209146,60.77
20,1006,HDFCVALUE,EQ,11308,5554,49.12
20,1007,HEADSUP,EQ,464795,249458,53.67
20,1008,HEALTHADD,EQ,37179,36549,98.31
20,1009,HEALTHIETF,EQ,33665,26787,79.57
20,1010,HEALTHY,EQ,395034,286802,72.60
20,1011,HEG,EQ,138816,64319,46.33
20,1012,HEIDELBERG,EQ,190024,115815,60.95
20,1013,HEMIPROP,EQ,452181,274783,60.77
20,1014,HERANBA,EQ,156843,84841,54.09
20,1015,HERCULES,EQ,24079,12581,52.25
20,1016,HERITGFOOD,EQ,245865,161362,65.63
20,1017,HEROMOTOCO,EQ,553070,302235,54.65
20,1018,HESTERBIO,EQ,7172,3758,52.40
20,1019,HEUBACHIND,EQ,153136,62946,41.10
20,1020,HEXATRADEX,EQ,19252,10550,54.80
20,1021,HFCL,EQ,33201517,10384866,31.28
20,1022,HGINFRA,EQ,76837,42407,55.19
20,1023,HGS,EQ,672083,302511,45.01
20,1024,HIGREEN,SM,37600,28800,76.60
20,1025,HIKAL,EQ,116186,57306,49.32
20,1026,HIL,EQ,102743,36986,36.00
20,1027,HILTON,EQ,761048,381708,50.16
20,1028,HIMATSEIDE,EQ,533073,293806,55.12
20,1029,HINDALCO,EQ,11517668,4881416,42.38
20,1030,HINDCOMPOS,EQ,17074,7882,46.16
20,1031,HINDCON,EQ,255251,128715,50.43
20,1032,HINDCOPPER,EQ,14885334,5783512,38.85
20,1033,HINDOILEXP,EQ,2240458,498408,22.25
20,1034,HINDPETRO,EQ,6084146,2713484,44.60
20,1035,HINDUNILVR,EQ,1152244,687038,59.63
20,1036,HINDWAREAP,EQ,139980,86817,62.02
20,1037,HINDZINC,EQ,8083106,5300676,65.58
20,1038,HIRECT,EQ,120583,60132,49.87
20,1039,HISARMETAL,EQ,5355,3048,56.92
20,1040,HITECH,EQ,4454605,2588996,58.12
20,1041,HITECHCORP,EQ,9815,6572,66.96
20,1042,HITECHGEAR,EQ,15169,7493,49.40
20,1043,HLEGLAS,EQ,81096,50716,62.54
20,1044,HLVLTD,EQ,776573,517635,66.66
20,1045,HMAAGRO,EQ,184640,114521,62.02
20,1046,HMVL,EQ,120589,68022,56.41
20,1047,HNDFDS,EQ,75409,24051,31.89
20,1048,HNGSNGBEES,EQ,129545,88231,68.11
20,1049,HOLMARC,SM,6000,6000,100.00
20,1050,HOMEFIRST,EQ,424824,178413,42.00
20,1051,HOMESFY,SM,600,300,50.00
20,1052,HONASA,EQ,27011659,2087609,7.73
20,1053,HONAUT,EQ,3146,1456,46.28
20,1054,HONDAPOWER,EQ,11830,4194,35.45
20,1055,HOVS,EQ,76961,31579,41.03
20,1056,HPAL,EQ,217407,114339,52.59
20,1057,HPIL,EQ,6326,3182,50.30
20,1058,HPL,EQ,420226,176948,42.11
20,1059,HRHNEXT,SM,30000,30000,100.00
20,1060,HSCL,EQ,4162997,1421366,34.14
20,1061,HTMEDIA,EQ,262708,112573,42.85
20,1062,HUDCO,EQ,6022543,2946815,48.93
20,1063,HUHTAMAKI,EQ,155159,78368,50.51
20,1064,IBLFL,SM,16000,10000,62.50
20,1065,ICEMAKE,EQ,20544,10273,50.00
20,1066,ICICIB22,EQ,668784,482164,72.10
20,1067,ICICIBANK,EQ,10920226,7750510,70.97
20,1068,ICICIGI,EQ,995347,730932,73.43
20,1069,ICICIPRULI,EQ,1397958,827488,59.19
20,1070,ICIL,EQ,310877,162065,52.13
20,1071,ICRA,EQ,30412,27194,89.42
20,1072,IDBI,EQ,6367373,2530423,39.74
20,1073,IDEA,EQ,243427186,106056214,43.57
20,1074,IDEAFORGE,EQ,298161,136267,45.70
20,1075,IDFC,EQ,4127806,1773169,42.96
20,1076,IDFCFIRSTB,EQ,22380103,10087565,45.07
20,1077,IDFNIFTYET,EQ,1534,1168,76.14
20,1078,IEL,EQ,661273,573019,86.65
20,1079,IEML,SM,36000,22000,61.11
20,1080,IEX,EQ,9531606,4031880,42.30
20,1081,IFBIND,EQ,61277,25337,41.35
20,1082,IFCI,EQ,11190686,3727806,33.31
20,1083,IFCIZC24,NI,476,476,100.00
20,1084,IFGLEXPOR,EQ,49970,29869,59.77
20,1085,IGARASHI,EQ,1538928,301058,19.56
20,1086,IGL,EQ,675313,300991,44.57
20,1087,IGPL,EQ,74937,40897,54.58
20,1088,IIFL,EQ,1547227,642422,41.52
20,1089,IIFLHFZC27,NB,116,116,100.00
20,1090,IIFLSEC,EQ,1684418,535061,31.77
20,1091,IIFLZC25B,NW,165,155,93.94
20,1092,IIFLZC25C,N8,105,70,66.67
20,1093,IIFLZC28,NG,100,100,100.00
20,1094,IIFLZC28A,NU,1,1,100.00
20,1095,IIFLZC28B,Y1,32,30,93.75
20,1096,IIFLZC28C,N6,305,200,65.57
20,1097,IKIO,EQ,245196,118837,48.47
20,1098,IMAGICAA,EQ,4003930,1472944,36.79
20,1099,IMC1,N0,366,366,100.00
20,1100,IMC1,N1,212,212,100.00
20,1101,IMC1,N2,328,328,100.00
20,1102,IMC1,N3,81,81,100.00
20,1103,IMFA,EQ,45485,32177,70.74
20,1104,IMPAL,EQ,3482,2331,66.94
20,1105,INDBANK,EQ,133532,76839,57.54
20,1106,INDGN,EQ,342209,223976,65.45
20,1107,INDHOTEL,EQ,9957687,5101833,51.24
20,1108,INDIACEM,EQ,925480,447908,48.40
20,1109,INDIAGLYCO,EQ,125201,57009,45.53
20,1110,INDIAMART,EQ,450936,133206,29.54
20,1111,INDIANB,EQ,1583358,892131,56.34
20,1112,INDIANCARD,EQ,17953,12552,69.92
20,1113,INDIANHUME,EQ,811422,218441,26.92
20,1114,INDIASHLTR,EQ,60685,36673,60.43
20,1115,INDIFRA,SM,10000,8000,80.00
20,1116,INDIGO,EQ,1147478,408728,35.62
20,1117,INDIGOPNTS,EQ,38181,22609,59.22
20,1118,INDIGRID,IV,11385185,10654809,93.58
20,1119,INDNIPPON,EQ,38212,19142,50.09
20,1120,INDOAMIN,EQ,319706,124920,39.07
20,1121,INDOBORAX,EQ,92329,49748,53.88
20,1122,INDOCO,EQ,117813,72344,61.41
20,1123,INDORAMA,EQ,177533,103999,58.58
20,1124,INDOSTAR,EQ,367077,221968,60.47
20,1125,INDOTHAI,EQ,8014,8014,100.00
20,1126,INDRAMEDCO,EQ,1009675,423907,41.98
20,1127,INDSWFTLTD,EQ,137709,93061,67.58
20,1128,INDTERRAIN,EQ,144414,82136,56.88
20,1129,INDUSINDBK,EQ,2541300,1490074,58.63
20,1130,INDUSTOWER,EQ,6148376,2953144,48.03
20,1131,INFIBEAM,EQ,11095860,5827404,52.52
20,1132,INFINIUM,SM,5000,5000,100.00
20,1133,INFOBEAN,EQ,90541,56680,62.60
20,1134,INFOLLION,ST,4000,3200,80.00
20,1135,INFRABEES,EQ,12848,7389,57.51
20,1136,INFRAIETF,EQ,102463,62623,61.12
20,1137,INFY,EQ,3728589,2632742,70.61
20,1138,INGERRAND,EQ,5166,3113,60.26
20,1139,INM,SM,5400,3000,55.56
20,1140,INNOVACAP,EQ,78457,40652,51.81
20,1141,INNOVANA,SM,1200,1200,100.00
20,1142,INOXGREEN,EQ,5748911,2380110,41.40
20,1143,INOXINDIA,EQ,169689,109505,64.53
20,1144,INOXWIND,EQ,9977883,3666871,36.75
20,1145,INSECTICID,EQ,95282,51677,54.24
20,1146,INSPIRE,SM,8000,8000,100.00
20,1147,INTELLECT,EQ,76350,37951,49.71
20,1148,INTERARCH,EQ,7050172,3435112,48.72
20,1149,INTLCONV,EQ,781779,337538,43.18
20,1150,INVENTURE,EQ,3916624,1909324,48.75
20,1151,IOB,EQ,5244993,2193060,41.81
20,1152,IOC,EQ,8952470,3954255,44.17
20,1153,IOLCP,EQ,417909,200131,47.89
20,1154,IONEXCHANG,EQ,462173,174945,37.85
20,1155,IPCALAB,EQ,158074,58272,36.86
20,1156,IPL,EQ,229323,113882,49.66
20,1157,IRB,EQ,23039971,11325535,49.16
20,1158,IRBINVIT,IV,511012,466058,91.20
20,1159,IRCON,EQ,3404950,1298418,38.13
20,1160,IRCTC,EQ,765618,352471,46.04
20,1161,IREDA,EQ,12144509,4650310,38.29
20,1162,IRFC,EQ,14596223,5576509,38.21
20,1163,IRISDOREME,EQ,148448,83789,56.44
20,1164,IRMENERGY,EQ,303004,178533,58.92
20,1165,ISEC,EQ,289881,141095,48.67
20,1166,ISFT,EQ,33533,17465,52.08
20,1167,ISGEC,EQ,243330,58431,24.01
20,1168,ISHAN,ST,3072000,3072000,100.00
20,1169,IT,EQ,231329,45170,19.53
20,1170,ITALIANE,SM,26000,26000,100.00
20,1171,ITBEES,EQ,4851727,2854771,58.84
20,1172,ITC,EQ,7825037,4416578,56.44
20,1173,ITDC,EQ,26236,13210,50.35
20,1174,ITDCEM,EQ,721988,314505,43.56
20,1175,ITETF,EQ,133417,86059,64.50
20,1176,ITETFADD,EQ,24268,17305,71.31
20,1177,ITI,EQ,277576,92757,33.42
20,1178,ITIETF,EQ,532909,290995,54.61
20,1179,IVZINGOLD,EQ,140,65,46.43
20,1180,IVZINNIFTY,EQ,12,12,100.00
20,1181,IXIGO,EQ,859332,402605,46.85
20,1182,JAGRAN,EQ,227118,143336,63.11
20,1183,JAGSNPHARM,EQ,493986,213107,43.14
20,1184,JAICORPLTD,EQ,2608339,879001,33.70
20,1185,JAINAM,SM,3000,3000,100.00
20,1186,JAIPURKURT,EQ,243587,206210,84.66
20,1187,JALAN,SM,444000,315000,70.95
20,1188,JAMNAAUTO,EQ,2192221,1562812,71.29
20,1189,JASH,EQ,40102,26108,65.10
20,1190,JAYAGROGN,EQ,88909,30081,33.83
20,1191,JAYBARMARU,EQ,187175,115017,61.45
20,1192,JAYNECOIND,EQ,837106,449175,53.66
20,1193,JAYSREETEA,EQ,686162,303607,44.25
20,1194,JBCHEPHARM,EQ,142586,72305,50.71
20,1195,JBMA,EQ,60245,28033,46.53
20,1196,JCHAC,EQ,34274,19103,55.74
20,1197,JETFREIGHT,EQ,8016215,2739932,34.18
20,1198,JFLLIFE,ST,24000,24000,100.00
20,1199,JGCHEM,EQ,854050,313846,36.75
20,1200,JHS,EQ,1400967,1041830,74.37
20,1201,JINDALPHOT,EQ,46486,21608,46.48
20,1202,JINDALPOLY,EQ,351776,181296,51.54
20,1203,JINDALSAW,EQ,1505470,831388,55.22
20,1204,JINDALSTEL,EQ,1183617,388634,32.83
20,1205,JINDRILL,EQ,35231,19599,55.63
20,1206,JINDWORLD,EQ,247870,132584,53.49
20,1207,JIOFIN,EQ,26118300,11529382,44.14
20,1208,JISLDVREQS,EQ,717072,404452,56.40
20,1209,JISLJALEQS,EQ,12086001,3035807,25.12
20,1210,JITFINFRA,EQ,84477,46744,55.33
20,1211,JIWANRAM,SM,54000,48000,88.89
20,1212,J&KBANK,EQ,2391070,1212066,50.69
20,1213,JKCEMENT,EQ,72885,37620,51.62
20,1214,JKIL,EQ,240845,106263,44.12
20,1215,JKLAKSHMI,EQ,435714,349519,80.22
20,1216,JKPAPER,EQ,319674,155073,48.51
20,1217,JKTYRE,EQ,701105,410880,58.60
20,1218,JLHL,EQ,10692,5033,47.07
20,1219,JMA,EQ,36124,17118,47.39
20,1220,JMFINANCIL,EQ,57847120,8898595,15.38
20,1221,JOCIL,EQ,25712,19298,75.05
20,1222,JPOLYINVST,EQ,9807,6076,61.96
20,1223,JPPOWER,EQ,18293705,12023556,65.73
20,1224,JSFB,EQ,290882,179589,61.74
20,1225,JSL,EQ,452324,266769,58.98
20,1226,JSLL,SM,22860,20700,90.55
20,1227,JSWENERGY,EQ,1630347,572304,35.10
20,1228,JSWHL,EQ,1729,981,56.74
20,1229,JSWINFRA,EQ,740979,495346,66.85
20,1230,JSWSTEEL,EQ,2364465,1010062,42.72
20,1231,JTEKTINDIA,EQ,587912,355134,60.41
20,1232,JTLIND,EQ,4946951,2412435,48.77
20,1233,JUBLFOOD,EQ,1411350,535110,37.91
20,1234,JUBLINDS,EQ,56724,27962,49.29
20,1235,JUBLINGREA,EQ,385801,176293,45.70
20,1236,JUBLPHARMA,EQ,226811,87217,38.45
20,1237,JUNIORBEES,EQ,171308,113482,66.24
20,1238,JUNIPER,EQ,145036,107665,74.23
20,1239,JUSTDIAL,EQ,315827,79063,25.03
20,1240,JWL,EQ,968473,602048,62.16
20,1241,JYOTHYLAB,EQ,627506,324074,51.64
20,1242,JYOTICNC,EQ,594694,371240,62.43
20,1243,JYOTISTRUC,EQ,13384733,8017868,59.90
20,1244,K2INFRA,ST,51600,46800,90.70
20,1245,KABRAEXTRU,EQ,593962,217132,36.56
20,1246,KAJARIACER,EQ,112073,70862,63.23
20,1247,KAKATCEM,EQ,12012,8373,69.71
20,1248,KALAMANDIR,EQ,390355,204308,52.34
20,1249,KALYANKJIL,EQ,14952921,3830762,25.62
20,1250,KAMATHOTEL,EQ,53787,36149,67.21
20,1251,KAMDHENU,EQ,1442643,402781,27.92
20,1252,KAMOPAINTS,EQ,17545511,7876518,44.89
20,1253,KANANIIND,EQ,1747160,1124122,64.34
20,1254,KANDARP,SM,68000,24000,35.29
20,1255,KANORICHEM,EQ,40296,16932,42.02
20,1256,KANPRPLA,EQ,35783,15359,42.92
20,1257,KANSAINER,EQ,325611,177371,54.47
20,1258,KARNIKA,SM,11600,9600,82.76
20,1259,KARURVYSYA,EQ,3853024,2206948,57.28
20,1260,KATARIA,SM,37200,25200,67.74
20,1261,KAYNES,EQ,205419,101405,49.36
20,1262,KCEIL,ST,89500,86000,96.09
20,1263,KCK,SM,2000,2000,100.00
20,1264,KCP,EQ,309928,156344,50.45
20,1265,KCPSUGIND,EQ,1019038,500108,49.08
20,1266,KDDL,EQ,33403,18495,55.37
20,1267,KDL,ST,29100,28400,97.59
20,1268,KEC,EQ,3909683,675247,17.27
20,1269,KECL,EQ,247741,132530,53.50
20,1270,KEI,EQ,130941,60116,45.91
20,1271,KEL,SM,7200,3600,50.00
20,1272,KELLTONTEC,EQ,1312413,556805,42.43
20,1273,KERNEX,EQ,307901,181215,58.85
20,1274,KESORAMIND,EQ,235734,170308,72.25
20,1275,KEYFINSERV,EQ,11870,7033,59.25
20,1276,KFINTECH,EQ,637453,315752,49.53
20,1277,KHADIM,EQ,14964,9090,60.75
20,1278,KHAICHEM,EQ,579958,205152,35.37
20,1279,KHANDSE,EQ,39257,11491,29.27
20,1280,KHFM,SM,43400,6200,14.29
20,1281,KILITCH,EQ,11668,5905,50.61
20,1282,KIMS,EQ,58624,34503,58.85
20,1283,KINGFA,EQ,25326,9105,35.95
20,1284,KIOCL,EQ,44412,27225,61.30
20,1285,KIRIINDUS,EQ,1422497,685512,48.19
20,1286,KIRLOSBROS,EQ,277166,170084,61.37
20,1287,KIRLOSENG,EQ,621168,536717,86.40
20,1288,KIRLOSIND,EQ,3017,1500,49.72
20,1289,KIRLPNU,EQ,135143,80085,59.26
20,1290,KITEX,EQ,764392,322133,42.14
20,1291,KKCL,EQ,65786,39377,59.86
20,1292,KLL,SM,142400,107200,75.28
20,1293,KNAGRI,ST,38400,35200,91.67
20,1294,KNRCON,EQ,854014,439849,51.50
20,1295,KODYTECH,SM,4900,3800,77.55
20,1296,KOHINOOR,EQ,61555,39222,63.72
20,1297,KOKUYOCMLN,EQ,1764264,557173,31.58
20,1298,KOLTEPATIL,EQ,1382345,538059,38.92
20,1299,KONSTELEC,SM,198000,146000,73.74
20,1300,KONTOR,SM,10800,9600,88.89
20,1301,KOPRAN,EQ,1015437,451277,44.44
20,1302,KORE,ST,5500,5500,100.00
20,1303,KOTAKBANK,EQ,2356257,1430325,60.70
20,1304,KOTARISUG,EQ,156910,84016,53.54
20,1305,KOTHARIPET,EQ,4087683,664927,16.27
20,1306,KOTYARK,SM,21200,15800,74.53
20,1307,KPIL,EQ,163398,65599,40.15
20,1308,KPITTECH,EQ,543244,259211,47.72
20,1309,KPRMILL,EQ,124504,69730,56.01
20,1310,KRBL,EQ,601440,250521,41.65
20,1311,KRISHANA,EQ,21156,12930,61.12
20,1312,KRISHCA,ST,343000,303500,88.48
20,1313,KRISHIVAL,SM,1000,1000,100.00
20,1314,KRISHNADEF,ST,72000,69000,95.83
20,1315,KRITI,EQ,40508,23265,57.43
20,1316,KRITIKA,EQ,787388,627654,79.71
20,1317,KRONOX,EQ,622154,280420,45.07
20,1318,KRSNAA,EQ,176664,74149,41.97
20,1319,KRYSTAL,EQ,120102,58084,48.36
20,1320,KSB,EQ,108635,72484,66.72
20,1321,KSCL,EQ,170191,77212,45.37
20,1322,KSL,EQ,209013,144656,69.21
20,1323,KSOLVES,EQ,38407,18822,49.01
20,1324,KTKBANK,EQ,1786565,1147886,64.25
20,1325,KTL,SM,189000,117000,61.90
20,1326,KUANTUM,EQ,372651,116898,31.37
20,1327,LAGNAM,EQ,57550,33925,58.95
20,1328,LAL,EQ,65505,43296,66.10
20,1329,LALPATHLAB,EQ,281896,164814,58.47
20,1330,LAMBODHARA,EQ,51134,29603,57.89
20,1331,LANCORHOL,EQ,94156,52317,55.56
20,1332,LANDMARK,EQ,107889,59386,55.04
20,1333,LAOPALA,EQ,65502,37103,56.64
20,1334,LASA,EQ,335348,170851,50.95
20,1335,LATENTVIEW,EQ,309876,191202,61.70
20,1336,LAURUSLABS,EQ,1865236,1227211,65.79
20,1337,LAWSIKHO,SM,367000,247500,67.44
20,1338,LAXMICOT,EQ,324793,53472,16.46
20,1339,LAXMIMACH,EQ,1577,849,53.84
20,1340,LEMERITE,SM,56000,22400,40.00
20,1341,LEMONTREE,EQ,6867768,4230423,61.60
20,1342,LEXUS,EQ,23976,12013,50.10
20,1343,LFIC,EQ,9203,3103,33.72
20,1344,LGBBROSLTD,EQ,50710,31948,63.00
20,1345,LIBAS,EQ,482181,250379,51.93
20,1346,LICHSGFIN,EQ,2941811,1516978,51.57
20,1347,LICI,EQ,1156208,561358,48.55
20,1348,LICMFGOLD,EQ,325,245,75.38
20,1349,LICNETFGSC,EQ,31694,29809,94.05
20,1350,LICNETFN50,EQ,2352,2138,90.90
20,1351,LICNETFSEN,EQ,494,362,73.28
20,1352,LICNFNHGP,EQ,1151,786,68.29
20,1353,LICNMID100,EQ,72549,14194,19.56
20,1354,LIKHITHA,EQ,230178,104664,45.47
20,1355,LINC,EQ,7552,4102,54.32
20,1356,LINCOLN,EQ,56252,26152,46.49
20,1357,LINDEINDIA,EQ,41694,19333,46.37
20,1358,LIQUID,EQ,347923,38485,11.06
20,1359,LIQUID1,EQ,50104,26491,52.87
20,1360,LIQUIDADD,EQ,313270,264687,84.49
20,1361,LIQUIDBEES,EQ,2406589,1824186,75.80
20,1362,LIQUIDBETF,EQ,52,23,44.23
20,1363,LIQUIDCASE,EQ,6338597,5470200,86.30
20,1364,LIQUIDETF,EQ,163511,95113,58.17
20,1365,LIQUIDIETF,EQ,1547089,1337214,86.43
20,1366,LIQUIDSBI,EQ,15224,15118,99.30
20,1367,LIQUIDSHRI,EQ,2362,2236,94.67
20,1368,LLOYDS,SM,19000,11000,57.89
20,1369,LLOYDSENGG,EQ,3835499,1439700,37.54
20,1370,LLOYDSME,EQ,361768,192258,53.14
20,1371,LODHA,EQ,2271552,948823,41.77
20,1372,LOKESHMACH,EQ,62757,41597,66.28
20,1373,LORDSCHLO,EQ,25542,14079,55.12
20,1374,LOTUSEYE,EQ,148265,92800,62.59
20,1375,LOVABLE,EQ,805990,321070,39.84
20,1376,LOWVOL,EQ,2111,1803,85.41
20,1377,LOWVOL1,EQ,31286,25372,81.10
20,1378,LOWVOLIETF,EQ,302296,202359,66.94
20,1379,LOYALTEX,EQ,3519,2828,80.36
20,1380,LRRPL,ST,15000,15000,100.00
20,1381,LT,EQ,1606911,1072873,66.77
20,1382,LTF,EQ,4452610,2293847,51.52
20,1383,LTFOODS,EQ,1565305,728018,46.51
20,1384,LTGILTBEES,EQ,3232494,3046974,94.26
20,1385,LTIM,EQ,333622,147348,44.17
20,1386,LTTS,EQ,139061,50408,36.25
20,1387,LUMAXIND,EQ,9489,5122,53.98
20,1388,LUMAXTECH,EQ,85034,49623,58.36
20,1389,LUPIN,EQ,1165852,750234,64.35
20,1390,LUXIND,EQ,108118,49287,45.59
20,1391,LXCHEM,EQ,7579745,2353029,31.04
20,1392,LYKALABS,EQ,541180,297290,54.93
20,1393,LYPSAGEMS,EQ,762931,548746,71.93
20,1394,MAANALU,EQ,42107,27594,65.53
20,1395,MACOBSTECH,SM,30400,20800,68.42
20,1396,MADHAV,EQ,41306,12110,29.32
20,1397,MADHAVBAUG,SM,11600,10000,86.21
20,1398,MADHUSUDAN,SM,41000,30000,73.17
20,1399,MADRASFERT,EQ,364190,125530,34.47
20,1400,MAFANG,EQ,1324751,756910,57.14
20,1401,MAGADSUGAR,EQ,31110,15746,50.61
20,1402,MAGNUM,EQ,163227,119932,73.48
20,1403,MAGSON,SM,30000,16000,53.33
20,1404,MAHABANK,EQ,8353129,3793790,45.42
20,1405,MAHASTEEL,EQ,376021,166631,44.31
20,1406,MAHESHWARI,EQ,102161,51606,50.51
20,1407,MAHICKRA,SM,1500,1500,100.00
20,1408,MAHKTECH,EQ,2196643,1575887,71.74
20,1409,MAHLIFE,EQ,504160,182411,36.18
20,1410,MAHLOG,EQ,91672,43656,47.62
20,1411,MAHSCOOTER,EQ,4564,2804,61.44
20,1412,MAHSEAMLES,EQ,1772053,804327,45.39
20,1413,MAITHANALL,EQ,34159,22333,65.38
20,1414,MAITREYA,ST,45600,45600,100.00
20,1415,MAKEINDIA,EQ,35012,26466,75.59
20,1416,MAKS,ST,19500,15000,76.92
20,1417,MAL,SM,72000,9600,13.33
20,1418,MALLCOM,EQ,4051,2889,71.32
20,1419,MALUPAPER,EQ,358442,176627,49.28
20,1420,MANAKSIA,EQ,71541,26473,37.00
20,1421,MANAKSTEEL,EQ,129187,79990,61.92
20,1422,MANALIPETC,EQ,878648,424480,48.31
20,1423,MANAPPURAM,EQ,3567360,1322990,37.09
20,1424,MANAV,SM,8000,8000,100.00
20,1425,MANCREDIT,EQ,14597,11023,75.52
20,1426,MANDEEP,ST,14000,14000,100.00
20,1427,MANGALAM,EQ,836108,262735,31.42
20,1428,MANGCHEFER,EQ,299576,166652,55.63
20,1429,MANGLMCEM,EQ,77504,38346,49.48
20,1430,MANINDS,EQ,173083,113501,65.58
20,1431,MANINFRA,EQ,369844,220631,59.66
20,1432,MANKIND,EQ,549449,280012,50.96
20,1433,MANORAMA,EQ,55071,34781,63.16
20,1434,MANORG,EQ,29708,19798,66.64
20,1435,MANUGRAPH,EQ,2805466,739520,26.36
20,1436,MANYAVAR,EQ,128196,90527,70.62
20,1437,MAPMYINDIA,EQ,190152,114602,60.27
20,1438,MARALOVER,EQ,32319,18145,56.14
20,1439,MARATHON,EQ,55324,42142,76.17
20,1440,MARCO,SM,483000,300000,62.11
20,1441,MARICO,EQ,1839363,722575,39.28
20,1442,MARINETRAN,SM,12000,12000,100.00
20,1443,MARKSANS,EQ,5440241,2187003,40.20
20,1444,MARSHALL,EQ,848501,238784,28.14
20,1445,MARUTI,EQ,232805,130317,55.98
20,1446,MASFIN,EQ,404072,231374,57.26
20,1447,MASON,SM,1368000,752000,54.97
20,1448,MASPTOP50,EQ,651890,491113,75.34
20,1449,MASTEK,EQ,100586,59154,58.81
20,1450,MATRIMONY,EQ,88185,40357,45.76
20,1451,MAWANASUG,EQ,82111,44353,54.02
20,1452,MAXESTATES,EQ,310790,155238,49.95
20,1453,MAXHEALTH,EQ,1606807,1063022,66.16
20,1454,MAXIND,EQ,75810,42939,56.64
20,1455,MAXPOSURE,SM,168000,106000,63.10
20,1456,MAYURUNIQ,EQ,129388,76271,58.95
20,1457,MAZDA,EQ,7906,4472,56.56
20,1458,MAZDOCK,EQ,1504615,369447,24.55
20,1459,MBAPL,EQ,23313,8717,37.39
20,1460,MCL,EQ,168061,69092,41.11
20,1461,MCLEODRUSS,EQ,371264,255521,68.82
20,1462,MCON,ST,5000,5000,100.00
20,1463,MCX,EQ,304933,96307,31.58
20,1464,MDL,SM,12000,8000,66.67
20,1465,MEDANTA,EQ,978050,800420,81.84
20,1466,MEDIASSIST,EQ,137895,77342,56.09
20,1467,MEDICAMEQ,EQ,12164,7327,60.24
20,1468,MEDIORG,SM,44000,40000,90.91
20,1469,MEDPLUS,EQ,24327734,14758244,60.66
20,1470,MEGAFLEX,SM,9000,6000,66.67
20,1471,MEGASOFT,EQ,449607,252796,56.23
20,1472,MEGASTAR,EQ,6718,5259,78.28
20,1473,MEGATHERM,ST,34000,29200,85.88
20,1474,MENONBE,EQ,60534,30337,50.12
20,1475,METALIETF,EQ,3626199,2291926,63.20
20,1476,METROBRAND,EQ,106942,62537,58.48
20,1477,METROPOLIS,EQ,84876,34176,40.27
20,1478,MFSL,EQ,297080,138240,46.53
20,1479,MGL,EQ,148536,56993,38.37
20,1480,MHHL,SM,3000,1500,50.00
20,1481,MHLXMIRU,EQ,28175,19540,69.35
20,1482,MHRIL,EQ,132373,59313,44.81
20,1483,MICROPRO,SM,17600,14400,81.82
20,1484,MID150BEES,EQ,334576,208603,62.35
20,1485,MID150CASE,EQ,159206,141521,88.89
20,1486,MIDCAP,EQ,47971,30740,64.08
20,1487,MIDCAPETF,EQ,942662,790436,83.85
20,1488,MIDCAPIETF,EQ,417710,285424,68.33
20,1489,MIDHANI,EQ,418810,167265,39.94
20,1490,MIDQ50ADD,EQ,3016,1462,48.47
20,1491,MIDSELIETF,EQ,247891,193024,77.87
20,1492,MIDSMALL,EQ,271113,248322,91.59
20,1493,MIEL,SM,86000,60000,69.77
20,1494,MILTON,SM,8800,8800,100.00
20,1495,MINDACORP,EQ,5436179,513887,9.45
20,1496,MINDPOOL,ST,1000,1000,100.00
20,1497,MINDSPACE,RR,62552,58062,92.82
20,1498,MIRCELECTR,EQ,4802634,2942563,61.27
20,1499,MIRZAINT,EQ,254607,143925,56.53
20,1500,MITCON,EQ,29989,19711,65.73
20,1501,MITCONPP,E1,2418,2417,99.96
20,1502,MITTAL,EQ,998612,705092,70.61
20,1503,M&M,EQ,2765969,2132252,77.09
20,1504,M&MFIN,EQ,5385515,1951562,36.24
20,1505,MMFL,EQ,60244,42895,71.20
20,1506,MMP,EQ,82462,39869,48.35
20,1507,MMTC,EQ,6824364,2079567,30.47
20,1508,MNC,EQ,117975,81039,68.69
20,1509,MODIRUBBER,EQ,30471,20910,68.62
20,1510,MODISONLTD,EQ,66405,39298,59.18
20,1511,MOGSEC,EQ,2525,2256,89.35
20,1512,MOHEALTH,EQ,122382,79206,64.72
20,1513,MOIL,EQ,1635186,876766,53.62
20,1514,MOKSH,EQ,812941,439788,54.10
20,1515,MOL,EQ,4289876,1777468,41.43
20,1516,MOLDTECH,EQ,71427,47361,66.31
20,1517,MOLDTKPAC,EQ,40296,19249,47.77
20,1518,MOLOWVOL,EQ,84545,76899,90.96
20,1519,MOM100,EQ,256369,176215,68.73
20,1520,MOM30IETF,EQ,8492669,7858559,92.53
20,1521,MOM50,EQ,3746,2724,72.72
20,1522,MOMENTUM,EQ,104666,77882,74.41
20,1523,MOMOMENTUM,EQ,75098,54002,71.91
20,1524,MON100,EQ,670537,438929,65.46
20,1525,MONARCH,EQ,149610,76765,51.31
20,1526,MONIFTY500,EQ,300271,245769,81.85
20,1527,MONOPHARMA,SM,30000,20000,66.67
20,1528,MONQ50,EQ,107431,78591,73.15
20,1529,MONTECARLO,EQ,159097,85195,53.55
20,1530,MOQUALITY,EQ,5290,4535,85.73
20,1531,MOREALTY,EQ,195467,122005,62.42
20,1532,MOREPENLAB,EQ,49042096,14547701,29.66
20,1533,MOS,SM,71200,52800,74.16
20,1534,MOSMALL250,EQ,536140,359979,67.14
20,1535,MOTHERSON,EQ,11472164,5677265,49.49
20,1536,MOTILALOFS,EQ,6561169,1860925,28.36
20,1537,MOTISONS,EQ,1412440,526533,37.28
20,1538,MOTOGENFIN,EQ,15909,6127,38.51
20,1539,MOVALUE,EQ,149276,121138,81.15
20,1540,MPHASIS,EQ,1004715,237423,23.63
20,1541,MPSLTD,EQ,21981,11353,51.65
20,1542,MPTODAY,SM,2000,2000,100.00
20,1543,MRF,EQ,9279,3503,37.75
20,1544,MRO-TEK,EQ,149177,114383,76.68
20,1545,MRPL,EQ,1325276,538130,40.61
20,1546,MSPL,EQ,8085703,4776058,59.07
20,1547,MSTCLTD,EQ,88559,44336,50.06
20,1548,MSUMI,EQ,4148235,2760134,66.54
20,1549,MTARTECH,EQ,109763,46195,42.09
20,1550,MTNL,EQ,7232502,2444244,33.80
20,1551,MUFIN,EQ,219393,108358,49.39
20,1552,MUFTI,EQ,2351194,1066239,45.35
20,1553,MUKANDLTD,EQ,291913,151887,52.03
20,1554,MUKKA,EQ,1216376,726810,59.75
20,1555,MUKTAARTS,EQ,32676,22522,68.93
20,1556,MUNJALAU,EQ,1332571,574389,43.10
20,1557,MUNJALSHOW,EQ,93661,58211,62.15
20,1558,MURUDCERA,EQ,190818,112295,58.85
20,1559,MUTHOOTCAP,EQ,51224,33323,65.05
20,1560,MUTHOOTFIN,EQ,213897,81060,37.90
20,1561,MUTHOOTMF,EQ,244384,134046,54.85
20,1562,MVGJL,EQ,1298757,380516,29.30
20,1563,MVKAGRO,SM,76800,54000,70.31
20,1564,MWL,SM,15600,8400,53.85
20,1565,NACLIND,EQ,295378,132609,44.89
20,1566,NAGAFERT,EQ,493111,293256,59.47
20,1567,NAGREEKEXP,EQ,3103983,1010391,32.55
20,1568,NAHARCAP,EQ,10072,6445,63.99
20,1569,NAHARINDUS,EQ,290672,117924,40.57
20,1570,NAHARSPING,EQ,36674,17426,47.52
20,1571,NAMAN,SM,67200,44800,66.67
20,1572,NAM-INDIA,EQ,577046,370599,64.22
20,1573,NATCOPHARM,EQ,1257037,569454,45.30
20,1574,NATIONALUM,EQ,31594107,13926815,44.08
20,1575,NAUKRI,EQ,275612,158197,57.40
20,1576,NAVA,EQ,363295,197862,54.46
20,1577,NAVINFLUOR,EQ,122169,74556,61.03
20,1578,NAVINIFTY,EQ,2047,1313,64.14
20,1579,NAVKARCORP,EQ,1220157,497583,40.78
20,1580,NAVNETEDUL,EQ,294740,130697,44.34
20,1581,NAZARA,EQ,318739,146447,45.95
20,1582,NBCC,EQ,9936064,4151675,41.78
20,1583,NCC,EQ,2626225,1469100,55.94
20,1584,NCLIND,EQ,153094,59996,39.19
20,1585,NDL,EQ,408334,214385,52.50
20,1586,NDLVENTURE,EQ,26174,10288,39.31
20,1587,NDRAUTO,EQ,380093,58457,15.38
20,1588,NDTV,EQ,102346,62634,61.20
20,1589,NECLIFE,EQ,7804158,2658313,34.06
20,1590,NELCAST,EQ,58075,30539,52.59
20,1591,NELCO,EQ,219246,86136,39.29
20,1592,NEOGEN,EQ,27162,16948,62.40
20,1593,NEPHROCARE,SM,43200,27200,62.96
20,1594,NESCO,EQ,63094,33294,52.77
20,1595,NESTLEIND,EQ,633399,427933,67.56
20,1596,NETF,EQ,4439,4204,94.71
20,1597,NETWEB,EQ,438340,201023,45.86
20,1598,NETWORK18,EQ,3632240,1438983,39.62
20,1599,NEULANDLAB,EQ,14563,7015,48.17
20,1600,NEWGEN,EQ,115332,62334,54.05
20,1601,NEWJAISA,SM,52500,30000,57.14
20,1602,NEXT50,EQ,9910,8956,90.37
20,1603,NEXT50IETF,EQ,284470,180451,63.43
20,1604,NFL,EQ,2326054,880709,37.86
20,1605,NGIL,EQ,20229,10180,50.32
20,1606,NGLFINE,EQ,27684,20389,73.65
20,1607,NH,EQ,384779,183009,47.56
20,1608,NHIT,IV,800000,800000,100.00
20,1609,NHPC,EQ,18557442,7051782,38.00
20,1610,NIACL,EQ,911536,329009,36.09
20,1611,NIBL,EQ,14691,7536,51.30
20,1612,NIDAN,SM,8000,5000,62.50
20,1613,NIF100BEES,EQ,18564,11580,62.38
20,1614,NIF100IETF,EQ,170103,110616,65.03
20,1615,NIF10GETF,EQ,223288,222191,99.51
20,1616,NIF5GETF,EQ,47,47,100.00
20,1617,NIFITETF,EQ,5465,5384,98.52
20,1618,NIFMID150,EQ,61385,30691,50.00
20,1619,NIFTY1,EQ,57598,45118,78.33
20,1620,NIFTY50ADD,EQ,44534,42446,95.31
20,1621,NIFTYBEES,EQ,5516458,4119590,74.68
20,1622,NIFTYBETF,EQ,1249,812,65.01
20,1623,NIFTYETF,EQ,160764,129124,80.32
20,1624,NIFTYIETF,EQ,176990,116726,65.95
20,1625,NIFTYQLITY,EQ,37295,27616,74.05
20,1626,NIITLTD,EQ,11442797,4490570,39.24
20,1627,NIITMTS,EQ,400892,144828,36.13
20,1628,NILAINFRA,EQ,7946596,3772049,47.47
20,1629,NILKAMAL,EQ,4727,3189,67.46
20,1630,NINSYS,EQ,7999,5429,67.87
20,1631,NIPPOBATRY,EQ,54137,31584,58.34
20,1632,NIRAJ,EQ,71947,48384,67.25
20,1633,NIRMAN,ST,21000,19200,91.43
20,1634,NITCO,EQ,2371620,1581682,66.69
20,1635,NITINSPIN,EQ,123001,67636,54.99
20,1636,NITIRAJ,EQ,84176,72522,86.16
20,1637,NKIND,EQ,630,392,62.22
20,1638,NLCINDIA,EQ,1960441,983733,50.18
20,1639,NMDC,EQ,8423452,3183627,37.79
20,1640,NOCIL,EQ,416154,182569,43.87
20,1641,NORBTEAEXP,EQ,19258,19258,100.00
20,1642,NPBET,EQ,1432,1392,97.21
20,1643,NPST,SM,54600,32000,58.61
20,1644,NRAIL,EQ,7971,6217,78.00
20,1645,NRBBEARING,EQ,163170,90641,55.55
20,1646,NRL,EQ,98882,51227,51.81
20,1647,NSIL,EQ,5318,2994,56.30
20,1648,NSLNISP,EQ,7044789,2669203,37.89
20,1649,NTPC,EQ,13772637,5876247,42.67
20,1650,NUCLEUS,EQ,91099,52068,57.16
20,1651,NURECA,EQ,228548,111995,49.00
20,1652,NUVAMA,EQ,113452,63944,56.36
20,1653,NUVOCO,EQ,83024,50240,60.51
20,1654,NV20,EQ,12013,5622,46.80
20,1655,NV20BEES,EQ,21806,18579,85.20
20,1656,NV20IETF,EQ,660296,380278,57.59
20,1657,NXST,RR,736768,534460,72.54
20,1658,NYKAA,EQ,27185877,6384167,23.48
20,1659,OAL,EQ,113008,34526,30.55
20,1660,OBCL,EQ,80486,51718,64.26
20,1661,OBEROIRLTY,EQ,699817,415179,59.33
20,1662,OFSS,EQ,235922,126945,53.81
20,1663,OIL,EQ,9749464,2878227,29.52
20,1664,OILIETF,EQ,825197,488701,59.22
20,1665,OLAELEC,EQ,162419382,35135693,21.63
20,1666,OLECTRA,EQ,454656,253966,55.86
20,1667,OLIL,ST,2400,2400,100.00
20,1668,OMAXAUTO,EQ,138565,116430,84.03
20,1669,OMFURN,SM,52800,52800,100.00
20,1670,ONDOOR,SM,2400,1200,50.00
20,1671,ONEPOINT,EQ,7827824,3153016,40.28
20,1672,ONGC,EQ,21346682,5279795,24.73
20,1673,ONMOBILE,EQ,1280913,434795,33.94
20,1674,ONWARDTEC,EQ,56323,34377,61.04
20,1675,OPTIEMUS,EQ,673241,293392,43.58
20,1676,ORBTEXP,EQ,31239,15546,49.76
20,1677,ORCHPHARMA,EQ,106697,44286,41.51
20,1678,ORIANA,SM,46500,32550,70.00
20,1679,ORICONENT,EQ,510724,263743,51.64
20,1680,ORIENTALTL,EQ,6513697,2408142,36.97
20,1681,ORIENTBELL,EQ,19736,11891,60.25
20,1682,ORIENTCEM,EQ,1645875,968327,58.83
20,1683,ORIENTCER,EQ,57320,27600,48.15
20,1684,ORIENTELEC,EQ,366104,192576,52.60
20,1685,ORIENTHOT,EQ,360218,144930,40.23
20,1686,ORIENTLTD,EQ,6732,4138,61.47
20,1687,ORIENTPPR,EQ,1029844,478364,46.45
20,1688,ORISSAMINE,EQ,46935,10800,23.01
20,1689,ORTINLAB,EQ,1891149,628671,33.24
20,1690,OSWALAGRO,EQ,250902,91339,36.40
20,1691,OSWALGREEN,EQ,1034232,489567,47.34
20,1692,OSWALSEEDS,EQ,5898293,2362472,40.05
20,1693,OWAIS,SM,38400,32000,83.33
20,1694,PAGEIND,EQ,15955,7246,45.42
20,1695,PAISALO,EQ,1346329,712353,52.91
20,1696,PAKKA,EQ,643809,315137,48.95
20,1697,PALASHSECU,EQ,30963,21133,68.25
20,1698,PANACEABIO,EQ,3113158,1251317,40.19
20,1699,PANAMAPET,EQ,106512,70075,65.79
20,1700,PAR,EQ,120398,106885,88.78
20,1701,PARACABLES,EQ,19837082,7364872,37.13
20,1702,PARADEEP,EQ,3248267,1694816,52.18
20,1703,PARAGMILK,EQ,292855,136744,46.69
20,1704,PARAGON,SM,44400,31200,70.27
20,1705,PARKHOTELS,EQ,299774,229710,76.63
20,1706,PARTYCRUS,SM,15000,10000,66.67
20,1707,PASHUPATI,SM,8000,8000,100.00
20,1708,PASUPTAC,EQ,517970,335518,64.78
20,1709,PATANJALI,EQ,144513,78545,54.35
20,1710,PATELENG,EQ,2899716,1757489,60.61
20,1711,PATINTLOG,EQ,566665,306744,54.13
20,1712,PAVNAIND,EQ,6482,3438,53.04
20,1713,PAYTM,EQ,18465394,4794690,25.97
20,1714,PCBL,EQ,8527287,3386155,39.71
20,1715,PCCL,SM,67200,52000,77.38
20,1716,PCJEWELLER,EQ,15024634,5703115,37.96
20,1717,PDMJEPAPER,EQ,478903,286069,59.73
20,1718,PDSL,EQ,116709,70963,60.80
20,1719,PEARLPOLY,EQ,72730,37186,51.13
20,1720,PEL,EQ,2599486,867382,33.37
20,1721,PENIND,EQ,669167,268732,40.16
20,1722,PENINLAND,EQ,771403,331373,42.96
20,1723,PENTAGON,SM,7000,6000,85.71
20,1724,PERFECT,ST,102000,96000,94.12
20,1725,PERSISTENT,EQ,878677,277926,31.63
20,1726,PETRONET,EQ,1849999,1141888,61.72
20,1727,PFC,EQ,4077934,1775022,43.53
20,1728,PFIZER,EQ,19022,8793,46.23
20,1729,PFS,EQ,1776761,802628,45.17
20,1730,PGEL,EQ,2424946,1181968,48.74
20,1731,PGHH,EQ,7866,4378,55.66
20,1732,PGHL,EQ,5344,3147,58.89
20,1733,PGIL,EQ,240362,168349,70.04
20,1734,PGINVIT,IV,1853670,1771218,95.55
20,1735,PHANTOMFX,SM,59400,43800,73.74
20,1736,PHARMABEES,EQ,2675344,1987073,74.27
20,1737,PHOENIXLTD,EQ,252741,176175,69.71
20,1738,PIDILITIND,EQ,122410,65505,53.51
20,1739,PIIND,EQ,333893,207964,62.28
20,1740,PILANIINVS,EQ,6230,2311,37.09
20,1741,PILITA,EQ,473166,296592,62.68
20,1742,PIONEEREMB,EQ,38797,18777,48.40
20,1743,PITTIENG,EQ,79754,38011,47.66
20,1744,PIXTRANS,EQ,34275,21822,63.67
20,1745,PLADAINFO,SM,3000,3000,100.00
20,1746,PLASTIBLEN,EQ,82667,50654,61.27
20,1747,PLATIND,EQ,664001,286054,43.08
20,1748,PLAZACABLE,EQ,108149,45960,42.50
20,1749,PNB,EQ,11190669,4370107,39.05
20,1750,PNBGILTS,EQ,1476622,534100,36.17
20,1751,PNBHOUSING,EQ,1811960,651913,35.98
20,1752,PNC,EQ,24086,14961,62.11
20,1753,PNCINFRA,EQ,471764,230358,48.83
20,1754,POCL,EQ,121918,60057,49.26
20,1755,PODDARMENT,EQ,5604,3161,56.41
20,1756,POKARNA,EQ,117639,50126,42.61
20,1757,POLICYBZR,EQ,2525922,799126,31.64
20,1758,POLYCAB,EQ,230388,93238,40.47
20,1759,POLYMED,EQ,718931,177652,24.71
20,1760,POLYPLEX,EQ,330888,170087,51.40
20,1761,POLYSIL,SM,24000,16000,66.67
20,1762,PONNIERODE,EQ,27784,17279,62.19
20,1763,POONAWALLA,EQ,3122374,1560191,49.97
20,1764,POSITRON,ST,139200,132600,95.26
20,1765,POWERGRID,EQ,7993675,4192125,52.44
20,1766,POWERINDIA,EQ,21560,11177,51.84
20,1767,POWERMECH,EQ,240237,58686,24.43
20,1768,PPAP,EQ,37467,21360,57.01
20,1769,PPL,EQ,373559,124065,33.21
20,1770,PPLPHARMA,EQ,3134653,1410579,45.00
20,1771,PPSL,SM,3288000,1446000,43.98
20,1772,PRAENG,EQ,1020338,533548,52.29
20,1773,PRAJIND,EQ,637843,265489,41.62
20,1774,PRAKASH,EQ,9356351,2950619,31.54
20,1775,PRAMARA,SM,12000,12000,100.00
20,1776,PRATHAM,SM,51200,38400,75.00
20,1777,PRECAM,EQ,1165175,435124,37.34
20,1778,PRECISION,SM,24000,20000,83.33
20,1779,PRECWIRE,EQ,11810556,2245140,19.01
20,1780,PREMIERPOL,EQ,44443,24583,55.31
20,1781,PRESSTONIC,SM,15200,10400,68.42
20,1782,PRESTIGE,EQ,1244073,603142,48.48
20,1783,PRICOLLTD,EQ,524374,259877,49.56
20,1784,PRIMESECU,EQ,111081,64885,58.41
20,1785,PRINCEPIPE,EQ,322068,219194,68.06
20,1786,PRITI,EQ,78608,47401,60.30
20,1787,PRITIKA,SM,344000,182000,52.91
20,1788,PRITIKAUTO,EQ,229297,229297,100.00
20,1789,PRIVISCL,EQ,13534,7673,56.69
20,1790,PRIZOR,SM,115200,91200,79.17
20,1791,PRLIND,SM,132000,92000,69.70
20,1792,PROLIFE,SM,2000,1500,75.00
20,1793,PROPEQUITY,SM,21600,18000,83.33
20,1794,PROV,SM,2240,2080,92.86
20,1795,PROZONER,EQ,534353,280246,52.45
20,1796,PRSMJOHNSN,EQ,1725820,376950,21.84
20,1797,PRUDENT,EQ,54137,38909,71.87
20,1798,PRUDMOULI,EQ,526401,439670,83.52
20,1799,PSB,EQ,976510,439714,45.03
20,1800,PSPPROJECT,EQ,44746,25243,56.41
20,1801,PSUBANK,EQ,1192077,1147091,96.23
20,1802,PSUBANKADD,EQ,16245,15136,93.17
20,1803,PSUBNKBEES,EQ,1368907,819527,59.87
20,1804,PSUBNKIETF,EQ,281748,206804,73.40
20,1805,PTC,EQ,717638,436489,60.82
20,1806,PTL,EQ,904972,524178,57.92
20,1807,PULZ,SM,23000,20000,86.96
20,1808,PUNJABCHEM,EQ,8589,4077,47.47
20,1809,PURVFLEXI,SM,4800,4800,100.00
20,1810,PVRINOX,EQ,278133,84749,30.47
20,1811,PVSL,EQ,285230,125131,43.87
20,1812,PVTBANIETF,EQ,997446,754530,75.65
20,1813,PVTBANKADD,EQ,78408,61885,78.93
20,1814,PYRAMID,EQ,46866,30071,64.16
20,1815,QGOLDHALF,EQ,46189,35657,77.20
20,1816,QMSMEDI,SM,123000,106000,86.18
20,1817,QNIFTY,EQ,352,271,76.99
20,1818,QUAL30IETF,EQ,250822,233753,93.19
20,1819,QUESS,EQ,4003332,680072,16.99
20,1820,QUESTLAB,SM,12000,12000,100.00
20,1821,QUICKHEAL,EQ,4176943,459633,11.00
20,1822,QUICKTOUCH,SM,9500,9000,94.74
20,1823,RACE,EQ,92708,41514,44.78
20,1824,RADHIKAJWE,EQ,3762173,1453487,38.63
20,1825,RADIANTCMS,EQ,344173,232994,67.70
20,1826,RADICO,EQ,567254,182590,32.19
20,1827,RADIOCITY,EQ,496094,255361,51.47
20,1828,RADIOCITY,P1,1295,1295,100.00
20,1829,RAILTEL,EQ,3489384,1158143,33.19
20,1830,RAIN,EQ,3298974,1451589,44.00
20,1831,RAINBOW,EQ,48291,26937,55.78
20,1832,RAJESHEXPO,EQ,638844,348096,54.49
20,1833,RAJINDLTD,SM,279000,174000,62.37
20,1834,RAJMET,EQ,1293096,746464,57.73
20,1835,RAJRATAN,EQ,111014,73618,66.31
20,1836,RAJSREESUG,EQ,188074,103013,54.77
20,1837,RALLIS,EQ,220679,101989,46.22
20,1838,RAMANEWS,EQ,98490,49145,49.90
20,1839,RAMAPHO,EQ,19297,14612,75.72
20,1840,RAMASTEEL,EQ,271655779,135872557,50.02
20,1841,RAMCOCEM,EQ,1089283,942216,86.50
20,1842,RAMCOIND,EQ,192033,105543,54.96
20,1843,RAMCOSYS,EQ,52672,29168,55.38
20,1844,RAMKY,EQ,54414,27510,50.56
20,1845,RAMRAT,EQ,85189,44620,52.38
20,1846,RANASUG,EQ,514037,272178,52.95
20,1847,RANEENGINE,EQ,101044,48519,48.02
20,1848,RANEHOLDIN,EQ,52445,22100,42.14
20,1849,RATEGAIN,EQ,427158,213506,49.98
20,1850,RATNAMANI,EQ,9033,5141,56.91
20,1851,RAYMOND,EQ,262105,83250,31.76
20,1852,RBA,EQ,1901502,993645,52.26
20,1853,RBL,EQ,52079,24729,47.48
20,1854,RBLBANK,EQ,7167683,2463279,34.37
20,1855,RBMINFRA,SM,88000,59600,67.73
20,1856,RBS,SM,86400,65600,75.93
20,1857,RCDL,SM,93000,72000,77.42
20,1858,RCF,EQ,3317203,829026,24.99
20,1859,RECLTD,EQ,7437582,2810012,37.78
20,1860,REDINGTON,EQ,935745,467972,50.01
20,1861,REDTAPE,EQ,202536,124160,61.30
20,1862,REFEX,EQ,585512,204038,34.85
20,1863,REFRACTORY,ST,92000,84000,91.30
20,1864,RELAXO,EQ,98444,66066,67.11
20,1865,RELCHEMQ,EQ,8975,7273,81.04
20,1866,RELIANCE,EQ,4408057,2704777,61.36
20,1867,RELIGARE,EQ,2362697,1024320,43.35
20,1868,RELINFRA,EQ,13750027,3102771,22.57
20,1869,RELTD,EQ,149333,124371,83.28
20,1870,REMSONSIND,EQ,25941,16755,64.59
20,1871,REMUS,SM,12000,7400,61.67
20,1872,RENUKA,EQ,4446609,1935830,43.53
20,1873,REPCOHOME,EQ,96488,51190,53.05
20,1874,REPL,EQ,113186,68628,60.63
20,1875,REPRO,EQ,105213,87458,83.12
20,1876,RESPONIND,EQ,158317,75125,47.45
20,1877,REXPIPES,SM,10000,6000,60.00
20,1878,RGL,EQ,317485,149204,47.00
20,1879,RHFL,EQ,1479436,1479436,100.00
20,1880,RHIM,EQ,190350,112947,59.34
20,1881,RICHA,SM,105000,105000,100.00
20,1882,RICOAUTO,EQ,782689,313906,40.11
20,1883,RIIL,EQ,175530,43032,24.52
20,1884,RILINFRA,ST,33200,30300,91.27
20,1885,RISHABH,EQ,112046,82158,73.33
20,1886,RITCO,EQ,83994,30934,36.83
20,1887,RITES,EQ,701491,366579,52.26
20,1888,RITEZONE,SM,4800,3200,66.67
20,1889,RKFORGE,EQ,494443,221960,44.89
20,1890,RKSWAMY,EQ,121692,58093,47.74
20,1891,RMDRIP,SM,36000,30000,83.33
20,1892,RML,EQ,53539,24073,44.96
20,1893,RNFI,SM,256800,147600,57.48
20,1894,ROCKINGDCE,SM,24250,4250,17.53
20,1895,ROHLTD,EQ,308267,112364,36.45
20,1896,ROLEXRINGS,EQ,9915,4567,46.06
20,1897,ROML,EQ,31145,8372,26.88
20,1898,ROSSARI,EQ,533352,204999,38.44
20,1899,ROSSELLIND,EQ,11665,6256,53.63
20,1900,ROTO,EQ,54739,31990,58.44
20,1901,ROUTE,EQ,142510,57312,40.22
20,1902,ROXHITECH,SM,56000,38400,68.57
20,1903,RPEL,EQ,56908,24051,42.26
20,1904,RPGLIFE,EQ,43079,12237,28.41
20,1905,RPOWER,EQ,9931761,9931761,100.00
20,1906,RPPL,EQ,236829,111516,47.09
20,1907,RPSGVENT,EQ,1774150,475973,26.83
20,1908,RPTECH,EQ,315288,174158,55.24
20,1909,RRKABEL,EQ,235025,169994,72.33
20,1910,RSWM,EQ,89397,48732,54.51
20,1911,RSYSTEMS,EQ,115197,63277,54.93
20,1912,RTNINDIA,EQ,9571454,3282415,34.29
20,1913,RTNPOWER,EQ,14899315,11313187,75.93
20,1914,RUBFILA,EQ,264919,162483,61.33
20,1915,RUBYMILLS,EQ,1628339,344240,21.14
20,1916,RUCHINFRA,EQ,1563936,704810,45.07
20,1917,RUCHIRA,EQ,176753,102958,58.25
20,1918,RULKA,ST,38400,37200,96.88
20,1919,RUPA,EQ,512701,226963,44.27
20,1920,RUSHIL,EQ,1824498,1152320,63.16
20,1921,RUSTOMJEE,EQ,81896,48376,59.07
20,1922,RVHL,EQ,169038,105538,62.43
20,1923,RVNL,EQ,11254234,3737624,33.21
20,1924,SAAKSHI,ST,14400,14400,100.00
20,1925,SABAR,SM,90000,60000,66.67
20,1926,SADBHAV,EQ,1577942,1026266,65.04
20,1927,SADHAV,SM,30000,22800,76.00
20,1928,SADHNANIQ,EQ,157430,73026,46.39
20,1929,SAFARI,EQ,35796,21367,59.69
20,1930,SAGCEM,EQ,32859,16627,50.60
20,1931,SAH,EQ,21579,7143,33.10
20,1932,SAHAJSOLAR,SM,48800,32800,67.21
20,1933,SAHANA,SM,8000,5750,71.88
20,1934,SAHYADRI,EQ,27307,21355,78.20
20,1935,SAIFL,SM,223200,145600,65.23
20,1936,SAIL,EQ,32800586,10386290,31.66
20,1937,SAKAR,EQ,32152,20035,62.31
20,1938,SAKHTISUG,EQ,298396,165006,55.30
20,1939,SAKSOFT,EQ,567171,185602,32.72
20,1940,SAKUMA,EQ,5268002,5152145,97.80
20,1941,SALASAR,EQ,7850261,4953885,63.10
20,1942,SALONA,EQ,2396,1206,50.33
20,1943,SALSTEEL,EQ,230554,222944,96.70
20,1944,SALZERELEC,EQ,367035,92560,25.22
20,1945,SAMBHAAV,EQ,500762,368048,73.50
20,1946,SAMHI,EQ,630780,325982,51.68
20,1947,SAMMAANCAP,EQ,5287138,2432515,46.01
20,1948,SANDESH,EQ,4665,2502,53.63
20,1949,SANDHAR,EQ,33697,20962,62.21
20,1950,SANDUMA,EQ,96899,52725,54.41
20,1951,SANGAMIND,EQ,28071,14488,51.61
20,1952,SANGANI,SM,6000,6000,100.00
20,1953,SANGHIIND,EQ,450567,275248,61.09
20,1954,SANGHVIMOV,EQ,324658,182941,56.35
20,1955,SANGINITA,EQ,180933,137071,75.76
20,1956,SANOFI,EQ,12947,6415,49.55
20,1957,SANSERA,EQ,153974,104255,67.71
20,1958,SANSTAR,EQ,4078102,1321117,32.40
20,1959,SAPPHIRE,EQ,63164,38635,61.17
20,1960,SARDAEN,EQ,575329,294511,51.19
20,1961,SAREGAMA,EQ,299638,130207,43.45
20,1962,SAROJA,SM,1600,1600,100.00
20,1963,SARTELE,SM,909500,557500,61.30
20,1964,SARVESHWAR,EQ,2412035,1303170,54.03
20,1965,SASKEN,EQ,11984,9097,75.91
20,1966,SASTASUNDR,EQ,33030,18462,55.89
20,1967,SATECH,SM,1406000,630000,44.81
20,1968,SATIA,EQ,708643,317821,44.85
20,1969,SATIN,EQ,1529728,563742,36.85
20,1970,SATINDLTD,EQ,1984079,1048779,52.86
20,1971,SATIPOLY,SM,4000,4000,100.00
20,1972,SAURASHCEM,EQ,82310,56288,68.39
20,1973,SBC,EQ,3081414,1298621,42.14
20,1974,SBCL,EQ,202794,114443,56.43
20,1975,SBFC,EQ,2204931,1311798,59.49
20,1976,SBGLP,EQ,385778,166920,43.27
20,1977,SBICARD,EQ,1094078,623967,57.03
20,1978,SBIETFCON,EQ,4060,3647,89.83
20,1979,SBIETFIT,EQ,17115,13585,79.37
20,1980,SBIETFPB,EQ,39334,33779,85.88
20,1981,SBIETFQLTY,EQ,3553,2882,81.11
20,1982,SBILIFE,EQ,593628,308624,51.99
20,1983,SBIN,EQ,8523795,3845255,45.11
20,1984,SBINEQWETF,EQ,21734,17319,79.69
20,1985,SBISILVER,EQ,60047,51398,85.60
20,1986,SCHAEFFLER,EQ,104244,57962,55.60
20,1987,SCHAND,EQ,83614,55849,66.79
20,1988,SCHNEIDER,EQ,188951,99785,52.81
20,1989,SCI,EQ,1832191,903262,49.30
20,1990,SCILAL,EQ,1308642,560699,42.85
20,1991,SCL25,Y6,1,1,100.00
20,1992,SCLZC25,YN,4,4,100.00
20,1993,SCLZC25B,AT,10,5,50.00
20,1994,SCML,SM,8000,8000,100.00
20,1995,SCPL,EQ,61572,46939,76.23
20,1996,SDBL,EQ,1040898,696240,66.89
20,1997,SDL24BEES,EQ,1961,1667,85.01
20,1998,SDL26BEES,EQ,801,757,94.51
20,1999,SEAMECLTD,EQ,44746,26767,59.82
20,2000,SECMARK,EQ,3251,2469,75.95
20,2001,SECURKLOUD,EQ,65925,39065,59.26
20,2002,SEL,SM,15200,11200,73.68
20,2003,SELAN,EQ,205644,78617,38.23
20,2004,SENCO,EQ,531846,419663,78.91
20,2005,SENSEXADD,EQ,3773,2026,53.70
20,2006,SENSEXETF,EQ,18157,14092,77.61
20,2007,SENSEXIETF,EQ,2347,1562,66.55
20,2008,SEPC,EQ,145317808,46992424,32.34
20,2009,SEQUENT,EQ,3394934,1113779,32.81
20,2010,SERVICE,SM,198000,174000,87.88
20,2011,SERVOTECH,EQ,1511171,642505,42.52
20,2012,SESHAPAPER,EQ,40658,30234,74.36
20,2013,SETF10GILT,EQ,25190,24577,97.57
20,2014,SETFGOLD,EQ,1478088,1325515,89.68
20,2015,SETFNIF50,EQ,510373,360459,70.63
20,2016,SETFNIFBK,EQ,92962,72572,78.07
20,2017,SETFNN50,EQ,22404,17106,76.35
20,2018,SFL,EQ,29737,20279,68.19
20,2019,SGBAPR28I,GB,223,163,73.09
20,2020,SGBAUG27,GB,59,45,76.27
20,2021,SGBAUG28V,GB,621,541,87.12
20,2022,SGBAUG29V,GB,179,159,88.83
20,2023,SGBAUG30,GB,242,152,62.81
20,2024,SGBD29VIII,GB,121,114,94.21
20,2025,SGBDC27VII,GB,55,31,56.36
20,2026,SGBDE30III,GB,267,170,63.67
20,2027,SGBDE31III,GB,1307,1009,77.20
20,2028,SGBDEC2512,GB,96,78,81.25
20,2029,SGBDEC26,GB,80,58,72.50
20,2030,SGBFEB27,GB,8,5,62.50
20,2031,SGBFEB28IX,GB,123,123,100.00
20,2032,SGBFEB29XI,GB,135,128,94.81
20,2033,SGBFEB32IV,GB,2162,1788,82.70
20,2034,SGBJ28VIII,GB,99,79,79.80
20,2035,SGBJAN26,GB,5,5,100.00
20,2036,SGBJAN27,GB,42,42,100.00
20,2037,SGBJAN29IX,GB,821,762,92.81
20,2038,SGBJAN29X,GB,129,122,94.57
20,2039,SGBJAN30IX,GB,132,110,83.33
20,2040,SGBJU29III,GB,914,680,74.40
20,2041,SGBJUL25,GB,92,62,67.39
20,2042,SGBJUL27,GB,10,5,50.00
20,2043,SGBJUL28IV,GB,359,252,70.19
20,2044,SGBJUL29IV,GB,265,262,98.87
20,2045,SGBJUN27,GB,62,50,80.65
20,2046,SGBJUN28,GB,265,170,64.15
20,2047,SGBJUN29II,GB,539,304,56.40
20,2048,SGBJUN30,GB,151,124,82.12
20,2049,SGBJUN31I,GB,800,505,63.13
20,2050,SGBMAR25,GB,87,77,88.51
20,2051,SGBMAR28X,GB,34,34,100.00
20,2052,SGBMAR30X,GB,64,62,96.88
20,2053,SGBMAR31IV,GB,142,110,77.46
20,2054,SGBMAY25,GB,1,1,100.00
20,2055,SGBMAY26,GB,103,102,99.03
20,2056,SGBMAY28,GB,163,145,88.96
20,2057,SGBMAY29I,GB,2361,2013,85.26
20,2058,SGBMR29XII,GB,160,152,95.00
20,2059,SGBN28VIII,GB,224,203,90.63
20,2060,SGBNOV24,GB,12,12,100.00
20,2061,SGBNOV25,GB,2,2,100.00
20,2062,SGBNOV25IX,GB,2,2,100.00
20,2063,SGBNOV26,GB,8,8,100.00
20,2064,SGBNV29VII,GB,378,247,65.34
20,2065,SGBOC28VII,GB,752,687,91.36
20,2066,SGBOCT25,GB,42,39,92.86
20,2067,SGBOCT25IV,GB,122,77,63.11
20,2068,SGBOCT26,GB,87,60,68.97
20,2069,SGBOCT27,GB,35,35,100.00
20,2070,SGBOCT27VI,GB,25,25,100.00
20,2071,SGBSEP24,GB,113,67,59.29
20,2072,SGBSEP27,GB,72,62,86.11
20,2073,SGBSEP28VI,GB,97,63,64.95
20,2074,SGBSEP29VI,GB,52,43,82.69
20,2075,SGBSEP31II,GB,824,593,71.97
20,2076,SGIL,EQ,111822,57555,51.47
20,2077,SGL,EQ,589108,259101,43.98
20,2078,SHAHALLOYS,EQ,69576,31395,45.12
20,2079,SHAILY,EQ,85848,51642,60.16
20,2080,SHALBY,EQ,114853,58043,50.54
20,2081,SHALPAINTS,EQ,75914,48997,64.54
20,2082,SHANKARA,EQ,78024,53001,67.93
20,2083,SHANTHALA,SM,3600,3600,100.00
20,2084,SHANTI,EQ,116843,88167,75.46
20,2085,SHANTIGEAR,EQ,37966,16780,44.20
20,2086,SHARDACROP,EQ,128489,65707,51.14
20,2087,SHARDAMOTR,EQ,33232,20601,61.99
20,2088,SHAREINDIA,EQ,226783,106995,47.18
20,2089,SHAREINDIA,W1,1772,1570,88.60
20,2090,SHARIABEES,EQ,6011,2935,48.83
20,2091,SHEETAL,SM,192000,140000,72.92
20,2092,SHEMAROO,EQ,27052,16599,61.36
20,2093,SHERA,SM,64000,48000,75.00
20,2094,SHIGAN,SM,4500,4500,100.00
20,2095,SHILPAMED,EQ,1530461,391070,25.55
20,2096,SHIVALIK,EQ,11394,7131,62.59
20,2097,SHIVAMILLS,EQ,67075,32935,49.10
20,2098,SHIVATEX,EQ,20545,7306,35.56
20,2099,SHK,EQ,1944388,835080,42.95
20,2100,SHOPERSTOP,EQ,40076,24188,60.36
20,2101,SHREDIGCEM,EQ,282610,174694,61.81
20,2102,SHREECEM,EQ,16730,8337,49.83
20,2103,SHREEKARNI,ST,600,600,100.00
20,2104,SHREEOSFM,SM,65000,42000,64.62
20,2105,SHREEPUSHK,EQ,205257,79414,38.69
20,2106,SHREYANIND,EQ,20551,10226,49.76
20,2107,SHREYAS,EQ,62481,21734,34.78
20,2108,SHRIPISTON,EQ,201298,107528,53.42
20,2109,SHRIRAMFIN,EQ,673210,366770,54.48
20,2110,SHRIRAMPPS,EQ,6915616,2458183,35.55
20,2111,SHRITECH,SM,30000,28000,93.33
20,2112,SHUBHLAXMI,SM,16000,15000,93.75
20,2113,SHYAMCENT,EQ,169141,106449,62.94
20,2114,SHYAMMETL,EQ,3080102,1113557,36.15
20,2115,SIDDHIKA,SM,7000,7000,100.00
20,2116,SIEMENS,EQ,149876,77165,51.49
20,2117,SIGACHI,EQ,1048226,633617,60.45
20,2118,SIGIND,EQ,35587,21001,59.01
20,2119,SIGMA,EQ,8416,4595,54.60
20,2120,SIGNATURE,EQ,603232,125492,20.80
20,2121,SIGNORIA,SM,4000,4000,100.00
20,2122,SIGNPOST,EQ,114611,72827,63.54
20,2123,SILGO,EQ,212628,113991,53.61
20,2124,SILINV,EQ,5738,3992,69.57
20,2125,SILKFLEX,SM,74000,64000,86.49
20,2126,SILVER,EQ,154194,88916,57.67
20,2127,SILVER1,EQ,59600,35571,59.68
20,2128,SILVERADD,EQ,39471,38558,97.69
20,2129,SILVERBEES,EQ,7003444,5303976,75.73
20,2130,SILVERETF,EQ,339757,308250,90.73
20,2131,SILVERIETF,EQ,2496083,2378132,95.27
20,2132,SILVERTUC,EQ,21987,3330,15.15
20,2133,SILVRETF,EQ,57709,57458,99.57
20,2134,SIMPLEXINF,EQ,286364,227049,79.29
20,2135,SINCLAIR,EQ,82693,49631,60.02
20,2136,SINDHUTRAD,EQ,602422,294166,48.83
20,2137,SINTERCOM,EQ,45746,28046,61.31
20,2138,SIRCA,EQ,73742,28006,37.98
20,2139,SIS,EQ,91552,47917,52.34
20,2140,SIYSIL,EQ,87107,36024,41.36
20,2141,SJLOGISTIC,SM,60000,43000,71.67
20,2142,SJS,EQ,48766,23650,48.50
20,2143,SJVN,EQ,7200371,2668874,37.07
20,2144,SKFINDIA,EQ,78604,68708,87.41
20,2145,SKIPPER,EQ,643052,307283,47.79
20,2146,SKIPPERPP,E1,14099,7908,56.09
20,2147,SKMEGGPROD,EQ,1328429,564475,42.49
20,2148,SKP,SM,17000,11500,67.65
20,2149,SLONE,ST,75200,67200,89.36
20,2150,SMALLCAP,EQ,578344,497902,86.09
20,2151,SMCGLOBAL,EQ,452258,278723,61.63
20,2152,SMLISUZU,EQ,21949,11657,53.11
20,2153,SMLT,EQ,21064,12069,57.30
20,2154,SMSPHARMA,EQ,621392,216190,34.79
20,2155,SMVD,SM,12120,4040,33.33
20,2156,SNOWMAN,EQ,2013978,770735,38.27
20,2157,SOBHA,EQ,175875,67697,38.49
20,2158,SOBHAPP,E1,12399,12082,97.44
20,2159,SOFTTECH,EQ,6701,4411,65.83
20,2160,SOLARAPP,X1,12624,12197,96.62
20,2161,SOLARINDS,EQ,36537,23527,64.39
20,2162,SOLEX,SM,13200,11200,84.85
20,2163,SOMANYCERA,EQ,44178,36159,81.85
20,2164,SOMATEX,EQ,52714,20426,38.75
20,2165,SONACOMS,EQ,1494572,777797,52.04
20,2166,SONAMAC,SM,34000,22000,64.71
20,2167,SONAMLTD,EQ,141206,38609,27.34
20,2168,SONATSOFTW,EQ,1184831,823953,69.54
20,2169,SONUINFRA,ST,9000,9000,100.00
20,2170,SOTAC,ST,2400,2400,100.00
20,2171,SOTL,EQ,169953,58164,34.22
20,2172,SOUTHBANK,EQ,14922346,8287868,55.54
20,2173,SOUTHWEST,EQ,3279559,1132741,34.54
20,2174,SPAL,EQ,17826,10719,60.13
20,2175,SPANDANA,EQ,137253,65102,47.43
20,2176,SPARC,EQ,4143281,1060151,25.59
20,2177,SPCENET,EQ,659516,445806,67.60
20,2178,SPCL,SM,279600,199200,71.24
20,2179,SPECIALITY,EQ,269946,114479,42.41
20,2180,SPECTRUM,SM,11000,9000,81.82
20,2181,SPECTSTM,SM,55200,47200,85.51
20,2182,SPENCERS,EQ,4012053,1263601,31.50
20,2183,SPIC,EQ,2076712,731907,35.24
20,2184,SPLIL,EQ,23567,14031,59.54
20,2185,SPLPETRO,EQ,99098,70851,71.50
20,2186,SPORTKING,EQ,81954,43432,53.00
20,2187,SREEL,EQ,12509,6447,51.54
20,2188,SRF,EQ,466741,320663,68.70
20,2189,SRGHFL,EQ,6212,4788,77.08
20,2190,SRHHYPOLTD,EQ,25705,13153,51.17
20,2191,SRIVASAVI,SM,28000,17000,60.71
20,2192,SRPL,EQ,1420743,1120932,78.90
20,2193,SSEGL,SM,418000,253000,60.53
20,2194,SSFL,SM,33500,32000,95.52
20,2195,SSWL,EQ,500414,253302,50.62
20,2196,STANLEY,EQ,130961,82803,63.23
20,2197,STAR,EQ,506218,396961,78.42
20,2198,STARCEMENT,EQ,599961,289896,48.32
20,2199,STARHEALTH,EQ,3835683,3459247,90.19
20,2200,STARPAPER,EQ,18368,11607,63.19
20,2201,STCINDIA,EQ,114217,37660,32.97
20,2202,STEELCAS,EQ,14407,7730,53.65
20,2203,STEELCITY,EQ,14336,10869,75.82
20,2204,STEELXIND,EQ,32413122,11313485,34.90
20,2205,STERTOOLS,EQ,229713,108399,47.19
20,2206,STLTECH,EQ,1679354,676121,40.26
20,2207,STOVEKRAFT,EQ,389336,144715,37.17
20,2208,STYLAMIND,EQ,14361,8056,56.10
20,2209,STYRENIX,EQ,96562,52975,54.86
20,2210,SUBEXLTD,EQ,4248046,1517942,35.73
20,2211,SUBROS,EQ,113996,50203,44.04
20,2212,SUDARSCHEM,EQ,163975,85497,52.14
20,2213,SUKHJITS,EQ,18266,12276,67.21
20,2214,SULA,EQ,191942,110163,57.39
20,2215,SUMICHEM,EQ,236119,128689,54.50
20,2216,SUMMITSEC,EQ,21178,10068,47.54
20,2217,SUNCLAY,EQ,6075,3507,57.73
20,2218,SUNDARMFIN,EQ,83822,49042,58.51
20,2219,SUNDARMHLD,EQ,192947,93093,48.25
20,2220,SUNDRMBRAK,EQ,93371,38534,41.27
20,2221,SUNDRMFAST,EQ,125164,102934,82.24
20,2222,SUNFLAG,EQ,562011,351792,62.60
20,2223,SUNLITE,ST,596400,548400,91.95
20,2224,SUNPHARMA,EQ,933372,527702,56.54
20,2225,SUNTECK,EQ,806381,476492,59.09
20,2226,SUNTV,EQ,1119926,324765,29.00
20,2227,SUPERHOUSE,EQ,34374,14860,43.23
20,2228,SUPERSPIN,EQ,256049,212498,82.99
20,2229,SUPRAJIT,EQ,287863,190512,66.18
20,2230,SUPREMEIND,EQ,75627,38517,50.93
20,2231,SUPREMEPWR,ST,105000,91000,86.67
20,2232,SUPRIYA,EQ,486485,224848,46.22
20,2233,SURANASOL,EQ,272787,158459,58.09
20,2234,SURANI,SM,10000,8200,82.00
20,2235,SURYALAXMI,EQ,50236,36095,71.85
20,2236,SURYAROSNI,EQ,283697,118480,41.76
20,2237,SURYODAY,EQ,674613,406159,60.21
20,2238,SUTLEJTEX,EQ,1196105,468050,39.13
20,2239,SUVEN,EQ,820241,391727,47.76
20,2240,SUVENPHAR,EQ,188695,107889,57.18
20,2241,SUVIDHAA,EQ,505743,232388,45.95
20,2242,SUYOG,EQ,43669,27465,62.89
20,2243,SUZLON,EQ,57918809,35965007,62.10
20,2244,SVLL,EQ,15772,14681,93.08
20,2245,SVPGLOB,EQ,127368,91992,72.23
20,2246,SWANENERGY,EQ,1676989,918646,54.78
20,2247,SWARAJ,SM,12000,11000,91.67
20,2248,SWARAJENG,EQ,189165,45456,24.03
20,2249,SWASTIK,SM,188400,148800,78.98
20,2250,SWELECTES,EQ,53398,29293,54.86
20,2251,SWSOLAR,EQ,481693,298813,62.03
20,2252,SYLVANPLY,SM,12000,10000,83.33
20,2253,SYMPHONY,EQ,96731,51466,53.21
20,2254,SYNCOMF,EQ,51324336,14482492,28.22
20,2255,SYNGENE,EQ,759791,394004,51.86
20,2256,SYNOPTICS,SM,31200,28800,92.31
20,2257,SYRMA,EQ,778137,449581,57.78
20,2258,SYSTANGO,SM,36400,26400,72.53
20,2259,TAC,SM,31200,28800,92.31
20,2260,TAJGVK,EQ,231165,132009,57.11
20,2261,TAKE,EQ,189736,130344,68.70
20,2262,TALBROAUTO,EQ,245138,102918,41.98
20,2263,TANLA,EQ,1752030,499579,28.51
20,2264,TAPIFRUIT,SM,12000,12000,100.00
20,2265,TARACHAND,EQ,19882,12179,61.26
20,2266,TARSONS,EQ,36824,17982,48.83
20,2267,TASTYBITE,EQ,22543,10229,45.38
20,2268,TATACHEM,EQ,317928,118721,37.34
20,2269,TATACOMM,EQ,464678,113715,24.47
20,2270,TATACONSUM,EQ,1045317,510759,48.86
20,2271,TATAELXSI,EQ,1291665,475464,36.81
20,2272,TATAGOLD,EQ,3177876,2342656,73.72
20,2273,TATAINVEST,EQ,17292,10007,57.87
20,2274,TATAMOTORS,EQ,9415039,4432642,47.08
20,2275,TATAMTRDVR,EQ,9381972,7820549,83.36
20,2276,TATAPOWER,EQ,6794262,2823725,41.56
20,2277,TATASTEEL,EQ,32497603,13057007,40.18
20,2278,TATATECH,EQ,9134874,4274519,46.79
20,2279,TATSILV,EQ,1039605,965537,92.88
20,2280,TATVA,EQ,78589,44972,57.22
20,2281,TBI,ST,33600,28800,85.71
20,2282,TBOTEK,EQ,77539,44482,57.37
20,2283,TBZ,EQ,3298360,525775,15.94
20,2284,TCHF30,NB,85,60,70.59
20,2285,TCI,EQ,225818,62320,27.60
20,2286,TCIEXP,EQ,110394,69159,62.65
20,2287,TCL,SM,84800,56800,66.98
20,2288,TCNSBRANDS,EQ,183604,106301,57.90
20,2289,TCPLPACK,EQ,12728,4390,34.49
20,2290,TCS,EQ,1844164,1152094,62.47
20,2291,TDPOWERSYS,EQ,372551,170726,45.83
20,2292,TEAMLEASE,EQ,20977,11247,53.62
20,2293,TECH,EQ,29812,22564,75.69
20,2294,TECHLABS,ST,12500,12000,96.00
20,2295,TECHM,EQ,1510157,577901,38.27
20,2296,TEGA,EQ,20291,10518,51.84
20,2297,TEJASNET,EQ,201914,103550,51.28
20,2298,TEMBO,EQ,528465,188238,35.62
20,2299,TEXINFRA,EQ,565346,302065,53.43
20,2300,TEXMOPIPES,EQ,705855,403233,57.13
20,2301,TEXRAIL,EQ,1636758,907522,55.45
20,2302,TFCILTD,EQ,531542,302545,56.92
20,2303,TGBHOTELS,EQ,84335,35930,42.60
20,2304,TGL,ST,10800,10800,100.00
20,2305,THANGAMAYL,EQ,31207,10702,34.29
20,2306,THEJO,EQ,15258,8523,55.86
20,2307,THEMISMED,EQ,88011,54846,62.32
20,2308,THERMAX,EQ,90076,45672,50.70
20,2309,THOMASCOOK,EQ,1098206,693056,63.11
20,2310,THYROCARE,EQ,40963,22330,54.51
20,2311,TI,EQ,1553272,946494,60.94
20,2312,TIDEWATER,EQ,26189,12593,48.09
20,2313,TIIL,EQ,40265,24205,60.11
20,2314,TIINDIA,EQ,190639,120795,63.36
20,2315,TIMESGTY,EQ,2616,2097,80.16
20,2316,TIMETECHNO,EQ,814516,379217,46.56
20,2317,TIMKEN,EQ,95530,48599,50.87
20,2318,TIPSFILMS,EQ,7967,4686,58.82
20,2319,TIPSINDLTD,EQ,383722,156253,40.72
20,2320,TIRUMALCHM,EQ,197292,93116,47.20
20,2321,TIRUPATI,SM,10500,10500,100.00
20,2322,TITAGARH,EQ,1271365,508139,39.97
20,2323,TITAN,EQ,1156681,555377,48.01
20,2324,TMB,EQ,105519,74822,70.91
20,2325,TNIDETF,EQ,138521,123366,89.06
20,2326,TNPETRO,EQ,1045086,483773,46.29
20,2327,TNPL,EQ,303097,189971,62.68
20,2328,TOKYOPLAST,EQ,12462,7654,61.42
20,2329,TOP100CASE,EQ,71826,46583,64.86
20,2330,TORNTPHARM,EQ,136267,66443,48.76
20,2331,TORNTPOWER,EQ,675850,304808,45.10
20,2332,TRACXN,EQ,1178682,607759,51.56
20,2333,TRANSTEEL,SM,98000,78000,79.59
20,2334,TRANSWIND,SM,4000,4000,100.00
20,2335,TREEHOUSE,EQ,17976,11634,64.72
20,2336,TREJHARA,EQ,62550,45266,72.37
20,2337,TREL,EQ,562096,320288,56.98
20,2338,TRENT,EQ,754901,403761,53.49
20,2339,TRF,EQ,47385,33471,70.64
20,2340,TRIDENT,EQ,5098106,2410569,47.28
20,2341,TRIDHYA,SM,51000,45000,88.24
20,2342,TRITURBINE,EQ,490486,252943,51.57
20,2343,TRIVENI,EQ,369624,127298,34.44
20,2344,TROM,SM,230400,142800,61.98
20,2345,TRU,EQ,729922,263468,36.10
20,2346,TRUST,ST,114000,110400,96.84
20,2347,TTKHLTCARE,EQ,6060,3570,58.91
20,2348,TTKPRESTIG,EQ,68918,32684,47.42
20,2349,TTL,EQ,35935,17156,47.74
20,2350,TTML,EQ,5496548,1786414,32.50
20,2351,TUNWAL,SM,410000,282000,68.78
20,2352,TV18BRDCST,EQ,7808166,3743151,47.94
20,2353,TVSELECT,EQ,1631061,337289,20.68
20,2354,TVSHLTD,EQ,34101,29535,86.61
20,2355,TVSMOTOR,EQ,694903,388873,55.96
20,2356,TVSSCS,EQ,3035110,1377773,45.39
20,2357,TVSSRICHAK,EQ,12288,4469,36.37
20,2358,TVTODAY,EQ,327209,223073,68.17
20,2359,UBL,EQ,123130,57964,47.08
20,2360,UCAL,EQ,47421,26045,54.92
20,2361,UCL,SM,2000,2000,100.00
20,2362,UCOBANK,EQ,3827212,1428863,37.33
20,2363,UDAICEMENT,EQ,1088745,624923,57.40
20,2364,UDS,EQ,559854,314608,56.19
20,2365,UFLEX,EQ,713670,295998,41.48
20,2366,UFO,EQ,262482,120023,45.73
20,2367,UGARSUGAR,EQ,198492,132104,66.55
20,2368,UGROCAP,EQ,119263,70620,59.21
20,2369,UJJIVANSFB,EQ,13470488,8513940,63.20
20,2370,ULTRACEMCO,EQ,234215,147108,62.81
20,2371,UMA,SM,12000,8000,66.67
20,2372,UMAEXPORTS,EQ,1417436,814272,57.45
20,2373,UNICHEMLAB,EQ,19420,8410,43.31
20,2374,UNIDT,EQ,31241,16130,51.63
20,2375,UNIECOM,EQ,3325224,1146642,34.48
20,2376,UNIENTER,EQ,16793,8977,53.46
20,2377,UNIHEALTH,SM,165000,134000,81.21
20,2378,UNIINFO,EQ,35068,21003,59.89
20,2379,UNIONBANK,EQ,9410059,5067994,53.86
20,2380,UNIPARTS,EQ,258321,151112,58.50
20,2381,UNITDSPR,EQ,833325,591130,70.94
20,2382,UNITEDPOLY,EQ,7217,3595,49.81
20,2383,UNITEDTEA,EQ,3536,1530,43.27
20,2384,UNIVASTU,EQ,26503,15205,57.37
20,2385,UNIVCABLES,EQ,38830,21564,55.53
20,2386,UNIVPHOTO,EQ,1977,1403,70.97
20,2387,UNOMINDA,EQ,307607,133997,43.56
20,2388,UPL,EQ,1283196,596077,46.45
20,2389,URBAN,SM,40400,27200,67.33
20,2390,URJA,EQ,6008498,2817835,46.90
20,2391,USASEEDS,SM,2400,2400,100.00
20,2392,USHAMART,EQ,1534049,1016651,66.27
20,2393,UTIAMC,EQ,289320,188845,65.27
20,2394,UTIBANKETF,EQ,689258,648457,94.08
20,2395,UTINEXT50,EQ,66695,46580,69.84
20,2396,UTINIFTETF,EQ,47090,41943,89.07
20,2397,UTISENSETF,EQ,2589,2023,78.14
20,2398,UTISXN50,EQ,1936,1536,79.34
20,2399,UTKARSHBNK,EQ,944222,550266,58.28
20,2400,UTSSAV,SM,1341600,663600,49.46
20,2401,UTTAMSUGAR,EQ,63931,37248,58.26
20,2402,VADILALIND,EQ,9481,6078,64.11
20,2403,VAIBHAVGBL,EQ,650058,252648,38.87
20,2404,VAISHALI,EQ,152080,105917,69.65
20,2405,VAKRANGEE,EQ,2719641,1544132,56.78
20,2406,VALIANTLAB,EQ,122434,54737,44.71
20,2407,VALIANTORG,EQ,46630,25659,55.03
20,2408,VARDHACRLC,EQ,77880,51741,66.44
20,2409,VARDMNPOLY,EQ,2374644,1480562,62.35
20,2410,VARROC,EQ,393349,133383,33.91
20,2411,VASA,ST,12000,12000,100.00
20,2412,VASCONEQ,EQ,3240438,1805940,55.73
20,2413,VASWANI,EQ,185632,86434,46.56
20,2414,VBL,EQ,1410902,704201,49.91
20,2415,VEDL,EQ,11143399,5119277,45.94
20,2416,VEEKAYEM,SM,2500,2500,100.00
20,2417,VENKEYS,EQ,145962,51788,35.48
20,2418,VENUSPIPES,EQ,161424,115032,71.26
20,2419,VENUSREM,EQ,101958,56350,55.27
20,2420,VERA,SM,1500,1500,100.00
20,2421,VERITAAS,SM,117600,106800,90.82
20,2422,VERTEXPLUS,ST,600,600,100.00
20,2423,VERTOZ,EQ,652058,506963,77.75
20,2424,VESUVIUS,EQ,16218,9043,55.76
20,2425,VETO,EQ,2161113,533813,24.70
20,2426,VGUARD,EQ,1100122,463018,42.09
20,2427,VHL,EQ,2752,1790,65.04
20,2428,VIAZ,SM,2000,2000,100.00
20,2429,VIDHIING,EQ,20211,14383,71.16
20,2430,VIJAYA,EQ,320556,177868,55.49
20,2431,VIKASECO,EQ,11322169,6343751,56.03
20,2432,VIKASLIFE,EQ,7362918,4158201,56.47
20,2433,VILAS,ST,31000,26000,83.87
20,2434,VIMTALABS,EQ,130498,70864,54.30
20,2435,VINATIORGA,EQ,90498,71479,78.98
20,2436,VINDHYATEL,EQ,40903,22228,54.34
20,2437,VINEETLAB,EQ,64854,29265,45.12
20,2438,VINSYS,SM,13500,11000,81.48
20,2439,VINYAS,ST,6400,5600,87.50
20,2440,VINYLINDIA,EQ,49613,26439,53.29
20,2441,VIPIND,EQ,216603,133899,61.82
20,2442,VIPULLTD,EQ,763832,699282,91.55
20,2443,VIRINCHI,EQ,1919941,1047635,54.57
20,2444,VISAKAIND,EQ,370922,226822,61.15
20,2445,VISAMAN,SM,18000,18000,100.00
20,2446,VISHNU,EQ,194429,132606,68.20
20,2447,VISHNUINFR,SM,56500,43500,76.99
20,2448,VISHWARAJ,EQ,492122,264974,53.84
20,2449,VISHWAS,SM,105600,73600,69.70
20,2450,VITAL,ST,19200,18000,93.75
20,2451,VIVIANA,ST,16500,15000,90.91
20,2452,VIVO,SM,3200,3200,100.00
20,2453,VLEGOV,EQ,4303070,1652996,38.41
20,2454,VLINFRA,SM,276000,159000,57.61
20,2455,VLSFINANCE,EQ,110515,60649,54.88
20,2456,VMARCIND,SM,152000,97000,63.82
20,2457,VMART,EQ,5716,3066,53.64
20,2458,VOLTAMP,EQ,49408,33304,67.41
20,2459,VOLTAS,EQ,1964181,986067,50.20
20,2460,VPRPL,EQ,917448,454358,49.52
20,2461,VR,SM,4800,4800,100.00
20,2462,VRAJ,EQ,209185,131119,62.68
20,2463,VRLLOG,EQ,62473,42359,67.80
20,2464,VSCL,SM,21000,21000,100.00
20,2465,VSSL,EQ,283938,119238,41.99
20,2466,VSTIND,EQ,245406,132365,53.94
20,2467,VSTTILLERS,EQ,5197,2687,51.70
20,2468,VTL,EQ,328482,152214,46.34
20,2469,WABAG,EQ,301245,167618,55.64
20,2470,WALCHANNAG,EQ,429538,241753,56.28
20,2471,WALPAR,SM,10000,10000,100.00
20,2472,WANBURY,EQ,124545,99296,79.73
20,2473,WEL,EQ,540619,191442,35.41
20,2474,WELCORP,EQ,526694,267248,50.74
20,2475,WELENT,EQ,1176187,392066,33.33
20,2476,WELINV,EQ,10134,7339,72.42
20,2477,WELSPUNLIV,EQ,9330701,4622548,49.54
20,2478,WENDT,EQ,682,444,65.10
20,2479,WESTLIFE,EQ,144924,74333,51.29
20,2480,WHEELS,EQ,37260,20131,54.03
20,2481,WHIRLPOOL,EQ,82094,49948,60.84
20,2482,WILLAMAGOR,EQ,5888,3978,67.56
20,2483,WINDLAS,EQ,52346,24349,46.52
20,2484,WINDMACHIN,EQ,519129,313772,60.44
20,2485,WINSOL,SM,40000,22400,56.00
20,2486,WIPRO,EQ,8675690,2827637,32.59
20,2487,WOMANCART,ST,3200,3200,100.00
20,2488,WONDERLA,EQ,37598,21750,57.85
20,2489,WORTH,EQ,384911,204563,53.15
20,2490,WSI,EQ,143803,68568,47.68
20,2491,WSTCSTPAPR,EQ,122808,76570,62.35
20,2492,WTICAB,SM,147000,104000,70.75
20,2493,XCHANGING,EQ,1041971,372176,35.72
20,2494,XELPMOC,EQ,223227,107105,47.98
20,2495,XPROINDIA,EQ,36856,20868,56.62
20,2496,YAARI,EQ,171436,171303,99.92
20,2497,YASHO,EQ,21683,13094,60.39
20,2498,YASHOPTICS,SM,27200,24000,88.24
20,2499,YATHARTH,EQ,398586,220540,55.33
20,2500,YATRA,EQ,287457,157830,54.91
20,2501,YCCL,SM,12000,9000,75.00
20,2502,YESBANK,EQ,84344508,35755782,42.39
20,2503,YUDIZ,ST,31200,31200,100.00
20,2504,YUKEN,EQ,47435,33173,69.93
20,2505,ZAGGLE,EQ,931940,455862,48.92
20,2506,ZEAL,SM,66600,59400,89.19
20,2507,ZEEL,EQ,6103947,3342926,54.77
20,2508,ZEEMEDIA,EQ,3635906,2355188,64.78
20,2509,ZENITHDRUG,SM,300800,249600,82.98
20,2510,ZENSARTECH,EQ,431973,166053,38.44
20,2511,ZENTEC,EQ,934945,454675,48.63
20,2512,ZFCVINDIA,EQ,20849,12940,62.07
20,2513,ZIMLAB,EQ,229612,142005,61.85
20,2514,ZODIAC,EQ,99835,58134,58.23
20,2515,ZOMATO,EQ,36184864,16693761,46.13
20,2516,ZOTA,EQ,176030,68052,38.66
20,2517,ZTECH,SM,72000,49200,68.33
20,2518,ZUARI,EQ,143289,66668,46.53
20,2519,ZUARIIND,EQ,181283,106838,58.93
20,2520,ZYDUSLIFE,EQ,7308194,3360360,45.98
20,2521,ZYDUSWELL,EQ,19075,9883,51.81
