Security Wise Delivery Position - Compulsory Rolling Settlement
10,MTO,08082024,1620774342,0002503
Trade Date <08-AUG-2024>,Settlement Type <N>
Record Type,Sr No,Name of Security,Quantity Traded,Deliverable Quantity(gross across client level),% of Deliverable Quantity to Traded Quantity
20,1,1003ICCL28,NX,12,12,100.00
20,2,1003IIFL29,NC,20,20,100.00
20,3,1003ISFL28,N4,15,15,100.00
20,4,1004DLSL24,NO,10,10,100.00
20,5,1015ECL29,NR,831,700,84.24
20,6,1018GS2026,GS,132,132,100.00
20,7,1025NFL25,N5,50,40,80.00
20,8,1025SCL34,Z8,21,21,100.00
20,9,1049DLS25A,Y5,466,400,85.84
20,10,1049DLSL25,NX,643,400,62.21
20,11,1050ISFL28,N5,19,19,100.00
20,12,1050UCL25,N7,58,58,100.00
20,13,1065NFL27,NC,524,524,100.00
20,14,10IIFL28,N4,115,115,100.00
20,15,10IIFL28A,NE,741,741,100.00
20,16,10IIFL29,N6,10,10,100.00
20,17,10NFL25,N9,44,40,90.91
20,18,10NIDO26,N6,110,105,95.45
20,19,1119NFL27,ND,50,50,100.00
20,20,11UCL26,NC,52,51,98.08
20,21,182D031024,TB,1600,1600,100.00
20,22,182D090125,TB,4500,4500,100.00
20,23,182D170125,TB,100,100,100.00
20,24,182D181024,TB,1100,1100,100.00
20,25,20MICRONS,EQ,1469048,405682,27.62
20,26,360ONE,EQ,317550,166513,52.44
20,27,364D090125,TB,200,200,100.00
20,28,364D180725,TB,1500,1500,100.00
20,29,364D191224,TB,200,200,100.00
20,30,364D230125,TB,100,100,100.00
20,31,364D270225,TB,100,100,100.00
20,32,364D270924,TB,100,100,100.00
20,33,3IINFOLTD,EQ,599960,197732,32.96
20,34,3MINDIA,EQ,2296,932,40.59
20,35,3PLAND,EQ,211553,140591,66.46
20,36,574GS2026,GS,390,368,94.36
20,37,5PAISA,EQ,44646,23507,52.65
20,38,610GS2031,GS,2656,2656,100.00
20,39,618GS2024,GS,2,2,100.00
20,40,63MOONS,EQ,117080,65470,55.92
20,41,654GS2032,GS,2002,2001,99.95
20,42,667GS2035,GS,5,5,100.00
20,43,667GS2050,GS,4309,3309,76.79
20,44,689GS2025,GS,3,3,100.00
20,45,68GS2060,GS,2575,2475,96.12
20,46,695GS2061,GS,220,220,100.00
20,47,702GS2027,GS,11701,11701,100.00
20,48,702GS2031,GS,1,1,100.00
20,49,703GS2054,GS,200,200,100.00
20,50,704GS2029,GS,2000,2000,100.00
20,51,704IRFC28,N6,1110,1000,90.09
20,52,706GS2028,GS,550,550,100.00
20,53,710GS2029,GS,6002,6000,99.97
20,54,717GS2030,GS,50154,50154,100.00
20,55,718GS2033,GS,2,2,100.00
20,56,718GS2037,GS,39657,39657,100.00
20,57,71GS2034,GS,200,200,100.00
20,58,725GS2063,GS,13744,13744,100.00
20,59,726GS2032,GS,6250,5000,80.00
20,60,726GS2033,GS,52810,52810,100.00
20,61,727GS2026,GS,1,1,100.00
20,62,732GS2030,GS,2100,1500,71.43
20,63,732IRFC25,NI,2,1,50.00
20,64,733GS2026,GS,1560,930,59.62
20,65,734GS2064,GS,100,100,100.00
20,66,734IRFC28,N4,1000,1000,100.00
20,67,736PFCL28,N2,1,1,100.00
20,68,737GS2028,GS,10600,10500,99.06
20,69,738GS2027,GS,178029,170707,95.89
20,70,738REC27TF,N2,190,190,100.00
20,71,739NHAI26,N8,1159,1001,86.37
20,72,73GS2053,GS,10900,10300,94.50
20,73,741GS2036,GS,3928,3928,100.00
20,74,743REC35,NH,100,100,100.00
20,75,746GS2073,GS,1026,1026,100.00
20,76,74GS2062,GS,2,2,100.00
20,77,751HUDCO28,N5,996,991,99.50
20,78,753IRFC30,NJ,1300,1200,92.31
20,79,753NTPC30E,NC,211,211,100.00
20,80,754GS2036,GS,587904,574904,97.79
20,81,759GS2026,GS,119,119,100.00
20,82,760PFCL35,N3,2,2,100.00
20,83,762NTPC35F,ND,2,2,100.00
20,84,764HUDCO31,N8,576,526,91.32
20,85,764IRFC31,NO,2733,2733,100.00
20,86,764NABAR31,N2,208,203,97.60
20,87,769HUDCO31,N9,2,2,100.00
20,88,769NHAI31,NE,102,102,100.00
20,89,76NHAI31,NA,165,165,100.00
20,90,772GS2049,GS,5,5,100.00
20,91,773UP33A,SG,200,200,100.00
20,92,774IREDA31,N7,160,160,100.00
20,93,777MN38,SG,400,400,100.00
20,94,79NHIT35,N1,1014,1014,100.00
20,95,79NHIT40,N2,3411,3361,98.53
20,96,79NHIT47,N3,153,153,100.00
20,97,801TCH25,N4,10,10,100.00
20,98,812REC27,NI,80,80,100.00
20,99,81TCHF28,N8,201,201,100.00
20,100,820IIFL27,N9,300,200,66.67
20,101,824GS2027,GS,1,1,100.00
20,102,828GS2032,GS,1050,1050,100.00
20,103,829LTF24,NL,161,161,100.00
20,104,82HUDCO27,N2,3910,3710,94.88
20,105,82IGT31,NJ,3675,3675,100.00
20,106,830NHAI27,N2,12282,9298,75.70
20,107,835IFL25,NV,5,5,100.00
20,108,837REC33,N7,7,6,85.71
20,109,840CIFCL28,N4,101,101,100.00
20,110,842IIFL26,NL,545,545,100.00
20,111,849NTPC25,N7,289599,216026,74.59
20,112,85IIFL25,NO,76,76,100.00
20,113,865IIFL28,NS,475,376,79.16
20,114,865IRFC29,NA,2097,2097,100.00
20,115,865TCAPS27,N8,137,135,98.54
20,116,871REC28,N9,2989,2500,83.64
20,117,872MMFSL26,N1,590,469,79.49
20,118,873NTPC28,N5,40,40,100.00
20,119,875IIFL26,NM,90,90,100.00
20,120,875IIFL26A,NQ,150,150,100.00
20,121,875NHAI29,N6,330,195,59.09
20,122,875PCHFL26,N8,100,100,100.00
20,123,875SFL27,ZF,10,10,100.00
20,124,876HUDCO28,ND,1055,1055,100.00
20,125,880IREDA29,N5,100,100,100.00
20,126,880IREDA34,N6,20,20,100.00
20,127,885SCL26,N9,55,55,100.00
20,128,885TCAPS29,NC,300,150,50.00
20,129,888IRFC29,NE,300,299,99.67
20,130,888REC29,NF,105,105,100.00
20,131,888SCL25E,N4,100,100,100.00
20,132,889SCFL27,YC,10,0,0.00
20,133,890NHB34,N7,10,9,90.00
20,134,891IIFCL34,N4,36,36,100.00
20,135,891NTPC33,N6,70,70,100.00
20,136,892PFCL33,N8,1141,1119,98.07
20,137,897GS2030,GS,180,180,100.00
20,138,897MOFSL29,N4,166,166,100.00
20,139,898LTF29,N7,203,203,100.00
20,140,8ABFL26,N0,10,10,100.00
20,141,901HUDCO34,NE,63,52,82.54
20,142,901NHB34,N6,6,6,100.00
20,143,903SFL28,YI,27,27,100.00
20,144,905LTF27,NF,50,50,100.00
20,145,910TCAP28,NA,1281,981,76.58
20,146,915GS2024,GS,2,2,100.00
20,147,915SCL26,NE,80,80,100.00
20,148,915SCL27,Z7,20,10,50.00
20,149,916SCL25,ZW,420,420,100.00
20,150,91D031024,TB,2200,2200,100.00
20,151,91D050924,TB,200,200,100.00
20,152,91D101024,TB,6600,6600,100.00
20,153,91D120924,TB,3400,3300,97.06
20,154,91D150824,TB,4300,4300,100.00
20,155,91D190924,TB,4200,4200,100.00
20,156,91D230824,TB,2500,2500,100.00
20,157,91D260924,TB,400,400,100.00
20,158,91D311024,TB,900,900,100.00
20,159,91MOFSL27,N2,3,3,100.00
20,160,92GS2030,GS,800,400,50.00
20,161,930SFL28,YP,611,610,99.84
20,162,935LTF29,N5,300,300,100.00
20,163,93SCL24,ZP,30,30,100.00
20,164,943ECL28,NJ,555,493,88.83
20,165,945CAGL24,N1,129,129,100.00
20,166,945IFSL25,N4,55,15,27.27
20,167,948SCL26,N9,5,5,100.00
20,168,94IFCI25,NL,500,500,100.00
20,169,94SFL28,YL,222,221,99.55
20,170,955SCL25,ZU,20,10,50.00
20,171,957ICCL25,YW,264,264,100.00
20,172,957IIFLS27,NA,10,10,100.00
20,173,957NIDO26,N5,65,65,100.00
20,174,960ISFL25,N1,35,20,57.14
20,175,965SCFL25,AB,19,19,100.00
20,176,965SCL25C,N0,140,132,94.29
20,177,96IIFL28,N5,3174,2814,88.66
20,178,96IIFL28A,NF,368,318,86.41
20,179,96SFL24A,NB,37,37,100.00
20,180,970CAGL28,ND,4009,4009,100.00
20,181,975NFL25,N0,4,4,100.00
20,182,97SFL28,YS,75,75,100.00
20,183,985ECL28,NK,359,329,91.64
20,184,990SCL26,N7,5,5,100.00
20,185,990SCL26D,AH,25,25,100.00
20,186,99IFCI24,NH,50,50,100.00
20,187,9IIFL28A,NT,600,600,100.00
20,188,9MMFSML,N2,5,5,100.00
20,189,9PCHFL31A,NA,165,165,100.00
20,190,9PEL25,N0,5,5,100.00
20,191,9SFL25A,ZH,202,201,99.50
20,192,AAATECH,EQ,343982,136639,39.72
20,193,AADHARHFC,EQ,955736,381433,39.91
20,194,AAREYDRUGS,EQ,164274,98437,59.92
20,195,AARON,EQ,8652,5263,60.83
20,196,AARTIDRUGS,EQ,173553,90201,51.97
20,197,AARTIIND,EQ,1661511,527941,31.77
20,198,AARTIPHARM,EQ,168021,95162,56.64
20,199,AARTISURF,EQ,8261,4381,53.03
20,200,AARVI,EQ,15345,12509,81.52
20,201,AATMAJ,SM,12000,12000,100.00
20,202,AAVAS,EQ,83487,36066,43.20
20,203,ABAN,EQ,141344,87181,61.68
20,204,ABB,EQ,630662,187920,29.80
20,205,ABBOTINDIA,EQ,84434,19179,22.71
20,206,ABCAPITAL,EQ,3576123,1522024,42.56
20,207,ABCOTS,SM,1500,500,33.33
20,208,ABDL,EQ,709403,506675,71.42
20,209,ABFRL,EQ,4886544,2475950,50.67
20,210,ABGSEC,EQ,134,133,99.25
20,211,ABINFRA,SM,244000,236000,96.72
20,212,ABSLAMC,EQ,210139,111913,53.26
20,213,ABSLBANETF,EQ,48301,42410,87.80
20,214,ABSLLIQUID,EQ,1610,1014,62.98
20,215,ABSLNN50ET,EQ,11971,8092,67.60
20,216,ABSLPSE,EQ,348208,234531,67.35
20,217,ABSMARINE,SM,76000,47000,61.84
20,218,ACC,EQ,226629,100017,44.13
20,219,ACCELYA,EQ,10243,6360,62.09
20,220,ACCENTMIC,SM,8000,6000,75.00
20,221,ACCORD,SM,10000,6000,60.00
20,222,ACE,EQ,149002,81413,54.64
20,223,ACEINTEG,EQ,29674,9965,33.58
20,224,ACI,EQ,651654,345478,53.02
20,225,ACL,EQ,58420,30062,51.46
20,226,ACLGATI,EQ,1550636,682363,44.01
20,227,ACSAL,SM,18000,12000,66.67
20,228,ADANIENSOL,EQ,2760169,1070763,38.79
20,229,ADANIENT,EQ,2139376,744082,34.78
20,230,ADANIGREEN,EQ,539305,233352,43.27
20,231,ADANIPORTS,EQ,2468123,869420,35.23
20,232,ADANIPOWER,EQ,15691389,8486430,54.08
20,233,ADFFOODS,EQ,159251,92839,58.30
20,234,ADL,EQ,5432,1665,30.65
20,235,ADORWELD,EQ,8829,4106,46.51
20,236,ADROITINFO,EQ,157076,83577,53.21
20,237,ADROITPP1,E1,91666,91666,100.00
20,238,ADSL,EQ,491547,224461,45.66
20,239,ADVANIHOTR,EQ,116484,55204,47.39
20,240,ADVENZYMES,EQ,211539,118324,55.93
20,241,AEGISLOG,EQ,344280,241762,70.22
20,242,AEROFLEX,EQ,417674,171213,40.99
20,243,AETHER,EQ,31176,18478,59.27
20,244,AFFLE,EQ,288481,162802,56.43
20,245,AFIL,EQ,171524,94675,55.20
20,246,AGARIND,EQ,179908,71061,39.50
20,247,AGARWALFT,ST,6000,6000,100.00
20,248,AGI,EQ,163819,71419,43.60
20,249,AGIIL,EQ,1249,968,77.50
20,250,AGNI,SM,82500,42500,51.52
20,251,AGRITECH,EQ,34952,20165,57.69
20,252,AGROPHOS,EQ,58843,31297,53.19
20,253,AGSTRA,EQ,254296,134355,52.83
20,254,AHL,EQ,487806,116314,23.84
20,255,AHLEAST,EQ,14681,11006,74.97
20,256,AHLUCONT,EQ,32648,17810,54.55
20,257,AIAENG,EQ,66081,30504,46.16
20,258,AIIL,EQ,887417,220114,24.80
20,259,AILIMITED,ST,9000,9000,100.00
20,260,AIMTRON,ST,45600,41600,91.23
20,261,AIRAN,EQ,3613577,1027336,28.43
20,262,AIROLAM,EQ,4364,2523,57.81
20,263,AIRTELPP,E1,199369,139711,70.08
20,264,AJANTPHARM,EQ,318391,201144,63.18
20,265,AJOONI,EQ,1828242,1126740,61.63
20,266,AKANKSHA,ST,162000,160000,98.77
20,267,AKASH,EQ,699407,243291,34.79
20,268,AKG,EQ,281196,200807,71.41
20,269,AKI,EQ,169409,103076,60.84
20,270,AKIKO,SM,16000,12800,80.00
20,271,AKSHAR,EQ,95694436,33819557,35.34
20,272,AKSHARCHEM,EQ,12700,6404,50.43
20,273,AKSHOPTFBR,EQ,3324313,1663569,50.04
20,274,AKUMS,EQ,951754,517515,54.37
20,275,AKZOINDIA,EQ,49748,30744,61.80
20,276,ALANKIT,EQ,2117842,549848,25.96
20,277,ALBERTDAVD,EQ,10345,4358,42.13
20,278,ALEMBICLTD,EQ,1623235,544909,33.57
20,279,ALICON,EQ,25813,12893,49.95
20,280,ALKALI,EQ,9036,5308,58.74
20,281,ALKEM,EQ,687558,295885,43.03
20,282,ALKYLAMINE,EQ,37573,15697,41.78
20,283,ALLCARGO,EQ,2115775,1133397,53.57
20,284,ALLETEC,SM,46400,26800,57.76
20,285,ALLSEC,EQ,34154,15594,45.66
20,286,ALMONDZ,EQ,499745,284387,56.91
20,287,ALOKINDS,EQ,11243144,3468785,30.85
20,288,ALPA,EQ,208667,98348,47.13
20,289,ALPEXSOLAR,ST,89600,72800,81.25
20,290,ALPHA,EQ,897385,429524,47.86
20,291,ALPHAETF,EQ,957253,698141,72.93
20,292,ALPL30IETF,EQ,1680403,1569691,93.41
20,293,ALUWIND,ST,48000,45000,93.75
20,294,AMBANIORGO,SM,1000,1000,100.00
20,295,AMBER,EQ,51699,23078,44.64
20,296,AMBEY,SM,76000,58000,76.32
20,297,AMBICAAGAR,EQ,137794,53262,38.65
20,298,AMBIKCO,EQ,16467,6657,40.43
20,299,AMBUJACEM,EQ,1121594,524107,46.73
20,300,AMDIND,EQ,24185,17909,74.05
20,301,AMEYA,SM,14000,12000,85.71
20,302,AMIABLE,SM,9600,8000,83.33
20,303,AMIORG,EQ,74118,37524,50.63
20,304,AMNPLST,EQ,33480,16337,48.80
20,305,AMRUTANJAN,EQ,15504,8980,57.92
20,306,ANANDRATHI,EQ,22194,15972,71.97
20,307,ANANTRAJ,EQ,1204913,505243,41.93
20,308,ANDHRAPAP,EQ,69281,40386,58.29
20,309,ANDHRSUGAR,EQ,374884,136889,36.52
20,310,ANGELONE,EQ,487068,152011,31.21
20,311,ANLON,ST,5600,5600,100.00
20,312,ANNAPURNA,SM,288000,198000,68.75
20,313,ANTGRAPHIC,EQ,4985507,2916700,58.50
20,314,ANUP,EQ,30968,18837,60.83
20,315,ANURAS,EQ,70930,36370,51.28
20,316,APARINDS,EQ,93654,40666,43.42
20,317,APCL,EQ,19204,11423,59.48
20,318,APCOTEXIND,EQ,12770,6745,52.82
20,319,APEX,EQ,254208,82128,32.31
20,320,APLAPOLLO,EQ,440998,217590,49.34
20,321,APLLTD,EQ,724102,179066,24.73
20,322,APOLLO,EQ,5702912,3086753,54.13
20,323,APOLLOHOSP,EQ,509454,296392,58.18
20,324,APOLLOPIPE,EQ,39212,22597,57.63
20,325,APOLLOTYRE,EQ,6058675,562843,9.29
20,326,APOLSINHOT,EQ,1647,749,45.48
20,327,APRAMEYA,ST,90000,84000,93.33
20,328,APS,ST,57500,47500,82.61
20,329,APTECHT,EQ,497593,187290,37.64
20,330,APTUS,EQ,477441,315747,66.13
20,331,ARCHIDPLY,EQ,497662,165103,33.18
20,332,ARCHIES,EQ,509307,265962,52.22
20,333,ARE&M,EQ,655882,345882,52.74
20,334,ARENTERP,EQ,951509,183670,19.30
20,335,ARHAM,SM,22000,16000,72.73
20,336,ARIES,EQ,109977,41828,38.03
20,337,ARIHANTACA,SM,11200,10400,92.86
20,338,ARIHANTCAP,EQ,1126835,225691,20.03
20,339,ARIHANTSUP,EQ,44410,26840,60.44
20,340,ARISTO,SM,11200,11200,100.00
20,341,ARMANFIN,EQ,26458,14015,52.97
20,342,AROGRANITE,EQ,16445,9519,57.88
20,343,ARROWGREEN,EQ,408861,148407,36.30
20,344,ARTEMISMED,EQ,105426,71411,67.74
20,345,ARTNIRMAN,EQ,296940,95212,32.06
20,346,ARVIND,EQ,955319,376712,39.43
20,347,ARVINDFASN,EQ,545378,273343,50.12
20,348,ARVSMART,EQ,23961,10145,42.34
20,349,ASAHIINDIA,EQ,93920,37310,39.73
20,350,ASAHISONG,EQ,22987,11826,51.45
20,351,ASAL,EQ,98968,37481,37.87
20,352,ASALCBR,EQ,35289,18130,51.38
20,353,ASHALOG,ST,699000,606000,86.70
20,354,ASHAPURMIN,EQ,84852,53376,62.90
20,355,ASHIANA,EQ,36467,16527,45.32
20,356,ASHIMASYN,EQ,1482119,888027,59.92
20,357,ASHOKA,EQ,909646,294118,32.33
20,358,ASHOKAMET,EQ,47676,31062,65.15
20,359,ASHOKLEY,EQ,10675857,6447587,60.39
20,360,ASIANENE,EQ,123272,74370,60.33
20,361,ASIANHOTNR,EQ,4481,1080,24.10
20,362,ASIANPAINT,EQ,1280109,662103,51.72
20,363,ASIANTILES,EQ,2985963,1598026,53.52
20,364,ASKAUTOLTD,EQ,172115,92365,53.66
20,365,ASMS,EQ,229218,229215,100.00
20,366,ASPINWALL,EQ,77938,20888,26.80
20,367,ASPIRE,SM,8000,6000,75.00
20,368,ASTEC,EQ,9423,4180,44.36
20,369,ASTERDM,EQ,2309329,1362369,58.99
20,370,ASTRAL,EQ,183709,84186,45.83
20,371,ASTRAMICRO,EQ,220478,124473,56.46
20,372,ASTRAZEN,EQ,79675,20648,25.92
20,373,ATAM,EQ,94452,86474,91.55
20,374,ATFL,EQ,28300,15804,55.84
20,375,ATGL,EQ,3002300,1827279,60.86
20,376,ATL,EQ,355387,192880,54.27
20,377,ATMASTCO,ST,158400,156800,98.99
20,378,ATUL,EQ,56267,19717,35.04
20,379,AUBANK,EQ,1374881,734390,53.41
20,380,AURDIS,SM,6500,4500,69.23
20,381,AURIONPRO,EQ,116690,97187,83.29
20,382,AUROIMPEX,SM,11200,8000,71.43
20,383,AUROPHARMA,EQ,1977114,1221575,61.79
20,384,AURUM,EQ,320832,139798,43.57
20,385,AURUMPP1,E1,4040,3251,80.47
20,386,AUTOAXLES,EQ,29136,16952,58.18
20,387,AUTOBEES,EQ,116121,55002,47.37
20,388,AUTOIETF,EQ,433537,207107,47.77
20,389,AUTOIND,EQ,224926,101665,45.20
20,390,AVADHSUGAR,EQ,60542,23663,39.09
20,391,AVALON,EQ,61024,25787,42.26
20,392,AVANTEL,EQ,357226,205834,57.62
20,393,AVANTIFEED,EQ,1497138,253476,16.93
20,394,AVG,EQ,29093,16928,58.19
20,395,AVPINFRA,SM,107200,75200,70.15
20,396,AVROIND,EQ,67307,49536,73.60
20,397,AVTNPL,EQ,387699,175734,45.33
20,398,AWFIS,EQ,289766,97467,33.64
20,399,AWHCL,EQ,140867,64084,45.49
20,400,AWL,EQ,14683067,4496312,30.62
20,401,AXISBANK,EQ,7903428,4051471,51.26
20,402,AXISBNKETF,EQ,909,711,78.22
20,403,AXISBPSETF,EQ,71666,61868,86.33
20,404,AXISCADES,EQ,351174,164824,46.94
20,405,AXISCETF,EQ,4708,3011,63.95
20,406,AXISGOLD,EQ,2211455,2145304,97.01
20,407,AXISHCETF,EQ,6063,4320,71.25
20,408,AXISILVER,EQ,70735,63056,89.14
20,409,AXISNIFTY,EQ,7405,7050,95.21
20,410,AXISTECETF,EQ,2477,2143,86.52
20,411,AXITA,EQ,3976447,1534941,38.60
20,412,AXSENSEX,EQ,1079,729,67.56
20,413,AYMSYNTEX,EQ,130101,50973,39.18
20,414,AZAD,EQ,255678,96486,37.74
20,415,BABAFP,SM,11200,9600,85.71
20,416,BAGFILMS,EQ,385788,223216,57.86
20,417,BAHETI,SM,3750,2250,60.00
20,418,BAIDFIN,EQ,1645503,511806,31.10
20,419,BAJAJ-AUTO,EQ,365016,217755,59.66
20,420,BAJAJCON,EQ,459897,230170,50.05
20,421,BAJAJELEC,EQ,18333,8559,46.69
20,422,BAJAJFINSV,EQ,1683534,1084779,64.43
20,423,BAJAJHCARE,EQ,305219,148794,48.75
20,424,BAJAJHIND,EQ,15171361,4388904,28.93
20,425,BAJAJHLDNG,EQ,20264,8345,41.18
20,426,BAJEL,EQ,1546038,402425,26.03
20,427,BAJFINANCE,EQ,690389,344834,49.95
20,428,BALAJITELE,EQ,560740,219192,39.09
20,429,BALAMINES,EQ,377215,148454,39.36
20,430,BALAXI,EQ,56686,15861,27.98
20,431,BALKRISHNA,EQ,33740,17077,50.61
20,432,BALKRISIND,EQ,328216,239901,73.09
20,433,BALMLAWRIE,EQ,266799,117383,44.00
20,434,BALPHARMA,EQ,28813,12994,45.10
20,435,BALRAMCHIN,EQ,1713901,403651,23.55
20,436,BALUFORGE,EQ,2870508,770943,26.86
20,437,BANARBEADS,EQ,4610,2641,57.29
20,438,BANARISUG,EQ,2073,613,29.57
20,439,BANCOINDIA,EQ,64369,28781,44.71
20,440,BANDHANBNK,EQ,6762655,2553434,37.76
20,441,BANG,EQ,370680,100501,27.11
20,442,BANKBARODA,EQ,10738946,4556430,42.43
20,443,BANKBEES,EQ,1433681,1009776,70.43
20,444,BANKBETF,EQ,12411,7144,57.56
20,445,BANKETF,EQ,1567,1347,85.96
20,446,BANKETFADD,EQ,10403,9493,91.25
20,447,BANKIETF,EQ,136592,69790,51.09
20,448,BANKINDIA,EQ,10734357,5673519,52.85
20,449,BANKNIFTY1,EQ,73076,46651,63.84
20,450,BANSALWIRE,EQ,137633,69873,50.77
20,451,BANSWRAS,EQ,101902,67704,66.44
20,452,BARBEQUE,EQ,48889,27280,55.80
20,453,BASF,EQ,954911,148789,15.58
20,454,BASILIC,ST,25500,22500,88.24
20,455,BASML,EQ,213274,111470,52.27
20,456,BATAINDIA,EQ,270031,61498,22.77
20,457,BAWEJA,SM,24000,15200,63.33
20,458,BAYERCROP,EQ,32360,12400,38.32
20,459,BBETF0432,EQ,1177,705,59.90
20,460,BBL,EQ,24397,10749,44.06
20,461,BBNPNBETF,EQ,149,136,91.28
20,462,BBNPPGOLD,EQ,279,188,67.38
20,463,BBTC,EQ,352391,103909,29.49
20,464,BBTCL,EQ,5611,4695,83.67
20,465,BCLIND,EQ,1006855,421356,41.85
20,466,BCONCEPTS,EQ,13947,6561,47.04
20,467,BDL,EQ,1458258,461830,31.67
20,468,BEACON,SM,52000,30000,57.69
20,469,BEARDSELL,EQ,59691,13103,21.95
20,470,BECTORFOOD,EQ,73762,48908,66.31
20,471,BEDMUTHA,EQ,6198,4366,70.44
20,472,BEL,EQ,21963656,9204763,41.91
20,473,BEML,EQ,321678,65348,20.31
20,474,BEPL,EQ,865071,402750,46.56
20,475,BERGEPAINT,EQ,1314999,757039,57.57
20,476,BESTAGRO,EQ,41789,19745,47.25
20,477,BETA,SM,18200,15100,82.97
20,478,BEWLTD,SM,1375,1375,100.00
20,479,BFINVEST,EQ,31358,12895,41.12
20,480,BFSI,EQ,169976,139551,82.10
20,481,BFUTILITIE,EQ,168400,45377,26.95
20,482,BHAGCHEM,EQ,200350,112123,55.96
20,483,BHAGERIA,EQ,113276,42626,37.63
20,484,BHAGYANGR,EQ,88059,47062,53.44
20,485,BHANDARI,EQ,783425,503298,64.24
20,486,BHARATFORG,EQ,4108498,550310,13.39
20,487,BHARATGEAR,EQ,49966,26473,52.98
20,488,BHARATRAS,EQ,3323,1330,40.02
20,489,BHARATWIRE,EQ,63410,36357,57.34
20,490,BHARTIARTL,EQ,5986360,3545050,59.22
20,491,BHARTIHEXA,EQ,176544,110245,62.45
20,492,BHEL,EQ,11640751,2789855,23.97
20,493,BHINVIT,IV,272668,270329,99.14
20,494,BIGBLOC,EQ,73073,33446,45.77
20,495,BIKAJI,EQ,1740310,561422,32.26
20,496,BINANIIND,EQ,9810,5677,57.87
20,497,BIOCON,EQ,4003614,1365343,34.10
20,498,BIOFILCHEM,EQ,34936,16135,46.18
20,499,BIRDYS,ST,31200,31200,100.00
20,500,BIRET,RR,172604,162310,94.04
20,501,BIRLACABLE,EQ,181890,55941,30.76
20,502,BIRLACORPN,EQ,66231,37292,56.31
20,503,BIRLAMONEY,EQ,139197,58384,41.94
20,504,BLAL,EQ,103844,46771,45.04
20,505,BLISSGVS,EQ,249560,108020,43.28
20,506,BLKASHYAP,EQ,2515312,906855,36.05
20,507,BLS,EQ,15534011,3191866,20.55
20,508,BLSE,EQ,621105,421207,67.82
20,509,BLUEDART,EQ,4090,1575,38.51
20,510,BLUEJET,EQ,435474,313203,71.92
20,511,BLUEPEBBLE,SM,800,800,100.00
20,512,BLUESTARCO,EQ,288203,171455,59.49
20,513,BMETRICS,SM,16800,14000,83.33
20,514,BODALCHEM,EQ,957445,364214,38.04
20,515,BOMDYEING,EQ,1388725,430728,31.02
20,516,BOROLTD,EQ,1461365,455447,31.17
20,517,BORORENEW,EQ,1624199,312573,19.24
20,518,BOROSCI,EQ,729507,338740,46.43
20,519,BOSCHLTD,EQ,44900,16360,36.44
20,520,BPCL,EQ,15378854,7113175,46.25
20,521,BRIGADE,EQ,338145,177205,52.41
20,522,BRIGHT,SZ,417000,417000,100.00
20,523,BRITANNIA,EQ,271628,131434,48.39
20,524,BROOKS,EQ,78767,39301,49.90
20,525,BSE,EQ,3643222,1018747,27.96
20,526,BSE500IETF,EQ,88112,76088,86.35
20,527,BSHSL,EQ,60980,17752,29.11
20,528,BSL,EQ,70055,21971,31.36
20,529,BSLGOLDETF,EQ,697414,654364,93.83
20,530,BSLNIFTY,EQ,255077,190257,74.59
20,531,BSLSENETFG,EQ,1473,1093,74.20
20,532,BSOFT,EQ,3625933,1921177,52.98
20,533,BULKCORP,ST,117600,114000,96.94
20,534,BUTTERFLY,EQ,12859,7228,56.21
20,535,BVCL,EQ,35501,19459,54.81
20,536,CADSYS,SM,10000,7000,70.00
20,537,CALSOFT,EQ,49709,39466,79.39
20,538,CAMLINFINE,EQ,474522,205833,43.38
20,539,CAMPUS,EQ,317544,127416,40.13
20,540,CAMS,EQ,1061607,199302,18.77
20,541,CANARYS,ST,56000,48000,85.71
20,542,CANBK,EQ,17399682,6471755,37.19
20,543,CANFINHOME,EQ,1032271,755477,73.19
20,544,CANTABIL,EQ,210847,93567,44.38
20,545,CAPACITE,EQ,998066,429761,43.06
20,546,CAPITALSFB,EQ,29170,15534,53.25
20,547,CAPLIPOINT,EQ,312147,144689,46.35
20,548,CAPTRUST,EQ,36152,11545,31.93
20,549,CARBORUNIV,EQ,285303,182433,63.94
20,550,CAREERP,EQ,35927,14841,41.31
20,551,CARERATING,EQ,132868,77480,58.31
20,552,CARTRADE,EQ,172435,105540,61.21
20,553,CARYSIL,EQ,509641,131601,25.82
20,554,CASTROLIND,EQ,6078049,2213079,36.41
20,555,CCL,EQ,1605590,264134,16.45
20,556,CDSL,EQ,3475027,922120,26.54
20,557,CEATLTD,EQ,275647,165746,60.13
20,558,CEIGALL,EQ,14377496,8004421,55.67
20,559,CELEBRITY,EQ,236593,135261,57.17
20,560,CELLECOR,SM,136800,79200,57.89
20,561,CELLO,EQ,62332,35038,56.21
20,562,CELLPOINT,SM,18000,16800,93.33
20,563,CENTENKA,EQ,473870,108592,22.92
20,564,CENTEXT,EQ,265206,134812,50.83
20,565,CENTRALBK,EQ,7622637,1470840,19.30
20,566,CENTRUM,EQ,593837,250641,42.21
20,567,CENTUM,EQ,4307,2176,50.52
20,568,CENTURYPLY,EQ,196016,77032,39.30
20,569,CENTURYTEX,EQ,164890,98055,59.47
20,570,CERA,EQ,92897,36362,39.14
20,571,CESC,EQ,5889711,2790702,47.38
20,572,CGCL,EQ,115628,56117,48.53
20,573,CGPOWER,EQ,2573333,1758480,68.33
20,574,CGRAPHICS,SM,70400,41600,59.09
20,575,CHALET,EQ,37211,15241,40.96
20,576,CHAMBLFERT,EQ,5038380,1473864,29.25
20,577,CHAVDA,SM,43000,34000,79.07
20,578,CHEMBOND,EQ,45191,36249,80.21
20,579,CHEMCON,EQ,72853,30387,41.71
20,580,CHEMFAB,EQ,57457,37810,65.81
20,581,CHEMPLASTS,EQ,2966576,713110,24.04
20,582,CHENNPETRO,EQ,421105,146877,34.88
20,583,CHETANA,ST,307200,283200,92.19
20,584,CHEVIOT,EQ,81548,17690,21.69
20,585,CHOICEIN,EQ,388526,78538,20.21
20,586,CHOLAFIN,EQ,451732,186899,41.37
20,587,CHOLAHLDNG,EQ,106335,68228,64.16
20,588,CIEINDIA,EQ,217856,146912,67.44
20,589,CIGNITITEC,EQ,44571,30198,67.75
20,590,CINELINE,EQ,16137,11358,70.38
20,591,CINEVISTA,EQ,28422,24002,84.45
20,592,CIPLA,EQ,3541556,1952295,55.13
20,593,CLEAN,EQ,211946,58884,27.78
20,594,CLEDUCATE,EQ,233687,130638,55.90
20,595,CLOUD,ST,149000,127000,85.23
20,596,CLSEL,EQ,1487614,573120,38.53
20,597,CLSL,SM,60000,48000,80.00
20,598,CMMIPL,ST,27000,27000,100.00
20,599,CMNL,SM,187500,105000,56.00
20,600,CMRSL,SM,12000,12000,100.00
20,601,CMSINFO,EQ,373164,220791,59.17
20,602,COALINDIA,EQ,13624148,7019557,51.52
20,603,COASTCORP,EQ,21061,13031,61.87
20,604,COCHINSHIP,EQ,1655089,498643,30.13
20,605,COFFEEDAY,EQ,1708728,548959,32.13
20,606,COFORGE,EQ,268749,155216,57.76
20,607,COLPAL,EQ,450828,278380,61.75
20,608,COMMITTED,SM,76800,62400,81.25
20,609,COMMOIETF,EQ,75984,50386,66.31
20,610,COMPUSOFT,EQ,89889,49219,54.76
20,611,COMSYN,EQ,44926,6893,15.34
20,612,CONCOR,EQ,1329610,543201,40.85
20,613,CONCORDBIO,EQ,50212,25543,50.87
20,614,CONFIPET,EQ,1783701,558088,31.29
20,615,CONS,EQ,3608,1144,31.71
20,616,CONSOFINVT,EQ,14167,7175,50.65
20,617,CONSUMBEES,EQ,43341,29833,68.83
20,618,CONSUMIETF,EQ,7706,2718,35.27
20,619,CONTI,ST,39996,39996,100.00
20,620,CONTROLPR,EQ,30441,18193,59.76
20,621,COOLCAPS,SM,1000,1000,100.00
20,622,CORALFINAC,EQ,40311,17786,44.12
20,623,COROMANDEL,EQ,1346743,454693,33.76
20,624,COSMOFIRST,EQ,274288,138682,50.56
20,625,CPSEETF,EQ,8516262,6129905,71.98
20,626,CRAFTSMAN,EQ,49446,7142,14.44
20,627,CRAYONS,SM,30000,22000,73.33
20,628,CREATIVE,EQ,7507,4096,54.56
20,629,CREDITACC,EQ,196392,112164,57.11
20,630,CREST,EQ,26458,11287,42.66
20,631,CRISIL,EQ,105398,51930,49.27
20,632,CROMPTON,EQ,2103583,1119247,53.21
20,633,CSBBANK,EQ,195360,104048,53.26
20,634,CSLFINANCE,EQ,40236,23469,58.33
20,635,CUB,EQ,2270065,848102,37.36
20,636,CUMMINSIND,EQ,993412,474308,47.75
20,637,CYBERMEDIA,EQ,79483,32375,40.73
20,638,CYBERTECH,EQ,88149,41963,47.60
20,639,CYIENT,EQ,394204,281889,71.51
20,640,CYIENTDLM,EQ,98598,52080,52.82
20,641,DABUR,EQ,1528269,951332,62.25
20,642,DALBHARAT,EQ,890191,712538,80.04
20,643,DALMIASUG,EQ,39269,15582,39.68
20,644,DAMODARIND,EQ,40590,24674,60.79
20,645,DANGEE,EQ,140909,99104,70.33
20,646,DATAMATICS,EQ,70648,34213,48.43
20,647,DATAPATTNS,EQ,139457,37695,27.03
20,648,DAVANGERE,EQ,3282143,1505619,45.87
20,649,DBCORP,EQ,209922,104001,49.54
20,650,DBL,EQ,1232602,325230,26.39
20,651,DBOL,EQ,134794,58534,43.42
20,652,DBREALTY,EQ,2540668,1049367,41.30
20,653,DBSTOCKBRO,EQ,328201,106116,32.33
20,654,DCAL,EQ,1284525,508902,39.62
20,655,DCBBANK,EQ,1563090,904028,57.84
20,656,DCG,ST,39600,37200,93.94
20,657,DCM,EQ,136281,84615,62.09
20,658,DCMFINSERV,EQ,39306,31106,79.14
20,659,DCMSHRIRAM,EQ,968417,204430,21.11
20,660,DCMSRIND,EQ,386853,196082,50.69
20,661,DCW,EQ,16850263,6310358,37.45
20,662,DECCANCE,EQ,24952,11138,44.64
20,663,DEEDEV,EQ,178095,90636,50.89
20,664,DEEM,SM,10000,7000,70.00
20,665,DEEPAKFERT,EQ,1982316,530995,26.79
20,666,DEEPAKNTR,EQ,252128,55892,22.17
20,667,DEEPENR,EQ,56053,27005,48.18
20,668,DEEPINDS,EQ,415890,168640,40.55
20,669,DELAPLEX,SM,6000,6000,100.00
20,670,DELHIVERY,EQ,4445881,3177852,71.48
20,671,DELTACORP,EQ,1165658,474979,40.75
20,672,DELTAMAGNT,EQ,14814,11278,76.13
20,673,DEN,EQ,1112798,454693,40.86
20,674,DENEERS,SM,1200,1200,100.00
20,675,DENORA,EQ,8792,4734,53.84
20,676,DENTALKART,SM,12250,7000,57.14
20,677,DESTINY,SM,69000,69000,100.00
20,678,DEVIT,EQ,61387,35374,57.62
20,679,DEVYANI,EQ,1799742,910264,50.58
20,680,DHAMPURSUG,EQ,338099,114446,33.85
20,681,DHANBANK,EQ,2047704,660646,32.26
20,682,DHANI,EQ,2320904,728301,31.38
20,683,DHANUKA,EQ,102182,40479,39.61
20,684,DHARIWAL,ST,872400,871200,99.86
20,685,DHARMAJ,EQ,284603,115875,40.71
20,686,DHTL,SM,20800,17600,84.62
20,687,DHUNINV,EQ,2946,1413,47.96
20,688,DIAMINESQ,EQ,27998,17089,61.04
20,689,DIAMONDYD,EQ,59860,39763,66.43
20,690,DICIND,EQ,19752,9059,45.86
20,691,DIGIKORE,ST,3200,3200,100.00
20,692,DIL,EQ,284872,216486,75.99
20,693,DISHTV,EQ,11550598,2659410,23.02
20,694,DIVGIITTS,EQ,42137,22765,54.03
20,695,DIVISLAB,EQ,722958,261514,36.17
20,696,DIVOPPBEES,EQ,77741,55630,71.56
20,697,DIXON,EQ,287000,90787,31.63
20,698,DKEGL,SM,3000,3000,100.00
20,699,DLF,EQ,2365759,912945,38.59
20,700,DLINKINDIA,EQ,182921,67313,36.80
20,701,DLSL25,NW,12,12,100.00
20,702,DMART,EQ,348300,214216,61.50
20,703,DMCC,EQ,9854,7688,78.02
20,704,DODLA,EQ,62526,30765,49.20
20,705,DOLATALGO,EQ,1786455,672106,37.62
20,706,DOLLAR,EQ,47882,23007,48.05
20,707,DOMS,EQ,23840,10734,45.03
20,708,DONEAR,EQ,271867,109941,40.44
20,709,DPABHUSHAN,EQ,7618,4366,57.31
20,710,DPEL,SM,261000,165000,63.22
20,711,DPSCLTD,EQ,1196053,707757,59.17
20,712,DPWIRES,EQ,16796,8836,52.61
20,713,DREAMFOLKS,EQ,421014,199743,47.44
20,714,DRONE,ST,42000,34000,80.95
20,715,DRREDDY,EQ,541168,216922,40.08
20,716,DRSDILIP,SM,800,800,100.00
20,717,DSSL,EQ,15354,7584,49.39
20,718,DTIL,EQ,33914,14397,42.45
20,719,DTL,SM,72000,64800,90.00
20,720,DUCOL,ST,5600,4800,85.71
20,721,DUCON,EQ,3762964,1580901,42.01
20,722,DUGLOBAL,SM,42500,32500,76.47
20,723,DURLAX,SM,78000,50000,64.10
20,724,DVL,EQ,128719,46462,36.10
20,725,DWARKESH,EQ,603544,209319,34.68
20,726,DYCL,EQ,35493,14800,41.70
20,727,DYNAMATECH,EQ,19493,16675,85.54
20,728,DYNAMIC,SM,17000,14000,82.35
20,729,EASEMYTRIP,EQ,5370780,1997903,37.20
20,730,EBBETF0425,EQ,9302,5418,58.25
20,731,EBBETF0430,EQ,4554,3875,85.09
20,732,EBBETF0431,EQ,8037,7170,89.21
20,733,EBBETF0433,EQ,13085,10274,78.52
20,734,ECLERX,EQ,66124,48216,72.92
20,735,EDELWEISS,EQ,16152938,4691668,29.05
20,736,EFACTOR,SM,8000,8000,100.00
20,737,EFFWA,SM,512000,294400,57.50
20,738,EFORCE,SM,24000,15600,65.00
20,739,EGOLD,EQ,104177,101117,97.06
20,740,EICHERMOT,EQ,979435,567556,57.95
20,741,EIDPARRY,EQ,313923,104626,33.33
20,742,EIFFL,EQ,90463,54659,60.42
20,743,EIHAHOTELS,EQ,30653,18768,61.23
20,744,EIHOTEL,EQ,746151,301041,40.35
20,745,EKC,EQ,565373,264692,46.82
20,746,ELDEHSG,EQ,5381,2102,39.06
20,747,ELECON,EQ,276266,119109,43.11
20,748,ELECTCAST,EQ,1542112,569232,36.91
20,749,ELGIEQUIP,EQ,67054,35371,52.75
20,750,ELIN,EQ,989323,361238,36.51
20,751,EMAMILTD,EQ,286995,139388,48.57
20,752,EMAMIPAP,EQ,41922,23475,56.00
20,753,EMAMIREAL,EQ,35597,21871,61.44
20,754,EMBASSY,RR,489308,409919,83.78
20,755,EMBDL,EQ,3983790,1659936,41.67
20,756,EMCURE,EQ,102065,49609,48.61
20,757,EMIL,EQ,379724,190786,50.24
20,758,EMMBI,EQ,22505,12855,57.12
20,759,EMMIL,SM,18000,15000,83.33
20,760,EMSLIMITED,EQ,2119263,457539,21.59
20,761,EMUDHRA,EQ,94598,39729,42.00
20,762,ENDURANCE,EQ,50864,27975,55.00
20,763,ENFUSE,ST,13200,13200,100.00
20,764,ENGINERSIN,EQ,4118270,1646744,39.99
20,765,ENIL,EQ,56853,21956,38.62
20,766,ENSER,SM,62000,50000,80.65
20,767,ENTERO,EQ,63971,42515,66.46
20,768,EPACK,EQ,419434,200227,47.74
20,769,EPIGRAL,EQ,446042,138399,31.03
20,770,EPL,EQ,499433,280061,56.08
20,771,EQUAL50ADD,EQ,4868,3212,65.98
20,772,EQUITASBNK,EQ,3587285,2240645,62.46
20,773,ERIS,EQ,312945,185472,59.27
20,774,EROSMEDIA,EQ,509989,264184,51.80
20,775,ESABINDIA,EQ,4665,1869,40.06
20,776,ESAFSFB,EQ,585950,307420,52.47
20,777,ESCONET,ST,18400,18400,100.00
20,778,ESCORTS,EQ,241999,108261,44.74
20,779,ESFL,SM,45000,34800,77.33
20,780,ESG,EQ,110939,98292,88.60
20,781,ESILVER,EQ,56584,56219,99.35
20,782,ESPRIT,ST,193600,182400,94.21
20,783,ESTER,EQ,322942,114133,35.34
20,784,ETHOSLTD,EQ,21582,12925,59.89
20,785,EUROBOND,SM,5000,3000,60.00
20,786,EUROTEXIND,EQ,522,520,99.62
20,787,EVEREADY,EQ,389994,142696,36.59
20,788,EVERESTIND,EQ,10112,4498,44.48
20,789,EVINDIA,EQ,514444,405478,78.82
20,790,EXCELINDUS,EQ,105074,71028,67.60
20,791,EXIDEIND,EQ,2688578,918608,34.17
20,792,EXPLEOSOL,EQ,12125,6553,54.05
20,793,EXXARO,EQ,52035,26511,50.95
20,794,FACT,EQ,293169,75267,25.67
20,795,FAIRCHEMOR,EQ,12564,5260,41.87
20,796,FALCONTECH,SM,22800,16800,73.68
20,797,FAZE3Q,EQ,64133,25354,39.53
20,798,FCL,EQ,259836,110747,42.62
20,799,FCSSOFT,EQ,5595713,2577826,46.07
20,800,FDC,EQ,418177,162283,38.81
20,801,FEDERALBNK,EQ,5630502,2228102,39.57
20,802,FEDFINA,EQ,370571,228685,61.71
20,803,FELIX,SM,12000,9000,75.00
20,804,FIDEL,SM,13000,9000,69.23
20,805,FIEMIND,EQ,93678,52671,56.23
20,806,FILATEX,EQ,2761490,1170712,42.39
20,807,FILATFASH,EQ,23279185,8268218,35.52
20,808,FINCABLES,EQ,107762,59746,55.44
20,809,FINEORG,EQ,23668,8514,35.97
20,810,FINIETF,EQ,83103,58624,70.54
20,811,FINOPB,EQ,736570,269446,36.58
20,812,FINPIPE,EQ,313492,125769,40.12
20,813,FIVESTAR,EQ,333037,153562,46.11
20,814,FLAIR,EQ,40604,21247,52.33
20,815,FLUOROCHEM,EQ,109543,54577,49.82
20,816,FMCGIETF,EQ,395973,334760,84.54
20,817,FMGOETZE,EQ,317851,187761,59.07
20,818,FMNL,EQ,42544,23166,54.45
20,819,FOCE,SM,200,200,100.00
20,820,FOCUS,EQ,1544662,666848,43.17
20,821,FONEBOX,SM,13000,10000,76.92
20,822,FOODSIN,EQ,307951,165837,53.85
20,823,FORCEMOT,EQ,20927,8559,40.90
20,824,FORTIS,EQ,843964,406728,48.19
20,825,FOSECOIND,EQ,5386,2056,38.17
20,826,FROG,SM,66400,38000,57.23
20,827,FSL,EQ,4674985,888589,19.01
20,828,FUSION,EQ,5294642,2294928,43.34
20,829,GABRIEL,EQ,134888,55899,41.44
20,830,GAEL,EQ,511362,258862,50.62
20,831,GAIL,EQ,13656192,6527914,47.80
20,832,GALAXYSURF,EQ,16252,8424,51.83
20,833,GANDHAR,EQ,383315,192343,50.18
20,834,GANDHITUBE,EQ,3312,2058,62.14
20,835,GANECOS,EQ,95920,51641,53.84
20,836,GANESHBE,EQ,155824,74668,47.92
20,837,GANESHHOUC,EQ,32537,16598,51.01
20,838,GANGESSECU,EQ,12629,10015,79.30
20,839,GARFIBRES,EQ,48912,10383,21.23
20,840,GATECH,EQ,2002379,1475785,73.70
20,841,GATEWAY,EQ,631503,256575,40.63
20,842,GEECEE,EQ,113530,44142,38.88
20,843,GEEKAYWIRE,EQ,98680,57713,58.49
20,844,GENESYS,EQ,149391,75307,50.41
20,845,GENSOL,EQ,84123,46393,55.15
20,846,GENUSPAPER,EQ,1578185,639153,40.50
20,847,GENUSPOWER,EQ,1111954,598428,53.82
20,848,GEOJITFSL,EQ,1089829,394120,36.16
20,849,GESHIP,EQ,757146,303976,40.15
20,850,GFLLIMITED,EQ,47214,24666,52.24
20,851,GGBL,SM,174000,105000,60.34
20,852,GHCL,EQ,622740,198013,31.80
20,853,GHCLTEXTIL,EQ,933401,339591,36.38
20,854,GICHSGFIN,EQ,311559,115767,37.16
20,855,GICL,SM,51000,39000,76.47
20,856,GICRE,EQ,2694746,510030,18.93
20,857,GILLANDERS,EQ,3841,2826,73.57
20,858,GILLETTE,EQ,20541,10676,51.97
20,859,GILT5YBEES,EQ,385567,349535,90.65
20,860,GINNIFILA,EQ,59344,32750,55.19
20,861,GIPCL,EQ,641583,348595,54.33
20,862,GIRIRAJ,SM,27500,22500,81.82
20,863,GKWLIMITED,EQ,138,95,68.84
20,864,GLAND,EQ,384599,187909,48.86
20,865,GLAXO,EQ,178410,68865,38.60
20,866,GLENMARK,EQ,421207,196369,46.62
20,867,GLOBAL,EQ,57833,34157,59.06
20,868,GLOBALPET,SM,1500,1500,100.00
20,869,GLOBUSSPR,EQ,270678,145133,53.62
20,870,GLOSTERLTD,EQ,6514,3847,59.06
20,871,GLS,EQ,103355,41645,40.29
20,872,GMBREW,EQ,41525,20580,49.56
20,873,GMDCLTD,EQ,958113,333802,34.84
20,874,GMMPFAUDLR,EQ,330987,156077,47.16
20,875,GMRINFRA,EQ,31402322,12960499,41.27
20,876,GMRP&UI,EQ,5424879,3822592,70.46
20,877,GNA,EQ,38483,21888,56.88
20,878,GNFC,EQ,822495,293677,35.71
20,879,GOACARBON,EQ,81198,25042,30.84
20,880,GOCLCORP,EQ,64542,37717,58.44
20,881,GOCOLORS,EQ,21389,10034,46.91
20,882,GODFRYPHLP,EQ,52186,21764,41.70
20,883,GODIGIT,EQ,380056,208973,54.98
20,884,GODREJAGRO,EQ,251271,114510,45.57
20,885,GODREJCP,EQ,2786418,1262819,45.32
20,886,GODREJIND,EQ,63067,25649,40.67
20,887,GODREJPROP,EQ,513992,245156,47.70
20,888,GOKEX,EQ,1284906,335080,26.08
20,889,GOKUL,EQ,155268,64608,41.61
20,890,GOKULAGRO,EQ,781916,170516,21.81
20,891,GOLD1,EQ,764044,722883,94.61
20,892,GOLDBEES,EQ,14463600,11455210,79.20
20,893,GOLDCASE,EQ,459191,448204,97.61
20,894,GOLDETF,EQ,313860,237131,75.55
20,895,GOLDETFADD,EQ,350072,349630,99.87
20,896,GOLDIAM,EQ,1778259,684342,38.48
20,897,GOLDIETF,EQ,3452969,3061658,88.67
20,898,GOLDSHARE,EQ,293261,271668,92.64
20,899,GOLDSTAR,SM,495000,236250,47.73
20,900,GOLDTECH,EQ,594898,175880,29.56
20,901,GOODLUCK,EQ,51800,30712,59.29
20,902,GOPAL,EQ,115889,63296,54.62
20,903,GOYALALUM,EQ,275021,140345,51.03
20,904,GOYALSALT,SM,10200,7800,76.47
20,905,GPECO,SM,51600,26400,51.16
20,906,GPIL,EQ,463870,204686,44.13
20,907,GPPL,EQ,14172607,2739496,19.33
20,908,GPTHEALTH,EQ,229194,100767,43.97
20,909,GPTINFRA,EQ,304488,211032,69.31
20,910,GRANULES,EQ,2609639,1089230,41.74
20,911,GRAPHISAD,SM,16800,13200,78.57
20,912,GRAPHITE,EQ,1398888,414272,29.61
20,913,GRASIM,EQ,1199236,674944,56.28
20,914,GRAVITA,EQ,1047724,251621,24.02
20,915,GRCL,SM,1000,1000,100.00
20,916,GREAVESCOT,EQ,5090587,1618264,31.79
20,917,GREENCHEF,SM,12000,8800,73.33
20,918,GREENLAM,EQ,13782,6875,49.88
20,919,GREENPANEL,EQ,388962,183662,47.22
20,920,GREENPLY,EQ,338390,146478,43.29
20,921,GREENPOWER,EQ,36052022,15347538,42.57
20,922,GRINDWELL,EQ,22096,9554,43.24
20,923,GRINFRA,EQ,30737,17786,57.87
20,924,GRMOVER,EQ,144744,63325,43.75
20,925,GROBTEA,EQ,144,92,63.89
20,926,GRSE,EQ,1771919,544294,30.72
20,927,GRWRHITECH,EQ,447451,193724,43.30
20,928,GSEC10YEAR,EQ,1701,1191,70.02
20,929,GSEC5IETF,EQ,2007,1873,93.32
20,930,GSFC,EQ,1877308,673087,35.85
20,931,GSLSU,EQ,93400,39642,42.44
20,932,GSMFOILS,ST,12000,12000,100.00
20,933,GSPL,EQ,825283,479520,58.10
20,934,GSTL,ST,21000,18000,85.71
20,935,GTL,EQ,4683236,2970081,63.42
20,936,GTLINFRA,EQ,320444246,114065827,35.60
20,937,GTPL,EQ,31839,13948,43.81
20,938,GUFICBIO,EQ,96035,46337,48.25
20,939,GUJALKALI,EQ,52631,24461,46.48
20,940,GUJAPOLLO,EQ,201120,96556,48.01
20,941,GUJGASLTD,EQ,488110,133324,27.31
20,942,GUJRAFFIA,EQ,20895,10932,52.32
20,943,GULFOILLUB,EQ,194624,76915,39.52
20,944,GULFPETRO,EQ,170958,75210,43.99
20,945,GULPOLY,EQ,144547,61172,42.32
20,946,GVPTECH,EQ,67022,44038,65.71
20,947,HAL,EQ,1301394,374507,28.78
20,948,HAPPSTMNDS,EQ,354572,193487,54.57
20,949,HAPPYFORGE,EQ,32217,17405,54.02
20,950,HARDWYN,EQ,72565,42574,58.67
20,951,HARIOMPIPE,EQ,105850,45266,42.76
20,952,HARRMALAYA,EQ,28250,13083,46.31
20,953,HARSHA,EQ,145072,75327,51.92
20,954,HATHWAY,EQ,7307095,2804857,38.39
20,955,HATSUN,EQ,202292,75716,37.43
20,956,HAVELLS,EQ,811391,538846,66.41
20,957,HAVISHA,EQ,147777,95922,64.91
20,958,HBLPOWER,EQ,3388189,1279978,37.78
20,959,HCC,EQ,20562484,7305257,35.53
20,960,HCG,EQ,147512,86131,58.39
20,961,HCL-INSYS,EQ,561507,267584,47.65
20,962,HCLTECH,EQ,2373805,1378724,58.08
20,963,HDFCAMC,EQ,386410,219704,56.86
20,964,HDFCBANK,EQ,16988475,9472859,55.76
20,965,HDFCBSE500,EQ,89818,58074,64.66
20,966,HDFCGOLD,EQ,3138458,2653305,84.54
20,967,HDFCGROWTH,EQ,8693,6377,73.36
20,968,HDFCLIFE,EQ,5953315,3221799,54.12
20,969,HDFCLIQUID,EQ,2062,1037,50.29
20,970,HDFCLOWVOL,EQ,11619,10153,87.38
20,971,HDFCMID150,EQ,138383,105809,76.46
20,972,HDFCMOMENT,EQ,97853,58834,60.12
20,973,HDFCNEXT50,EQ,20030,15615,77.96
20,974,HDFCNIF100,EQ,30130,27246,90.43
20,975,HDFCNIFBAN,EQ,20525,18739,91.30
20,976,HDFCNIFIT,EQ,15370,13549,88.15
20,977,HDFCNIFTY,EQ,30363,24036,79.16
20,978,HDFCPSUBK,EQ,26747,16043,59.98
20,979,HDFCPVTBAN,EQ,172413,143626,83.30
20,980,HDFCQUAL,EQ,2988,2380,79.65
20,981,HDFCSENSEX,EQ,28345,19013,67.08
20,982,HDFCSILVER,EQ,470297,405772,86.28
20,983,HDFCSML250,EQ,309599,156175,50.44
20,984,HDFCVALUE,EQ,17122,16328,95.36
20,985,HEADSUP,EQ,25984,19628,75.54
20,986,HEALTHADD,EQ,1159,979,84.47
20,987,HEALTHIETF,EQ,39982,19719,49.32
20,988,HEALTHY,EQ,329023,224632,68.27
20,989,HEG,EQ,75380,27040,35.87
20,990,HEIDELBERG,EQ,238986,109717,45.91
20,991,HEMIPROP,EQ,504373,213410,42.31
20,992,HERANBA,EQ,79910,37399,46.80
20,993,HERCULES,EQ,257174,76604,29.79
20,994,HERITGFOOD,EQ,795568,440456,55.36
20,995,HEROMOTOCO,EQ,243559,107110,43.98
20,996,HESTERBIO,EQ,18886,7076,37.47
20,997,HEUBACHIND,EQ,60637,28581,47.13
20,998,HEXATRADEX,EQ,36085,26286,72.84
20,999,HFCL,EQ,90092092,16428963,18.24
20,1000,HGINFRA,EQ,278907,87381,31.33
20,1001,HGS,EQ,175101,113306,64.71
20,1002,HIGREEN,SM,65600,44000,67.07
20,1003,HIKAL,EQ,388705,206367,53.09
20,1004,HIL,EQ,7739,4603,59.48
20,1005,HILTON,EQ,84033,36010,42.85
20,1006,HIMATSEIDE,EQ,1319061,572528,43.40
20,1007,HINDALCO,EQ,5396272,2684513,49.75
20,1008,HINDCOMPOS,EQ,8845,3649,41.25
20,1009,HINDCON,EQ,80637,56865,70.52
20,1010,HINDCOPPER,EQ,3603263,1251822,34.74
20,1011,HINDMOTORS,EQ,3139226,1298060,41.35
20,1012,HINDOILEXP,EQ,2821843,941067,33.35
20,1013,HINDPETRO,EQ,14723158,8252007,56.05
20,1014,HINDUNILVR,EQ,1464161,843487,57.61
20,1015,HINDWAREAP,EQ,107916,67289,62.35
20,1016,HINDZINC,EQ,752219,460738,61.25
20,1017,HIRECT,EQ,19198,10608,55.26
20,1018,HISARMETAL,EQ,9229,4466,48.39
20,1019,HITECH,EQ,1004387,396496,39.48
20,1020,HITECHCORP,EQ,13065,7265,55.61
20,1021,HITECHGEAR,EQ,8708,6502,74.67
20,1022,HLEGLAS,EQ,85856,52252,60.86
20,1023,HLVLTD,EQ,892071,467884,52.45
20,1024,HMAAGRO,EQ,1532407,1437087,93.78
20,1025,HMVL,EQ,159897,47830,29.91
20,1026,HNDFDS,EQ,32517,18000,55.36
20,1027,HNGSNGBEES,EQ,113658,75284,66.24
20,1028,HOACFOODS,SM,3000,3000,100.00
20,1029,HOLMARC,SM,1500,1500,100.00
20,1030,HOMEFIRST,EQ,170924,108005,63.19
20,1031,HOMESFY,SM,5400,4800,88.89
20,1032,HONASA,EQ,4382389,583492,13.31
20,1033,HONAUT,EQ,5450,3306,60.66
20,1034,HONDAPOWER,EQ,9869,4776,48.39
20,1035,HOVS,EQ,213688,137139,64.18
20,1036,HPAL,EQ,186015,84071,45.20
20,1037,HPIL,EQ,2934,357,12.17
20,1038,HPL,EQ,484318,219881,45.40
20,1039,HRHNEXT,SM,9000,9000,100.00
20,1040,HSCL,EQ,1129899,578554,51.20
20,1041,HTMEDIA,EQ,438571,139916,31.90
20,1042,HUDCO,EQ,9655442,3511809,36.37
20,1043,HUHTAMAKI,EQ,1154338,384056,33.27
20,1044,HYBRIDFIN,EQ,83683,71054,84.91
20,1045,IBLFL,SM,6000,6000,100.00
20,1046,ICCL25,NS,9,9,100.00
20,1047,ICEMAKE,EQ,462205,190646,41.25
20,1048,ICICIB22,EQ,1597161,1386623,86.82
20,1049,ICICIBANK,EQ,10806438,5792396,53.60
20,1050,ICICIGI,EQ,993016,579807,58.39
20,1051,ICICIPRULI,EQ,1931611,802472,41.54
20,1052,ICIL,EQ,163846,87960,53.68
20,1053,ICRA,EQ,8267,4997,60.45
20,1054,IDBI,EQ,17581854,3687257,20.97
20,1055,IDEA,EQ,346746624,117114677,33.78
20,1056,IDEAFORGE,EQ,192111,75901,39.51
20,1057,IDFC,EQ,5269055,3063122,58.13
20,1058,IDFCFIRSTB,EQ,15757882,7675532,48.71
20,1059,IDFNIFTYET,EQ,890,494,55.51
20,1060,IEL,EQ,585428,363203,62.04
20,1061,IEML,SM,9000,7000,77.78
20,1062,IEX,EQ,16338322,4009854,24.54
20,1063,IFBIND,EQ,110460,39026,35.33
20,1064,IFCI,EQ,32648247,7602300,23.29
20,1065,IFCIZC24,NI,425,425,100.00
20,1066,IFGLEXPOR,EQ,16507,7702,46.66
20,1067,IGARASHI,EQ,2306833,400886,17.38
20,1068,IGL,EQ,1093035,661616,60.53
20,1069,IGPL,EQ,35058,19150,54.62
20,1070,IIFL,EQ,712558,321615,45.14
20,1071,IIFLSEC,EQ,1102788,519292,47.09
20,1072,IIFLZC24,NK,1000,1000,100.00
20,1073,IIFLZC25A,NP,1940,1940,100.00
20,1074,IIFLZC25B,NW,20,15,75.00
20,1075,IIFLZC28,NG,20,20,100.00
20,1076,IITL,EQ,620087,572004,92.25
20,1077,IKIO,EQ,224743,123292,54.86
20,1078,IMAGICAA,EQ,18550710,7225501,38.95
20,1079,IMC1,N0,27,27,100.00
20,1080,IMC1,N1,153,153,100.00
20,1081,IMC1,N2,34,17,50.00
20,1082,IMC1,N3,27,27,100.00
20,1083,IMFA,EQ,33364,17812,53.39
20,1084,IMPAL,EQ,3832,2056,53.65
20,1085,INCREDIBLE,EQ,1304251,276877,21.23
20,1086,INDBANK,EQ,216883,91118,42.01
20,1087,INDGN,EQ,530197,291115,54.91
20,1088,INDHOTEL,EQ,1845858,962098,52.12
20,1089,INDIACEM,EQ,944813,470030,49.75
20,1090,INDIAGLYCO,EQ,211995,91538,43.18
20,1091,INDIAMART,EQ,301925,141790,46.96
20,1092,INDIANB,EQ,823836,413039,50.14
20,1093,INDIANCARD,EQ,4622,3253,70.38
20,1094,INDIANHUME,EQ,480396,156695,32.62
20,1095,INDIASHLTR,EQ,369797,174521,47.19
20,1096,INDIFRA,SM,26000,22000,84.62
20,1097,INDIGO,EQ,374911,234989,62.68
20,1098,INDIGOPNTS,EQ,50502,24901,49.31
20,1099,INDIGRID,IV,431896,401924,93.06
20,1100,INDNIPPON,EQ,17667,8769,49.63
20,1101,INDOAMIN,EQ,614965,245652,39.95
20,1102,INDOBORAX,EQ,65413,31523,48.19
20,1103,INDOCO,EQ,36938,20314,54.99
20,1104,INDORAMA,EQ,166284,75100,45.16
20,1105,INDOSTAR,EQ,386785,246424,63.71
20,1106,INDOTHAI,EQ,110837,57629,51.99
20,1107,INDRAMEDCO,EQ,961224,397660,41.37
20,1108,INDSWFTLAB,EQ,605030,255514,42.23
20,1109,INDSWFTLTD,EQ,85955,56845,66.13
20,1110,INDTERRAIN,EQ,638692,287710,45.05
20,1111,INDUSINDBK,EQ,3669342,1487992,40.55
20,1112,INDUSTOWER,EQ,14007899,9272974,66.20
20,1113,INFIBEAM,EQ,57174786,17025100,29.78
20,1114,INFINIUM,SM,12500,10000,80.00
20,1115,INFOBEAN,EQ,8648,4132,47.78
20,1116,INFOLLION,ST,8000,6400,80.00
20,1117,INFRABEES,EQ,15813,9572,60.53
20,1118,INFRAIETF,EQ,108875,50434,46.32
20,1119,INFY,EQ,6227910,3258191,52.32
20,1120,INGERRAND,EQ,30613,11656,38.08
20,1121,INM,SM,12000,9600,80.00
20,1122,INNOVACAP,EQ,74806,41622,55.64
20,1123,INNOVANA,SM,10800,7600,70.37
20,1124,INOXGREEN,EQ,2601647,1412658,54.30
20,1125,INOXINDIA,EQ,119537,47093,39.40
20,1126,INOXWIND,EQ,8013791,3349305,41.79
20,1127,INSECTICID,EQ,247263,120411,48.70
20,1128,INSPIRE,SM,6000,6000,100.00
20,1129,INSPIRISYS,EQ,40184,27929,69.50
20,1130,INTELLECT,EQ,166015,88579,53.36
20,1131,INTLCONV,EQ,60133,27390,45.55
20,1132,INVENTURE,EQ,4666180,2179108,46.70
20,1133,IOB,EQ,10265370,2045562,19.93
20,1134,IOC,EQ,14932165,7969024,53.37
20,1135,IOLCP,EQ,250968,94366,37.60
20,1136,IONEXCHANG,EQ,450886,168971,37.48
20,1137,IPCALAB,EQ,773760,403912,52.20
20,1138,IPL,EQ,197300,88676,44.94
20,1139,IRB,EQ,28126517,9770920,34.74
20,1140,IRBINVIT,IV,127326,107740,84.62
20,1141,IRCON,EQ,14666412,2869269,19.56
20,1142,IRCTC,EQ,1150268,464522,40.38
20,1143,IREDA,EQ,19944879,5197090,26.06
20,1144,IRFC,EQ,38021940,7025982,18.48
20,1145,IRISDOREME,EQ,108527,48950,45.10
20,1146,IRMENERGY,EQ,105417,65800,62.42
20,1147,ISEC,EQ,87901,42219,48.03
20,1148,ISFT,EQ,89869,49871,55.49
20,1149,ISGEC,EQ,430681,318567,73.97
20,1150,ISHAN,SM,48000,48000,100.00
20,1151,IT,EQ,55772,36774,65.94
20,1152,ITALIANE,SM,14000,12000,85.71
20,1153,ITBEES,EQ,3358666,1936531,57.66
20,1154,ITC,EQ,20558134,12748162,62.01
20,1155,ITDC,EQ,109397,29053,26.56
20,1156,ITDCEM,EQ,14787575,2113270,14.29
20,1157,ITETF,EQ,244799,214112,87.46
20,1158,ITETFADD,EQ,8576,7731,90.15
20,1159,ITI,EQ,663053,145787,21.99
20,1160,ITIETF,EQ,533258,374216,70.18
20,1161,IVZINGOLD,EQ,156,135,86.54
20,1162,IWEL,EQ,8289,5648,68.14
20,1163,IXIGO,EQ,673607,275898,40.96
20,1164,IZMO,EQ,103248,54147,52.44
20,1165,JAGRAN,EQ,984502,574630,58.37
20,1166,JAGSNPHARM,EQ,168816,72677,43.05
20,1167,JAICORPLTD,EQ,757048,295723,39.06
20,1168,JAINAM,SM,3000,3000,100.00
20,1169,JAKHARIA,ST,800,800,100.00
20,1170,JALAN,SM,276000,198000,71.74
20,1171,JAMNAAUTO,EQ,1722659,952816,55.31
20,1172,JASH,EQ,38574,15060,39.04
20,1173,JAYAGROGN,EQ,59089,35991,60.91
20,1174,JAYBARMARU,EQ,108466,47069,43.40
20,1175,JAYNECOIND,EQ,325261,154860,47.61
20,1176,JAYSREETEA,EQ,66881,32373,48.40
20,1177,JBCHEPHARM,EQ,103120,60696,58.86
20,1178,JBMA,EQ,141615,56276,39.74
20,1179,JCHAC,EQ,105574,55170,52.26
20,1180,JETFREIGHT,EQ,92930,59985,64.55
20,1181,JGCHEM,EQ,427872,165924,38.78
20,1182,JHS,EQ,1533976,1279024,83.38
20,1183,JINDALPHOT,EQ,22143,5947,26.86
20,1184,JINDALPOLY,EQ,56647,21685,38.28
20,1185,JINDALSAW,EQ,1716682,1005015,58.54
20,1186,JINDALSTEL,EQ,2204897,1038714,47.11
20,1187,JINDRILL,EQ,26846,11884,44.27
20,1188,JINDWORLD,EQ,174640,71605,41.00
20,1189,JIOFIN,EQ,9648681,4220817,43.75
20,1190,JISLDVREQS,EQ,73173,35567,48.61
20,1191,JISLJALEQS,EQ,2599672,1217872,46.85
20,1192,JITFINFRA,EQ,208192,94697,45.49
20,1193,JIWANRAM,SM,6000,6000,100.00
20,1194,J&KBANK,EQ,3992366,1300820,32.58
20,1195,JKCEMENT,EQ,197993,116293,58.74
20,1196,JKIL,EQ,205494,126181,61.40
20,1197,JKLAKSHMI,EQ,60525,27509,45.45
20,1198,JKPAPER,EQ,721825,256394,35.52
20,1199,JKTYRE,EQ,695804,335449,48.21
20,1200,JLHL,EQ,8361,4043,48.36
20,1201,JMA,EQ,17215,8708,50.58
20,1202,JMFINANCIL,EQ,5030614,2852308,56.70
20,1203,JOCIL,EQ,33772,23263,68.88
20,1204,JPOLYINVST,EQ,5008,2269,45.31
20,1205,JPPOWER,EQ,55990682,32688076,58.38
20,1206,JSFB,EQ,45681,24653,53.97
20,1207,JSL,EQ,538760,301101,55.89
20,1208,JSLL,SM,2520,2340,92.86
20,1209,JSWENERGY,EQ,2822564,960395,34.03
20,1210,JSWHL,EQ,1514,649,42.87
20,1211,JSWINFRA,EQ,1100021,483590,43.96
20,1212,JSWSTEEL,EQ,2796559,1395553,49.90
20,1213,JTEKTINDIA,EQ,366948,196844,53.64
20,1214,JTLIND,EQ,1744314,751117,43.06
20,1215,JUBLFOOD,EQ,2003421,577793,28.84
20,1216,JUBLINDS,EQ,17087,9081,53.15
20,1217,JUBLINGREA,EQ,1405884,458517,32.61
20,1218,JUBLPHARMA,EQ,473325,166865,35.25
20,1219,JUNIORBEES,EQ,169102,102165,60.42
20,1220,JUNIPER,EQ,58711,32343,55.09
20,1221,JUSTDIAL,EQ,954100,356321,37.35
20,1222,JWL,EQ,703465,408594,58.08
20,1223,JYOTHYLAB,EQ,285157,117484,41.20
20,1224,JYOTICNC,EQ,199204,134478,67.51
20,1225,JYOTISTRUC,EQ,3440468,2253789,65.51
20,1226,K2INFRA,ST,44400,39600,89.19
20,1227,KABRAEXTRU,EQ,94793,28287,29.84
20,1228,KAJARIACER,EQ,94199,38872,41.27
20,1229,KAKATCEM,EQ,4717,3308,70.13
20,1230,KALAMANDIR,EQ,269355,181676,67.45
20,1231,KALYANKJIL,EQ,935337,545810,58.35
20,1232,KAMATHOTEL,EQ,277586,98628,35.53
20,1233,KAMDHENU,EQ,225171,107167,47.59
20,1234,KAMOPAINTS,EQ,4163188,511380,12.28
20,1235,KANANIIND,EQ,1522906,744742,48.90
20,1236,KANDARP,SM,16000,16000,100.00
20,1237,KANORICHEM,EQ,36929,19811,53.65
20,1238,KANPRPLA,EQ,20425,10947,53.60
20,1239,KANSAINER,EQ,524895,262684,50.05
20,1240,KARNIKA,SM,24400,21600,88.52
20,1241,KARURVYSYA,EQ,943466,465598,49.35
20,1242,KATARIA,SM,388800,130800,33.64
20,1243,KAYNES,EQ,85444,44457,52.03
20,1244,KCEIL,ST,26000,25500,98.08
20,1245,KCP,EQ,325354,150917,46.39
20,1246,KCPSUGIND,EQ,504020,160141,31.77
20,1247,KDDL,EQ,20542,9938,48.38
20,1248,KDL,ST,7700,6300,81.82
20,1249,KEC,EQ,261522,146158,55.89
20,1250,KECL,EQ,1543617,506259,32.80
20,1251,KEI,EQ,158282,109525,69.20
20,1252,KEL,SM,3600,3600,100.00
20,1253,KELLTONTEC,EQ,694358,399856,57.59
20,1254,KERNEX,EQ,233443,164705,70.55
20,1255,KESORAMIND,EQ,519938,258539,49.72
20,1256,KEYFINSERV,EQ,3789,1610,42.49
20,1257,KFINTECH,EQ,3033793,803919,26.50
20,1258,KHADIM,EQ,40674,16790,41.28
20,1259,KHAICHEM,EQ,892803,313823,35.15
20,1260,KHAITANLTD,EQ,46387,6030,13.00
20,1261,KHANDSE,EQ,17557,6933,39.49
20,1262,KHFM,SM,3100,3100,100.00
20,1263,KILITCH,EQ,10051,6312,62.80
20,1264,KIMS,EQ,179842,60287,33.52
20,1265,KINGFA,EQ,32511,12661,38.94
20,1266,KIOCL,EQ,106045,57418,54.14
20,1267,KIRIINDUS,EQ,75717,40494,53.48
20,1268,KIRLOSBROS,EQ,73384,41406,56.42
20,1269,KIRLOSENG,EQ,441000,248430,56.33
20,1270,KIRLOSIND,EQ,4096,1969,48.07
20,1271,KIRLPNU,EQ,26834,15984,59.57
20,1272,KITEX,EQ,950202,234360,24.66
20,1273,KKCL,EQ,42369,20055,47.33
20,1274,KLL,SM,27200,22400,82.35
20,1275,KNAGRI,ST,30400,26400,86.84
20,1276,KNRCON,EQ,730648,306512,41.95
20,1277,KODYTECH,SM,3500,2600,74.29
20,1278,KOHINOOR,EQ,147001,62284,42.37
20,1279,KOKUYOCMLN,EQ,254799,117964,46.30
20,1280,KOLTEPATIL,EQ,115850,66720,57.59
20,1281,KONSTELEC,SM,23000,21000,91.30
20,1282,KONTOR,SM,9600,8400,87.50
20,1283,KOPRAN,EQ,1246583,334946,26.87
20,1284,KOTAKBANK,EQ,2472221,1384062,55.98
20,1285,KOTARISUG,EQ,189713,79442,41.87
20,1286,KOTHARIPET,EQ,275870,96974,35.15
20,1287,KOTHARIPRO,EQ,32992,13913,42.17
20,1288,KOTYARK,SM,15500,11300,72.90
20,1289,KPIL,EQ,359283,279080,77.68
20,1290,KPITTECH,EQ,590227,285459,48.36
20,1291,KPRMILL,EQ,547073,126569,23.14
20,1292,KRBL,EQ,493999,224823,45.51
20,1293,KRISHANA,EQ,58114,26587,45.75
20,1294,KRISHCA,ST,24000,24000,100.00
20,1295,KRISHIVAL,SM,500,500,100.00
20,1296,KRISHNADEF,ST,55500,50000,90.09
20,1297,KRITI,EQ,369854,182572,49.36
20,1298,KRITIKA,EQ,496372,296097,59.65
20,1299,KRITINUT,EQ,172926,92514,53.50
20,1300,KRONOX,EQ,106509,55547,52.15
20,1301,KRSNAA,EQ,485586,250183,51.52
20,1302,KRYSTAL,EQ,26236,16348,62.31
20,1303,KSB,EQ,149308,60592,40.58
20,1304,KSCL,EQ,409073,114450,27.98
20,1305,KSL,EQ,48589,29609,60.94
20,1306,KSOLVES,EQ,29751,15457,51.95
20,1307,KTKBANK,EQ,1771932,1023446,57.76
20,1308,KUANTUM,EQ,74440,46719,62.76
20,1309,LAGNAM,EQ,39063,25345,64.88
20,1310,LAL,EQ,1464211,508399,34.72
20,1311,LALPATHLAB,EQ,869466,320531,36.87
20,1312,LAMBODHARA,EQ,258767,136856,52.89
20,1313,LANCORHOL,EQ,58230,38948,66.89
20,1314,LANDMARK,EQ,43716,26085,59.67
20,1315,LAOPALA,EQ,97399,62354,64.02
20,1316,LASA,EQ,303950,167688,55.17
20,1317,LATENTVIEW,EQ,159798,82750,51.78
20,1318,LAURUSLABS,EQ,2150488,820657,38.16
20,1319,LAWSIKHO,SM,9000,5500,61.11
20,1320,LAXMICOT,EQ,83176,43127,51.85
20,1321,LAXMIMACH,EQ,4704,2274,48.34
20,1322,LEMERITE,SM,52800,36800,69.70
20,1323,LEMONTREE,EQ,17799431,8416382,47.28
20,1324,LEXUS,EQ,72800,24773,34.03
20,1325,LFIC,EQ,7562,2898,38.32
20,1326,LGBBROSLTD,EQ,37869,20626,54.47
20,1327,LGHL,EQ,1266,727,57.42
20,1328,LIBAS,EQ,96176,68139,70.85
20,1329,LIBERTSHOE,EQ,38396,21037,54.79
20,1330,LICHSGFIN,EQ,4362479,2015237,46.19
20,1331,LICI,EQ,2615890,627070,23.97
20,1332,LICMFGOLD,EQ,873,747,85.57
20,1333,LICNETFGSC,EQ,16515,16197,98.07
20,1334,LICNETFN50,EQ,1367,1090,79.74
20,1335,LICNETFSEN,EQ,117,108,92.31
20,1336,LICNFNHGP,EQ,763,426,55.83
20,1337,LICNMID100,EQ,3847,3679,95.63
20,1338,LIKHITHA,EQ,96822,42269,43.66
20,1339,LINC,EQ,31979,12403,38.78
20,1340,LINCOLN,EQ,555456,185247,33.35
20,1341,LINDEINDIA,EQ,50985,24735,48.51
20,1342,LIQUID,EQ,54036,40576,75.09
20,1343,LIQUID1,EQ,55095,28137,51.07
20,1344,LIQUIDADD,EQ,1364720,1360044,99.66
20,1345,LIQUIDBEES,EQ,3358466,2417901,71.99
20,1346,LIQUIDBETF,EQ,1866,910,48.77
20,1347,LIQUIDCASE,EQ,5598049,5280422,94.33
20,1348,LIQUIDETF,EQ,216220,140283,64.88
20,1349,LIQUIDIETF,EQ,726218,354245,48.78
20,1350,LIQUIDSBI,EQ,17369,16237,93.48
20,1351,LIQUIDSHRI,EQ,4817,4699,97.55
20,1352,LLOYDS,SM,12000,12000,100.00
20,1353,LLOYDSENGG,EQ,4297666,1328779,30.92
20,1354,LLOYDSME,EQ,298834,163743,54.79
20,1355,LODHA,EQ,568868,321037,56.43
20,1356,LOKESHMACH,EQ,34774,25635,73.72
20,1357,LORDSCHLO,EQ,44327,27340,61.68
20,1358,LOTUSEYE,EQ,28202,12357,43.82
20,1359,LOVABLE,EQ,58799,28456,48.40
20,1360,LOWVOL,EQ,343,341,99.42
20,1361,LOWVOL1,EQ,1088560,1082091,99.41
20,1362,LOWVOLIETF,EQ,1936884,1822315,94.08
20,1363,LOYALTEX,EQ,5024,3044,60.59
20,1364,LRRPL,SM,144000,120000,83.33
20,1365,LT,EQ,2038088,1082518,53.11
20,1366,LTF,EQ,3909508,1882760,48.16
20,1367,LTFOODS,EQ,1362259,377994,27.75
20,1368,LTGILTBEES,EQ,5001330,4759135,95.16
20,1369,LTIM,EQ,496812,292110,58.80
20,1370,LTTS,EQ,105542,51929,49.20
20,1371,LUMAXIND,EQ,27528,5696,20.69
20,1372,LUMAXTECH,EQ,60539,33755,55.76
20,1373,LUPIN,EQ,4173443,1930178,46.25
20,1374,LUXIND,EQ,272359,87115,31.99
20,1375,LXCHEM,EQ,13924782,3501988,25.15
20,1376,LYKALABS,EQ,40099,19148,47.75
20,1377,LYPSAGEMS,EQ,2451242,777995,31.74
20,1378,MAANALU,EQ,33548,21689,64.65
20,1379,MACOBSTECH,SM,38400,27200,70.83
20,1380,MADHAV,EQ,77119,30432,39.46
20,1381,MADHAVBAUG,SM,14000,14000,100.00
20,1382,MADHUSUDAN,SM,29000,20000,68.97
20,1383,MADRASFERT,EQ,519012,138915,26.77
20,1384,MAFANG,EQ,523868,286787,54.74
20,1385,MAGADSUGAR,EQ,7659,3069,40.07
20,1386,MAGNUM,EQ,230961,117560,50.90
20,1387,MAHABANK,EQ,11428507,3516488,30.77
20,1388,MAHAPEXLTD,EQ,364033,88961,24.44
20,1389,MAHASTEEL,EQ,73661,54039,73.36
20,1390,MAHESHWARI,EQ,61103,33931,55.53
20,1391,MAHICKRA,SM,750,750,100.00
20,1392,MAHKTECH,EQ,510037,324755,63.67
20,1393,MAHLIFE,EQ,234577,125574,53.53
20,1394,MAHLOG,EQ,83877,36654,43.70
20,1395,MAHSCOOTER,EQ,3181,2229,70.07
20,1396,MAHSEAMLES,EQ,1307273,772832,59.12
20,1397,MAITHANALL,EQ,69331,35940,51.84
20,1398,MAITREYA,ST,12000,12000,100.00
20,1399,MAKEINDIA,EQ,39152,35335,90.25
20,1400,MAKS,ST,1500,1500,100.00
20,1401,MAL,SM,60800,9600,15.79
20,1402,MALLCOM,EQ,2209,941,42.60
20,1403,MALUPAPER,EQ,61165,22105,36.14
20,1404,MANAKSIA,EQ,285115,118565,41.58
20,1405,MANAKSTEEL,EQ,109902,42015,38.23
20,1406,MANALIPETC,EQ,400651,201812,50.37
20,1407,MANAPPURAM,EQ,4437078,1786593,40.27
20,1408,MANDEEP,ST,6000,6000,100.00
20,1409,MANGALAM,EQ,63373,35686,56.31
20,1410,MANGCHEFER,EQ,344272,200741,58.31
20,1411,MANGLMCEM,EQ,196620,108853,55.36
20,1412,MANINDS,EQ,246202,119501,48.54
20,1413,MANINFRA,EQ,473059,241433,51.04
20,1414,MANKIND,EQ,740605,553315,74.71
20,1415,MANOMAY,EQ,100468,18775,18.69
20,1416,MANORAMA,EQ,36670,21466,58.54
20,1417,MANORG,EQ,13949,12324,88.35
20,1418,MANUGRAPH,EQ,631599,276666,43.80
20,1419,MANYAVAR,EQ,75703,40358,53.31
20,1420,MAPMYINDIA,EQ,54096,24113,44.57
20,1421,MARALOVER,EQ,28534,15495,54.30
20,1422,MARATHON,EQ,47795,28108,58.81
20,1423,MARCO,SM,18000,15000,83.33
20,1424,MARICO,EQ,2938101,1656192,56.37
20,1425,MARKSANS,EQ,1241922,483948,38.97
20,1426,MARUTI,EQ,358577,143129,39.92
20,1427,MASFIN,EQ,192100,104591,54.45
20,1428,MASON,SM,132000,90000,68.18
20,1429,MASPTOP50,EQ,53711,34159,63.60
20,1430,MASTEK,EQ,34554,17629,51.02
20,1431,MASTER,ST,2000,2000,100.00
20,1432,MATRIMONY,EQ,22785,10334,45.35
20,1433,MAWANASUG,EQ,181377,79600,43.89
20,1434,MAXESTATES,EQ,270563,103344,38.20
20,1435,MAXHEALTH,EQ,1490179,811666,54.47
20,1436,MAXIND,EQ,32882,21961,66.79
20,1437,MAXPOSURE,SM,92000,52000,56.52
20,1438,MAYURUNIQ,EQ,252892,105452,41.70
20,1439,MAZDA,EQ,120695,43693,36.20
20,1440,MAZDOCK,EQ,1585213,287424,18.13
20,1441,MBAPL,EQ,23835,9499,39.85
20,1442,MBECL,EQ,688897,575538,83.54
20,1443,MCL,EQ,63568,20830,32.77
20,1444,MCLEODRUSS,EQ,215480,146853,68.15
20,1445,MCON,ST,4000,4000,100.00
20,1446,MCX,EQ,600310,101474,16.90
20,1447,MDL,SM,28000,24000,85.71
20,1448,MEDANTA,EQ,140567,73327,52.17
20,1449,MEDIASSIST,EQ,355102,233507,65.76
20,1450,MEDICAMEQ,EQ,19859,8911,44.87
20,1451,MEDIORG,SM,128000,88000,68.75
20,1452,MEDPLUS,EQ,72553,45589,62.84
20,1453,MEGAFLEX,SM,3000,3000,100.00
20,1454,MEGASOFT,EQ,200257,94260,47.07
20,1455,MEGASTAR,EQ,6884,4079,59.25
20,1456,MEGATHERM,ST,16400,16400,100.00
20,1457,MENONBE,EQ,56903,31213,54.85
20,1458,METROBRAND,EQ,164200,43864,26.71
20,1459,METROPOLIS,EQ,158730,72566,45.72
20,1460,MFSL,EQ,849512,499464,58.79
20,1461,MGL,EQ,474629,270807,57.06
20,1462,MHHL,SM,1500,1500,100.00
20,1463,MHLXMIRU,EQ,36682,17957,48.95
20,1464,MHRIL,EQ,87011,34604,39.77
20,1465,MICROPRO,SM,6400,6400,100.00
20,1466,MID150BEES,EQ,391795,172979,44.15
20,1467,MID150CASE,EQ,48950,30350,62.00
20,1468,MIDCAP,EQ,17524,14266,81.41
20,1469,MIDCAPETF,EQ,733612,458824,62.54
20,1470,MIDCAPIETF,EQ,284712,187420,65.83
20,1471,MIDHANI,EQ,368350,170748,46.35
20,1472,MIDQ50ADD,EQ,2688,2186,81.32
20,1473,MIDSELIETF,EQ,88178,61165,69.37
20,1474,MIDSMALL,EQ,182344,155372,85.21
20,1475,MIEL,ST,30000,30000,100.00
20,1476,MINDACORP,EQ,980967,282231,28.77
20,1477,MINDSPACE,RR,136662,129293,94.61
20,1478,MINDTECK,EQ,103316,62731,60.72
20,1479,MIRCELECTR,EQ,462477,251562,54.39
20,1480,MIRZAINT,EQ,207711,101709,48.97
20,1481,MITCON,EQ,18305,9866,53.90
20,1482,MITTAL,EQ,1112356,685441,61.62
20,1483,M&M,EQ,2673182,1598664,59.80
20,1484,M&MFIN,EQ,2149531,1225958,57.03
20,1485,M&MFIN,N3,81,31,38.27
20,1486,MMFL,EQ,49209,30973,62.94
20,1487,MMP,EQ,33388,18722,56.07
20,1488,MMTC,EQ,13276045,2429281,18.30
20,1489,MNC,EQ,28167,16249,57.69
20,1490,MODIRUBBER,EQ,4774,1990,41.68
20,1491,MODISONLTD,EQ,288692,102030,35.34
20,1492,MOGSEC,EQ,6439,416,6.46
20,1493,MOHEALTH,EQ,105732,66031,62.45
20,1494,MOIL,EQ,781561,221096,28.29
20,1495,MOKSH,EQ,314220,154018,49.02
20,1496,MOL,EQ,4949589,1464914,29.60
20,1497,MOLDTECH,EQ,347567,212714,61.20
20,1498,MOLDTKPAC,EQ,43383,26858,61.91
20,1499,MOLOWVOL,EQ,20373,11239,55.17
20,1500,MOM100,EQ,403522,203785,50.50
20,1501,MOM30IETF,EQ,872430,473895,54.32
20,1502,MOM50,EQ,3081,2081,67.54
20,1503,MOMENTUM,EQ,119105,92595,77.74
20,1504,MOMOMENTUM,EQ,277308,146518,52.84
20,1505,MON100,EQ,1105018,636275,57.58
20,1506,MONARCH,EQ,256744,188779,73.53
20,1507,MONIFTY500,EQ,130898,118036,90.17
20,1508,MONOPHARMA,SM,6000,6000,100.00
20,1509,MONQ50,EQ,758034,464023,61.21
20,1510,MONTECARLO,EQ,24312,13348,54.90
20,1511,MOQUALITY,EQ,867,776,89.50
20,1512,MOREALTY,EQ,121257,101118,83.39
20,1513,MOREPENLAB,EQ,13175249,6535275,49.60
20,1514,MOS,SM,337600,88800,26.30
20,1515,MOSMALL250,EQ,307166,160748,52.33
20,1516,MOTHERSON,EQ,11772632,3418067,29.03
20,1517,MOTILALOFS,EQ,525020,299299,57.01
20,1518,MOTISONS,EQ,2815635,1062739,37.74
20,1519,MOTOGENFIN,EQ,18909,13690,72.40
20,1520,MOVALUE,EQ,180387,155677,86.30
20,1521,MOXSH,ST,1600,1600,100.00
20,1522,MPHASIS,EQ,437051,280103,64.09
20,1523,MPSLTD,EQ,22759,11437,50.25
20,1524,MPTODAY,SM,4000,2000,50.00
20,1525,MRF,EQ,39876,5902,14.80
20,1526,MRPL,EQ,1629434,553641,33.98
20,1527,MSPL,EQ,924641,597544,64.62
20,1528,MSTCLTD,EQ,616187,165408,26.84
20,1529,MSUMI,EQ,4831601,2446417,50.63
20,1530,MTARTECH,EQ,187540,43476,23.18
20,1531,MTNL,EQ,27784086,10827815,38.97
20,1532,MUFIN,EQ,739658,318281,43.03
20,1533,MUFTI,EQ,997092,322283,32.32
20,1534,MUKANDLTD,EQ,332444,118188,35.55
20,1535,MUKKA,EQ,2973912,1283197,43.15
20,1536,MUKTAARTS,EQ,196743,87505,44.48
20,1537,MUNJALAU,EQ,912957,281687,30.85
20,1538,MUNJALSHOW,EQ,390428,133865,34.29
20,1539,MURUDCERA,EQ,102895,51045,49.61
20,1540,MUTHOOTCAP,EQ,256786,133099,51.83
20,1541,MUTHOOTFIN,EQ,570449,370181,64.89
20,1542,MUTHOOTMF,EQ,208440,123806,59.40
20,1543,MVGJL,EQ,50843,26123,51.38
20,1544,MVKAGRO,SM,24000,18000,75.00
20,1545,MWL,SM,68400,57600,84.21
20,1546,NACLIND,EQ,90731,46026,50.73
20,1547,NAGAFERT,EQ,758059,407360,53.74
20,1548,NAGREEKEXP,EQ,131605,69019,52.44
20,1549,NAHARCAP,EQ,13903,6101,43.88
20,1550,NAHARINDUS,EQ,96440,32293,33.49
20,1551,NAHARPOLY,EQ,163625,82041,50.14
20,1552,NAHARSPING,EQ,117110,39639,33.85
20,1553,NAMAN,SM,52800,32000,60.61
20,1554,NAM-INDIA,EQ,756314,385862,51.02
20,1555,NATCOPHARM,EQ,1262636,480175,38.03
20,1556,NATIONALUM,EQ,11198334,4306176,38.45
20,1557,NAUKRI,EQ,109028,40479,37.13
20,1558,NAVA,EQ,1593818,540569,33.92
20,1559,NAVINFLUOR,EQ,94435,26915,28.50
20,1560,NAVINIFTY,EQ,2267,1171,51.65
20,1561,NAVKARCORP,EQ,1053462,360173,34.19
20,1562,NAVNETEDUL,EQ,831814,556321,66.88
20,1563,NAZARA,EQ,1088887,232804,21.38
20,1564,NBCC,EQ,11822598,3409802,28.84
20,1565,NCC,EQ,5670052,2263945,39.93
20,1566,NCLIND,EQ,234654,125336,53.41
20,1567,NDL,EQ,1097998,451660,41.13
20,1568,NDLVENTURE,EQ,14569,8305,57.00
20,1569,NDRAUTO,EQ,131465,30678,23.34
20,1570,NDTV,EQ,144371,57362,39.73
20,1571,NECLIFE,EQ,1181450,469891,39.77
20,1572,NELCAST,EQ,46119,22258,48.26
20,1573,NELCO,EQ,74247,32008,43.11
20,1574,NEOGEN,EQ,19418,8504,43.79
20,1575,NEPHROCARE,SM,278400,176000,63.22
20,1576,NESCO,EQ,44384,22127,49.85
20,1577,NESTLEIND,EQ,1425006,1020472,71.61
20,1578,NETF,EQ,11578,9668,83.50
20,1579,NETWEB,EQ,92193,50526,54.80
20,1580,NETWORK18,EQ,3168940,1008402,31.82
20,1581,NEULANDLAB,EQ,164901,128880,78.16
20,1582,NEWGEN,EQ,172345,97445,56.54
20,1583,NEWJAISA,SM,442500,315000,71.19
20,1584,NEXT50,EQ,18225,10755,59.01
20,1585,NEXT50IETF,EQ,561148,456649,81.38
20,1586,NEXTMEDIA,EQ,237300,200807,84.62
20,1587,NFL,EQ,4362665,894347,20.50
20,1588,NGIL,EQ,70226,22933,32.66
20,1589,NGILPP,E1,2337,1847,79.03
20,1590,NGLFINE,EQ,4454,2132,47.87
20,1591,NH,EQ,134795,76165,56.50
20,1592,NHPC,EQ,27076745,10004118,36.95
20,1593,NIACL,EQ,4024254,938942,23.33
20,1594,NIBL,EQ,82321,45791,55.62
20,1595,NIDAN,SM,24000,22000,91.67
20,1596,NIF100BEES,EQ,23032,17567,76.27
20,1597,NIF100IETF,EQ,209739,132641,63.24
20,1598,NIF10GETF,EQ,655,405,61.83
20,1599,NIF5GETF,EQ,4,4,100.00
20,1600,NIFITETF,EQ,260,253,97.31
20,1601,NIFMID150,EQ,1234,1219,98.78
20,1602,NIFTY1,EQ,20970,14811,70.63
20,1603,NIFTY50ADD,EQ,6521,4430,67.93
20,1604,NIFTYBEES,EQ,4551976,3667498,80.57
20,1605,NIFTYBETF,EQ,2088,1807,86.54
20,1606,NIFTYETF,EQ,1164200,1083775,93.09
20,1607,NIFTYIETF,EQ,363736,268135,73.72
20,1608,NIFTYQLITY,EQ,82464,50974,61.81
20,1609,NIITLTD,EQ,510996,147863,28.94
20,1610,NIITMTS,EQ,37629,19393,51.54
20,1611,NILAINFRA,EQ,1030377,497313,48.27
20,1612,NILKAMAL,EQ,22025,15373,69.80
20,1613,NINSYS,EQ,3607,2311,64.07
20,1614,NIPPOBATRY,EQ,5074,2155,42.47
20,1615,NIRAJ,EQ,114880,52858,46.01
20,1616,NIRMAN,ST,57600,54000,93.75
20,1617,NIRMAN-RE,ST,31312,29046,92.76
20,1618,NITCO,EQ,301859,180450,59.78
20,1619,NITINSPIN,EQ,531178,168460,31.71
20,1620,NKIND,EQ,3504,1709,48.77
20,1621,NLCINDIA,EQ,3723997,1151694,30.93
20,1622,NMDC,EQ,6163968,2545296,41.29
20,1623,NOCIL,EQ,2597422,841685,32.40
20,1624,NORBTEAEXP,EQ,48851,37943,77.67
20,1625,NOVAAGRI,EQ,4937571,1853341,37.54
20,1626,NPBET,EQ,514,322,62.65
20,1627,NPST,SM,21600,12400,57.41
20,1628,NRAIL,EQ,6384,4053,63.49
20,1629,NRBBEARING,EQ,69674,36592,52.52
20,1630,NRL,EQ,197612,90098,45.59
20,1631,NSIL,EQ,4766,2655,55.71
20,1632,NSLNISP,EQ,2507600,1119606,44.65
20,1633,NTPC,EQ,16447385,10116349,61.51
20,1634,NUCLEUS,EQ,38604,17966,46.54
20,1635,NURECA,EQ,15364,8389,54.60
20,1636,NUVAMA,EQ,43308,22297,51.48
20,1637,NUVOCO,EQ,113141,74092,65.49
20,1638,NV20,EQ,19079,11290,59.18
20,1639,NV20BEES,EQ,35917,24671,68.69
20,1640,NV20IETF,EQ,606928,318393,52.46
20,1641,NXST,RR,49801,42099,84.53
20,1642,NYKAA,EQ,6420931,2515187,39.17
20,1643,OAL,EQ,770466,149511,19.41
20,1644,OBCL,EQ,127506,89698,70.35
20,1645,OBEROIRLTY,EQ,660451,386003,58.45
20,1646,OFSS,EQ,236879,81559,34.43
20,1647,OIL,EQ,7145183,2822433,39.50
20,1648,OILIETF,EQ,1439938,617462,42.88
20,1649,OLECTRA,EQ,457350,230335,50.36
20,1650,OLIL,ST,1200,1200,100.00
20,1651,OMFURN,SM,7200,4800,66.67
20,1652,ONDOOR,SM,1200,600,50.00
20,1653,ONEPOINT,EQ,559785,282661,50.49
20,1654,ONGC,EQ,23478224,9587918,40.84
20,1655,ONMOBILE,EQ,1024207,253269,24.73
20,1656,ONWARDTEC,EQ,50603,32497,64.22
20,1657,OPTIEMUS,EQ,941132,371314,39.45
20,1658,ORBTEXP,EQ,21313,10856,50.94
20,1659,ORCHPHARMA,EQ,110347,40272,36.50
20,1660,ORIANA,SM,17700,17700,100.00
20,1661,ORICONENT,EQ,416968,200379,48.06
20,1662,ORIENTALTL,EQ,29639,20795,70.16
20,1663,ORIENTBELL,EQ,14385,8098,56.29
20,1664,ORIENTCEM,EQ,4971428,2421479,48.71
20,1665,ORIENTCER,EQ,243657,123283,50.60
20,1666,ORIENTELEC,EQ,716813,189739,26.47
20,1667,ORIENTHOT,EQ,755282,371064,49.13
20,1668,ORIENTLTD,EQ,14925,9696,64.96
20,1669,ORIENTPPR,EQ,2336889,600446,25.69
20,1670,ORISSAMINE,EQ,30258,11277,37.27
20,1671,ORTINLAB,EQ,163402,120243,73.59
20,1672,OSWALAGRO,EQ,4632697,1482121,31.99
20,1673,OSWALGREEN,EQ,14854982,3447960,23.21
20,1674,OSWALSEEDS,EQ,100531,48318,48.06
20,1675,OWAIS,SM,57600,41600,72.22
20,1676,PAGEIND,EQ,33948,12924,38.07
20,1677,PAISALO,EQ,1525311,776065,50.88
20,1678,PAKKA,EQ,464476,210032,45.22
20,1679,PALASHSECU,EQ,2467,1621,65.71
20,1680,PANACEABIO,EQ,86763,56341,64.94
20,1681,PANAMAPET,EQ,89846,53773,59.85
20,1682,PAR,EQ,7736,4824,62.36
20,1683,PARACABLES,EQ,6166682,2626515,42.59
20,1684,PARADEEP,EQ,4325106,1145099,26.48
20,1685,PARAGMILK,EQ,372322,145905,39.19
20,1686,PARAGON,SM,28800,24000,83.33
20,1687,PARIN,SM,1000,1000,100.00
20,1688,PARKHOTELS,EQ,565007,434669,76.93
20,1689,PARSVNATH,EQ,2463029,977565,39.69
20,1690,PARTYCRUS,SM,16000,14000,87.50
20,1691,PASHUPATI,SM,1600,1600,100.00
20,1692,PASUPTAC,EQ,440871,233077,52.87
20,1693,PATANJALI,EQ,770393,453131,58.82
20,1694,PATELENG,EQ,5215154,3019112,57.89
20,1695,PATINTLOG,EQ,368071,137063,37.24
20,1696,PATTECH,SM,4500,4500,100.00
20,1697,PAVNAIND,EQ,3856,2376,61.62
20,1698,PAYTM,EQ,10467494,2663871,25.45
20,1699,PCBL,EQ,18321151,4045987,22.08
20,1700,PCCL,SM,70400,59200,84.09
20,1701,PCJEWELLER,EQ,7671918,3009786,39.23
20,1702,PDMJEPAPER,EQ,175946,105539,59.98
20,1703,PDSL,EQ,171270,65201,38.07
20,1704,PEL,EQ,3257284,1315975,40.40
20,1705,PENIND,EQ,624445,266504,42.68
20,1706,PENINLAND,EQ,1485920,773779,52.07
20,1707,PENTAGON,SM,9000,5000,55.56
20,1708,PERFECT,ST,30000,30000,100.00
20,1709,PERSISTENT,EQ,293069,137519,46.92
20,1710,PETRONET,EQ,3517242,2020484,57.45
20,1711,PFC,EQ,13999802,5018629,35.85
20,1712,PFIZER,EQ,48288,24026,49.76
20,1713,PFS,EQ,3659733,1697785,46.39
20,1714,PGEL,EQ,391006,225566,57.69
20,1715,PGHH,EQ,6705,3716,55.42
20,1716,PGHL,EQ,5812,2881,49.57
20,1717,PGIL,EQ,101076,37987,37.58
20,1718,PGINVIT,IV,1712580,1411475,82.42
20,1719,PHANTOMFX,SM,30600,22800,74.51
20,1720,PHARMABEES,EQ,6166961,3425345,55.54
20,1721,PHOENIXLTD,EQ,305026,156003,51.14
20,1722,PIDILITIND,EQ,1397468,277327,19.84
20,1723,PIIND,EQ,462552,224059,48.44
20,1724,PILANIINVS,EQ,1899,871,45.87
20,1725,PILITA,EQ,329307,200641,60.93
20,1726,PIONEEREMB,EQ,96109,46433,48.31
20,1727,PITTIENG,EQ,324402,191603,59.06
20,1728,PIXTRANS,EQ,99632,27185,27.29
20,1729,PLADAINFO,SM,6000,6000,100.00
20,1730,PLASTIBLEN,EQ,32207,20639,64.08
20,1731,PLATIND,EQ,3158134,674063,21.34
20,1732,PLAZACABLE,EQ,127127,59961,47.17
20,1733,PNB,EQ,27941633,10267751,36.75
20,1734,PNBGILTS,EQ,536430,154416,28.79
20,1735,PNBHOUSING,EQ,781450,341718,43.73
20,1736,PNC,EQ,26263,14772,56.25
20,1737,PNCINFRA,EQ,305155,167796,54.99
20,1738,POCL,EQ,111976,36424,32.53
20,1739,PODDARMENT,EQ,15234,6938,45.54
20,1740,POKARNA,EQ,133231,38999,29.27
20,1741,POLICYBZR,EQ,1006758,565069,56.13
20,1742,POLYCAB,EQ,211234,96851,45.85
20,1743,POLYMED,EQ,58494,20994,35.89
20,1744,POLYPLEX,EQ,216015,93243,43.17
20,1745,POLYSIL,SM,10000,8000,80.00
20,1746,PONNIERODE,EQ,19741,9063,45.91
20,1747,POONAWALLA,EQ,7646376,2204633,28.83
20,1748,POWERGRID,EQ,15489731,8351251,53.91
20,1749,POWERINDIA,EQ,43354,28775,66.37
20,1750,POWERMECH,EQ,82794,36001,43.48
20,1751,PPAP,EQ,4483,2946,65.71
20,1752,PPL,EQ,53138,26919,50.66
20,1753,PPLPHARMA,EQ,13376633,3790372,28.34
20,1754,PRAENG,EQ,550246,318401,57.87
20,1755,PRAJIND,EQ,622122,178236,28.65
20,1756,PRAKASH,EQ,565529,296188,52.37
20,1757,PRATHAM,SM,17600,17600,100.00
20,1758,PRECAM,EQ,104164,48786,46.84
20,1759,PRECISION,SM,16000,12000,75.00
20,1760,PRECWIRE,EQ,278674,142834,51.25
20,1761,PREMIERPOL,EQ,57937,25936,44.77
20,1762,PRESSTONIC,SM,19200,12000,62.50
20,1763,PRESTIGE,EQ,955043,428575,44.87
20,1764,PRICOLLTD,EQ,309351,178605,57.74
20,1765,PRIMESECU,EQ,8398,4011,47.76
20,1766,PRINCEPIPE,EQ,505790,93446,18.48
20,1767,PRITI,EQ,31510,20185,64.06
20,1768,PRITIKA,SM,136000,78000,57.35
20,1769,PRITIKAUTO,EQ,282565,156971,55.55
20,1770,PRIVISCL,EQ,6196,3122,50.39
20,1771,PRIZOR,SM,36800,27200,73.91
20,1772,PRLIND,SM,120000,82000,68.33
20,1773,PROLIFE,SM,2500,2000,80.00
20,1774,PROPEQUITY,SM,5400,4800,88.89
20,1775,PROV,SM,2560,2080,81.25
20,1776,PROZONER,EQ,785978,289827,36.87
20,1777,PRSMJOHNSN,EQ,63667,38717,60.81
20,1778,PRUDENT,EQ,143928,106252,73.82
20,1779,PRUDMOULI,EQ,14510,11359,78.28
20,1780,PSB,EQ,2465570,813797,33.01
20,1781,PSPPROJECT,EQ,16609,9957,59.95
20,1782,PSUBANK,EQ,513001,498193,97.11
20,1783,PSUBANKADD,EQ,15617,10295,65.92
20,1784,PSUBNKBEES,EQ,1831602,879920,48.04
20,1785,PSUBNKIETF,EQ,102348,43945,42.94
20,1786,PTC,EQ,797849,379204,47.53
20,1787,PTL,EQ,134740,61438,45.60
20,1788,PULZ,SM,20000,12000,60.00
20,1789,PUNJABCHEM,EQ,4473,2137,47.78
20,1790,PURVFLEXI,SM,25600,20800,81.25
20,1791,PVP,EQ,2098246,843812,40.22
20,1792,PVRINOX,EQ,270354,103804,38.40
20,1793,PVSL,EQ,42406,22321,52.64
20,1794,PVTBANIETF,EQ,695265,428093,61.57
20,1795,PVTBANKADD,EQ,28757,22455,78.09
20,1796,PYRAMID,EQ,58855,34714,58.98
20,1797,QFIL,SM,19000,17000,89.47
20,1798,QGOLDHALF,EQ,23268,21042,90.43
20,1799,QMSMEDI,SM,20000,18000,90.00
20,1800,QNIFTY,EQ,367,333,90.74
20,1801,QUAL30IETF,EQ,147071,103094,70.10
20,1802,QUESS,EQ,170294,86128,50.58
20,1803,QUESTLAB,SM,7200,4800,66.67
20,1804,QUICKHEAL,EQ,114967,45268,39.37
20,1805,QUICKTOUCH,SM,196000,118000,60.20
20,1806,RACE,EQ,5152,3208,62.27
20,1807,RADHIKAJWE,EQ,3099399,987615,31.86
20,1808,RADIANTCMS,EQ,110875,76763,69.23
20,1809,RADICO,EQ,734155,141539,19.28
20,1810,RADIOCITY,EQ,358194,172305,48.10
20,1811,RADIOCITY,P1,258,258,100.00
20,1812,RADIOWALLA,SM,1600,1600,100.00
20,1813,RAILTEL,EQ,3698457,727927,19.68
20,1814,RAIN,EQ,1496554,682711,45.62
20,1815,RAINBOW,EQ,109385,55921,51.12
20,1816,RAJESHEXPO,EQ,319386,135708,42.49
20,1817,RAJINDLTD,ST,219000,219000,100.00
20,1818,RAJMET,EQ,1567452,597810,38.14
20,1819,RAJRATAN,EQ,21302,12979,60.93
20,1820,RAJSREESUG,EQ,79609,41816,52.53
20,1821,RALLIS,EQ,1756725,528333,30.07
20,1822,RAMANEWS,EQ,36935,20251,54.83
20,1823,RAMAPHO,EQ,5202,2791,53.65
20,1824,RAMASTEEL,EQ,18129580,3290911,18.15
20,1825,RAMCOCEM,EQ,555076,316181,56.96
20,1826,RAMCOIND,EQ,75658,39702,52.48
20,1827,RAMCOSYS,EQ,673803,233680,34.68
20,1828,RAMKY,EQ,79734,42921,53.83
20,1829,RAMRAT,EQ,64111,30512,47.59
20,1830,RANASUG,EQ,469779,193933,41.28
20,1831,RANEENGINE,EQ,5076,3138,61.82
20,1832,RANEHOLDIN,EQ,6191,3577,57.78
20,1833,RATEGAIN,EQ,140753,70722,50.25
20,1834,RATNAMANI,EQ,19432,11266,57.98
20,1835,RATNAVEER,EQ,899439,332244,36.94
20,1836,RAYMOND,EQ,119847,45892,38.29
20,1837,RBA,EQ,1174274,612676,52.17
20,1838,RBL,EQ,11817,5012,42.41
20,1839,RBLBANK,EQ,4353476,1586047,36.43
20,1840,RBMINFRA,SM,87400,61000,69.79
20,1841,RBS,SM,17600,14400,81.82
20,1842,RCDL,SM,78000,69000,88.46
20,1843,RCF,EQ,3806269,849557,22.32
20,1844,RECLTD,EQ,7233983,2533290,35.02
20,1845,REDINGTON,EQ,880018,483190,54.91
20,1846,REDTAPE,EQ,27211,13700,50.35
20,1847,REFEX,EQ,1929332,579653,30.04
20,1848,REFRACTORY,ST,52000,48000,92.31
20,1849,RELAXO,EQ,42475,25260,59.47
20,1850,RELCHEMQ,EQ,18482,6930,37.50
20,1851,RELIANCE,EQ,6193596,3734582,60.30
20,1852,RELIGARE,EQ,898231,518354,57.71
20,1853,RELINFRA,EQ,6583869,2160995,32.82
20,1854,RELTD,EQ,113198,77807,68.74
20,1855,REMSONSIND,EQ,20794,14591,70.17
20,1856,REMUS,SM,6600,4400,66.67
20,1857,RENUKA,EQ,10515032,2962237,28.17
20,1858,REPCOHOME,EQ,575208,319092,55.47
20,1859,REPL,EQ,32558,8560,26.29
20,1860,REPRO,EQ,9200,4825,52.45
20,1861,RESPONIND,EQ,96166,34837,36.23
20,1862,REXPIPES,SM,6000,6000,100.00
20,1863,RGL,EQ,367144,148094,40.34
20,1864,RHIM,EQ,65604,33187,50.59
20,1865,RICHA,SM,3000,3000,100.00
20,1866,RICOAUTO,EQ,567966,278089,48.96
20,1867,RIIL,EQ,186698,45236,24.23
20,1868,RILINFRA,ST,70600,61300,86.83
20,1869,RISHABH,EQ,236485,180300,76.24
20,1870,RITCO,EQ,194155,60824,31.33
20,1871,RITES,EQ,809181,197082,24.36
20,1872,RITEZONE,SM,4800,4800,100.00
20,1873,RKFORGE,EQ,1595963,499588,31.30
20,1874,RKSWAMY,EQ,1474533,523784,35.52
20,1875,RMDRIP,SM,17000,16000,94.12
20,1876,RML,EQ,8950,3962,44.27
20,1877,RNFI,ST,1657200,1537200,92.76
20,1878,ROCKINGDCE,SM,57250,23500,41.05
20,1879,ROHLTD,EQ,236409,70507,29.82
20,1880,ROLEXRINGS,EQ,9889,4855,49.09
20,1881,ROML,EQ,125861,59816,47.53
20,1882,ROSSARI,EQ,298442,128925,43.20
20,1883,ROSSELLIND,EQ,48481,20299,41.87
20,1884,ROTO,EQ,188621,64230,34.05
20,1885,ROUTE,EQ,1307536,174350,13.33
20,1886,ROXHITECH,SM,25600,16000,62.50
20,1887,RPEL,EQ,5755,2847,49.47
20,1888,RPGLIFE,EQ,241208,50341,20.87
20,1889,RPOWER,EQ,43647855,17065711,39.10
20,1890,RPPINFRA,EQ,222486,104932,47.16
20,1891,RPPL,EQ,1256882,1124125,89.44
20,1892,RPSGVENT,EQ,187536,90554,48.29
20,1893,RPTECH,EQ,292330,128235,43.87
20,1894,RRKABEL,EQ,77143,41312,53.55
20,1895,RSWM,EQ,213081,109267,51.28
20,1896,RSYSTEMS,EQ,168971,55912,33.09
20,1897,RTNINDIA,EQ,4388285,1424882,32.47
20,1898,RUBFILA,EQ,305591,159727,52.27
20,1899,RUBYMILLS,EQ,433508,144533,33.34
20,1900,RUCHINFRA,EQ,381325,222378,58.32
20,1901,RUCHIRA,EQ,49444,22437,45.38
20,1902,RULKA,ST,7200,7200,100.00
20,1903,RUPA,EQ,372467,184110,49.43
20,1904,RUSHIL,EQ,862968,421341,48.82
20,1905,RUSTOMJEE,EQ,400728,370907,92.56
20,1906,RVHL,EQ,312782,102027,32.62
20,1907,RVNL,EQ,30489387,6630711,21.75
20,1908,SAAKSHI,ST,10800,9000,83.33
20,1909,SABAR,SM,125000,110000,88.00
20,1910,SADBHAV,EQ,578091,427852,74.01
20,1911,SADBHIN,EQ,385540,260978,67.69
20,1912,SADHAV,SM,19200,13200,68.75
20,1913,SADHNANIQ,EQ,216544,130705,60.36
20,1914,SAFARI,EQ,342095,162890,47.62
20,1915,SAGCEM,EQ,125661,77364,61.57
20,1916,SAH,EQ,70857,42564,60.07
20,1917,SAHAJ,SM,36000,24000,66.67
20,1918,SAHAJSOLAR,SM,123200,76800,62.34
20,1919,SAHANA,SM,15000,10500,70.00
20,1920,SAHYADRI,EQ,10654,7139,67.01
20,1921,SAIFL,SM,13600,12800,94.12
20,1922,SAIL,EQ,25849915,9105671,35.23
20,1923,SAKAR,EQ,10182,6404,62.90
20,1924,SAKHTISUG,EQ,278903,118457,42.47
20,1925,SAKSOFT,EQ,474267,189675,39.99
20,1926,SAKUMA,EQ,20933925,7692254,36.75
20,1927,SALASAR,EQ,2039582,1067247,52.33
20,1928,SALONA,EQ,7077,2455,34.69
20,1929,SALZERELEC,EQ,82254,40901,49.73
20,1930,SAMBHAAV,EQ,287886,142143,49.37
20,1931,SAMHI,EQ,1992620,1152080,57.82
20,1932,SAMMAANCAP,EQ,2464642,942282,38.23
20,1933,SANDESH,EQ,2301,1328,57.71
20,1934,SANDHAR,EQ,125889,66427,52.77
20,1935,SANDUMA,EQ,136871,61145,44.67
20,1936,SANGAMIND,EQ,23156,13999,60.46
20,1937,SANGANI,SM,42000,36000,85.71
20,1938,SANGHIIND,EQ,315484,145451,46.10
20,1939,SANGHVIMOV,EQ,2718005,791463,29.12
20,1940,SANGINITA,EQ,572082,290422,50.77
20,1941,SANOFI,EQ,5992,2649,44.21
20,1942,SANSERA,EQ,149735,66361,44.32
20,1943,SANSTAR,EQ,1633044,770479,47.18
20,1944,SAPPHIRE,EQ,59053,31623,53.55
20,1945,SARDAEN,EQ,975023,489565,50.21
20,1946,SAREGAMA,EQ,193674,86242,44.53
20,1947,SARLAPOLY,EQ,1319302,369628,28.02
20,1948,SAROJA,SM,6400,6400,100.00
20,1949,SARTELE,SM,845500,349000,41.28
20,1950,SARVESHWAR,EQ,2267535,1142363,50.38
20,1951,SASKEN,EQ,8481,4688,55.28
20,1952,SASTASUNDR,EQ,33764,17507,51.85
20,1953,SATECH,ST,98000,96000,97.96
20,1954,SATIA,EQ,161308,79912,49.54
20,1955,SATIN,EQ,379765,228923,60.28
20,1956,SATINDLTD,EQ,410556,189445,46.14
20,1957,SATIPOLY,SM,23000,20000,86.96
20,1958,SAURASHCEM,EQ,149675,76960,51.42
20,1959,SBC,EQ,1993183,884762,44.39
20,1960,SBCL,EQ,523275,165905,31.71
20,1961,SBFC,EQ,757512,445793,58.85
20,1962,SBGLP,EQ,265029,139259,52.54
20,1963,SBICARD,EQ,777520,448654,57.70
20,1964,SBIETFCON,EQ,6274,4141,66.00
20,1965,SBIETFIT,EQ,13277,7954,59.91
20,1966,SBIETFPB,EQ,8509,6169,72.50
20,1967,SBIETFQLTY,EQ,49490,47048,95.07
20,1968,SBILIFE,EQ,1291138,767106,59.41
20,1969,SBIN,EQ,14769069,4873913,33.00
20,1970,SBINEQWETF,EQ,10174,7560,74.31
20,1971,SBISILVER,EQ,157665,146670,93.03
20,1972,SCHAEFFLER,EQ,88513,32896,37.17
20,1973,SCHAND,EQ,48549,23135,47.65
20,1974,SCHNEIDER,EQ,533312,332560,62.36
20,1975,SCI,EQ,3656503,1267350,34.66
20,1976,SCILAL,EQ,1722131,885132,51.40
20,1977,SCL24,ZD,20,20,100.00
20,1978,SCL24A,ZS,10,10,100.00
20,1979,SCL25,Y6,20,20,100.00
20,1980,SCML,SM,10000,10000,100.00
20,1981,SCPL,EQ,26000,9369,36.03
20,1982,SDBL,EQ,918426,582215,63.39
20,1983,SDL24BEES,EQ,2471,2445,98.95
20,1984,SDL26BEES,EQ,1204,779,64.70
20,1985,SEAMECLTD,EQ,52214,34508,66.09
20,1986,SECMARK,EQ,1051,1032,98.19
20,1987,SECURKLOUD,EQ,39504,18115,45.86
20,1988,SEL,SM,17200,14000,81.40
20,1989,SELAN,EQ,175094,53404,30.50
20,1990,SELMC,EQ,405274,252836,62.39
20,1991,SENCO,EQ,320001,181582,56.74
20,1992,SENSEXADD,EQ,2759,2109,76.44
20,1993,SENSEXETF,EQ,7422,4266,57.48
20,1994,SENSEXIETF,EQ,5163,3787,73.35
20,1995,SEPC,EQ,10224560,4614239,45.13
20,1996,SEQUENT,EQ,654657,244250,37.31
20,1997,SERVICE,SM,12000,12000,100.00
20,1998,SERVOTECH,EQ,4872560,2246675,46.11
20,1999,SESHAPAPER,EQ,38927,21375,54.91
20,2000,SETF10GILT,EQ,6736,5578,82.81
20,2001,SETFGOLD,EQ,1673957,1325234,79.17
20,2002,SETFNIF50,EQ,270198,223301,82.64
20,2003,SETFNIFBK,EQ,41844,34632,82.76
20,2004,SETFNN50,EQ,24073,16469,68.41
20,2005,SFL,EQ,102701,56340,54.86
20,2006,SGBAPR28I,GB,1162,623,53.61
20,2007,SGBAUG27,GB,25,17,68.00
20,2008,SGBAUG28V,GB,772,632,81.87
20,2009,SGBAUG29V,GB,174,142,81.61
20,2010,SGBAUG30,GB,240,206,85.83
20,2011,SGBD29VIII,GB,27,26,96.30
20,2012,SGBDC27VII,GB,21,21,100.00
20,2013,SGBDE30III,GB,446,241,54.04
20,2014,SGBDE31III,GB,2011,1595,79.31
20,2015,SGBDEC25,GB,12,12,100.00
20,2016,SGBDEC2512,GB,2,2,100.00
20,2017,SGBDEC25XI,GB,3,3,100.00
20,2018,SGBDEC26,GB,5,3,60.00
20,2019,SGBFEB27,GB,28,28,100.00
20,2020,SGBFEB29XI,GB,95,75,78.95
20,2021,SGBFEB32IV,GB,1197,980,81.87
20,2022,SGBJAN27,GB,18,18,100.00
20,2023,SGBJAN29IX,GB,358,340,94.97
20,2024,SGBJAN29X,GB,50,34,68.00
20,2025,SGBJAN30IX,GB,85,67,78.82
20,2026,SGBJU29III,GB,56,32,57.14
20,2027,SGBJUL25,GB,215,214,99.53
20,2028,SGBJUL27,GB,100,50,50.00
20,2029,SGBJUL28IV,GB,1120,1029,91.88
20,2030,SGBJUL29IV,GB,78,68,87.18
20,2031,SGBJUN27,GB,17,16,94.12
20,2032,SGBJUN28,GB,222,218,98.20
20,2033,SGBJUN29II,GB,141,110,78.01
20,2034,SGBJUN30,GB,583,385,66.04
20,2035,SGBJUN31I,GB,591,461,78.00
20,2036,SGBMAR25,GB,21,15,71.43
20,2037,SGBMAR28X,GB,56,54,96.43
20,2038,SGBMAR30X,GB,152,152,100.00
20,2039,SGBMAR31IV,GB,95,73,76.84
20,2040,SGBMAY25,GB,18,17,94.44
20,2041,SGBMAY26,GB,14,13,92.86
20,2042,SGBMAY28,GB,217,207,95.39
20,2043,SGBMAY29I,GB,717,643,89.68
20,2044,SGBMR29XII,GB,373,320,85.79
20,2045,SGBN28VIII,GB,133,81,60.90
20,2046,SGBNOV24,GB,847,788,93.03
20,2047,SGBNV29VII,GB,608,392,64.47
20,2048,SGBOC28VII,GB,373,280,75.07
20,2049,SGBOCT25,GB,8,8,100.00
20,2050,SGBOCT25IV,GB,71,63,88.73
20,2051,SGBOCT25V,GB,4,4,100.00
20,2052,SGBOCT26,GB,4,4,100.00
20,2053,SGBOCT27,GB,224,224,100.00
20,2054,SGBOCT27VI,GB,13,13,100.00
20,2055,SGBSEP24,GB,333,314,94.29
20,2056,SGBSEP27,GB,9,9,100.00
20,2057,SGBSEP28VI,GB,233,122,52.36
20,2058,SGBSEP29VI,GB,77,76,98.70
20,2059,SGBSEP31II,GB,455,337,74.07
20,2060,SGIL,EQ,11145,7224,64.82
20,2061,SGL,EQ,21685,10843,50.00
20,2062,SHAHALLOYS,EQ,128885,64723,50.22
20,2063,SHAILY,EQ,205259,156552,76.27
20,2064,SHALBY,EQ,141649,63359,44.73
20,2065,SHALPAINTS,EQ,81420,58229,71.52
20,2066,SHANKARA,EQ,94166,48859,51.89
20,2067,SHANTHALA,SM,2400,2400,100.00
20,2068,SHANTIGEAR,EQ,20884,10081,48.27
20,2069,SHARDACROP,EQ,82134,42640,51.92
20,2070,SHARDAMOTR,EQ,21709,12532,57.73
20,2071,SHAREINDIA,EQ,381590,174860,45.82
20,2072,SHAREINDIA,W1,1198,1183,98.75
20,2073,SHARIABEES,EQ,3319,2495,75.17
20,2074,SHEETAL,SM,28000,16000,57.14
20,2075,SHEMAROO,EQ,19480,11361,58.32
20,2076,SHERA,SM,19000,16000,84.21
20,2077,SHIGAN,SM,31500,22500,71.43
20,2078,SHILPAMED,EQ,747102,187413,25.09
20,2079,SHIVALIK,EQ,31520,19573,62.10
20,2080,SHIVAMAUTO,EQ,2081196,1085857,52.17
20,2081,SHIVAMILLS,EQ,12389,5006,40.41
20,2082,SHIVATEX,EQ,8051,4821,59.88
20,2083,SHK,EQ,174284,87591,50.26
20,2084,SHOPERSTOP,EQ,264453,213696,80.81
20,2085,SHREDIGCEM,EQ,410558,250039,60.90
20,2086,SHREECEM,EQ,251869,153393,60.90
20,2087,SHREEKARNI,ST,2400,2400,100.00
20,2088,SHREEOSFM,SM,4000,4000,100.00
20,2089,SHREEPUSHK,EQ,206308,96207,46.63
20,2090,SHREYANIND,EQ,29388,13110,44.61
20,2091,SHREYAS,EQ,1073657,183847,17.12
20,2092,SHRIPISTON,EQ,106425,54050,50.79
20,2093,SHRIRAMFIN,EQ,886810,502255,56.64
20,2094,SHRIRAMPPS,EQ,1128701,579914,51.38
20,2095,SHRITECH,SM,50000,46000,92.00
20,2096,SHUBHLAXMI,SM,13000,13000,100.00
20,2097,SHYAMCENT,EQ,938039,489585,52.19
20,2098,SHYAMMETL,EQ,621740,426472,68.59
20,2099,SIDDHIKA,SM,13000,13000,100.00
20,2100,SIEMENS,EQ,475189,202939,42.71
20,2101,SIGACHI,EQ,966321,403792,41.79
20,2102,SIGIND,EQ,20874,11012,52.75
20,2103,SIGMA,EQ,3166,1646,51.99
20,2104,SIGNATURE,EQ,678434,154984,22.84
20,2105,SIGNORIA,SM,4000,4000,100.00
20,2106,SIGNPOST,EQ,33595,16891,50.28
20,2107,SILGO,EQ,43736,18627,42.59
20,2108,SILINV,EQ,9750,1744,17.89
20,2109,SILKFLEX,SM,30000,22000,73.33
20,2110,SILVER,EQ,185720,144651,77.89
20,2111,SILVER1,EQ,108642,96463,88.79
20,2112,SILVERADD,EQ,194746,191479,98.32
20,2113,SILVERBEES,EQ,12411158,9411651,75.83
20,2114,SILVERETF,EQ,94429,71518,75.74
20,2115,SILVERIETF,EQ,1949018,1616514,82.94
20,2116,SILVERTUC,EQ,36978,17220,46.57
20,2117,SILVRETF,EQ,22321,16176,72.47
20,2118,SIMPLEXINF,EQ,21268,17304,81.36
20,2119,SINCLAIR,EQ,47065,24937,52.98
20,2120,SINDHUTRAD,EQ,616092,347019,56.33
20,2121,SINTERCOM,EQ,40322,28393,70.42
20,2122,SIRCA,EQ,69776,37226,53.35
20,2123,SIS,EQ,69944,34432,49.23
20,2124,SIYSIL,EQ,211068,80706,38.24
20,2125,SJLOGISTIC,SM,24000,15500,64.58
20,2126,SJS,EQ,376504,81195,21.57
20,2127,SJVN,EQ,11181186,2619108,23.42
20,2128,SKFINDIA,EQ,34217,23029,67.30
20,2129,SKIPPER,EQ,1244746,400802,32.20
20,2130,SKIPPERPP,E1,20282,10325,50.91
20,2131,SKMEGGPROD,EQ,762861,320725,42.04
20,2132,SKP,SM,13000,11000,84.62
20,2133,SLONE,ST,24000,22400,93.33
20,2134,SMALLCAP,EQ,813345,690309,84.87
20,2135,SMCGLOBAL,EQ,177381,97039,54.71
20,2136,SMLISUZU,EQ,14178,7120,50.22
20,2137,SMLT,EQ,21851,11803,54.02
20,2138,SMSLIFE,EQ,1314,704,53.58
20,2139,SMSPHARMA,EQ,147792,66529,45.02
20,2140,SMVD,SM,40400,32320,80.00
20,2141,SNOWMAN,EQ,19541961,3542041,18.13
20,2142,SOBHA,EQ,160205,58781,36.69
20,2143,SOBHAPP,E1,212,189,89.15
20,2144,SOFTTECH,EQ,1752,1355,77.34
20,2145,SOLARAPP,X1,6203,5936,95.70
20,2146,SOLARINDS,EQ,101780,78626,77.25
20,2147,SOLEX,SM,58800,34400,58.50
20,2148,SOMANYCERA,EQ,21298,10305,48.38
20,2149,SOMATEX,EQ,24048,9273,38.56
20,2150,SONACOMS,EQ,1150238,852622,74.13
20,2151,SONAMAC,SM,34000,22000,64.71
20,2152,SONAMLTD,EQ,162631,59365,36.50
20,2153,SONATSOFTW,EQ,585942,262438,44.79
20,2154,SONUINFRA,ST,15000,15000,100.00
20,2155,SOTL,EQ,79753,45323,56.83
20,2156,SOUTHBANK,EQ,15908411,6790826,42.69
20,2157,SOUTHWEST,EQ,52256,32794,62.76
20,2158,SPAL,EQ,158186,42792,27.05
20,2159,SPANDANA,EQ,151817,78120,51.46
20,2160,SPARC,EQ,570325,295475,51.81
20,2161,SPCENET,EQ,1725231,1030709,59.74
20,2162,SPCL,SM,218400,133200,60.99
20,2163,SPECIALITY,EQ,49487,31933,64.53
20,2164,SPECTRUM,SM,1625,1375,84.62
20,2165,SPECTSTM,SM,16800,15200,90.48
20,2166,SPENCERS,EQ,301905,122652,40.63
20,2167,SPIC,EQ,609078,200843,32.97
20,2168,SPLIL,EQ,48432,20246,41.80
20,2169,SPLPETRO,EQ,24767,10820,43.69
20,2170,SPORTKING,EQ,37722,22181,58.80
20,2171,SPRL,ST,29600,17600,59.46
20,2172,SREEL,EQ,43863,15236,34.74
20,2173,SRF,EQ,252629,117708,46.59
20,2174,SRGHFL,EQ,4213,2623,62.26
20,2175,SRHHYPOLTD,EQ,19036,9487,49.84
20,2176,SRIVASAVI,SM,14000,11000,78.57
20,2177,SRM,EQ,688612,286178,41.56
20,2178,SSEGL,ST,2073000,2018000,97.35
20,2179,SSFL,SM,12000,5000,41.67
20,2180,SSWL,EQ,300621,184603,61.41
20,2181,STANLEY,EQ,131957,60908,46.16
20,2182,STAR,EQ,575154,280939,48.85
20,2183,STARCEMENT,EQ,295586,109376,37.00
20,2184,STARHEALTH,EQ,778203,448530,57.64
20,2185,STARPAPER,EQ,15132,9270,61.26
20,2186,STCINDIA,EQ,453932,95920,21.13
20,2187,STEELCAS,EQ,17873,9121,51.03
20,2188,STEELCITY,EQ,25471,16098,63.20
20,2189,STEELXIND,EQ,3209558,1323626,41.24
20,2190,STEL,EQ,30441,27512,90.38
20,2191,STERTOOLS,EQ,29681,12690,42.75
20,2192,STLTECH,EQ,3740583,1354544,36.21
20,2193,STOVEKRAFT,EQ,96636,52612,54.44
20,2194,STYLAMIND,EQ,15366,8127,52.89
20,2195,STYRENIX,EQ,52102,26977,51.78
20,2196,SUBEXLTD,EQ,6789236,2351711,34.64
20,2197,SUBROS,EQ,35227,18804,53.38
20,2198,SUDARSCHEM,EQ,179492,117239,65.32
20,2199,SUKHJITS,EQ,19279,9438,48.95
20,2200,SULA,EQ,386157,190401,49.31
20,2201,SUMICHEM,EQ,517098,247167,47.80
20,2202,SUMMITSEC,EQ,4708,2210,46.94
20,2203,SUNCLAY,EQ,8251,5671,68.73
20,2204,SUNDARMFIN,EQ,99323,63999,64.44
20,2205,SUNDARMHLD,EQ,89787,42259,47.07
20,2206,SUNDRMBRAK,EQ,19529,8846,45.30
20,2207,SUNDRMFAST,EQ,61009,36904,60.49
20,2208,SUNFLAG,EQ,230946,115153,49.86
20,2209,SUNPHARMA,EQ,2480113,1566944,63.18
20,2210,SUNTECK,EQ,284743,87976,30.90
20,2211,SUNTV,EQ,383813,150025,39.09
20,2212,SUPERHOUSE,EQ,5330,3790,71.11
20,2213,SUPERSPIN,EQ,87620,53197,60.71
20,2214,SUPRAJIT,EQ,95675,48129,50.30
20,2215,SUPREMEIND,EQ,76747,41558,54.15
20,2216,SUPREMEPWR,ST,30000,28000,93.33
20,2217,SUPRIYA,EQ,1285868,536932,41.76
20,2218,SURANASOL,EQ,327187,176647,53.99
20,2219,SURANI,SM,5800,4400,75.86
20,2220,SURYALAXMI,EQ,140767,81327,57.77
20,2221,SURYAROSNI,EQ,169239,93075,55.00
20,2222,SURYODAY,EQ,403727,231622,57.37
20,2223,SUTLEJTEX,EQ,610345,188136,30.82
20,2224,SUVEN,EQ,413389,192464,46.56
20,2225,SUVENPHAR,EQ,171881,69523,40.45
20,2226,SUVIDHAA,EQ,280519,155234,55.34
20,2227,SUZLON,EQ,212956025,80029932,37.58
20,2228,SVLL,EQ,34236,19891,58.10
20,2229,SVPGLOB,EQ,146504,79033,53.95
20,2230,SWANENERGY,EQ,2396984,729767,30.45
20,2231,SWARAJ,SM,14000,5000,35.71
20,2232,SWARAJENG,EQ,8231,4563,55.44
20,2233,SWASTIK,SM,8400,7200,85.71
20,2234,SWELECTES,EQ,34080,17300,50.76
20,2235,SWSOLAR,EQ,1157734,607177,52.45
20,2236,SYLVANPLY,SM,42000,30000,71.43
20,2237,SYMPHONY,EQ,4137398,541318,13.08
20,2238,SYNCOMF,EQ,6332441,3017040,47.64
20,2239,SYNGENE,EQ,1452895,511901,35.23
20,2240,SYNOPTICS,SM,9000,6000,66.67
20,2241,SYRMA,EQ,1802458,798743,44.31
20,2242,SYSTANGO,SM,30800,14800,48.05
20,2243,TAC,SM,13200,13200,100.00
20,2244,TAJGVK,EQ,635954,174341,27.41
20,2245,TAKE,EQ,340544,215090,63.16
20,2246,TALBROAUTO,EQ,203598,96845,47.57
20,2247,TANLA,EQ,907554,397375,43.79
20,2248,TARACHAND,EQ,121687,57068,46.90
20,2249,TARSONS,EQ,34944,17775,50.87
20,2250,TASTYBITE,EQ,24540,13445,54.79
20,2251,TATACHEM,EQ,711931,354802,49.84
20,2252,TATACOMM,EQ,218275,97585,44.71
20,2253,TATACONSUM,EQ,1298997,699748,53.87
20,2254,TATAELXSI,EQ,43024,23987,55.75
20,2255,TATAGOLD,EQ,1844615,1488738,80.71
20,2256,TATAINVEST,EQ,9233,5534,59.94
20,2257,TATAMOTORS,EQ,19529790,7693240,39.39
20,2258,TATAMTRDVR,EQ,4458812,3080582,69.09
20,2259,TATAPOWER,EQ,25148625,9921464,39.45
20,2260,TATASTEEL,EQ,51858615,24282309,46.82
20,2261,TATATECH,EQ,445571,244461,54.86
20,2262,TATSILV,EQ,738952,597060,80.80
20,2263,TATVA,EQ,33836,16824,49.72
20,2264,TBI,ST,22800,21600,94.74
20,2265,TBOTEK,EQ,15093,6697,44.37
20,2266,TBZ,EQ,4748056,1196337,25.20
20,2267,TCI,EQ,39600,17913,45.23
20,2268,TCIEXP,EQ,15960,7665,48.03
20,2269,TCL,SM,40800,28800,70.59
20,2270,TCNSBRANDS,EQ,1820533,1589047,87.28
20,2271,TCPLPACK,EQ,3206,1331,41.52
20,2272,TCS,EQ,2441283,1684925,69.02
20,2273,TDPOWERSYS,EQ,318782,161388,50.63
20,2274,TEAMLEASE,EQ,24733,16035,64.83
20,2275,TECH,EQ,18248,13470,73.82
20,2276,TECHLABS,ST,15500,14000,90.32
20,2277,TECHM,EQ,2333194,1449748,62.14
20,2278,TEGA,EQ,360360,276742,76.80
20,2279,TEJASNET,EQ,572206,297818,52.05
20,2280,TEMBO,EQ,13129,7406,56.41
20,2281,TEXINFRA,EQ,293180,111953,38.19
20,2282,TEXMOPIPES,EQ,69301,35563,51.32
20,2283,TEXRAIL,EQ,3077794,1181872,38.40
20,2284,TFCILTD,EQ,555677,287484,51.74
20,2285,TGBHOTELS,EQ,31764,19743,62.16
20,2286,TGL,ST,42000,34800,82.86
20,2287,THANGAMAYL,EQ,53162,43981,82.73
20,2288,THEJO,EQ,16773,11214,66.86
20,2289,THEMISMED,EQ,93541,49889,53.33
20,2290,THERMAX,EQ,67584,30745,45.49
20,2291,THOMASCOOK,EQ,2521884,1531175,60.72
20,2292,THYROCARE,EQ,122343,40853,33.39
20,2293,TI,EQ,273617,144037,52.64
20,2294,TIDEWATER,EQ,29067,13128,45.16
20,2295,TIIL,EQ,54169,26589,49.09
20,2296,TIINDIA,EQ,126117,57225,45.37
20,2297,TIMESCAN,SM,32000,32000,100.00
20,2298,TIMESGTY,EQ,36266,8240,22.72
20,2299,TIMETECHNO,EQ,835068,313055,37.49
20,2300,TIMKEN,EQ,126740,53202,41.98
20,2301,TIPSFILMS,EQ,13680,7427,54.29
20,2302,TIPSINDLTD,EQ,1024798,264716,25.83
20,2303,TIRUMALCHM,EQ,302567,119410,39.47
20,2304,TIRUPATI,SM,3000,3000,100.00
20,2305,TITAGARH,EQ,1503176,569853,37.91
20,2306,TITAN,EQ,1280733,685736,53.54
20,2307,TMB,EQ,166648,50794,30.48
20,2308,TNIDETF,EQ,57686,37295,64.65
20,2309,TNPETRO,EQ,266049,131204,49.32
20,2310,TNPL,EQ,173164,92445,53.39
20,2311,TOKYOPLAST,EQ,5370,4287,79.83
20,2312,TOP100CASE,EQ,42672,36999,86.71
20,2313,TORNTPHARM,EQ,289623,147724,51.01
20,2314,TORNTPOWER,EQ,824083,211460,25.66
20,2315,TOUCHWOOD,EQ,220317,34657,15.73
20,2316,TPLPLASTEH,EQ,702261,135081,19.24
20,2317,TRACXN,EQ,346368,135470,39.11
20,2318,TRANSTEEL,SM,92000,70000,76.09
20,2319,TRANSWIND,SM,4000,4000,100.00
20,2320,TREEHOUSE,EQ,25791,11973,46.42
20,2321,TREL,EQ,992901,509884,51.35
20,2322,TRENT,EQ,1183241,355391,30.04
20,2323,TRF,EQ,23625,16530,69.97
20,2324,TRIDENT,EQ,12607945,3532708,28.02
20,2325,TRIDHYA,SM,99000,57000,57.58
20,2326,TRITURBINE,EQ,10380297,1127407,10.86
20,2327,TRIVENI,EQ,234083,89347,38.17
20,2328,TROM,ST,205200,200400,97.66
20,2329,TRU,EQ,2218829,454129,20.47
20,2330,TRUST,ST,147600,145200,98.37
20,2331,TTKHLTCARE,EQ,18786,11489,61.16
20,2332,TTKPRESTIG,EQ,142731,84361,59.10
20,2333,TTL,EQ,32671,13432,41.11
20,2334,TTML,EQ,26349157,4269651,16.20
20,2335,TUNWAL,SM,462000,282000,61.04
20,2336,TV18BRDCST,EQ,9443102,3774967,39.98
20,2337,TVSELECT,EQ,32546,14861,45.66
20,2338,TVSHLTD,EQ,7799,2528,32.41
20,2339,TVSMOTOR,EQ,608596,218263,35.86
20,2340,TVSSCS,EQ,2482509,820663,33.06
20,2341,TVSSRICHAK,EQ,18718,7869,42.04
20,2342,TVTODAY,EQ,334885,172930,51.64
20,2343,UBL,EQ,210198,127798,60.80
20,2344,UCAL,EQ,22217,12512,56.32
20,2345,UCOBANK,EQ,8771018,2394801,27.30
20,2346,UDAICEMENT,EQ,723216,391975,54.20
20,2347,UDS,EQ,1337409,755174,56.47
20,2348,UFLEX,EQ,93138,48982,52.59
20,2349,UFO,EQ,188099,99637,52.97
20,2350,UGARSUGAR,EQ,163298,63993,39.19
20,2351,UGROCAP,EQ,137158,76669,55.90
20,2352,UJJIVANSFB,EQ,10401669,6051198,58.18
20,2353,ULTRACEMCO,EQ,290349,157428,54.22
20,2354,UMA,SM,8000,4000,50.00
20,2355,UMAEXPORTS,EQ,120582,78335,64.96
20,2356,UNICHEMLAB,EQ,516062,95124,18.43
20,2357,UNIDT,EQ,57748,32221,55.80
20,2358,UNIENTER,EQ,9481,4224,44.55
20,2359,UNIHEALTH,SM,7000,7000,100.00
20,2360,UNIINFO,EQ,21476,13907,64.76
20,2361,UNIONBANK,EQ,12293949,5937325,48.29
20,2362,UNIPARTS,EQ,152075,83659,55.01
20,2363,UNITDSPR,EQ,552871,271086,49.03
20,2364,UNITEDPOLY,EQ,46844,19254,41.10
20,2365,UNITEDTEA,EQ,3177,2036,64.09
20,2366,UNIVASTU,EQ,1953,1463,74.91
20,2367,UNIVCABLES,EQ,183046,90110,49.23
20,2368,UNIVPHOTO,EQ,1529,1019,66.64
20,2369,UNOMINDA,EQ,923851,410652,44.45
20,2370,UPL,EQ,2763841,1251879,45.29
20,2371,URAVI,EQ,5251,3666,69.82
20,2372,URBAN,SM,33200,19600,59.04
20,2373,URJA,EQ,2726905,1335109,48.96
20,2374,USASEEDS,SM,2400,1800,75.00
20,2375,USHAMART,EQ,547915,318592,58.15
20,2376,UTIAMC,EQ,128149,58654,45.77
20,2377,UTIBANKETF,EQ,49124,33670,68.54
20,2378,UTINEXT50,EQ,189561,157118,82.89
20,2379,UTINIFTETF,EQ,51323,50430,98.26
20,2380,UTISENSETF,EQ,659,547,83.00
20,2381,UTISXN50,EQ,1222,1123,91.90
20,2382,UTKARSHBNK,EQ,809922,415135,51.26
20,2383,UTSSAV,ST,86400,86400,100.00
20,2384,UTTAMSUGAR,EQ,190398,69926,36.73
20,2385,VADILALIND,EQ,50112,19929,39.77
20,2386,VAIBHAVGBL,EQ,941422,458421,48.69
20,2387,VAISHALI,EQ,109776,60242,54.88
20,2388,VAKRANGEE,EQ,11032613,3524029,31.94
20,2389,VALIANTLAB,EQ,120322,41089,34.15
20,2390,VALIANTORG,EQ,18391,9827,53.43
20,2391,VARDHACRLC,EQ,75242,32276,42.90
20,2392,VARDMNPOLY,EQ,167758,127402,75.94
20,2393,VARROC,EQ,549441,335634,61.09
20,2394,VASCONEQ,EQ,965055,457882,47.45
20,2395,VASWANI,EQ,195282,91608,46.91
20,2396,VBL,EQ,1821165,1159733,63.68
20,2397,VEDL,EQ,9305734,3494774,37.56
20,2398,VELS,SM,3600,2400,66.67
20,2399,VENKEYS,EQ,1325119,295553,22.30
20,2400,VENUSPIPES,EQ,30434,19003,62.44
20,2401,VENUSREM,EQ,51808,25962,50.11
20,2402,VERA,SM,6000,6000,100.00
20,2403,VERITAAS,SM,2400,1200,50.00
20,2404,VERTEXPLUS,ST,1200,1200,100.00
20,2405,VERTOZ,EQ,753746,555998,73.76
20,2406,VESUVIUS,EQ,6103,3092,50.66
20,2407,VETO,EQ,870041,322415,37.06
20,2408,VGUARD,EQ,295340,119432,40.44
20,2409,VHL,EQ,885,550,62.15
20,2410,VIAZ,SM,4000,4000,100.00
20,2411,VIDHIING,EQ,80523,30067,37.34
20,2412,VIJAYA,EQ,130757,64085,49.01
20,2413,VIKASECO,EQ,33727092,14528840,43.08
20,2414,VIKASLIFE,EQ,21600236,9202930,42.61
20,2415,VILAS,ST,27000,27000,100.00
20,2416,VIMTALABS,EQ,33318,20387,61.19
20,2417,VINATIORGA,EQ,168796,107938,63.95
20,2418,VINDHYATEL,EQ,86620,35980,41.54
20,2419,VINEETLAB,EQ,35668,17133,48.03
20,2420,VINNY,EQ,862428,544536,63.14
20,2421,VINSYS,SM,9000,6000,66.67
20,2422,VINYAS,ST,35400,34000,96.05
20,2423,VINYLINDIA,EQ,14991,7879,52.56
20,2424,VIPIND,EQ,262820,106907,40.68
20,2425,VIPULLTD,EQ,1143386,543907,47.57
20,2426,VIRINCHI,EQ,290901,116040,39.89
20,2427,VISAKAIND,EQ,203081,120863,59.51
20,2428,VISAMAN,SM,48000,45000,93.75
20,2429,VISHNU,EQ,94299,44714,47.42
20,2430,VISHNUINFR,SM,134000,87000,64.93
20,2431,VISHWARAJ,EQ,446244,165390,37.06
20,2432,VISHWAS,SM,6400,4800,75.00
20,2433,VITAL,ST,22800,21600,94.74
20,2434,VIVIANA,ST,7000,7000,100.00
20,2435,VIVO,SM,3200,3200,100.00
20,2436,VLEGOV,EQ,4061613,1409809,34.71
20,2437,VLINFRA,ST,513000,459000,89.47
20,2438,VLSFINANCE,EQ,212358,124502,58.63
20,2439,VMARCIND,SM,303000,213000,70.30
20,2440,VMART,EQ,99077,35743,36.08
20,2441,VOLTAMP,EQ,22265,10302,46.27
20,2442,VOLTAS,EQ,2671985,1217934,45.58
20,2443,VPRPL,EQ,5172264,1613185,31.19
20,2444,VRAJ,EQ,387054,164293,42.45
20,2445,VRLLOG,EQ,257166,129775,50.46
20,2446,VSCL,SM,3000,3000,100.00
20,2447,VSSL,EQ,93303,57029,61.12
20,2448,VSTIND,EQ,77172,38478,49.86
20,2449,VSTTILLERS,EQ,2178,1039,47.70
20,2450,VTL,EQ,215821,96736,44.82
20,2451,WABAG,EQ,605398,254486,42.04
20,2452,WALCHANNAG,EQ,779527,383919,49.25
20,2453,WALPAR,SM,4000,4000,100.00
20,2454,WANBURY,EQ,125828,76474,60.78
20,2455,WEL,EQ,73230,21541,29.42
20,2456,WELCORP,EQ,3048740,946862,31.06
20,2457,WELENT,EQ,312412,153567,49.16
20,2458,WELINV,EQ,586,447,76.28
20,2459,WELSPUNLIV,EQ,2454945,894629,36.44
20,2460,WENDT,EQ,208,122,58.65
20,2461,WESTLIFE,EQ,12090,5841,48.31
20,2462,WHEELS,EQ,17299,8669,50.11
20,2463,WHIRLPOOL,EQ,87360,45974,52.63
20,2464,WILLAMAGOR,EQ,19173,3783,19.73
20,2465,WINDLAS,EQ,133943,47074,35.14
20,2466,WINDMACHIN,EQ,111741,61922,55.42
20,2467,WINNY,SM,2000,2000,100.00
20,2468,WINSOL,SM,68800,51200,74.42
20,2469,WIPL,EQ,29472,19280,65.42
20,2470,WIPRO,EQ,6580285,3352196,50.94
20,2471,WOMANCART,ST,3200,3200,100.00
20,2472,WONDERLA,EQ,33996,18562,54.60
20,2473,WORTH,EQ,72052,26199,36.36
20,2474,WSI,EQ,176823,94823,53.63
20,2475,WSTCSTPAPR,EQ,130464,72766,55.77
20,2476,WTICAB,SM,28000,21000,75.00
20,2477,XCHANGING,EQ,366374,161358,44.04
20,2478,XELPMOC,EQ,14755,9065,61.44
20,2479,XPROINDIA,EQ,64102,39538,61.68
20,2480,YAARI,EQ,105675,73700,69.74
20,2481,YASHO,EQ,19024,14033,73.76
20,2482,YATHARTH,EQ,131416,67988,51.73
20,2483,YATRA,EQ,235249,149216,63.43
20,2484,YCCL,SM,18000,9000,50.00
20,2485,YESBANK,EQ,127582225,36461996,28.58
20,2486,YUDIZ,ST,12000,12000,100.00
20,2487,YUKEN,EQ,30997,20392,65.79
20,2488,ZAGGLE,EQ,4426368,1585571,35.82
20,2489,ZEAL,SM,2400,1200,50.00
20,2490,ZEEL,EQ,14952608,5456425,36.49
20,2491,ZEEMEDIA,EQ,7186063,2675456,37.23
20,2492,ZENITHDRUG,SM,22400,16000,71.43
20,2493,ZENSARTECH,EQ,464099,201347,43.38
20,2494,ZENTEC,EQ,874824,338659,38.71
20,2495,ZFCVINDIA,EQ,3906,1950,49.92
20,2496,ZIMLAB,EQ,52447,29059,55.41
20,2497,ZOMATO,EQ,57917059,16346360,28.22
20,2498,ZOTA,EQ,34417,15982,46.44
20,2499,ZTECH,SM,288000,158400,55.00
20,2500,ZUARI,EQ,202463,93676,46.27
20,2501,ZUARIIND,EQ,61665,28748,46.62
20,2502,ZYDUSLIFE,EQ,2579443,1374700,53.29
20,2503,ZYDUSWELL,EQ,27740,15863,57.18
