Security Wise Delivery Position - Compulsory Rolling Settlement
10,MTO,12042024,1678063939,0002407
Trade Date <12-APR-2024>,Settlement Type <N>
Record Type,Sr No,Name of Security,Quantity Traded,Deliverable Quantity(gross across client level),% of Deliverable Quantity to Traded Quantity
20,1,1018GS2026,GS,880,880,100.00
20,2,182D010824,TB,400,400,100.00
20,3,182D031024,TB,1300,900,69.23
20,4,182D040724,TB,1100,700,63.64
20,5,182D050924,TB,200,200,100.00
20,6,182D060624,TB,500,500,100.00
20,7,182D080824,TB,100,100,100.00
20,8,182D110724,TB,700,700,100.00
20,9,182D130624,TB,300,200,66.67
20,10,182D150824,TB,400,400,100.00
20,11,182D180424,TB,100,100,100.00
20,12,182D180724,TB,3400,3400,100.00
20,13,182D190924,TB,200,200,100.00
20,14,182D200624,TB,1200,1200,100.00
20,15,182D230524,TB,100,100,100.00
20,16,182D250724,TB,400,200,50.00
20,17,182D270624,TB,400,300,75.00
20,18,20MICRONS,EQ,59457,30322,51.00
20,19,360ONE,EQ,1420517,1078044,75.89
20,20,364D051224,TB,9100,9100,100.00
20,21,364D090524,TB,400,400,100.00
20,22,364D130325,TB,3000,3000,100.00
20,23,364D160125,TB,600,600,100.00
20,24,364D200225,TB,100,100,100.00
20,25,364D200325,TB,4100,4100,100.00
20,26,364D261224,TB,100,100,100.00
20,27,364D270325,TB,8000,8000,100.00
20,28,364D281124,TB,100,100,100.00
20,29,3IINFOLTD,EQ,1182125,586668,49.63
20,30,3MINDIA,EQ,1897,1024,53.98
20,31,522GS2025,GS,300,300,100.00
20,32,5PAISA,EQ,99573,29976,30.10
20,33,618GS2024,GS,5,5,100.00
20,34,63MOONS,EQ,170717,136807,80.14
20,35,654GS2032,GS,2903,2900,99.90
20,36,667GS2035,GS,1,1,100.00
20,37,667GS2050,GS,16064,14147,88.07
20,38,669GS2024,GS,894,894,100.00
20,39,676GS2061,GS,1560,800,51.28
20,40,68GS2060,GS,4865,4281,88.00
20,41,695GS2061,GS,813,813,100.00
20,42,699GS2026,GS,200,200,100.00
20,43,706GS2028,GS,102256,102256,100.00
20,44,710GS2029,GS,5271,5012,95.09
20,45,716GS2050,GS,4,3,75.00
20,46,717GS2030,GS,3369,3369,100.00
20,47,718GS2033,GS,57928,53928,93.09
20,48,718GS2037,GS,90751,90751,100.00
20,49,71GS2034,GS,12651,12651,100.00
20,50,725GS2063,GS,341150,312177,91.51
20,51,726GS2032,GS,12190,12190,100.00
20,52,726GS2033,GS,1000,1000,100.00
20,53,732GS2030,GS,1100,1100,100.00
20,54,733GS2026,GS,2100,2000,95.24
20,55,736GS2052,GS,15519,15519,100.00
20,56,737GS2028,GS,1995,1895,94.99
20,57,738GS2027,GS,177646,174831,98.42
20,58,73GS2053,GS,10250,10250,100.00
20,59,746GS2073,GS,100200,100000,99.80
20,60,74GS2062,GS,14266,14255,99.92
20,61,754GS2036,GS,1048295,1008962,96.25
20,62,759GS2026,GS,1,1,100.00
20,63,767KA36,SG,200,200,100.00
20,64,772KA35,SG,400,400,100.00
20,65,775UP33,SG,200,200,100.00
20,66,777MN38,SG,200,200,100.00
20,67,77AP29A,SG,100,100,100.00
20,68,77MH33A,SG,100,100,100.00
20,69,817GS2044,GS,5,5,100.00
20,70,824GS2027,GS,27000,27000,100.00
20,71,828GS2027,GS,997,997,100.00
20,72,828GS2032,GS,100,50,50.00
20,73,883GS2041,GS,140,140,100.00
20,74,91D020524,TB,1800,1800,100.00
20,75,91D040724,TB,2600,2600,100.00
20,76,91D060624,TB,300,300,100.00
20,77,91D090524,TB,400,400,100.00
20,78,91D130624,TB,100,100,100.00
20,79,91D160524,TB,23900,23900,100.00
20,80,91D180424,TB,2000,1900,95.00
20,81,91D230524,TB,1200,900,75.00
20,82,91D250424,TB,100,100,100.00
20,83,91D270624,TB,1200,1200,100.00
20,84,91D300524,TB,1400,1400,100.00
20,85,92GS2030,GS,6721,6721,100.00
20,86,AAKASH,EQ,899000,598830,66.61
20,87,AARON,EQ,4644,3188,68.65
20,88,AARTECH,EQ,145858,105685,72.46
20,89,AARTIDRUGS,EQ,124404,49704,39.95
20,90,AARTIIND,EQ,2320206,634780,27.36
20,91,AARTIPHARM,EQ,103890,54465,52.43
20,92,AARTISURF,EQ,50907,14466,28.42
20,93,AARTISURF,P1,41,1,2.44
20,94,AARVEEDEN,EQ,49707,31624,63.62
20,95,AARVI,EQ,455102,176405,38.76
20,96,AATMAJ,SM,16000,14000,87.50
20,97,AAVAS,EQ,473713,198489,41.90
20,98,ABB,EQ,418148,189487,45.32
20,99,ABBOTINDIA,EQ,12842,5187,40.39
20,100,ABCAPITAL,EQ,7363590,2101409,28.54
20,101,ABFL,N2,15,15,100.00
20,102,ABFRL,EQ,3365147,1364902,40.56
20,103,ABINFRA,SM,8000,8000,100.00
20,104,ABMINTLLTD,EQ,518,217,41.89
20,105,ABSLAMC,EQ,454101,308969,68.04
20,106,ABSLBANETF,EQ,619944,595416,96.04
20,107,ABSLLIQUID,EQ,15773,10199,64.66
20,108,ABSLNN50ET,EQ,8207,5991,73.00
20,109,ACC,EQ,262400,109941,41.90
20,110,ACCELYA,EQ,17709,7076,39.96
20,111,ACCENTMIC,SM,27000,25000,92.59
20,112,ACCORD,SM,2000,2000,100.00
20,113,ACE,EQ,277844,136967,49.30
20,114,ACEINTEG,EQ,34595,23821,68.86
20,115,ACI,EQ,3324651,683825,20.57
20,116,ACL,EQ,41360,25800,62.38
20,117,ACLGATI,EQ,256949,141648,55.13
20,118,ACSAL,SM,6000,6000,100.00
20,119,ADANIENSOL,EQ,1283700,347514,27.07
20,120,ADANIENT,EQ,705173,257822,36.56
20,121,ADANIGREEN,EQ,393681,242548,61.61
20,122,ADANIPORTS,EQ,2183230,1129427,51.73
20,123,ADANIPOWER,EQ,2999709,1918295,63.95
20,124,ADFFOODS,EQ,59974,34227,57.07
20,125,ADL,EQ,9350,5448,58.27
20,126,ADORWELD,EQ,9149,4003,43.75
20,127,ADROITPP,X1,36163,35997,99.54
20,128,ADSL,EQ,554560,114450,20.64
20,129,ADVANIHOTR,EQ,135696,79881,58.87
20,130,ADVENZYMES,EQ,231764,124058,53.53
20,131,AEGISCHEM,EQ,2403303,890545,37.06
20,132,AEROFLEX,EQ,590256,236902,40.14
20,133,AETHER,EQ,27717,17154,61.89
20,134,AFFLE,EQ,133085,79610,59.82
20,135,AGARIND,EQ,28532,12573,44.07
20,136,AGARWALFT,SM,30000,30000,100.00
20,137,AGI,EQ,146718,68764,46.87
20,138,AGNI,ST,115000,105000,91.30
20,139,AGRITECH,EQ,32490,19007,58.50
20,140,AGROPHOS,EQ,78079,56808,72.76
20,141,AGUL,ST,4000,4000,100.00
20,142,AHL,EQ,127499,69346,54.39
20,143,AHLADA,EQ,39221,30530,77.84
20,144,AHLEAST,EQ,51994,29041,55.85
20,145,AHLUCONT,EQ,72266,49395,68.35
20,146,AIAENG,EQ,67164,54226,80.74
20,147,AIROLAM,EQ,90458,55240,61.07
20,148,AIRTELPP,E1,910870,788430,86.56
20,149,AISL,SM,20400,18000,88.24
20,150,AJANTPHARM,EQ,79775,33064,41.45
20,151,AJMERA,EQ,164715,50018,30.37
20,152,AJOONI,EQ,612168,389756,63.67
20,153,AKANKSHA,SM,186000,142000,76.34
20,154,AKASH,EQ,47424,27945,58.93
20,155,AKG,EQ,29452,18469,62.71
20,156,AKZOINDIA,EQ,38354,32268,84.13
20,157,ALBERTDAVD,EQ,5468,3757,68.71
20,158,ALEMBICLTD,EQ,675318,329235,48.75
20,159,ALICON,EQ,5689,3033,53.31
20,160,ALKALI,EQ,15362,11860,77.20
20,161,ALKEM,EQ,159343,94423,59.26
20,162,ALKYLAMINE,EQ,67327,24923,37.02
20,163,ALLCARGO,EQ,2817957,785403,27.87
20,164,ALLETEC,SM,48800,36800,75.41
20,165,ALLSEC,EQ,32212,20646,64.09
20,166,ALPA,EQ,22142,13136,59.33
20,167,ALPEXSOLAR,SM,909600,500400,55.01
20,168,ALPHA,EQ,565892,433363,76.58
20,169,ALPHAETF,EQ,73992,54772,74.02
20,170,ALPHAGEO,EQ,23216,14198,61.16
20,171,ALPL30IETF,EQ,133598,113260,84.78
20,172,ALUWIND,ST,363000,348000,95.87
20,173,AMBER,EQ,73009,29831,40.86
20,174,AMBICAAGAR,EQ,38345,25260,65.88
20,175,AMBIKCO,EQ,7015,3350,47.75
20,176,AMBUJACEM,EQ,4161320,2428478,58.36
20,177,AMDIND,EQ,25764,19267,74.78
20,178,AMEYA,SM,8000,6000,75.00
20,179,AMIORG,EQ,356521,165615,46.45
20,180,AMJLAND,EQ,30545,19364,63.39
20,181,AMNPLST,EQ,14294,7768,54.34
20,182,AMRUTANJAN,EQ,42104,23706,56.30
20,183,ANANDRATHI,EQ,141212,47654,33.75
20,184,ANANTRAJ,EQ,1958635,1010575,51.60
20,185,ANDHRAPAP,EQ,90557,69329,76.56
20,186,ANDHRSUGAR,EQ,187582,99784,53.19
20,187,ANGELONE,EQ,288710,168408,58.33
20,188,ANIKINDS,EQ,29613,17327,58.51
20,189,ANKITMETAL,EQ,60048,42928,71.49
20,190,ANLON,SM,18400,13600,73.91
20,191,ANMOL,EQ,142368,94237,66.19
20,192,ANNAPURNA,SM,5500,5000,90.91
20,193,ANUP,EQ,10324,6210,60.15
20,194,ANURAS,EQ,154804,79454,51.33
20,195,APARINDS,EQ,78608,35611,45.30
20,196,APCL,EQ,6777,3783,55.82
20,197,APCOTEXIND,EQ,25271,14740,58.33
20,198,APEX,EQ,88773,42564,47.95
20,199,APLAPOLLO,EQ,862397,526262,61.02
20,200,APLLTD,EQ,92575,38850,41.97
20,201,APOLLO,EQ,852706,510714,59.89
20,202,APOLLOHOSP,EQ,450885,267528,59.33
20,203,APOLLOPIPE,EQ,25978,14967,57.61
20,204,APOLLOTYRE,EQ,1955613,773142,39.53
20,205,APOLSINHOT,EQ,2124,1159,54.57
20,206,APS,SM,116000,70000,60.34
20,207,APTECHT,EQ,186582,89350,47.89
20,208,APTUS,EQ,174865,86656,49.56
20,209,ARABIAN,SM,6000,6000,100.00
20,210,ARCHIDPLY,EQ,388267,137457,35.40
20,211,ARE&M,EQ,1131749,347631,30.72
20,212,ARENTERP,EQ,1231,796,64.66
20,213,ARHAM,SM,5000,5000,100.00
20,214,ARIES,EQ,86424,49591,57.38
20,215,ARIHANTACA,SM,4000,4000,100.00
20,216,ARIHANTCAP,EQ,185020,120201,64.97
20,217,ARIHANTSUP,EQ,57604,32460,56.35
20,218,ARISTO,SM,12800,9600,75.00
20,219,ARMANFIN,EQ,27939,16321,58.42
20,220,AROGRANITE,EQ,72072,49506,68.69
20,221,ARROWGREEN,EQ,12153,6897,56.75
20,222,ARTEMISMED,EQ,76615,40512,52.88
20,223,ARVIND,EQ,1206529,624482,51.76
20,224,ARVINDFASN,EQ,311870,180464,57.87
20,225,ARVSMART,EQ,51675,23554,45.58
20,226,ASAHIINDIA,EQ,91249,50392,55.22
20,227,ASAHISONG,EQ,7605,4734,62.25
20,228,ASAL,EQ,168174,64106,38.12
20,229,ASALCBR,EQ,115281,57042,49.48
20,230,ASCOM,ST,500,500,100.00
20,231,ASHIANA,EQ,3570071,417103,11.68
20,232,ASHIMASYN,EQ,153392,115806,75.50
20,233,ASHOKA,EQ,1273116,584266,45.89
20,234,ASHOKLEY,EQ,16842899,9542460,56.66
20,235,ASIANENE,EQ,22136,11644,52.60
20,236,ASIANPAINT,EQ,1766311,949107,53.73
20,237,ASIANTILES,EQ,1044840,630396,60.33
20,238,ASKAUTOLTD,EQ,363227,219210,60.35
20,239,ASMS,EQ,40115,40115,100.00
20,240,ASPINWALL,EQ,5128,3254,63.46
20,241,ASPIRE,ST,114000,112000,98.25
20,242,ASTEC,EQ,120898,56191,46.48
20,243,ASTERDM,EQ,1857407,852135,45.88
20,244,ASTRAL,EQ,413279,242445,58.66
20,245,ASTRAMICRO,EQ,411891,210978,51.22
20,246,ASTRAZEN,EQ,5214,2278,43.69
20,247,ATALREAL,EQ,216595,163129,75.32
20,248,ATAM,EQ,1347555,317163,23.54
20,249,ATFL,EQ,26548,10867,40.93
20,250,ATGL,EQ,755787,319105,42.22
20,251,ATL,EQ,523929,260899,49.80
20,252,ATLANTAA,EQ,1310210,717477,54.76
20,253,ATMASTCO,SM,171200,115200,67.29
20,254,ATUL,EQ,106850,59553,55.74
20,255,ATULAUTO,EQ,123638,65627,53.08
20,256,AUBANK,EQ,2748417,1660644,60.42
20,257,AURDIS,SM,5500,4000,72.73
20,258,AUROIMPEX,SM,11200,11200,100.00
20,259,AUROPHARMA,EQ,1216798,627141,51.54
20,260,AUSOMENT,EQ,6767,4393,64.92
20,261,AUTOAXLES,EQ,16034,10800,67.36
20,262,AUTOBEES,EQ,175916,146851,83.48
20,263,AUTOIETF,EQ,316537,201700,63.72
20,264,AUTOIND,EQ,208831,117037,56.04
20,265,AVADHSUGAR,EQ,46605,25889,55.55
20,266,AVALON,EQ,80375,46487,57.84
20,267,AVANTIFEED,EQ,288931,91100,31.53
20,268,AVG,EQ,48575,29426,60.58
20,269,AVONMORE,EQ,11731,6904,58.85
20,270,AVPINFRA,SM,116800,84800,72.60
20,271,AVROIND,EQ,214964,65015,30.24
20,272,AVTNPL,EQ,176821,98430,55.67
20,273,AWHCL,EQ,161221,98477,61.08
20,274,AWL,EQ,1196013,669994,56.02
20,275,AXISBANK,EQ,18045983,13271508,73.54
20,276,AXISBNKETF,EQ,5389,5057,93.84
20,277,AXISBPSETF,EQ,57697,45978,79.69
20,278,AXISCADES,EQ,46280,24127,52.13
20,279,AXISCETF,EQ,1948,1785,91.63
20,280,AXISGOLD,EQ,1578576,1508355,95.55
20,281,AXISHCETF,EQ,6884,4693,68.17
20,282,AXISILVER,EQ,24391,20552,84.26
20,283,AXISNIFTY,EQ,7397,5217,70.53
20,284,AXISTECETF,EQ,4156,3153,75.87
20,285,AXITA,EQ,1296732,420145,32.40
20,286,AXSENSEX,EQ,1350,899,66.59
20,287,AYMSYNTEX,EQ,60375,44783,74.17
20,288,AZAD,EQ,108526,75965,70.00
20,289,BABAFP,SM,24000,17600,73.33
20,290,BAHETI,SM,1500,1500,100.00
20,291,BAIDFIN,EQ,41214,30479,73.95
20,292,BAJAJ-AUTO,EQ,480474,216436,45.05
20,293,BAJAJCON,EQ,314813,148456,47.16
20,294,BAJAJELEC,EQ,127850,76367,59.73
20,295,BAJAJFINSV,EQ,1312132,656967,50.07
20,296,BAJAJHCARE,EQ,750779,171553,22.85
20,297,BAJAJHIND,EQ,10699121,4033846,37.70
20,298,BAJAJHLDNG,EQ,43228,32628,75.48
20,299,BAJEL,EQ,711540,312795,43.96
20,300,BAJFINANCE,EQ,1092588,574018,52.54
20,301,BALAJITELE,EQ,271231,211382,77.93
20,302,BALAMINES,EQ,79806,31620,39.62
20,303,BALAXI,EQ,11353,10726,94.48
20,304,BALKRISIND,EQ,621524,485443,78.11
20,305,BALMLAWRIE,EQ,540116,215277,39.86
20,306,BALPHARMA,EQ,5969,4728,79.21
20,307,BALRAMCHIN,EQ,1484296,630784,42.50
20,308,BANARBEADS,EQ,8150,4476,54.92
20,309,BANARISUG,EQ,1321,586,44.36
20,310,BANCOINDIA,EQ,54462,21637,39.73
20,311,BANDHANBNK,EQ,25930326,14534650,56.05
20,312,BANKBARODA,EQ,11496987,5267160,45.81
20,313,BANKBEES,EQ,534108,334311,62.59
20,314,BANKBETF,EQ,8914,5753,64.54
20,315,BANKETF,EQ,2621,1614,61.58
20,316,BANKETFADD,EQ,12219,10664,87.27
20,317,BANKIETF,EQ,1610853,1461821,90.75
20,318,BANKINDIA,EQ,7894694,3578752,45.33
20,319,BANKNIFTY1,EQ,16110,13273,82.39
20,320,BANSWRAS,EQ,80528,51175,63.55
20,321,BARBEQUE,EQ,163666,140298,85.72
20,322,BASF,EQ,27729,12311,44.40
20,323,BASILIC,SM,48000,27600,57.50
20,324,BASML,EQ,198968,106050,53.30
20,325,BATAINDIA,EQ,1062242,429508,40.43
20,326,BAWEJA,SM,7200,6400,88.89
20,327,BAYERCROP,EQ,27884,16511,59.21
20,328,BBETF0432,EQ,10162,7916,77.90
20,329,BBL,EQ,29472,12924,43.85
20,330,BBNPPGOLD,EQ,776,729,93.94
20,331,BBOX,EQ,122796,81899,66.70
20,332,BBTC,EQ,66407,45334,68.27
20,333,BBTCL,EQ,6478,5978,92.28
20,334,BCG,EQ,10697302,4576273,42.78
20,335,BCLIND,EQ,1379639,482957,35.01
20,336,BDL,EQ,688784,310190,45.03
20,337,BEARDSELL,EQ,79461,40496,50.96
20,338,BECTORFOOD,EQ,83480,51597,61.81
20,339,BEL,EQ,57174716,19299865,33.76
20,340,BEML,EQ,174717,50363,28.83
20,341,BEPL,EQ,900904,387548,43.02
20,342,BERGEPAINT,EQ,326402,157504,48.25
20,343,BESTAGRO,EQ,32286,20342,63.01
20,344,BETA,SM,1400,1200,85.71
20,345,BEWLTD,SM,6625,4500,67.92
20,346,BFINVEST,EQ,33251,15876,47.75
20,347,BFSI,EQ,1091594,1046762,95.89
20,348,BFUTILITIE,EQ,274849,117432,42.73
20,349,BHAGCHEM,EQ,23953,9377,39.15
20,350,BHAGERIA,EQ,59630,30172,50.60
20,351,BHAGYANGR,EQ,446511,296686,66.45
20,352,BHANDARI,EQ,520689,322058,61.85
20,353,BHARATFORG,EQ,970493,539484,55.59
20,354,BHARATGEAR,EQ,28319,21208,74.89
20,355,BHARATRAS,EQ,3015,1569,52.04
20,356,BHARTIARTL,EQ,7877073,4693148,59.58
20,357,BHARTIHEXA,EQ,53465498,31967566,59.79
20,358,BHEL,EQ,22621987,6298782,27.84
20,359,BHINVIT,IV,305423,223481,73.17
20,360,BIGBLOC,EQ,81290,42762,52.60
20,361,BIKAJI,EQ,876290,694041,79.20
20,362,BIL,EQ,37267,16336,43.84
20,363,BIOCON,EQ,6929503,3374883,48.70
20,364,BIOFILCHEM,EQ,41802,23459,56.12
20,365,BIRET,RR,124581,115834,92.98
20,366,BIRLACABLE,EQ,74037,35151,47.48
20,367,BIRLACORPN,EQ,95136,48353,50.83
20,368,BLAL,EQ,116325,72474,62.30
20,369,BLISSGVS,EQ,406270,231322,56.94
20,370,BLKASHYAP,EQ,500656,323955,64.71
20,371,BLS,EQ,1081582,287227,26.56
20,372,BLSE,EQ,443711,173508,39.10
20,373,BLUEDART,EQ,20205,10663,52.77
20,374,BLUEJET,EQ,272029,151856,55.82
20,375,BLUEPEBBLE,ST,69600,60800,87.36
20,376,BLUESTARCO,EQ,393368,248426,63.15
20,377,BMETRICS,SM,1600,1200,75.00
20,378,BODALCHEM,EQ,1936085,912093,47.11
20,379,BOMDYEING,EQ,705984,350447,49.64
20,380,BOROLTD,EQ,90009,38870,43.18
20,381,BORORENEW,EQ,1698635,466639,27.47
20,382,BOSCHLTD,EQ,39244,23076,58.80
20,383,BPCL,EQ,6709683,2594701,38.67
20,384,BPL,EQ,161376,89387,55.39
20,385,BRIGADE,EQ,431847,194585,45.06
20,386,BRIGHT,SM,237000,138000,58.23
20,387,BRITANNIA,EQ,620568,431859,69.59
20,388,BRITANNIA,N3,6594,6594,100.00
20,389,BSE,EQ,1178900,460985,39.10
20,390,BSE500IETF,EQ,536182,322260,60.10
20,391,BSHSL,EQ,37596,19568,52.05
20,392,BSL,EQ,19282,11301,58.61
20,393,BSLGOLDETF,EQ,135861,78475,57.76
20,394,BSLNIFTY,EQ,232583,161658,69.51
20,395,BSLSENETFG,EQ,1952,1880,96.31
20,396,BSOFT,EQ,1412111,437636,30.99
20,397,BTML,EQ,780214,429198,55.01
20,398,BURNPUR,EQ,2798271,1232384,44.04
20,399,BUTTERFLY,EQ,6297,3597,57.12
20,400,BYKE,EQ,169475,86805,51.22
20,401,CADSYS,SM,91000,50000,54.95
20,402,CALSOFT,EQ,32795,29647,90.40
20,403,CAMLINFINE,EQ,1040465,454844,43.72
20,404,CAMPUS,EQ,582581,223042,38.29
20,405,CAMS,EQ,1189532,271754,22.85
20,406,CANARYS,SM,316000,176000,55.70
20,407,CANBK,EQ,4694938,2206586,47.00
20,408,CANFINHOME,EQ,396428,141223,35.62
20,409,CANTABIL,EQ,125084,49860,39.86
20,410,CAPACITE,EQ,2875438,1090333,37.92
20,411,CAPITALSFB,EQ,117638,105564,89.74
20,412,CAPLIPOINT,EQ,70151,38680,55.14
20,413,CAPTRUST,EQ,36031,8959,24.86
20,414,CARBORUNIV,EQ,103650,50426,48.65
20,415,CARERATING,EQ,43748,26543,60.67
20,416,CARTRADE,EQ,51429,29204,56.79
20,417,CARYSIL,EQ,107446,59953,55.80
20,418,CASTROLIND,EQ,9096371,3046128,33.49
20,419,CBAZAAR,SM,72000,64000,88.89
20,420,CCL,EQ,77586,44178,56.94
20,421,CDSL,EQ,8095570,2278757,28.15
20,422,CEATLTD,EQ,76972,41882,54.41
20,423,CELEBRITY,EQ,181358,130540,71.98
20,424,CELLECOR,SM,38400,30000,78.13
20,425,CELLO,EQ,305572,136109,44.54
20,426,CELLPOINT,SM,18000,18000,100.00
20,427,CENTENKA,EQ,31457,18384,58.44
20,428,CENTRALBK,EQ,8740422,2607029,29.83
20,429,CENTRUM,EQ,520730,339668,65.23
20,430,CENTUM,EQ,19020,9461,49.74
20,431,CENTURYPLY,EQ,110378,56793,51.45
20,432,CENTURYTEX,EQ,226558,70523,31.13
20,433,CERA,EQ,18283,10575,57.84
20,434,CESC,EQ,5769001,2264469,39.25
20,435,CGCL,EQ,311036,80845,25.99
20,436,CGPOWER,EQ,1982902,1123633,56.67
20,437,CGRAPHICS,ST,1113600,883200,79.31
20,438,CHALET,EQ,213672,79987,37.43
20,439,CHAMBLFERT,EQ,1273107,588489,46.22
20,440,CHAVDA,SM,102000,72000,70.59
20,441,CHEMBOND,EQ,11493,7462,64.93
20,442,CHEMCON,EQ,69298,29555,42.65
20,443,CHEMFAB,EQ,16932,11916,70.38
20,444,CHEMPLASTS,EQ,86445,33053,38.24
20,445,CHENNPETRO,EQ,997388,252182,25.28
20,446,CHEVIOT,EQ,2476,1574,63.57
20,447,CHOICEIN,EQ,576324,193742,33.62
20,448,CHOLAFIN,EQ,564886,303071,53.65
20,449,CHOLAFIN,N0,6,6,100.00
20,450,CHOLAFIN,N5,500,500,100.00
20,451,CHOLAFIN,NG,200,200,100.00
20,452,CHOLAHLDNG,EQ,425125,371914,87.48
20,453,CIEINDIA,EQ,675835,233716,34.58
20,454,CIGNITITEC,EQ,89681,53945,60.15
20,455,CINELINE,EQ,40308,32281,80.09
20,456,CINEVISTA,EQ,161306,92860,57.57
20,457,CIPLA,EQ,2190583,1078121,49.22
20,458,CLEAN,EQ,149287,72877,48.82
20,459,CLEDUCATE,EQ,29362,18200,61.98
20,460,CLOUD,SM,625000,341000,54.56
20,461,CLSEL,EQ,144706,72656,50.21
20,462,CLSL,SM,12000,8000,66.67
20,463,CMMIPL,ST,9000,9000,100.00
20,464,CMNL,SM,25500,18000,70.59
20,465,CMRSL,SM,800,800,100.00
20,466,CMSINFO,EQ,927562,439029,47.33
20,467,COALINDIA,EQ,11259294,3710294,32.95
20,468,COASTCORP,EQ,13010,8638,66.40
20,469,COCHINSHIP,EQ,1988002,444450,22.36
20,470,COFFEEDAY,EQ,6776878,3175576,46.86
20,471,COFORGE,EQ,323488,216188,66.83
20,472,COLPAL,EQ,460825,288264,62.55
20,473,COMMITTED,SM,11200,11200,100.00
20,474,COMMOIETF,EQ,127685,89421,70.03
20,475,COMPUSOFT,EQ,208316,159083,76.37
20,476,COMSYN,EQ,3612,3331,92.22
20,477,CONCOR,EQ,997938,462693,46.36
20,478,CONCORDBIO,EQ,750214,114874,15.31
20,479,CONFIPET,EQ,1569669,703341,44.81
20,480,CONS,EQ,1570,1126,71.72
20,481,CONSOFINVT,EQ,11617,6548,56.37
20,482,CONSUMBEES,EQ,52475,36209,69.00
20,483,CONSUMIETF,EQ,9137,4566,49.97
20,484,CONTROLPR,EQ,21096,9843,46.66
20,485,COOLCAPS,SM,500,500,100.00
20,486,COROMANDEL,EQ,223901,86128,38.47
20,487,COSMOFIRST,EQ,41924,25103,59.88
20,488,COUNCODOS,EQ,38353,26670,69.54
20,489,CPS,SM,1800,1200,66.67
20,490,CPSEETF,EQ,3101637,1904721,61.41
20,491,CRAFTSMAN,EQ,36882,18143,49.19
20,492,CRAYONS,SM,18000,15000,83.33
20,493,CREATIVE,EQ,44496,33955,76.31
20,494,CREDITACC,EQ,952670,300797,31.57
20,495,CREDITACC,N5,199,39,19.60
20,496,CREDITACC,ND,300,300,100.00
20,497,CREST,EQ,12453,7741,62.16
20,498,CRISIL,EQ,56710,30746,54.22
20,499,CROMPTON,EQ,9741673,6409012,65.79
20,500,CSBBANK,EQ,147332,60325,40.94
20,501,CSLFINANCE,EQ,7988,3743,46.86
20,502,CUB,EQ,2912973,1421706,48.81
20,503,CUMMINSIND,EQ,751185,281083,37.42
20,504,CYBERTECH,EQ,64979,25443,39.16
20,505,CYIENT,EQ,215293,131491,61.08
20,506,CYIENTDLM,EQ,121290,71442,58.90
20,507,DABUR,EQ,4166549,3363545,80.73
20,508,DALBHARAT,EQ,482032,260569,54.06
20,509,DALMIASUG,EQ,63811,30553,47.88
20,510,DAMODARIND,EQ,24971,14603,58.48
20,511,DANGEE,EQ,1089160,714057,65.56
20,512,DATAMATICS,EQ,630048,147259,23.37
20,513,DATAPATTNS,EQ,695653,154405,22.20
20,514,DAVANGERE,EQ,329190,203483,61.81
20,515,DBL,EQ,288099,124933,43.36
20,516,DBOL,EQ,146447,78057,53.30
20,517,DBREALTY,EQ,4258375,2283406,53.62
20,518,DBSTOCKBRO,EQ,10628,5178,48.72
20,519,DCAL,EQ,698780,262381,37.55
20,520,DCBBANK,EQ,1416614,919719,64.92
20,521,DCI,EQ,85658,45751,53.41
20,522,DCM,EQ,67983,31632,46.53
20,523,DCMNVL,EQ,72501,37468,51.68
20,524,DCMSHRIRAM,EQ,88744,44372,50.00
20,525,DCMSRIND,EQ,218344,103625,47.46
20,526,DCW,EQ,2672936,1056822,39.54
20,527,DCXINDIA,EQ,1064172,524415,49.28
20,528,DECCANCE,EQ,8421,4802,57.02
20,529,DEEM,SM,20000,17000,85.00
20,530,DEEPAKFERT,EQ,306135,141536,46.23
20,531,DEEPAKNTR,EQ,830564,365665,44.03
20,532,DEEPENR,EQ,27994,18812,67.20
20,533,DEEPINDS,EQ,150849,70582,46.79
20,534,DELAPLEX,SM,11400,10800,94.74
20,535,DELHIVERY,EQ,7096364,3628128,51.13
20,536,DELPHIFX,EQ,12941,7523,58.13
20,537,DELTACORP,EQ,1993283,750809,37.67
20,538,DELTAMAGNT,EQ,14845,10390,69.99
20,539,DEN,EQ,1430232,504642,35.28
20,540,DENEERS,SM,10200,9600,94.12
20,541,DENORA,EQ,30909,13608,44.03
20,542,DENTALKART,SM,19000,13750,72.37
20,543,DESTINY,SM,6000,6000,100.00
20,544,DEVIT,EQ,36022,26754,74.27
20,545,DEVYANI,EQ,3404005,2091281,61.44
20,546,DGCONTENT,EQ,5352,4096,76.53
20,547,DHAMPURSUG,EQ,190490,97976,51.43
20,548,DHANI,EQ,4671016,1844410,39.49
20,549,DHANILOANS,NF,1,1,100.00
20,550,DHANILOANS,NG,150,150,100.00
20,551,DHANILOANS,NH,31,31,100.00
20,552,DHANILOANS,NO,1,1,100.00
20,553,DHANILOANS,NV,210,206,98.10
20,554,DHANILOANS,NX,205,205,100.00
20,555,DHANILOANS,Y2,10,10,100.00
20,556,DHANILOANS,Y5,70,70,100.00
20,557,DHANUKA,EQ,36558,23142,63.30
20,558,DHARMAJ,EQ,79940,50504,63.18
20,559,DHTL,SM,6400,6400,100.00
20,560,DHUNINV,EQ,2233,1369,61.31
20,561,DIAMINESQ,EQ,20206,11831,58.55
20,562,DIAMONDYD,EQ,17592,7998,45.46
20,563,DICIND,EQ,1418,820,57.83
20,564,DIGIKORE,SM,5600,4000,71.43
20,565,DIGISPICE,EQ,73515,43529,59.21
20,566,DIL,EQ,774309,482079,62.26
20,567,DISHTV,EQ,19705928,5576821,28.30
20,568,DIVGIITTS,EQ,101111,31060,30.72
20,569,DIVISLAB,EQ,573189,306994,53.56
20,570,DIVOPPBEES,EQ,44460,22893,51.49
20,571,DIXON,EQ,358563,113517,31.66
20,572,DJML,EQ,170755,89645,52.50
20,573,DLF,EQ,2340026,742358,31.72
20,574,DLINKINDIA,EQ,88694,50949,57.44
20,575,DMART,EQ,676863,455600,67.31
20,576,DMCC,EQ,64115,32163,50.16
20,577,DODLA,EQ,84914,38707,45.58
20,578,DOLATALGO,EQ,1594605,654063,41.02
20,579,DOLLAR,EQ,86415,49904,57.75
20,580,DOLLEX,SM,32000,20000,62.50
20,581,DOMS,EQ,55722,17100,30.69
20,582,DONEAR,EQ,210794,121162,57.48
20,583,DPABHUSHAN,EQ,188275,58340,30.99
20,584,DPSCLTD,EQ,481636,318409,66.11
20,585,DPWIRES,EQ,94017,33599,35.74
20,586,DRCSYSTEMS,EQ,13255607,4996472,37.69
20,587,DREAMFOLKS,EQ,140442,77388,55.10
20,588,DRONE,SM,193000,129000,66.84
20,589,DRREDDY,EQ,394851,219100,55.49
20,590,DRSDILIP,ST,800,800,100.00
20,591,DSSL,EQ,31837,14730,46.27
20,592,DTIL,EQ,13123,7472,56.94
20,593,DUCOL,SM,6400,5600,87.50
20,594,DUGLOBAL,SM,20000,20000,100.00
20,595,DVL,EQ,22567,14568,64.55
20,596,DWARKESH,EQ,1310392,399831,30.51
20,597,DYCL,EQ,69875,35457,50.74
20,598,DYNAMATECH,EQ,12325,4757,38.60
20,599,DYNAMIC,SM,70000,51000,72.86
20,600,DYNPRO,EQ,20308,11230,55.30
20,601,EASEMYTRIP,EQ,7898668,3979569,50.38
20,602,EBBETF0425,EQ,3831,2524,65.88
20,603,EBBETF0430,EQ,7029,6299,89.61
20,604,EBBETF0431,EQ,4577,4521,98.78
20,605,EBBETF0433,EQ,7480,5241,70.07
20,606,ECLERX,EQ,35840,21810,60.85
20,607,ECLFINANCE,NJ,379,338,89.18
20,608,ECLFINANCE,NK,389,389,100.00
20,609,ECLFINANCE,NR,570,520,91.23
20,610,ECLFINANCE,NS,544,544,100.00
20,611,EDELWEISS,EQ,8923203,3662154,41.04
20,612,EFACTOR,SM,6400,6400,100.00
20,613,EFORCE,SM,68400,36000,52.63
20,614,EGOLD,EQ,7042,3397,48.24
20,615,EICHERMOT,EQ,1133493,549916,48.52
20,616,EIDPARRY,EQ,258331,140145,54.25
20,617,EIFFL,EQ,28721,20409,71.06
20,618,EIHAHOTELS,EQ,26520,13462,50.76
20,619,EIHOTEL,EQ,1030849,659367,63.96
20,620,EKC,EQ,625255,332454,53.17
20,621,ELDEHSG,EQ,9909,5416,54.66
20,622,ELECON,EQ,146174,98295,67.25
20,623,ELECTCAST,EQ,1623932,892318,54.95
20,624,ELGIEQUIP,EQ,706356,172120,24.37
20,625,ELGIRUBCO,EQ,48859,37679,77.12
20,626,ELIN,EQ,75182,37560,49.96
20,627,EMAMILTD,EQ,1214741,986940,81.25
20,628,EMAMIPAP,EQ,54389,37712,69.34
20,629,EMAMIREAL,EQ,536715,257371,47.95
20,630,EMBASSY,RR,1171718,944399,80.60
20,631,EMIL,EQ,261132,173366,66.39
20,632,EMKAY,EQ,470967,175669,37.30
20,633,EMKAYTOOLS,SM,1200,1200,100.00
20,634,EMMBI,EQ,42023,26448,62.94
20,635,EMSLIMITED,EQ,240581,128150,53.27
20,636,EMUDHRA,EQ,237145,92026,38.81
20,637,ENDURANCE,EQ,120254,93848,78.04
20,638,ENERGYDEV,EQ,158448,114625,72.34
20,639,ENFUSE,SM,350400,250800,71.58
20,640,ENGINERSIN,EQ,3502384,1448653,41.36
20,641,ENIL,EQ,47335,26382,55.73
20,642,ENSER,SM,30000,20000,66.67
20,643,ENTERO,EQ,831193,282151,33.95
20,644,EPACK,EQ,502887,246189,48.96
20,645,EPIGRAL,EQ,107106,50002,46.68
20,646,EPL,EQ,235488,139502,59.24
20,647,EQUAL50ADD,EQ,14614,10588,72.45
20,648,EQUITASBNK,EQ,2886726,1433840,49.67
20,649,ERFLNCDI,N6,135,135,100.00
20,650,ERIS,EQ,46135,26268,56.94
20,651,EROSMEDIA,EQ,435328,269842,61.99
20,652,ESABINDIA,EQ,1848,1099,59.47
20,653,ESAFSFB,EQ,598300,283174,47.33
20,654,ESCONET,SM,17600,11200,63.64
20,655,ESCORTS,EQ,218307,78264,35.85
20,656,ESFL,SM,8400,7200,85.71
20,657,ESG,EQ,28198,20798,73.76
20,658,ESILVER,EQ,19678,17866,90.79
20,659,ESSARSHPNG,EQ,367532,179053,48.72
20,660,ESTER,EQ,151175,75186,49.73
20,661,ETHOSLTD,EQ,19724,12203,61.87
20,662,EUROBOND,SM,5000,4000,80.00
20,663,EVEREADY,EQ,160372,54996,34.29
20,664,EVERESTIND,EQ,8017,4013,50.06
20,665,EXCELINDUS,EQ,119488,45145,37.78
20,666,EXICOM,EQ,5977945,1923705,32.18
20,667,EXIDEIND,EQ,22382969,4833210,21.59
20,668,EXPLEOSOL,EQ,9810,5119,52.18
20,669,EXXARO,EQ,120012,61868,51.55
20,670,FACT,EQ,234141,76918,32.85
20,671,FAIRCHEMOR,EQ,17018,8528,50.11
20,672,FAZE3Q,EQ,11433,7781,68.06
20,673,FCL,EQ,1709158,499216,29.21
20,674,FCSSOFT,EQ,14453881,4608722,31.89
20,675,FDC,EQ,60670,34253,56.46
20,676,FEDERALBNK,EQ,16558634,7309598,44.14
20,677,FEDFINA,EQ,237647,139136,58.55
20,678,FELIX,ST,7000,7000,100.00
20,679,FIBERWEB,EQ,96519,56009,58.03
20,680,FIEMIND,EQ,35198,18221,51.77
20,681,FILATEX,EQ,1535636,609359,39.68
20,682,FINCABLES,EQ,194366,121420,62.47
20,683,FINEORG,EQ,25895,10819,41.78
20,684,FINIETF,EQ,154782,37357,24.14
20,685,FINOPB,EQ,76619,33923,44.27
20,686,FINPIPE,EQ,1034747,506931,48.99
20,687,FIVESTAR,EQ,329005,162056,49.26
20,688,FLAIR,EQ,90045,41730,46.34
20,689,FLUOROCHEM,EQ,232824,128363,55.13
20,690,FMCGIETF,EQ,14767,9272,62.79
20,691,FMGOETZE,EQ,368420,159474,43.29
20,692,FOCE,SM,200,200,100.00
20,693,FOCUS,EQ,65987,33813,51.24
20,694,FONEBOX,SM,10000,8000,80.00
20,695,FOODSIN,EQ,883476,409927,46.40
20,696,FORCEMOT,EQ,56189,21753,38.71
20,697,FORTIS,EQ,567935,403718,71.09
20,698,FOSECOIND,EQ,2130,1011,47.46
20,699,FROG,SM,24800,16800,67.74
20,700,FSL,EQ,1181423,501617,42.46
20,701,FUSION,EQ,211160,112528,53.29
20,702,GABRIEL,EQ,152705,72826,47.69
20,703,GAEL,EQ,353652,160254,45.31
20,704,GAIL,EQ,30179782,16756631,55.52
20,705,GALAXYSURF,EQ,28749,14498,50.43
20,706,GANDHAR,EQ,284085,124428,43.80
20,707,GANDHITUBE,EQ,2217,1374,61.98
20,708,GANECOS,EQ,66830,47482,71.05
20,709,GANESHBE,EQ,151738,76790,50.61
20,710,GANESHHOUC,EQ,32719,21790,66.60
20,711,GANGESSECU,EQ,163501,89886,54.98
20,712,GARFIBRES,EQ,4385,1776,40.50
20,713,GATEWAY,EQ,1671206,1029158,61.58
20,714,GEECEE,EQ,13105,7934,60.54
20,715,GEEKAYWIRE,EQ,108727,73913,67.98
20,716,GENCON,EQ,83753,68756,82.09
20,717,GENESYS,EQ,172141,109451,63.58
20,718,GENSOL,EQ,124039,75626,60.97
20,719,GENUSPAPER,EQ,487266,183389,37.64
20,720,GENUSPOWER,EQ,946586,422350,44.62
20,721,GEOJITFSL,EQ,796542,257338,32.31
20,722,GEPIL,EQ,216521,129007,59.58
20,723,GESHIP,EQ,422878,257133,60.81
20,724,GFLLIMITED,EQ,100697,64831,64.38
20,725,GHCL,EQ,259360,148446,57.24
20,726,GHCLTEXTIL,EQ,704696,331671,47.07
20,727,GICHSGFIN,EQ,262765,136941,52.12
20,728,GICL,SM,39000,30000,76.92
20,729,GICRE,EQ,867211,375320,43.28
20,730,GILLETTE,EQ,13303,8269,62.16
20,731,GILT5YBEES,EQ,110265,77703,70.47
20,732,GINNIFILA,EQ,116523,65791,56.46
20,733,GIPCL,EQ,421427,246808,58.56
20,734,GIRIRAJ,ST,500,500,100.00
20,735,GKWLIMITED,EQ,32943,13333,40.47
20,736,GLAND,EQ,840422,456889,54.36
20,737,GLAXO,EQ,173075,100371,57.99
20,738,GLENMARK,EQ,980800,350525,35.74
20,739,GLOBAL,EQ,99287,22544,22.71
20,740,GLOBALPET,SM,18000,18000,100.00
20,741,GLOBUSSPR,EQ,65958,34032,51.60
20,742,GLS,EQ,45200,28769,63.65
20,743,GMBREW,EQ,257011,91790,35.71
20,744,GMDCLTD,EQ,2401537,739979,30.81
20,745,GMMPFAUDLR,EQ,251045,181566,72.32
20,746,GMRINFRA,EQ,15288438,6378896,41.72
20,747,GMRP&UI,EQ,4262555,2595509,60.89
20,748,GNA,EQ,44717,25296,56.57
20,749,GNFC,EQ,776374,301837,38.88
20,750,GOACARBON,EQ,57414,29374,51.16
20,751,GOCLCORP,EQ,54285,37875,69.77
20,752,GOCOLORS,EQ,14551,6798,46.72
20,753,GODFRYPHLP,EQ,263291,57031,21.66
20,754,GODREJAGRO,EQ,57450,35649,62.05
20,755,GODREJCP,EQ,1580342,984434,62.29
20,756,GODREJIND,EQ,75741,31386,41.44
20,757,GODREJPROP,EQ,560894,162147,28.91
20,758,GOKEX,EQ,122836,76265,62.09
20,759,GOKULAGRO,EQ,102696,56684,55.20
20,760,GOLDBEES,EQ,9381201,6725438,71.69
20,761,GOLDCASE,EQ,693633,667963,96.30
20,762,GOLDETF,EQ,222838,196921,88.37
20,763,GOLDETFADD,EQ,18730,15328,81.84
20,764,GOLDIAM,EQ,340915,128386,37.66
20,765,GOLDIETF,EQ,2729685,2116226,77.53
20,766,GOLDSHARE,EQ,188746,130858,69.33
20,767,GOLDSTAR,SM,11250,11250,100.00
20,768,GOLDTECH,EQ,30935,17115,55.33
20,769,GOODLUCK,EQ,35711,18781,52.59
20,770,GOPAL,EQ,196285,110010,56.05
20,771,GOYALSALT,SM,21000,21000,100.00
20,772,GPIL,EQ,1309834,392111,29.94
20,773,GPPL,EQ,6562409,2327394,35.47
20,774,GPTHEALTH,EQ,399255,128066,32.08
20,775,GPTINFRA,EQ,45996,12347,26.84
20,776,GRANULES,EQ,876280,333473,38.06
20,777,GRAPHISAD,SM,13200,7200,54.55
20,778,GRAPHITE,EQ,2234195,810042,36.26
20,779,GRASIM,EQ,635489,325696,51.25
20,780,GRASIMPP,E1,41639,39679,95.29
20,781,GRAVITA,EQ,109509,78432,71.62
20,782,GRCL,SM,2000,2000,100.00
20,783,GREAVESCOT,EQ,676428,371222,54.88
20,784,GREENCHEF,SM,9600,7200,75.00
20,785,GREENLAM,EQ,35010,14825,42.35
20,786,GREENPANEL,EQ,253945,168296,66.27
20,787,GREENPLY,EQ,232298,134039,57.70
20,788,GRINDWELL,EQ,56670,43714,77.14
20,789,GRINFRA,EQ,79255,27182,34.30
20,790,GRMOVER,EQ,63356,37148,58.63
20,791,GROBTEA,EQ,967,658,68.05
20,792,GRPLTD,EQ,105,96,91.43
20,793,GRSE,EQ,714124,208582,29.21
20,794,GRWRHITECH,EQ,22030,14163,64.29
20,795,GSEC10IETF,EQ,2666,2666,100.00
20,796,GSEC10YEAR,EQ,5860,1291,22.03
20,797,GSEC5IETF,EQ,5594,2572,45.98
20,798,GSFC,EQ,2629350,1172417,44.59
20,799,GSLSU,EQ,100064,51959,51.93
20,800,GSPL,EQ,889420,459004,51.61
20,801,GSTL,SM,10000,9000,90.00
20,802,GTLINFRA,EQ,27641232,18927911,68.48
20,803,GTPL,EQ,116668,71841,61.58
20,804,GUFICBIO,EQ,64523,39654,61.46
20,805,GUJALKALI,EQ,228123,80470,35.27
20,806,GUJGASLTD,EQ,626146,164375,26.25
20,807,GULFOILLUB,EQ,138292,64305,46.50
20,808,GULFPETRO,EQ,242198,142681,58.91
20,809,GULPOLY,EQ,301347,138036,45.81
20,810,GVKPIL,EQ,2888375,1837867,63.63
20,811,GVPTECH,EQ,170645,146431,85.81
20,812,HAL,EQ,3042596,1073227,35.27
20,813,HAPPSTMNDS,EQ,367199,134071,36.51
20,814,HAPPYFORGE,EQ,236144,168491,71.35
20,815,HARDWYN,EQ,492758,384189,77.97
20,816,HARIOMPIPE,EQ,537927,140010,26.03
20,817,HARRMALAYA,EQ,23585,15466,65.58
20,818,HARSHA,EQ,51233,23244,45.37
20,819,HATHWAY,EQ,4752655,1780513,37.46
20,820,HATSUN,EQ,26107,13646,52.27
20,821,HAVELLS,EQ,1466807,602368,41.07
20,822,HBLPOWER,EQ,844935,498444,58.99
20,823,HBSL,EQ,13132,8952,68.17
20,824,HCC,EQ,8684243,5364849,61.78
20,825,HCG,EQ,193598,122550,63.30
20,826,HCL-INSYS,EQ,491785,323227,65.73
20,827,HCLTECH,EQ,4319991,2699532,62.49
20,828,HDFCAMC,EQ,474609,287866,60.65
20,829,HDFCBANK,EQ,20542104,12801265,62.32
20,830,HDFCBSE500,EQ,30812,14671,47.61
20,831,HDFCGOLD,EQ,2098773,1901015,90.58
20,832,HDFCGROWTH,EQ,34455,28937,83.98
20,833,HDFCLIFE,EQ,5081775,3619913,71.23
20,834,HDFCLIQUID,EQ,1128,739,65.51
20,835,HDFCLOWVOL,EQ,113239,80898,71.44
20,836,HDFCMID150,EQ,193066,135858,70.37
20,837,HDFCMOMENT,EQ,181001,135085,74.63
20,838,HDFCNEXT50,EQ,47060,39763,84.49
20,839,HDFCNIF100,EQ,33582,23969,71.37
20,840,HDFCNIFBAN,EQ,56574,50983,90.12
20,841,HDFCNIFIT,EQ,73214,57553,78.61
20,842,HDFCNIFTY,EQ,52113,39706,76.19
20,843,HDFCPSUBK,EQ,11501,8768,76.24
20,844,HDFCPVTBAN,EQ,84296,66140,78.46
20,845,HDFCQUAL,EQ,3609,2553,70.74
20,846,HDFCSENSEX,EQ,38816,23301,60.03
20,847,HDFCSILVER,EQ,292321,199470,68.24
20,848,HDFCSML250,EQ,451706,356325,78.88
20,849,HDFCVALUE,EQ,10678,9131,85.51
20,850,HEADSUP,EQ,164522,106699,64.85
20,851,HEALTHADD,EQ,520,501,96.35
20,852,HEALTHIETF,EQ,44638,29255,65.54
20,853,HEALTHY,EQ,641085,503441,78.53
20,854,HECPROJECT,EQ,23505,18768,79.85
20,855,HEG,EQ,958322,184027,19.20
20,856,HEIDELBERG,EQ,208289,144651,69.45
20,857,HEMIPROP,EQ,995840,485947,48.80
20,858,HERANBA,EQ,62940,30784,48.91
20,859,HERCULES,EQ,32534,13496,41.48
20,860,HERITGFOOD,EQ,616503,372175,60.37
20,861,HEROMOTOCO,EQ,438331,199562,45.53
20,862,HESTERBIO,EQ,6585,3581,54.38
20,863,HEUBACHIND,EQ,36020,17802,49.42
20,864,HEXATRADEX,EQ,3087,2142,69.39
20,865,HFCL,EQ,33874602,9156140,27.03
20,866,HGINFRA,EQ,80224,38221,47.64
20,867,HGS,EQ,19980,10760,53.85
20,868,HIGREEN,SM,123200,96000,77.92
20,869,HIKAL,EQ,176396,108623,61.58
20,870,HIL,EQ,7890,4389,55.63
20,871,HILTON,EQ,88855,42037,47.31
20,872,HIMATSEIDE,EQ,191688,104983,54.77
20,873,HINDALCO,EQ,15994496,11057199,69.13
20,874,HINDCOMPOS,EQ,8973,5180,57.73
20,875,HINDCOPPER,EQ,24343182,5725409,23.52
20,876,HINDMOTORS,EQ,1306467,646071,49.45
20,877,HINDOILEXP,EQ,2087990,696979,33.38
20,878,HINDPETRO,EQ,6737396,3176507,47.15
20,879,HINDUNILVR,EQ,3388551,2381464,70.28
20,880,HINDWAREAP,EQ,65970,34857,52.84
20,881,HINDZINC,EQ,19951451,2580595,12.93
20,882,HIRECT,EQ,11923,7043,59.07
20,883,HISARMETAL,EQ,3595,2038,56.69
20,884,HITECH,EQ,636591,329681,51.79
20,885,HITECHCORP,EQ,15864,9352,58.95
20,886,HITECHGEAR,EQ,53861,27089,50.29
20,887,HLEGLAS,EQ,408900,76447,18.70
20,888,HLVLTD,EQ,958664,569364,59.39
20,889,HMAAGRO,EQ,824260,417120,50.61
20,890,HMVL,EQ,100956,57215,56.67
20,891,HNDFDS,EQ,161628,132712,82.11
20,892,HNGSNGBEES,EQ,143093,101303,70.80
20,893,HOLMARC,SM,15000,15000,100.00
20,894,HOMEFIRST,EQ,258292,138634,53.67
20,895,HOMESFY,SM,20700,18000,86.96
20,896,HONASA,EQ,109118,38148,34.96
20,897,HONAUT,EQ,8802,2949,33.50
20,898,HONDAPOWER,EQ,14703,6290,42.78
20,899,HOVS,EQ,74867,44847,59.90
20,900,HPAL,EQ,168252,95974,57.04
20,901,HPL,EQ,119443,66114,55.35
20,902,HRHNEXT,SM,12000,12000,100.00
20,903,HTMEDIA,EQ,281845,137214,48.68
20,904,HUDCO,EQ,7643086,3453119,45.18
20,905,HUDCO,N2,270,270,100.00
20,906,HUDCO,N5,97,97,100.00
20,907,HUDCO,N8,835,785,94.01
20,908,HUDCO,N9,2,1,50.00
20,909,HUDCO,ND,1849,1243,67.23
20,910,HUDCO,NE,213,188,88.26
20,911,HUHTAMAKI,EQ,108754,59460,54.67
20,912,IBLFL,SM,12000,10000,83.33
20,913,IBREALEST,EQ,20004915,8744591,43.71
20,914,IBUCCREDIT,NB,619,619,100.00
20,915,IBUCCREDIT,NO,119,110,92.44
20,916,IBUCCREDIT,NZ,1090,888,81.47
20,917,IBULHSG,N7,185,145,78.38
20,918,IBULHSG,NZ,10,10,100.00
20,919,IBULHSG,YO,83,73,87.95
20,920,IBULHSG,YR,14,14,100.00
20,921,IBULHSG,Z0,31,31,100.00
20,922,IBULHSG,Z6,63,63,100.00
20,923,IBULHSG,Z8,490,490,100.00
20,924,IBULHSGFIN,AB,40,40,100.00
20,925,IBULHSGFIN,AC,10,10,100.00
20,926,IBULHSGFIN,AJ,30,30,100.00
20,927,IBULHSGFIN,AL,6,6,100.00
20,928,IBULHSGFIN,AP,20,20,100.00
20,929,IBULHSGFIN,AX,10,10,100.00
20,930,IBULHSGFIN,AZ,10,10,100.00
20,931,IBULHSGFIN,BC,42,42,100.00
20,932,IBULHSGFIN,BF,60,60,100.00
20,933,IBULHSGFIN,EQ,6970760,2935178,42.11
20,934,IBULHSGFIN,N0,36,36,100.00
20,935,IBULHSGFIN,N8,50,50,100.00
20,936,IBULHSGFIN,N9,213,213,100.00
20,937,IBULHSGFIN,NA,210,210,100.00
20,938,IBULHSGFIN,NE,50,50,100.00
20,939,IBULHSGFIN,NN,25,25,100.00
20,940,IBULHSGFIN,NT,220,220,100.00
20,941,IBULHSGFIN,Y6,50,50,100.00
20,942,IBULHSGFIN,YC,5,5,100.00
20,943,IBULHSGFIN,YG,149,149,100.00
20,944,IBULHSGFIN,YK,1,1,100.00
20,945,IBULHSGFIN,YT,1,1,100.00
20,946,IBULHSGFIN,YV,2,2,100.00
20,947,IBULHSGFIN,Z2,1,1,100.00
20,948,IBULHSGFIN,Z9,7,7,100.00
20,949,IBULHSGFIN,ZD,48,38,79.17
20,950,IBULHSGFIN,ZK,5,5,100.00
20,951,IBULPP,E1,1398827,970685,69.39
20,952,ICEMAKE,EQ,25448,9608,37.76
20,953,ICICIB22,EQ,1050829,819812,78.02
20,954,ICICIBANK,EQ,12216657,5816469,47.61
20,955,ICICIGI,EQ,311722,191992,61.59
20,956,ICICIPRULI,EQ,2028403,796881,39.29
20,957,ICIL,EQ,664420,409217,61.59
20,958,ICRA,EQ,1357,987,72.73
20,959,IDBI,EQ,7027113,3532022,50.26
20,960,IDEA,EQ,1133932113,338617189,29.86
20,961,IDEAFORGE,EQ,405315,260615,64.30
20,962,IDFC,EQ,5909245,2722767,46.08
20,963,IDFCFIRSTB,EQ,39788540,17113253,43.01
20,964,IDFNIFTYET,EQ,730,304,41.64
20,965,IEL,EQ,111773,79819,71.41
20,966,IEX,EQ,14590281,5488722,37.62
20,967,IFBAGRO,EQ,2901,1974,68.05
20,968,IFBIND,EQ,56769,28023,49.36
20,969,IFCI,EQ,5703789,3034854,53.21
20,970,IFCI,NH,1376,1105,80.31
20,971,IFCI,NI,100,100,100.00
20,972,IFGLEXPOR,EQ,12533,7275,58.05
20,973,IGARASHI,EQ,45106,18995,42.11
20,974,IGL,EQ,2551078,1338669,52.47
20,975,IGPL,EQ,64861,39771,61.32
20,976,IIFCL,N1,2103,2103,100.00
20,977,IIFCL,N4,16,15,93.75
20,978,IIFL,EQ,2132904,1014660,47.57
20,979,IIFL,N6,5,5,100.00
20,980,IIFL,N7,4,4,100.00
20,981,IIFL,NC,10,10,100.00
20,982,IIFL,NE,50,50,100.00
20,983,IIFL,NF,3458,3211,92.86
20,984,IIFL,NG,122,112,91.80
20,985,IIFL,NJ,15,15,100.00
20,986,IIFL,NK,93,93,100.00
20,987,IIFL,NL,155,155,100.00
20,988,IIFL,NP,814,769,94.47
20,989,IIFL,NQ,30,30,100.00
20,990,IIFL,NS,891,786,88.22
20,991,IIFL,NW,130,130,100.00
20,992,IIFL,NX,61,61,100.00
20,993,IIFL,NZ,29,29,100.00
20,994,IIFL,Y0,125,125,100.00
20,995,IIFLSAMFIN,N0,5,5,100.00
20,996,IIFLSAMFIN,N2,13,7,53.85
20,997,IIFLSAMFIN,N3,40,40,100.00
20,998,IIFLSAMFIN,N4,25,25,100.00
20,999,IIFLSEC,EQ,749346,461199,61.55
20,1000,IIHFL,N5,1258,1099,87.36
20,1001,IIHFL,NC,1041,1041,100.00
20,1002,IIHFL,NE,85,85,100.00
20,1003,IITL,EQ,6755,5221,77.29
20,1004,IKIO,EQ,133365,79245,59.42
20,1005,IMAGICAA,EQ,3034223,1766554,58.22
20,1006,IMC1,N0,103,103,100.00
20,1007,IMC1,N1,93,93,100.00
20,1008,IMC1,N2,103,103,100.00
20,1009,IMC1,N3,476,393,82.56
20,1010,IMFA,EQ,374840,179030,47.76
20,1011,IMPAL,EQ,808,544,67.33
20,1012,INCREDFIN,N4,22,22,100.00
20,1013,INDBANK,EQ,665172,276499,41.57
20,1014,INDHOTEL,EQ,6547758,4146422,63.33
20,1015,INDIACEM,EQ,1783758,632451,35.46
20,1016,INDIAGLYCO,EQ,49348,25644,51.97
20,1017,INDIAMART,EQ,147786,71487,48.37
20,1018,INDIANB,EQ,699901,238833,34.12
20,1019,INDIANCARD,EQ,17151,10661,62.16
20,1020,INDIANHUME,EQ,62828,32231,51.30
20,1021,INDIASHLTR,EQ,641013,570148,88.94
20,1022,INDIFRA,SM,4000,4000,100.00
20,1023,INDIGO,EQ,2751797,1728872,62.83
20,1024,INDIGOPNTS,EQ,36650,20141,54.95
20,1025,INDIGRID,IV,260312,225688,86.70
20,1026,INDIGRID,NB,100,100,100.00
20,1027,INDIGRID,NH,51,51,100.00
20,1028,INDIGRID,NJ,409,409,100.00
20,1029,INDNIPPON,EQ,14230,7226,50.78
20,1030,INDOAMIN,EQ,132711,84364,63.57
20,1031,INDOBORAX,EQ,56695,27853,49.13
20,1032,INDOCO,EQ,60963,24198,39.69
20,1033,INDORAMA,EQ,107012,53605,50.09
20,1034,INDOSTAR,EQ,87585,57173,65.28
20,1035,INDOTECH,EQ,67999,45495,66.91
20,1036,INDRAMEDCO,EQ,318687,171709,53.88
20,1037,INDSWFTLAB,EQ,900082,454185,50.46
20,1038,INDTERRAIN,EQ,172503,96400,55.88
20,1039,INDUSINDBK,EQ,1749128,872530,49.88
20,1040,INDUSTOWER,EQ,20855397,8652108,41.49
20,1041,INFIBEAM,EQ,25520804,7874367,30.85
20,1042,INFINIUM,SM,3500,3000,85.71
20,1043,INFOBEAN,EQ,16763,11368,67.82
20,1044,INFOLLION,SM,20800,16000,76.92
20,1045,INFRABEES,EQ,15135,9822,64.90
20,1046,INFRAIETF,EQ,393926,341097,86.59
20,1047,INFY,EQ,12275616,7444467,60.64
20,1048,INGERRAND,EQ,7928,3969,50.06
20,1049,INM,SM,7200,7200,100.00
20,1050,INNOVACAP,EQ,115776,75539,65.25
20,1051,INNOVANA,SM,3000,3000,100.00
20,1052,INNOVATIVE,ST,18000,15000,83.33
20,1053,INOXINDIA,EQ,365359,139688,38.23
20,1054,INOXWIND,EQ,817856,417053,50.99
20,1055,INSECTICID,EQ,293372,49964,17.03
20,1056,INTELLECT,EQ,723711,231580,32.00
20,1057,INTLCONV,EQ,203640,119394,58.63
20,1058,IOB,EQ,8765923,2946693,33.62
20,1059,IOC,EQ,23635268,12287566,51.99
20,1060,IOLCP,EQ,398035,170287,42.78
20,1061,IONEXCHANG,EQ,780958,305460,39.11
20,1062,IPCALAB,EQ,623680,396002,63.49
20,1063,IPL,EQ,952210,692749,72.75
20,1064,IPSL,SM,7000,7000,100.00
20,1065,IRB,EQ,21734964,7693088,35.39
20,1066,IRBINVIT,IV,468754,440223,93.91
20,1067,IRCON,EQ,5707513,2038477,35.72
20,1068,IRCTC,EQ,10944073,3011750,27.52
20,1069,IREDA,EQ,27576778,8801861,31.92
20,1070,IREDA,N5,915,800,87.43
20,1071,IRFC,EQ,27108905,8898689,32.83
20,1072,IRFC,N2,3006,3005,99.97
20,1073,IRFC,N4,2,1,50.00
20,1074,IRFC,N8,2828,2820,99.72
20,1075,IRFC,NA,737,737,100.00
20,1076,IRFC,NG,501,501,100.00
20,1077,IRFC,NJ,462,462,100.00
20,1078,IRFC,NK,2,1,50.00
20,1079,IRFC,NO,1911,1576,82.47
20,1080,IRIS,EQ,51254,31325,61.12
20,1081,IRISDOREME,EQ,56136,27238,48.52
20,1082,IRMENERGY,EQ,51919,28775,55.42
20,1083,ISEC,EQ,837131,643584,76.88
20,1084,ISFT,EQ,86428,47326,54.76
20,1085,ISGEC,EQ,799620,426963,53.40
20,1086,ISHAN,ST,96000,96000,100.00
20,1087,ISMTLTD,EQ,405178,209349,51.67
20,1088,IT,EQ,84052,69723,82.95
20,1089,ITALIANE,SM,12000,10000,83.33
20,1090,ITBEES,EQ,6746323,5187004,76.89
20,1091,ITC,EQ,18088372,7835618,43.32
20,1092,ITDC,EQ,39678,15421,38.87
20,1093,ITDCEM,EQ,443327,259087,58.44
20,1094,ITETF,EQ,78120,65767,84.19
20,1095,ITETFADD,EQ,141413,112570,79.60
20,1096,ITI,EQ,548868,184659,33.64
20,1097,ITIETF,EQ,935033,645026,68.98
20,1098,IVC,EQ,275145,174661,63.48
20,1099,IVZINGOLD,EQ,390,365,93.59
20,1100,IVZINNIFTY,EQ,19,13,68.42
20,1101,IZMO,EQ,37870,29313,77.40
20,1102,JAGRAN,EQ,213010,128204,60.19
20,1103,JAGSNPHARM,EQ,13659,8341,61.07
20,1104,JAICORPLTD,EQ,654706,210092,32.09
20,1105,JAINAM,SM,1000,1000,100.00
20,1106,JALAN,SM,117000,48000,41.03
20,1107,JAMNAAUTO,EQ,13656675,5158030,37.77
20,1108,JASH,EQ,14728,9732,66.08
20,1109,JAYAGROGN,EQ,15755,8300,52.68
20,1110,JAYBARMARU,EQ,163887,73972,45.14
20,1111,JAYNECOIND,EQ,139772,88422,63.26
20,1112,JAYSREETEA,EQ,79149,63678,80.45
20,1113,JBCHEPHARM,EQ,461812,380902,82.48
20,1114,JBMA,EQ,102790,54354,52.88
20,1115,JCHAC,EQ,18353,9748,53.11
20,1116,JETFREIGHT,EQ,120860,74668,61.78
20,1117,JFLLIFE,SM,28000,18000,64.29
20,1118,JGCHEM,EQ,304471,160008,52.55
20,1119,JINDALPHOT,EQ,8116,4689,57.77
20,1120,JINDALPOLY,EQ,32002,12748,39.84
20,1121,JINDALSAW,EQ,1869108,1071507,57.33
20,1122,JINDALSTEL,EQ,1101942,275479,25.00
20,1123,JINDRILL,EQ,25687,11869,46.21
20,1124,JINDWORLD,EQ,38051,16366,43.01
20,1125,JIOFIN,EQ,32481005,10911241,33.59
20,1126,JISLDVREQS,EQ,83328,47538,57.05
20,1127,JISLJALEQS,EQ,5207579,2012905,38.65
20,1128,JIWANRAM,SM,24000,18000,75.00
20,1129,J&KBANK,EQ,2246532,1332712,59.32
20,1130,JKCEMENT,EQ,90990,44890,49.34
20,1131,JKIL,EQ,109928,57448,52.26
20,1132,JKLAKSHMI,EQ,303422,155499,51.25
20,1133,JKPAPER,EQ,652787,377590,57.84
20,1134,JKTYRE,EQ,417867,266695,63.82
20,1135,JLHL,EQ,38145,23792,62.37
20,1136,JMFINANCIL,EQ,2628406,1345744,51.20
20,1137,JOCIL,EQ,2984,2101,70.41
20,1138,JPASSOCIAT,EQ,25907815,8449651,32.61
20,1139,JPOLYINVST,EQ,5417,4094,75.58
20,1140,JSFB,EQ,304008,179774,59.13
20,1141,JSL,EQ,1458540,1021943,70.07
20,1142,JSLL,SM,54000,42660,79.00
20,1143,JSWENERGY,EQ,3756080,1447823,38.55
20,1144,JSWHL,EQ,3074,1409,45.84
20,1145,JSWINFRA,EQ,4068791,1988391,48.87
20,1146,JSWSTEEL,EQ,4129109,1788538,43.32
20,1147,JTEKTINDIA,EQ,192779,79401,41.19
20,1148,JTLIND,EQ,1348611,454610,33.71
20,1149,JUBLFOOD,EQ,7726112,5871557,76.00
20,1150,JUBLINDS,EQ,12065,7409,61.41
20,1151,JUBLINGREA,EQ,4355491,827853,19.01
20,1152,JUBLPHARMA,EQ,247603,116461,47.04
20,1153,JUNIORBEES,EQ,471836,365568,77.48
20,1154,JUNIPER,EQ,2104995,1890187,89.80
20,1155,JUSTDIAL,EQ,318396,91625,28.78
20,1156,JWL,EQ,369506,191243,51.76
20,1157,JYOTHYLAB,EQ,1098832,545152,49.61
20,1158,JYOTICNC,EQ,724448,532552,73.51
20,1159,K2INFRA,ST,406800,379200,93.22
20,1160,KABRAEXTRU,EQ,85077,35174,41.34
20,1161,KAJARIACER,EQ,292897,246331,84.10
20,1162,KAKATCEM,EQ,10112,4772,47.19
20,1163,KALAMANDIR,EQ,230340,100102,43.46
20,1164,KALYANIFRG,EQ,2946,2195,74.51
20,1165,KALYANKJIL,EQ,2128444,1034093,48.58
20,1166,KAMATHOTEL,EQ,37787,26527,70.20
20,1167,KAMDHENU,EQ,102484,86918,84.81
20,1168,KAMOPAINTS,EQ,556177,147846,26.58
20,1169,KANORICHEM,EQ,401682,160495,39.96
20,1170,KANPRPLA,EQ,24715,15074,60.99
20,1171,KANSAINER,EQ,1261005,1124431,89.17
20,1172,KAPSTON,EQ,2133,1307,61.28
20,1173,KARNIKA,SM,75200,51200,68.09
20,1174,KARURVYSYA,EQ,1026916,527943,51.41
20,1175,KAUSHALYA,EQ,3757,2527,67.26
20,1176,KAVVERITEL,EQ,34206,22536,65.88
20,1177,KAYA,EQ,26485,23892,90.21
20,1178,KAYNES,EQ,173548,125209,72.15
20,1179,KBCGLOBAL,EQ,8709405,4009445,46.04
20,1180,KCEIL,SM,30000,24000,80.00
20,1181,KCK,ST,80000,76000,95.00
20,1182,KCP,EQ,477205,261106,54.72
20,1183,KCPSUGIND,EQ,252815,141677,56.04
20,1184,KDDL,EQ,20642,10262,49.71
20,1185,KDL,SM,56000,42000,75.00
20,1186,KEC,EQ,300082,134949,44.97
20,1187,KECL,EQ,119616,60605,50.67
20,1188,KEEPLEARN,EQ,21161,15935,75.30
20,1189,KEI,EQ,872342,294849,33.80
20,1190,KEL,SM,21600,16800,77.78
20,1191,KELLTONTEC,EQ,688607,351851,51.10
20,1192,KERNEX,EQ,5557,4184,75.29
20,1193,KESORAMIND,EQ,434173,257066,59.21
20,1194,KEYFINSERV,EQ,24353,13019,53.46
20,1195,KFINTECH,EQ,193177,104739,54.22
20,1196,KHADIM,EQ,14678,9031,61.53
20,1197,KHAICHEM,EQ,194038,102530,52.84
20,1198,KHAITANLTD,EQ,5678,3187,56.13
20,1199,KHANDSE,EQ,12767,9920,77.70
20,1200,KHFM,SM,37200,27900,75.00
20,1201,KICL,EQ,3201,1873,58.51
20,1202,KILITCH,EQ,7966,4772,59.90
20,1203,KIMS,EQ,112687,91802,81.47
20,1204,KINGFA,EQ,4339,2353,54.23
20,1205,KIOCL,EQ,449977,122317,27.18
20,1206,KIRIINDUS,EQ,224183,101706,45.37
20,1207,KIRLOSBROS,EQ,235472,99975,42.46
20,1208,KIRLOSENG,EQ,90041,50693,56.30
20,1209,KIRLOSIND,EQ,2082,1215,58.36
20,1210,KIRLPNU,EQ,29641,14388,48.54
20,1211,KITEX,EQ,147709,69855,47.29
20,1212,KKCL,EQ,26734,20419,76.38
20,1213,KLL,SM,768000,561600,73.13
20,1214,KMSUGAR,EQ,209465,126089,60.20
20,1215,KNAGRI,SM,9600,5600,58.33
20,1216,KNRCON,EQ,423844,235818,55.64
20,1217,KODYTECH,SM,14400,9600,66.67
20,1218,KOHINOOR,EQ,56155,37320,66.46
20,1219,KOKUYOCMLN,EQ,76464,50865,66.52
20,1220,KOLTEPATIL,EQ,975090,220274,22.59
20,1221,KONSTELEC,SM,98000,74000,75.51
20,1222,KONTOR,SM,12000,8400,70.00
20,1223,KOPRAN,EQ,373874,173457,46.39
20,1224,KORE,SM,4000,2500,62.50
20,1225,KOTAKBANK,EQ,3966227,2183988,55.06
20,1226,KOTAKGOLD,EQ,736598,523413,71.06
20,1227,KOTAKSILVE,EQ,85592,60591,70.79
20,1228,KOTARISUG,EQ,228616,115984,50.73
20,1229,KOTHARIPET,EQ,42857,24015,56.04
20,1230,KOTHARIPRO,EQ,12185,6610,54.25
20,1231,KOTYARK,SM,18200,13200,72.53
20,1232,KPIGREEN,EQ,620447,259968,41.90
20,1233,KPIL,EQ,283527,115438,40.71
20,1234,KPITTECH,EQ,732786,350193,47.79
20,1235,KPRMILL,EQ,316449,143066,45.21
20,1236,KRBL,EQ,1190437,680343,57.15
20,1237,KREBSBIO,EQ,2125,1550,72.94
20,1238,KRISHANA,EQ,29914,15555,52.00
20,1239,KRISHCA,SM,7500,6000,80.00
20,1240,KRISHIVAL,SM,4500,4000,88.89
20,1241,KRISHNADEF,SM,14500,11500,79.31
20,1242,KRITI,EQ,50089,27426,54.75
20,1243,KRITINUT,EQ,39145,22126,56.52
20,1244,KRSNAA,EQ,164277,96224,58.57
20,1245,KRYSTAL,EQ,4105760,598533,14.58
20,1246,KSB,EQ,40574,19970,49.22
20,1247,KSCL,EQ,102618,72465,70.62
20,1248,KSL,EQ,70434,45632,64.79
20,1249,KSOLVES,EQ,15142,10986,72.55
20,1250,KTKBANK,EQ,1047687,556275,53.10
20,1251,KTL,SM,33000,30000,90.91
20,1252,KUANTUM,EQ,87350,54980,62.94
20,1253,LALPATHLAB,EQ,666769,190501,28.57
20,1254,LAMBODHARA,EQ,41592,21936,52.74
20,1255,LANDMARK,EQ,65969,36138,54.78
20,1256,LAOPALA,EQ,872365,565784,64.86
20,1257,LASA,EQ,43165,26076,60.41
20,1258,LATENTVIEW,EQ,533986,289815,54.27
20,1259,LAURUSLABS,EQ,4964802,1581609,31.86
20,1260,LAWSIKHO,SM,19000,14000,73.68
20,1261,LAXMICOT,EQ,54764,33471,61.12
20,1262,LAXMIMACH,EQ,5214,2566,49.21
20,1263,LEMERITE,SM,22400,11200,50.00
20,1264,LEMONTREE,EQ,2353789,1237841,52.59
20,1265,LEXUS,EQ,702675,167128,23.78
20,1266,LGBBROSLTD,EQ,26497,14171,53.48
20,1267,LGBFORGE,EQ,125970,80671,64.04
20,1268,LGHL,EQ,7575,1643,21.69
20,1269,LIBAS,EQ,84923,57655,67.89
20,1270,LICHSGFIN,EQ,3207293,2009422,62.65
20,1271,LICI,EQ,1850855,918485,49.62
20,1272,LICMFGOLD,EQ,1203,414,34.41
20,1273,LICNETFGSC,EQ,26944,24846,92.21
20,1274,LICNETFN50,EQ,391,285,72.89
20,1275,LICNETFSEN,EQ,1384,914,66.04
20,1276,LICNFNHGP,EQ,1259,174,13.82
20,1277,LICNMID100,EQ,12432,5280,42.47
20,1278,LIKHITHA,EQ,116635,63196,54.18
20,1279,LINC,EQ,35446,20030,56.51
20,1280,LINCOLN,EQ,34275,19678,57.41
20,1281,LINDEINDIA,EQ,49336,19777,40.09
20,1282,LIQUID,EQ,244021,185846,76.16
20,1283,LIQUID1,EQ,618433,300172,48.54
20,1284,LIQUIDADD,EQ,192920,191920,99.48
20,1285,LIQUIDBEES,EQ,3579609,2674274,74.71
20,1286,LIQUIDCASE,EQ,2529275,2504465,99.02
20,1287,LIQUIDETF,EQ,505504,334933,66.26
20,1288,LIQUIDIETF,EQ,456367,309190,67.75
20,1289,LIQUIDSBI,EQ,3515,3111,88.51
20,1290,LLOYDS,SM,2000,1000,50.00
20,1291,LLOYDSENGG,EQ,9608947,3581907,37.28
20,1292,LLOYDSME,EQ,932224,421065,45.17
20,1293,LODHA,EQ,820102,445328,54.30
20,1294,LOKESHMACH,EQ,84287,51518,61.12
20,1295,LOVABLE,EQ,14491,6162,42.52
20,1296,LOWVOL,EQ,222,214,96.40
20,1297,LOWVOL1,EQ,321834,292063,90.75
20,1298,LOWVOLIETF,EQ,2888945,2774923,96.05
20,1299,LOYALTEX,EQ,1633,1141,69.87
20,1300,LPDC,EQ,62122,46896,75.49
20,1301,LT,EQ,3437544,1568253,45.62
20,1302,L&TFH,EQ,4717134,2397923,50.83
20,1303,L&TFIN,NF,26,26,100.00
20,1304,L&TFIN,NJ,9,9,100.00
20,1305,L&TFIN,NL,19,19,100.00
20,1306,L&TFIN,NN,1435,1426,99.37
20,1307,LTFOODS,EQ,1435086,728037,50.73
20,1308,LTGILTBEES,EQ,2415055,2303406,95.38
20,1309,LTIM,EQ,218620,98339,44.98
20,1310,LTTS,EQ,109274,31122,28.48
20,1311,LUMAXIND,EQ,3201,2078,64.92
20,1312,LUMAXTECH,EQ,71350,35909,50.33
20,1313,LUPIN,EQ,1318503,637805,48.37
20,1314,LUXIND,EQ,22650,11996,52.96
20,1315,LXCHEM,EQ,3046162,1031473,33.86
20,1316,LYKALABS,EQ,66337,38953,58.72
20,1317,LYPSAGEMS,EQ,239854,174661,72.82
20,1318,MAANALU,EQ,121311,69409,57.22
20,1319,MADHAVBAUG,SM,800,400,50.00
20,1320,MADHUSUDAN,SM,12000,10000,83.33
20,1321,MADRASFERT,EQ,287464,118345,41.17
20,1322,MAFANG,EQ,578206,452591,78.28
20,1323,MAGADSUGAR,EQ,11879,6826,57.46
20,1324,MAGNUM,EQ,95226,64525,67.76
20,1325,MAGSON,SM,6000,6000,100.00
20,1326,MAHABANK,EQ,18890222,6012121,31.83
20,1327,MAHAPEXLTD,EQ,1058,849,80.25
20,1328,MAHEPC,EQ,94574,54802,57.95
20,1329,MAHESHWARI,EQ,82886,41921,50.58
20,1330,MAHICKRA,SM,3000,3000,100.00
20,1331,MAHKTECH,EQ,1211012,1015873,83.89
20,1332,MAHLIFE,EQ,1461737,630541,43.14
20,1333,MAHLOG,EQ,212832,112759,52.98
20,1334,MAHSCOOTER,EQ,7868,3472,44.13
20,1335,MAHSEAMLES,EQ,1780260,412766,23.19
20,1336,MAITHANALL,EQ,115953,48404,41.74
20,1337,MAKEINDIA,EQ,47247,42874,90.74
20,1338,MAL,SM,25600,24000,93.75
20,1339,MALLCOM,EQ,3393,1750,51.58
20,1340,MANAKCOAT,EQ,137262,85928,62.60
20,1341,MANAKSIA,EQ,117851,67067,56.91
20,1342,MANALIPETC,EQ,557376,380367,68.24
20,1343,MANAPPURAM,EQ,8365378,2538171,30.34
20,1344,MANGALAM,EQ,36511,19434,53.23
20,1345,MANGCHEFER,EQ,439223,269205,61.29
20,1346,MANGLMCEM,EQ,311666,152937,49.07
20,1347,MANINFRA,EQ,810153,401420,49.55
20,1348,MANKIND,EQ,256244,164905,64.35
20,1349,MANORAMA,EQ,417677,242029,57.95
20,1350,MANORG,EQ,8749,5904,67.48
20,1351,MANYAVAR,EQ,125552,71103,56.63
20,1352,MAPMYINDIA,EQ,24397,12390,50.78
20,1353,MARALOVER,EQ,11156,6579,58.97
20,1354,MARATHON,EQ,130277,68711,52.74
20,1355,MARCO,SM,51000,51000,100.00
20,1356,MARICO,EQ,900595,452139,50.20
20,1357,MARINE,EQ,253490,194667,76.79
20,1358,MARINETRAN,SM,16000,12000,75.00
20,1359,MARKSANS,EQ,1435443,754787,52.58
20,1360,MARUTI,EQ,973366,573411,58.91
20,1361,MASFIN,EQ,149794,62480,41.71
20,1362,MASKINVEST,EQ,1095,794,72.51
20,1363,MASPTOP50,EQ,965516,457484,47.38
20,1364,MASTEK,EQ,56464,39572,70.08
20,1365,MATRIMONY,EQ,23054,12169,52.78
20,1366,MAWANASUG,EQ,71873,36224,50.40
20,1367,MAXESTATES,EQ,66866,46444,69.46
20,1368,MAXHEALTH,EQ,2913519,1821779,62.53
20,1369,MAXPOSURE,SM,68000,48000,70.59
20,1370,MAYURUNIQ,EQ,25119,15042,59.88
20,1371,MAZDA,EQ,10101,5357,53.03
20,1372,MAZDOCK,EQ,834505,255010,30.56
20,1373,MBAPL,EQ,9944,5925,59.58
20,1374,MBLINFRA,EQ,146076,106288,72.76
20,1375,MCDOWELL-N,EQ,1248275,626238,50.17
20,1376,MCON,SM,5000,5000,100.00
20,1377,MCX,EQ,2420397,533519,22.04
20,1378,MDL,ST,20000,20000,100.00
20,1379,MEDANTA,EQ,406213,329292,81.06
20,1380,MEDIASSIST,EQ,215214,94646,43.98
20,1381,MEDICAMEQ,EQ,9470,4227,44.64
20,1382,MEDPLUS,EQ,142317,78888,55.43
20,1383,MEGAFLEX,ST,9000,9000,100.00
20,1384,MEGASOFT,EQ,268257,182027,67.86
20,1385,MEGASTAR,EQ,5858,3168,54.08
20,1386,MEGATHERM,SM,79200,54000,68.18
20,1387,MENONBE,EQ,44768,25572,57.12
20,1388,METROBRAND,EQ,116366,72054,61.92
20,1389,METROPOLIS,EQ,2470085,518084,20.97
20,1390,MFSL,EQ,672399,343821,51.13
20,1391,MGEL,EQ,133153,114474,85.97
20,1392,MGL,EQ,187193,63419,33.88
20,1393,MHHL,SM,9000,9000,100.00
20,1394,MHLXMIRU,EQ,65751,24390,37.09
20,1395,MHRIL,EQ,70261,36701,52.24
20,1396,MICEL,EQ,190209,134790,70.86
20,1397,MICROPRO,SM,12800,9600,75.00
20,1398,MID150BEES,EQ,608551,413393,67.93
20,1399,MIDCAP,EQ,31153,14870,47.73
20,1400,MIDCAPETF,EQ,572754,435359,76.01
20,1401,MIDCAPIETF,EQ,54154,31833,58.78
20,1402,MIDHANI,EQ,735558,265609,36.11
20,1403,MIDQ50ADD,EQ,19724,16862,85.49
20,1404,MIDSELIETF,EQ,18222,15794,86.68
20,1405,MILTON,SM,4400,4400,100.00
20,1406,MINDACORP,EQ,186895,94397,50.51
20,1407,MINDSPACE,RR,93095,71230,76.51
20,1408,MINDTECK,EQ,1869484,432613,23.14
20,1409,MIRCELECTR,EQ,740046,466954,63.10
20,1410,M&M,EQ,4008660,2519317,62.85
20,1411,M&MFIN,EQ,3088593,1087315,35.20
20,1412,M&MFIN,N3,5,5,100.00
20,1413,MMFL,EQ,46301,28529,61.62
20,1414,MMP,EQ,28294,9899,34.99
20,1415,MMTC,EQ,1515968,692229,45.66
20,1416,MNC,EQ,10436,5562,53.30
20,1417,MODIRUBBER,EQ,46491,37342,80.32
20,1418,MODISONLTD,EQ,197184,116575,59.12
20,1419,MOGSEC,EQ,1619,862,53.24
20,1420,MOHEALTH,EQ,48579,30315,62.40
20,1421,MOHITIND,EQ,110521,83103,75.19
20,1422,MOIL,EQ,2444853,679541,27.79
20,1423,MOL,EQ,2244157,996686,44.41
20,1424,MOLDTECH,EQ,203144,120305,59.22
20,1425,MOLDTKPAC,EQ,30859,15554,50.40
20,1426,MOLOWVOL,EQ,9294,9194,98.92
20,1427,MOM100,EQ,338195,251800,74.45
20,1428,MOM30IETF,EQ,934733,742680,79.45
20,1429,MOM50,EQ,5362,3612,67.36
20,1430,MOMENTUM,EQ,63799,40077,62.82
20,1431,MOMOMENTUM,EQ,122715,65962,53.75
20,1432,MON100,EQ,226231,162208,71.70
20,1433,MONARCH,EQ,58086,25157,43.31
20,1434,MONIFTY500,EQ,634762,365051,57.51
20,1435,MONOPHARMA,SM,64000,60000,93.75
20,1436,MONQ50,EQ,31120,11767,37.81
20,1437,MONTECARLO,EQ,11707,6712,57.33
20,1438,MOQUALITY,EQ,442,356,80.54
20,1439,MOREALTY,EQ,90571,73988,81.69
20,1440,MOREPENLAB,EQ,1791539,754773,42.13
20,1441,MOS,SM,147200,84800,57.61
20,1442,MOSMALL250,EQ,330608,208447,63.05
20,1443,MOTHERSON,EQ,22046191,8917643,40.45
20,1444,MOTILALOFS,EQ,227740,123170,54.08
20,1445,MOTISONS,EQ,346579,212482,61.31
20,1446,MOVALUE,EQ,99414,70116,70.53
20,1447,MOXSH,SM,800,800,100.00
20,1448,MPHASIS,EQ,482559,348141,72.14
20,1449,MPSLTD,EQ,9184,5603,61.01
20,1450,MRF,EQ,4795,2099,43.77
20,1451,MRO-TEK,EQ,268332,134690,50.20
20,1452,MRPL,EQ,4528615,1107764,24.46
20,1453,MSPL,EQ,743726,495850,66.67
20,1454,MSTCLTD,EQ,279979,116640,41.66
20,1455,MSUMI,EQ,7764632,4102433,52.83
20,1456,MTARTECH,EQ,168799,74681,44.24
20,1457,MTNL,EQ,1694810,950211,56.07
20,1458,MUFIN,EQ,493656,229412,46.47
20,1459,MUFTI,EQ,169289,86229,50.94
20,1460,MUKANDLTD,EQ,921568,289146,31.38
20,1461,MUKKA,EQ,1078166,653664,60.63
20,1462,MUNJALAU,EQ,84843,60286,71.06
20,1463,MUNJALSHOW,EQ,102207,51182,50.08
20,1464,MURUDCERA,EQ,42200,26684,63.23
20,1465,MUTHOOTCAP,EQ,19754,10555,53.43
20,1466,MUTHOOTFIN,EQ,861674,472550,54.84
20,1467,MUTHOOTMF,EQ,217902,109225,50.13
20,1468,MVGJL,EQ,118649,41439,34.93
20,1469,MVKAGRO,SM,34800,22800,65.52
20,1470,MWL,SM,6000,6000,100.00
20,1471,NABARD,N2,169,169,100.00
20,1472,NACLIND,EQ,114642,60334,52.63
20,1473,NAGAFERT,EQ,911730,505688,55.46
20,1474,NAGREEKEXP,EQ,36612,28567,78.03
20,1475,NAHARCAP,EQ,8806,6665,75.69
20,1476,NAHARINDUS,EQ,145685,91979,63.14
20,1477,NAHARPOLY,EQ,25452,16406,64.46
20,1478,NAHARSPING,EQ,28679,14668,51.15
20,1479,NAMAN,ST,256000,232000,90.63
20,1480,NAM-INDIA,EQ,1585002,706442,44.57
20,1481,NATCOPHARM,EQ,870156,438177,50.36
20,1482,NATHBIOGEN,EQ,41661,23977,57.55
20,1483,NATIONALUM,EQ,20228100,7406970,36.62
20,1484,NAUKRI,EQ,386057,204591,53.00
20,1485,NAVA,EQ,260030,144965,55.75
20,1486,NAVIFIN,N0,150,150,100.00
20,1487,NAVIFIN,N9,70,60,85.71
20,1488,NAVIFIN,NC,35,35,100.00
20,1489,NAVIFIN,ND,271,271,100.00
20,1490,NAVINFLUOR,EQ,568001,221698,39.03
20,1491,NAVINIFTY,EQ,1735,965,55.62
20,1492,NAVKARCORP,EQ,1142690,557508,48.79
20,1493,NAVNETEDUL,EQ,233303,136101,58.34
20,1494,NAZARA,EQ,1186631,461029,38.85
20,1495,NBCC,EQ,7087068,3796990,53.58
20,1496,NBIFIN,EQ,1754,1689,96.29
20,1497,NCC,EQ,5282838,1971633,37.32
20,1498,NCLIND,EQ,172780,85516,49.49
20,1499,NDGL,EQ,143,89,62.24
20,1500,NDL,EQ,5691607,2284121,40.13
20,1501,NDLVENTURE,EQ,5529,3242,58.64
20,1502,NDRAUTO,EQ,4799,2828,58.93
20,1503,NDTV,EQ,214942,113138,52.64
20,1504,NECCLTD,EQ,239968,164945,68.74
20,1505,NECLIFE,EQ,322162,194079,60.24
20,1506,NELCAST,EQ,118610,68799,58.00
20,1507,NELCO,EQ,47491,22783,47.97
20,1508,NEOGEN,EQ,30096,14926,49.59
20,1509,NESCO,EQ,42068,21630,51.42
20,1510,NESTLEIND,EQ,1239965,655922,52.90
20,1511,NETF,EQ,8533,5827,68.29
20,1512,NETWEB,EQ,190379,173899,91.34
20,1513,NEULANDLAB,EQ,115541,43872,37.97
20,1514,NEWGEN,EQ,146641,101835,69.45
20,1515,NEWJAISA,SM,15000,12000,80.00
20,1516,NEXT50,EQ,3112,2026,65.10
20,1517,NEXT50IETF,EQ,265760,185785,69.91
20,1518,NEXTMEDIA,EQ,25339,12545,49.51
20,1519,NFL,EQ,2158329,982611,45.53
20,1520,NGIL,EQ,171773,43757,25.47
20,1521,NGLFINE,EQ,5011,3103,61.92
20,1522,NH,EQ,211032,95279,45.15
20,1523,NHAI,N2,486,273,56.17
20,1524,NHAI,N5,11,11,100.00
20,1525,NHAI,N6,1862,1817,97.58
20,1526,NHAI,N7,2,1,50.00
20,1527,NHAI,N8,1145,1145,100.00
20,1528,NHAI,N9,31,31,100.00
20,1529,NHAI,NA,3156,2102,66.60
20,1530,NHAI,NE,2330,2319,99.53
20,1531,NHBTF2014,N6,41,32,78.05
20,1532,NHBTF2023,N6,2,2,100.00
20,1533,NHIT,N1,6638,6638,100.00
20,1534,NHIT,N2,1184,1125,95.02
20,1535,NHIT,N3,6246,6246,100.00
20,1536,NHPC,EQ,48418306,16324801,33.72
20,1537,NHPC,N5,32,25,78.13
20,1538,NHPC,N6,5,5,100.00
20,1539,NIACL,EQ,830650,336979,40.57
20,1540,NIBL,EQ,61533,32820,53.34
20,1541,NIDAN,SM,24000,21000,87.50
20,1542,NIDO,N6,5,5,100.00
20,1543,NIF100BEES,EQ,15180,7750,51.05
20,1544,NIF100IETF,EQ,36364,22383,61.55
20,1545,NIF10GETF,EQ,1721,1697,98.61
20,1546,NIF5GETF,EQ,474,248,52.32
20,1547,NIFITETF,EQ,3208,2786,86.85
20,1548,NIFMID150,EQ,2497,1897,75.97
20,1549,NIFTY1,EQ,72613,65653,90.41
20,1550,NIFTY50ADD,EQ,13845,4395,31.74
20,1551,NIFTYBEES,EQ,4396942,3751957,85.33
20,1552,NIFTYBETF,EQ,1898,1676,88.30
20,1553,NIFTYETF,EQ,21636,17848,82.49
20,1554,NIFTYIETF,EQ,193417,146240,75.61
20,1555,NIFTYQLITY,EQ,28899,18478,63.94
20,1556,NIITLTD,EQ,287483,158444,55.11
20,1557,NIITMTS,EQ,42278,23815,56.33
20,1558,NILASPACES,EQ,768861,603643,78.51
20,1559,NILKAMAL,EQ,24652,10584,42.93
20,1560,NINSYS,EQ,1990,1179,59.25
20,1561,NIPPOBATRY,EQ,17994,5912,32.86
20,1562,NIRMAN,SM,21000,10800,51.43
20,1563,NITINSPIN,EQ,144029,85988,59.70
20,1564,NITIRAJ,EQ,883,774,87.66
20,1565,NLCINDIA,EQ,5982763,2449632,40.94
20,1566,NMDC,EQ,15838383,7065505,44.61
20,1567,NOCIL,EQ,584872,195353,33.40
20,1568,NORBTEAEXP,EQ,1877,1432,76.29
20,1569,NOVAAGRI,EQ,247385,140662,56.86
20,1570,NPBET,EQ,1727,1439,83.32
20,1571,NPST,SM,8400,7200,85.71
20,1572,NRAIL,EQ,15345,8673,56.52
20,1573,NRBBEARING,EQ,296676,110399,37.21
20,1574,NRL,EQ,252030,137728,54.65
20,1575,NSIL,EQ,3928,2646,67.36
20,1576,NSLNISP,EQ,43477552,12258507,28.20
20,1577,NTPC,EQ,30924494,13534015,43.76
20,1578,NTPC,N6,80,80,100.00
20,1579,NTPC,N7,178480,164752,92.31
20,1580,NTPC,ND,57,57,100.00
20,1581,NUCLEUS,EQ,30016,15989,53.27
20,1582,NURECA,EQ,10439,6754,64.70
20,1583,NUVAMA,EQ,146992,58379,39.72
20,1584,NUVOCO,EQ,1757864,163947,9.33
20,1585,NV20,EQ,18062,11769,65.16
20,1586,NV20BEES,EQ,52210,36163,69.26
20,1587,NV20IETF,EQ,920909,562027,61.03
20,1588,NXST,RR,72667,57072,78.54
20,1589,NYKAA,EQ,5827541,3524225,60.48
20,1590,OAL,EQ,10343,5915,57.19
20,1591,OBCL,EQ,87374,44988,51.49
20,1592,OBEROIRLTY,EQ,432038,200270,46.35
20,1593,OCCL,EQ,53245,30408,57.11
20,1594,OFSS,EQ,280609,145628,51.90
20,1595,OIL,EQ,6863145,3003233,43.76
20,1596,OLECTRA,EQ,558777,172043,30.79
20,1597,OLIL,SM,2400,2400,100.00
20,1598,OMAXE,EQ,549399,333378,60.68
20,1599,OMFURN,SM,88800,88800,100.00
20,1600,OMINFRAL,EQ,245870,109554,44.56
20,1601,ONDOOR,SM,3000,2400,80.00
20,1602,ONGC,EQ,21894584,14857562,67.86
20,1603,ONMOBILE,EQ,1162276,436606,37.56
20,1604,ONWARDTEC,EQ,68441,30852,45.08
20,1605,OPTIEMUS,EQ,83104,44330,53.34
20,1606,ORBTEXP,EQ,8373,6110,72.97
20,1607,ORCHPHARMA,EQ,354926,303932,85.63
20,1608,ORIANA,SM,248400,158400,63.77
20,1609,ORICONENT,EQ,4421324,1959154,44.31
20,1610,ORIENTBELL,EQ,5982,3363,56.22
20,1611,ORIENTCEM,EQ,378065,208981,55.28
20,1612,ORIENTCER,EQ,74917,46284,61.78
20,1613,ORIENTELEC,EQ,325932,165060,50.64
20,1614,ORIENTHOT,EQ,592614,377140,63.64
20,1615,ORIENTLTD,EQ,5592,3325,59.46
20,1616,ORIENTPPR,EQ,580395,277945,47.89
20,1617,ORISSAMINE,EQ,20414,8627,42.26
20,1618,ORTINLAB,EQ,126256,90914,72.01
20,1619,OSWALAGRO,EQ,331997,165021,49.71
20,1620,OSWALGREEN,EQ,441754,298447,67.56
20,1621,OWAIS,SM,203200,131200,64.57
20,1622,PAGEIND,EQ,64465,25029,38.83
20,1623,PAISALO,EQ,2045737,1238420,60.54
20,1624,PAKKA,EQ,153912,72498,47.10
20,1625,PALASHSECU,EQ,9686,2331,24.07
20,1626,PANACEABIO,EQ,88324,43311,49.04
20,1627,PANACHE,EQ,8811,6576,74.63
20,1628,PANAMAPET,EQ,113944,73379,64.40
20,1629,PANSARI,EQ,5870,1762,30.02
20,1630,PAR,EQ,85643,36711,42.87
20,1631,PARACABLES,EQ,847104,416694,49.19
20,1632,PARADEEP,EQ,1157942,615395,53.15
20,1633,PARAGMILK,EQ,866818,457458,52.77
20,1634,PARAGON,SM,4800,3600,75.00
20,1635,PARAS,EQ,152359,71953,47.23
20,1636,PARKHOTELS,EQ,266702,137477,51.55
20,1637,PARSVNATH,EQ,1011141,541924,53.60
20,1638,PARTYCRUS,SM,8000,8000,100.00
20,1639,PASHUPATI,SM,2400,2400,100.00
20,1640,PASUPTAC,EQ,93904,62207,66.25
20,1641,PATANJALI,EQ,1086534,556397,51.21
20,1642,PATELENG,EQ,8389794,3669916,43.74
20,1643,PATINTLOG,EQ,208458,123942,59.46
20,1644,PAYTM,EQ,1334563,864274,64.76
20,1645,PCBL,EQ,1285092,698136,54.33
20,1646,PCHFL,N6,50,50,100.00
20,1647,PCHFL,N8,4319,4319,100.00
20,1648,PCJEWELLER,EQ,1195760,785909,65.72
20,1649,PDMJEPAPER,EQ,257809,137830,53.46
20,1650,PDSL,EQ,40980,21903,53.45
20,1651,PEARLPOLY,EQ,300967,194471,64.62
20,1652,PEL,EQ,1083856,433093,39.96
20,1653,PEL,N3,5,5,100.00
20,1654,PENIND,EQ,329328,148157,44.99
20,1655,PENINLAND,EQ,710145,360026,50.70
20,1656,PENTAGON,SM,5000,4000,80.00
20,1657,PERFECT,ST,144000,144000,100.00
20,1658,PERSISTENT,EQ,328754,143295,43.59
20,1659,PETRONET,EQ,18908225,5477043,28.97
20,1660,PFC,EQ,7368214,3483296,47.27
20,1661,PFC,N1,501,500,99.80
20,1662,PFC,N3,1,1,100.00
20,1663,PFC,N5,318,318,100.00
20,1664,PFC,N8,278,218,78.42
20,1665,PFIZER,EQ,68878,57820,83.95
20,1666,PFOCUS,EQ,71281,42286,59.32
20,1667,PGEL,EQ,85861,42145,49.09
20,1668,PGHH,EQ,4449,2000,44.95
20,1669,PGHL,EQ,5063,2880,56.88
20,1670,PGIL,EQ,15468,8761,56.64
20,1671,PGINVIT,IV,1030138,866005,84.07
20,1672,PHANTOMFX,SM,50400,34800,69.05
20,1673,PHARMABEES,EQ,5086130,4232242,83.21
20,1674,PHOENIXLTD,EQ,831011,419906,50.53
20,1675,PIDILITIND,EQ,185365,105363,56.84
20,1676,PIIND,EQ,289594,188002,64.92
20,1677,PILANIINVS,EQ,3823,2266,59.27
20,1678,PITTIENG,EQ,110153,47660,43.27
20,1679,PIXTRANS,EQ,25776,13776,53.45
20,1680,PKTEA,EQ,160,124,77.50
20,1681,PLADAINFO,SM,6000,6000,100.00
20,1682,PLASTIBLEN,EQ,12368,8185,66.18
20,1683,PLATIND,EQ,214581,104356,48.63
20,1684,PLAZACABLE,EQ,121223,100546,82.94
20,1685,PNB,EQ,40533614,12415894,30.63
20,1686,PNBGILTS,EQ,733911,235997,32.16
20,1687,PNBHOUSING,EQ,440294,169531,38.50
20,1688,PNC,EQ,238339,96497,40.49
20,1689,PNCINFRA,EQ,878489,587028,66.82
20,1690,POCL,EQ,14409,8732,60.60
20,1691,PODDARMENT,EQ,35371,19057,53.88
20,1692,POKARNA,EQ,396924,284289,71.62
20,1693,POLICYBZR,EQ,3026942,1981627,65.47
20,1694,POLYCAB,EQ,338176,137757,40.74
20,1695,POLYMED,EQ,26577,16503,62.10
20,1696,POLYPLEX,EQ,60130,32944,54.79
20,1697,POLYSIL,SM,32000,26000,81.25
20,1698,PONNIERODE,EQ,16547,8941,54.03
20,1699,POONAWALLA,EQ,1290165,893106,69.22
20,1700,POONAWALLA,N3,10,10,100.00
20,1701,POWERGRID,EQ,17731780,10440699,58.88
20,1702,POWERINDIA,EQ,44029,14586,33.13
20,1703,POWERMECH,EQ,15454,8162,52.81
20,1704,PPAP,EQ,10494,7705,73.42
20,1705,PPL,EQ,39671,25006,63.03
20,1706,PPLPHARMA,EQ,4245577,1882790,44.35
20,1707,PRAJIND,EQ,392216,228352,58.22
20,1708,PRAKASH,EQ,581365,304891,52.44
20,1709,PRAMARA,SM,4000,4000,100.00
20,1710,PRATHAM,SM,1139200,451200,39.61
20,1711,PRECAM,EQ,82400,40947,49.69
20,1712,PRECISION,SM,2000,2000,100.00
20,1713,PRECWIRE,EQ,232408,116566,50.16
20,1714,PREMEXPLN,EQ,76690,34038,44.38
20,1715,PREMIERPOL,EQ,21736,14723,67.74
20,1716,PRESSTONIC,SM,32000,22400,70.00
20,1717,PRESTIGE,EQ,1085911,728294,67.07
20,1718,PRICOLLTD,EQ,189451,87674,46.28
20,1719,PRIMESECU,EQ,49644,38784,78.12
20,1720,PRINCEPIPE,EQ,280457,234765,83.71
20,1721,PRITI,EQ,18823,10872,57.76
20,1722,PRITIKA,SM,14000,10000,71.43
20,1723,PRIVISCL,EQ,10463,5377,51.39
20,1724,PROLIFE,SM,1500,1000,66.67
20,1725,PROPEQUITY,SM,1200,1200,100.00
20,1726,PROV,SM,320,160,50.00
20,1727,PROZONER,EQ,524449,242493,46.24
20,1728,PRSMJOHNSN,EQ,130255,52554,40.35
20,1729,PRUDENT,EQ,21400,14062,65.71
20,1730,PSB,EQ,1856258,730821,39.37
20,1731,PSPPROJECT,EQ,667002,299681,44.93
20,1732,PSUBANK,EQ,9296,5034,54.15
20,1733,PSUBANKADD,EQ,12719,9233,72.59
20,1734,PSUBNKBEES,EQ,1780428,941645,52.89
20,1735,PSUBNKIETF,EQ,234781,105618,44.99
20,1736,PTC,EQ,2339834,1151397,49.21
20,1737,PTCIL,EQ,3595,1753,48.76
20,1738,PTL,EQ,60607,38759,63.95
20,1739,PULZ,SM,16000,10000,62.50
20,1740,PUNJABCHEM,EQ,111683,32053,28.70
20,1741,PURVA,EQ,1923957,744049,38.67
20,1742,PURVFLEXI,SM,216000,185600,85.93
20,1743,PVP,EQ,689079,396594,57.55
20,1744,PVRINOX,EQ,1431542,757755,52.93
20,1745,PVSL,EQ,139721,75534,54.06
20,1746,PVTBANIETF,EQ,528252,352982,66.82
20,1747,PVTBANKADD,EQ,41226,31786,77.10
20,1748,PYRAMID,EQ,45489,20683,45.47
20,1749,QFIL,SM,1000,1000,100.00
20,1750,QGOLDHALF,EQ,51263,33500,65.35
20,1751,QMSMEDI,SM,8000,8000,100.00
20,1752,QNIFTY,EQ,1474,1381,93.69
20,1753,QUAL30IETF,EQ,512,288,56.25
20,1754,QUESS,EQ,3979444,713355,17.93
20,1755,QUICKHEAL,EQ,112488,42080,37.41
20,1756,QUICKTOUCH,SM,7000,5500,78.57
20,1757,RACE,EQ,31496,19307,61.30
20,1758,RADHIKAJWE,EQ,400120,201183,50.28
20,1759,RADIANTCMS,EQ,101993,77252,75.74
20,1760,RADICO,EQ,775922,335541,43.24
20,1761,RADIOCITY,EQ,1432042,732911,51.18
20,1762,RADIOCITY,P1,911,911,100.00
20,1763,RADIOWALLA,ST,166400,115200,69.23
20,1764,RAILTEL,EQ,1760068,516145,29.33
20,1765,RAIN,EQ,4763176,1719726,36.10
20,1766,RAINBOW,EQ,102530,57559,56.14
20,1767,RAJESHEXPO,EQ,506566,238648,47.11
20,1768,RAJRATAN,EQ,55938,33822,60.46
20,1769,RAJSREESUG,EQ,118281,81143,68.60
20,1770,RALLIS,EQ,828189,342242,41.32
20,1771,RAMANEWS,EQ,238854,155444,65.08
20,1772,RAMAPHO,EQ,7006,3908,55.78
20,1773,RAMASTEEL,EQ,10949095,5419531,49.50
20,1774,RAMCOCEM,EQ,360093,165686,46.01
20,1775,RAMCOIND,EQ,279533,100354,35.90
20,1776,RAMCOSYS,EQ,10150099,646157,6.37
20,1777,RAMKY,EQ,79531,46523,58.50
20,1778,RAMRAT,EQ,29059,19126,65.82
20,1779,RANASUG,EQ,666869,369765,55.45
20,1780,RANEENGINE,EQ,7103,4153,58.47
20,1781,RANEHOLDIN,EQ,12199,8252,67.64
20,1782,RATEGAIN,EQ,337028,180848,53.66
20,1783,RATNAMANI,EQ,22361,11756,52.57
20,1784,RATNAVEER,EQ,371098,174341,46.98
20,1785,RAYMOND,EQ,135733,64229,47.32
20,1786,RBA,EQ,1218822,769146,63.11
20,1787,RBL,EQ,20011,3733,18.65
20,1788,RBLBANK,EQ,4411851,1160706,26.31
20,1789,RBMINFRA,ST,14000,14000,100.00
20,1790,RBZJEWEL,EQ,59550,38407,64.50
20,1791,RCDL,SM,42000,27000,64.29
20,1792,RCF,EQ,1543064,690113,44.72
20,1793,RECLTD,EQ,10809891,6165893,57.04
20,1794,RECLTD,N6,11,11,100.00
20,1795,RECLTD,N9,673,673,100.00
20,1796,RECLTD,NC,2,2,100.00
20,1797,RECLTD,NI,40,40,100.00
20,1798,REDINGTON,EQ,1587044,631472,39.79
20,1799,REDTAPE,EQ,114654,59274,51.70
20,1800,REFEX,EQ,252948,112808,44.60
20,1801,RELAXO,EQ,72061,47320,65.67
20,1802,RELCHEMQ,EQ,28766,12406,43.13
20,1803,RELIANCE,EQ,7775506,3829205,49.25
20,1804,RELIGARE,EQ,3932639,2412678,61.35
20,1805,RELINFRA,EQ,42171052,14235633,33.76
20,1806,REMUS,SM,1775,1375,77.46
20,1807,RENUKA,EQ,9089764,2755449,30.31
20,1808,REPCOHOME,EQ,637795,207542,32.54
20,1809,REPL,EQ,16977,13716,80.79
20,1810,REPRO,EQ,7233,3411,47.16
20,1811,RESPONIND,EQ,33508,10837,32.34
20,1812,REXPIPES,SM,26000,22000,84.62
20,1813,RGL,EQ,95236,40993,43.04
20,1814,RHIM,EQ,420565,267036,63.49
20,1815,RICHA,SM,4000,4000,100.00
20,1816,RICOAUTO,EQ,2600345,826924,31.80
20,1817,RIIL,EQ,258278,58505,22.65
20,1818,RILINFRA,SM,38000,26000,68.42
20,1819,RISHABH,EQ,69842,36615,52.43
20,1820,RITCO,EQ,106195,69335,65.29
20,1821,RITES,EQ,1747247,483609,27.68
20,1822,RKEC,EQ,71359,45527,63.80
20,1823,RKFORGE,EQ,234821,121146,51.59
20,1824,RKSWAMY,EQ,222790,92938,41.72
20,1825,RMDRIP,SM,54000,48000,88.89
20,1826,RML,EQ,9019,5976,66.26
20,1827,ROCKINGDCE,SM,3000,3000,100.00
20,1828,ROHLTD,EQ,111740,63255,56.61
20,1829,ROLEXRINGS,EQ,23376,13350,57.11
20,1830,ROML,EQ,4465,3390,75.92
20,1831,ROSSARI,EQ,123408,56532,45.81
20,1832,ROSSELLIND,EQ,27704,15109,54.54
20,1833,ROTO,EQ,42795,23368,54.60
20,1834,ROUTE,EQ,89994,51437,57.16
20,1835,ROXHITECH,SM,28800,25600,88.89
20,1836,RPGLIFE,EQ,12195,8474,69.49
20,1837,RPSGVENT,EQ,33715,15591,46.24
20,1838,RPTECH,EQ,223839,128985,57.62
20,1839,RRKABEL,EQ,120357,49660,41.26
20,1840,RSWM,EQ,136503,74792,54.79
20,1841,RSYSTEMS,EQ,69215,43768,63.23
20,1842,RTNINDIA,EQ,2806551,1422179,50.67
20,1843,RUBYMILLS,EQ,9308,6248,67.13
20,1844,RUCHINFRA,EQ,179721,136720,76.07
20,1845,RUCHIRA,EQ,37425,25260,67.49
20,1846,RUPA,EQ,117310,59074,50.36
20,1847,RUSHIL,EQ,317343,146791,46.26
20,1848,RUSTOMJEE,EQ,33495,10855,32.41
20,1849,RVNL,EQ,6856810,2482165,36.20
20,1850,SAAKSHI,SM,6000,4800,80.00
20,1851,SABAR,SM,15000,10000,66.67
20,1852,SADBHAV,EQ,7765827,2895645,37.29
20,1853,SADHAV,SM,210000,132000,62.86
20,1854,SADHNANIQ,EQ,258052,147829,57.29
20,1855,SAFARI,EQ,171213,40882,23.88
20,1856,SAGCEM,EQ,136778,80491,58.85
20,1857,SAH,EQ,32439,4000,12.33
20,1858,SAHANA,SM,6000,5500,91.67
20,1859,SAHYADRI,EQ,4638,3086,66.54
20,1860,SAIFL,SM,11200,10400,92.86
20,1861,SAIL,EQ,73596074,23134026,31.43
20,1862,SAKAR,EQ,7921,5124,64.69
20,1863,SAKHTISUG,EQ,320420,178203,55.62
20,1864,SAKSOFT,EQ,636636,169846,26.68
20,1865,SAKUMA,EQ,1006338,837570,83.23
20,1866,SALASAR,EQ,5856768,2799503,47.80
20,1867,SALONA,EQ,1505,1342,89.17
20,1868,SALZERELEC,EQ,83066,51161,61.59
20,1869,SAMHI,EQ,2025871,1439581,71.06
20,1870,SANDESH,EQ,2643,1112,42.07
20,1871,SANDHAR,EQ,197972,63546,32.10
20,1872,SANDUMA,EQ,151398,105402,69.62
20,1873,SANGAMIND,EQ,19537,9035,46.25
20,1874,SANGANI,SM,9000,6000,66.67
20,1875,SANGHIIND,EQ,326130,195744,60.02
20,1876,SANGHVIMOV,EQ,113673,61921,54.47
20,1877,SANOFI,EQ,14135,6633,46.93
20,1878,SANSERA,EQ,242489,171742,70.82
20,1879,SAPPHIRE,EQ,234958,151300,64.39
20,1880,SARDAEN,EQ,952845,334724,35.13
20,1881,SAREGAMA,EQ,230662,119200,51.68
20,1882,SARLAPOLY,EQ,248347,144934,58.36
20,1883,SARTELE,SM,156000,90000,57.69
20,1884,SASKEN,EQ,10153,6283,61.88
20,1885,SASTASUNDR,EQ,101060,45938,45.46
20,1886,SATIA,EQ,446762,317539,71.08
20,1887,SATIN,EQ,290742,123783,42.57
20,1888,SATINDLTD,EQ,407503,175458,43.06
20,1889,SAURASHCEM,EQ,120960,60858,50.31
20,1890,SBC,EQ,8380208,4939297,58.94
20,1891,SBCL,EQ,62104,30327,48.83
20,1892,SBFC,EQ,3226246,1597743,49.52
20,1893,SBGLP,EQ,113477,39446,34.76
20,1894,SBICARD,EQ,1438789,733220,50.96
20,1895,SBIETFCON,EQ,2652,1759,66.33
20,1896,SBIETFIT,EQ,11473,9659,84.19
20,1897,SBIETFPB,EQ,7900,6914,87.52
20,1898,SBIETFQLTY,EQ,151575,150472,99.27
20,1899,SBILIFE,EQ,787733,447364,56.79
20,1900,SBIN,EQ,14408722,7525415,52.23
20,1901,SCHAEFFLER,EQ,66008,32840,49.75
20,1902,SCHAND,EQ,107347,65000,60.55
20,1903,SCI,EQ,1812584,792696,43.73
20,1904,SCILAL,EQ,4048574,2078216,51.33
20,1905,SCML,SM,122000,90000,73.77
20,1906,SCPL,EQ,16509,9190,55.67
20,1907,SDBL,EQ,539717,208635,38.66
20,1908,SDL24BEES,EQ,360,353,98.06
20,1909,SDL26BEES,EQ,500,227,45.40
20,1910,SECMARK,EQ,3686,2970,80.58
20,1911,SECURCRED,EQ,423435,390089,92.12
20,1912,SEL,ST,3200,3200,100.00
20,1913,SELAN,EQ,114064,47105,41.30
20,1914,SELMC,EQ,10689,7410,69.32
20,1915,SEMAC,EQ,3953,2632,66.58
20,1916,SENCO,EQ,237793,136055,57.22
20,1917,SENSEXADD,EQ,1196,412,34.45
20,1918,SENSEXETF,EQ,9891,6412,64.83
20,1919,SENSEXIETF,EQ,16607,3989,24.02
20,1920,SEPC,EQ,4991289,2879684,57.69
20,1921,SEQUENT,EQ,971884,495969,51.03
20,1922,SESHAPAPER,EQ,23058,14535,63.04
20,1923,SETCO,EQ,337166,253179,75.09
20,1924,SETF10GILT,EQ,16527,13341,80.72
20,1925,SETFGOLD,EQ,868180,662738,76.34
20,1926,SETFNIF50,EQ,595010,467315,78.54
20,1927,SETFNIFBK,EQ,32004,22921,71.62
20,1928,SETFNN50,EQ,25723,13202,51.32
20,1929,SFL,EQ,269309,223043,82.82
20,1930,SGBAPR28I,GB,278,211,75.90
20,1931,SGBAUG24,GB,224,189,84.38
20,1932,SGBAUG27,GB,25,24,96.00
20,1933,SGBAUG28V,GB,1628,1142,70.15
20,1934,SGBAUG29V,GB,158,154,97.47
20,1935,SGBAUG30,GB,314,199,63.38
20,1936,SGBD29VIII,GB,128,107,83.59
20,1937,SGBDC27VII,GB,38,37,97.37
20,1938,SGBDE30III,GB,592,467,78.89
20,1939,SGBDE31III,GB,5263,3839,72.94
20,1940,SGBDEC2512,GB,5,5,100.00
20,1941,SGBDEC2513,GB,40,40,100.00
20,1942,SGBDEC26,GB,5,5,100.00
20,1943,SGBFEB27,GB,12,12,100.00
20,1944,SGBFEB28IX,GB,43,43,100.00
20,1945,SGBFEB29XI,GB,65,65,100.00
20,1946,SGBFEB32IV,GB,4362,3555,81.50
20,1947,SGBJ28VIII,GB,40,40,100.00
20,1948,SGBJAN27,GB,102,102,100.00
20,1949,SGBJAN29IX,GB,336,233,69.35
20,1950,SGBJAN29X,GB,21,12,57.14
20,1951,SGBJAN30IX,GB,279,246,88.17
20,1952,SGBJU29III,GB,261,166,63.60
20,1953,SGBJUL25,GB,27,27,100.00
20,1954,SGBJUL27,GB,126,126,100.00
20,1955,SGBJUL28IV,GB,1379,924,67.01
20,1956,SGBJUL29IV,GB,431,362,83.99
20,1957,SGBJUN27,GB,26,24,92.31
20,1958,SGBJUN28,GB,263,243,92.40
20,1959,SGBJUN29II,GB,274,223,81.39
20,1960,SGBJUN30,GB,98,62,63.27
20,1961,SGBJUN31I,GB,1858,1318,70.94
20,1962,SGBMAR25,GB,82,81,98.78
20,1963,SGBMAR28X,GB,153,94,61.44
20,1964,SGBMAR30X,GB,127,120,94.49
20,1965,SGBMAR31IV,GB,486,286,58.85
20,1966,SGBMAY25,GB,161,147,91.30
20,1967,SGBMAY26,GB,134,133,99.25
20,1968,SGBMAY28,GB,304,249,81.91
20,1969,SGBMAY29I,GB,788,618,78.43
20,1970,SGBMR29XII,GB,623,450,72.23
20,1971,SGBN28VIII,GB,597,387,64.82
20,1972,SGBNOV24,GB,158,116,73.42
20,1973,SGBNOV25,GB,1,1,100.00
20,1974,SGBNOV258,GB,1,1,100.00
20,1975,SGBNOV25IX,GB,40,40,100.00
20,1976,SGBNOV25VI,GB,2,2,100.00
20,1977,SGBNV29VII,GB,120,116,96.67
20,1978,SGBOC28VII,GB,186,139,74.73
20,1979,SGBOCT25,GB,28,27,96.43
20,1980,SGBOCT25V,GB,3,3,100.00
20,1981,SGBOCT26,GB,6,6,100.00
20,1982,SGBOCT27,GB,89,81,91.01
20,1983,SGBOCT27VI,GB,55,54,98.18
20,1984,SGBSEP24,GB,55,44,80.00
20,1985,SGBSEP27,GB,84,84,100.00
20,1986,SGBSEP28VI,GB,734,404,55.04
20,1987,SGBSEP29VI,GB,413,354,85.71
20,1988,SGBSEP31II,GB,2800,2115,75.54
20,1989,SGIL,EQ,12376,8453,68.30
20,1990,SGL,EQ,54911,35072,63.87
20,1991,SHAH,EQ,1448647,754573,52.09
20,1992,SHAILY,EQ,126738,83978,66.26
20,1993,SHALBY,EQ,181813,79730,43.85
20,1994,SHALPAINTS,EQ,233504,131128,56.16
20,1995,SHANKARA,EQ,68863,41930,60.89
20,1996,SHANTHALA,SM,2400,2400,100.00
20,1997,SHANTIGEAR,EQ,40535,21719,53.58
20,1998,SHARDACROP,EQ,122798,73840,60.13
20,1999,SHARDAMOTR,EQ,58159,31282,53.79
20,2000,SHAREINDIA,EQ,89522,35702,39.88
20,2001,SHAREINDIA,W1,223,220,98.65
20,2002,SHARIABEES,EQ,2457,1446,58.85
20,2003,SHEETAL,SM,56000,30000,53.57
20,2004,SHEMAROO,EQ,68542,43621,63.64
20,2005,SHERA,SM,102000,80000,78.43
20,2006,SHILPAMED,EQ,434170,230364,53.06
20,2007,SHIVALIK,EQ,51184,20861,40.76
20,2008,SHIVAMAUTO,EQ,413792,279539,67.56
20,2009,SHIVAMILLS,EQ,9763,5977,61.22
20,2010,SHK,EQ,263676,139261,52.82
20,2011,SHOPERSTOP,EQ,70582,36954,52.36
20,2012,SHRADHA,EQ,13989,8125,58.08
20,2013,SHREDIGCEM,EQ,1011712,542382,53.61
20,2014,SHREECEM,EQ,19756,9282,46.98
20,2015,SHREEKARNI,SM,78000,48600,62.31
20,2016,SHREEOSFM,SM,6000,4000,66.67
20,2017,SHREEPUSHK,EQ,20387,13577,66.60
20,2018,SHRENIK,EQ,1423476,658713,46.27
20,2019,SHREYANIND,EQ,9092,5977,65.74
20,2020,SHREYAS,EQ,38211,28163,73.70
20,2021,SHRIPISTON,EQ,196642,107020,54.42
20,2022,SHRIRAMFIN,EQ,828911,574642,69.32
20,2023,SHRIRAMFIN,ZB,157,157,100.00
20,2024,SHRIRAMPPS,EQ,2886552,1705713,59.09
20,2025,SHRITECH,SM,16000,16000,100.00
20,2026,SHUBHLAXMI,SM,25000,17000,68.00
20,2027,SHYAMMETL,EQ,469383,306934,65.39
20,2028,SHYAMTEL,EQ,10190,10190,100.00
20,2029,SIDDHIKA,SM,3000,2000,66.67
20,2030,SIEMENS,EQ,201142,90517,45.00
20,2031,SIGACHI,EQ,1051699,500210,47.56
20,2032,SIGIND,EQ,85316,41173,48.26
20,2033,SIGMA,EQ,6497,3797,58.44
20,2034,SIGNATURE,EQ,449589,86698,19.28
20,2035,SIGNORIA,SM,6000,6000,100.00
20,2036,SIGNPOST,EQ,243318,140391,57.70
20,2037,SIKKO,EQ,8148,6321,77.58
20,2038,SIL,EQ,44592,32269,72.36
20,2039,SILINV,EQ,7076,3271,46.23
20,2040,SILLYMONKS,EQ,9020,7331,81.27
20,2041,SILVER,EQ,164334,87953,53.52
20,2042,SILVERADD,EQ,54864,42885,78.17
20,2043,SILVERBEES,EQ,9403073,7646877,81.32
20,2044,SILVERETF,EQ,333397,252351,75.69
20,2045,SILVERIETF,EQ,1322040,1193213,90.26
20,2046,SILVERTUC,EQ,23299,3336,14.32
20,2047,SILVRETF,EQ,614051,612352,99.72
20,2048,SIMBHALS,EQ,128494,62768,48.85
20,2049,SINCLAIR,EQ,346343,211684,61.12
20,2050,SINDHUTRAD,EQ,2488758,1629200,65.46
20,2051,SINTERCOM,EQ,6558,5299,80.80
20,2052,SIRCA,EQ,43979,20956,47.65
20,2053,SIS,EQ,381343,344661,90.38
20,2054,SIYSIL,EQ,37915,24594,64.87
20,2055,SJLOGISTIC,SM,46000,39000,84.78
20,2056,SJS,EQ,53767,23352,43.43
20,2057,SJVN,EQ,18246054,4978263,27.28
20,2058,SKFINDIA,EQ,82918,28865,34.81
20,2059,SKIPPER,EQ,608807,255201,41.92
20,2060,SKIPPERPP,E1,1805,1618,89.64
20,2061,SKMEGGPROD,EQ,173420,94937,54.74
20,2062,SKP,SM,10500,8000,76.19
20,2063,SMALLCAP,EQ,615453,550238,89.40
20,2064,SMARTLINK,EQ,5702,4539,79.60
20,2065,SMCGLOBAL,EQ,703748,290782,41.32
20,2066,SMLISUZU,EQ,51353,30984,60.34
20,2067,SMSLIFE,EQ,4794,2777,57.93
20,2068,SMSPHARMA,EQ,459538,112026,24.38
20,2069,SNOWMAN,EQ,891654,370501,41.55
20,2070,SOBHA,EQ,294468,173476,58.91
20,2071,SOLARA,EQ,121810,55889,45.88
20,2072,SOLARINDS,EQ,104258,50247,48.19
20,2073,SOLEX,SM,146000,132600,90.82
20,2074,SOMANYCERA,EQ,22025,12149,55.16
20,2075,SOMATEX,EQ,15391,9263,60.18
20,2076,SONACOMS,EQ,9623414,2112294,21.95
20,2077,SONAMAC,SM,104000,74000,71.15
20,2078,SONAMLTD,EQ,6427,4494,69.92
20,2079,SONATSOFTW,EQ,375809,190272,50.63
20,2080,SONUINFRA,SM,42000,42000,100.00
20,2081,SOTL,EQ,187508,92206,49.17
20,2082,SOUTHBANK,EQ,30053563,13418686,44.65
20,2083,SOUTHWEST,EQ,52633,16013,30.42
20,2084,SPAL,EQ,8547,4707,55.07
20,2085,SPANDANA,EQ,95098,60234,63.34
20,2086,SPCENET,EQ,2047809,1518136,74.13
20,2087,SPECIALITY,EQ,38992,19440,49.86
20,2088,SPECTRUM,SM,1500,1000,66.67
20,2089,SPECTSTM,SM,14400,11200,77.78
20,2090,SPENCERS,EQ,289701,151120,52.16
20,2091,SPIC,EQ,734160,346667,47.22
20,2092,SPLIL,EQ,28650,15836,55.27
20,2093,SPLPETRO,EQ,60110,27465,45.69
20,2094,SPMLINFRA,EQ,38885,24227,62.30
20,2095,SPORTKING,EQ,14103,8749,62.04
20,2096,SREEL,EQ,8826,5313,60.20
20,2097,SRF,EQ,699830,378968,54.15
20,2098,SRGHFL,EQ,1387,1277,92.07
20,2099,SRHHYPOLTD,EQ,12886,6475,50.25
20,2100,SRIVASAVI,SM,14000,12000,85.71
20,2101,SSFL,SM,9000,5000,55.56
20,2102,SSWL,EQ,805749,515295,63.95
20,2103,STAR,EQ,143449,85459,59.57
20,2104,STARCEMENT,EQ,328028,147276,44.90
20,2105,STARHEALTH,EQ,345110,272141,78.86
20,2106,STARPAPER,EQ,28012,14666,52.36
20,2107,STCINDIA,EQ,248210,100313,40.41
20,2108,STEELCAS,EQ,12299,7987,64.94
20,2109,STEELCITY,EQ,38931,23021,59.13
20,2110,STEELXIND,EQ,3677705,2123174,57.73
20,2111,STEL,EQ,33900,17079,50.38
20,2112,STERTOOLS,EQ,36922,21285,57.65
20,2113,STLTECH,EQ,3574161,1281975,35.87
20,2114,STOVEKRAFT,EQ,69891,36604,52.37
20,2115,STYLAMIND,EQ,19604,10851,55.35
20,2116,STYRENIX,EQ,22115,12837,58.05
20,2117,SUBEXLTD,EQ,15365707,6258618,40.73
20,2118,SUBROS,EQ,278163,112203,40.34
20,2119,SUDARSCHEM,EQ,167994,57552,34.26
20,2120,SUKHJITS,EQ,10491,7922,75.51
20,2121,SULA,EQ,2057734,883445,42.93
20,2122,SUMICHEM,EQ,613304,292513,47.69
20,2123,SUMMITSEC,EQ,21079,13326,63.22
20,2124,SUNCLAY,EQ,10110,5942,58.77
20,2125,SUNDARAM,EQ,50719912,10483700,20.67
20,2126,SUNDARMFIN,EQ,248814,164839,66.25
20,2127,SUNDARMHLD,EQ,211162,125116,59.25
20,2128,SUNDRMBRAK,EQ,1323,758,57.29
20,2129,SUNDRMFAST,EQ,295527,256154,86.68
20,2130,SUNFLAG,EQ,696925,304285,43.66
20,2131,SUNPHARMA,EQ,8258068,5166902,62.57
20,2132,SUNREST,SM,3200,3200,100.00
20,2133,SUNTECK,EQ,259043,154249,59.55
20,2134,SUNTV,EQ,752012,277840,36.95
20,2135,SUPERHOUSE,EQ,8513,5059,59.43
20,2136,SUPRAJIT,EQ,86272,45315,52.53
20,2137,SUPREMEIND,EQ,189469,78691,41.53
20,2138,SUPREMEPWR,SM,54000,40000,74.07
20,2139,SUPRIYA,EQ,143072,78973,55.20
20,2140,SURAJEST,EQ,272461,159845,58.67
20,2141,SURANASOL,EQ,715259,518034,72.43
20,2142,SURANI,SM,3200,3200,100.00
20,2143,SURYALAXMI,EQ,43212,19931,46.12
20,2144,SURYAROSNI,EQ,247628,119440,48.23
20,2145,SURYODAY,EQ,2169483,1179545,54.37
20,2146,SUTLEJTEX,EQ,93099,46655,50.11
20,2147,SUULD,EQ,134176,129093,96.21
20,2148,SUVENPHAR,EQ,325671,213488,65.55
20,2149,SVPGLOB,EQ,264007,189750,71.87
20,2150,SWANENERGY,EQ,1703779,1284706,75.40
20,2151,SWARAJ,SM,5000,4000,80.00
20,2152,SWARAJENG,EQ,10084,4766,47.26
20,2153,SWASTIK,SM,3600,3600,100.00
20,2154,SWELECTES,EQ,93036,59575,64.03
20,2155,SWSOLAR,EQ,780072,507261,65.03
20,2156,SYMPHONY,EQ,186445,98630,52.90
20,2157,SYNGENE,EQ,2552963,456662,17.89
20,2158,SYNOPTICS,SM,4800,4200,87.50
20,2159,SYRMA,EQ,289709,139686,48.22
20,2160,SYSTANGO,SM,45600,32800,71.93
20,2161,TAC,ST,175200,162000,92.47
20,2162,TAINWALCHM,EQ,2654,1852,69.78
20,2163,TAJGVK,EQ,184263,68901,37.39
20,2164,TAKE,EQ,182607,131941,72.25
20,2165,TANLA,EQ,1988789,400285,20.13
20,2166,TARACHAND,SM,126000,95000,75.40
20,2167,TARSONS,EQ,94727,43754,46.19
20,2168,TASTYBITE,EQ,1002,575,57.39
20,2169,TATACAP,N6,70,39,55.71
20,2170,TATACAP,N8,137,63,45.99
20,2171,TATACAP,NA,60,60,100.00
20,2172,TATACAPHSG,N4,260,251,96.54
20,2173,TATACAPHSG,N6,733,473,64.53
20,2174,TATACAPHSG,N8,46,46,100.00
20,2175,TATACAPHSG,NA,250,250,100.00
20,2176,TATACHEM,EQ,2492408,753768,30.24
20,2177,TATACOMM,EQ,601527,247263,41.11
20,2178,TATACONSUM,EQ,2006949,1041444,51.89
20,2179,TATAELXSI,EQ,98316,55196,56.14
20,2180,TATAGOLD,EQ,4969368,4411097,88.77
20,2181,TATAMOTORS,EQ,11575194,5074087,43.84
20,2182,TATAMTRDVR,EQ,1939707,1298021,66.92
20,2183,TATAPOWER,EQ,25430924,7748590,30.47
20,2184,TATASTEEL,EQ,55317636,18053950,32.64
20,2185,TATATECH,EQ,677949,422022,62.25
20,2186,TATSILV,EQ,1664689,1497069,89.93
20,2187,TATVA,EQ,16970,7330,43.19
20,2188,TBZ,EQ,211690,100657,47.55
20,2189,TCI,EQ,107388,53629,49.94
20,2190,TCIEXP,EQ,36025,16471,45.72
20,2191,TCL,SM,96000,75200,78.33
20,2192,TCNSBRANDS,EQ,101357,43665,43.08
20,2193,TCPLPACK,EQ,2152,1367,63.52
20,2194,TCS,EQ,4354821,2312553,53.10
20,2195,TDPOWERSYS,EQ,273254,132213,48.38
20,2196,TEAMLEASE,EQ,94676,65656,69.35
20,2197,TECH,EQ,91247,82809,90.75
20,2198,TECHLABS,SM,56000,52000,92.86
20,2199,TECHM,EQ,2887322,1775248,61.48
20,2200,TECHNOE,EQ,210411,117665,55.92
20,2201,TEGA,EQ,63386,31705,50.02
20,2202,TEJASNET,EQ,464988,186802,40.17
20,2203,TEMBO,EQ,41109,8736,21.25
20,2204,TEXINFRA,EQ,383061,246657,64.39
20,2205,TEXMOPIPES,EQ,127668,85583,67.04
20,2206,TEXRAIL,EQ,1474842,604354,40.98
20,2207,TFCILTD,EQ,1146184,711812,62.10
20,2208,TFL,EQ,98374,73715,74.93
20,2209,TGBHOTELS,EQ,107221,73206,68.28
20,2210,THANGAMAYL,EQ,21912,13817,63.06
20,2211,THEJO,EQ,13397,6800,50.76
20,2212,THEMISMED,EQ,45661,27694,60.65
20,2213,THERMAX,EQ,76568,51989,67.90
20,2214,THOMASCOOK,EQ,1003801,624450,62.21
20,2215,THYROCARE,EQ,56392,20465,36.29
20,2216,TI,EQ,1540875,636637,41.32
20,2217,TIDEWATER,EQ,32002,15828,49.46
20,2218,TIIL,EQ,8437,4697,55.67
20,2219,TIINDIA,EQ,102025,56729,55.60
20,2220,TIMETECHNO,EQ,982282,484845,49.36
20,2221,TIMKEN,EQ,62949,50134,79.64
20,2222,TIPSINDLTD,EQ,157799,99291,62.92
20,2223,TIRUMALCHM,EQ,2018061,733513,36.35
20,2224,TITAGARH,EQ,333441,157696,47.29
20,2225,TITAN,EQ,1910561,1033927,54.12
20,2226,TMB,EQ,41619,25013,60.10
20,2227,TNIDETF,EQ,60562,47581,78.57
20,2228,TNPETRO,EQ,399296,219591,54.99
20,2229,TNPL,EQ,146442,76259,52.07
20,2230,TOKYOPLAST,EQ,8772,5906,67.33
20,2231,TORNTPHARM,EQ,132838,62831,47.30
20,2232,TORNTPOWER,EQ,703440,262581,37.33
20,2233,TOTAL,EQ,8654,4602,53.18
20,2234,TOUCHWOOD,EQ,3860,1547,40.08
20,2235,TPLPLASTEH,EQ,468922,178814,38.13
20,2236,TRACXN,EQ,404109,187436,46.38
20,2237,TRANSTEEL,SM,102000,60000,58.82
20,2238,TRANSWIND,ST,4000,4000,100.00
20,2239,TREL,EQ,441441,211687,47.95
20,2240,TRENT,EQ,776121,394668,50.85
20,2241,TRIDENT,EQ,10772798,3724302,34.57
20,2242,TRIDHYA,SM,21000,21000,100.00
20,2243,TRIGYN,EQ,231547,97454,42.09
20,2244,TRITURBINE,EQ,1362609,395859,29.05
20,2245,TRIVENI,EQ,334596,187672,56.09
20,2246,TRU,EQ,749182,487265,65.04
20,2247,TRUST,ST,32400,32400,100.00
20,2248,TTKHLTCARE,EQ,5111,2867,56.09
20,2249,TTKPRESTIG,EQ,43810,20108,45.90
20,2250,TTL,EQ,18272,12687,69.43
20,2251,TTML,EQ,2371006,1239423,52.27
20,2252,TVSELECT,EQ,35565,11216,31.54
20,2253,TVSHLTD,EQ,3026,1866,61.67
20,2254,TVSMOTOR,EQ,770726,364703,47.32
20,2255,TVSSCS,EQ,1101544,414327,37.61
20,2256,TVSSRICHAK,EQ,23175,7362,31.77
20,2257,TVTODAY,EQ,70185,36525,52.04
20,2258,UBL,EQ,385699,199333,51.68
20,2259,UCAL,EQ,12615,8137,64.50
20,2260,UCOBANK,EQ,8541579,2793061,32.70
20,2261,UDS,EQ,229352,131617,57.39
20,2262,UFLEX,EQ,33620,16919,50.32
20,2263,UFO,EQ,134892,90269,66.92
20,2264,UGARSUGAR,EQ,220394,129989,58.98
20,2265,UGROCAP,EQ,184638,78946,42.76
20,2266,UGROCAP,N3,128,128,100.00
20,2267,UGROCAP,N7,153,153,100.00
20,2268,UGROCAP,NA,110,110,100.00
20,2269,UGROCAP,NB,30,30,100.00
20,2270,UJJIVAN,EQ,250267,130497,52.14
20,2271,UJJIVANSFB,EQ,4697411,2769279,58.95
20,2272,ULTRACEMCO,EQ,440963,220879,50.09
20,2273,UMA,SM,20000,16000,80.00
20,2274,UMANGDAIRY,EQ,40300,16715,41.48
20,2275,UNICHEMLAB,EQ,25405,6824,26.86
20,2276,UNIDT,EQ,14555,8121,55.80
20,2277,UNIENTER,EQ,23217,10975,47.27
20,2278,UNIHEALTH,SM,5000,5000,100.00
20,2279,UNIONBANK,EQ,16088871,8868120,55.12
20,2280,UNIPARTS,EQ,67944,39805,58.59
20,2281,UNITEDPOLY,EQ,10451,6455,61.76
20,2282,UNITEDTEA,EQ,1090,668,61.28
20,2283,UNIVASTU,EQ,21448,11487,53.56
20,2284,UNIVCABLES,EQ,20381,11448,56.17
20,2285,UNIVPHOTO,EQ,709,462,65.16
20,2286,UNOMINDA,EQ,458931,155559,33.90
20,2287,UPL,EQ,5337775,2535762,47.51
20,2288,URAVI,EQ,5848,3703,63.32
20,2289,URBAN,SM,13200,10800,81.82
20,2290,USHAMART,EQ,2764283,1831204,66.25
20,2291,UTIAMC,EQ,114787,62276,54.25
20,2292,UTIBANKETF,EQ,49558,37635,75.94
20,2293,UTINEXT50,EQ,63726,49705,78.00
20,2294,UTINIFTETF,EQ,295357,264465,89.54
20,2295,UTISENSETF,EQ,706,639,90.51
20,2296,UTISXN50,EQ,2986,1720,57.60
20,2297,UTKARSHBNK,EQ,3061002,1495119,48.84
20,2298,UTTAMSUGAR,EQ,51590,24123,46.76
20,2299,VADILALIND,EQ,22984,9059,39.41
20,2300,VAIBHAVGBL,EQ,286352,174318,60.88
20,2301,VAISHALI,EQ,75420,45556,60.40
20,2302,VAKRANGEE,EQ,41690562,8675844,20.81
20,2303,VALIANTLAB,EQ,124672,36426,29.22
20,2304,VALIANTORG,EQ,66205,23663,35.74
20,2305,VARDHACRLC,EQ,125558,33448,26.64
20,2306,VARROC,EQ,316318,147270,46.56
20,2307,VASA,ST,4000,4000,100.00
20,2308,VASCONEQ,EQ,1335144,521503,39.06
20,2309,VBL,EQ,3100705,2220007,71.60
20,2310,VEDL,EQ,39995547,10915946,27.29
20,2311,VEEKAYEM,ST,2000,2000,100.00
20,2312,VENKEYS,EQ,17021,5086,29.88
20,2313,VENUSPIPES,EQ,34001,15662,46.06
20,2314,VENUSREM,EQ,23392,13457,57.53
20,2315,VERANDA,EQ,77782,46671,60.00
20,2316,VERTEXPLUS,SM,3600,3000,83.33
20,2317,VESUVIUS,EQ,65728,30481,46.37
20,2318,VETO,EQ,111049,60434,54.42
20,2319,VGUARD,EQ,308319,171211,55.53
20,2320,VHL,EQ,775,524,67.61
20,2321,VIAZ,SM,6000,6000,100.00
20,2322,VIDHIING,EQ,29210,16773,57.42
20,2323,VIJAYA,EQ,141339,72130,51.03
20,2324,VIKASECO,EQ,7449213,3523663,47.30
20,2325,VIMTALABS,EQ,14440,7806,54.06
20,2326,VINATIORGA,EQ,445440,262338,58.89
20,2327,VINDHYATEL,EQ,9746,6498,66.67
20,2328,VINSYS,SM,32000,23500,73.44
20,2329,VINYAS,SM,9600,8000,83.33
20,2330,VINYLINDIA,EQ,33400,17696,52.98
20,2331,VIPCLOTHNG,EQ,141705,60499,42.69
20,2332,VIPIND,EQ,387490,180777,46.65
20,2333,VIRINCHI,EQ,965613,527862,54.67
20,2334,VISAKAIND,EQ,164598,114039,69.28
20,2335,VISHNU,EQ,108100,69794,64.56
20,2336,VISHNUINFR,SM,6000,6000,100.00
20,2337,VISHWARAJ,EQ,857405,426306,49.72
20,2338,VISHWAS,ST,89600,80000,89.29
20,2339,VITAL,SM,13200,8400,63.64
20,2340,VIVIANA,ST,2000,2000,100.00
20,2341,VLSFINANCE,EQ,68771,39321,57.18
20,2342,VMARCIND,SM,116000,80000,68.97
20,2343,VMART,EQ,7769,2578,33.18
20,2344,VOLTAMP,EQ,19186,11506,59.97
20,2345,VOLTAS,EQ,2271423,1146764,50.49
20,2346,VPRPL,EQ,313692,182456,58.16
20,2347,VR,SM,4800,3200,66.67
20,2348,VRLLOG,EQ,113177,77352,68.35
20,2349,VSCL,SM,6000,6000,100.00
20,2350,VSSL,EQ,89938,45496,50.59
20,2351,VSTIND,EQ,64844,56164,86.61
20,2352,VSTL,EQ,145366,108549,74.67
20,2353,VSTTILLERS,EQ,22724,18457,81.22
20,2354,VTL,EQ,340511,178269,52.35
20,2355,WABAG,EQ,221872,125919,56.75
20,2356,WALPAR,ST,2000,2000,100.00
20,2357,WANBURY,EQ,187627,139746,74.48
20,2358,WEALTH,EQ,5600,2826,50.46
20,2359,WEIZMANIND,EQ,16282,8338,51.21
20,2360,WEL,EQ,10596,9198,86.81
20,2361,WELCORP,EQ,386499,192621,49.84
20,2362,WELENT,EQ,296096,157912,53.33
20,2363,WELINV,EQ,101,58,57.43
20,2364,WELSPUNLIV,EQ,872880,346586,39.71
20,2365,WENDT,EQ,322,197,61.18
20,2366,WESTLIFE,EQ,306421,247461,80.76
20,2367,WEWIN,EQ,65684,33188,50.53
20,2368,WHEELS,EQ,61552,34125,55.44
20,2369,WHIRLPOOL,EQ,106205,63299,59.60
20,2370,WILLAMAGOR,EQ,4063,2816,69.31
20,2371,WINDLAS,EQ,54614,32039,58.66
20,2372,WINDMACHIN,EQ,387615,197341,50.91
20,2373,WIPRO,EQ,6585023,2205682,33.50
20,2374,WOMANCART,SM,20800,20800,100.00
20,2375,WONDERLA,EQ,58542,28797,49.19
20,2376,WORTH,EQ,20948,15699,74.94
20,2377,WSI,EQ,195400,125702,64.33
20,2378,WSTCSTPAPR,EQ,126313,71731,56.79
20,2379,WTICAB,SM,223000,166000,74.44
20,2380,XCHANGING,EQ,260492,149180,57.27
20,2381,XPROINDIA,EQ,11638,6444,55.37
20,2382,YASHO,EQ,42308,12584,29.74
20,2383,YASHOPTICS,ST,412800,390400,94.57
20,2384,YATHARTH,EQ,172750,104591,60.54
20,2385,YATRA,EQ,90647,53824,59.38
20,2386,YCCL,SM,3000,3000,100.00
20,2387,YESBANK,EQ,171088857,48992516,28.64
20,2388,YUDIZ,SM,24800,22400,90.32
20,2389,YUKEN,EQ,174595,53972,30.91
20,2390,ZAGGLE,EQ,1937241,926309,47.82
20,2391,ZEAL,SM,4800,4200,87.50
20,2392,ZEEL,EQ,6936935,3176397,45.79
20,2393,ZEEMEDIA,EQ,7047786,2550457,36.19
20,2394,ZENITHDRUG,SM,70400,44800,63.64
20,2395,ZENITHEXPO,EQ,965,555,57.51
20,2396,ZENITHSTL,EQ,216783,159660,73.65
20,2397,ZENSARTECH,EQ,576272,223268,38.74
20,2398,ZENTEC,EQ,98342,61745,62.79
20,2399,ZFCVINDIA,EQ,51982,48944,94.16
20,2400,ZIMLAB,EQ,149854,94140,62.82
20,2401,ZODIACLOTH,EQ,28311,12407,43.82
20,2402,ZOMATO,EQ,56543869,34505975,61.03
20,2403,ZOTA,EQ,41655,18836,45.22
20,2404,ZUARI,EQ,514179,193060,37.55
20,2405,ZUARIIND,EQ,460091,266382,57.90
20,2406,ZYDUSLIFE,EQ,1325629,666039,50.24
20,2407,ZYDUSWELL,EQ,38832,29487,75.93
