Security Wise Delivery Position - Compulsory Rolling Settlement
10,MTO,23072024,2435138858,0002514
Trade Date <23-JUL-2024>,Settlement Type <N>
Record Type,Sr No,Name of Security,Quantity Traded,Deliverable Quantity(gross across client level),% of Deliverable Quantity to Traded Quantity
20,1,1003ISFL28,N4,190,190,100.00
20,2,1015ECL29,NR,207,202,97.58
20,3,1018GS2026,GS,102,52,50.98
20,4,1025IHF34,Z8,81,81,100.00
20,5,1025UCL25,N8,7,7,100.00
20,6,1049DLSL25,NX,1,1,100.00
20,7,1050NFL26,N7,147,147,100.00
20,8,1050UCL25,N7,106,106,100.00
20,9,1060ECL29,NS,150,150,100.00
20,10,1075IHF33A,N2,105,105,100.00
20,11,1075UCL25,N9,154,100,64.94
20,12,10CAGL27,N5,13,13,100.00
20,13,10IIFL28,N4,394,377,95.69
20,14,10IIFL28A,NE,323,323,100.00
20,15,10NFL25,N9,4,2,50.00
20,16,10NIDO26,N6,450,450,100.00
20,17,1102NFL26,N8,30,30,100.00
20,18,11UCL26,NC,331,331,100.00
20,19,182D010824,TB,2500,2500,100.00
20,20,182D011124,TB,100,100,100.00
20,21,182D071124,TB,3100,3100,100.00
20,22,182D080824,TB,800,800,100.00
20,23,182D111024,TB,300,300,100.00
20,24,182D120924,TB,1300,1300,100.00
20,25,182D141124,TB,1000,1000,100.00
20,26,182D170125,TB,100,100,100.00
20,27,182D181024,TB,100,100,100.00
20,28,182D290824,TB,500,500,100.00
20,29,20MICRONS,EQ,1686171,372290,22.08
20,30,360ONE,EQ,321889,197213,61.27
20,31,364D020525,TB,700,700,100.00
20,32,364D030725,TB,3000,3000,100.00
20,33,364D100725,TB,3000,3000,100.00
20,34,364D120625,TB,8700,8700,100.00
20,35,364D200225,TB,3000,3000,100.00
20,36,364D270924,TB,100,100,100.00
20,37,364D290824,TB,4900,4900,100.00
20,38,3IINFOLTD,EQ,881531,364758,41.38
20,39,3MINDIA,EQ,4949,1686,34.07
20,40,3PLAND,EQ,49689,19152,38.54
20,41,522GS2025,GS,200,200,100.00
20,42,585GS2030,GS,1000,1000,100.00
20,43,5PAISA,EQ,208837,100577,48.16
20,44,610GS2031,GS,1209,1201,99.34
20,45,63MOONS,EQ,103421,61162,59.14
20,46,654GS2032,GS,5001,5001,100.00
20,47,667GS2050,GS,1206,1206,100.00
20,48,689GS2025,GS,10,10,100.00
20,49,699GS2026,GS,7000,7000,100.00
20,50,699GS2051,GS,939,939,100.00
20,51,702GS2027,GS,4161,4161,100.00
20,52,702GS2031,GS,6400,6400,100.00
20,53,706GS2028,GS,8500,8500,100.00
20,54,710GS2029,GS,31336,30700,97.97
20,55,716GS2050,GS,5,5,100.00
20,56,717GS2030,GS,6000,6000,100.00
20,57,718GS2033,GS,1651,1651,100.00
20,58,719HUDCO28,N7,1,1,100.00
20,59,71GS2034,GS,6200,6200,100.00
20,60,723GS2039,GS,10,10,100.00
20,61,725GS2063,GS,10683,10683,100.00
20,62,726GS2032,GS,67500,67500,100.00
20,63,726GS2033,GS,5,5,100.00
20,64,729NHAI26,NC,10,10,100.00
20,65,732IRFC25,NI,398,396,99.50
20,66,733GS2026,GS,1950,1950,100.00
20,67,734GS2064,GS,13552,13551,99.99
20,68,737GS2028,GS,201,201,100.00
20,69,738GS2027,GS,79267,79267,100.00
20,70,738REC27TF,N2,5,5,100.00
20,71,739NHAI26,N8,92,92,100.00
20,72,739NHAI31A,ND,40,40,100.00
20,73,73GS2053,GS,10516,10516,100.00
20,74,741GS2036,GS,35005,35004,100.00
20,75,743REC35,NH,57,57,100.00
20,76,746GS2073,GS,100,100,100.00
20,77,74GS2035,GS,100,100,100.00
20,78,753IRFC30,NJ,1,1,100.00
20,79,754GS2036,GS,252363,206710,81.91
20,80,760PFCL35,N3,239,239,100.00
20,81,764HUDCO31,N8,301,301,100.00
20,82,764IRFC31,NO,2517,1901,75.53
20,83,764NABAR31,N2,1850,1750,94.59
20,84,765UP34,SG,100,100,100.00
20,85,769HUDCO31,N9,371,370,99.73
20,86,769NHAI31,NE,2666,1814,68.04
20,87,76IGT26,ND,295,295,100.00
20,88,76NHAI31,NA,1690,1290,76.33
20,89,772GS2049,GS,72,72,100.00
20,90,774IREDA31,N7,422,345,81.75
20,91,774TS35,SG,100,100,100.00
20,92,77GA33A,SG,100,100,100.00
20,93,77MH33A,SG,200,200,100.00
20,94,78ABFL33,N4,29,29,100.00
20,95,797IGT31,NL,201,201,100.00
20,96,79NHIT35,N1,150,150,100.00
20,97,79NHIT40,N2,346,346,100.00
20,98,79NHIT47,N3,27,27,100.00
20,99,801TCH25,N4,72,72,100.00
20,100,812REC27,NI,600,600,100.00
20,101,81ABFL33,N5,10,10,100.00
20,102,81TCHF28,N8,140,140,100.00
20,103,820IIFL27,N9,201,201,100.00
20,104,824GS2027,GS,899,899,100.00
20,105,829LTF24,NL,4,4,100.00
20,106,82HUDCO27,N2,274,274,100.00
20,107,82IGT31,NJ,245,215,87.76
20,108,82IHFL24,NO,65,65,100.00
20,109,830NHAI27,N2,498,498,100.00
20,110,830PFCL27,N5,7,7,100.00
20,111,832GS2032,GS,269,269,100.00
20,112,837REC33,N7,11,11,100.00
20,113,840CIFCL28,N4,300,300,100.00
20,114,842IIFL26,NL,300,300,100.00
20,115,843IHFL29,NC,26,26,100.00
20,116,846REC28,N6,14,14,100.00
20,117,849NTPC25,N7,32608,32593,99.95
20,118,850CIFCL26,NE,1,1,100.00
20,119,850IIFL27,NA,6,6,100.00
20,120,85IIFL24,NJ,162,162,100.00
20,121,85TCAPS24,N6,98,98,100.00
20,122,860CIFCL28,NG,150,150,100.00
20,123,865IFL28,NZ,324,324,100.00
20,124,865IIFL28,NS,1191,1176,98.74
20,125,865IRFC29,NA,237,205,86.50
20,126,865LTF26,NN,200,150,75.00
20,127,865TCAPS27,N8,32,32,100.00
20,128,86LTF24,NJ,485,485,100.00
20,129,871REC28,N9,1260,1260,100.00
20,130,873NTPC28,N5,1,1,100.00
20,131,875IHFL26,NQ,19,19,100.00
20,132,875NHAI29,N6,741,483,65.18
20,133,875SFL27,ZF,115,115,100.00
20,134,876HUDCO28,ND,200,200,100.00
20,135,880IREDA34,N6,100,100,100.00
20,136,883GS2041,GS,100,100,100.00
20,137,885MOFSL26,N0,205,205,100.00
20,138,885TCAPS29,NC,80,0,0.00
20,139,888ERFL28,N5,50,50,100.00
20,140,888REC29,NF,83,83,100.00
20,141,889IHFL27,YC,8,8,100.00
20,142,890ICCL23A,NZ,186,113,60.75
20,143,891IIFCL34,N4,3,3,100.00
20,144,891NTPC33,N6,11,11,100.00
20,145,892NHPC33,N6,159,159,100.00
20,146,892PFCL33,N8,564,550,97.52
20,147,893NHB29,N6,19,19,100.00
20,148,894IHFL25,Z3,5,5,100.00
20,149,897MOFSL29,N4,30,30,100.00
20,150,901HUDCO34,NE,16,16,100.00
20,151,901NHB34,N6,22,22,100.00
20,152,903SFL28,YI,108,108,100.00
20,153,905IH24B,Z9,221,221,100.00
20,154,905LTF27,NF,324,324,100.00
20,155,915IBHFL26,NE,150,150,100.00
20,156,916IHFL25,ZW,4,4,100.00
20,157,91D031024,TB,2100,2100,100.00
20,158,91D050924,TB,500,500,100.00
20,159,91D080824,TB,1400,1300,92.86
20,160,91D101024,TB,21800,21800,100.00
20,161,91D120924,TB,3500,3500,100.00
20,162,91D150824,TB,100,100,100.00
20,163,91D181024,TB,5000,5000,100.00
20,164,91D190924,TB,1200,1200,100.00
20,165,91D230824,TB,1000,1000,100.00
20,166,91D260924,TB,1400,1400,100.00
20,167,920IIFLS26,N8,167,157,94.01
20,168,920PEL28,N2,583,433,74.27
20,169,921ISFL25,N0,238,150,63.03
20,170,925CAGL26,N9,99,99,100.00
20,171,925ERFL28,N6,184,184,100.00
20,172,925IHFL25,N5,100,100,100.00
20,173,92GS2030,GS,92,92,100.00
20,174,930SFL28,YP,370,225,60.81
20,175,931SFL26,Z5,200,200,100.00
20,176,935MOFSL29,N5,400,400,100.00
20,177,935PEL33,N3,20,10,50.00
20,178,93IHFL24A,ZN,3,3,100.00
20,179,943ECL28,NJ,878,878,100.00
20,180,945IFSL25,N4,4,3,75.00
20,181,948IHFL26I,AX,12,6,50.00
20,182,94IFCI25,NL,125,125,100.00
20,183,94SFL28,YL,1764,1664,94.33
20,184,957NIDO26,N5,48,48,100.00
20,185,960IIFLS26,N9,60,60,100.00
20,186,960ISFL25,N1,23,16,69.57
20,187,965IHFL25E,BF,3,3,100.00
20,188,965IHFL26,YO,100,100,100.00
20,189,965IHFL26A,ZB,28,28,100.00
20,190,96IIFL28,N5,3055,2805,91.82
20,191,96IIFL28A,NF,484,481,99.38
20,192,96SFL24,Z8,55,55,100.00
20,193,975NFL25,N0,151,151,100.00
20,194,97MOFSL34,N7,40,40,100.00
20,195,97SFL26,Z9,200,100,50.00
20,196,97SFL29,YZ,6,6,100.00
20,197,985ECL28,NK,857,708,82.61
20,198,985ICCL28,NO,45,45,100.00
20,199,985IIFL22,NC,60,60,100.00
20,200,990IHFL26A,NL,10,10,100.00
20,201,99IFCI24,NH,2,2,100.00
20,202,9IHFL25,Y5,50,50,100.00
20,203,9IIFL28,Y0,50,50,100.00
20,204,9MMFSML,N2,343,343,100.00
20,205,9SFL25A,ZH,99,99,100.00
20,206,AAATECH,EQ,26158,19058,72.86
20,207,AADHARHFC,EQ,2633081,1108906,42.11
20,208,AAREYDRUGS,EQ,24524,9828,40.08
20,209,AARON,EQ,5275,3730,70.71
20,210,AARTIDRUGS,EQ,130245,46159,35.44
20,211,AARTIIND,EQ,1418925,314220,22.14
20,212,AARTIPHARM,EQ,125723,57135,45.45
20,213,AARTISURF,EQ,35347,17024,48.16
20,214,AARTISURF,P1,182,170,93.41
20,215,AARVEEDEN,EQ,230613,123972,53.76
20,216,AARVI,EQ,15086,9056,60.03
20,217,AATMAJ,SM,12000,12000,100.00
20,218,AAVAS,EQ,385810,129182,33.48
20,219,ABB,EQ,714300,271514,38.01
20,220,ABBOTINDIA,EQ,8840,2496,28.24
20,221,ABCAPITAL,EQ,3828665,1304602,34.07
20,222,ABCOTS,SM,1000,500,50.00
20,223,ABDL,EQ,3981710,1699480,42.68
20,224,ABFRL,EQ,5239159,2074217,39.59
20,225,ABGSEC,EQ,333,220,66.07
20,226,ABSLAMC,EQ,358142,178168,49.75
20,227,ABSLBANETF,EQ,20038,13334,66.54
20,228,ABSLLIQUID,EQ,2320,1237,53.32
20,229,ABSLNN50ET,EQ,85779,49684,57.92
20,230,ABSLPSE,EQ,1794717,708394,39.47
20,231,ABSMARINE,SM,135000,72000,53.33
20,232,ACC,EQ,681428,275178,40.38
20,233,ACCELYA,EQ,24739,10436,42.18
20,234,ACCENTMIC,SM,23500,18500,78.72
20,235,ACCORD,SM,2000,2000,100.00
20,236,ACE,EQ,317670,111165,34.99
20,237,ACEINTEG,EQ,4954,1488,30.04
20,238,ACI,EQ,590934,198431,33.58
20,239,ACL,EQ,302317,191924,63.48
20,240,ACLGATI,EQ,670164,266614,39.78
20,241,ACSAL,SM,117000,69000,58.97
20,242,ADANIENSOL,EQ,1423981,439351,30.85
20,243,ADANIENT,EQ,1443331,264132,18.30
20,244,ADANIGREEN,EQ,2181097,330926,15.17
20,245,ADANIPORTS,EQ,5987213,2130588,35.59
20,246,ADANIPOWER,EQ,10069127,1662665,16.51
20,247,ADFFOODS,EQ,261836,100131,38.24
20,248,ADL,EQ,3295,1942,58.94
20,249,ADORWELD,EQ,16913,9633,56.96
20,250,ADROITINFO,EQ,19428,15731,80.97
20,251,ADSL,EQ,680435,312079,45.86
20,252,ADVANIHOTR,EQ,169692,76896,45.32
20,253,ADVENZYMES,EQ,209829,100642,47.96
20,254,AEGISLOG,EQ,292090,172214,58.96
20,255,AEROFLEX,EQ,535773,198949,37.13
20,256,AETHER,EQ,51801,27159,52.43
20,257,AFFLE,EQ,485339,210314,43.33
20,258,AFIL,EQ,1216862,334616,27.50
20,259,AGARIND,EQ,69747,29713,42.60
20,260,AGARWALFT,ST,6000,6000,100.00
20,261,AGI,EQ,207516,108511,52.29
20,262,AGIIL,EQ,556,388,69.78
20,263,AGNI,SM,37500,27500,73.33
20,264,AGRITECH,EQ,858988,309711,36.06
20,265,AGROPHOS,EQ,254389,106172,41.74
20,266,AGSTRA,EQ,1179344,711341,60.32
20,267,AGUL,SM,2000,2000,100.00
20,268,AHL,EQ,104210,35116,33.70
20,269,AHLEAST,EQ,19928,11011,55.25
20,270,AHLUCONT,EQ,167684,50639,30.20
20,271,AIAENG,EQ,59654,27700,46.43
20,272,AIIL,EQ,34143,13161,38.55
20,273,AIMTRON,ST,126400,106400,84.18
20,274,AIRAN,EQ,489616,202844,41.43
20,275,AIROLAM,EQ,10201,6069,59.49
20,276,AIRTELPP,E1,225924,174911,77.42
20,277,AJANTPHARM,EQ,128311,57177,44.56
20,278,AJMERA,EQ,116981,22372,19.12
20,279,AJOONI,EQ,1924890,1196581,62.16
20,280,AKANKSHA,ST,222000,194000,87.39
20,281,AKASH,EQ,33274,16176,48.61
20,282,AKG,EQ,207057,138771,67.02
20,283,AKI,EQ,39935,26712,66.89
20,284,AKIKO,SM,51200,36800,71.88
20,285,AKSHAR,EQ,810468,692456,85.44
20,286,AKSHARCHEM,EQ,23871,15316,64.16
20,287,AKSHOPTFBR,EQ,243560,160274,65.80
20,288,AKZOINDIA,EQ,8205,4175,50.88
20,289,ALANKIT,EQ,2386551,902250,37.81
20,290,ALBERTDAVD,EQ,8058,3348,41.55
20,291,ALEMBICLTD,EQ,1708967,506478,29.64
20,292,ALICON,EQ,21892,8098,36.99
20,293,ALKALI,EQ,118598,33718,28.43
20,294,ALKEM,EQ,109499,52731,48.16
20,295,ALKYLAMINE,EQ,41028,19162,46.70
20,296,ALLCARGO,EQ,2438321,770067,31.58
20,297,ALLETEC,SM,263600,144400,54.78
20,298,ALLSEC,EQ,40529,23157,57.14
20,299,ALMONDZ,EQ,888185,565190,63.63
20,300,ALOKINDS,EQ,8903777,3262225,36.64
20,301,ALPA,EQ,32407,12836,39.61
20,302,ALPEXSOLAR,ST,104400,85200,81.61
20,303,ALPHA,EQ,1978756,1330236,67.23
20,304,ALPHAETF,EQ,1773930,1288525,72.64
20,305,ALPL30IETF,EQ,2455202,1749376,71.25
20,306,ALUWIND,ST,24000,21000,87.50
20,307,AMBANIORG,SM,4000,4000,100.00
20,308,AMBER,EQ,109152,44918,41.15
20,309,AMBEY,ST,138000,136000,98.55
20,310,AMBICAAGAR,EQ,15835,9255,58.45
20,311,AMBIKCO,EQ,51021,20004,39.21
20,312,AMBUJACEM,EQ,4681258,2470174,52.77
20,313,AMDIND,EQ,49231,23516,47.77
20,314,AMEYA,SM,60000,56000,93.33
20,315,AMIORG,EQ,143386,63924,44.58
20,316,AMNPLST,EQ,38241,16079,42.05
20,317,AMRUTANJAN,EQ,39395,20369,51.70
20,318,ANANDRATHI,EQ,56899,35236,61.93
20,319,ANANTRAJ,EQ,3325756,821298,24.70
20,320,ANDHRAPAP,EQ,211865,98539,46.51
20,321,ANDHRSUGAR,EQ,903148,172175,19.06
20,322,ANGELONE,EQ,3117016,925894,29.70
20,323,ANIKINDS,EQ,48533,34701,71.50
20,324,ANLON,ST,6000,6000,100.00
20,325,ANNAPURNA,SM,67000,46500,69.40
20,326,ANTGRAPHIC,EQ,686794,385639,56.15
20,327,ANUP,EQ,22911,9055,39.52
20,328,ANURAS,EQ,439109,224994,51.24
20,329,APARINDS,EQ,122087,29331,24.02
20,330,APCL,EQ,15743,8434,53.57
20,331,APCOTEXIND,EQ,23140,8964,38.74
20,332,APEX,EQ,2972864,595637,20.04
20,333,APLAPOLLO,EQ,330914,177667,53.69
20,334,APLLTD,EQ,358342,108874,30.38
20,335,APOLLO,EQ,2678812,1185375,44.25
20,336,APOLLOHOSP,EQ,284679,118037,41.46
20,337,APOLLOPIPE,EQ,55905,27279,48.80
20,338,APOLLOTYRE,EQ,2977480,1226440,41.19
20,339,APOLSINHOT,EQ,2304,1184,51.39
20,340,APS,ST,53000,39500,74.53
20,341,APTECHT,EQ,1109949,469442,42.29
20,342,APTUS,EQ,2094617,565929,27.02
20,343,ARABIAN,SM,22000,18000,81.82
20,344,ARCHIES,EQ,48485,32514,67.06
20,345,ARE&M,EQ,1340455,604450,45.09
20,346,ARENTERP,EQ,5224,3963,75.86
20,347,ARHAM,SM,10000,9000,90.00
20,348,ARIES,EQ,380301,112550,29.59
20,349,ARIHANTACA,SM,8000,1600,20.00
20,350,ARIHANTCAP,EQ,1049003,468005,44.61
20,351,ARIHANTSUP,EQ,60284,19115,31.71
20,352,ARISTO,SM,12800,12800,100.00
20,353,ARMANFIN,EQ,28389,17224,60.67
20,354,AROGRANITE,EQ,40855,27433,67.15
20,355,ARROWGREEN,EQ,164619,94031,57.12
20,356,ARTEMISMED,EQ,289653,162004,55.93
20,357,ARTNIRMAN,EQ,39969,13392,33.51
20,358,ARVIND,EQ,315664,101910,32.28
20,359,ARVINDFASN,EQ,500412,238179,47.60
20,360,ARVSMART,EQ,76604,36817,48.06
20,361,ASAHIINDIA,EQ,1999669,322679,16.14
20,362,ASAHISONG,EQ,17397,7312,42.03
20,363,ASAL,EQ,75445,24507,32.48
20,364,ASALCBR,EQ,68161,26863,39.41
20,365,ASCOM,ST,1000,1000,100.00
20,366,ASHAPURMIN,EQ,165892,77594,46.77
20,367,ASHIANA,EQ,175507,41764,23.80
20,368,ASHIMASYN,EQ,1187438,469785,39.56
20,369,ASHOKA,EQ,4118336,1282784,31.15
20,370,ASHOKAMET,EQ,150293,84733,56.38
20,371,ASHOKLEY,EQ,18414004,8524000,46.29
20,372,ASIANENE,EQ,148382,70819,47.73
20,373,ASIANHOTNR,EQ,33494,27010,80.64
20,374,ASIANPAINT,EQ,1906312,1243191,65.21
20,375,ASIANTILES,EQ,1674430,715127,42.71
20,376,ASKAUTOLTD,EQ,253779,119773,47.20
20,377,ASMS,EQ,2834566,1057072,37.29
20,378,ASPINWALL,EQ,7255,3541,48.81
20,379,ASPIRE,SM,54000,48000,88.89
20,380,ASTEC,EQ,91119,45135,49.53
20,381,ASTERDM,EQ,748947,355910,47.52
20,382,ASTRAL,EQ,413108,167514,40.55
20,383,ASTRAMICRO,EQ,532664,271527,50.98
20,384,ASTRAZEN,EQ,354543,29160,8.22
20,385,ATAM,EQ,83286,59136,71.00
20,386,ATFL,EQ,147382,65451,44.41
20,387,ATGL,EQ,3570564,1646466,46.11
20,388,ATL,EQ,572276,250542,43.78
20,389,ATMASTCO,ST,69600,57600,82.76
20,390,ATUL,EQ,111431,34680,31.12
20,391,AUBANK,EQ,2321050,1278985,55.10
20,392,AURDIS,SM,5500,3500,63.64
20,393,AURIONPRO,EQ,71605,43588,60.87
20,394,AUROIMPEX,SM,40000,36800,92.00
20,395,AUROPHARMA,EQ,650569,220484,33.89
20,396,AURUM,EQ,127329,78704,61.81
20,397,AURUMPP1,E1,1156,952,82.35
20,398,AUTOAXLES,EQ,23443,16242,69.28
20,399,AUTOBEES,EQ,196713,89603,45.55
20,400,AUTOIETF,EQ,785110,253317,32.27
20,401,AUTOIND,EQ,146291,61546,42.07
20,402,AVADHSUGAR,EQ,128274,53350,41.59
20,403,AVALON,EQ,78243,37844,48.37
20,404,AVANTIFEED,EQ,9660457,1573833,16.29
20,405,AVG,EQ,43155,17481,40.51
20,406,AVPINFRA,SM,219200,123200,56.20
20,407,AVROIND,EQ,46593,25726,55.21
20,408,AVTNPL,EQ,190202,64802,34.07
20,409,AWFIS,EQ,202176,67863,33.57
20,410,AWHCL,EQ,3194611,440643,13.79
20,411,AWL,EQ,1651906,459747,27.83
20,412,AXISBANK,EQ,8789327,3519521,40.04
20,413,AXISBNKETF,EQ,2770,2546,91.91
20,414,AXISBPSETF,EQ,22603,15463,68.41
20,415,AXISCADES,EQ,265621,87514,32.95
20,416,AXISCETF,EQ,9936,8663,87.19
20,417,AXISGOLD,EQ,289693,217486,75.07
20,418,AXISHCETF,EQ,4028,2865,71.13
20,419,AXISILVER,EQ,51698,47636,92.14
20,420,AXISNIFTY,EQ,5352,4727,88.32
20,421,AXISTECETF,EQ,2249,1201,53.40
20,422,AXITA,EQ,29147551,6945123,23.83
20,423,AXSENSEX,EQ,2183,923,42.28
20,424,AYMSYNTEX,EQ,64427,28344,43.99
20,425,AZAD,EQ,184729,114534,62.00
20,426,BABAFP,SM,30400,24000,78.95
20,427,BAHETI,SM,12750,9000,70.59
20,428,BAIDFIN,EQ,1967957,606211,30.80
20,429,BAJAJ-AUTO,EQ,431989,183139,42.39
20,430,BAJAJCON,EQ,621784,255302,41.06
20,431,BAJAJELEC,EQ,53385,28658,53.68
20,432,BAJAJFINSV,EQ,2718846,1256131,46.20
20,433,BAJAJHCARE,EQ,257036,101755,39.59
20,434,BAJAJHIND,EQ,21390491,5956316,27.85
20,435,BAJAJHLDNG,EQ,31007,10197,32.89
20,436,BAJEL,EQ,562918,232046,41.22
20,437,BAJFINANCE,EQ,1932212,775268,40.12
20,438,BALAJITELE,EQ,331037,139358,42.10
20,439,BALAMINES,EQ,73858,28709,38.87
20,440,BALAXI,EQ,16025,11422,71.28
20,441,BALKRISHNA,EQ,44303,30172,68.10
20,442,BALKRISIND,EQ,391870,262005,66.86
20,443,BALMLAWRIE,EQ,665475,238553,35.85
20,444,BALPHARMA,EQ,20238,13124,64.85
20,445,BALRAMCHIN,EQ,1730145,480503,27.77
20,446,BALUFORGE,EQ,809147,312321,38.60
20,447,BANARBEADS,EQ,23031,6372,27.67
20,448,BANARISUG,EQ,5288,2390,45.20
20,449,BANCOINDIA,EQ,114501,44688,39.03
20,450,BANDHANBNK,EQ,10847273,2262102,20.85
20,451,BANG,EQ,16592,8378,50.49
20,452,BANKBARODA,EQ,9028466,2725750,30.19
20,453,BANKBEES,EQ,1435118,703903,49.05
20,454,BANKBETF,EQ,30360,27749,91.40
20,455,BANKETF,EQ,2925,2385,81.54
20,456,BANKETFADD,EQ,37828,36638,96.85
20,457,BANKIETF,EQ,267877,165400,61.74
20,458,BANKINDIA,EQ,7691292,2645223,34.39
20,459,BANKNIFTY1,EQ,75629,50992,67.42
20,460,BANSALWIRE,EQ,581534,300628,51.70
20,461,BANSWRAS,EQ,153589,78731,51.26
20,462,BARBEQUE,EQ,66003,36580,55.42
20,463,BASF,EQ,25758,8747,33.96
20,464,BASILIC,ST,48300,39600,81.99
20,465,BASML,EQ,360372,189284,52.52
20,466,BATAINDIA,EQ,601011,245747,40.89
20,467,BAWEJA,SM,56800,36000,63.38
20,468,BAYERCROP,EQ,77781,60058,77.21
20,469,BBETF0432,EQ,5509,5289,96.01
20,470,BBL,EQ,56910,30432,53.47
20,471,BBNPNBETF,EQ,9991,7440,74.47
20,472,BBNPPGOLD,EQ,1561,1161,74.38
20,473,BBTC,EQ,113543,39970,35.20
20,474,BBTCL,EQ,2870,2292,79.86
20,475,BCLIND,EQ,20180434,4378340,21.70
20,476,BCONCEPTS,EQ,24673,12506,50.69
20,477,BDL,EQ,3116965,902227,28.95
20,478,BEACON,SM,98000,56000,57.14
20,479,BEARDSELL,EQ,264447,162617,61.49
20,480,BECTORFOOD,EQ,216608,157446,72.69
20,481,BEDMUTHA,EQ,7497,5517,73.59
20,482,BEL,EQ,76513131,24002588,31.37
20,483,BEML,EQ,624592,113423,18.16
20,484,BEPL,EQ,1629827,826146,50.69
20,485,BERGEPAINT,EQ,1235313,652596,52.83
20,486,BESTAGRO,EQ,147011,67916,46.20
20,487,BETA,SM,9300,6600,70.97
20,488,BEWLTD,SM,2250,1750,77.78
20,489,BFINVEST,EQ,123678,25909,20.95
20,490,BFSI,EQ,441532,348537,78.94
20,491,BFUTILITIE,EQ,587907,91860,15.62
20,492,BHAGCHEM,EQ,1265926,507097,40.06
20,493,BHAGERIA,EQ,44195,24020,54.35
20,494,BHAGYANGR,EQ,115117,49219,42.76
20,495,BHANDARI,EQ,536609,278627,51.92
20,496,BHARATFORG,EQ,1886680,1016527,53.88
20,497,BHARATGEAR,EQ,45602,16716,36.66
20,498,BHARATRAS,EQ,8956,4378,48.88
20,499,BHARATWIRE,EQ,269330,103726,38.51
20,500,BHARTIARTL,EQ,2936143,1658662,56.49
20,501,BHARTIHEXA,EQ,478433,203158,42.46
20,502,BHEL,EQ,65820195,12400940,18.84
20,503,BHINVIT,IV,153708,110273,71.74
20,504,BIGBLOC,EQ,351852,114215,32.46
20,505,BIKAJI,EQ,307346,176305,57.36
20,506,BINANIIND,EQ,14722,13770,93.53
20,507,BIOCON,EQ,3807462,1202970,31.60
20,508,BIOFILCHEM,EQ,111787,31826,28.47
20,509,BIRDYS,ST,1200,1200,100.00
20,510,BIRET,RR,171521,154007,89.79
20,511,BIRLACABLE,EQ,529668,114147,21.55
20,512,BIRLACORPN,EQ,99892,35646,35.68
20,513,BIRLAMONEY,EQ,546714,172947,31.63
20,514,BLAL,EQ,455888,155463,34.10
20,515,BLISSGVS,EQ,774700,342403,44.20
20,516,BLKASHYAP,EQ,1833445,813680,44.38
20,517,BLS,EQ,1903613,849029,44.60
20,518,BLSE,EQ,302441,152437,50.40
20,519,BLUEDART,EQ,28105,7778,27.67
20,520,BLUEJET,EQ,1163628,536003,46.06
20,521,BLUEPEBBLE,SM,6400,4800,75.00
20,522,BLUESTARCO,EQ,465206,243342,52.31
20,523,BMETRICS,SM,12800,7600,59.38
20,524,BODALCHEM,EQ,491024,197308,40.18
20,525,BOMDYEING,EQ,6755865,2371418,35.10
20,526,BOROLTD,EQ,511396,121752,23.81
20,527,BORORENEW,EQ,21849333,1454937,6.66
20,528,BOROSCI,EQ,142847,68889,48.23
20,529,BOSCHLTD,EQ,36942,15339,41.52
20,530,BPCL,EQ,24287234,10503906,43.25
20,531,BRIGADE,EQ,907136,621843,68.55
20,532,BRIGHT,SZ,120000,99000,82.50
20,533,BRITANNIA,EQ,336696,144527,42.93
20,534,BROOKS,EQ,145681,126235,86.65
20,535,BSE,EQ,1491065,678492,45.50
20,536,BSE500IETF,EQ,143310,103042,71.90
20,537,BSHSL,EQ,40993,22958,56.00
20,538,BSL,EQ,39926,14207,35.58
20,539,BSLGOLDETF,EQ,72692,38694,53.23
20,540,BSLNIFTY,EQ,550028,363076,66.01
20,541,BSLSENETFG,EQ,8213,7506,91.39
20,542,BSOFT,EQ,3066461,764557,24.93
20,543,BUTTERFLY,EQ,13394,8738,65.24
20,544,BVCL,EQ,233874,124847,53.38
20,545,CADSYS,SM,21000,17000,80.95
20,546,CALSOFT,EQ,11978,9204,76.84
20,547,CAMLINFINE,EQ,1203408,458840,38.13
20,548,CAMPUS,EQ,869428,219529,25.25
20,549,CAMS,EQ,772670,189504,24.53
20,550,CANARYS,ST,128000,92000,71.88
20,551,CANBK,EQ,26483458,9444911,35.66
20,552,CANFINHOME,EQ,2849622,1207544,42.38
20,553,CANTABIL,EQ,281574,92832,32.97
20,554,CAPACITE,EQ,862488,293880,34.07
20,555,CAPITALSFB,EQ,42406,17469,41.19
20,556,CAPLIPOINT,EQ,77727,29769,38.30
20,557,CAPTRUST,EQ,77675,28036,36.09
20,558,CARBORUNIV,EQ,89617,37992,42.39
20,559,CAREERP,EQ,131673,56753,43.10
20,560,CARERATING,EQ,54986,32622,59.33
20,561,CARTRADE,EQ,184513,109637,59.42
20,562,CARYSIL,EQ,134863,69606,51.61
20,563,CASTROLIND,EQ,5840912,1546505,26.48
20,564,CBAZAAR,SM,24000,24000,100.00
20,565,CCL,EQ,124936,63209,50.59
20,566,CDSL,EQ,1374076,409626,29.81
20,567,CEATLTD,EQ,254166,103036,40.54
20,568,CELEBRITY,EQ,274375,193260,70.44
20,569,CELLECOR,SM,155400,76200,49.03
20,570,CELLO,EQ,147641,83509,56.56
20,571,CELLPOINT,SM,28800,24000,83.33
20,572,CENTENKA,EQ,32559,12286,37.73
20,573,CENTEXT,EQ,866822,512532,59.13
20,574,CENTRALBK,EQ,10720402,2730640,25.47
20,575,CENTRUM,EQ,1025217,418223,40.79
20,576,CENTUM,EQ,13738,6417,46.71
20,577,CENTURYPLY,EQ,153522,85486,55.68
20,578,CENTURYTEX,EQ,527133,188189,35.70
20,579,CERA,EQ,30973,20613,66.55
20,580,CEREBRAINT,EQ,1302887,855249,65.64
20,581,CESC,EQ,4894382,1602197,32.74
20,582,CGCL,EQ,165695,47578,28.71
20,583,CGPOWER,EQ,2264066,1018687,44.99
20,584,CGRAPHICS,SM,145600,102400,70.33
20,585,CHALET,EQ,104663,30012,28.67
20,586,CHAMBLFERT,EQ,10103574,1637486,16.21
20,587,CHAVDA,SM,217000,125000,57.60
20,588,CHEMBOND,EQ,18944,9732,51.37
20,589,CHEMCON,EQ,32391,14182,43.78
20,590,CHEMFAB,EQ,115466,56551,48.98
20,591,CHEMPLASTS,EQ,155632,64568,41.49
20,592,CHENNPETRO,EQ,1554265,400760,25.78
20,593,CHEVIOT,EQ,3243,1747,53.87
20,594,CHOICEIN,EQ,529081,84330,15.94
20,595,CHOLAFIN,EQ,1473643,418843,28.42
20,596,CHOLAHLDNG,EQ,236217,168042,71.14
20,597,CIEINDIA,EQ,189694,75797,39.96
20,598,CIGNITITEC,EQ,126330,72360,57.28
20,599,CINELINE,EQ,34119,16711,48.98
20,600,CINEVISTA,EQ,41382,31235,75.48
20,601,CIPLA,EQ,1241630,709015,57.10
20,602,CLEAN,EQ,120336,40928,34.01
20,603,CLEDUCATE,EQ,204377,71127,34.80
20,604,CLOUD,ST,484000,449000,92.77
20,605,CLSEL,EQ,96895,38161,39.38
20,606,CLSL,SM,94000,62000,65.96
20,607,CMMIPL,ST,36000,36000,100.00
20,608,CMNL,SM,36000,25500,70.83
20,609,CMRSL,SM,8800,7200,81.82
20,610,CMSINFO,EQ,1958091,1237279,63.19
20,611,COALINDIA,EQ,11311831,5307657,46.92
20,612,COASTCORP,EQ,365449,106988,29.28
20,613,COCHINSHIP,EQ,4223355,1127415,26.69
20,614,COFFEEDAY,EQ,2368930,756450,31.93
20,615,COFORGE,EQ,1718488,523202,30.45
20,616,COLPAL,EQ,498686,212345,42.58
20,617,COMMITTED,SM,49600,46400,93.55
20,618,COMMOIETF,EQ,67267,48087,71.49
20,619,COMPUSOFT,EQ,271138,125071,46.13
20,620,COMSYN,EQ,34303,11591,33.79
20,621,CONCOR,EQ,3998368,1775350,44.40
20,622,CONCORDBIO,EQ,105573,53960,51.11
20,623,CONFIPET,EQ,1707285,591487,34.64
20,624,CONS,EQ,6698,3028,45.21
20,625,CONSOFINVT,EQ,19715,9193,46.63
20,626,CONSUMBEES,EQ,205276,138594,67.52
20,627,CONSUMIETF,EQ,153504,19648,12.80
20,628,CONTI,SM,23331,23331,100.00
20,629,CONTROLPR,EQ,50127,25249,50.37
20,630,COOLCAPS,SM,1250,1250,100.00
20,631,CORALFINAC,EQ,74079,38444,51.90
20,632,COROMANDEL,EQ,848432,299052,35.25
20,633,COSMOFIRST,EQ,69993,29498,42.14
20,634,COUNCODOS,EQ,582648,323850,55.58
20,635,CPSEETF,EQ,14482379,7953204,54.92
20,636,CRAFTSMAN,EQ,33037,12950,39.20
20,637,CRAYONS,SM,12000,9000,75.00
20,638,CREATIVE,EQ,35933,24815,69.06
20,639,CREDITACC,EQ,382833,170889,44.64
20,640,CREST,EQ,94269,57109,60.58
20,641,CRISIL,EQ,44851,19597,43.69
20,642,CROMPTON,EQ,3537173,1834028,51.85
20,643,CSBBANK,EQ,175999,69082,39.25
20,644,CSLFINANCE,EQ,40138,12318,30.69
20,645,CUB,EQ,2288857,655412,28.63
20,646,CUMMINSIND,EQ,894196,423492,47.36
20,647,CYBERMEDIA,EQ,205150,100435,48.96
20,648,CYBERTECH,EQ,420777,124567,29.60
20,649,CYIENT,EQ,655748,425507,64.89
20,650,CYIENTDLM,EQ,1222314,599363,49.04
20,651,DABUR,EQ,7195533,3500198,48.64
20,652,DALBHARAT,EQ,1171376,732062,62.50
20,653,DALMIASUG,EQ,74173,27516,37.10
20,654,DAMODARIND,EQ,23745,13148,55.37
20,655,DANGEE,EQ,161669,112009,69.28
20,656,DATAMATICS,EQ,155533,51813,33.31
20,657,DATAPATTNS,EQ,402124,105597,26.26
20,658,DAVANGERE,EQ,9341118,5072722,54.31
20,659,DBCORP,EQ,242975,101484,41.77
20,660,DBL,EQ,767911,230565,30.02
20,661,DBOL,EQ,81174,34672,42.71
20,662,DBREALTY,EQ,3353286,1317412,39.29
20,663,DBSTOCKBRO,EQ,21062,13078,62.09
20,664,DCAL,EQ,466378,150500,32.27
20,665,DCBBANK,EQ,1445690,727347,50.31
20,666,DCG,ST,75600,67200,88.89
20,667,DCM,EQ,166495,65116,39.11
20,668,DCMFINSERV,EQ,51741,30375,58.71
20,669,DCMSHRIRAM,EQ,92282,37326,40.45
20,670,DCMSRIND,EQ,221946,105806,47.67
20,671,DCW,EQ,1219944,406803,33.35
20,672,DECCANCE,EQ,68639,17207,25.07
20,673,DEEDEV,EQ,349684,125056,35.76
20,674,DEEM,SM,4000,4000,100.00
20,675,DEEPAKFERT,EQ,2463504,691281,28.06
20,676,DEEPAKNTR,EQ,368157,90411,24.56
20,677,DEEPENR,EQ,18703,12211,65.29
20,678,DEEPINDS,EQ,299457,152274,50.85
20,679,DELAPLEX,SM,21600,16800,77.78
20,680,DELHIVERY,EQ,1352564,653113,48.29
20,681,DELTACORP,EQ,3097971,1044100,33.70
20,682,DELTAMAGNT,EQ,16641,10369,62.31
20,683,DEN,EQ,2342675,746665,31.87
20,684,DENEERS,SM,4800,4800,100.00
20,685,DENORA,EQ,34941,16553,47.37
20,686,DENTALKART,SM,44500,30250,67.98
20,687,DESTINY,SM,54000,48000,88.89
20,688,DEVIT,EQ,85378,38717,45.35
20,689,DEVYANI,EQ,2453241,1764820,71.94
20,690,DHAMPURSUG,EQ,559966,211168,37.71
20,691,DHANBANK,EQ,1002959,602544,60.08
20,692,DHANI,EQ,8975513,2223100,24.77
20,693,DHANUKA,EQ,427997,76954,17.98
20,694,DHARMAJ,EQ,286614,115174,40.18
20,695,DHTL,SM,16800,11200,66.67
20,696,DHUNINV,EQ,1035,534,51.59
20,697,DIAMINESQ,EQ,20373,10737,52.70
20,698,DIAMONDYD,EQ,11958,5111,42.74
20,699,DICIND,EQ,5767,2908,50.42
20,700,DIGIKORE,ST,15800,15200,96.20
20,701,DIL,EQ,916173,456671,49.85
20,702,DISHTV,EQ,14503992,3875023,26.72
20,703,DIVGIITTS,EQ,18408,7392,40.16
20,704,DIVISLAB,EQ,499837,299878,60.00
20,705,DIVOPPBEES,EQ,67994,40364,59.36
20,706,DIXON,EQ,743492,201516,27.10
20,707,DLF,EQ,11426098,4784231,41.87
20,708,DLINKINDIA,EQ,312586,113924,36.45
20,709,DMART,EQ,431809,288595,66.83
20,710,DMCC,EQ,53373,26827,50.26
20,711,DNAMEDIA,EQ,182743,106069,58.04
20,712,DODLA,EQ,268245,71089,26.50
20,713,DOLATALGO,EQ,501045,200164,39.95
20,714,DOLLAR,EQ,97302,41298,42.44
20,715,DOLLEX,SM,4000,4000,100.00
20,716,DOMS,EQ,45811,19830,43.29
20,717,DONEAR,EQ,932191,302127,32.41
20,718,DPABHUSHAN,EQ,81595,27914,34.21
20,719,DPEL,SM,69000,54000,78.26
20,720,DPSCLTD,EQ,2078878,697269,33.54
20,721,DPWIRES,EQ,38862,15040,38.70
20,722,DREAMFOLKS,EQ,121540,65257,53.69
20,723,DRONE,ST,70000,63000,90.00
20,724,DRREDDY,EQ,866091,581900,67.19
20,725,DRSDILIP,SM,800,800,100.00
20,726,DSSL,EQ,26905,15482,57.54
20,727,DTIL,EQ,14744,9092,61.67
20,728,DTL,SM,33600,24000,71.43
20,729,DUCOL,ST,40000,33600,84.00
20,730,DUGLOBAL,SM,40000,27500,68.75
20,731,DURLAX,SM,332000,174000,52.41
20,732,DVL,EQ,35037,17840,50.92
20,733,DWARKESH,EQ,1467066,499344,34.04
20,734,DYCL,EQ,65166,24914,38.23
20,735,DYNAMATECH,EQ,21166,15513,73.29
20,736,DYNAMIC,SM,107000,64000,59.81
20,737,EASEMYTRIP,EQ,69816550,12233291,17.52
20,738,EBBETF0425,EQ,4598,4054,88.17
20,739,EBBETF0430,EQ,69088,67173,97.23
20,740,EBBETF0431,EQ,1176,1008,85.71
20,741,EBBETF0433,EQ,2170,2132,98.25
20,742,ECLERX,EQ,83667,44535,53.23
20,743,EDELWEISS,EQ,4590846,1771549,38.59
20,744,EFACTOR,SM,1600,1600,100.00
20,745,EFFWA,ST,195200,195200,100.00
20,746,EFORCE,SM,34800,28800,82.76
20,747,EGOLD,EQ,59530,40195,67.52
20,748,EICHERMOT,EQ,1128441,542636,48.09
20,749,EIDPARRY,EQ,653198,287991,44.09
20,750,EIFFL,EQ,53903,43529,80.75
20,751,EIHAHOTELS,EQ,19643,8776,44.68
20,752,EIHOTEL,EQ,507732,219456,43.22
20,753,EKC,EQ,1030842,383515,37.20
20,754,ELDEHSG,EQ,1071,525,49.02
20,755,ELECON,EQ,1406775,522732,37.16
20,756,ELECTCAST,EQ,3905926,1930019,49.41
20,757,ELGIEQUIP,EQ,2678312,2374912,88.67
20,758,ELIN,EQ,268253,106443,39.68
20,759,EMAMILTD,EQ,1019791,280326,27.49
20,760,EMAMIPAP,EQ,73045,33032,45.22
20,761,EMAMIREAL,EQ,35925,26775,74.53
20,762,EMBASSY,RR,387837,274926,70.89
20,763,EMBDL,EQ,5747902,2012986,35.02
20,764,EMCURE,EQ,321841,159180,49.46
20,765,EMIL,EQ,1101269,864700,78.52
20,766,EMKAYTOOLS,SM,300,300,100.00
20,767,EMMBI,EQ,101742,51392,50.51
20,768,EMMIL,SM,60000,40000,66.67
20,769,EMSLIMITED,EQ,5894313,1501956,25.48
20,770,EMUDHRA,EQ,180245,68286,37.89
20,771,ENDURANCE,EQ,80296,46246,57.59
20,772,ENERGYDEV,EQ,133732,100207,74.93
20,773,ENFUSE,ST,26400,25200,95.45
20,774,ENGINERSIN,EQ,12230176,2789574,22.81
20,775,ENIL,EQ,68328,31524,46.14
20,776,ENSER,SM,42000,24000,57.14
20,777,ENTERO,EQ,55774,32971,59.12
20,778,EPACK,EQ,1438347,781098,54.31
20,779,EPIGRAL,EQ,61186,27149,44.37
20,780,EPL,EQ,758829,336120,44.29
20,781,EQUAL50ADD,EQ,86612,53934,62.27
20,782,EQUITASBNK,EQ,3215238,1850642,57.56
20,783,ERIS,EQ,98905,48694,49.23
20,784,EROSMEDIA,EQ,521788,309410,59.30
20,785,ESABINDIA,EQ,6629,2486,37.50
20,786,ESAFSFB,EQ,711211,373077,52.46
20,787,ESCONET,ST,52800,45600,86.36
20,788,ESCORTS,EQ,282505,79938,28.30
20,789,ESFL,SM,10200,9000,88.24
20,790,ESG,EQ,11958,7904,66.10
20,791,ESILVER,EQ,11066,9094,82.18
20,792,ESTER,EQ,160001,68013,42.51
20,793,ETHOSLTD,EQ,37667,14955,39.70
20,794,EUROBOND,SM,8000,7000,87.50
20,795,EUROTEXIND,EQ,2276,2226,97.80
20,796,EVEREADY,EQ,1238474,408517,32.99
20,797,EVERESTIND,EQ,13850,6011,43.40
20,798,EVINDIA,EQ,950955,742241,78.05
20,799,EXCELINDUS,EQ,18065,6114,33.84
20,800,EXIDEIND,EQ,6167712,1839255,29.82
20,801,EXPLEOSOL,EQ,15115,8124,53.75
20,802,EXXARO,EQ,44463,25326,56.96
20,803,FACT,EQ,2315161,412992,17.84
20,804,FAIRCHEMOR,EQ,16847,7480,44.40
20,805,FALCONTECH,SM,15600,9600,61.54
20,806,FAZE3Q,EQ,66057,15026,22.75
20,807,FCL,EQ,208895,83435,39.94
20,808,FCSSOFT,EQ,7182549,3425279,47.69
20,809,FDC,EQ,238934,88553,37.06
20,810,FEDERALBNK,EQ,48303121,15611966,32.32
20,811,FEDFINA,EQ,393558,217515,55.27
20,812,FELIX,SM,13500,10000,74.07
20,813,FIBERWEB,EQ,96233,32391,33.66
20,814,FIDEL,SM,3000,3000,100.00
20,815,FIEMIND,EQ,96586,33734,34.93
20,816,FILATEX,EQ,4694865,1338961,28.52
20,817,FILATFASH,EQ,17017721,7523789,44.21
20,818,FINCABLES,EQ,177379,66748,37.63
20,819,FINEORG,EQ,34571,12868,37.22
20,820,FINIETF,EQ,150521,77612,51.56
20,821,FINOPB,EQ,94470,40494,42.86
20,822,FINPIPE,EQ,826058,238106,28.82
20,823,FIVESTAR,EQ,259319,114735,44.24
20,824,FLAIR,EQ,68818,31188,45.32
20,825,FLEXITUFF,EQ,28696,28696,100.00
20,826,FLUOROCHEM,EQ,81422,41831,51.38
20,827,FMCGIETF,EQ,1629373,992108,60.89
20,828,FMGOETZE,EQ,109376,45524,41.62
20,829,FMNL,EQ,75678,57599,76.11
20,830,FOCE,SM,15000,15000,100.00
20,831,FOCUS,EQ,223152,119877,53.72
20,832,FONEBOX,SM,25000,21000,84.00
20,833,FOODSIN,EQ,214570,127069,59.22
20,834,FORCEMOT,EQ,11825,6859,58.00
20,835,FORTIS,EQ,1596328,894245,56.02
20,836,FOSECOIND,EQ,2601,1226,47.14
20,837,FROG,SM,166000,100000,60.24
20,838,FSL,EQ,2472109,1084369,43.86
20,839,FUSION,EQ,399408,193142,48.36
20,840,GABRIEL,EQ,323900,131474,40.59
20,841,GAEL,EQ,804439,315760,39.25
20,842,GAIL,EQ,18437981,6538418,35.46
20,843,GALAXYSURF,EQ,11176,4874,43.61
20,844,GANDHAR,EQ,221648,98909,44.62
20,845,GANDHITUBE,EQ,3859,2477,64.19
20,846,GANECOS,EQ,54604,27367,50.12
20,847,GANESHBE,EQ,319423,213118,66.72
20,848,GANESHHOUC,EQ,102842,35599,34.62
20,849,GANGESSECU,EQ,11185,7940,70.99
20,850,GARFIBRES,EQ,11950,4009,33.55
20,851,GATECH,EQ,2268887,1849292,81.51
20,852,GATEWAY,EQ,2145123,1101072,51.33
20,853,GEECEE,EQ,35741,11134,31.15
20,854,GEEKAYWIRE,EQ,130880,63472,48.50
20,855,GENESYS,EQ,1527392,513059,33.59
20,856,GENSOL,EQ,630016,265758,42.18
20,857,GENUSPAPER,EQ,1385206,478473,34.54
20,858,GENUSPOWER,EQ,1759082,835535,47.50
20,859,GEOJITFSL,EQ,1996606,511477,25.62
20,860,GESHIP,EQ,2553149,636735,24.94
20,861,GFLLIMITED,EQ,90140,45060,49.99
20,862,GGBL,ST,726600,674400,92.82
20,863,GHCL,EQ,561395,271087,48.29
20,864,GHCLTEXTIL,EQ,1048080,722108,68.90
20,865,GICHSGFIN,EQ,823802,227943,27.67
20,866,GICL,SM,321000,318000,99.07
20,867,GICRE,EQ,2278913,475747,20.88
20,868,GILLANDERS,EQ,7522,3682,48.95
20,869,GILLETTE,EQ,21365,9419,44.09
20,870,GILT5YBEES,EQ,148374,100230,67.55
20,871,GINNIFILA,EQ,102205,53763,52.60
20,872,GIPCL,EQ,772727,271347,35.12
20,873,GKWLIMITED,EQ,3603,2434,67.55
20,874,GLAND,EQ,151090,60918,40.32
20,875,GLAXO,EQ,1257778,223229,17.75
20,876,GLENMARK,EQ,933073,511234,54.79
20,877,GLOBALPET,SM,15000,10500,70.00
20,878,GLOBUSSPR,EQ,173289,82936,47.86
20,879,GLOSTERLTD,EQ,1850,1104,59.68
20,880,GLS,EQ,281537,180983,64.28
20,881,GMBREW,EQ,91357,33502,36.67
20,882,GMDCLTD,EQ,3407900,565594,16.60
20,883,GMMPFAUDLR,EQ,228981,181969,79.47
20,884,GMRINFRA,EQ,47125296,14680381,31.15
20,885,GMRP&UI,EQ,4108171,1835748,44.69
20,886,GNA,EQ,78262,33678,43.03
20,887,GNFC,EQ,3060265,789300,25.79
20,888,GOACARBON,EQ,23245,10815,46.53
20,889,GOCLCORP,EQ,53387,19554,36.63
20,890,GOCOLORS,EQ,32194,16625,51.64
20,891,GODFRYPHLP,EQ,124587,47893,38.44
20,892,GODIGIT,EQ,335363,160995,48.01
20,893,GODREJAGRO,EQ,820376,225326,27.47
20,894,GODREJCP,EQ,2713959,1290770,47.56
20,895,GODREJIND,EQ,282947,139603,49.34
20,896,GODREJPROP,EQ,1130940,328803,29.07
20,897,GOKEX,EQ,333256,120473,36.15
20,898,GOKUL,EQ,186749,65479,35.06
20,899,GOKULAGRO,EQ,403733,136258,33.75
20,900,GOLD1,EQ,739481,503017,68.02
20,901,GOLDBEES,EQ,26869060,21504290,80.03
20,902,GOLDCASE,EQ,917650,804223,87.64
20,903,GOLDETF,EQ,252579,171806,68.02
20,904,GOLDETFADD,EQ,46256,40701,87.99
20,905,GOLDIAM,EQ,1731054,623970,36.05
20,906,GOLDIETF,EQ,2455051,2003365,81.60
20,907,GOLDKART,ST,2500,2500,100.00
20,908,GOLDSHARE,EQ,359719,272444,75.74
20,909,GOLDSTAR,SM,146250,135000,92.31
20,910,GOLDTECH,EQ,47556,20682,43.49
20,911,GOODLUCK,EQ,128773,59980,46.58
20,912,GOPAL,EQ,79360,39165,49.35
20,913,GOYALALUM,EQ,214145,132445,61.85
20,914,GOYALSALT,SM,19800,15000,75.76
20,915,GPECO,SM,294000,166800,56.73
20,916,GPIL,EQ,284401,128091,45.04
20,917,GPPL,EQ,3128902,1022255,32.67
20,918,GPTHEALTH,EQ,169051,84209,49.81
20,919,GRANULES,EQ,1754269,687910,39.21
20,920,GRAPHISAD,SM,33600,22800,67.86
20,921,GRAPHITE,EQ,742552,299009,40.27
20,922,GRASIM,EQ,1046046,573244,54.80
20,923,GRAVITA,EQ,2468379,692904,28.07
20,924,GRCL,SM,1500,1000,66.67
20,925,GREAVESCOT,EQ,1945623,663549,34.10
20,926,GREENCHEF,SM,39200,32800,83.67
20,927,GREENLAM,EQ,60417,23766,39.34
20,928,GREENPANEL,EQ,172677,73473,42.55
20,929,GREENPLY,EQ,279898,74483,26.61
20,930,GREENPOWER,EQ,7958953,3502057,44.00
20,931,GRINDWELL,EQ,42478,16465,38.76
20,932,GRINFRA,EQ,96567,30699,31.79
20,933,GRMOVER,EQ,200594,87259,43.50
20,934,GROBTEA,EQ,350,199,56.86
20,935,GRSE,EQ,3762141,1057757,28.12
20,936,GRWRHITECH,EQ,101932,45896,45.03
20,937,GSEC10IETF,EQ,2081,2076,99.76
20,938,GSEC10YEAR,EQ,3704,3221,86.96
20,939,GSEC5IETF,EQ,240,227,94.58
20,940,GSFC,EQ,8847111,2464988,27.86
20,941,GSLSU,EQ,113979,55320,48.54
20,942,GSMFOILS,ST,16000,16000,100.00
20,943,GSPL,EQ,1774122,942209,53.11
20,944,GSTL,SM,17000,14000,82.35
20,945,GTLINFRA,EQ,575513671,217136226,37.73
20,946,GTPL,EQ,50198,28858,57.49
20,947,GUFICBIO,EQ,90541,49308,54.46
20,948,GUJALKALI,EQ,81862,43201,52.77
20,949,GUJAPOLLO,EQ,18857,9782,51.87
20,950,GUJGASLTD,EQ,972910,197791,20.33
20,951,GUJRAFFIA,EQ,151042,75946,50.28
20,952,GULFOILLUB,EQ,229244,68842,30.03
20,953,GULFPETRO,EQ,336789,133758,39.72
20,954,GULPOLY,EQ,419512,129084,30.77
20,955,GVPTECH,EQ,151111,122157,80.84
20,956,HAL,EQ,7108160,1466253,20.63
20,957,HAPPSTMNDS,EQ,925403,360404,38.95
20,958,HAPPYFORGE,EQ,56533,25179,44.54
20,959,HARDWYN,EQ,215542,80933,37.55
20,960,HARIOMPIPE,EQ,123724,63765,51.54
20,961,HARRMALAYA,EQ,104579,46199,44.18
20,962,HARSHA,EQ,85723,35678,41.62
20,963,HATHWAY,EQ,9602300,3014733,31.40
20,964,HATSUN,EQ,158331,38863,24.55
20,965,HAVELLS,EQ,1604569,884247,55.11
20,966,HAVISHA,EQ,38912,25839,66.40
20,967,HBLPOWER,EQ,5378667,1730447,32.17
20,968,HBSL,EQ,37683,6649,17.64
20,969,HCC,EQ,58705636,13400492,22.83
20,970,HCG,EQ,139377,77499,55.60
20,971,HCL-INSYS,EQ,469613,230808,49.15
20,972,HCLTECH,EQ,2907674,1746999,60.08
20,973,HDFCAMC,EQ,1513534,697556,46.09
20,974,HDFCBANK,EQ,26001076,10215610,39.29
20,975,HDFCBSE500,EQ,164773,78681,47.75
20,976,HDFCGOLD,EQ,1754082,1263481,72.03
20,977,HDFCGROWTH,EQ,12293,7159,58.24
20,978,HDFCLIFE,EQ,9082995,4070528,44.81
20,979,HDFCLIQUID,EQ,2868,2860,99.72
20,980,HDFCLOWVOL,EQ,121859,105444,86.53
20,981,HDFCMID150,EQ,489902,361195,73.73
20,982,HDFCMOMENT,EQ,2052517,1497412,72.95
20,983,HDFCNEXT50,EQ,134391,80956,60.24
20,984,HDFCNIF100,EQ,66298,49923,75.30
20,985,HDFCNIFBAN,EQ,2155244,2117902,98.27
20,986,HDFCNIFIT,EQ,24250,15902,65.58
20,987,HDFCNIFTY,EQ,119941,111251,92.75
20,988,HDFCPSUBK,EQ,37073,24905,67.18
20,989,HDFCPVTBAN,EQ,111300,66252,59.53
20,990,HDFCQUAL,EQ,11333,5838,51.51
20,991,HDFCSENSEX,EQ,32432,27120,83.62
20,992,HDFCSILVER,EQ,739920,594518,80.35
20,993,HDFCSML250,EQ,769319,499620,64.94
20,994,HDFCVALUE,EQ,21282,16501,77.54
20,995,HEALTHADD,EQ,234,207,88.46
20,996,HEALTHIETF,EQ,54877,23744,43.27
20,997,HEALTHY,EQ,290495,189704,65.30
20,998,HEG,EQ,117903,42843,36.34
20,999,HEIDELBERG,EQ,396638,159532,40.22
20,1000,HEMIPROP,EQ,2389508,641083,26.83
20,1001,HERANBA,EQ,135125,67994,50.32
20,1002,HERCULES,EQ,67590,28028,41.47
20,1003,HERITGFOOD,EQ,2750429,1294824,47.08
20,1004,HEROMOTOCO,EQ,908996,327911,36.07
20,1005,HESTERBIO,EQ,21119,10846,51.36
20,1006,HEUBACHIND,EQ,194097,114142,58.81
20,1007,HEXATRADEX,EQ,16803,8392,49.94
20,1008,HFCL,EQ,22695699,7428892,32.73
20,1009,HGINFRA,EQ,405675,182877,45.08
20,1010,HGS,EQ,78356,47433,60.54
20,1011,HIGREEN,SM,52800,37600,71.21
20,1012,HIKAL,EQ,747016,376232,50.36
20,1013,HIL,EQ,26445,12452,47.09
20,1014,HILTON,EQ,119657,68184,56.98
20,1015,HIMATSEIDE,EQ,364141,170705,46.88
20,1016,HINDALCO,EQ,9602846,5301200,55.20
20,1017,HINDCOMPOS,EQ,20018,8745,43.69
20,1018,HINDCOPPER,EQ,11044851,2885811,26.13
20,1019,HINDMOTORS,EQ,848668,398940,47.01
20,1020,HINDOILEXP,EQ,4076453,1300000,31.89
20,1021,HINDPETRO,EQ,9389682,4055563,43.19
20,1022,HINDUNILVR,EQ,3906259,2076974,53.17
20,1023,HINDWAREAP,EQ,213970,90144,42.13
20,1024,HINDZINC,EQ,470578,268929,57.15
20,1025,HIRECT,EQ,10136,5994,59.14
20,1026,HISARMETAL,EQ,6828,4461,65.33
20,1027,HITECH,EQ,1240142,422319,34.05
20,1028,HITECHCORP,EQ,14787,9035,61.10
20,1029,HLEGLAS,EQ,168900,56578,33.50
20,1030,HLVLTD,EQ,1884772,1079215,57.26
20,1031,HMAAGRO,EQ,873092,396266,45.39
20,1032,HMVL,EQ,62830,34974,55.66
20,1033,HNDFDS,EQ,164086,80001,48.76
20,1034,HNGSNGBEES,EQ,71529,51783,72.39
20,1035,HOACFOODS,SM,51000,27000,52.94
20,1036,HOLMARC,SM,6000,6000,100.00
20,1037,HOMEFIRST,EQ,433955,227206,52.36
20,1038,HOMESFY,SM,600,600,100.00
20,1039,HONASA,EQ,214761,96518,44.94
20,1040,HONAUT,EQ,10384,4347,41.86
20,1041,HONDAPOWER,EQ,21456,13741,64.04
20,1042,HOVS,EQ,17422,9632,55.29
20,1043,HPAL,EQ,176481,87616,49.65
20,1044,HPIL,EQ,7066,1688,23.89
20,1045,HPL,EQ,901673,291296,32.31
20,1046,HRHNEXT,SM,12000,12000,100.00
20,1047,HSCL,EQ,955176,462777,48.45
20,1048,HTMEDIA,EQ,1021175,342809,33.57
20,1049,HUDCO,EQ,62191875,15494001,24.91
20,1050,HUHTAMAKI,EQ,464618,150910,32.48
20,1051,HYBRIDFIN,EQ,34481,23938,69.42
20,1052,IBHF25,Y6,40,40,100.00
20,1053,IBHF25B,BI,101,101,100.00
20,1054,IBHFZC25F,Y5,20,20,100.00
20,1055,IBLFL,SM,24000,24000,100.00
20,1056,IBULHSGFIN,EQ,5374128,1908465,35.51
20,1057,ICEMAKE,EQ,30418,13051,42.91
20,1058,ICICIB22,EQ,2105781,1479050,70.24
20,1059,ICICIBANK,EQ,19369832,8090724,41.77
20,1060,ICICIGI,EQ,1213581,487747,40.19
20,1061,ICICIPRULI,EQ,2765631,1136997,41.11
20,1062,ICIL,EQ,278548,118866,42.67
20,1063,ICRA,EQ,12152,4866,40.04
20,1064,IDBI,EQ,19169115,5617134,29.30
20,1065,IDEA,EQ,1127413061,467741441,41.49
20,1066,IDEAFORGE,EQ,601079,195128,32.46
20,1067,IDFC,EQ,6738949,2046101,30.36
20,1068,IDFCFIRSTB,EQ,26763235,9441235,35.28
20,1069,IDFNIFTYET,EQ,928,902,97.20
20,1070,IEL,EQ,514708,477215,92.72
20,1071,IEML,SM,35000,22000,62.86
20,1072,IEX,EQ,13090043,3646519,27.86
20,1073,IFBIND,EQ,61517,32496,52.82
20,1074,IFCI,EQ,60677675,14084094,23.21
20,1075,IFGLEXPOR,EQ,19757,9820,49.70
20,1076,IGARASHI,EQ,103456,44958,43.46
20,1077,IGL,EQ,1796602,680520,37.88
20,1078,IGPL,EQ,38848,17043,43.87
20,1079,IIFL,EQ,1924163,853673,44.37
20,1080,IIFLSEC,EQ,1051244,461561,43.91
20,1081,IIFLZC25,ND,96,0,0.00
20,1082,IIFLZC25A,NP,975,975,100.00
20,1083,IIFLZC28,NG,120,120,100.00
20,1084,IIFLZC28C,N6,55,55,100.00
20,1085,IITL,EQ,20487,14320,69.90
20,1086,IKIO,EQ,170341,83526,49.03
20,1087,IMAGICAA,EQ,1252632,601584,48.03
20,1088,IMC1,N1,20,10,50.00
20,1089,IMC1,N2,10,10,100.00
20,1090,IMC1,N3,354,354,100.00
20,1091,IMFA,EQ,93036,48298,51.91
20,1092,IMPAL,EQ,3315,1939,58.49
20,1093,INCREDIBLE,EQ,59147,23651,39.99
20,1094,INDBANK,EQ,240740,102566,42.60
20,1095,INDGN,EQ,509297,216116,42.43
20,1096,INDHOTEL,EQ,6448328,3142052,48.73
20,1097,INDIACEM,EQ,7769934,2118010,27.26
20,1098,INDIAGLYCO,EQ,446874,190643,42.66
20,1099,INDIAMART,EQ,205279,42954,20.92
20,1100,INDIANB,EQ,1588838,732698,46.12
20,1101,INDIANCARD,EQ,4638,3233,69.71
20,1102,INDIANHUME,EQ,721188,175718,24.37
20,1103,INDIASHLTR,EQ,194024,99506,51.29
20,1104,INDIFRA,SM,8000,6000,75.00
20,1105,INDIGO,EQ,722279,383005,53.03
20,1106,INDIGOPNTS,EQ,107790,53786,49.90
20,1107,INDIGRID,IV,557253,531977,95.46
20,1108,INDNIPPON,EQ,60041,18564,30.92
20,1109,INDOAMIN,EQ,330435,103342,31.27
20,1110,INDOBORAX,EQ,106435,37537,35.27
20,1111,INDOCO,EQ,391521,159174,40.66
20,1112,INDORAMA,EQ,120570,50668,42.02
20,1113,INDOSTAR,EQ,145815,88159,60.46
20,1114,INDOTECH,EQ,10774,7686,71.34
20,1115,INDOTHAI,EQ,32950,2594,7.87
20,1116,INDRAMEDCO,EQ,340397,179250,52.66
20,1117,INDSWFTLAB,EQ,338075,122912,36.36
20,1118,INDSWFTLTD,EQ,69819,44247,63.37
20,1119,INDTERRAIN,EQ,114592,42764,37.32
20,1120,INDUSINDBK,EQ,3054925,1602100,52.44
20,1121,INDUSTOWER,EQ,34818877,17181460,49.35
20,1122,INFIBEAM,EQ,8169654,3190067,39.05
20,1123,INFINIUM,SM,15000,6500,43.33
20,1124,INFOBEAN,EQ,104618,22087,21.11
20,1125,INFOLLION,ST,16800,16000,95.24
20,1126,INFRABEES,EQ,68606,31758,46.29
20,1127,INFRAIETF,EQ,397468,208114,52.36
20,1128,INFY,EQ,7113056,4433183,62.32
20,1129,INGERRAND,EQ,27096,13926,51.40
20,1130,INM,SM,8400,7800,92.86
20,1131,INNOVACAP,EQ,197248,72620,36.82
20,1132,INNOVANA,SM,400,400,100.00
20,1133,INOXGREEN,EQ,2954867,1231333,41.67
20,1134,INOXINDIA,EQ,344871,162153,47.02
20,1135,INOXWIND,EQ,18995758,5273220,27.76
20,1136,INSECTICID,EQ,154464,68049,44.05
20,1137,INSPIRE,SM,14000,10000,71.43
20,1138,INSPIRISYS,EQ,45466,25157,55.33
20,1139,INTELLECT,EQ,486415,207822,42.73
20,1140,INTLCONV,EQ,173461,67621,38.98
20,1141,INVENTURE,EQ,11390516,6330381,55.58
20,1142,IOB,EQ,20143107,4679797,23.23
20,1143,IOC,EQ,21714840,8199276,37.76
20,1144,IOLCP,EQ,241295,95928,39.76
20,1145,IONEXCHANG,EQ,555756,183459,33.01
20,1146,IPCALAB,EQ,401104,174807,43.58
20,1147,IPL,EQ,555405,220886,39.77
20,1148,IPSL,SM,1000,1000,100.00
20,1149,IRB,EQ,106050292,30598440,28.85
20,1150,IRBINVIT,IV,292214,251461,86.05
20,1151,IRCON,EQ,49274362,13818256,28.04
20,1152,IRCTC,EQ,5290749,1334630,25.23
20,1153,IREDA,EQ,106704297,20118303,18.85
20,1154,IRFC,EQ,167582146,41946545,25.03
20,1155,IRISDOREME,EQ,255759,113410,44.34
20,1156,IRMENERGY,EQ,94686,43932,46.40
20,1157,ISEC,EQ,1471987,828223,56.27
20,1158,ISFT,EQ,22501,9130,40.58
20,1159,ISGEC,EQ,143255,84876,59.25
20,1160,ISHAN,SM,144000,96000,66.67
20,1161,ISMTLTD,EQ,1168626,380609,32.57
20,1162,IT,EQ,2256971,2210231,97.93
20,1163,ITALIANE,SM,20000,16000,80.00
20,1164,ITBEES,EQ,15131374,10510711,69.46
20,1165,ITC,EQ,54044423,24918734,46.11
20,1166,ITDC,EQ,654243,96462,14.74
20,1167,ITDCEM,EQ,2174036,782836,36.01
20,1168,ITETF,EQ,189818,155167,81.75
20,1169,ITETFADD,EQ,19162,14091,73.54
20,1170,ITI,EQ,2232358,358773,16.07
20,1171,ITIETF,EQ,760689,296719,39.01
20,1172,IVC,EQ,648042,344993,53.24
20,1173,IVZINGOLD,EQ,394,331,84.01
20,1174,IVZINNIFTY,EQ,16,16,100.00
20,1175,IWEL,EQ,16483,10292,62.44
20,1176,IXIGO,EQ,2631932,963921,36.62
20,1177,IZMO,EQ,172261,84920,49.30
20,1178,JAGRAN,EQ,324264,163942,50.56
20,1179,JAGSNPHARM,EQ,22829,8162,35.75
20,1180,JAICORPLTD,EQ,1812674,376375,20.76
20,1181,JAINAM,SM,8000,8000,100.00
20,1182,JALAN,SM,33000,30000,90.91
20,1183,JAMNAAUTO,EQ,1744189,549788,31.52
20,1184,JASH,EQ,53738,24192,45.02
20,1185,JAYAGROGN,EQ,54905,20760,37.81
20,1186,JAYBARMARU,EQ,110635,45762,41.36
20,1187,JAYNECOIND,EQ,197178,90031,45.66
20,1188,JAYSREETEA,EQ,443006,278745,62.92
20,1189,JBCHEPHARM,EQ,166735,99063,59.41
20,1190,JBMA,EQ,161868,63228,39.06
20,1191,JCHAC,EQ,100040,38332,38.32
20,1192,JETFREIGHT,EQ,70208,46429,66.13
20,1193,JGCHEM,EQ,137640,54896,39.88
20,1194,JINDALPHOT,EQ,43057,13749,31.93
20,1195,JINDALPOLY,EQ,47638,16770,35.20
20,1196,JINDALSAW,EQ,601624,239756,39.85
20,1197,JINDALSTEL,EQ,1397714,391581,28.02
20,1198,JINDRILL,EQ,31789,12787,40.22
20,1199,JINDWORLD,EQ,324521,147373,45.41
20,1200,JIOFIN,EQ,13863332,7018765,50.63
20,1201,JISLDVREQS,EQ,329903,126566,38.36
20,1202,JISLJALEQS,EQ,18075768,4210976,23.30
20,1203,JITFINFRA,EQ,78779,42109,53.45
20,1204,J&KBANK,EQ,3124125,1025279,32.82
20,1205,JKCEMENT,EQ,270852,67677,24.99
20,1206,JKIL,EQ,320294,131397,41.02
20,1207,JKLAKSHMI,EQ,164677,59507,36.14
20,1208,JKPAPER,EQ,662661,297394,44.88
20,1209,JKTYRE,EQ,1299339,488558,37.60
20,1210,JLHL,EQ,69501,43329,62.34
20,1211,JMA,EQ,26202,15998,61.06
20,1212,JMFINANCIL,EQ,3626381,1642341,45.29
20,1213,JOCIL,EQ,14042,6694,47.67
20,1214,JPOLYINVST,EQ,27404,9337,34.07
20,1215,JPPOWER,EQ,23444290,11460214,48.88
20,1216,JSFB,EQ,792929,246735,31.12
20,1217,JSL,EQ,738610,348652,47.20
20,1218,JSLL,SM,28440,21240,74.68
20,1219,JSWENERGY,EQ,4066282,1749010,43.01
20,1220,JSWHL,EQ,2176,734,33.73
20,1221,JSWINFRA,EQ,6772580,2313564,34.16
20,1222,JSWSTEEL,EQ,1640412,789386,48.12
20,1223,JTEKTINDIA,EQ,145614,48655,33.41
20,1224,JTLIND,EQ,1150141,502115,43.66
20,1225,JUBLFOOD,EQ,1838898,793798,43.17
20,1226,JUBLINDS,EQ,7876,4220,53.58
20,1227,JUBLINGREA,EQ,779688,243964,31.29
20,1228,JUBLPHARMA,EQ,377456,152126,40.30
20,1229,JUNIORBEES,EQ,474819,284115,59.84
20,1230,JUNIPER,EQ,857463,770108,89.81
20,1231,JUSTDIAL,EQ,801635,415007,51.77
20,1232,JWL,EQ,3007494,1490382,49.56
20,1233,JYOTHYLAB,EQ,1333675,563962,42.29
20,1234,JYOTICNC,EQ,420045,257516,61.31
20,1235,JYOTISTRUC,EQ,3843045,2555777,66.50
20,1236,K2INFRA,ST,70800,66000,93.22
20,1237,KABRAEXTRU,EQ,177521,74622,42.04
20,1238,KAJARIACER,EQ,379116,165085,43.54
20,1239,KAKATCEM,EQ,11050,5340,48.33
20,1240,KALAMANDIR,EQ,344592,177621,51.55
20,1241,KALYANKJIL,EQ,7427646,2045556,27.54
20,1242,KAMATHOTEL,EQ,53524,35851,66.98
20,1243,KAMDHENU,EQ,121606,28949,23.81
20,1244,KAMOPAINTS,EQ,3767652,2140513,56.81
20,1245,KANANIIND,EQ,1093180,604117,55.26
20,1246,KANDARP,SM,28000,24000,85.71
20,1247,KANORICHEM,EQ,22931,11266,49.13
20,1248,KANPRPLA,EQ,20907,12023,57.51
20,1249,KANSAINER,EQ,497490,219917,44.21
20,1250,KARMAENG,EQ,53628,37853,70.58
20,1251,KARNIKA,SM,8800,8800,100.00
20,1252,KARURVYSYA,EQ,1931395,862548,44.66
20,1253,KAYNES,EQ,247583,77036,31.12
20,1254,KCEIL,ST,40000,37500,93.75
20,1255,KCK,SM,12000,10000,83.33
20,1256,KCP,EQ,4091387,1286651,31.45
20,1257,KCPSUGIND,EQ,1668973,701356,42.02
20,1258,KDDL,EQ,22548,10957,48.59
20,1259,KDL,ST,9800,8500,86.73
20,1260,KEC,EQ,328782,100467,30.56
20,1261,KECL,EQ,1427020,616297,43.19
20,1262,KEI,EQ,278594,119877,43.03
20,1263,KEL,SM,13200,9600,72.73
20,1264,KELLTONTEC,EQ,3433513,1583666,46.12
20,1265,KERNEX,EQ,304659,148401,48.71
20,1266,KESORAMIND,EQ,565160,243348,43.06
20,1267,KEYFINSERV,EQ,102266,38685,37.83
20,1268,KFINTECH,EQ,383463,165396,43.13
20,1269,KHADIM,EQ,91664,37944,41.39
20,1270,KHAICHEM,EQ,510154,167603,32.85
20,1271,KHAITANLTD,EQ,3089,1331,43.09
20,1272,KHANDSE,EQ,22639,7053,31.15
20,1273,KHFM,SM,49600,12400,25.00
20,1274,KILITCH,EQ,62774,25835,41.16
20,1275,KIMS,EQ,26395,15379,58.26
20,1276,KINGFA,EQ,18780,6578,35.03
20,1277,KIOCL,EQ,147879,36758,24.86
20,1278,KIRIINDUS,EQ,175768,91781,52.22
20,1279,KIRLOSBROS,EQ,141307,81939,57.99
20,1280,KIRLOSENG,EQ,113046,61852,54.71
20,1281,KIRLOSIND,EQ,2877,1123,39.03
20,1282,KIRLPNU,EQ,118494,60509,51.07
20,1283,KITEX,EQ,218164,80755,37.02
20,1284,KKCL,EQ,33098,15832,47.83
20,1285,KLL,SM,46400,36800,79.31
20,1286,KNAGRI,ST,2400,2400,100.00
20,1287,KNRCON,EQ,4910410,1267207,25.81
20,1288,KODYTECH,SM,12500,9300,74.40
20,1289,KOHINOOR,EQ,139222,59198,42.52
20,1290,KOKUYOCMLN,EQ,89008,35152,39.49
20,1291,KOLTEPATIL,EQ,135444,45403,33.52
20,1292,KONSTELEC,SM,43000,32000,74.42
20,1293,KONTOR,SM,57600,51600,89.58
20,1294,KOPRAN,EQ,235178,103556,44.03
20,1295,KORE,ST,6000,5500,91.67
20,1296,KOTAKBANK,EQ,6155196,2705404,43.95
20,1297,KOTARISUG,EQ,241705,79749,32.99
20,1298,KOTHARIPET,EQ,143505,71198,49.61
20,1299,KOTHARIPRO,EQ,23728,12974,54.68
20,1300,KOTYARK,SM,20300,11900,58.62
20,1301,KPIGREEN,EQ,986507,456337,46.26
20,1302,KPIL,EQ,302432,117151,38.74
20,1303,KPITTECH,EQ,1082313,447496,41.35
20,1304,KPRMILL,EQ,134098,49917,37.22
20,1305,KRBL,EQ,1073208,399478,37.22
20,1306,KREBSBIO,EQ,124645,47273,37.93
20,1307,KRISHANA,EQ,43087,17327,40.21
20,1308,KRISHCA,ST,32000,30000,93.75
20,1309,KRISHNADEF,ST,44000,39500,89.77
20,1310,KRITI,EQ,70312,39025,55.50
20,1311,KRITIKA,EQ,503061,304220,60.47
20,1312,KRITINUT,EQ,81424,37980,46.64
20,1313,KRONOX,EQ,188651,69034,36.59
20,1314,KRSNAA,EQ,97349,40776,41.89
20,1315,KRYSTAL,EQ,76759,32051,41.76
20,1316,KSB,EQ,71643,29187,40.74
20,1317,KSCL,EQ,2316153,375174,16.20
20,1318,KSL,EQ,75578,28002,37.05
20,1319,KSOLVES,EQ,53428,26912,50.37
20,1320,KTKBANK,EQ,2350073,1326079,56.43
20,1321,KTL,SM,6000,6000,100.00
20,1322,KUANTUM,EQ,81076,34396,42.42
20,1323,LAGNAM,EQ,31991,23395,73.13
20,1324,LAL,EQ,132505,71048,53.62
20,1325,LALPATHLAB,EQ,319697,149778,46.85
20,1326,LAMBODHARA,EQ,15553,9132,58.72
20,1327,LANCORHOL,EQ,120357,74530,61.92
20,1328,LANDMARK,EQ,90422,63856,70.62
20,1329,LAOPALA,EQ,305314,201321,65.94
20,1330,LASA,EQ,33675,18664,55.42
20,1331,LATENTVIEW,EQ,360748,192522,53.37
20,1332,LAURUSLABS,EQ,4846935,3176647,65.54
20,1333,LAWSIKHO,SM,48000,33000,68.75
20,1334,LAXMICOT,EQ,106286,14228,13.39
20,1335,LAXMIMACH,EQ,3918,1773,45.25
20,1336,LEMERITE,SM,214400,172800,80.60
20,1337,LEMONTREE,EQ,3817964,1504548,39.41
20,1338,LEXUS,EQ,14297,7851,54.91
20,1339,LFIC,EQ,18449,6076,32.93
20,1340,LGBBROSLTD,EQ,60732,30161,49.66
20,1341,LGHL,EQ,949,407,42.89
20,1342,LIBAS,EQ,255623,128861,50.41
20,1343,LIBERTSHOE,EQ,188547,68488,36.32
20,1344,LICHSGFIN,EQ,4674751,1873041,40.07
20,1345,LICI,EQ,6560323,2179156,33.22
20,1346,LICMFGOLD,EQ,687,526,76.56
20,1347,LICNETFGSC,EQ,7450,7037,94.46
20,1348,LICNETFN50,EQ,1881,1530,81.34
20,1349,LICNETFSEN,EQ,30,20,66.67
20,1350,LICNFNHGP,EQ,3047,1652,54.22
20,1351,LICNMID100,EQ,12922,10590,81.95
20,1352,LIKHITHA,EQ,558300,135667,24.30
20,1353,LINC,EQ,19390,8603,44.37
20,1354,LINCOLN,EQ,41008,23729,57.86
20,1355,LINDEINDIA,EQ,81857,28785,35.16
20,1356,LIQUID,EQ,139908,126786,90.62
20,1357,LIQUID1,EQ,131,88,67.18
20,1358,LIQUIDADD,EQ,548007,420220,76.68
20,1359,LIQUIDBEES,EQ,2937668,2618619,89.14
20,1360,LIQUIDBETF,EQ,4290,2050,47.79
20,1361,LIQUIDCASE,EQ,3476125,3270801,94.09
20,1362,LIQUIDETF,EQ,307795,209565,68.09
20,1363,LIQUIDIETF,EQ,1042577,590472,56.64
20,1364,LIQUIDSBI,EQ,2038,1563,76.69
20,1365,LIQUIDSHRI,EQ,18083,17688,97.82
20,1366,LLOYDS,SM,6000,6000,100.00
20,1367,LLOYDSENGG,EQ,10347830,3049268,29.47
20,1368,LLOYDSME,EQ,786703,500894,63.67
20,1369,LODHA,EQ,1185573,583540,49.22
20,1370,LOKESHMACH,EQ,52933,35864,67.75
20,1371,LOTUSEYE,EQ,316469,138395,43.73
20,1372,LOVABLE,EQ,82165,32131,39.11
20,1373,LOWVOL,EQ,7512,7382,98.27
20,1374,LOWVOL1,EQ,792681,690159,87.07
20,1375,LOWVOLIETF,EQ,3316244,2473252,74.58
20,1376,LOYALTEX,EQ,3172,1834,57.82
20,1377,LRRPL,SM,21000,18000,85.71
20,1378,LT,EQ,6957691,3525396,50.67
20,1379,LTF,EQ,9608735,2990291,31.12
20,1380,LTFOODS,EQ,1545648,587786,38.03
20,1381,LTGILTBEES,EQ,3164330,2601178,82.20
20,1382,LTIM,EQ,319279,125781,39.40
20,1383,LTTS,EQ,267076,84905,31.79
20,1384,LUMAXIND,EQ,6729,2879,42.78
20,1385,LUMAXTECH,EQ,312585,110603,35.38
20,1386,LUPIN,EQ,992689,609699,61.42
20,1387,LUXIND,EQ,195302,64083,32.81
20,1388,LXCHEM,EQ,946707,292149,30.86
20,1389,LYKALABS,EQ,82333,51642,62.72
20,1390,LYPSAGEMS,EQ,53744,44757,83.28
20,1391,MAANALU,EQ,60612,35083,57.88
20,1392,MADHAV,EQ,3989,2577,64.60
20,1393,MADHAVBAUG,SM,13600,13600,100.00
20,1394,MADHUSUDAN,SM,32000,22000,68.75
20,1395,MADRASFERT,EQ,5530514,898117,16.24
20,1396,MAFANG,EQ,637319,422825,66.34
20,1397,MAGADSUGAR,EQ,52301,18515,35.40
20,1398,MAGNUM,EQ,90813,43671,48.09
20,1399,MAGSON,SM,10000,6000,60.00
20,1400,MAHABANK,EQ,18174540,4548788,25.03
20,1401,MAHAPEXLTD,EQ,20541,12811,62.37
20,1402,MAHASTEEL,EQ,19707,12851,65.21
20,1403,MAHESHWARI,EQ,32661,16383,50.16
20,1404,MAHICKRA,SM,6000,6000,100.00
20,1405,MAHKTECH,EQ,421617,304413,72.20
20,1406,MAHLIFE,EQ,463248,224369,48.43
20,1407,MAHLOG,EQ,509072,212419,41.73
20,1408,MAHSCOOTER,EQ,14193,8649,60.94
20,1409,MAHSEAMLES,EQ,453251,211854,46.74
20,1410,MAITHANALL,EQ,62202,36832,59.21
20,1411,MAITREYA,SM,7200,6400,88.89
20,1412,MAKEINDIA,EQ,141864,127964,90.20
20,1413,MAL,SM,137600,86400,62.79
20,1414,MALLCOM,EQ,7998,4648,58.11
20,1415,MALUPAPER,EQ,34800,16089,46.23
20,1416,MANAKALUCO,EQ,133355,71456,53.58
20,1417,MANAKSIA,EQ,100522,42914,42.69
20,1418,MANAKSTEEL,EQ,50068,24652,49.24
20,1419,MANALIPETC,EQ,1225558,350239,28.58
20,1420,MANAPPURAM,EQ,15468823,6554748,42.37
20,1421,MANDEEP,ST,34000,32000,94.12
20,1422,MANGALAM,EQ,39339,18536,47.12
20,1423,MANGCHEFER,EQ,872535,261988,30.03
20,1424,MANGLMCEM,EQ,107289,55556,51.78
20,1425,MANINDS,EQ,444420,200789,45.18
20,1426,MANINFRA,EQ,768575,354603,46.14
20,1427,MANKIND,EQ,284304,139216,48.97
20,1428,MANOMAY,EQ,94135,10204,10.84
20,1429,MANORAMA,EQ,51195,35601,69.54
20,1430,MANORG,EQ,17285,11452,66.25
20,1431,MANUGRAPH,EQ,31979,17720,55.41
20,1432,MANYAVAR,EQ,63119,27180,43.06
20,1433,MAPMYINDIA,EQ,1467058,203959,13.90
20,1434,MARALOVER,EQ,48141,22173,46.06
20,1435,MARATHON,EQ,178610,69583,38.96
20,1436,MARCO,SM,39000,21000,53.85
20,1437,MARICO,EQ,1800272,826486,45.91
20,1438,MARINETRAN,SM,8000,8000,100.00
20,1439,MARKSANS,EQ,1504202,558511,37.13
20,1440,MARUTI,EQ,332258,134716,40.55
20,1441,MASFIN,EQ,304631,146423,48.07
20,1442,MASON,SM,312000,168000,53.85
20,1443,MASPTOP50,EQ,270405,193933,71.72
20,1444,MASTEK,EQ,92877,25036,26.96
20,1445,MASTER,ST,1000,1000,100.00
20,1446,MATRIMONY,EQ,28948,13148,45.42
20,1447,MAWANASUG,EQ,418380,141502,33.82
20,1448,MAXESTATES,EQ,217497,95557,43.93
20,1449,MAXHEALTH,EQ,1061114,689246,64.95
20,1450,MAXIND,EQ,34379,17460,50.79
20,1451,MAXPOSURE,SM,72000,44000,61.11
20,1452,MAYURUNIQ,EQ,65924,24491,37.15
20,1453,MAZDA,EQ,12429,5546,44.62
20,1454,MAZDOCK,EQ,4248962,772456,18.18
20,1455,MBAPL,EQ,13229,4872,36.83
20,1456,MBECL,EQ,172877,168946,97.73
20,1457,MCL,EQ,38011,25243,66.41
20,1458,MCLEODRUSS,EQ,536535,308777,57.55
20,1459,MCON,ST,7000,6000,85.71
20,1460,MCX,EQ,919312,219496,23.88
20,1461,MDL,SM,6000,6000,100.00
20,1462,MEDANTA,EQ,222479,133467,59.99
20,1463,MEDIASSIST,EQ,97376,39852,40.93
20,1464,MEDICAMEQ,EQ,10292,4093,39.77
20,1465,MEDIORG,SM,84000,44000,52.38
20,1466,MEDPLUS,EQ,60964,32512,53.33
20,1467,MEGAFLEX,SM,6000,6000,100.00
20,1468,MEGASOFT,EQ,136368,65207,47.82
20,1469,MEGASTAR,EQ,17632,7783,44.14
20,1470,MEGATHERM,ST,43600,36800,84.40
20,1471,MENONBE,EQ,127868,80663,63.08
20,1472,METROBRAND,EQ,65418,27431,41.93
20,1473,METROPOLIS,EQ,99658,28396,28.49
20,1474,MFSL,EQ,570999,310639,54.40
20,1475,MGL,EQ,542793,175444,32.32
20,1476,MHHL,SM,94500,73500,77.78
20,1477,MHLXMIRU,EQ,17176,11958,69.62
20,1478,MHRIL,EQ,233118,85502,36.68
20,1479,MICROPRO,SM,9600,6400,66.67
20,1480,MID150BEES,EQ,752593,457190,60.75
20,1481,MID150CASE,EQ,180392,159275,88.29
20,1482,MIDCAP,EQ,43791,24544,56.05
20,1483,MIDCAPETF,EQ,13507288,12982099,96.11
20,1484,MIDCAPIETF,EQ,1679635,349970,20.84
20,1485,MIDHANI,EQ,1409595,441998,31.36
20,1486,MIDQ50ADD,EQ,4886,3859,78.98
20,1487,MIDSELIETF,EQ,542259,348861,64.33
20,1488,MIDSMALL,EQ,739799,516702,69.84
20,1489,MINDACORP,EQ,203827,121449,59.58
20,1490,MINDSPACE,RR,214689,160006,74.53
20,1491,MINDTECK,EQ,313323,118664,37.87
20,1492,MIRCELECTR,EQ,1626466,892930,54.90
20,1493,MIRZAINT,EQ,1142773,378079,33.08
20,1494,MITCON,EQ,141615,62901,44.42
20,1495,MITTAL,EQ,997534,798643,80.06
20,1496,M&M,EQ,2572524,1194503,46.43
20,1497,M&MFIN,EQ,3373400,579502,17.18
20,1498,MMFL,EQ,68950,24768,35.92
20,1499,MMP,EQ,246902,126583,51.27
20,1500,MMTC,EQ,9730978,2202655,22.64
20,1501,MNC,EQ,201254,181762,90.31
20,1502,MODIRUBBER,EQ,4351,3549,81.57
20,1503,MODISONLTD,EQ,110977,50457,45.47
20,1504,MOGSEC,EQ,50250,41276,82.14
20,1505,MOHEALTH,EQ,42068,18717,44.49
20,1506,MOIL,EQ,1487823,384867,25.87
20,1507,MOKSH,EQ,409062,246690,60.31
20,1508,MOL,EQ,846585,324557,38.34
20,1509,MOLDTECH,EQ,119844,55690,46.47
20,1510,MOLDTKPAC,EQ,43919,31340,71.36
20,1511,MOLOWVOL,EQ,11365,6212,54.66
20,1512,MOM100,EQ,408127,174681,42.80
20,1513,MOM30IETF,EQ,3342401,1338544,40.05
20,1514,MOM50,EQ,1615,1483,91.83
20,1515,MOMENTUM,EQ,287760,239890,83.36
20,1516,MOMOMENTUM,EQ,341302,212172,62.17
20,1517,MON100,EQ,303606,189654,62.47
20,1518,MONARCH,EQ,193042,74491,38.59
20,1519,MONIFTY500,EQ,625961,485304,77.53
20,1520,MONOPHARMA,SM,4000,4000,100.00
20,1521,MONQ50,EQ,1071622,679076,63.37
20,1522,MONTECARLO,EQ,52507,22388,42.64
20,1523,MOQUALITY,EQ,8486,5134,60.50
20,1524,MOREALTY,EQ,401443,303874,75.70
20,1525,MOREPENLAB,EQ,4788791,1270987,26.54
20,1526,MOS,SM,24800,20800,83.87
20,1527,MOSMALL250,EQ,615625,348775,56.65
20,1528,MOTHERSON,EQ,14022446,5307556,37.85
20,1529,MOTILALOFS,EQ,879312,416459,47.36
20,1530,MOTISONS,EQ,946972,355130,37.50
20,1531,MOTOGENFIN,EQ,15957,2358,14.78
20,1532,MOVALUE,EQ,431109,282126,65.44
20,1533,MOXSH,ST,7200,7200,100.00
20,1534,MPHASIS,EQ,619277,216055,34.89
20,1535,MPSLTD,EQ,16640,9869,59.31
20,1536,MRF,EQ,18946,5385,28.42
20,1537,MRPL,EQ,13020058,2311592,17.75
20,1538,MSPL,EQ,301899,162869,53.95
20,1539,MSTCLTD,EQ,336630,112919,33.54
20,1540,MSUMI,EQ,4144608,1786202,43.10
20,1541,MTARTECH,EQ,336564,74769,22.22
20,1542,MTNL,EQ,119831624,21933634,18.30
20,1543,MUFIN,EQ,161155,60937,37.81
20,1544,MUFTI,EQ,191800,115247,60.09
20,1545,MUKANDLTD,EQ,263731,97266,36.88
20,1546,MUKKA,EQ,5816178,2260452,38.86
20,1547,MUKTAARTS,EQ,20993,18647,88.82
20,1548,MUNJALAU,EQ,154239,72142,46.77
20,1549,MUNJALSHOW,EQ,81646,36353,44.53
20,1550,MURUDCERA,EQ,144905,60212,41.55
20,1551,MUTHOOTCAP,EQ,84128,39117,46.50
20,1552,MUTHOOTFIN,EQ,1576637,808003,51.25
20,1553,MUTHOOTMF,EQ,191269,98897,51.71
20,1554,MVGJL,EQ,390219,146486,37.54
20,1555,MVKAGRO,SM,55200,45600,82.61
20,1556,MWL,SM,6000,4800,80.00
20,1557,NACLIND,EQ,93827,37428,39.89
20,1558,NAGAFERT,EQ,3829145,1531363,39.99
20,1559,NAGREEKEXP,EQ,539152,274982,51.00
20,1560,NAHARCAP,EQ,12862,7001,54.43
20,1561,NAHARINDUS,EQ,86383,36482,42.23
20,1562,NAHARPOLY,EQ,39972,25674,64.23
20,1563,NAHARSPING,EQ,246873,98041,39.71
20,1564,NAMAN,SM,35200,24000,68.18
20,1565,NAM-INDIA,EQ,2686007,1344977,50.07
20,1566,NATCOPHARM,EQ,890798,350549,39.35
20,1567,NATIONALUM,EQ,23709020,7899864,33.32
20,1568,NAUKRI,EQ,175448,97027,55.30
20,1569,NAVA,EQ,434379,149931,34.52
20,1570,NAVINFLUOR,EQ,123236,42906,34.82
20,1571,NAVINIFTY,EQ,10876,7666,70.49
20,1572,NAVKARCORP,EQ,3666235,1214132,33.12
20,1573,NAVNETEDUL,EQ,569087,232290,40.82
20,1574,NAZARA,EQ,290078,79046,27.25
20,1575,NBCC,EQ,61414616,14815774,24.12
20,1576,NCC,EQ,51096336,8121288,15.89
20,1577,NCLIND,EQ,778681,251193,32.26
20,1578,NDL,EQ,2599385,890251,34.25
20,1579,NDLVENTURE,EQ,9632,6873,71.36
20,1580,NDRAUTO,EQ,21855,9371,42.88
20,1581,NDTV,EQ,194529,71309,36.66
20,1582,NECCLTD,EQ,8013470,3129689,39.06
20,1583,NECLIFE,EQ,454509,111243,24.48
20,1584,NELCAST,EQ,120843,43778,36.23
20,1585,NELCO,EQ,124615,40849,32.78
20,1586,NEOGEN,EQ,32728,11848,36.20
20,1587,NEPHROCARE,SM,502400,308800,61.46
20,1588,NESCO,EQ,64174,26894,41.91
20,1589,NESTLEIND,EQ,968499,553337,57.13
20,1590,NETF,EQ,78343,72630,92.71
20,1591,NETWEB,EQ,173330,83288,48.05
20,1592,NETWORK18,EQ,4208152,2487487,59.11
20,1593,NEULANDLAB,EQ,25781,12550,48.68
20,1594,NEWGEN,EQ,525517,277331,52.77
20,1595,NEWJAISA,SM,39000,19500,50.00
20,1596,NEXT50,EQ,17241,8622,50.01
20,1597,NEXT50IETF,EQ,874083,593016,67.84
20,1598,NEXTMEDIA,EQ,23130,11785,50.95
20,1599,NFL,EQ,69516350,9615107,13.83
20,1600,NGIL,EQ,16857,9529,56.53
20,1601,NGILPP,E1,34147,27624,80.90
20,1602,NGLFINE,EQ,4066,1955,48.08
20,1603,NH,EQ,364007,167549,46.03
20,1604,NHPC,EQ,119253056,38406862,32.21
20,1605,NIACL,EQ,4793353,1512037,31.54
20,1606,NIBL,EQ,14727,8932,60.65
20,1607,NIDAN,SM,9000,7000,77.78
20,1608,NIF100BEES,EQ,34641,16283,47.00
20,1609,NIF100IETF,EQ,107549,66616,61.94
20,1610,NIF10GETF,EQ,440,358,81.36
20,1611,NIF5GETF,EQ,89,60,67.42
20,1612,NIFITETF,EQ,1200,881,73.42
20,1613,NIFMID150,EQ,1646,1481,89.98
20,1614,NIFTY1,EQ,78068,27580,35.33
20,1615,NIFTY50ADD,EQ,73336,52271,71.28
20,1616,NIFTYBEES,EQ,4876326,2734682,56.08
20,1617,NIFTYBETF,EQ,1364,785,57.55
20,1618,NIFTYETF,EQ,91993,73754,80.17
20,1619,NIFTYIETF,EQ,376151,244478,64.99
20,1620,NIFTYQLITY,EQ,53382,35404,66.32
20,1621,NIITLTD,EQ,5269144,1675870,31.81
20,1622,NIITMTS,EQ,305149,167875,55.01
20,1623,NILAINFRA,EQ,1443520,653393,45.26
20,1624,NILKAMAL,EQ,15783,10579,67.03
20,1625,NINSYS,EQ,6941,3495,50.35
20,1626,NIPPOBATRY,EQ,12105,6510,53.78
20,1627,NIRAJ,EQ,77254,28378,36.73
20,1628,NIRMAN,ST,89400,84000,93.96
20,1629,NITCO,EQ,97075,42915,44.21
20,1630,NITINSPIN,EQ,619578,218856,35.32
20,1631,NKIND,EQ,4778,2403,50.29
20,1632,NLCINDIA,EQ,7296334,2274593,31.17
20,1633,NMDC,EQ,13033258,5036080,38.64
20,1634,NOCIL,EQ,1134845,325504,28.68
20,1635,NORBTEAEXP,EQ,4019,2439,60.69
20,1636,NOVAAGRI,EQ,8687602,1806756,20.80
20,1637,NPBET,EQ,7347,6893,93.82
20,1638,NPST,SM,103800,59100,56.94
20,1639,NRAIL,EQ,24674,14375,58.26
20,1640,NRBBEARING,EQ,170485,73597,43.17
20,1641,NRL,EQ,183855,83602,45.47
20,1642,NSIL,EQ,4301,1860,43.25
20,1643,NSLNISP,EQ,6703071,2384535,35.57
20,1644,NTPC,EQ,49882257,21050158,42.20
20,1645,NUCLEUS,EQ,59219,32207,54.39
20,1646,NURECA,EQ,19664,8518,43.32
20,1647,NUVAMA,EQ,59536,24923,41.86
20,1648,NUVOCO,EQ,229180,104277,45.50
20,1649,NV20,EQ,16590,10187,61.40
20,1650,NV20BEES,EQ,28643,23354,81.53
20,1651,NV20IETF,EQ,1313638,394388,30.02
20,1652,NXST,RR,295316,264432,89.54
20,1653,NYKAA,EQ,3340925,1599510,47.88
20,1654,OAL,EQ,52778,23536,44.59
20,1655,OBCL,EQ,26886,12896,47.97
20,1656,OBEROIRLTY,EQ,4512836,1619831,35.89
20,1657,OFSS,EQ,270163,94198,34.87
20,1658,OIL,EQ,14343791,4331241,30.20
20,1659,OLECTRA,EQ,704539,250078,35.50
20,1660,OLIL,ST,3600,2400,66.67
20,1661,OMFURN,SM,26400,14400,54.55
20,1662,ONDOOR,SM,7200,4200,58.33
20,1663,ONEPOINT,EQ,2099992,815151,38.82
20,1664,ONGC,EQ,37871058,16185290,42.74
20,1665,ONMOBILE,EQ,2632169,614980,23.36
20,1666,ONWARDTEC,EQ,130698,54342,41.58
20,1667,OPTIEMUS,EQ,700556,267663,38.21
20,1668,ORBTEXP,EQ,6822,5292,77.57
20,1669,ORCHPHARMA,EQ,150610,46219,30.69
20,1670,ORIANA,SM,151050,91650,60.68
20,1671,ORICONENT,EQ,1026995,377597,36.77
20,1672,ORIENTALTL,EQ,44404,29124,65.59
20,1673,ORIENTBELL,EQ,20429,8020,39.26
20,1674,ORIENTCEM,EQ,5856780,1902561,32.48
20,1675,ORIENTCER,EQ,519588,451923,86.98
20,1676,ORIENTELEC,EQ,334222,148682,44.49
20,1677,ORIENTHOT,EQ,186335,64563,34.65
20,1678,ORIENTLTD,EQ,16772,4566,27.22
20,1679,ORIENTPPR,EQ,2914162,1048578,35.98
20,1680,ORISSAMINE,EQ,36790,10039,27.29
20,1681,ORTINLAB,EQ,45126,30171,66.86
20,1682,OSWALAGRO,EQ,87490,38228,43.69
20,1683,OSWALGREEN,EQ,337066,114172,33.87
20,1684,OSWALSEEDS,EQ,779613,320801,41.15
20,1685,OWAIS,SM,83200,67200,80.77
20,1686,PAGEIND,EQ,19072,6298,33.02
20,1687,PAISALO,EQ,2710448,1768488,65.25
20,1688,PAKKA,EQ,186519,101381,54.35
20,1689,PALASHSECU,EQ,14855,10826,72.88
20,1690,PANACEABIO,EQ,77343,33014,42.69
20,1691,PANAMAPET,EQ,340310,160782,47.25
20,1692,PANSARI,EQ,5349,3484,65.13
20,1693,PAR,EQ,60882,32017,52.59
20,1694,PARACABLES,EQ,809622,487655,60.23
20,1695,PARADEEP,EQ,10505860,3125772,29.75
20,1696,PARAGMILK,EQ,2099550,813374,38.74
20,1697,PARAGON,SM,24000,19200,80.00
20,1698,PARIN,SM,22000,18000,81.82
20,1699,PARKHOTELS,EQ,243177,117301,48.24
20,1700,PARSVNATH,EQ,309795,174715,56.40
20,1701,PARTYCRUS,SM,8000,7000,87.50
20,1702,PASHUPATI,SM,800,800,100.00
20,1703,PASUPTAC,EQ,200718,103206,51.42
20,1704,PATANJALI,EQ,608078,327610,53.88
20,1705,PATELENG,EQ,6431928,2526884,39.29
20,1706,PATINTLOG,EQ,546757,251303,45.96
20,1707,PAVNAIND,EQ,12007,5091,42.40
20,1708,PAYTM,EQ,3009397,1277152,42.44
20,1709,PCBL,EQ,3813979,1657513,43.46
20,1710,PCCL,SM,262400,154400,58.84
20,1711,PCJEWELLER,EQ,13060243,5802071,44.43
20,1712,PDMJEPAPER,EQ,414268,186944,45.13
20,1713,PDSL,EQ,69371,34360,49.53
20,1714,PEL,EQ,1525354,470894,30.87
20,1715,PENIND,EQ,869013,320524,36.88
20,1716,PENINLAND,EQ,1568111,643814,41.06
20,1717,PENTAGON,SM,8000,7000,87.50
20,1718,PERFECT,SM,150000,87000,58.00
20,1719,PERSISTENT,EQ,875195,289276,33.05
20,1720,PETRONET,EQ,6545361,2795903,42.72
20,1721,PFC,EQ,22524978,7062893,31.36
20,1722,PFIZER,EQ,56381,28096,49.83
20,1723,PFS,EQ,3901948,1321809,33.88
20,1724,PGEL,EQ,1639889,762969,46.53
20,1725,PGHH,EQ,10010,4466,44.62
20,1726,PGHL,EQ,18022,9860,54.71
20,1727,PGIL,EQ,654648,355655,54.33
20,1728,PGINVIT,IV,2267108,2004402,88.41
20,1729,PHANTOMFX,SM,96600,54000,55.90
20,1730,PHARMABEES,EQ,4413737,2426147,54.97
20,1731,PHOENIXLTD,EQ,297226,130209,43.81
20,1732,PIDILITIND,EQ,353101,187484,53.10
20,1733,PIIND,EQ,504040,207232,41.11
20,1734,PILANIINVS,EQ,7481,2494,33.34
20,1735,PILITA,EQ,460440,239985,52.12
20,1736,PIONEEREMB,EQ,25905,13889,53.62
20,1737,PITTIENG,EQ,113987,52133,45.74
20,1738,PIXTRANS,EQ,109998,37210,33.83
20,1739,PLADAINFO,SM,3000,3000,100.00
20,1740,PLASTIBLEN,EQ,41377,25266,61.06
20,1741,PLATIND,EQ,755438,294173,38.94
20,1742,PLAZACABLE,EQ,84113,40398,48.03
20,1743,PNB,EQ,28867094,7356365,25.48
20,1744,PNBGILTS,EQ,1775783,785502,44.23
20,1745,PNBHOUSING,EQ,1625765,786248,48.36
20,1746,PNC,EQ,56034,32107,57.30
20,1747,PNCINFRA,EQ,1424214,354612,24.90
20,1748,POCL,EQ,1995023,228518,11.45
20,1749,PODDARMENT,EQ,10858,4972,45.79
20,1750,POKARNA,EQ,99050,44164,44.59
20,1751,POLICYBZR,EQ,543452,322116,59.27
20,1752,POLYCAB,EQ,618868,235168,38.00
20,1753,POLYMED,EQ,65607,15726,23.97
20,1754,POLYPLEX,EQ,177343,86104,48.55
20,1755,POLYSIL,SM,4000,2000,50.00
20,1756,PONNIERODE,EQ,97551,35252,36.14
20,1757,POONAWALLA,EQ,2480211,1166263,47.02
20,1758,POWERGRID,EQ,15954324,8372608,52.48
20,1759,POWERINDIA,EQ,54777,22732,41.50
20,1760,POWERMECH,EQ,160914,45253,28.12
20,1761,PPAP,EQ,20987,12451,59.33
20,1762,PPL,EQ,587453,206810,35.20
20,1763,PPLPHARMA,EQ,6350723,2327188,36.64
20,1764,PRAENG,EQ,181148,104398,57.63
20,1765,PRAJIND,EQ,765645,250499,32.72
20,1766,PRAKASH,EQ,1577380,829323,52.58
20,1767,PRAMARA,SM,2000,2000,100.00
20,1768,PRATHAM,SM,56000,33600,60.00
20,1769,PRECAM,EQ,142657,76795,53.83
20,1770,PRECISION,SM,6000,6000,100.00
20,1771,PRECWIRE,EQ,873828,314879,36.03
20,1772,PREMIERPOL,EQ,36762,20172,54.87
20,1773,PRESSTONIC,SM,16000,11200,70.00
20,1774,PRESTIGE,EQ,1357712,581041,42.80
20,1775,PRICOLLTD,EQ,262579,93094,35.45
20,1776,PRIMESECU,EQ,26599,17014,63.96
20,1777,PRINCEPIPE,EQ,111906,46216,41.30
20,1778,PRITI,EQ,17215,12197,70.85
20,1779,PRITIKA,SM,66000,46000,69.70
20,1780,PRITIKAUTO,EQ,275382,157566,57.22
20,1781,PRIVISCL,EQ,12046,5188,43.07
20,1782,PRIZOR,ST,1345600,1166400,86.68
20,1783,PRLIND,SM,190000,108000,56.84
20,1784,PROLIFE,SM,1000,1000,100.00
20,1785,PROPEQUITY,SM,104400,103800,99.43
20,1786,PROV,SM,2720,1440,52.94
20,1787,PROZONER,EQ,723908,283886,39.22
20,1788,PRSMJOHNSN,EQ,387701,134241,34.62
20,1789,PRUDENT,EQ,46702,31969,68.45
20,1790,PRUDMOULI,EQ,8114,7031,86.65
20,1791,PSB,EQ,4291469,1505470,35.08
20,1792,PSPPROJECT,EQ,110499,57791,52.30
20,1793,PSUBANK,EQ,34814,14448,41.50
20,1794,PSUBANKADD,EQ,22627,15709,69.43
20,1795,PSUBNKBEES,EQ,3322656,1226300,36.91
20,1796,PSUBNKIETF,EQ,238976,82874,34.68
20,1797,PTC,EQ,2462354,922753,37.47
20,1798,PTL,EQ,132234,61176,46.26
20,1799,PULZ,SM,10000,5000,50.00
20,1800,PUNJABCHEM,EQ,9305,3862,41.50
20,1801,PURVFLEXI,SM,9600,9600,100.00
20,1802,PVP,EQ,770879,424484,55.06
20,1803,PVRINOX,EQ,722018,147012,20.36
20,1804,PVSL,EQ,306751,277707,90.53
20,1805,PVTBANIETF,EQ,1161403,634113,54.60
20,1806,PVTBANKADD,EQ,126788,86963,68.59
20,1807,PYRAMID,EQ,107734,67075,62.26
20,1808,QGOLDHALF,EQ,35080,24649,70.27
20,1809,QMSMEDI,SM,16000,14000,87.50
20,1810,QNIFTY,EQ,599,459,76.63
20,1811,QUADPRO,SM,12000,12000,100.00
20,1812,QUAL30IETF,EQ,1465939,1281496,87.42
20,1813,QUESS,EQ,1358495,552308,40.66
20,1814,QUESTLAB,SM,36000,33600,93.33
20,1815,QUICKHEAL,EQ,368744,123673,33.54
20,1816,QUICKTOUCH,SM,31500,17000,53.97
20,1817,RACE,EQ,21978,11844,53.89
20,1818,RADHIKAJWE,EQ,4625099,1205443,26.06
20,1819,RADIANTCMS,EQ,219172,142040,64.81
20,1820,RADICO,EQ,107279,36790,34.29
20,1821,RADIOCITY,EQ,465408,199016,42.76
20,1822,RADIOCITY,P1,6685,6658,99.60
20,1823,RADIOWALLA,SM,19200,17600,91.67
20,1824,RAILTEL,EQ,24569177,5240349,21.33
20,1825,RAIN,EQ,2022264,787710,38.95
20,1826,RAINBOW,EQ,177250,115578,65.21
20,1827,RAJESHEXPO,EQ,6778592,833348,12.29
20,1828,RAJMET,EQ,3483943,1932413,55.47
20,1829,RAJRATAN,EQ,31344,14852,47.38
20,1830,RAJSREESUG,EQ,210408,85218,40.50
20,1831,RALLIS,EQ,1744476,676756,38.79
20,1832,RAMANEWS,EQ,188638,83821,44.43
20,1833,RAMAPHO,EQ,19134,8262,43.18
20,1834,RAMASTEEL,EQ,17172477,2676049,15.58
20,1835,RAMCOCEM,EQ,2043929,754842,36.93
20,1836,RAMCOIND,EQ,97261,35128,36.12
20,1837,RAMCOSYS,EQ,52574,29359,55.84
20,1838,RAMKY,EQ,735624,296195,40.26
20,1839,RAMRAT,EQ,69438,30827,44.39
20,1840,RANASUG,EQ,1114503,418617,37.56
20,1841,RANEENGINE,EQ,46472,27651,59.50
20,1842,RANEHOLDIN,EQ,16640,10781,64.79
20,1843,RATEGAIN,EQ,462376,210375,45.50
20,1844,RATNAMANI,EQ,22252,8811,39.60
20,1845,RATNAVEER,EQ,940886,337087,35.83
20,1846,RBA,EQ,1567250,684055,43.65
20,1847,RBL,EQ,32171,10153,31.56
20,1848,RBLBANK,EQ,7026854,2821187,40.15
20,1849,RBMINFRA,SM,69800,50200,71.92
20,1850,RBS,SM,28800,20800,72.22
20,1851,RCDL,SM,36000,27000,75.00
20,1852,RCF,EQ,52974757,7359087,13.89
20,1853,RECLTD,EQ,21847141,5549970,25.40
20,1854,REDINGTON,EQ,1219071,571187,46.85
20,1855,REDTAPE,EQ,78124,34327,43.94
20,1856,REFEX,EQ,1422823,704296,49.50
20,1857,REFRACTORY,ST,24000,24000,100.00
20,1858,RELAXO,EQ,184506,83077,45.03
20,1859,RELCHEMQ,EQ,38769,15389,39.69
20,1860,RELIABLE,EQ,36007,32449,90.12
20,1861,RELIANCE,EQ,9026022,5111782,56.63
20,1862,RELIGARE,EQ,2130339,1296939,60.88
20,1863,RELINFRA,EQ,2517241,854133,33.93
20,1864,REMSONSIND,EQ,21139,11298,53.45
20,1865,REMUS,SM,5700,4200,73.68
20,1866,RENUKA,EQ,16765541,3615894,21.57
20,1867,REPCOHOME,EQ,436799,153964,35.25
20,1868,REPL,EQ,21573,10631,49.28
20,1869,REPRO,EQ,14170,7095,50.07
20,1870,RESPONIND,EQ,384679,57312,14.90
20,1871,RETAIL,EQ,54994,36284,65.98
20,1872,REXPIPES,SM,14000,8000,57.14
20,1873,RGL,EQ,251301,119981,47.74
20,1874,RHIM,EQ,119249,68828,57.72
20,1875,RHL,EQ,18274,9716,53.17
20,1876,RICHA,SM,3000,3000,100.00
20,1877,RICOAUTO,EQ,1014945,387906,38.22
20,1878,RIIL,EQ,313353,56019,17.88
20,1879,RILINFRA,ST,286800,231100,80.58
20,1880,RISHABH,EQ,210164,64451,30.67
20,1881,RITCO,EQ,162175,50301,31.02
20,1882,RITES,EQ,2436335,674587,27.69
20,1883,RKFORGE,EQ,655486,183408,27.98
20,1884,RKSWAMY,EQ,283509,135862,47.92
20,1885,RMDRIP,SM,2000,2000,100.00
20,1886,RML,EQ,8154,3469,42.54
20,1887,ROCKINGDCE,SM,37250,11750,31.54
20,1888,ROHLTD,EQ,366639,105072,28.66
20,1889,ROLEXRINGS,EQ,23610,9400,39.81
20,1890,ROSSARI,EQ,165886,98326,59.27
20,1891,ROSSELLIND,EQ,70604,24836,35.18
20,1892,ROTO,EQ,277962,111916,40.26
20,1893,ROUTE,EQ,199894,64587,32.31
20,1894,ROXHITECH,SM,32000,24000,75.00
20,1895,RPGLIFE,EQ,154283,37655,24.41
20,1896,RPOWER,EQ,23115494,10624891,45.96
20,1897,RPPINFRA,EQ,351839,136419,38.77
20,1898,RPPL,EQ,98168,82297,83.83
20,1899,RPSGVENT,EQ,61644,24064,39.04
20,1900,RPTECH,EQ,484312,160159,33.07
20,1901,RRKABEL,EQ,66088,29744,45.01
20,1902,RSWM,EQ,362713,213626,58.90
20,1903,RSYSTEMS,EQ,109150,43214,39.59
20,1904,RTNINDIA,EQ,4542703,2275147,50.08
20,1905,RTNPOWER,EQ,28917246,15102807,52.23
20,1906,RUBYMILLS,EQ,33854,16671,49.24
20,1907,RUCHINFRA,EQ,1260401,667820,52.98
20,1908,RUCHIRA,EQ,70502,34491,48.92
20,1909,RULKA,ST,13800,13200,95.65
20,1910,RUPA,EQ,223333,89138,39.91
20,1911,RUSHIL,EQ,220951,87262,39.49
20,1912,RUSTOMJEE,EQ,156427,91965,58.79
20,1913,RVHL,EQ,31940,16103,50.42
20,1914,RVNL,EQ,57366312,11830992,20.62
20,1915,SAAKSHI,ST,11400,10800,94.74
20,1916,SABAR,SM,125000,65000,52.00
20,1917,SADBHAV,EQ,875118,434420,49.64
20,1918,SADBHIN,EQ,340386,261052,76.69
20,1919,SADHAV,SM,54000,31200,57.78
20,1920,SADHNANIQ,EQ,821835,461299,56.13
20,1921,SAFARI,EQ,32871,12188,37.08
20,1922,SAGARDEEP,EQ,231963,64162,27.66
20,1923,SAGCEM,EQ,302183,157662,52.17
20,1924,SAH,EQ,81928,45909,56.04
20,1925,SAHAJSOLAR,ST,78400,78400,100.00
20,1926,SAHANA,SM,19500,13000,66.67
20,1927,SAHYADRI,EQ,8257,4838,58.59
20,1928,SAIFL,SM,44000,36800,83.64
20,1929,SAIL,EQ,25864567,6222487,24.06
20,1930,SAKAR,EQ,18156,6544,36.04
20,1931,SAKHTISUG,EQ,997002,332293,33.33
20,1932,SAKSOFT,EQ,271507,119351,43.96
20,1933,SAKUMA,EQ,14512372,3561594,24.54
20,1934,SALASAR,EQ,5446270,2420979,44.45
20,1935,SALONA,EQ,478,288,60.25
20,1936,SALZERELEC,EQ,100062,42703,42.68
20,1937,SAMBHAAV,EQ,325504,194290,59.69
20,1938,SAMHI,EQ,753079,337282,44.79
20,1939,SANDESH,EQ,3030,1721,56.80
20,1940,SANDHAR,EQ,132401,60166,45.44
20,1941,SANDUMA,EQ,184082,105320,57.21
20,1942,SANGAMIND,EQ,36068,21190,58.75
20,1943,SANGHIIND,EQ,692848,287815,41.54
20,1944,SANGHVIMOV,EQ,210590,80218,38.09
20,1945,SANGINITA,EQ,81679,64350,78.78
20,1946,SANOFI,EQ,17601,10647,60.49
20,1947,SANSERA,EQ,220402,119128,54.05
20,1948,SAPPHIRE,EQ,107324,69693,64.94
20,1949,SARDAEN,EQ,545066,183422,33.65
20,1950,SAREGAMA,EQ,210525,123946,58.87
20,1951,SARLAPOLY,EQ,1333160,454921,34.12
20,1952,SAROJA,SM,4800,3200,66.67
20,1953,SARTELE,SM,168000,92500,55.06
20,1954,SARVESHWAR,EQ,3965819,1917966,48.36
20,1955,SASKEN,EQ,19963,9000,45.08
20,1956,SASTASUNDR,EQ,48567,23085,47.53
20,1957,SATIA,EQ,289464,109799,37.93
20,1958,SATIN,EQ,403580,204769,50.74
20,1959,SATINDLTD,EQ,271132,112759,41.59
20,1960,SATIPOLY,ST,98000,98000,100.00
20,1961,SAURASHCEM,EQ,185704,61540,33.14
20,1962,SBC,EQ,2065825,449555,21.76
20,1963,SBCL,EQ,471295,200030,42.44
20,1964,SBFC,EQ,1422284,630311,44.32
20,1965,SBGLP,EQ,351348,133007,37.86
20,1966,SBICARD,EQ,2360731,954195,40.42
20,1967,SBIETFCON,EQ,9897,8889,89.82
20,1968,SBIETFIT,EQ,18459,11020,59.70
20,1969,SBIETFPB,EQ,20095,17002,84.61
20,1970,SBIETFQLTY,EQ,4186,3528,84.28
20,1971,SBILIFE,EQ,2145861,956084,44.55
20,1972,SBIN,EQ,18279212,5195965,28.43
20,1973,SBINEQWETF,EQ,24161,19176,79.37
20,1974,SBISILVER,EQ,190802,177434,92.99
20,1975,SCHAEFFLER,EQ,222073,117350,52.84
20,1976,SCHAND,EQ,73941,25922,35.06
20,1977,SCHNEIDER,EQ,291512,155938,53.49
20,1978,SCI,EQ,25230395,6187643,24.52
20,1979,SCILAL,EQ,8686964,2291000,26.37
20,1980,SCML,SM,16000,14000,87.50
20,1981,SCPL,EQ,46215,22286,48.22
20,1982,SDBL,EQ,1128648,542257,48.04
20,1983,SDL24BEES,EQ,2639,2461,93.26
20,1984,SDL26BEES,EQ,625,420,67.20
20,1985,SEAMECLTD,EQ,212177,100579,47.40
20,1986,SECL,SM,12500,12500,100.00
20,1987,SECMARK,EQ,1356,1161,85.62
20,1988,SECURKLOUD,EQ,17783,13661,76.82
20,1989,SEL,SM,4800,3600,75.00
20,1990,SELAN,EQ,137484,45801,33.31
20,1991,SELMC,EQ,11890,6494,54.62
20,1992,SENCO,EQ,1496465,717862,47.97
20,1993,SENSEXADD,EQ,2250,1445,64.22
20,1994,SENSEXETF,EQ,18991,11945,62.90
20,1995,SENSEXIETF,EQ,2499,1599,63.99
20,1996,SEPC,EQ,8165899,2713400,33.23
20,1997,SEQUENT,EQ,1837775,557637,30.34
20,1998,SERVICE,SM,52000,52000,100.00
20,1999,SERVOTECH,EQ,3179531,1426118,44.85
20,2000,SESHAPAPER,EQ,50819,18200,35.81
20,2001,SETF10GILT,EQ,9012,8756,97.16
20,2002,SETFGOLD,EQ,2383239,1864818,78.25
20,2003,SETFNIF50,EQ,2416575,2067622,85.56
20,2004,SETFNIFBK,EQ,812368,785351,96.67
20,2005,SETFNN50,EQ,47020,37230,79.18
20,2006,SFL,EQ,91587,38394,41.92
20,2007,SGBAPR28I,GB,442,396,89.59
20,2008,SGBAUG24,GB,928,733,78.99
20,2009,SGBAUG27,GB,242,197,81.40
20,2010,SGBAUG28V,GB,2862,2596,90.71
20,2011,SGBAUG29V,GB,309,301,97.41
20,2012,SGBAUG30,GB,311,256,82.32
20,2013,SGBD29VIII,GB,403,351,87.10
20,2014,SGBDC27VII,GB,66,66,100.00
20,2015,SGBDE30III,GB,476,323,67.86
20,2016,SGBDE31III,GB,4199,3526,83.97
20,2017,SGBDEC2513,GB,52,47,90.38
20,2018,SGBDEC25XI,GB,10,7,70.00
20,2019,SGBDEC26,GB,26,26,100.00
20,2020,SGBFEB28IX,GB,10,10,100.00
20,2021,SGBFEB29XI,GB,295,263,89.15
20,2022,SGBFEB32IV,GB,4070,3513,86.31
20,2023,SGBJ28VIII,GB,82,72,87.80
20,2024,SGBJAN26,GB,30,30,100.00
20,2025,SGBJAN27,GB,1,1,100.00
20,2026,SGBJAN29IX,GB,369,313,84.82
20,2027,SGBJAN29X,GB,261,217,83.14
20,2028,SGBJAN30IX,GB,291,243,83.51
20,2029,SGBJU29III,GB,557,520,93.36
20,2030,SGBJUL25,GB,546,264,48.35
20,2031,SGBJUL27,GB,79,76,96.20
20,2032,SGBJUL28IV,GB,3095,2751,88.89
20,2033,SGBJUL29IV,GB,2770,2500,90.25
20,2034,SGBJUN27,GB,91,85,93.41
20,2035,SGBJUN28,GB,806,661,82.01
20,2036,SGBJUN29II,GB,342,294,85.96
20,2037,SGBJUN30,GB,602,382,63.46
20,2038,SGBJUN31I,GB,1649,1299,78.78
20,2039,SGBMAR25,GB,764,525,68.72
20,2040,SGBMAR28X,GB,396,289,72.98
20,2041,SGBMAR30X,GB,231,203,87.88
20,2042,SGBMAR31IV,GB,196,180,91.84
20,2043,SGBMAY25,GB,359,315,87.74
20,2044,SGBMAY26,GB,275,175,63.64
20,2045,SGBMAY28,GB,938,823,87.74
20,2046,SGBMAY29I,GB,3062,2521,82.33
20,2047,SGBMR29XII,GB,560,451,80.54
20,2048,SGBN28VIII,GB,407,276,67.81
20,2049,SGBNOV24,GB,677,488,72.08
20,2050,SGBNOV25,GB,10,10,100.00
20,2051,SGBNOV258,GB,15,15,100.00
20,2052,SGBNOV25IX,GB,26,20,76.92
20,2053,SGBNOV25VI,GB,35,25,71.43
20,2054,SGBNOV26,GB,202,192,95.05
20,2055,SGBNV29VII,GB,626,538,85.94
20,2056,SGBOC28VII,GB,1458,1196,82.03
20,2057,SGBOCT25,GB,45,45,100.00
20,2058,SGBOCT25IV,GB,39,39,100.00
20,2059,SGBOCT25V,GB,50,30,60.00
20,2060,SGBOCT26,GB,24,23,95.83
20,2061,SGBOCT27,GB,441,436,98.87
20,2062,SGBOCT27VI,GB,31,23,74.19
20,2063,SGBSEP24,GB,256,225,87.89
20,2064,SGBSEP27,GB,94,93,98.94
20,2065,SGBSEP28VI,GB,394,355,90.10
20,2066,SGBSEP29VI,GB,1164,969,83.25
20,2067,SGBSEP31II,GB,4008,3070,76.60
20,2068,SGIL,EQ,51645,27770,53.77
20,2069,SGL,EQ,46158,18262,39.56
20,2070,SHAH,EQ,936462,722873,77.19
20,2071,SHAHALLOYS,EQ,17959,6837,38.07
20,2072,SHAILY,EQ,47350,24111,50.92
20,2073,SHALBY,EQ,264275,108110,40.91
20,2074,SHALPAINTS,EQ,141515,82386,58.22
20,2075,SHANKARA,EQ,59543,29439,49.44
20,2076,SHANTHALA,SM,3600,2400,66.67
20,2077,SHANTIGEAR,EQ,101118,35941,35.54
20,2078,SHARDACROP,EQ,1003388,266937,26.60
20,2079,SHARDAMOTR,EQ,51916,25913,49.91
20,2080,SHAREINDIA,EQ,1365281,437292,32.03
20,2081,SHAREINDIA,W1,1571,1468,93.44
20,2082,SHARIABEES,EQ,10234,5936,58.00
20,2083,SHEETAL,SM,56000,40000,71.43
20,2084,SHEMAROO,EQ,86894,39660,45.64
20,2085,SHERA,SM,301000,175000,58.14
20,2086,SHIGAN,SM,9000,9000,100.00
20,2087,SHILPAMED,EQ,380095,122961,32.35
20,2088,SHIVALIK,EQ,29472,13378,45.39
20,2089,SHIVAMAUTO,EQ,107956,53406,49.47
20,2090,SHIVAMILLS,EQ,3950,2586,65.47
20,2091,SHIVATEX,EQ,10315,5007,48.54
20,2092,SHK,EQ,216501,107694,49.74
20,2093,SHOPERSTOP,EQ,47320,17333,36.63
20,2094,SHREDIGCEM,EQ,757019,328567,43.40
20,2095,SHREECEM,EQ,90200,47756,52.94
20,2096,SHREEKARNI,ST,9000,7800,86.67
20,2097,SHREEOSFM,SM,13000,9000,69.23
20,2098,SHREEPUSHK,EQ,102793,45511,44.27
20,2099,SHREYANIND,EQ,52353,29137,55.65
20,2100,SHREYAS,EQ,247208,72090,29.16
20,2101,SHRIPISTON,EQ,59636,27251,45.70
20,2102,SHRIRAMFIN,EQ,2445493,1103638,45.13
20,2103,SHRIRAMPPS,EQ,1664859,585448,35.17
20,2104,SHRITECH,SM,38000,30000,78.95
20,2105,SHUBHLAXMI,SM,12000,10000,83.33
20,2106,SHYAMCENT,EQ,221385,141707,64.01
20,2107,SHYAMMETL,EQ,506979,282369,55.70
20,2108,SIDDHIKA,SM,3000,2000,66.67
20,2109,SIEMENS,EQ,643754,277782,43.15
20,2110,SIGACHI,EQ,923852,376390,40.74
20,2111,SIGIND,EQ,70228,34167,48.65
20,2112,SIGMA,EQ,7337,3752,51.14
20,2113,SIGNATURE,EQ,630131,98713,15.67
20,2114,SIGNORIA,SM,4000,4000,100.00
20,2115,SIGNPOST,EQ,49423,31180,63.09
20,2116,SIL,EQ,1063870,520031,48.88
20,2117,SILGO,EQ,84641,25223,29.80
20,2118,SILINV,EQ,13045,5177,39.69
20,2119,SILKFLEX,SM,670000,638000,95.22
20,2120,SILLYMONKS,EQ,6739,5973,88.63
20,2121,SILVER,EQ,341748,253798,74.26
20,2122,SILVER1,EQ,89885,59988,66.74
20,2123,SILVERADD,EQ,47374,45762,96.60
20,2124,SILVERBEES,EQ,17580132,12962144,73.73
20,2125,SILVERETF,EQ,407842,302521,74.18
20,2126,SILVERIETF,EQ,1321100,1128429,85.42
20,2127,SILVERTUC,EQ,28708,8920,31.07
20,2128,SILVRETF,EQ,40739,33536,82.32
20,2129,SIMPLEXINF,EQ,109005,100237,91.96
20,2130,SINCLAIR,EQ,130928,71529,54.63
20,2131,SINDHUTRAD,EQ,1821267,1277609,70.15
20,2132,SINTERCOM,EQ,79013,65116,82.41
20,2133,SIRCA,EQ,224257,92323,41.17
20,2134,SIS,EQ,102169,57331,56.11
20,2135,SIYSIL,EQ,74346,33885,45.58
20,2136,SJLOGISTIC,SM,56500,37500,66.37
20,2137,SJS,EQ,71278,36354,51.00
20,2138,SJVN,EQ,33060907,8408840,25.43
20,2139,SKFINDIA,EQ,21965,8956,40.77
20,2140,SKIPPER,EQ,573580,194246,33.87
20,2141,SKIPPERPP,E1,19146,16191,84.57
20,2142,SKMEGGPROD,EQ,185464,69444,37.44
20,2143,SKP,SM,57000,54000,94.74
20,2144,SLONE,ST,17600,14400,81.82
20,2145,SMALLCAP,EQ,1466832,1072614,73.12
20,2146,SMCGLOBAL,EQ,328626,126317,38.44
20,2147,SMLISUZU,EQ,13714,5246,38.25
20,2148,SMLT,EQ,25645,12414,48.41
20,2149,SMSLIFE,EQ,1971,1061,53.83
20,2150,SMSPHARMA,EQ,1321287,574819,43.50
20,2151,SMVD,SM,8080,8080,100.00
20,2152,SNOWMAN,EQ,2827793,1093720,38.68
20,2153,SOBHA,EQ,345550,142888,41.35
20,2154,SOBHAPP,E1,78259,76648,97.94
20,2155,SOFTTECH,EQ,8234,7034,85.43
20,2156,SOLARAPP,X1,8282,8182,98.79
20,2157,SOLARINDS,EQ,70596,35395,50.14
20,2158,SOLEX,SM,20600,11200,54.37
20,2159,SOMANYCERA,EQ,38120,15738,41.29
20,2160,SONACOMS,EQ,1200719,789401,65.74
20,2161,SONAMAC,SM,66000,34000,51.52
20,2162,SONAMLTD,EQ,1547183,514489,33.25
20,2163,SONATSOFTW,EQ,1501617,619452,41.25
20,2164,SONUINFRA,ST,3000,3000,100.00
20,2165,SOTAC,ST,4800,4800,100.00
20,2166,SOTL,EQ,87109,30700,35.24
20,2167,SOUTHBANK,EQ,24314102,8895602,36.59
20,2168,SOUTHWEST,EQ,369327,298504,80.82
20,2169,SPAL,EQ,17743,7572,42.68
20,2170,SPANDANA,EQ,118310,50018,42.28
20,2171,SPARC,EQ,367868,155441,42.25
20,2172,SPCENET,EQ,2077830,1066932,51.35
20,2173,SPCL,SM,276000,151200,54.78
20,2174,SPECIALITY,EQ,39833,18011,45.22
20,2175,SPECTRUM,SM,5750,4500,78.26
20,2176,SPECTSTM,SM,44800,38400,85.71
20,2177,SPENCERS,EQ,380053,152475,40.12
20,2178,SPIC,EQ,3189452,795804,24.95
20,2179,SPLIL,EQ,68744,28994,42.18
20,2180,SPLPETRO,EQ,113335,59038,52.09
20,2181,SPMLINFRA,EQ,90421,65741,72.71
20,2182,SPORTKING,EQ,375308,79352,21.14
20,2183,SPRL,ST,4800,4800,100.00
20,2184,SREEL,EQ,32819,13565,41.33
20,2185,SRF,EQ,1467130,701134,47.79
20,2186,SRGHFL,EQ,11848,5668,47.84
20,2187,SRHHYPOLTD,EQ,74498,28691,38.51
20,2188,SRIVASAVI,SM,15000,13000,86.67
20,2189,SRM,EQ,1098992,384255,34.96
20,2190,SSFL,SM,37000,20500,55.41
20,2191,SSWL,EQ,834823,350537,41.99
20,2192,STANLEY,EQ,578478,202637,35.03
20,2193,STAR,EQ,452827,218513,48.26
20,2194,STARCEMENT,EQ,778026,403909,51.91
20,2195,STARHEALTH,EQ,721521,396566,54.96
20,2196,STARPAPER,EQ,21972,8451,38.46
20,2197,STCINDIA,EQ,249561,80630,32.31
20,2198,STEELCAS,EQ,11588,5528,47.70
20,2199,STEELCITY,EQ,26734,12472,46.65
20,2200,STEELXIND,EQ,3781885,1265646,33.47
20,2201,STEL,EQ,4496,3060,68.06
20,2202,STERTOOLS,EQ,64508,26065,40.41
20,2203,STLTECH,EQ,2344451,889010,37.92
20,2204,STOVEKRAFT,EQ,115128,48544,42.17
20,2205,STYLAMIND,EQ,38688,15935,41.19
20,2206,STYRENIX,EQ,98776,37435,37.90
20,2207,SUBEXLTD,EQ,12374429,3137617,25.36
20,2208,SUBROS,EQ,87976,32958,37.46
20,2209,SUDARSCHEM,EQ,269692,119636,44.36
20,2210,SUKHJITS,EQ,16787,8590,51.17
20,2211,SULA,EQ,308342,140477,45.56
20,2212,SUMEETINDS,EQ,161669,161669,100.00
20,2213,SUMICHEM,EQ,847996,400939,47.28
20,2214,SUMMITSEC,EQ,10144,4002,39.45
20,2215,SUNCLAY,EQ,86709,67660,78.03
20,2216,SUNDARMFIN,EQ,180671,69727,38.59
20,2217,SUNDARMHLD,EQ,99352,42433,42.71
20,2218,SUNDRMBRAK,EQ,1231,710,57.68
20,2219,SUNDRMFAST,EQ,98908,44165,44.65
20,2220,SUNFLAG,EQ,583039,283907,48.69
20,2221,SUNPHARMA,EQ,1502677,925194,61.57
20,2222,SUNTECK,EQ,813602,375132,46.11
20,2223,SUNTV,EQ,525355,120573,22.95
20,2224,SUPERHOUSE,EQ,42245,22872,54.14
20,2225,SUPERSPIN,EQ,73431,50849,69.25
20,2226,SUPRAJIT,EQ,179036,84689,47.30
20,2227,SUPREMEIND,EQ,281648,174972,62.12
20,2228,SUPREMEPWR,ST,113000,92000,81.42
20,2229,SUPRIYA,EQ,150385,65417,43.50
20,2230,SURANASOL,EQ,864379,523057,60.51
20,2231,SURANI,SM,7600,5200,68.42
20,2232,SURYALAXMI,EQ,31730,16541,52.13
20,2233,SURYAROSNI,EQ,183337,70508,38.46
20,2234,SURYODAY,EQ,304247,137124,45.07
20,2235,SUTLEJTEX,EQ,389764,125197,32.12
20,2236,SUVEN,EQ,488894,273144,55.87
20,2237,SUVENPHAR,EQ,327666,181970,55.54
20,2238,SUVIDHAA,EQ,285292,161006,56.44
20,2239,SUZLON,EQ,281887693,115309645,40.91
20,2240,SVLL,EQ,1053,508,48.24
20,2241,SVPGLOB,EQ,71255,39144,54.94
20,2242,SWANENERGY,EQ,2272662,925492,40.72
20,2243,SWARAJ,SM,36000,29000,80.56
20,2244,SWARAJENG,EQ,41869,18458,44.09
20,2245,SWASTIK,SM,12000,7200,60.00
20,2246,SWELECTES,EQ,184629,51351,27.81
20,2247,SWSOLAR,EQ,1812822,728732,40.20
20,2248,SYLVANPLY,SM,254000,138000,54.33
20,2249,SYMPHONY,EQ,52613,20505,38.97
20,2250,SYNCOMF,EQ,7531314,2619724,34.78
20,2251,SYNGENE,EQ,650757,229134,35.21
20,2252,SYNOPTICS,SM,3000,2400,80.00
20,2253,SYRMA,EQ,562162,166213,29.57
20,2254,SYSTANGO,SM,22800,15600,68.42
20,2255,TAC,SM,32400,24000,74.07
20,2256,TAJGVK,EQ,582997,123655,21.21
20,2257,TAKE,EQ,202646,136681,67.45
20,2258,TALBROAUTO,EQ,306394,115906,37.83
20,2259,TANLA,EQ,643194,251914,39.17
20,2260,TARACHAND,EQ,38146,19898,52.16
20,2261,TARMAT,EQ,75352,42978,57.04
20,2262,TARSONS,EQ,56401,24010,42.57
20,2263,TASTYBITE,EQ,4197,1812,43.17
20,2264,TATACHEM,EQ,794063,227893,28.70
20,2265,TATACOMM,EQ,476069,205329,43.13
20,2266,TATACONSUM,EQ,5140297,2372115,46.15
20,2267,TATAELXSI,EQ,114304,57267,50.10
20,2268,TATAGOLD,EQ,8093328,7024293,86.79
20,2269,TATAINVEST,EQ,23116,13332,57.67
20,2270,TATAMOTORS,EQ,10384177,4489578,43.23
20,2271,TATAMTRDVR,EQ,2083965,1143238,54.86
20,2272,TATAPOWER,EQ,17985870,5427429,30.18
20,2273,TATASTEEL,EQ,37077411,12544829,33.83
20,2274,TATATECH,EQ,761466,391757,51.45
20,2275,TATSILV,EQ,2262945,2001098,88.43
20,2276,TATVA,EQ,24963,11031,44.19
20,2277,TBI,ST,202800,156000,76.92
20,2278,TBOTEK,EQ,27623,10589,38.33
20,2279,TBZ,EQ,7047980,1749729,24.83
20,2280,TCI,EQ,210730,65842,31.24
20,2281,TCIEXP,EQ,34976,14472,41.38
20,2282,TCL,SM,75200,40800,54.26
20,2283,TCNSBRANDS,EQ,210138,72842,34.66
20,2284,TCPLPACK,EQ,2390,960,40.17
20,2285,TCS,EQ,2365208,1466191,61.99
20,2286,TDPOWERSYS,EQ,611404,204294,33.41
20,2287,TEAMLEASE,EQ,632452,196065,31.00
20,2288,TECH,EQ,26903,20989,78.02
20,2289,TECHLABS,ST,37000,30000,81.08
20,2290,TECHM,EQ,1640492,903021,55.05
20,2291,TEGA,EQ,59024,27568,46.71
20,2292,TEJASNET,EQ,1259594,538498,42.75
20,2293,TEMBO,EQ,44629,10799,24.20
20,2294,TEXINFRA,EQ,1347766,503167,37.33
20,2295,TEXMOPIPES,EQ,171239,74820,43.69
20,2296,TEXRAIL,EQ,9189139,3056014,33.26
20,2297,TFCILTD,EQ,4289093,844069,19.68
20,2298,TGBHOTELS,EQ,92357,54346,58.84
20,2299,TGL,ST,154800,142800,92.25
20,2300,THANGAMAYL,EQ,163101,64537,39.57
20,2301,THEJO,EQ,18939,7459,39.38
20,2302,THEMISMED,EQ,57957,34812,60.07
20,2303,THERMAX,EQ,74156,32451,43.76
20,2304,THOMASCOOK,EQ,1114567,550893,49.43
20,2305,THYROCARE,EQ,100396,52197,51.99
20,2306,TI,EQ,457251,171432,37.49
20,2307,TIDEWATER,EQ,40560,15081,37.18
20,2308,TIIL,EQ,13783,6264,45.45
20,2309,TIINDIA,EQ,167080,93514,55.97
20,2310,TIMESCAN,SM,10000,8000,80.00
20,2311,TIMESGTY,EQ,9237,1085,11.75
20,2312,TIMETECHNO,EQ,1963048,382405,19.48
20,2313,TIMKEN,EQ,107340,61085,56.91
20,2314,TIPSFILMS,EQ,4408,3314,75.18
20,2315,TIPSINDLTD,EQ,316292,153404,48.50
20,2316,TIRUMALCHM,EQ,384840,129496,33.65
20,2317,TIRUPATI,SM,7500,7500,100.00
20,2318,TITAGARH,EQ,1596896,781214,48.92
20,2319,TITAN,EQ,7159507,2886748,40.32
20,2320,TMB,EQ,137195,87605,63.85
20,2321,TNIDETF,EQ,58456,36451,62.36
20,2322,TNPETRO,EQ,1157353,370411,32.01
20,2323,TNPL,EQ,145883,78505,53.81
20,2324,TOKYOPLAST,EQ,8105,4230,52.19
20,2325,TOP100CASE,EQ,170567,116121,68.08
20,2326,TORNTPHARM,EQ,585410,261119,44.60
20,2327,TORNTPOWER,EQ,577864,131648,22.78
20,2328,TOUCHWOOD,EQ,5904,2628,44.51
20,2329,TPLPLASTEH,EQ,1204035,389651,32.36
20,2330,TRACXN,EQ,1836794,734054,39.96
20,2331,TRANSTEEL,SM,92000,52000,56.52
20,2332,TRANSWIND,SM,8000,8000,100.00
20,2333,TREEHOUSE,EQ,14178,10625,74.94
20,2334,TREL,EQ,870015,484482,55.69
20,2335,TRENT,EQ,763626,339064,44.40
20,2336,TRIDENT,EQ,9069938,2963801,32.68
20,2337,TRIDHYA,SM,42000,36000,85.71
20,2338,TRITURBINE,EQ,424957,208430,49.05
20,2339,TRIVENI,EQ,611006,220111,36.02
20,2340,TRU,EQ,20551811,2115418,10.29
20,2341,TRUST,ST,54000,50400,93.33
20,2342,TTKHLTCARE,EQ,10503,5860,55.79
20,2343,TTKPRESTIG,EQ,209635,107903,51.47
20,2344,TTL,EQ,51813,23996,46.31
20,2345,TTML,EQ,115826031,15009366,12.96
20,2346,TUNWAL,ST,4260000,4260000,100.00
20,2347,TV18BRDCST,EQ,12841071,5938197,46.24
20,2348,TVSELECT,EQ,54726,17331,31.67
20,2349,TVSHLTD,EQ,4113,1847,44.91
20,2350,TVSMOTOR,EQ,836325,273914,32.75
20,2351,TVSSCS,EQ,1113519,466270,41.87
20,2352,TVSSRICHAK,EQ,5641,2984,52.90
20,2353,TVTODAY,EQ,334438,177311,53.02
20,2354,UBL,EQ,376361,207291,55.08
20,2355,UCAL,EQ,46139,24546,53.20
20,2356,UCL,SM,82000,66000,80.49
20,2357,UCOBANK,EQ,14925419,3890864,26.07
20,2358,UDAICEMENT,EQ,1245102,499116,40.09
20,2359,UDS,EQ,307701,196252,63.78
20,2360,UFLEX,EQ,120556,73091,60.63
20,2361,UFO,EQ,191380,78924,41.24
20,2362,UGARSUGAR,EQ,437903,216134,49.36
20,2363,UGROCAP,EQ,240215,111987,46.62
20,2364,UJJIVANSFB,EQ,12336811,5909459,47.90
20,2365,ULTRACEMCO,EQ,525157,221399,42.16
20,2366,UMA,SM,52000,36000,69.23
20,2367,UMAEXPORTS,EQ,72588,43376,59.76
20,2368,UNICHEMLAB,EQ,6446,3504,54.36
20,2369,UNIDT,EQ,33256,16233,48.81
20,2370,UNIENTER,EQ,18512,9025,48.75
20,2371,UNIHEALTH,SM,10000,8000,80.00
20,2372,UNIINFO,EQ,16685,7732,46.34
20,2373,UNIONBANK,EQ,12529462,4281642,34.17
20,2374,UNIPARTS,EQ,80156,46526,58.04
20,2375,UNITDSPR,EQ,1093010,406162,37.16
20,2376,UNITEDPOLY,EQ,15563,9582,61.57
20,2377,UNITEDTEA,EQ,3305,2098,63.48
20,2378,UNIVCABLES,EQ,99023,42741,43.16
20,2379,UNIVPHOTO,EQ,502,394,78.49
20,2380,UNOMINDA,EQ,749187,334856,44.70
20,2381,UPL,EQ,2813862,702162,24.95
20,2382,URAVI,EQ,1974,1209,61.25
20,2383,URBAN,SM,28400,21600,76.06
20,2384,URJA,EQ,4932837,2226140,45.13
20,2385,USASEEDS,SM,600,300,50.00
20,2386,USHAMART,EQ,1225727,702720,57.33
20,2387,UTIAMC,EQ,160945,78010,48.47
20,2388,UTIBANKETF,EQ,75673,63869,84.40
20,2389,UTINEXT50,EQ,133025,93378,70.20
20,2390,UTINIFTETF,EQ,15678,14153,90.27
20,2391,UTISENSETF,EQ,1144,775,67.74
20,2392,UTISXN50,EQ,5703,5307,93.06
20,2393,UTKARSHBNK,EQ,2311007,919962,39.81
20,2394,UTTAMSUGAR,EQ,131595,66522,50.55
20,2395,VADILALIND,EQ,15374,6445,41.92
20,2396,VAIBHAVGBL,EQ,650631,230323,35.40
20,2397,VAISHALI,EQ,61529,25147,40.87
20,2398,VAKRANGEE,EQ,16523470,5570099,33.71
20,2399,VALIANTLAB,EQ,100761,22251,22.08
20,2400,VALIANTORG,EQ,60019,26314,43.84
20,2401,VARDHACRLC,EQ,95593,51850,54.24
20,2402,VARDMNPOLY,EQ,133437,95526,71.59
20,2403,VARROC,EQ,276079,93375,33.82
20,2404,VASA,ST,24000,12000,50.00
20,2405,VASCONEQ,EQ,2746966,1065071,38.77
20,2406,VASWANI,EQ,146674,82680,56.37
20,2407,VBL,EQ,1447732,873014,60.30
20,2408,VEDL,EQ,33154992,11642992,35.12
20,2409,VEEKAYEM,SM,500,500,100.00
20,2410,VELS,SM,7200,6000,83.33
20,2411,VENKEYS,EQ,39499,11404,28.87
20,2412,VENUSPIPES,EQ,33093,13355,40.36
20,2413,VENUSREM,EQ,40106,15114,37.69
20,2414,VERA,SM,28500,16500,57.89
20,2415,VERITAAS,SM,2400,2400,100.00
20,2416,VERTEXPLUS,ST,600,600,100.00
20,2417,VESUVIUS,EQ,42639,21229,49.79
20,2418,VETO,EQ,271483,119138,43.88
20,2419,VGUARD,EQ,255609,115670,45.25
20,2420,VHL,EQ,2162,839,38.81
20,2421,VIAZ,SM,2000,2000,100.00
20,2422,VIDHIING,EQ,41457,22700,54.76
20,2423,VIJAYA,EQ,63714,23819,37.38
20,2424,VIKASECO,EQ,13004786,5326513,40.96
20,2425,VIKASLIFE,EQ,12796553,6141734,48.00
20,2426,VILAS,ST,307000,301000,98.05
20,2427,VIMTALABS,EQ,113558,15591,13.73
20,2428,VINATIORGA,EQ,63079,29195,46.28
20,2429,VINDHYATEL,EQ,33754,14468,42.86
20,2430,VINEETLAB,EQ,53928,34071,63.18
20,2431,VINNY,EQ,204225,135584,66.39
20,2432,VINSYS,SM,9000,7000,77.78
20,2433,VINYAS,ST,14000,12600,90.00
20,2434,VINYLINDIA,EQ,44750,16143,36.07
20,2435,VIPIND,EQ,500860,216905,43.31
20,2436,VIPULLTD,EQ,266704,114906,43.08
20,2437,VIRINCHI,EQ,1081334,624389,57.74
20,2438,VISAKAIND,EQ,910274,335837,36.89
20,2439,VISAMAN,SM,21000,18000,85.71
20,2440,VISHNU,EQ,299106,139735,46.72
20,2441,VISHNUINFR,SM,34500,27500,79.71
20,2442,VISHWARAJ,EQ,1057308,354905,33.57
20,2443,VISHWAS,SM,366400,280000,76.42
20,2444,VITAL,ST,56400,55200,97.87
20,2445,VIVIANA,ST,25000,23500,94.00
20,2446,VIVO,SM,1600,1600,100.00
20,2447,VLEGOV,EQ,1237212,626394,50.63
20,2448,VLSFINANCE,EQ,103960,52298,50.31
20,2449,VMARCIND,SM,196000,127000,64.80
20,2450,VMART,EQ,46476,19502,41.96
20,2451,VOLTAMP,EQ,22012,7203,32.72
20,2452,VOLTAS,EQ,639411,294982,46.13
20,2453,VPRPL,EQ,3078059,1236503,40.17
20,2454,VR,SM,6400,6400,100.00
20,2455,VRAJ,EQ,197540,94807,47.99
20,2456,VRLLOG,EQ,60926,25372,41.64
20,2457,VSSL,EQ,64218,25606,39.87
20,2458,VSTIND,EQ,88192,25697,29.14
20,2459,VSTTILLERS,EQ,18205,6896,37.88
20,2460,VTL,EQ,242293,84634,34.93
20,2461,WABAG,EQ,1251206,395576,31.62
20,2462,WALCHANNAG,EQ,1237053,400606,32.38
20,2463,WALPAR,SM,11000,11000,100.00
20,2464,WANBURY,EQ,228009,120709,52.94
20,2465,WEALTH,EQ,29264,15226,52.03
20,2466,WEL,EQ,36067,4814,13.35
20,2467,WELCORP,EQ,865237,319661,36.94
20,2468,WELENT,EQ,248084,91021,36.69
20,2469,WELINV,EQ,269,154,57.25
20,2470,WELSPUNLIV,EQ,5358508,1850203,34.53
20,2471,WENDT,EQ,1504,563,37.43
20,2472,WESTLIFE,EQ,25711,9790,38.08
20,2473,WHEELS,EQ,61300,23284,37.98
20,2474,WHIRLPOOL,EQ,116025,79389,68.42
20,2475,WILLAMAGOR,EQ,18240,10066,55.19
20,2476,WINDLAS,EQ,116864,62419,53.41
20,2477,WINDMACHIN,EQ,145961,88759,60.81
20,2478,WINNY,SM,20000,9000,45.00
20,2479,WINSOL,SM,75200,41600,55.32
20,2480,WIPL,EQ,3463,1759,50.79
20,2481,WIPRO,EQ,12923816,4235782,32.78
20,2482,WOMANCART,ST,4800,4800,100.00
20,2483,WONDERLA,EQ,72811,41444,56.92
20,2484,WORTH,EQ,60300,30774,51.03
20,2485,WSI,EQ,434624,176113,40.52
20,2486,WSTCSTPAPR,EQ,132547,64066,48.33
20,2487,WTICAB,SM,76000,42000,55.26
20,2488,XCHANGING,EQ,786038,256594,32.64
20,2489,XELPMOC,EQ,49322,20122,40.80
20,2490,XPROINDIA,EQ,19260,7441,38.63
20,2491,YAARI,EQ,136579,123119,90.14
20,2492,YASHO,EQ,17100,10435,61.02
20,2493,YASHOPTICS,SM,68800,49600,72.09
20,2494,YATHARTH,EQ,373710,262991,70.37
20,2495,YATRA,EQ,646070,254116,39.33
20,2496,YESBANK,EQ,183384210,56806310,30.98
20,2497,YUDIZ,ST,6400,6400,100.00
20,2498,YUKEN,EQ,32739,16821,51.38
20,2499,ZAGGLE,EQ,1617386,543129,33.58
20,2500,ZEAL,SM,6600,4800,72.73
20,2501,ZEEL,EQ,15815164,6040164,38.19
20,2502,ZEEMEDIA,EQ,8463826,2104577,24.87
20,2503,ZENITHDRUG,SM,150400,104000,69.15
20,2504,ZENSARTECH,EQ,3988863,605736,15.19
20,2505,ZENTEC,EQ,717746,362037,50.44
20,2506,ZFCVINDIA,EQ,6834,2666,39.01
20,2507,ZIMLAB,EQ,264502,107335,40.58
20,2508,ZOMATO,EQ,36589825,19329672,52.83
20,2509,ZOTA,EQ,31118,18811,60.45
20,2510,ZTECH,SM,255600,172800,67.61
20,2511,ZUARI,EQ,578958,198861,34.35
20,2512,ZUARIIND,EQ,184837,61654,33.36
20,2513,ZYDUSLIFE,EQ,997963,350857,35.16
20,2514,ZYDUSWELL,EQ,47525,21293,44.80
