Security Wise Delivery Position - Compulsory Rolling Settlement
10,MTO,15042024,1522247217,0002413
Trade Date <15-APR-2024>,Settlement Type <N>
Record Type,Sr No,Name of Security,Quantity Traded,Deliverable Quantity(gross across client level),% of Deliverable Quantity to Traded Quantity
20,1,1018GS2026,GS,102,102,100.00
20,2,182D031024,TB,3000,3000,100.00
20,3,182D040724,TB,100,100,100.00
20,4,182D050924,TB,3300,3300,100.00
20,5,182D060624,TB,1200,1200,100.00
20,6,182D080824,TB,100,100,100.00
20,7,182D090524,TB,100,100,100.00
20,8,182D110724,TB,200,200,100.00
20,9,182D160524,TB,1000,1000,100.00
20,10,182D180724,TB,2700,2700,100.00
20,11,182D190924,TB,400,400,100.00
20,12,182D200624,TB,19300,17300,89.64
20,13,182D220824,TB,900,900,100.00
20,14,182D230524,TB,1000,1000,100.00
20,15,182D250724,TB,100,100,100.00
20,16,182D260924,TB,100,100,100.00
20,17,182D270624,TB,1800,1800,100.00
20,18,182D290824,TB,200,200,100.00
20,19,182D300524,TB,200,200,100.00
20,20,20MICRONS,EQ,261664,110013,42.04
20,21,360ONE,EQ,257991,135593,52.56
20,22,364D020125,TB,100,100,100.00
20,23,364D110425,TB,6400,6400,100.00
20,24,364D121224,TB,200,100,50.00
20,25,364D180424,TB,9800,9800,100.00
20,26,364D200225,TB,100,100,100.00
20,27,364D281124,TB,100,100,100.00
20,28,3IINFOLTD,EQ,1263745,662556,52.43
20,29,3MINDIA,EQ,3467,2223,64.12
20,30,515GS2025,GS,10,5,50.00
20,31,563GS2026,GS,8,6,75.00
20,32,574GS2026,GS,1003,1003,100.00
20,33,5PAISA,EQ,98112,33120,33.76
20,34,610GS2031,GS,102,102,100.00
20,35,63MOONS,EQ,374633,168951,45.10
20,36,654GS2032,GS,108200,100000,92.42
20,37,667GS2050,GS,7687,7687,100.00
20,38,669GS2024,GS,15964,10382,65.03
20,39,676GS2061,GS,1000,1000,100.00
20,40,689GS2025,GS,1000,1000,100.00
20,41,68GS2060,GS,920,920,100.00
20,42,703TN30,SG,300,300,100.00
20,43,706GS2028,GS,153199,153199,100.00
20,44,710GS2029,GS,108,105,97.22
20,45,717GS2030,GS,28818,28818,100.00
20,46,718GS2033,GS,124310,78010,62.75
20,47,718GS2037,GS,51041,51041,100.00
20,48,71GS2034,GS,1750,1750,100.00
20,49,725GS2063,GS,157355,157355,100.00
20,50,726GS2032,GS,12000,12000,100.00
20,51,726GS2033,GS,6,3,50.00
20,52,732GS2030,GS,5800,5800,100.00
20,53,733GS2026,GS,28930,23030,79.61
20,54,736GS2052,GS,31289,31289,100.00
20,55,737GS2028,GS,10745,10740,99.95
20,56,738GS2027,GS,243540,239179,98.21
20,57,73GS2053,GS,73200,53200,72.68
20,58,741GS2036,GS,17900,11000,61.45
20,59,746GS2073,GS,18301,18300,99.99
20,60,747PN43,SG,300,300,100.00
20,61,74GS2062,GS,12751,12751,100.00
20,62,754GS2036,GS,394455,382515,96.97
20,63,758GJ26,SG,300,300,100.00
20,64,759GS2026,GS,98,98,100.00
20,65,767KA36,SG,100,100,100.00
20,66,771AP31,SG,100,100,100.00
20,67,77TS38,SG,100,100,100.00
20,68,824GS2027,GS,3767,3767,100.00
20,69,828GS2027,GS,11196,11196,100.00
20,70,83GS2040,GS,378,378,100.00
20,71,91D020524,TB,3500,3500,100.00
20,72,91D040724,TB,14200,14200,100.00
20,73,91D060624,TB,700,500,71.43
20,74,91D090524,TB,1800,1800,100.00
20,75,91D120724,TB,2100,1700,80.95
20,76,91D130624,TB,700,600,85.71
20,77,91D160524,TB,9200,9200,100.00
20,78,91D180424,TB,2800,2800,100.00
20,79,91D200624,TB,1100,1100,100.00
20,80,91D230524,TB,700,700,100.00
20,81,91D250424,TB,1100,1100,100.00
20,82,91D270624,TB,5000,5000,100.00
20,83,91D300524,TB,400,300,75.00
20,84,92GS2030,GS,2880,2780,96.53
20,85,AAATECH,EQ,71755,40918,57.02
20,86,AAKASH,EQ,508496,325896,64.09
20,87,AARON,EQ,9594,7214,75.19
20,88,AARTECH,EQ,120010,49536,41.28
20,89,AARTIDRUGS,EQ,146188,64436,44.08
20,90,AARTIIND,EQ,1362609,457796,33.60
20,91,AARTIPHARM,EQ,293692,167509,57.04
20,92,AARTISURF,EQ,84023,33282,39.61
20,93,AARTISURF,P1,28,8,28.57
20,94,AARVEEDEN,EQ,22404,15590,69.59
20,95,AARVI,EQ,1010662,300029,29.69
20,96,AATMAJ,SM,2000,2000,100.00
20,97,AAVAS,EQ,337101,170449,50.56
20,98,ABB,EQ,333967,166883,49.97
20,99,ABBOTINDIA,EQ,22533,12590,55.87
20,100,ABCAPITAL,EQ,11949451,3807928,31.87
20,101,ABFRL,EQ,2905882,966074,33.25
20,102,ABINFRA,SM,24000,16000,66.67
20,103,ABMINTLLTD,EQ,1586,989,62.36
20,104,ABSLAMC,EQ,452535,327651,72.40
20,105,ABSLBANETF,EQ,18483,10639,57.56
20,106,ABSLLIQUID,EQ,10381,9582,92.30
20,107,ABSLNN50ET,EQ,15276,8298,54.32
20,108,ACC,EQ,228287,77982,34.16
20,109,ACCELYA,EQ,28843,12276,42.56
20,110,ACCENTMIC,SM,32000,21000,65.63
20,111,ACE,EQ,305422,147450,48.28
20,112,ACEINTEG,EQ,183054,62004,33.87
20,113,ACI,EQ,1557173,444816,28.57
20,114,ACL,EQ,77329,37953,49.08
20,115,ACLGATI,EQ,348562,160855,46.15
20,116,ACSAL,SM,6000,3000,50.00
20,117,ADANIENSOL,EQ,1053977,338686,32.13
20,118,ADANIENT,EQ,1035378,390255,37.69
20,119,ADANIGREEN,EQ,978516,488013,49.87
20,120,ADANIPORTS,EQ,3372368,1464035,43.41
20,121,ADANIPOWER,EQ,4499953,1862303,41.38
20,122,ADFFOODS,EQ,75212,40042,53.24
20,123,ADL,EQ,2782,2006,72.11
20,124,ADORWELD,EQ,18583,11133,59.91
20,125,ADROITPP,X1,21611,21611,100.00
20,126,ADSL,EQ,367641,144800,39.39
20,127,ADVANIHOTR,EQ,221075,118262,53.49
20,128,ADVENZYMES,EQ,101431,46161,45.51
20,129,AEGISCHEM,EQ,3301979,1012228,30.66
20,130,AEROFLEX,EQ,390569,149351,38.24
20,131,AETHER,EQ,56372,27568,48.90
20,132,AFFLE,EQ,183002,95107,51.97
20,133,AGARIND,EQ,35196,18306,52.01
20,134,AGARWALFT,SM,18000,18000,100.00
20,135,AGI,EQ,155600,68983,44.33
20,136,AGNI,ST,85000,75000,88.24
20,137,AGRITECH,EQ,15555,7838,50.39
20,138,AGROPHOS,EQ,58219,38376,65.92
20,139,AGUL,ST,4000,4000,100.00
20,140,AHL,EQ,105968,54526,51.46
20,141,AHLADA,EQ,69883,42692,61.09
20,142,AHLEAST,EQ,20384,12052,59.12
20,143,AHLUCONT,EQ,66700,28565,42.83
20,144,AIAENG,EQ,23244,12317,52.99
20,145,AILIMITED,SM,18000,12000,66.67
20,146,AIROLAM,EQ,22143,14815,66.91
20,147,AIRTELPP,E1,280734,224188,79.86
20,148,AISL,SM,14400,13200,91.67
20,149,AJANTPHARM,EQ,81061,37485,46.24
20,150,AJMERA,EQ,166105,39549,23.81
20,151,AJOONI,EQ,681406,422424,61.99
20,152,AKANKSHA,SM,88000,54000,61.36
20,153,AKASH,EQ,59067,29772,50.40
20,154,AKG,EQ,39434,25851,65.56
20,155,AKZOINDIA,EQ,15211,9124,59.98
20,156,ALBERTDAVD,EQ,8143,6323,77.65
20,157,ALEMBICLTD,EQ,642741,265227,41.26
20,158,ALICON,EQ,8981,4165,46.38
20,159,ALKALI,EQ,16365,10364,63.33
20,160,ALKEM,EQ,164252,92004,56.01
20,161,ALKYLAMINE,EQ,57261,20873,36.45
20,162,ALLCARGO,EQ,2163075,669656,30.96
20,163,ALLETEC,SM,43200,28000,64.81
20,164,ALLSEC,EQ,84107,27840,33.10
20,165,ALPA,EQ,29609,14179,47.89
20,166,ALPEXSOLAR,SM,591600,328800,55.58
20,167,ALPHA,EQ,1067207,695785,65.20
20,168,ALPHAETF,EQ,244778,202621,82.78
20,169,ALPHAGEO,EQ,106375,37081,34.86
20,170,ALPL30IETF,EQ,406411,275950,67.90
20,171,ALUWIND,ST,237000,189000,79.75
20,172,AMBER,EQ,98217,30177,30.72
20,173,AMBICAAGAR,EQ,55687,23717,42.59
20,174,AMBIKCO,EQ,9111,4901,53.79
20,175,AMBUJACEM,EQ,2647237,934766,35.31
20,176,AMDIND,EQ,11985,6903,57.60
20,177,AMEYA,SM,6000,6000,100.00
20,178,AMIABLE,SM,1600,1600,100.00
20,179,AMIORG,EQ,284050,85914,30.25
20,180,AMJLAND,EQ,33216,19422,58.47
20,181,AMNPLST,EQ,9861,7335,74.38
20,182,AMRUTANJAN,EQ,75133,40627,54.07
20,183,ANANDRATHI,EQ,370704,89727,24.20
20,184,ANANTRAJ,EQ,1339530,738669,55.14
20,185,ANDHRAPAP,EQ,71459,39787,55.68
20,186,ANDHRSUGAR,EQ,161848,87824,54.26
20,187,ANGELONE,EQ,371901,153566,41.29
20,188,ANIKINDS,EQ,58503,31253,53.42
20,189,ANKITMETAL,EQ,82326,69879,84.88
20,190,ANLON,SM,16400,11200,68.29
20,191,ANMOL,EQ,237261,153801,64.82
20,192,ANNAPURNA,SM,32500,21000,64.62
20,193,ANUP,EQ,16465,8064,48.98
20,194,ANURAS,EQ,148963,67517,45.32
20,195,APARINDS,EQ,137154,35899,26.17
20,196,APCL,EQ,13811,7786,56.38
20,197,APCOTEXIND,EQ,22902,11695,51.07
20,198,APEX,EQ,75942,31702,41.75
20,199,APLAPOLLO,EQ,433059,285600,65.95
20,200,APLLTD,EQ,57393,29899,52.10
20,201,APOLLO,EQ,997387,608823,61.04
20,202,APOLLOHOSP,EQ,251305,120157,47.81
20,203,APOLLOPIPE,EQ,60614,25926,42.77
20,204,APOLLOTYRE,EQ,1607704,381904,23.75
20,205,APOLSINHOT,EQ,4910,2428,49.45
20,206,APS,SM,94000,60000,63.83
20,207,APTECHT,EQ,229288,110659,48.26
20,208,APTUS,EQ,360446,224847,62.38
20,209,ARABIAN,SM,20000,18000,90.00
20,210,ARCHIDPLY,EQ,165816,79377,47.87
20,211,ARE&M,EQ,1157710,341960,29.54
20,212,ARENTERP,EQ,20520,11716,57.10
20,213,ARHAM,SM,21000,13000,61.90
20,214,ARIES,EQ,102419,40675,39.71
20,215,ARIHANTACA,SM,1600,1600,100.00
20,216,ARIHANTCAP,EQ,348957,189041,54.17
20,217,ARIHANTSUP,EQ,22053,12897,58.48
20,218,ARISTO,SM,35200,24000,68.18
20,219,ARMANFIN,EQ,29907,12962,43.34
20,220,AROGRANITE,EQ,20574,11805,57.38
20,221,ARROWGREEN,EQ,51158,26966,52.71
20,222,ARTEMISMED,EQ,114234,48566,42.51
20,223,ARVIND,EQ,1035392,790670,76.36
20,224,ARVINDFASN,EQ,288098,139290,48.35
20,225,ARVSMART,EQ,99478,32864,33.04
20,226,ASAHIINDIA,EQ,136355,60650,44.48
20,227,ASAHISONG,EQ,8931,5552,62.17
20,228,ASAL,EQ,96466,44230,45.85
20,229,ASALCBR,EQ,117060,64662,55.24
20,230,ASHAPURMIN,EQ,98470,80706,81.96
20,231,ASHIANA,EQ,4071334,474342,11.65
20,232,ASHIMASYN,EQ,248224,143463,57.80
20,233,ASHOKA,EQ,2424096,804239,33.18
20,234,ASHOKLEY,EQ,11891660,4732221,39.79
20,235,ASIANENE,EQ,47220,26799,56.75
20,236,ASIANPAINT,EQ,884519,500029,56.53
20,237,ASIANTILES,EQ,553627,216431,39.09
20,238,ASKAUTOLTD,EQ,318924,184977,58.00
20,239,ASMS,EQ,363383,313684,86.32
20,240,ASPINWALL,EQ,5807,4191,72.17
20,241,ASPIRE,ST,598000,592000,99.00
20,242,ASTEC,EQ,40922,16046,39.21
20,243,ASTERDM,EQ,22716586,8687997,38.25
20,244,ASTRAL,EQ,570103,282656,49.58
20,245,ASTRAMICRO,EQ,492087,186129,37.82
20,246,ASTRAZEN,EQ,25650,22306,86.96
20,247,ATALREAL,EQ,2284962,781443,34.20
20,248,ATAM,EQ,240396,103011,42.85
20,249,ATFL,EQ,213790,168039,78.60
20,250,ATGL,EQ,1356648,434177,32.00
20,251,ATL,EQ,1022880,422985,41.35
20,252,ATLANTAA,EQ,1109587,544641,49.09
20,253,ATMASTCO,SM,233600,144000,61.64
20,254,ATUL,EQ,197367,143155,72.53
20,255,ATULAUTO,EQ,114358,48816,42.69
20,256,AUBANK,EQ,2868816,1183952,41.27
20,257,AURDIS,SM,2500,2000,80.00
20,258,AUROIMPEX,SM,25600,19200,75.00
20,259,AUROPHARMA,EQ,2423299,1024239,42.27
20,260,AUSOMENT,EQ,5127,3229,62.98
20,261,AUTOAXLES,EQ,16733,10752,64.26
20,262,AUTOBEES,EQ,154410,72997,47.27
20,263,AUTOIETF,EQ,552610,316791,57.33
20,264,AUTOIND,EQ,193745,107741,55.61
20,265,AVADHSUGAR,EQ,24032,11285,46.96
20,266,AVALON,EQ,118125,57782,48.92
20,267,AVANTIFEED,EQ,301362,99759,33.10
20,268,AVG,EQ,81235,36538,44.98
20,269,AVONMORE,EQ,32806,17286,52.69
20,270,AVPINFRA,SM,409600,251200,61.33
20,271,AVROIND,EQ,50463,28536,56.55
20,272,AVTNPL,EQ,164040,83511,50.91
20,273,AWHCL,EQ,144792,61050,42.16
20,274,AWL,EQ,1360743,618837,45.48
20,275,AXISBANK,EQ,8889435,5282099,59.42
20,276,AXISBNKETF,EQ,10623,10488,98.73
20,277,AXISBPSETF,EQ,55683,48954,87.92
20,278,AXISCADES,EQ,45089,18289,40.56
20,279,AXISCETF,EQ,800,359,44.88
20,280,AXISGOLD,EQ,238277,191051,80.18
20,281,AXISHCETF,EQ,7028,4606,65.54
20,282,AXISILVER,EQ,42446,38448,90.58
20,283,AXISNIFTY,EQ,6310,5464,86.59
20,284,AXISTECETF,EQ,9509,8827,92.83
20,285,AXITA,EQ,1666869,689688,41.38
20,286,AXSENSEX,EQ,936,567,60.58
20,287,AYMSYNTEX,EQ,56544,31683,56.03
20,288,AZAD,EQ,158915,83302,52.42
20,289,BABAFP,SM,14400,11200,77.78
20,290,BAHETI,SM,750,750,100.00
20,291,BAIDFIN,EQ,48628,31345,64.46
20,292,BAJAJ-AUTO,EQ,386707,145138,37.53
20,293,BAJAJCON,EQ,324583,188919,58.20
20,294,BAJAJELEC,EQ,296969,82254,27.70
20,295,BAJAJFINSV,EQ,828843,322548,38.92
20,296,BAJAJHCARE,EQ,199379,78065,39.15
20,297,BAJAJHIND,EQ,16409979,6637662,40.45
20,298,BAJAJHLDNG,EQ,40510,23740,58.60
20,299,BAJEL,EQ,628960,293383,46.65
20,300,BAJFINANCE,EQ,758448,385739,50.86
20,301,BALAJITELE,EQ,237281,186934,78.78
20,302,BALAMINES,EQ,69895,25040,35.83
20,303,BALAXI,EQ,10339,6327,61.20
20,304,BALKRISIND,EQ,117328,40984,34.93
20,305,BALMLAWRIE,EQ,534373,246980,46.22
20,306,BALPHARMA,EQ,5872,3935,67.01
20,307,BALRAMCHIN,EQ,1629914,426502,26.17
20,308,BANARBEADS,EQ,11378,3505,30.81
20,309,BANARISUG,EQ,1262,734,58.16
20,310,BANCOINDIA,EQ,103619,38641,37.29
20,311,BANDHANBNK,EQ,21581545,11735141,54.38
20,312,BANKBARODA,EQ,11835728,4956057,41.87
20,313,BANKBEES,EQ,893015,585474,65.56
20,314,BANKBETF,EQ,145768,144953,99.44
20,315,BANKETF,EQ,3528,2578,73.07
20,316,BANKETFADD,EQ,5689,3810,66.97
20,317,BANKIETF,EQ,2520827,2326522,92.29
20,318,BANKINDIA,EQ,8646073,3472816,40.17
20,319,BANKNIFTY1,EQ,35567,30556,85.91
20,320,BANSWRAS,EQ,41236,23149,56.14
20,321,BARBEQUE,EQ,908722,349536,38.46
20,322,BASF,EQ,20999,9870,47.00
20,323,BASILIC,SM,76800,48000,62.50
20,324,BASML,EQ,131447,74582,56.74
20,325,BATAINDIA,EQ,780335,388364,49.77
20,326,BAWEJA,SM,11200,8800,78.57
20,327,BAYERCROP,EQ,71674,20369,28.42
20,328,BBETF0432,EQ,4865,4722,97.06
20,329,BBL,EQ,31746,7883,24.83
20,330,BBNPPGOLD,EQ,526,363,69.01
20,331,BBOX,EQ,73838,52071,70.52
20,332,BBTC,EQ,23662,9637,40.73
20,333,BBTCL,EQ,6738,5532,82.10
20,334,BCG,EQ,14181809,5758204,40.60
20,335,BCLIND,EQ,882935,418051,47.35
20,336,BDL,EQ,1339538,392965,29.34
20,337,BEARDSELL,EQ,70651,44248,62.63
20,338,BECTORFOOD,EQ,135618,64647,47.67
20,339,BEL,EQ,51676313,19833724,38.38
20,340,BEML,EQ,322678,92530,28.68
20,341,BEPL,EQ,771305,393341,51.00
20,342,BERGEPAINT,EQ,439357,150331,34.22
20,343,BESTAGRO,EQ,34836,19738,56.66
20,344,BETA,SM,1700,1100,64.71
20,345,BEWLTD,SM,1750,1625,92.86
20,346,BFINVEST,EQ,39346,17127,43.53
20,347,BFSI,EQ,359859,241818,67.20
20,348,BFUTILITIE,EQ,228438,58087,25.43
20,349,BHAGCHEM,EQ,17672,10155,57.46
20,350,BHAGERIA,EQ,57037,26797,46.98
20,351,BHAGYANGR,EQ,242801,109328,45.03
20,352,BHANDARI,EQ,1031449,492193,47.72
20,353,BHARATFORG,EQ,1166614,567212,48.62
20,354,BHARATGEAR,EQ,52313,31039,59.33
20,355,BHARATRAS,EQ,737,392,53.19
20,356,BHARTIARTL,EQ,4281602,2485534,58.05
20,357,BHARTIHEXA,EQ,5068261,2263672,44.66
20,358,BHEL,EQ,21131641,6942211,32.85
20,359,BHINVIT,IV,435442,297005,68.21
20,360,BIGBLOC,EQ,157251,70518,44.84
20,361,BIKAJI,EQ,117085,56651,48.38
20,362,BIL,EQ,36782,22780,61.93
20,363,BIOCON,EQ,4071926,1258636,30.91
20,364,BIOFILCHEM,EQ,71229,30668,43.06
20,365,BIRET,RR,119112,101032,84.82
20,366,BIRLACABLE,EQ,117418,36692,31.25
20,367,BIRLACORPN,EQ,76783,31846,41.48
20,368,BLAL,EQ,164668,80636,48.97
20,369,BLISSGVS,EQ,226181,101283,44.78
20,370,BLKASHYAP,EQ,679134,367875,54.17
20,371,BLS,EQ,3407148,971312,28.51
20,372,BLSE,EQ,659780,294174,44.59
20,373,BLUEDART,EQ,25898,21612,83.45
20,374,BLUEJET,EQ,254663,145292,57.05
20,375,BLUEPEBBLE,ST,28800,27200,94.44
20,376,BLUESTARCO,EQ,296982,170185,57.30
20,377,BMETRICS,SM,2800,2400,85.71
20,378,BODALCHEM,EQ,905315,370931,40.97
20,379,BOMDYEING,EQ,1223967,424975,34.72
20,380,BOROLTD,EQ,89323,38874,43.52
20,381,BORORENEW,EQ,731282,253321,34.64
20,382,BOSCHLTD,EQ,28572,10785,37.75
20,383,BPCL,EQ,8309537,2118989,25.50
20,384,BPL,EQ,320876,106954,33.33
20,385,BRIGADE,EQ,339488,164694,48.51
20,386,BRIGHT,SM,141000,96000,68.09
20,387,BRITANNIA,EQ,421873,291811,69.17
20,388,BRITANNIA,N3,1583,1583,100.00
20,389,BSE,EQ,989946,362323,36.60
20,390,BSE500IETF,EQ,318492,98986,31.08
20,391,BSHSL,EQ,37446,22781,60.84
20,392,BSL,EQ,6273,4428,70.59
20,393,BSLGOLDETF,EQ,101595,63514,62.52
20,394,BSLNIFTY,EQ,138980,95261,68.54
20,395,BSLSENETFG,EQ,81459,60423,74.18
20,396,BSOFT,EQ,1211186,336858,27.81
20,397,BTML,EQ,694175,300831,43.34
20,398,BURNPUR,EQ,780793,384338,49.22
20,399,BUTTERFLY,EQ,6462,3557,55.04
20,400,BYKE,EQ,152025,76595,50.38
20,401,CADSYS,SM,73000,44000,60.27
20,402,CALSOFT,EQ,65753,40770,62.00
20,403,CAMLINFINE,EQ,1057172,534755,50.58
20,404,CAMPUS,EQ,693717,288139,41.54
20,405,CAMS,EQ,300701,99162,32.98
20,406,CANARYS,SM,616000,452000,73.38
20,407,CANBK,EQ,6040711,2177736,36.05
20,408,CANFINHOME,EQ,355718,126744,35.63
20,409,CANTABIL,EQ,90326,25411,28.13
20,410,CAPACITE,EQ,5967234,2080186,34.86
20,411,CAPITALSFB,EQ,37640,16104,42.78
20,412,CAPLIPOINT,EQ,78919,40754,51.64
20,413,CAPTRUST,EQ,18442,10588,57.41
20,414,CARBORUNIV,EQ,152664,105165,68.89
20,415,CARERATING,EQ,75620,53898,71.27
20,416,CARTRADE,EQ,67526,33058,48.96
20,417,CARYSIL,EQ,109853,46723,42.53
20,418,CASTROLIND,EQ,6493823,2499447,38.49
20,419,CBAZAAR,SM,120000,112000,93.33
20,420,CCL,EQ,95368,44765,46.94
20,421,CDSL,EQ,3703616,1042671,28.15
20,422,CEATLTD,EQ,82415,34624,42.01
20,423,CELEBRITY,EQ,125283,112291,89.63
20,424,CELLECOR,SM,69600,27600,39.66
20,425,CELLO,EQ,155542,95434,61.36
20,426,CELLPOINT,SM,54000,38400,71.11
20,427,CENTENKA,EQ,26498,17165,64.78
20,428,CENTRALBK,EQ,15436241,4108679,26.62
20,429,CENTRUM,EQ,1518347,738503,48.64
20,430,CENTUM,EQ,47754,25308,53.00
20,431,CENTURYPLY,EQ,113390,62536,55.15
20,432,CENTURYTEX,EQ,227252,87594,38.54
20,433,CERA,EQ,23682,14700,62.07
20,434,CESC,EQ,7582456,2851633,37.61
20,435,CGCL,EQ,11416369,1152535,10.10
20,436,CGPOWER,EQ,1940291,710164,36.60
20,437,CGRAPHICS,ST,1068800,996800,93.26
20,438,CHALET,EQ,223028,103810,46.55
20,439,CHAMBLFERT,EQ,1100255,323053,29.36
20,440,CHAVDA,SM,288000,160000,55.56
20,441,CHEMBOND,EQ,18149,8884,48.95
20,442,CHEMCON,EQ,40904,19168,46.86
20,443,CHEMFAB,EQ,23513,11170,47.51
20,444,CHEMPLASTS,EQ,86234,41442,48.06
20,445,CHENNPETRO,EQ,1754812,325581,18.55
20,446,CHEVIOT,EQ,2536,1784,70.35
20,447,CHOICEIN,EQ,588737,169355,28.77
20,448,CHOLAFIN,EQ,808218,421614,52.17
20,449,CHOLAFIN,N0,2,2,100.00
20,450,CHOLAFIN,N5,500,500,100.00
20,451,CHOLAFIN,NA,1,1,100.00
20,452,CHOLAFIN,NB,1,1,100.00
20,453,CHOLAFIN,NC,10,10,100.00
20,454,CHOLAHLDNG,EQ,120003,56808,47.34
20,455,CIEINDIA,EQ,286291,139513,48.73
20,456,CIGNITITEC,EQ,182697,93703,51.29
20,457,CINELINE,EQ,57930,38717,66.83
20,458,CINEVISTA,EQ,125859,77987,61.96
20,459,CIPLA,EQ,1125072,545419,48.48
20,460,CLEAN,EQ,161467,96776,59.94
20,461,CLEDUCATE,EQ,45371,30087,66.31
20,462,CLOUD,SM,1579000,640000,40.53
20,463,CLSEL,EQ,151985,74008,48.69
20,464,CLSL,SM,14000,10000,71.43
20,465,CMMIPL,ST,21000,21000,100.00
20,466,CMNL,SM,13500,12000,88.89
20,467,CMRSL,SM,800,800,100.00
20,468,CMSINFO,EQ,1526979,807250,52.87
20,469,COALINDIA,EQ,7680715,2581086,33.60
20,470,COASTCORP,EQ,22275,14352,64.43
20,471,COCHINSHIP,EQ,3644581,759312,20.83
20,472,COFFEEDAY,EQ,13817805,6910455,50.01
20,473,COFORGE,EQ,546918,228413,41.76
20,474,COLPAL,EQ,736760,398476,54.08
20,475,COMMITTED,SM,1600,1600,100.00
20,476,COMMOIETF,EQ,74804,36548,48.86
20,477,COMPUSOFT,EQ,181042,97160,53.67
20,478,COMSYN,EQ,9952,4949,49.73
20,479,CONCOR,EQ,2887446,1529941,52.99
20,480,CONCORDBIO,EQ,128614,70696,54.97
20,481,CONFIPET,EQ,1857951,721504,38.83
20,482,CONS,EQ,2308,1270,55.03
20,483,CONSOFINVT,EQ,17869,12821,71.75
20,484,CONSUMBEES,EQ,43231,29555,68.37
20,485,CONSUMIETF,EQ,65423,39513,60.40
20,486,CONTROLPR,EQ,41364,24220,58.55
20,487,COOLCAPS,SM,250,250,100.00
20,488,COROMANDEL,EQ,193241,72920,37.74
20,489,COSMOFIRST,EQ,33910,15189,44.79
20,490,COUNCODOS,EQ,117062,61902,52.88
20,491,CPS,SM,4200,4200,100.00
20,492,CPSEETF,EQ,8398201,5826369,69.38
20,493,CRAFTSMAN,EQ,55529,22313,40.18
20,494,CRAYONS,SM,45000,31000,68.89
20,495,CREATIVE,EQ,36640,21009,57.34
20,496,CREDITACC,EQ,226320,120544,53.26
20,497,CREDITACC,N5,48,48,100.00
20,498,CREDITACC,ND,25,25,100.00
20,499,CREST,EQ,11118,6992,62.89
20,500,CRISIL,EQ,22881,7037,30.75
20,501,CROMPTON,EQ,8578221,6373542,74.30
20,502,CSBBANK,EQ,2685158,528210,19.67
20,503,CSLFINANCE,EQ,19004,9563,50.32
20,504,CUB,EQ,4030082,1918519,47.60
20,505,CUMMINSIND,EQ,433380,184040,42.47
20,506,CYBERTECH,EQ,69861,27323,39.11
20,507,CYIENT,EQ,241184,121130,50.22
20,508,CYIENTDLM,EQ,120538,46579,38.64
20,509,DABUR,EQ,3600795,2383142,66.18
20,510,DALBHARAT,EQ,324805,132406,40.76
20,511,DALMIASUG,EQ,43780,20024,45.74
20,512,DAMODARIND,EQ,23010,16352,71.06
20,513,DANGEE,EQ,218717,177996,81.38
20,514,DATAMATICS,EQ,168311,58621,34.83
20,515,DATAPATTNS,EQ,488505,130298,26.67
20,516,DAVANGERE,EQ,253279,125052,49.37
20,517,DBL,EQ,471799,146436,31.04
20,518,DBOL,EQ,86294,45939,53.24
20,519,DBREALTY,EQ,3711831,1948486,52.49
20,520,DBSTOCKBRO,EQ,43415,28727,66.17
20,521,DCAL,EQ,508938,168042,33.02
20,522,DCBBANK,EQ,1275214,600410,47.08
20,523,DCI,EQ,7788,6191,79.49
20,524,DCM,EQ,16533,9791,59.22
20,525,DCMNVL,EQ,57371,36363,63.38
20,526,DCMSHRIRAM,EQ,42800,16717,39.06
20,527,DCMSRIND,EQ,237878,101772,42.78
20,528,DCW,EQ,3167121,981196,30.98
20,529,DCXINDIA,EQ,1225902,614909,50.16
20,530,DECCANCE,EQ,17111,9626,56.26
20,531,DEEM,SM,43000,39000,90.70
20,532,DEEPAKFERT,EQ,466769,164224,35.18
20,533,DEEPAKNTR,EQ,434128,158595,36.53
20,534,DEEPENR,EQ,28054,15920,56.75
20,535,DEEPINDS,EQ,302916,116534,38.47
20,536,DELAPLEX,SM,115800,108000,93.26
20,537,DELHIVERY,EQ,1813564,805161,44.40
20,538,DELPHIFX,EQ,6475,3373,52.09
20,539,DELTACORP,EQ,2066178,762822,36.92
20,540,DELTAMAGNT,EQ,10583,7893,74.58
20,541,DEN,EQ,1488673,604802,40.63
20,542,DENORA,EQ,24675,13297,53.89
20,543,DENTALKART,SM,20000,11000,55.00
20,544,DESTINY,SM,3000,3000,100.00
20,545,DEVIT,EQ,33535,18152,54.13
20,546,DEVYANI,EQ,2240199,1039910,46.42
20,547,DGCONTENT,EQ,8914,6703,75.20
20,548,DHAMPURSUG,EQ,217710,100132,45.99
20,549,DHANI,EQ,11186376,4797596,42.89
20,550,DHANILOANS,NF,28,28,100.00
20,551,DHANILOANS,NG,120,120,100.00
20,552,DHANILOANS,NH,9,9,100.00
20,553,DHANILOANS,NV,1,1,100.00
20,554,DHANILOANS,NX,225,225,100.00
20,555,DHANILOANS,Y5,25,25,100.00
20,556,DHANUKA,EQ,37583,15421,41.03
20,557,DHARMAJ,EQ,77312,42363,54.79
20,558,DHTL,SM,17600,12800,72.73
20,559,DHUNINV,EQ,1574,1049,66.65
20,560,DIAMINESQ,EQ,14099,7402,52.50
20,561,DIAMONDYD,EQ,28740,14132,49.17
20,562,DICIND,EQ,2168,1689,77.91
20,563,DIGIKORE,SM,8000,8000,100.00
20,564,DIGISPICE,EQ,138323,74600,53.93
20,565,DIL,EQ,1163932,597597,51.34
20,566,DISHTV,EQ,24945819,4473269,17.93
20,567,DIVGIITTS,EQ,29618,15548,52.50
20,568,DIVISLAB,EQ,428141,221093,51.64
20,569,DIVOPPBEES,EQ,75900,33680,44.37
20,570,DIXON,EQ,248266,93545,37.68
20,571,DJML,EQ,127572,68875,53.99
20,572,DLF,EQ,3602490,1013620,28.14
20,573,DLINKINDIA,EQ,153158,80736,52.71
20,574,DMART,EQ,358707,217622,60.67
20,575,DMCC,EQ,28485,14356,50.40
20,576,DODLA,EQ,152272,43367,28.48
20,577,DOLATALGO,EQ,1267393,352682,27.83
20,578,DOLLAR,EQ,83569,39482,47.24
20,579,DOLLEX,SM,44000,20000,45.45
20,580,DOLPHIN,EQ,37656,27296,72.49
20,581,DOMS,EQ,161804,125496,77.56
20,582,DONEAR,EQ,169260,89336,52.78
20,583,DPABHUSHAN,EQ,103018,29685,28.82
20,584,DPSCLTD,EQ,919733,612164,66.56
20,585,DPWIRES,EQ,47550,21454,45.12
20,586,DRCSYSTEMS,EQ,1370554,1059351,77.29
20,587,DREAMFOLKS,EQ,199458,108083,54.19
20,588,DRONE,SM,966000,566000,58.59
20,589,DRREDDY,EQ,269933,145220,53.80
20,590,DSSL,EQ,49104,18125,36.91
20,591,DTIL,EQ,10257,5210,50.79
20,592,DUCOL,SM,7200,6400,88.89
20,593,DUGLOBAL,SM,20000,12500,62.50
20,594,DVL,EQ,51248,33881,66.11
20,595,DWARKESH,EQ,1427512,578093,40.50
20,596,DYCL,EQ,65600,34620,52.77
20,597,DYNAMATECH,EQ,22747,10253,45.07
20,598,DYNAMIC,SM,62000,49000,79.03
20,599,DYNPRO,EQ,22700,13607,59.94
20,600,EASEMYTRIP,EQ,11246324,3589822,31.92
20,601,EBBETF0425,EQ,6429,5803,90.26
20,602,EBBETF0430,EQ,7903,5207,65.89
20,603,EBBETF0431,EQ,7783,7046,90.53
20,604,EBBETF0433,EQ,11408,10403,91.19
20,605,ECLERX,EQ,35880,16064,44.77
20,606,ECLFINANCE,NJ,1,1,100.00
20,607,ECLFINANCE,NR,643,643,100.00
20,608,ECLFINANCE,NS,411,310,75.43
20,609,EDELWEISS,EQ,4457692,1694450,38.01
20,610,EFACTOR,SM,11200,8000,71.43
20,611,EFORCE,SM,67200,32400,48.21
20,612,EGOLD,EQ,79535,77454,97.38
20,613,EICHERMOT,EQ,860133,452624,52.62
20,614,EIDPARRY,EQ,212059,100903,47.58
20,615,EIFFL,EQ,63318,23676,37.39
20,616,EIHAHOTELS,EQ,47879,17353,36.24
20,617,EIHOTEL,EQ,509217,250053,49.11
20,618,EKC,EQ,709315,265878,37.48
20,619,ELDEHSG,EQ,12797,7266,56.78
20,620,ELECON,EQ,325295,133582,41.06
20,621,ELECTCAST,EQ,6274542,3119533,49.72
20,622,ELGIEQUIP,EQ,297816,69709,23.41
20,623,ELGIRUBCO,EQ,45938,30686,66.80
20,624,ELIN,EQ,101187,50186,49.60
20,625,EMAMILTD,EQ,191903,101838,53.07
20,626,EMAMIPAP,EQ,51379,34224,66.61
20,627,EMAMIREAL,EQ,107289,62292,58.06
20,628,EMBASSY,RR,1369423,1256557,91.76
20,629,EMIL,EQ,231242,104875,45.35
20,630,EMKAY,EQ,180326,88619,49.14
20,631,EMKAYTOOLS,SM,2400,1800,75.00
20,632,EMMBI,EQ,80527,39934,49.59
20,633,EMSLIMITED,EQ,289667,151977,52.47
20,634,EMUDHRA,EQ,660223,163939,24.83
20,635,ENDURANCE,EQ,37699,16710,44.32
20,636,ENERGYDEV,EQ,234498,158466,67.58
20,637,ENFUSE,SM,242400,121200,50.00
20,638,ENGINERSIN,EQ,5127429,1560970,30.44
20,639,ENIL,EQ,112061,40576,36.21
20,640,ENSER,SM,4000,4000,100.00
20,641,ENTERO,EQ,81164,28191,34.73
20,642,EPACK,EQ,443783,164756,37.13
20,643,EPIGRAL,EQ,130648,52753,40.38
20,644,EPL,EQ,529570,295176,55.74
20,645,EQUAL50ADD,EQ,17429,16295,93.49
20,646,EQUITASBNK,EQ,2680769,1304868,48.68
20,647,ERIS,EQ,104329,76560,73.38
20,648,EROSMEDIA,EQ,384763,196879,51.17
20,649,ESABINDIA,EQ,5261,2371,45.07
20,650,ESAFSFB,EQ,868578,401889,46.27
20,651,ESCONET,SM,70400,52800,75.00
20,652,ESCORTS,EQ,278258,112530,40.44
20,653,ESFL,SM,10800,9600,88.89
20,654,ESG,EQ,17860,13400,75.03
20,655,ESILVER,EQ,47486,43036,90.63
20,656,ESSARSHPNG,EQ,1256075,576962,45.93
20,657,ESTER,EQ,146275,64890,44.36
20,658,ETHOSLTD,EQ,24547,12256,49.93
20,659,EUROBOND,SM,7000,7000,100.00
20,660,EVEREADY,EQ,130070,51226,39.38
20,661,EVERESTIND,EQ,7610,3852,50.62
20,662,EXCELINDUS,EQ,26738,12729,47.61
20,663,EXICOM,EQ,4461851,892677,20.01
20,664,EXIDEIND,EQ,45094809,5744411,12.74
20,665,EXPLEOSOL,EQ,12988,7977,61.42
20,666,EXXARO,EQ,72828,30908,42.44
20,667,FACT,EQ,253030,61950,24.48
20,668,FAIRCHEMOR,EQ,18133,9034,49.82
20,669,FAZE3Q,EQ,15870,10190,64.21
20,670,FCL,EQ,548755,197042,35.91
20,671,FCSSOFT,EQ,10494872,4458665,42.48
20,672,FDC,EQ,215814,80517,37.31
20,673,FEDERALBNK,EQ,18051649,8448115,46.80
20,674,FEDFINA,EQ,231039,108087,46.78
20,675,FELIX,ST,6000,6000,100.00
20,676,FIBERWEB,EQ,94640,38879,41.08
20,677,FIDEL,SM,7000,7000,100.00
20,678,FIEMIND,EQ,37574,19067,50.75
20,679,FILATEX,EQ,1709811,522745,30.57
20,680,FINCABLES,EQ,142091,63127,44.43
20,681,FINEORG,EQ,20148,9399,46.65
20,682,FINIETF,EQ,149524,101814,68.09
20,683,FINOPB,EQ,102583,33302,32.46
20,684,FINPIPE,EQ,1093908,420152,38.41
20,685,FIVESTAR,EQ,193066,100844,52.23
20,686,FLAIR,EQ,205493,110360,53.70
20,687,FLUOROCHEM,EQ,90236,47166,52.27
20,688,FMCGIETF,EQ,36652,21255,57.99
20,689,FMGOETZE,EQ,169389,92975,54.89
20,690,FOCE,SM,200,200,100.00
20,691,FOCUS,EQ,98628,43332,43.93
20,692,FONEBOX,SM,14000,14000,100.00
20,693,FOODSIN,EQ,1303494,534020,40.97
20,694,FORCEMOT,EQ,67095,26119,38.93
20,695,FORTIS,EQ,1137216,450556,39.62
20,696,FOSECOIND,EQ,5052,2337,46.26
20,697,FROG,SM,19200,16800,87.50
20,698,FSL,EQ,1578200,768435,48.69
20,699,FUSION,EQ,202989,99110,48.83
20,700,GABRIEL,EQ,426054,171101,40.16
20,701,GAEL,EQ,447189,196583,43.96
20,702,GAIL,EQ,44962181,16273722,36.19
20,703,GALAXYSURF,EQ,26891,13935,51.82
20,704,GANDHAR,EQ,509032,169917,33.38
20,705,GANDHITUBE,EQ,3927,2258,57.50
20,706,GANECOS,EQ,41846,22513,53.80
20,707,GANESHBE,EQ,177093,91005,51.39
20,708,GANESHHOUC,EQ,60858,36605,60.15
20,709,GANGESSECU,EQ,104837,45334,43.24
20,710,GARFIBRES,EQ,14362,7849,54.65
20,711,GATEWAY,EQ,1278116,622966,48.74
20,712,GEECEE,EQ,7873,3540,44.96
20,713,GEEKAYWIRE,EQ,175140,104521,59.68
20,714,GENCON,EQ,28139,17851,63.44
20,715,GENESYS,EQ,179000,102923,57.50
20,716,GENSOL,EQ,273101,130791,47.89
20,717,GENUSPAPER,EQ,809161,298987,36.95
20,718,GENUSPOWER,EQ,1615505,858657,53.15
20,719,GEOJITFSL,EQ,776143,325628,41.95
20,720,GEPIL,EQ,282950,130672,46.18
20,721,GESHIP,EQ,323909,139266,43.00
20,722,GFLLIMITED,EQ,75380,33244,44.10
20,723,GHCL,EQ,229053,118745,51.84
20,724,GHCLTEXTIL,EQ,252555,136035,53.86
20,725,GICHSGFIN,EQ,317192,143229,45.16
20,726,GICL,SM,48000,48000,100.00
20,727,GICRE,EQ,1799893,595925,33.11
20,728,GILLETTE,EQ,13730,9485,69.08
20,729,GILT5YBEES,EQ,1283919,1054427,82.13
20,730,GINNIFILA,EQ,180417,96989,53.76
20,731,GIPCL,EQ,568283,261415,46.00
20,732,GIRIRAJ,ST,2500,2500,100.00
20,733,GKWLIMITED,EQ,8852,3909,44.16
20,734,GLAND,EQ,335718,180154,53.66
20,735,GLAXO,EQ,164654,103739,63.00
20,736,GLENMARK,EQ,586620,195204,33.28
20,737,GLOBAL,EQ,47352,20141,42.53
20,738,GLOBALPET,SM,4500,3000,66.67
20,739,GLOBUSSPR,EQ,114263,49373,43.21
20,740,GLS,EQ,71325,37279,52.27
20,741,GMBREW,EQ,121916,49635,40.71
20,742,GMDCLTD,EQ,2708796,727976,26.87
20,743,GMMPFAUDLR,EQ,188609,119575,63.40
20,744,GMRINFRA,EQ,39207669,14251978,36.35
20,745,GMRP&UI,EQ,4612864,2998691,65.01
20,746,GNA,EQ,55570,23616,42.50
20,747,GNFC,EQ,866093,185743,21.45
20,748,GOACARBON,EQ,123428,43934,35.59
20,749,GOCLCORP,EQ,114453,64576,56.42
20,750,GOCOLORS,EQ,23874,10013,41.94
20,751,GODFRYPHLP,EQ,65095,23818,36.59
20,752,GODREJAGRO,EQ,159761,59080,36.98
20,753,GODREJCP,EQ,935415,579102,61.91
20,754,GODREJIND,EQ,687841,136385,19.83
20,755,GODREJPROP,EQ,585173,132451,22.63
20,756,GOKEX,EQ,140795,67056,47.63
20,757,GOKULAGRO,EQ,129453,71491,55.23
20,758,GOLDBEES,EQ,13045087,10348655,79.33
20,759,GOLDCASE,EQ,1314449,986352,75.04
20,760,GOLDETF,EQ,492872,390544,79.24
20,761,GOLDETFADD,EQ,22416,20566,91.75
20,762,GOLDIAM,EQ,645624,289095,44.78
20,763,GOLDIETF,EQ,1377136,1213811,88.14
20,764,GOLDKART,ST,2500,2500,100.00
20,765,GOLDSHARE,EQ,356218,278190,78.10
20,766,GOLDSTAR,SM,123750,90000,72.73
20,767,GOLDTECH,EQ,31427,22408,71.30
20,768,GOODLUCK,EQ,89211,41784,46.84
20,769,GOPAL,EQ,202268,99927,49.40
20,770,GOYALSALT,SM,9000,9000,100.00
20,771,GPIL,EQ,661833,207190,31.31
20,772,GPPL,EQ,5432526,1903207,35.03
20,773,GPTHEALTH,EQ,406864,199942,49.14
20,774,GPTINFRA,EQ,116483,73441,63.05
20,775,GRANULES,EQ,1451266,553047,38.11
20,776,GRAPHISAD,SM,10800,7200,66.67
20,777,GRAPHITE,EQ,2358652,424044,17.98
20,778,GRASIM,EQ,415064,197420,47.56
20,779,GRASIMPP,E1,3498,3118,89.14
20,780,GRAVITA,EQ,111575,57016,51.10
20,781,GRCL,SM,10000,10000,100.00
20,782,GREAVESCOT,EQ,934711,370518,39.64
20,783,GREENCHEF,SM,35200,29600,84.09
20,784,GREENLAM,EQ,27144,10813,39.84
20,785,GREENPANEL,EQ,257544,124378,48.29
20,786,GREENPLY,EQ,1533088,596826,38.93
20,787,GRINDWELL,EQ,81562,38773,47.54
20,788,GRINFRA,EQ,104500,41101,39.33
20,789,GRMOVER,EQ,88851,27171,30.58
20,790,GROBTEA,EQ,370,198,53.51
20,791,GRPLTD,EQ,352,229,65.06
20,792,GRSE,EQ,675890,188720,27.92
20,793,GRWRHITECH,EQ,17147,9775,57.01
20,794,GSEC10IETF,EQ,3033,3021,99.60
20,795,GSEC10YEAR,EQ,3610,2441,67.62
20,796,GSEC5IETF,EQ,1542,1465,95.01
20,797,GSFC,EQ,3825704,1211505,31.67
20,798,GSLSU,EQ,82149,45840,55.80
20,799,GSPL,EQ,1192280,421464,35.35
20,800,GSTL,SM,24000,18000,75.00
20,801,GTLINFRA,EQ,91373647,38180574,41.79
20,802,GTPL,EQ,749678,152584,20.35
20,803,GUFICBIO,EQ,81616,37537,45.99
20,804,GUJALKALI,EQ,77491,26109,33.69
20,805,GUJGASLTD,EQ,2890101,649942,22.49
20,806,GULFOILLUB,EQ,231938,106180,45.78
20,807,GULFPETRO,EQ,305357,116595,38.18
20,808,GULPOLY,EQ,173855,75706,43.55
20,809,GVKPIL,EQ,5238510,2503470,47.79
20,810,GVPTECH,EQ,147569,122958,83.32
20,811,HAL,EQ,3848159,1100970,28.61
20,812,HAPPSTMNDS,EQ,382667,155686,40.68
20,813,HAPPYFORGE,EQ,79686,47965,60.19
20,814,HARDWYN,EQ,204437,91581,44.80
20,815,HARIOMPIPE,EQ,191974,58878,30.67
20,816,HARRMALAYA,EQ,26365,15664,59.41
20,817,HARSHA,EQ,54342,25385,46.71
20,818,HATHWAY,EQ,8010006,2727870,34.06
20,819,HATSUN,EQ,12655,6564,51.87
20,820,HAVELLS,EQ,900584,347627,38.60
20,821,HBLPOWER,EQ,1241604,475117,38.27
20,822,HBSL,EQ,21769,18056,82.94
20,823,HCC,EQ,13195756,7354573,55.73
20,824,HCG,EQ,97261,47143,48.47
20,825,HCL-INSYS,EQ,472987,307904,65.10
20,826,HCLTECH,EQ,3295684,2112838,64.11
20,827,HDFCAMC,EQ,600630,265705,44.24
20,828,HDFCBANK,EQ,11707624,6869481,58.68
20,829,HDFCBSE500,EQ,41748,21683,51.94
20,830,HDFCGOLD,EQ,1207740,922436,76.38
20,831,HDFCGROWTH,EQ,9870,7203,72.98
20,832,HDFCLIFE,EQ,2594888,1628248,62.75
20,833,HDFCLIQUID,EQ,595,467,78.49
20,834,HDFCLOWVOL,EQ,41004,32709,79.77
20,835,HDFCMID150,EQ,334085,180397,54.00
20,836,HDFCMOMENT,EQ,272585,203023,74.48
20,837,HDFCNEXT50,EQ,43913,23845,54.30
20,838,HDFCNIF100,EQ,53086,46359,87.33
20,839,HDFCNIFBAN,EQ,180562,104010,57.60
20,840,HDFCNIFIT,EQ,222983,196607,88.17
20,841,HDFCNIFTY,EQ,520765,474489,91.11
20,842,HDFCPSUBK,EQ,28240,20451,72.42
20,843,HDFCPVTBAN,EQ,142520,92353,64.80
20,844,HDFCQUAL,EQ,6697,5422,80.96
20,845,HDFCSENSEX,EQ,28349,21460,75.70
20,846,HDFCSILVER,EQ,321987,232078,72.08
20,847,HDFCSML250,EQ,604886,336748,55.67
20,848,HDFCVALUE,EQ,98253,86246,87.78
20,849,HEADSUP,EQ,102520,65568,63.96
20,850,HEALTHADD,EQ,171,169,98.83
20,851,HEALTHIETF,EQ,60650,22871,37.71
20,852,HEALTHY,EQ,379119,310164,81.81
20,853,HECPROJECT,EQ,16617,12562,75.60
20,854,HEG,EQ,1992959,343743,17.25
20,855,HEIDELBERG,EQ,112579,57148,50.76
20,856,HEMIPROP,EQ,784248,334357,42.63
20,857,HERANBA,EQ,41880,17871,42.67
20,858,HERCULES,EQ,75542,26365,34.90
20,859,HERITGFOOD,EQ,735246,418695,56.95
20,860,HEROMOTOCO,EQ,645166,377586,58.53
20,861,HESTERBIO,EQ,3295,2037,61.82
20,862,HEUBACHIND,EQ,26690,12784,47.90
20,863,HEXATRADEX,EQ,6320,3604,57.03
20,864,HFCL,EQ,17075845,4794977,28.08
20,865,HGINFRA,EQ,259802,85082,32.75
20,866,HGS,EQ,19409,9745,50.21
20,867,HIGREEN,SM,88000,62400,70.91
20,868,HIKAL,EQ,361802,178120,49.23
20,869,HIL,EQ,6482,3459,53.36
20,870,HILTON,EQ,112668,43818,38.89
20,871,HIMATSEIDE,EQ,213368,94729,44.40
20,872,HINDALCO,EQ,27067692,11827914,43.70
20,873,HINDCOMPOS,EQ,20648,10292,49.85
20,874,HINDCOPPER,EQ,15741753,4017754,25.52
20,875,HINDMOTORS,EQ,1530233,695466,45.45
20,876,HINDOILEXP,EQ,4328594,1085825,25.08
20,877,HINDPETRO,EQ,10194905,4624185,45.36
20,878,HINDUNILVR,EQ,4909564,3965183,80.76
20,879,HINDWAREAP,EQ,171582,85755,49.98
20,880,HINDZINC,EQ,9041149,1929323,21.34
20,881,HIRECT,EQ,20149,12624,62.65
20,882,HISARMETAL,EQ,9849,4589,46.59
20,883,HITECH,EQ,893428,375472,42.03
20,884,HITECHCORP,EQ,9581,6417,66.98
20,885,HITECHGEAR,EQ,112630,49121,43.61
20,886,HLEGLAS,EQ,65444,20662,31.57
20,887,HLVLTD,EQ,1908225,956820,50.14
20,888,HMAAGRO,EQ,759255,338660,44.60
20,889,HMVL,EQ,95447,49083,51.42
20,890,HNDFDS,EQ,63539,27940,43.97
20,891,HNGSNGBEES,EQ,150026,103659,69.09
20,892,HOLMARC,SM,12000,9000,75.00
20,893,HOMEFIRST,EQ,112130,51207,45.67
20,894,HOMESFY,SM,23400,21000,89.74
20,895,HONASA,EQ,106833,42602,39.88
20,896,HONAUT,EQ,13627,7648,56.12
20,897,HONDAPOWER,EQ,12140,5701,46.96
20,898,HOVS,EQ,46590,35648,76.51
20,899,HPAL,EQ,221927,98648,44.45
20,900,HPL,EQ,437312,198660,45.43
20,901,HRHNEXT,SM,21000,21000,100.00
20,902,HSCL,EQ,579928,364686,62.88
20,903,HTMEDIA,EQ,494988,261889,52.91
20,904,HUDCO,EQ,14064634,3496820,24.86
20,905,HUDCO,N2,508,508,100.00
20,906,HUDCO,N5,660,390,59.09
20,907,HUDCO,N8,1838,1320,71.82
20,908,HUDCO,N9,1042,1042,100.00
20,909,HUDCO,ND,20,20,100.00
20,910,HUHTAMAKI,EQ,154117,90198,58.53
20,911,IBLFL,SM,12000,8000,66.67
20,912,IBREALEST,EQ,16933048,5267579,31.11
20,913,IBUCCREDIT,NB,15,15,100.00
20,914,IBUCCREDIT,ND,7,7,100.00
20,915,IBUCCREDIT,NM,3,3,100.00
20,916,IBUCCREDIT,NS,1,1,100.00
20,917,IBULHSG,Y1,49,49,100.00
20,918,IBULHSG,Y5,326,275,84.36
20,919,IBULHSG,YC,10,10,100.00
20,920,IBULHSG,YG,58,34,58.62
20,921,IBULHSG,YO,55,55,100.00
20,922,IBULHSG,YQ,19,19,100.00
20,923,IBULHSG,Z0,20,20,100.00
20,924,IBULHSGFIN,AB,140,140,100.00
20,925,IBULHSGFIN,AN,88,88,100.00
20,926,IBULHSGFIN,BC,75,75,100.00
20,927,IBULHSGFIN,EQ,7043828,2837488,40.28
20,928,IBULHSGFIN,N0,220,220,100.00
20,929,IBULHSGFIN,NA,100,100,100.00
20,930,IBULHSGFIN,NC,25,25,100.00
20,931,IBULHSGFIN,YR,2,2,100.00
20,932,IBULHSGFIN,YX,2,2,100.00
20,933,IBULHSGFIN,ZD,23,23,100.00
20,934,IBULHSGFIN,ZK,20,20,100.00
20,935,IBULHSGFIN,ZP,20,20,100.00
20,936,IBULHSGFIN,ZW,130,130,100.00
20,937,IBULPP,E1,1420356,1127441,79.38
20,938,ICEMAKE,EQ,44635,21498,48.16
20,939,ICICIB22,EQ,3289978,2719190,82.65
20,940,ICICIBANK,EQ,10526597,6130101,58.23
20,941,ICICIGI,EQ,385070,170587,44.30
20,942,ICICIPRULI,EQ,888398,338446,38.10
20,943,ICIL,EQ,485561,209832,43.21
20,944,ICRA,EQ,4555,3809,83.62
20,945,IDBI,EQ,8013919,2834265,35.37
20,946,IDEA,EQ,776597931,205828878,26.50
20,947,IDEAFORGE,EQ,449576,179853,40.01
20,948,IDFC,EQ,5154055,2120446,41.14
20,949,IDFCFIRSTB,EQ,48530874,18114592,37.33
20,950,IDFNIFTYET,EQ,1119,713,63.72
20,951,IEL,EQ,317022,197380,62.26
20,952,IEX,EQ,10539167,3849646,36.53
20,953,IFBAGRO,EQ,2876,1896,65.92
20,954,IFBIND,EQ,53860,25504,47.35
20,955,IFCI,EQ,19163012,9935344,51.85
20,956,IFCI,NH,608,606,99.67
20,957,IFCI,NI,100,100,100.00
20,958,IFCI,NL,101,101,100.00
20,959,IFGLEXPOR,EQ,26671,15726,58.96
20,960,IGARASHI,EQ,28701,13628,47.48
20,961,IGL,EQ,10968356,3229987,29.45
20,962,IGPL,EQ,115815,63913,55.19
20,963,IIFCL,N3,8,0,0.00
20,964,IIFCL,N4,1772,1750,98.76
20,965,IIFL,EQ,3344145,1402130,41.93
20,966,IIFL,N6,168,168,100.00
20,967,IIFL,NC,45,45,100.00
20,968,IIFL,NE,20,20,100.00
20,969,IIFL,NF,1315,1215,92.40
20,970,IIFL,NG,2099,1848,88.04
20,971,IIFL,NJ,25,25,100.00
20,972,IIFL,NK,515,500,97.09
20,973,IIFL,NL,880,865,98.30
20,974,IIFL,NM,50,50,100.00
20,975,IIFL,NO,2,1,50.00
20,976,IIFL,NP,417,417,100.00
20,977,IIFL,NQ,300,300,100.00
20,978,IIFL,NR,102,102,100.00
20,979,IIFL,NS,362,362,100.00
20,980,IIFL,NT,300,300,100.00
20,981,IIFL,NV,20,20,100.00
20,982,IIFL,Y0,138,138,100.00
20,983,IIFLSAMFIN,N0,102,102,100.00
20,984,IIFLSAMFIN,N5,1010,1010,100.00
20,985,IIFLSEC,EQ,962892,502205,52.16
20,986,IIHFL,N5,1730,1569,90.69
20,987,IIHFL,N6,10,10,100.00
20,988,IIHFL,N7,50,50,100.00
20,989,IIHFL,N9,98,98,100.00
20,990,IIHFL,NC,163,163,100.00
20,991,IIHFL,ND,2015,2015,100.00
20,992,IIHFL,NE,65,65,100.00
20,993,IITL,EQ,3602,2197,60.99
20,994,IKIO,EQ,211207,93693,44.36
20,995,IMAGICAA,EQ,2285649,953793,41.73
20,996,IMC1,N0,150,150,100.00
20,997,IMC1,N1,31,31,100.00
20,998,IMC1,N2,41,31,75.61
20,999,IMC1,N3,51,41,80.39
20,1000,IMFA,EQ,239511,74368,31.05
20,1001,IMPAL,EQ,660,478,72.42
20,1002,INCREDFIN,N4,11,11,100.00
20,1003,INDBANK,EQ,291782,148571,50.92
20,1004,INDHOTEL,EQ,3255718,1437111,44.14
20,1005,INDIACEM,EQ,3028672,800467,26.43
20,1006,INDIAGLYCO,EQ,57256,26735,46.69
20,1007,INDIAMART,EQ,85048,35846,42.15
20,1008,INDIANB,EQ,1360516,587277,43.17
20,1009,INDIANCARD,EQ,11061,6120,55.33
20,1010,INDIANHUME,EQ,60084,28663,47.70
20,1011,INDIASHLTR,EQ,69321,27826,40.14
20,1012,INDIFRA,SM,4000,2000,50.00
20,1013,INDIGO,EQ,1767191,840770,47.58
20,1014,INDIGOPNTS,EQ,68535,42299,61.72
20,1015,INDIGRID,IV,136193,113240,83.15
20,1016,INDIGRID,NB,84,84,100.00
20,1017,INDIGRID,NJ,505,505,100.00
20,1018,INDNIPPON,EQ,29416,13149,44.70
20,1019,INDOAMIN,EQ,123907,70067,56.55
20,1020,INDOBORAX,EQ,93897,50174,53.44
20,1021,INDOCO,EQ,41246,19459,47.18
20,1022,INDORAMA,EQ,279155,94722,33.93
20,1023,INDOSTAR,EQ,165561,105940,63.99
20,1024,INDOTECH,EQ,50663,31288,61.76
20,1025,INDRAMEDCO,EQ,456618,284147,62.23
20,1026,INDSWFTLAB,EQ,578261,372778,64.47
20,1027,INDTERRAIN,EQ,230418,76261,33.10
20,1028,INDUSINDBK,EQ,1528341,631785,41.34
20,1029,INDUSTOWER,EQ,15430900,5019567,32.53
20,1030,INFIBEAM,EQ,39887788,11954804,29.97
20,1031,INFINIUM,SM,500,500,100.00
20,1032,INFOBEAN,EQ,17449,8000,45.85
20,1033,INFOLLION,SM,8000,7200,90.00
20,1034,INFRABEES,EQ,24175,12077,49.96
20,1035,INFRAIETF,EQ,86791,49906,57.50
20,1036,INFY,EQ,8531224,5094820,59.72
20,1037,INGERRAND,EQ,13026,6148,47.20
20,1038,INM,SM,7200,5400,75.00
20,1039,INNOVACAP,EQ,71886,31902,44.38
20,1040,INNOVANA,SM,5400,4200,77.78
20,1041,INNOVATIVE,ST,18000,15000,83.33
20,1042,INOXINDIA,EQ,566106,176809,31.23
20,1043,INOXWIND,EQ,893014,402418,45.06
20,1044,INSECTICID,EQ,32701,10905,33.35
20,1045,INSPIRE,SM,8000,8000,100.00
20,1046,INTELLECT,EQ,1797516,269572,15.00
20,1047,INTLCONV,EQ,285780,131530,46.02
20,1048,IOB,EQ,16205290,4584991,28.29
20,1049,IOC,EQ,30165832,11970926,39.68
20,1050,IOLCP,EQ,242888,101718,41.88
20,1051,IONEXCHANG,EQ,638878,212912,33.33
20,1052,IPCALAB,EQ,443344,220222,49.67
20,1053,IPL,EQ,575111,330546,57.48
20,1054,IRB,EQ,33350965,10261956,30.77
20,1055,IRBINVIT,IV,801873,767554,95.72
20,1056,IRCON,EQ,10458385,2961150,28.31
20,1057,IRCTC,EQ,4729372,1440395,30.46
20,1058,IREDA,EQ,44926047,14389196,32.03
20,1059,IREDA,N5,510,500,98.04
20,1060,IREDA,N6,25,25,100.00
20,1061,IRFC,EQ,49605843,12876478,25.96
20,1062,IRFC,N2,40,40,100.00
20,1063,IRFC,N4,1028,1028,100.00
20,1064,IRFC,N8,115,115,100.00
20,1065,IRFC,NA,1,1,100.00
20,1066,IRFC,NC,10,10,100.00
20,1067,IRFC,NE,230,180,78.26
20,1068,IRFC,NG,4,4,100.00
20,1069,IRFC,NJ,1,1,100.00
20,1070,IRIS,EQ,34929,19084,54.64
20,1071,IRISDOREME,EQ,124537,82268,66.06
20,1072,IRMENERGY,EQ,94831,52603,55.47
20,1073,ISEC,EQ,520209,292805,56.29
20,1074,ISFT,EQ,42010,21894,52.12
20,1075,ISGEC,EQ,264854,118866,44.88
20,1076,ISHAN,ST,240000,240000,100.00
20,1077,ISMTLTD,EQ,7762561,1492730,19.23
20,1078,IT,EQ,147527,127641,86.52
20,1079,ITALIANE,SM,10000,6000,60.00
20,1080,ITBEES,EQ,12441561,10003526,80.40
20,1081,ITC,EQ,8746243,4579022,52.35
20,1082,ITDC,EQ,68224,29532,43.29
20,1083,ITDCEM,EQ,785089,417824,53.22
20,1084,ITETF,EQ,176497,163296,92.52
20,1085,ITETFADD,EQ,91784,83041,90.47
20,1086,ITI,EQ,861469,183791,21.33
20,1087,ITIETF,EQ,801476,542470,67.68
20,1088,IVC,EQ,387169,220521,56.96
20,1089,IVZINGOLD,EQ,219,184,84.02
20,1090,IVZINNIFTY,EQ,11,9,81.82
20,1091,IZMO,EQ,74394,50179,67.45
20,1092,JAGRAN,EQ,357517,219747,61.46
20,1093,JAGSNPHARM,EQ,16529,7144,43.22
20,1094,JAICORPLTD,EQ,519035,221527,42.68
20,1095,JAINAM,SM,8000,7000,87.50
20,1096,JALAN,SM,30000,30000,100.00
20,1097,JAMNAAUTO,EQ,6597444,2085054,31.60
20,1098,JASH,EQ,8793,4974,56.57
20,1099,JAYAGROGN,EQ,19423,11755,60.52
20,1100,JAYBARMARU,EQ,117665,53108,45.13
20,1101,JAYNECOIND,EQ,304659,166515,54.66
20,1102,JAYSREETEA,EQ,59994,31457,52.43
20,1103,JBCHEPHARM,EQ,378533,227515,60.10
20,1104,JBMA,EQ,125810,64921,51.60
20,1105,JCHAC,EQ,27760,13181,47.48
20,1106,JETFREIGHT,EQ,150531,105678,70.20
20,1107,JFLLIFE,SM,24000,24000,100.00
20,1108,JGCHEM,EQ,373751,166452,44.54
20,1109,JINDALPHOT,EQ,13379,8621,64.44
20,1110,JINDALPOLY,EQ,29116,10678,36.67
20,1111,JINDALSAW,EQ,1067252,531178,49.77
20,1112,JINDALSTEL,EQ,2487303,666236,26.79
20,1113,JINDRILL,EQ,134191,48830,36.39
20,1114,JINDWORLD,EQ,36185,17726,48.99
20,1115,JIOFIN,EQ,46281481,22040884,47.62
20,1116,JISLDVREQS,EQ,26608,14532,54.62
20,1117,JISLJALEQS,EQ,4699717,1691179,35.98
20,1118,JIWANRAM,SM,18000,18000,100.00
20,1119,J&KBANK,EQ,3486028,1292191,37.07
20,1120,JKCEMENT,EQ,55942,24495,43.79
20,1121,JKIL,EQ,164380,63773,38.80
20,1122,JKLAKSHMI,EQ,232508,86727,37.30
20,1123,JKPAPER,EQ,545105,301174,55.25
20,1124,JKTYRE,EQ,444525,220901,49.69
20,1125,JLHL,EQ,24496,11906,48.60
20,1126,JMFINANCIL,EQ,3085035,1395980,45.25
20,1127,JOCIL,EQ,15958,8654,54.23
20,1128,JPASSOCIAT,EQ,22272175,9000699,40.41
20,1129,JPOLYINVST,EQ,6430,3989,62.04
20,1130,JSFB,EQ,194015,104832,54.03
20,1131,JSL,EQ,1841612,872680,47.39
20,1132,JSLL,SM,42480,30060,70.76
20,1133,JSWENERGY,EQ,2834063,1080420,38.12
20,1134,JSWHL,EQ,7437,2689,36.16
20,1135,JSWINFRA,EQ,3711925,1933420,52.09
20,1136,JSWSTEEL,EQ,1974756,543708,27.53
20,1137,JTEKTINDIA,EQ,280304,122661,43.76
20,1138,JTLIND,EQ,1092316,472122,43.22
20,1139,JUBLFOOD,EQ,2283507,1202294,52.65
20,1140,JUBLINDS,EQ,15912,9509,59.76
20,1141,JUBLINGREA,EQ,2021894,568719,28.13
20,1142,JUBLPHARMA,EQ,583107,200223,34.34
20,1143,JUNIORBEES,EQ,986754,868709,88.04
20,1144,JUNIPER,EQ,476926,297691,62.42
20,1145,JUSTDIAL,EQ,232091,70454,30.36
20,1146,JWL,EQ,1068971,509848,47.70
20,1147,JYOTHYLAB,EQ,549523,274337,49.92
20,1148,JYOTICNC,EQ,418412,258442,61.77
20,1149,K2INFRA,ST,168000,148800,88.57
20,1150,KABRAEXTRU,EQ,67961,33183,48.83
20,1151,KAJARIACER,EQ,65232,27462,42.10
20,1152,KAKATCEM,EQ,8945,6287,70.29
20,1153,KALAMANDIR,EQ,775262,444358,57.32
20,1154,KALYANIFRG,EQ,2618,1561,59.63
20,1155,KALYANKJIL,EQ,2401867,1100184,45.81
20,1156,KAMATHOTEL,EQ,55781,33754,60.51
20,1157,KAMDHENU,EQ,104621,80260,76.71
20,1158,KAMOPAINTS,EQ,208490,140885,67.57
20,1159,KANDARP,SM,4000,4000,100.00
20,1160,KANORICHEM,EQ,81466,39544,48.54
20,1161,KANPRPLA,EQ,13663,9258,67.76
20,1162,KANSAINER,EQ,265628,134478,50.63
20,1163,KAPSTON,EQ,11163,5935,53.17
20,1164,KARNIKA,SM,92800,80000,86.21
20,1165,KARURVYSYA,EQ,1775663,910793,51.29
20,1166,KAUSHALYA,EQ,2409,1952,81.03
20,1167,KAVVERITEL,EQ,73442,41298,56.23
20,1168,KAYA,EQ,9439,7332,77.68
20,1169,KAYNES,EQ,107768,72829,67.58
20,1170,KBCGLOBAL,EQ,7198795,3593058,49.91
20,1171,KCEIL,SM,102000,60000,58.82
20,1172,KCK,ST,8000,8000,100.00
20,1173,KCP,EQ,276629,111209,40.20
20,1174,KCPSUGIND,EQ,225359,117186,52.00
20,1175,KDDL,EQ,27735,13646,49.20
20,1176,KDL,SM,21600,15600,72.22
20,1177,KEC,EQ,934533,399535,42.75
20,1178,KECL,EQ,244560,116122,47.48
20,1179,KEEPLEARN,EQ,9158,8608,93.99
20,1180,KEI,EQ,601366,285056,47.40
20,1181,KEL,SM,14400,10800,75.00
20,1182,KELLTONTEC,EQ,1250564,559136,44.71
20,1183,KERNEX,EQ,15330,12020,78.41
20,1184,KESORAMIND,EQ,698336,297872,42.65
20,1185,KFINTECH,EQ,305129,193812,63.52
20,1186,KHADIM,EQ,25538,16524,64.70
20,1187,KHAICHEM,EQ,297238,125815,42.33
20,1188,KHAITANLTD,EQ,3458,2663,77.01
20,1189,KHANDSE,EQ,35660,15884,44.54
20,1190,KHFM,SM,21700,6200,28.57
20,1191,KICL,EQ,4070,1494,36.71
20,1192,KILITCH,EQ,10838,6710,61.91
20,1193,KIMS,EQ,62876,39006,62.04
20,1194,KINGFA,EQ,6980,3731,53.45
20,1195,KIOCL,EQ,338353,91827,27.14
20,1196,KIRIINDUS,EQ,133416,63083,47.28
20,1197,KIRLOSBROS,EQ,188543,73430,38.95
20,1198,KIRLOSENG,EQ,222150,110536,49.76
20,1199,KIRLOSIND,EQ,3744,1733,46.29
20,1200,KIRLPNU,EQ,50186,28151,56.09
20,1201,KITEX,EQ,214209,95939,44.79
20,1202,KKCL,EQ,54663,43536,79.64
20,1203,KKVAPOW,SM,624,312,50.00
20,1204,KLL,SM,139200,104000,74.71
20,1205,KMSUGAR,EQ,485024,255222,52.62
20,1206,KNAGRI,SM,3200,3200,100.00
20,1207,KNRCON,EQ,550046,250484,45.54
20,1208,KODYTECH,SM,12800,10400,81.25
20,1209,KOHINOOR,EQ,175785,109260,62.16
20,1210,KOKUYOCMLN,EQ,89724,47988,53.48
20,1211,KOLTEPATIL,EQ,365866,111675,30.52
20,1212,KONSTELEC,SM,120000,64000,53.33
20,1213,KONTOR,SM,6000,4800,80.00
20,1214,KOPRAN,EQ,438716,171931,39.19
20,1215,KORE,SM,1500,1000,66.67
20,1216,KOTAKBANK,EQ,4319868,2688203,62.23
20,1217,KOTAKGOLD,EQ,652964,558408,85.52
20,1218,KOTAKSILVE,EQ,458471,454886,99.22
20,1219,KOTARISUG,EQ,294945,125573,42.58
20,1220,KOTHARIPET,EQ,107571,53826,50.04
20,1221,KOTHARIPRO,EQ,15133,8810,58.22
20,1222,KOTYARK,SM,16800,12000,71.43
20,1223,KPIGREEN,EQ,811501,306201,37.73
20,1224,KPIL,EQ,231219,91819,39.71
20,1225,KPITTECH,EQ,974699,485144,49.77
20,1226,KPRMILL,EQ,255829,127533,49.85
20,1227,KRBL,EQ,404448,195151,48.25
20,1228,KREBSBIO,EQ,13344,6872,51.50
20,1229,KRISHANA,EQ,40417,23882,59.09
20,1230,KRISHCA,SM,10500,9000,85.71
20,1231,KRISHNADEF,SM,162000,96500,59.57
20,1232,KRITI,EQ,60283,29642,49.17
20,1233,KRITINUT,EQ,78393,36490,46.55
20,1234,KRSNAA,EQ,113069,68137,60.26
20,1235,KRYSTAL,EQ,1489637,167370,11.24
20,1236,KSB,EQ,45835,14560,31.77
20,1237,KSCL,EQ,83123,49070,59.03
20,1238,KSL,EQ,82812,30484,36.81
20,1239,KSOLVES,EQ,37713,21557,57.16
20,1240,KTKBANK,EQ,1705797,900097,52.77
20,1241,KTL,SM,63000,48000,76.19
20,1242,KUANTUM,EQ,100260,45164,45.05
20,1243,LALPATHLAB,EQ,207559,56506,27.22
20,1244,LAMBODHARA,EQ,29599,19205,64.88
20,1245,LANDMARK,EQ,69643,34045,48.89
20,1246,LAOPALA,EQ,158061,65285,41.30
20,1247,LASA,EQ,68779,41404,60.20
20,1248,LATENTVIEW,EQ,676952,251100,37.09
20,1249,LAURUSLABS,EQ,4040007,1925524,47.66
20,1250,LAWSIKHO,SM,44000,29000,65.91
20,1251,LAXMICOT,EQ,69347,38820,55.98
20,1252,LAXMIMACH,EQ,8907,2626,29.48
20,1253,LEMERITE,SM,54400,24000,44.12
20,1254,LEMONTREE,EQ,2836150,1226782,43.26
20,1255,LEXUS,EQ,98903,71913,72.71
20,1256,LGBBROSLTD,EQ,32151,16476,51.25
20,1257,LGBFORGE,EQ,201237,106387,52.87
20,1258,LGHL,EQ,2484,832,33.49
20,1259,LIBAS,EQ,155067,83850,54.07
20,1260,LICHSGFIN,EQ,3059341,1263061,41.29
20,1261,LICI,EQ,2950660,1086686,36.83
20,1262,LICMFGOLD,EQ,789,263,33.33
20,1263,LICNETFGSC,EQ,17175,11509,67.01
20,1264,LICNETFN50,EQ,200,168,84.00
20,1265,LICNETFSEN,EQ,29,28,96.55
20,1266,LICNFNHGP,EQ,503,338,67.20
20,1267,LICNMID100,EQ,13274,8732,65.78
20,1268,LIKHITHA,EQ,2983766,496661,16.65
20,1269,LINC,EQ,21571,10067,46.67
20,1270,LINCOLN,EQ,90513,39905,44.09
20,1271,LINDEINDIA,EQ,61758,22565,36.54
20,1272,LIQUID,EQ,72453,39589,54.64
20,1273,LIQUID1,EQ,6672,5214,78.15
20,1274,LIQUIDADD,EQ,105031,55372,52.72
20,1275,LIQUIDBEES,EQ,4355742,4081364,93.70
20,1276,LIQUIDCASE,EQ,4890897,3769982,77.08
20,1277,LIQUIDETF,EQ,724481,413671,57.10
20,1278,LIQUIDIETF,EQ,1586747,1342301,84.59
20,1279,LIQUIDSBI,EQ,6454,6137,95.09
20,1280,LLOYDS,SM,4000,4000,100.00
20,1281,LLOYDSENGG,EQ,9643977,3685178,38.21
20,1282,LLOYDSME,EQ,591556,264556,44.72
20,1283,LODHA,EQ,459087,252470,54.99
20,1284,LOKESHMACH,EQ,111218,61348,55.16
20,1285,LOVABLE,EQ,54338,17643,32.47
20,1286,LOWVOL,EQ,494,493,99.80
20,1287,LOWVOL1,EQ,678433,661331,97.48
20,1288,LOWVOLIETF,EQ,4257041,3106504,72.97
20,1289,LOYALTEX,EQ,1009,709,70.27
20,1290,LPDC,EQ,48686,26006,53.42
20,1291,LRRPL,SM,9000,6000,66.67
20,1292,LT,EQ,1719910,904940,52.62
20,1293,L&TFH,EQ,5710326,2934713,51.39
20,1294,L&TFIN,N7,75,75,100.00
20,1295,L&TFIN,NL,861,834,96.86
20,1296,L&TFIN,NN,988,988,100.00
20,1297,LTFOODS,EQ,2245350,928159,41.34
20,1298,LTGILTBEES,EQ,2858092,2172094,76.00
20,1299,LTIM,EQ,335329,181519,54.13
20,1300,LTTS,EQ,91658,29991,32.72
20,1301,LUMAXIND,EQ,4175,2236,53.56
20,1302,LUMAXTECH,EQ,142219,64578,45.41
20,1303,LUPIN,EQ,1385597,673608,48.62
20,1304,LUXIND,EQ,41006,19250,46.94
20,1305,LXCHEM,EQ,1464638,659614,45.04
20,1306,LYKALABS,EQ,63345,34505,54.47
20,1307,LYPSAGEMS,EQ,59473,29210,49.11
20,1308,MAANALU,EQ,1506830,445442,29.56
20,1309,MADHAVBAUG,SM,3600,3600,100.00
20,1310,MADHUSUDAN,SM,10000,10000,100.00
20,1311,MADRASFERT,EQ,362016,93625,25.86
20,1312,MAFANG,EQ,966002,559558,57.93
20,1313,MAGADSUGAR,EQ,11024,5957,54.04
20,1314,MAGNUM,EQ,255312,125584,49.19
20,1315,MAGSON,SM,4000,4000,100.00
20,1316,MAHABANK,EQ,30239121,8407793,27.80
20,1317,MAHAPEXLTD,EQ,4456,2759,61.92
20,1318,MAHEPC,EQ,102845,44889,43.65
20,1319,MAHESHWARI,EQ,64284,40514,63.02
20,1320,MAHKTECH,EQ,1469815,993594,67.60
20,1321,MAHLIFE,EQ,396270,162855,41.10
20,1322,MAHLOG,EQ,338448,157010,46.39
20,1323,MAHSCOOTER,EQ,5259,2388,45.41
20,1324,MAHSEAMLES,EQ,186147,77979,41.89
20,1325,MAITHANALL,EQ,135394,37736,27.87
20,1326,MAITREYA,SM,9600,8000,83.33
20,1327,MAKEINDIA,EQ,38942,25696,65.99
20,1328,MAL,SM,19200,16000,83.33
20,1329,MALLCOM,EQ,4437,2568,57.88
20,1330,MANAKCOAT,EQ,115824,65141,56.24
20,1331,MANAKSIA,EQ,119104,55486,46.59
20,1332,MANALIPETC,EQ,1070901,745525,69.62
20,1333,MANAPPURAM,EQ,6836767,1638964,23.97
20,1334,MANGALAM,EQ,37262,24399,65.48
20,1335,MANGCHEFER,EQ,352691,189260,53.66
20,1336,MANGLMCEM,EQ,302567,134513,44.46
20,1337,MANINFRA,EQ,509697,274751,53.90
20,1338,MANKIND,EQ,273694,167068,61.04
20,1339,MANORAMA,EQ,192100,108926,56.70
20,1340,MANORG,EQ,5260,3368,64.03
20,1341,MANYAVAR,EQ,226044,141915,62.78
20,1342,MAPMYINDIA,EQ,54860,27144,49.48
20,1343,MARALOVER,EQ,17039,10443,61.29
20,1344,MARATHON,EQ,97664,50894,52.11
20,1345,MARCO,SM,39000,33000,84.62
20,1346,MARICO,EQ,1163084,537213,46.19
20,1347,MARINE,EQ,230955,154347,66.83
20,1348,MARINETRAN,SM,8000,4000,50.00
20,1349,MARKSANS,EQ,9431465,7629504,80.89
20,1350,MARUTI,EQ,831257,369251,44.42
20,1351,MASFIN,EQ,203566,115915,56.94
20,1352,MASKINVEST,EQ,1382,1360,98.41
20,1353,MASPTOP50,EQ,1453056,623555,42.91
20,1354,MASTEK,EQ,45116,20113,44.58
20,1355,MATRIMONY,EQ,14360,7969,55.49
20,1356,MAWANASUG,EQ,81143,31401,38.70
20,1357,MAXESTATES,EQ,84845,42696,50.32
20,1358,MAXHEALTH,EQ,1235862,837064,67.73
20,1359,MAXPOSURE,SM,80000,44000,55.00
20,1360,MAYURUNIQ,EQ,59197,36444,61.56
20,1361,MAZDA,EQ,40346,6817,16.90
20,1362,MAZDOCK,EQ,1231272,283430,23.02
20,1363,MBAPL,EQ,27634,13350,48.31
20,1364,MBLINFRA,EQ,129467,85118,65.74
20,1365,MCDOWELL-N,EQ,1057333,665580,62.95
20,1366,MCON,SM,8000,7000,87.50
20,1367,MCX,EQ,1379871,455316,33.00
20,1368,MDL,ST,8000,8000,100.00
20,1369,MEDANTA,EQ,184428,107067,58.05
20,1370,MEDIASSIST,EQ,175453,80199,45.71
20,1371,MEDICAMEQ,EQ,13410,6569,48.99
20,1372,MEDPLUS,EQ,42693,22389,52.44
20,1373,MEGAFLEX,ST,6000,6000,100.00
20,1374,MEGASOFT,EQ,347295,233900,67.35
20,1375,MEGASTAR,EQ,8980,5227,58.21
20,1376,MEGATHERM,SM,49200,44400,90.24
20,1377,MENONBE,EQ,52231,27476,52.60
20,1378,METROBRAND,EQ,186856,77871,41.67
20,1379,METROPOLIS,EQ,821956,126771,15.42
20,1380,MFSL,EQ,588216,347779,59.12
20,1381,MGEL,EQ,208012,160202,77.02
20,1382,MGL,EQ,1026357,107757,10.50
20,1383,MHHL,SM,57000,55500,97.37
20,1384,MHLXMIRU,EQ,422596,148776,35.21
20,1385,MHRIL,EQ,120606,59734,49.53
20,1386,MICEL,EQ,398871,216327,54.23
20,1387,MICROPRO,SM,16000,11200,70.00
20,1388,MID150BEES,EQ,681551,409311,60.06
20,1389,MIDCAP,EQ,34866,17824,51.12
20,1390,MIDCAPETF,EQ,1174987,736020,62.64
20,1391,MIDCAPIETF,EQ,53147,34749,65.38
20,1392,MIDHANI,EQ,1287981,322530,25.04
20,1393,MIDQ50ADD,EQ,6076,5436,89.47
20,1394,MIDSELIETF,EQ,105625,76327,72.26
20,1395,MINDACORP,EQ,565195,280477,49.62
20,1396,MINDSPACE,RR,311239,296702,95.33
20,1397,MINDTECK,EQ,1764879,406991,23.06
20,1398,MIRCELECTR,EQ,509563,309362,60.71
20,1399,M&M,EQ,2024919,1180623,58.30
20,1400,M&MFIN,EQ,3188143,1593167,49.97
20,1401,MMFL,EQ,46202,23065,49.92
20,1402,MMP,EQ,60433,21418,35.44
20,1403,MMTC,EQ,2665623,1166001,43.74
20,1404,MNC,EQ,11749,6154,52.38
20,1405,MODIRUBBER,EQ,43673,29585,67.74
20,1406,MODISONLTD,EQ,159622,92672,58.06
20,1407,MOGSEC,EQ,123793,122192,98.71
20,1408,MOHEALTH,EQ,17436,11187,64.16
20,1409,MOHITIND,EQ,32804,24141,73.59
20,1410,MOIL,EQ,2916235,617152,21.16
20,1411,MOL,EQ,2161366,899270,41.61
20,1412,MOLDTECH,EQ,147081,80505,54.74
20,1413,MOLDTKPAC,EQ,75866,41971,55.32
20,1414,MOLOWVOL,EQ,5307,4493,84.66
20,1415,MOM100,EQ,368549,215012,58.34
20,1416,MOM30IETF,EQ,729334,383592,52.59
20,1417,MOM50,EQ,4756,4367,91.82
20,1418,MOMENTUM,EQ,163093,109727,67.28
20,1419,MOMOMENTUM,EQ,96359,69862,72.50
20,1420,MON100,EQ,406547,259775,63.90
20,1421,MONARCH,EQ,39496,19408,49.14
20,1422,MONIFTY500,EQ,531595,483797,91.01
20,1423,MONOPHARMA,SM,8000,4000,50.00
20,1424,MONQ50,EQ,24683,17479,70.81
20,1425,MONTECARLO,EQ,15906,8594,54.03
20,1426,MOQUALITY,EQ,1668,1432,85.85
20,1427,MOREALTY,EQ,76400,54630,71.51
20,1428,MOREPENLAB,EQ,2744773,1080512,39.37
20,1429,MOS,SM,952000,364800,38.32
20,1430,MOSMALL250,EQ,455176,393016,86.34
20,1431,MOTHERSON,EQ,15141027,6937772,45.82
20,1432,MOTILALOFS,EQ,254061,131266,51.67
20,1433,MOTISONS,EQ,303080,133269,43.97
20,1434,MOVALUE,EQ,167261,100877,60.31
20,1435,MPHASIS,EQ,540342,211765,39.19
20,1436,MPSLTD,EQ,14750,9522,64.56
20,1437,MPTODAY,SM,2000,2000,100.00
20,1438,MRF,EQ,8752,2645,30.22
20,1439,MRO-TEK,EQ,104179,56398,54.14
20,1440,MRPL,EQ,7422162,1068573,14.40
20,1441,MSPL,EQ,737992,477638,64.72
20,1442,MSTCLTD,EQ,300978,95338,31.68
20,1443,MSUMI,EQ,7989068,3746303,46.89
20,1444,MTARTECH,EQ,157156,66311,42.19
20,1445,MTNL,EQ,1923345,817816,42.52
20,1446,MUFIN,EQ,238780,118552,49.65
20,1447,MUFTI,EQ,214872,97231,45.25
20,1448,MUKANDLTD,EQ,258695,119818,46.32
20,1449,MUKKA,EQ,2553500,1254355,49.12
20,1450,MUNJALAU,EQ,89966,53917,59.93
20,1451,MUNJALSHOW,EQ,98177,46412,47.27
20,1452,MURUDCERA,EQ,145629,64009,43.95
20,1453,MUTHOOTCAP,EQ,39096,17919,45.83
20,1454,MUTHOOTFIN,EQ,310331,117290,37.80
20,1455,MUTHOOTMF,EQ,311838,142305,45.63
20,1456,MVGJL,EQ,102672,41673,40.59
20,1457,MVKAGRO,SM,46800,38400,82.05
20,1458,MWL,SM,43200,36000,83.33
20,1459,NABARD,N1,8,0,0.00
20,1460,NABARD,N2,10,10,100.00
20,1461,NACLIND,EQ,112741,53165,47.16
20,1462,NAGAFERT,EQ,1348817,684525,50.75
20,1463,NAGREEKEXP,EQ,23386,14693,62.83
20,1464,NAHARCAP,EQ,6646,4129,62.13
20,1465,NAHARINDUS,EQ,61324,23433,38.21
20,1466,NAHARPOLY,EQ,13822,6489,46.95
20,1467,NAHARSPING,EQ,38400,19293,50.24
20,1468,NAMAN,ST,316800,292800,92.42
20,1469,NAM-INDIA,EQ,1451233,960247,66.17
20,1470,NATCOPHARM,EQ,636794,366791,57.60
20,1471,NATHBIOGEN,EQ,23476,12813,54.58
20,1472,NATIONALUM,EQ,53692381,15379587,28.64
20,1473,NAUKRI,EQ,297974,137489,46.14
20,1474,NAVA,EQ,268472,116437,43.37
20,1475,NAVIFIN,N0,209,158,75.60
20,1476,NAVIFIN,N4,1,1,100.00
20,1477,NAVIFIN,N7,210,210,100.00
20,1478,NAVIFIN,N9,203,193,95.07
20,1479,NAVIFIN,NA,25,25,100.00
20,1480,NAVIFIN,NC,99,99,100.00
20,1481,NAVIFIN,ND,810,810,100.00
20,1482,NAVINFLUOR,EQ,297843,118267,39.71
20,1483,NAVINIFTY,EQ,5545,3576,64.49
20,1484,NAVKARCORP,EQ,1064155,435586,40.93
20,1485,NAVNETEDUL,EQ,169136,84891,50.19
20,1486,NAZARA,EQ,270056,131662,48.75
20,1487,NBCC,EQ,19579372,7953119,40.62
20,1488,NBIFIN,EQ,1561,1513,96.93
20,1489,NCC,EQ,6124033,1784806,29.14
20,1490,NCLIND,EQ,235553,110524,46.92
20,1491,NDGL,EQ,297,224,75.42
20,1492,NDL,EQ,5672939,1502493,26.49
20,1493,NDLVENTURE,EQ,18312,10328,56.40
20,1494,NDRAUTO,EQ,11048,5200,47.07
20,1495,NDTV,EQ,254720,94366,37.05
20,1496,NECCLTD,EQ,293539,179117,61.02
20,1497,NECLIFE,EQ,333537,174106,52.20
20,1498,NELCAST,EQ,278898,121170,43.45
20,1499,NELCO,EQ,98755,39219,39.71
20,1500,NEOGEN,EQ,33357,13756,41.24
20,1501,NESCO,EQ,52058,26639,51.17
20,1502,NESTLEIND,EQ,1146823,542494,47.30
20,1503,NETF,EQ,8531,6179,72.43
20,1504,NETWEB,EQ,81578,43030,52.75
20,1505,NEULANDLAB,EQ,89576,38785,43.30
20,1506,NEWGEN,EQ,161378,87808,54.41
20,1507,NEWJAISA,SM,27000,24000,88.89
20,1508,NEXT50,EQ,22235,15483,69.63
20,1509,NEXT50IETF,EQ,362211,198748,54.87
20,1510,NEXTMEDIA,EQ,6995,4505,64.40
20,1511,NFL,EQ,3429170,863484,25.18
20,1512,NGIL,EQ,200462,43684,21.79
20,1513,NGLFINE,EQ,6616,4032,60.94
20,1514,NH,EQ,339068,224213,66.13
20,1515,NHAI,N2,20,10,50.00
20,1516,NHAI,N5,1,1,100.00
20,1517,NHAI,N6,1716,1425,83.04
20,1518,NHAI,N8,1311,1311,100.00
20,1519,NHAI,N9,2509,2509,100.00
20,1520,NHAI,NA,2241,1589,70.91
20,1521,NHAI,NE,651,500,76.80
20,1522,NHBTF2014,N5,20,20,100.00
20,1523,NHBTF2014,N6,13,12,92.31
20,1524,NHBTF2023,N6,101,101,100.00
20,1525,NHIT,N1,2697,2696,99.96
20,1526,NHIT,N2,2414,2394,99.17
20,1527,NHIT,N3,4601,4601,100.00
20,1528,NHPC,EQ,71102656,19893906,27.98
20,1529,NHPC,N3,1,1,100.00
20,1530,NHPC,N5,3,3,100.00
20,1531,NHPC,N6,33,33,100.00
20,1532,NIACL,EQ,1336300,312923,23.42
20,1533,NIBL,EQ,32047,19601,61.16
20,1534,NIDAN,SM,37000,28000,75.68
20,1535,NIDO,N6,140,140,100.00
20,1536,NIF100BEES,EQ,24319,15917,65.45
20,1537,NIF100IETF,EQ,26618,12978,48.76
20,1538,NIF10GETF,EQ,998,994,99.60
20,1539,NIF5GETF,EQ,82,80,97.56
20,1540,NIFITETF,EQ,5462,4981,91.19
20,1541,NIFMID150,EQ,3040,521,17.14
20,1542,NIFTY1,EQ,208753,139710,66.93
20,1543,NIFTY50ADD,EQ,15414,12430,80.64
20,1544,NIFTYBEES,EQ,6430760,4875080,75.81
20,1545,NIFTYBETF,EQ,2084,1543,74.04
20,1546,NIFTYETF,EQ,101853,84491,82.95
20,1547,NIFTYIETF,EQ,593510,356499,60.07
20,1548,NIFTYQLITY,EQ,49590,44152,89.03
20,1549,NIITLTD,EQ,565965,243565,43.04
20,1550,NIITMTS,EQ,69694,31952,45.85
20,1551,NILASPACES,EQ,1789347,1255466,70.16
20,1552,NILKAMAL,EQ,25639,10087,39.34
20,1553,NINSYS,EQ,5024,2866,57.05
20,1554,NIPPOBATRY,EQ,18415,7611,41.33
20,1555,NIRMAN,SM,60600,31800,52.48
20,1556,NITINSPIN,EQ,79477,45031,56.66
20,1557,NITIRAJ,EQ,2863,1771,61.86
20,1558,NLCINDIA,EQ,9249014,3047633,32.95
20,1559,NMDC,EQ,25312385,7487460,29.58
20,1560,NOCIL,EQ,592228,213728,36.09
20,1561,NORBTEAEXP,EQ,2353,2271,96.52
20,1562,NOVAAGRI,EQ,503551,261524,51.94
20,1563,NPBET,EQ,1260,777,61.67
20,1564,NPST,SM,10800,8400,77.78
20,1565,NRAIL,EQ,19400,7379,38.04
20,1566,NRBBEARING,EQ,259517,100330,38.66
20,1567,NRL,EQ,200964,99265,49.39
20,1568,NSIL,EQ,3131,1672,53.40
20,1569,NSLNISP,EQ,39379152,6658547,16.91
20,1570,NTPC,EQ,18126999,8056516,44.44
20,1571,NTPC,N6,409,400,97.80
20,1572,NTPC,N7,49736,39872,80.17
20,1573,NTPC,ND,111,111,100.00
20,1574,NUCLEUS,EQ,23826,9201,38.62
20,1575,NURECA,EQ,28104,15067,53.61
20,1576,NUVAMA,EQ,79844,38420,48.12
20,1577,NUVOCO,EQ,260260,118661,45.59
20,1578,NV20,EQ,40139,31104,77.49
20,1579,NV20BEES,EQ,61337,51369,83.75
20,1580,NV20IETF,EQ,950812,635767,66.87
20,1581,NXST,RR,112451,77886,69.26
20,1582,NYKAA,EQ,4531243,1616707,35.68
20,1583,OAL,EQ,11052,4220,38.18
20,1584,OBCL,EQ,127002,54575,42.97
20,1585,OBEROIRLTY,EQ,393540,140251,35.64
20,1586,OCCL,EQ,23161,12878,55.60
20,1587,OFSS,EQ,202507,78352,38.69
20,1588,OIL,EQ,9268535,2599122,28.04
20,1589,OLECTRA,EQ,1710354,482009,28.18
20,1590,OMAXE,EQ,195856,91326,46.63
20,1591,OMFURN,SM,28800,19200,66.67
20,1592,OMINFRAL,EQ,260474,129393,49.68
20,1593,ONDOOR,SM,600,600,100.00
20,1594,ONGC,EQ,75063828,24482811,32.62
20,1595,ONMOBILE,EQ,582593,278102,47.74
20,1596,ONWARDTEC,EQ,115228,88255,76.59
20,1597,OPTIEMUS,EQ,106483,44161,41.47
20,1598,ORBTEXP,EQ,17931,12139,67.70
20,1599,ORCHPHARMA,EQ,319745,31725,9.92
20,1600,ORIANA,SM,182100,109800,60.30
20,1601,ORICONENT,EQ,2316363,1208354,52.17
20,1602,ORIENTBELL,EQ,10759,5262,48.91
20,1603,ORIENTCEM,EQ,624396,263818,42.25
20,1604,ORIENTCER,EQ,84722,55565,65.59
20,1605,ORIENTELEC,EQ,266559,145477,54.58
20,1606,ORIENTHOT,EQ,590445,265601,44.98
20,1607,ORIENTLTD,EQ,10746,7833,72.89
20,1608,ORIENTPPR,EQ,878551,396955,45.18
20,1609,ORISSAMINE,EQ,10723,3942,36.76
20,1610,ORTINLAB,EQ,23350,15623,66.91
20,1611,OSWALAGRO,EQ,172042,118507,68.88
20,1612,OSWALGREEN,EQ,372122,165523,44.48
20,1613,OWAIS,SM,131200,68800,52.44
20,1614,PAGEIND,EQ,49123,23069,46.96
20,1615,PAISALO,EQ,2420121,1252636,51.76
20,1616,PAKKA,EQ,92646,42238,45.59
20,1617,PALASHSECU,EQ,5599,2048,36.58
20,1618,PANACEABIO,EQ,121914,62660,51.40
20,1619,PANACHE,EQ,4312,2569,59.58
20,1620,PANAMAPET,EQ,82411,44128,53.55
20,1621,PANSARI,EQ,1339,1109,82.82
20,1622,PAR,EQ,534331,110594,20.70
20,1623,PARACABLES,EQ,1143467,653370,57.14
20,1624,PARADEEP,EQ,1445630,593843,41.08
20,1625,PARAGMILK,EQ,1372834,538647,39.24
20,1626,PARAGON,SM,28800,16800,58.33
20,1627,PARAS,EQ,193339,64935,33.59
20,1628,PARKHOTELS,EQ,403485,201525,49.95
20,1629,PARSVNATH,EQ,677422,406393,59.99
20,1630,PARTYCRUS,SM,10000,10000,100.00
20,1631,PASHUPATI,SM,128000,107200,83.75
20,1632,PASUPTAC,EQ,269278,106174,39.43
20,1633,PATANJALI,EQ,568762,197982,34.81
20,1634,PATELENG,EQ,5767036,2554681,44.30
20,1635,PATINTLOG,EQ,305861,167265,54.69
20,1636,PAYTM,EQ,1637503,1004798,61.36
20,1637,PCBL,EQ,2220899,873849,39.35
20,1638,PCHFL,N6,1000,1000,100.00
20,1639,PCHFL,N8,9471,9471,100.00
20,1640,PCHFL,NA,40,40,100.00
20,1641,PCJEWELLER,EQ,1884719,965743,51.24
20,1642,PDMJEPAPER,EQ,239736,111474,46.50
20,1643,PDSL,EQ,48845,24491,50.14
20,1644,PEARLPOLY,EQ,134795,73994,54.89
20,1645,PEL,EQ,957570,354107,36.98
20,1646,PEL,N1,29,29,100.00
20,1647,PENIND,EQ,761565,334306,43.90
20,1648,PENINLAND,EQ,633632,230652,36.40
20,1649,PENTAGOLD,SZ,13800,13800,100.00
20,1650,PENTAGON,SM,15000,10000,66.67
20,1651,PERFECT,ST,114000,108000,94.74
20,1652,PERSISTENT,EQ,294122,76540,26.02
20,1653,PETRONET,EQ,11930889,3584025,30.04
20,1654,PFC,EQ,7965565,3051030,38.30
20,1655,PFC,N8,195,195,100.00
20,1656,PFIZER,EQ,13909,8871,63.78
20,1657,PFOCUS,EQ,86429,51347,59.41
20,1658,PGEL,EQ,58998,27947,47.37
20,1659,PGHH,EQ,3351,1899,56.67
20,1660,PGHL,EQ,13464,9135,67.85
20,1661,PGIL,EQ,10045,4377,43.57
20,1662,PGINVIT,IV,499487,455032,91.10
20,1663,PHANTOMFX,SM,48000,30300,63.13
20,1664,PHARMABEES,EQ,3612885,2778435,76.90
20,1665,PHOENIXLTD,EQ,530378,310057,58.46
20,1666,PIDILITIND,EQ,347574,198671,57.16
20,1667,PIIND,EQ,637710,393650,61.73
20,1668,PILANIINVS,EQ,8398,3368,40.10
20,1669,PITTIENG,EQ,99361,44996,45.29
20,1670,PIXTRANS,EQ,16097,7379,45.84
20,1671,PKTEA,EQ,323,301,93.19
20,1672,PLASTIBLEN,EQ,20225,8031,39.71
20,1673,PLATIND,EQ,195899,96507,49.26
20,1674,PLAZACABLE,EQ,190063,107416,56.52
20,1675,PNB,EQ,45918093,11953047,26.03
20,1676,PNBGILTS,EQ,686861,323190,47.05
20,1677,PNBHOUSING,EQ,465969,190800,40.95
20,1678,PNC,EQ,33763,26354,78.06
20,1679,PNCINFRA,EQ,648392,379245,58.49
20,1680,POCL,EQ,24306,12894,53.05
20,1681,PODDARMENT,EQ,16251,10242,63.02
20,1682,POKARNA,EQ,211514,119168,56.34
20,1683,POLICYBZR,EQ,2636356,1357950,51.51
20,1684,POLYCAB,EQ,550150,173921,31.61
20,1685,POLYMED,EQ,33658,16624,49.39
20,1686,POLYPLEX,EQ,78822,33513,42.52
20,1687,POLYSIL,SM,12000,12000,100.00
20,1688,PONNIERODE,EQ,33428,14019,41.94
20,1689,POONAWALLA,EQ,1245053,578483,46.46
20,1690,POWERGRID,EQ,13378690,7558870,56.50
20,1691,POWERINDIA,EQ,29444,6723,22.83
20,1692,POWERMECH,EQ,25919,13626,52.57
20,1693,PPAP,EQ,13786,8445,61.26
20,1694,PPL,EQ,52138,27202,52.17
20,1695,PPLPHARMA,EQ,5299574,2056666,38.81
20,1696,PRAJIND,EQ,394029,150624,38.23
20,1697,PRAKASH,EQ,668403,310243,46.42
20,1698,PRAMARA,SM,10000,6000,60.00
20,1699,PRATHAM,SM,942400,536000,56.88
20,1700,PRECAM,EQ,186004,82673,44.45
20,1701,PRECISION,SM,22000,12000,54.55
20,1702,PRECWIRE,EQ,270842,108662,40.12
20,1703,PREMEXPLN,EQ,187888,44957,23.93
20,1704,PREMIERPOL,EQ,51024,23521,46.10
20,1705,PRESSTONIC,SM,33600,19200,57.14
20,1706,PRESTIGE,EQ,752583,417729,55.51
20,1707,PRICOLLTD,EQ,339102,135052,39.83
20,1708,PRIMESECU,EQ,38539,19013,49.33
20,1709,PRINCEPIPE,EQ,229905,91051,39.60
20,1710,PRITI,EQ,37054,21359,57.64
20,1711,PRITIKA,SM,18000,12000,66.67
20,1712,PRIVISCL,EQ,16924,8914,52.67
20,1713,PROV,SM,320,320,100.00
20,1714,PROZONER,EQ,618282,296368,47.93
20,1715,PRSMJOHNSN,EQ,174512,70196,40.22
20,1716,PRUDENT,EQ,21965,11612,52.87
20,1717,PSB,EQ,2994536,676935,22.61
20,1718,PSPPROJECT,EQ,332039,138060,41.58
20,1719,PSUBANK,EQ,33027,11266,34.11
20,1720,PSUBANKADD,EQ,13488,8964,66.46
20,1721,PSUBNKBEES,EQ,3471019,2016904,58.11
20,1722,PSUBNKIETF,EQ,431088,142845,33.14
20,1723,PTC,EQ,4633540,2593121,55.96
20,1724,PTCIL,EQ,4361,1811,41.53
20,1725,PTL,EQ,161891,103843,64.14
20,1726,PULZ,SM,4000,4000,100.00
20,1727,PUNJABCHEM,EQ,18992,5980,31.49
20,1728,PURVA,EQ,2616437,1006147,38.45
20,1729,PURVFLEXI,SM,107200,89600,83.58
20,1730,PVP,EQ,687676,390608,56.80
20,1731,PVRINOX,EQ,984575,586016,59.52
20,1732,PVSL,EQ,854607,525955,61.54
20,1733,PVTBANIETF,EQ,890797,616610,69.22
20,1734,PVTBANKADD,EQ,29917,20382,68.13
20,1735,PYRAMID,EQ,96768,44601,46.09
20,1736,QGOLDHALF,EQ,61175,52138,85.23
20,1737,QMSMEDI,SM,1000,1000,100.00
20,1738,QNIFTY,EQ,3390,2459,72.54
20,1739,QUADPRO,ST,36000,36000,100.00
20,1740,QUAL30IETF,EQ,24549,21127,86.06
20,1741,QUESS,EQ,492871,163911,33.26
20,1742,QUICKHEAL,EQ,114846,33202,28.91
20,1743,QUICKTOUCH,SM,3000,2500,83.33
20,1744,RACE,EQ,30447,23521,77.25
20,1745,RADHIKAJWE,EQ,715337,263433,36.83
20,1746,RADIANTCMS,EQ,263607,176311,66.88
20,1747,RADICO,EQ,307685,127567,41.46
20,1748,RADIOCITY,EQ,1494119,545351,36.50
20,1749,RADIOCITY,P1,1055,1055,100.00
20,1750,RADIOWALLA,ST,136000,104000,76.47
20,1751,RAILTEL,EQ,2441738,664549,27.22
20,1752,RAIN,EQ,3406359,1018068,29.89
20,1753,RAINBOW,EQ,90659,51018,56.27
20,1754,RAJESHEXPO,EQ,559442,218711,39.09
20,1755,RAJRATAN,EQ,49443,24392,49.33
20,1756,RAJSREESUG,EQ,86910,50155,57.71
20,1757,RALLIS,EQ,743526,253343,34.07
20,1758,RAMANEWS,EQ,367991,225750,61.35
20,1759,RAMAPHO,EQ,9419,5704,60.56
20,1760,RAMASTEEL,EQ,8543042,3736955,43.74
20,1761,RAMCOCEM,EQ,439518,159047,36.19
20,1762,RAMCOIND,EQ,177627,78543,44.22
20,1763,RAMCOSYS,EQ,3473704,342557,9.86
20,1764,RAMKY,EQ,121409,62322,51.33
20,1765,RAMRAT,EQ,47745,19050,39.90
20,1766,RANASUG,EQ,1809971,409039,22.60
20,1767,RANEENGINE,EQ,2264,1425,62.94
20,1768,RANEHOLDIN,EQ,12831,6723,52.40
20,1769,RATEGAIN,EQ,629352,359165,57.07
20,1770,RATNAMANI,EQ,25173,9606,38.16
20,1771,RATNAVEER,EQ,477868,166106,34.76
20,1772,RAYMOND,EQ,163447,80449,49.22
20,1773,RBA,EQ,1143787,625911,54.72
20,1774,RBL,EQ,11270,4254,37.75
20,1775,RBLBANK,EQ,5701582,1362370,23.89
20,1776,RBMINFRA,ST,13000,11000,84.62
20,1777,RBZJEWEL,EQ,196135,122651,62.53
20,1778,RCDL,SM,9000,9000,100.00
20,1779,RCF,EQ,2544759,811588,31.89
20,1780,RECLTD,EQ,9341527,3478199,37.23
20,1781,RECLTD,N2,500,500,100.00
20,1782,RECLTD,N9,4,4,100.00
20,1783,RECLTD,NH,64,64,100.00
20,1784,RECLTD,NI,1,1,100.00
20,1785,REDINGTON,EQ,3059252,1176363,38.45
20,1786,REDTAPE,EQ,77935,34991,44.90
20,1787,REFEX,EQ,573489,329249,57.41
20,1788,RELAXO,EQ,46268,25550,55.22
20,1789,RELCHEMQ,EQ,68405,36421,53.24
20,1790,RELIABLE,SM,4800,4800,100.00
20,1791,RELIANCE,EQ,6451031,3781784,58.62
20,1792,RELIGARE,EQ,1197652,588118,49.11
20,1793,RELINFRA,EQ,13182706,5184598,39.33
20,1794,REMUS,SM,275,275,100.00
20,1795,RENUKA,EQ,6687795,2184985,32.67
20,1796,REPCOHOME,EQ,366558,71729,19.57
20,1797,REPL,EQ,19990,13498,67.52
20,1798,REPRO,EQ,10520,4777,45.41
20,1799,RESPONIND,EQ,31223,13958,44.70
20,1800,REXPIPES,SM,6000,4000,66.67
20,1801,RGL,EQ,171011,99737,58.32
20,1802,RHIM,EQ,266594,160587,60.24
20,1803,RICHA,SM,1000,1000,100.00
20,1804,RICOAUTO,EQ,3100534,804607,25.95
20,1805,RIIL,EQ,201850,55687,27.59
20,1806,RILINFRA,SM,41100,34400,83.70
20,1807,RISHABH,EQ,61554,32345,52.55
20,1808,RITCO,EQ,909946,326870,35.92
20,1809,RITES,EQ,1709438,471414,27.58
20,1810,RITEZONE,SM,6400,6400,100.00
20,1811,RKDL,EQ,26291,22703,86.35
20,1812,RKEC,EQ,99351,71527,71.99
20,1813,RKFORGE,EQ,1689665,382451,22.63
20,1814,RKSWAMY,EQ,183530,84895,46.26
20,1815,RMDRIP,SM,6000,6000,100.00
20,1816,RML,EQ,15811,9562,60.48
20,1817,ROCKINGDCE,SM,12000,9000,75.00
20,1818,ROHLTD,EQ,133506,42414,31.77
20,1819,ROLEXRINGS,EQ,18060,8555,47.37
20,1820,ROML,EQ,6242,3301,52.88
20,1821,ROSSARI,EQ,100117,42253,42.20
20,1822,ROSSELLIND,EQ,19881,9314,46.85
20,1823,ROTO,EQ,74218,37195,50.12
20,1824,ROUTE,EQ,91270,49704,54.46
20,1825,ROXHITECH,SM,35200,20800,59.09
20,1826,RPGLIFE,EQ,11537,5858,50.78
20,1827,RPSGVENT,EQ,59113,31166,52.72
20,1828,RPTECH,EQ,171016,83279,48.70
20,1829,RRKABEL,EQ,107119,41630,38.86
20,1830,RSWM,EQ,77632,39801,51.27
20,1831,RSYSTEMS,EQ,148096,77115,52.07
20,1832,RTNINDIA,EQ,3696402,1301529,35.21
20,1833,RUBYMILLS,EQ,12361,7158,57.91
20,1834,RUCHINFRA,EQ,143327,120603,84.15
20,1835,RUCHIRA,EQ,59535,27966,46.97
20,1836,RUPA,EQ,125801,64581,51.34
20,1837,RUSHIL,EQ,91805,45030,49.05
20,1838,RUSTOMJEE,EQ,141210,102647,72.69
20,1839,RVNL,EQ,14211279,3826543,26.93
20,1840,SAAKSHI,SM,7200,7200,100.00
20,1841,SABAR,SM,15000,15000,100.00
20,1842,SADBHAV,EQ,4526685,1807430,39.93
20,1843,SADHAV,SM,206400,111600,54.07
20,1844,SADHNANIQ,EQ,225514,129556,57.45
20,1845,SAFARI,EQ,88916,31151,35.03
20,1846,SAGCEM,EQ,139412,66360,47.60
20,1847,SAH,EQ,65808,16168,24.57
20,1848,SAHAJ,SM,4000,4000,100.00
20,1849,SAHANA,SM,22000,16500,75.00
20,1850,SAHYADRI,EQ,3074,1905,61.97
20,1851,SAIFL,SM,11200,9600,85.71
20,1852,SAIL,EQ,89754583,23480882,26.16
20,1853,SAKAR,EQ,10152,5620,55.36
20,1854,SAKHTISUG,EQ,576415,311894,54.11
20,1855,SAKSOFT,EQ,315066,120866,38.36
20,1856,SAKUMA,EQ,721679,451036,62.50
20,1857,SALASAR,EQ,10033957,4660340,46.45
20,1858,SALONA,EQ,3277,2290,69.88
20,1859,SALZERELEC,EQ,154707,112301,72.59
20,1860,SAMHI,EQ,1859214,938797,50.49
20,1861,SANDESH,EQ,2313,1594,68.91
20,1862,SANDHAR,EQ,70740,28053,39.66
20,1863,SANDUMA,EQ,764666,433555,56.70
20,1864,SANGAMIND,EQ,28578,12203,42.70
20,1865,SANGANI,SM,90000,60000,66.67
20,1866,SANGHIIND,EQ,674909,350280,51.90
20,1867,SANGHVIMOV,EQ,183501,93380,50.89
20,1868,SANOFI,EQ,19820,13379,67.50
20,1869,SANSERA,EQ,273316,156176,57.14
20,1870,SAPPHIRE,EQ,358598,267327,74.55
20,1871,SARDAEN,EQ,744095,261219,35.11
20,1872,SAREGAMA,EQ,394748,175601,44.48
20,1873,SARLAPOLY,EQ,146471,68000,46.43
20,1874,SAROJA,SM,11200,6400,57.14
20,1875,SARTELE,SM,140000,66000,47.14
20,1876,SASKEN,EQ,35048,21734,62.01
20,1877,SASTASUNDR,EQ,42108,22088,52.46
20,1878,SATIA,EQ,516072,330658,64.07
20,1879,SATIN,EQ,557083,253426,45.49
20,1880,SATINDLTD,EQ,438739,152547,34.77
20,1881,SAURASHCEM,EQ,736584,379078,51.46
20,1882,SBC,EQ,5279658,2940865,55.70
20,1883,SBCL,EQ,104963,51875,49.42
20,1884,SBFC,EQ,2378551,1267383,53.28
20,1885,SBGLP,EQ,218629,67142,30.71
20,1886,SBICARD,EQ,924924,424821,45.93
20,1887,SBIETFCON,EQ,3506,2293,65.40
20,1888,SBIETFIT,EQ,30732,26906,87.55
20,1889,SBIETFPB,EQ,69140,57629,83.35
20,1890,SBIETFQLTY,EQ,108696,106454,97.94
20,1891,SBILIFE,EQ,994053,704763,70.90
20,1892,SBIN,EQ,11356572,3394129,29.89
20,1893,SCHAEFFLER,EQ,38158,21488,56.31
20,1894,SCHAND,EQ,68829,32573,47.32
20,1895,SCI,EQ,2704031,982128,36.32
20,1896,SCILAL,EQ,3448266,1575873,45.70
20,1897,SCML,SM,70000,64000,91.43
20,1898,SCPL,EQ,43260,18037,41.69
20,1899,SDBL,EQ,643642,291443,45.28
20,1900,SDL24BEES,EQ,11270,9598,85.16
20,1901,SDL26BEES,EQ,1501182,1500189,99.93
20,1902,SECMARK,EQ,2525,1942,76.91
20,1903,SECURCRED,EQ,62310,46218,74.17
20,1904,SEL,ST,4000,4000,100.00
20,1905,SELAN,EQ,1405948,279065,19.85
20,1906,SELMC,EQ,5528,3354,60.67
20,1907,SEMAC,EQ,4054,2945,72.64
20,1908,SENCO,EQ,5038978,950360,18.86
20,1909,SENSEXADD,EQ,1009,465,46.09
20,1910,SENSEXETF,EQ,6786,5513,81.24
20,1911,SENSEXIETF,EQ,5324,2910,54.66
20,1912,SEPC,EQ,14836347,4784695,32.25
20,1913,SEQUENT,EQ,1103472,352008,31.90
20,1914,SERVICE,SM,4000,4000,100.00
20,1915,SERVOTECH,EQ,733646,516083,70.34
20,1916,SESHAPAPER,EQ,41247,24624,59.70
20,1917,SETCO,EQ,467135,310308,66.43
20,1918,SETF10GILT,EQ,5498,4737,86.16
20,1919,SETFGOLD,EQ,2048319,1782685,87.03
20,1920,SETFNIF50,EQ,756256,469161,62.04
20,1921,SETFNIFBK,EQ,378746,340898,90.01
20,1922,SETFNN50,EQ,41982,29315,69.83
20,1923,SFL,EQ,81318,46686,57.41
20,1924,SGBAPR28I,GB,385,352,91.43
20,1925,SGBAUG24,GB,614,347,56.51
20,1926,SGBAUG27,GB,628,538,85.67
20,1927,SGBAUG28V,GB,1918,1402,73.10
20,1928,SGBAUG29V,GB,600,437,72.83
20,1929,SGBAUG30,GB,1434,875,61.02
20,1930,SGBD29VIII,GB,215,146,67.91
20,1931,SGBDC27VII,GB,187,141,75.40
20,1932,SGBDE30III,GB,464,346,74.57
20,1933,SGBDE31III,GB,8860,7162,80.84
20,1934,SGBDEC25,GB,2,2,100.00
20,1935,SGBDEC2512,GB,14,14,100.00
20,1936,SGBDEC2513,GB,14,14,100.00
20,1937,SGBDEC26,GB,22,22,100.00
20,1938,SGBFEB27,GB,41,41,100.00
20,1939,SGBFEB28IX,GB,57,54,94.74
20,1940,SGBFEB29XI,GB,88,62,70.45
20,1941,SGBFEB32IV,GB,9866,6363,64.49
20,1942,SGBJ28VIII,GB,26,25,96.15
20,1943,SGBJAN26,GB,11,5,45.45
20,1944,SGBJAN27,GB,27,27,100.00
20,1945,SGBJAN29IX,GB,540,428,79.26
20,1946,SGBJAN29X,GB,159,148,93.08
20,1947,SGBJAN30IX,GB,699,590,84.41
20,1948,SGBJU29III,GB,551,371,67.33
20,1949,SGBJUL25,GB,201,170,84.58
20,1950,SGBJUL27,GB,37,37,100.00
20,1951,SGBJUL28IV,GB,1054,835,79.22
20,1952,SGBJUL29IV,GB,638,443,69.44
20,1953,SGBJUN27,GB,84,69,82.14
20,1954,SGBJUN28,GB,1371,1194,87.09
20,1955,SGBJUN29II,GB,671,603,89.87
20,1956,SGBJUN30,GB,284,158,55.63
20,1957,SGBJUN31I,GB,2700,1960,72.59
20,1958,SGBMAR25,GB,201,133,66.17
20,1959,SGBMAR28X,GB,96,92,95.83
20,1960,SGBMAR30X,GB,79,62,78.48
20,1961,SGBMAR31IV,GB,299,241,80.60
20,1962,SGBMAY25,GB,195,181,92.82
20,1963,SGBMAY26,GB,66,64,96.97
20,1964,SGBMAY28,GB,615,484,78.70
20,1965,SGBMAY29I,GB,500,460,92.00
20,1966,SGBMR29XII,GB,269,224,83.27
20,1967,SGBN28VIII,GB,387,292,75.45
20,1968,SGBNOV24,GB,562,483,85.94
20,1969,SGBNOV25,GB,50,50,100.00
20,1970,SGBNOV258,GB,60,60,100.00
20,1971,SGBNOV25IX,GB,10,8,80.00
20,1972,SGBNOV25VI,GB,1,1,100.00
20,1973,SGBNV29VII,GB,656,554,84.45
20,1974,SGBOC28VII,GB,672,485,72.17
20,1975,SGBOCT25,GB,20,13,65.00
20,1976,SGBOCT25IV,GB,45,33,73.33
20,1977,SGBOCT25V,GB,25,25,100.00
20,1978,SGBOCT26,GB,3,3,100.00
20,1979,SGBOCT27,GB,79,78,98.73
20,1980,SGBOCT27VI,GB,224,168,75.00
20,1981,SGBSEP24,GB,301,210,69.77
20,1982,SGBSEP27,GB,131,118,90.08
20,1983,SGBSEP28VI,GB,623,433,69.50
20,1984,SGBSEP29VI,GB,897,641,71.46
20,1985,SGBSEP31II,GB,3780,3325,87.96
20,1986,SGIL,EQ,10687,5300,49.59
20,1987,SGL,EQ,43629,20921,47.95
20,1988,SHAH,EQ,1947814,1131901,58.11
20,1989,SHAILY,EQ,99272,51974,52.36
20,1990,SHALBY,EQ,153531,73521,47.89
20,1991,SHALPAINTS,EQ,145978,65739,45.03
20,1992,SHANKARA,EQ,93299,55116,59.07
20,1993,SHANTHALA,SM,2400,2400,100.00
20,1994,SHANTIGEAR,EQ,33050,18327,55.45
20,1995,SHARDACROP,EQ,240707,98783,41.04
20,1996,SHARDAMOTR,EQ,73541,32828,44.64
20,1997,SHAREINDIA,EQ,114944,50423,43.87
20,1998,SHAREINDIA,W1,2410,2400,99.59
20,1999,SHARIABEES,EQ,5119,2936,57.35
20,2000,SHEETAL,SM,64000,42000,65.63
20,2001,SHEMAROO,EQ,56553,31583,55.85
20,2002,SHERA,SM,39000,27000,69.23
20,2003,SHIGAN,SM,18000,15000,83.33
20,2004,SHILPAMED,EQ,868340,299672,34.51
20,2005,SHIVALIK,EQ,18295,6136,33.54
20,2006,SHIVAMAUTO,EQ,149698,84244,56.28
20,2007,SHIVAMILLS,EQ,22814,13553,59.41
20,2008,SHK,EQ,347398,132969,38.28
20,2009,SHOPERSTOP,EQ,30399,12340,40.59
20,2010,SHRADHA,EQ,27351,15571,56.93
20,2011,SHREDIGCEM,EQ,847250,347866,41.06
20,2012,SHREECEM,EQ,24121,12017,49.82
20,2013,SHREEKARNI,SM,79800,67800,84.96
20,2014,SHREEOSFM,SM,2000,2000,100.00
20,2015,SHREEPUSHK,EQ,63637,39177,61.56
20,2016,SHRENIK,EQ,1043899,1027847,98.46
20,2017,SHREYANIND,EQ,28598,17329,60.60
20,2018,SHREYAS,EQ,32455,14786,45.56
20,2019,SHRIPISTON,EQ,149289,69165,46.33
20,2020,SHRIRAMFIN,EQ,950138,617546,65.00
20,2021,SHRIRAMFIN,YW,25,25,100.00
20,2022,SHRIRAMFIN,Z4,56,53,94.64
20,2023,SHRIRAMFIN,ZB,500,500,100.00
20,2024,SHRIRAMFIN,ZK,92,92,100.00
20,2025,SHRIRAMPPS,EQ,3250404,1396471,42.96
20,2026,SHRITECH,SM,26000,18000,69.23
20,2027,SHUBHLAXMI,SM,23000,21000,91.30
20,2028,SHYAMMETL,EQ,420897,220491,52.39
20,2029,SHYAMTEL,EQ,5945,5945,100.00
20,2030,SIEMENS,EQ,217877,98101,45.03
20,2031,SIGACHI,EQ,1951744,810051,41.50
20,2032,SIGIND,EQ,28059,17670,62.97
20,2033,SIGMA,EQ,14640,6721,45.91
20,2034,SIGNATURE,EQ,479395,62587,13.06
20,2035,SIGNORIA,SM,12000,12000,100.00
20,2036,SIGNPOST,EQ,58550,35287,60.27
20,2037,SIKKO,EQ,34849,20158,57.84
20,2038,SIL,EQ,72704,61162,84.12
20,2039,SILINV,EQ,13347,6204,46.48
20,2040,SILLYMONKS,EQ,7309,6645,90.92
20,2041,SILVER,EQ,774591,700568,90.44
20,2042,SILVERADD,EQ,436162,423015,96.99
20,2043,SILVERBEES,EQ,7857189,5258006,66.92
20,2044,SILVERETF,EQ,253820,132717,52.29
20,2045,SILVERIETF,EQ,1619601,1461495,90.24
20,2046,SILVERTUC,EQ,25203,7405,29.38
20,2047,SILVRETF,EQ,661608,645329,97.54
20,2048,SIMBHALS,EQ,102247,61454,60.10
20,2049,SINCLAIR,EQ,157398,91970,58.43
20,2050,SINDHUTRAD,EQ,2862979,1471859,51.41
20,2051,SINTERCOM,EQ,7470,2999,40.15
20,2052,SIRCA,EQ,144805,68801,47.51
20,2053,SIS,EQ,87002,68689,78.95
20,2054,SIYSIL,EQ,26339,15796,59.97
20,2055,SJLOGISTIC,SM,35000,23000,65.71
20,2056,SJS,EQ,68728,31730,46.17
20,2057,SJVN,EQ,41098936,11535553,28.07
20,2058,SKFINDIA,EQ,16073,7506,46.70
20,2059,SKIPPER,EQ,784413,322725,41.14
20,2060,SKIPPERPP,E1,3527,2283,64.73
20,2061,SKMEGGPROD,EQ,264024,122340,46.34
20,2062,SKP,SM,9000,6000,66.67
20,2063,SMALLCAP,EQ,833884,693486,83.16
20,2064,SMARTLINK,EQ,8716,4673,53.61
20,2065,SMCGLOBAL,EQ,919507,385209,41.89
20,2066,SMLISUZU,EQ,56730,28998,51.12
20,2067,SMSLIFE,EQ,14989,10043,67.00
20,2068,SMSPHARMA,EQ,700441,218370,31.18
20,2069,SNOWMAN,EQ,2114869,757736,35.83
20,2070,SOBHA,EQ,230538,97242,42.18
20,2071,SOLARA,EQ,120945,48752,40.31
20,2072,SOLARINDS,EQ,148794,58290,39.17
20,2073,SOLEX,SM,65400,49200,75.23
20,2074,SOMANYCERA,EQ,26721,14433,54.01
20,2075,SOMATEX,EQ,17267,11416,66.11
20,2076,SONACOMS,EQ,1527913,558691,36.57
20,2077,SONAMAC,SM,40000,24000,60.00
20,2078,SONAMLTD,EQ,2633,1202,45.65
20,2079,SONATSOFTW,EQ,461156,252041,54.65
20,2080,SONUINFRA,SM,15000,15000,100.00
20,2081,SOTL,EQ,270454,94536,34.95
20,2082,SOUTHBANK,EQ,31542437,9842957,31.21
20,2083,SOUTHWEST,EQ,68424,33497,48.96
20,2084,SPAL,EQ,9288,4491,48.35
20,2085,SPANDANA,EQ,99812,48502,48.59
20,2086,SPCENET,EQ,2021246,1404947,69.51
20,2087,SPECIALITY,EQ,77568,36888,47.56
20,2088,SPECTRUM,SM,2625,2000,76.19
20,2089,SPECTSTM,SM,8000,7200,90.00
20,2090,SPENCERS,EQ,184290,81877,44.43
20,2091,SPIC,EQ,1141917,388791,34.05
20,2092,SPLIL,EQ,55950,38252,68.37
20,2093,SPLPETRO,EQ,31032,13376,43.10
20,2094,SPMLINFRA,EQ,44361,29181,65.78
20,2095,SPORTKING,EQ,12629,8052,63.76
20,2096,SREEL,EQ,15336,6020,39.25
20,2097,SRF,EQ,672725,377642,56.14
20,2098,SRGHFL,EQ,1003,909,90.63
20,2099,SRHHYPOLTD,EQ,18272,9018,49.35
20,2100,SRIVASAVI,SM,9000,9000,100.00
20,2101,SSFL,SM,14000,8000,57.14
20,2102,SSINFRA,SZ,15000,15000,100.00
20,2103,SSWL,EQ,208090,100021,48.07
20,2104,STAR,EQ,209872,104320,49.71
20,2105,STARCEMENT,EQ,284768,129436,45.45
20,2106,STARHEALTH,EQ,284168,163727,57.62
20,2107,STARPAPER,EQ,20259,8374,41.33
20,2108,STCINDIA,EQ,96035,32179,33.51
20,2109,STEELCAS,EQ,11928,6329,53.06
20,2110,STEELCITY,EQ,55388,23846,43.05
20,2111,STEELXIND,EQ,7298879,3928594,53.82
20,2112,STEL,EQ,14421,9090,63.03
20,2113,STERTOOLS,EQ,56896,17268,30.35
20,2114,STLTECH,EQ,2650511,933401,35.22
20,2115,STOVEKRAFT,EQ,109603,52867,48.23
20,2116,STYLAMIND,EQ,33146,12199,36.80
20,2117,STYRENIX,EQ,12201,6158,50.47
20,2118,SUBEXLTD,EQ,7936406,2519924,31.75
20,2119,SUBROS,EQ,411816,149788,36.37
20,2120,SUDARSCHEM,EQ,221103,98826,44.70
20,2121,SUKHJITS,EQ,7439,4621,62.12
20,2122,SULA,EQ,786319,390705,49.69
20,2123,SUMICHEM,EQ,426191,250870,58.86
20,2124,SUMMITSEC,EQ,3907,1830,46.84
20,2125,SUNCLAY,EQ,5542,2914,52.58
20,2126,SUNDARAM,EQ,15470390,4016032,25.96
20,2127,SUNDARMFIN,EQ,166573,71612,42.99
20,2128,SUNDARMHLD,EQ,124369,78158,62.84
20,2129,SUNDRMBRAK,EQ,1390,854,61.44
20,2130,SUNDRMFAST,EQ,58376,23201,39.74
20,2131,SUNFLAG,EQ,470439,147954,31.45
20,2132,SUNPHARMA,EQ,2474028,1382219,55.87
20,2133,SUNREST,SM,3200,1600,50.00
20,2134,SUNTECK,EQ,280121,135448,48.35
20,2135,SUNTV,EQ,803305,169875,21.15
20,2136,SUPERHOUSE,EQ,8083,4895,60.56
20,2137,SUPRAJIT,EQ,151057,95510,63.23
20,2138,SUPREMEIND,EQ,85829,53973,62.88
20,2139,SUPREMEPWR,SM,110000,66000,60.00
20,2140,SUPRIYA,EQ,235000,116309,49.49
20,2141,SURAJEST,EQ,644182,347195,53.90
20,2142,SURANASOL,EQ,1277181,702866,55.03
20,2143,SURANI,SM,3200,2400,75.00
20,2144,SURYALAXMI,EQ,7201,4387,60.92
20,2145,SURYAROSNI,EQ,321873,134086,41.66
20,2146,SURYODAY,EQ,2054280,865768,42.14
20,2147,SUTLEJTEX,EQ,170355,81062,47.58
20,2148,SUULD,EQ,67846,67755,99.87
20,2149,SUVENPHAR,EQ,192469,92415,48.02
20,2150,SVPGLOB,EQ,121790,45934,37.72
20,2151,SWANENERGY,EQ,1279082,628538,49.14
20,2152,SWARAJ,SM,20000,17000,85.00
20,2153,SWARAJENG,EQ,15986,6807,42.58
20,2154,SWASTIK,SM,2400,2400,100.00
20,2155,SWELECTES,EQ,83085,46643,56.14
20,2156,SWSOLAR,EQ,1342361,871178,64.90
20,2157,SYMPHONY,EQ,204586,122406,59.83
20,2158,SYNGENE,EQ,586867,261373,44.54
20,2159,SYNOPTICS,SM,6600,6000,90.91
20,2160,SYRMA,EQ,200486,86411,43.10
20,2161,SYSTANGO,SM,54800,35600,64.96
20,2162,TAC,ST,68400,64800,94.74
20,2163,TAINWALCHM,EQ,5118,3582,69.99
20,2164,TAJGVK,EQ,255870,106033,41.44
20,2165,TAKE,EQ,307008,204298,66.54
20,2166,TANLA,EQ,969352,251703,25.97
20,2167,TAPIFRUIT,SM,3750,2250,60.00
20,2168,TARACHAND,SM,185000,163000,88.11
20,2169,TARSONS,EQ,81839,40830,49.89
20,2170,TASTYBITE,EQ,1717,782,45.54
20,2171,TATACAP,N6,365,274,75.07
20,2172,TATACAP,N8,10,10,100.00
20,2173,TATACAP,NA,300,255,85.00
20,2174,TATACAPHSG,N4,241,241,100.00
20,2175,TATACAPHSG,N6,69,60,86.96
20,2176,TATACAPHSG,N8,293,193,65.87
20,2177,TATACAPHSG,NA,247,247,100.00
20,2178,TATACHEM,EQ,2859502,609347,21.31
20,2179,TATACOMM,EQ,574096,166097,28.93
20,2180,TATACONSUM,EQ,1990224,1125857,56.57
20,2181,TATAELXSI,EQ,185200,93278,50.37
20,2182,TATAGOLD,EQ,6115031,4990187,81.61
20,2183,TATAMOTORS,EQ,12632409,4794783,37.96
20,2184,TATAMTRDVR,EQ,1784369,1036675,58.10
20,2185,TATAPOWER,EQ,32551966,9747365,29.94
20,2186,TATASTEEL,EQ,66426404,21443191,32.28
20,2187,TATATECH,EQ,1068842,515041,48.19
20,2188,TATSILV,EQ,1156756,1034405,89.42
20,2189,TATVA,EQ,22842,11921,52.19
20,2190,TBZ,EQ,346744,104498,30.14
20,2191,TCI,EQ,45914,17016,37.06
20,2192,TCIEXP,EQ,54767,23639,43.16
20,2193,TCL,SM,312000,177600,56.92
20,2194,TCNSBRANDS,EQ,134164,57976,43.21
20,2195,TCPLPACK,EQ,3856,1799,46.65
20,2196,TCS,EQ,4200329,1465213,34.88
20,2197,TDPOWERSYS,EQ,690306,241761,35.02
20,2198,TEAMLEASE,EQ,107283,33745,31.45
20,2199,TECH,EQ,107442,96413,89.73
20,2200,TECHLABS,SM,36000,24000,66.67
20,2201,TECHM,EQ,2153147,1307010,60.70
20,2202,TECHNOE,EQ,292463,124159,42.45
20,2203,TEGA,EQ,45986,20488,44.55
20,2204,TEJASNET,EQ,462234,173958,37.63
20,2205,TEMBO,EQ,34974,5523,15.79
20,2206,TEXINFRA,EQ,387099,135850,35.09
20,2207,TEXMOPIPES,EQ,151747,87190,57.46
20,2208,TEXRAIL,EQ,1801121,951058,52.80
20,2209,TFCILTD,EQ,2518162,1378111,54.73
20,2210,TFL,EQ,143290,94597,66.02
20,2211,TGBHOTELS,EQ,183444,122891,66.99
20,2212,THANGAMAYL,EQ,21284,13278,62.38
20,2213,THEJO,EQ,13884,6567,47.30
20,2214,THEMISMED,EQ,50515,26536,52.53
20,2215,THERMAX,EQ,466947,161146,34.51
20,2216,THOMASCOOK,EQ,1509773,1188943,78.75
20,2217,THYROCARE,EQ,126313,103347,81.82
20,2218,TI,EQ,736254,288812,39.23
20,2219,TIDEWATER,EQ,34466,17162,49.79
20,2220,TIIL,EQ,39177,18475,47.16
20,2221,TIINDIA,EQ,201810,137533,68.15
20,2222,TIMESCAN,SM,3000,2000,66.67
20,2223,TIMETECHNO,EQ,1728614,495825,28.68
20,2224,TIMKEN,EQ,35620,23498,65.97
20,2225,TIPSINDLTD,EQ,279563,168650,60.33
20,2226,TIRUMALCHM,EQ,1259008,494140,39.25
20,2227,TIRUPATI,SM,500,500,100.00
20,2228,TIRUPATIFL,EQ,1297780,646413,49.81
20,2229,TITAGARH,EQ,640279,225961,35.29
20,2230,TITAN,EQ,854076,483746,56.64
20,2231,TMB,EQ,73803,37675,51.05
20,2232,TNIDETF,EQ,49852,37025,74.27
20,2233,TNPETRO,EQ,336054,153590,45.70
20,2234,TNPL,EQ,125802,58950,46.86
20,2235,TOKYOPLAST,EQ,4406,3189,72.38
20,2236,TORNTPHARM,EQ,201879,101937,50.49
20,2237,TORNTPOWER,EQ,1124183,357359,31.79
20,2238,TOTAL,EQ,6835,5052,73.91
20,2239,TOUCHWOOD,EQ,818,496,60.64
20,2240,TPLPLASTEH,EQ,411938,152151,36.94
20,2241,TRACXN,EQ,1008784,327845,32.50
20,2242,TRANSTEEL,SM,34000,24000,70.59
20,2243,TREL,EQ,730813,357246,48.88
20,2244,TRENT,EQ,597371,305898,51.21
20,2245,TRIDENT,EQ,12930807,4119995,31.86
20,2246,TRIDHYA,SM,27000,24000,88.89
20,2247,TRIGYN,EQ,134044,55896,41.70
20,2248,TRITURBINE,EQ,773634,372346,48.13
20,2249,TRIVENI,EQ,316898,165433,52.20
20,2250,TRU,EQ,679688,114363,16.83
20,2251,TRUST,ST,54000,54000,100.00
20,2252,TTKHLTCARE,EQ,12133,7953,65.55
20,2253,TTKPRESTIG,EQ,33278,17359,52.16
20,2254,TTL,EQ,18005,9862,54.77
20,2255,TTML,EQ,2813009,1190451,42.32
20,2256,TVSELECT,EQ,62743,27810,44.32
20,2257,TVSHLTD,EQ,3559,1860,52.26
20,2258,TVSMOTOR,EQ,1014530,478787,47.19
20,2259,TVSSCS,EQ,2521159,1888523,74.91
20,2260,TVSSRICHAK,EQ,8969,3676,40.99
20,2261,TVTODAY,EQ,98273,45968,46.78
20,2262,UBL,EQ,358265,157060,43.84
20,2263,UCAL,EQ,15368,8463,55.07
20,2264,UCL,SM,6000,6000,100.00
20,2265,UCOBANK,EQ,12592638,3328799,26.43
20,2266,UDS,EQ,152862,75991,49.71
20,2267,UFLEX,EQ,30028,12498,41.62
20,2268,UFO,EQ,258456,109266,42.28
20,2269,UGARSUGAR,EQ,410643,187635,45.69
20,2270,UGROCAP,EQ,267744,122087,45.60
20,2271,UGROCAP,N4,50,50,100.00
20,2272,UGROCAP,N7,223,180,80.72
20,2273,UGROCAP,N8,1,1,100.00
20,2274,UGROCAP,NB,215,215,100.00
20,2275,UGROCAP,NC,100,100,100.00
20,2276,UJJIVAN,EQ,360949,144163,39.94
20,2277,UJJIVANSFB,EQ,8125334,4195241,51.63
20,2278,ULTRACEMCO,EQ,220692,120874,54.77
20,2279,UMA,SM,8000,8000,100.00
20,2280,UMANGDAIRY,EQ,51619,24697,47.84
20,2281,UNICHEMLAB,EQ,90318,32394,35.87
20,2282,UNIDT,EQ,47995,20041,41.76
20,2283,UNIENTER,EQ,7820,4881,62.42
20,2284,UNIHEALTH,SM,44000,41000,93.18
20,2285,UNIONBANK,EQ,15095810,7545597,49.98
20,2286,UNIPARTS,EQ,159697,42926,26.88
20,2287,UNITEDPOLY,EQ,14732,8087,54.89
20,2288,UNITEDTEA,EQ,1923,1556,80.92
20,2289,UNIVASTU,EQ,10825,9205,85.03
20,2290,UNIVCABLES,EQ,31798,11973,37.65
20,2291,UNIVPHOTO,EQ,902,570,63.19
20,2292,UNOMINDA,EQ,910527,584304,64.17
20,2293,UPL,EQ,4994330,2005192,40.15
20,2294,URAVI,EQ,38483,27808,72.26
20,2295,URBAN,SM,13200,9600,72.73
20,2296,USASEEDS,SM,600,600,100.00
20,2297,USHAMART,EQ,658755,269426,40.90
20,2298,UTIAMC,EQ,136771,56233,41.11
20,2299,UTIBANKETF,EQ,1892569,1449070,76.57
20,2300,UTINEXT50,EQ,50785,40452,79.65
20,2301,UTINIFTETF,EQ,22209,18821,84.74
20,2302,UTISENSETF,EQ,1751,1066,60.88
20,2303,UTISXN50,EQ,1877,1326,70.64
20,2304,UTKARSHBNK,EQ,5087946,2032906,39.96
20,2305,UTTAMSUGAR,EQ,62400,26777,42.91
20,2306,VADILALIND,EQ,16347,6827,41.76
20,2307,VAIBHAVGBL,EQ,281927,135772,48.16
20,2308,VAISHALI,EQ,48451,18371,37.92
20,2309,VAKRANGEE,EQ,13498852,3766435,27.90
20,2310,VALIANTLAB,EQ,145993,38723,26.52
20,2311,VALIANTORG,EQ,42038,21236,50.52
20,2312,VARDHACRLC,EQ,89380,43800,49.00
20,2313,VARROC,EQ,189453,78570,41.47
20,2314,VASCONEQ,EQ,1891221,751035,39.71
20,2315,VBL,EQ,2853581,1548511,54.27
20,2316,VEDL,EQ,44715399,10003969,22.37
20,2317,VEEKAYEM,ST,4000,4000,100.00
20,2318,VENKEYS,EQ,39001,16295,41.78
20,2319,VENUSPIPES,EQ,76546,27453,35.86
20,2320,VENUSREM,EQ,34210,21644,63.27
20,2321,VERANDA,EQ,153362,106577,69.49
20,2322,VERTEXPLUS,SM,600,600,100.00
20,2323,VESUVIUS,EQ,11703,5298,45.27
20,2324,VETO,EQ,119588,59466,49.73
20,2325,VGUARD,EQ,283054,125289,44.26
20,2326,VHL,EQ,646,344,53.25
20,2327,VIAZ,SM,4000,4000,100.00
20,2328,VIDHIING,EQ,45747,24069,52.61
20,2329,VIJAYA,EQ,89933,40171,44.67
20,2330,VIKASECO,EQ,11696245,3990449,34.12
20,2331,VIMTALABS,EQ,19092,9412,49.30
20,2332,VINATIORGA,EQ,116118,64215,55.30
20,2333,VINDHYATEL,EQ,13564,6910,50.94
20,2334,VINSYS,SM,51000,43000,84.31
20,2335,VINYAS,SM,9600,8800,91.67
20,2336,VINYLINDIA,EQ,38119,19865,52.11
20,2337,VIPCLOTHNG,EQ,147215,78781,53.51
20,2338,VIPIND,EQ,445247,196347,44.10
20,2339,VIRINCHI,EQ,733684,394582,53.78
20,2340,VISAKAIND,EQ,381255,271129,71.11
20,2341,VISHNU,EQ,124007,68346,55.11
20,2342,VISHNUINFR,SM,14000,10000,71.43
20,2343,VISHWARAJ,EQ,1214787,630407,51.89
20,2344,VISHWAS,ST,59200,56000,94.59
20,2345,VITAL,SM,22800,19200,84.21
20,2346,VIVIANA,ST,9000,9000,100.00
20,2347,VLSFINANCE,EQ,48697,24334,49.97
20,2348,VMARCIND,SM,118000,87000,73.73
20,2349,VMART,EQ,14848,3967,26.72
20,2350,VOLTAMP,EQ,13776,6891,50.02
20,2351,VOLTAS,EQ,1840495,768940,41.78
20,2352,VPRPL,EQ,440411,197085,44.75
20,2353,VR,SM,51200,46400,90.63
20,2354,VRLLOG,EQ,129448,79027,61.05
20,2355,VSCL,SM,3000,3000,100.00
20,2356,VSSL,EQ,82836,41160,49.69
20,2357,VSTIND,EQ,33173,16380,49.38
20,2358,VSTL,EQ,191592,122387,63.88
20,2359,VSTTILLERS,EQ,5209,2847,54.66
20,2360,VTL,EQ,198084,96961,48.95
20,2361,WABAG,EQ,488959,230733,47.19
20,2362,WALPAR,ST,4000,4000,100.00
20,2363,WANBURY,EQ,103707,65549,63.21
20,2364,WEALTH,EQ,11333,4729,41.73
20,2365,WEIZMANIND,EQ,13604,7503,55.15
20,2366,WEL,EQ,36589,20934,57.21
20,2367,WELCORP,EQ,1161487,537951,46.32
20,2368,WELENT,EQ,209040,105241,50.34
20,2369,WELINV,EQ,1474,1391,94.37
20,2370,WELSPUNLIV,EQ,1227451,452823,36.89
20,2371,WENDT,EQ,828,472,57.00
20,2372,WESTLIFE,EQ,362654,167401,46.16
20,2373,WEWIN,EQ,51383,28567,55.60
20,2374,WHEELS,EQ,61152,29802,48.73
20,2375,WHIRLPOOL,EQ,139092,75715,54.44
20,2376,WILLAMAGOR,EQ,8911,6024,67.60
20,2377,WINDLAS,EQ,61478,30908,50.27
20,2378,WINDMACHIN,EQ,105640,53613,50.75
20,2379,WIPRO,EQ,6088236,2421856,39.78
20,2380,WOMANCART,SM,20800,20800,100.00
20,2381,WONDERLA,EQ,111891,48052,42.95
20,2382,WORTH,EQ,21135,17534,82.96
20,2383,WSI,EQ,166065,77691,46.78
20,2384,WSTCSTPAPR,EQ,111104,52877,47.59
20,2385,WTICAB,SM,105000,75000,71.43
20,2386,XCHANGING,EQ,498639,243971,48.93
20,2387,XPROINDIA,EQ,31219,17448,55.89
20,2388,YASHO,EQ,35481,11550,32.55
20,2389,YASHOPTICS,ST,164800,144000,87.38
20,2390,YATHARTH,EQ,644968,298751,46.32
20,2391,YATRA,EQ,149373,63900,42.78
20,2392,YCCL,SM,39000,30000,76.92
20,2393,YESBANK,EQ,214148928,48911265,22.84
20,2394,YUDIZ,SM,20800,15200,73.08
20,2395,YUKEN,EQ,118201,30304,25.64
20,2396,ZAGGLE,EQ,1197727,410716,34.29
20,2397,ZEAL,SM,8400,7200,85.71
20,2398,ZEEL,EQ,8739745,3319773,37.98
20,2399,ZEEMEDIA,EQ,9740121,4157272,42.68
20,2400,ZENITHDRUG,SM,52800,40000,75.76
20,2401,ZENITHEXPO,EQ,2375,448,18.86
20,2402,ZENITHSTL,EQ,455886,263420,57.78
20,2403,ZENSARTECH,EQ,566051,236864,41.84
20,2404,ZENTEC,EQ,387094,181808,46.97
20,2405,ZFCVINDIA,EQ,4109,1750,42.59
20,2406,ZIMLAB,EQ,105609,53759,50.90
20,2407,ZODIACLOTH,EQ,16396,11321,69.05
20,2408,ZOMATO,EQ,48456568,29610502,61.11
20,2409,ZOTA,EQ,15350,7628,49.69
20,2410,ZUARI,EQ,217968,79071,36.28
20,2411,ZUARIIND,EQ,315775,135777,43.00
20,2412,ZYDUSLIFE,EQ,1341010,712932,53.16
20,2413,ZYDUSWELL,EQ,27874,15156,54.37
