Security Wise Delivery Position - Compulsory Rolling Settlement
10,MTO,13062024,2368360731,0002520
Trade Date <13-JUN-2024>,Settlement Type <N>
Record Type,Sr No,Name of Security,Quantity Traded,Deliverable Quantity(gross across client level),% of Deliverable Quantity to Traded Quantity
20,1,1003ISFL28,N4,22,22,100.00
20,2,1015ECL29,NR,326,313,96.01
20,3,1015IHF28B,AZ,10,10,100.00
20,4,1018GS2026,GS,1000,1000,100.00
20,5,1025IHF34,Z8,139,139,100.00
20,6,1035UCL26,NA,745,745,100.00
20,7,1040UCL25,N4,1,1,100.00
20,8,1049DLSL25,NX,35,35,100.00
20,9,1050NFL26,N7,25,25,100.00
20,10,1050UCL25,N7,35,30,85.71
20,11,1060ECL29,NS,69,69,100.00
20,12,1065NFL27,NC,390,390,100.00
20,13,1075UCL25,N9,100,100,100.00
20,14,10CAGL27,N5,192,179,93.23
20,15,10IIFL28,N4,500,500,100.00
20,16,10IIFL28A,NE,94,94,100.00
20,17,10IIFL29,N6,250,250,100.00
20,18,10NFL25,N9,8,8,100.00
20,19,10NIDO26,N6,53,53,100.00
20,20,182D031024,TB,3000,3000,100.00
20,21,182D040724,TB,200,200,100.00
20,22,182D050924,TB,100,100,100.00
20,23,182D180724,TB,1200,1200,100.00
20,24,182D200624,TB,800,800,100.00
20,25,182D220824,TB,100,100,100.00
20,26,182D221124,TB,1000,1000,100.00
20,27,182D270624,TB,200,200,100.00
20,28,182D281124,TB,100,100,100.00
20,29,182D290824,TB,1000,1000,100.00
20,30,20MICRONS,EQ,94891,46903,49.43
20,31,360ONE,EQ,900650,571427,63.45
20,32,364D031024,TB,15000,15000,100.00
20,33,364D051224,TB,500,500,100.00
20,34,364D071124,TB,200,200,100.00
20,35,364D080525,TB,100,100,100.00
20,36,364D121224,TB,100,100,100.00
20,37,364D130325,TB,100,100,100.00
20,38,364D150525,TB,6000,6000,100.00
20,39,364D180425,TB,100,100,100.00
20,40,364D180724,TB,1100,1100,100.00
20,41,364D190924,TB,55000,50000,90.91
20,42,364D200325,TB,2100,2100,100.00
20,43,364D200624,TB,18000,18000,100.00
20,44,364D240425,TB,100,100,100.00
20,45,364D270924,TB,10000,10000,100.00
20,46,364D290525,TB,14500,14500,100.00
20,47,3IINFOLTD,EQ,1074009,404630,37.67
20,48,3MINDIA,EQ,9335,2732,29.27
20,49,3PLAND,EQ,12855,10067,78.31
20,50,515GS2025,GS,10,10,100.00
20,51,574GS2026,GS,1015,1001,98.62
20,52,579GS2030,GS,1,1,100.00
20,53,5PAISA,EQ,42302,20916,49.44
20,54,622GS2035,GS,2,2,100.00
20,55,63MOONS,EQ,68770,49813,72.43
20,56,654GS2032,GS,11,10,90.91
20,57,669GS2024,GS,13560,13543,99.87
20,58,676GS2061,GS,2,2,100.00
20,59,68GS2060,GS,6,4,66.67
20,60,699GS2026,GS,1901,1900,99.95
20,61,702GS2027,GS,22190,22190,100.00
20,62,706GS2028,GS,13105,13105,100.00
20,63,710GS2029,GS,59519,59269,99.58
20,64,717GS2030,GS,1092,1092,100.00
20,65,718GS2033,GS,100,100,100.00
20,66,718GS2037,GS,40208,35309,87.82
20,67,719HUDCO28,N7,305,305,100.00
20,68,71GS2034,GS,1,1,100.00
20,69,725GS2063,GS,88500,75700,85.54
20,70,726GS2032,GS,1451,951,65.54
20,71,726GS2033,GS,70,70,100.00
20,72,729NHAI26,NC,354,354,100.00
20,73,732GS2030,GS,858,529,61.66
20,74,732IRFC25,NI,517,517,100.00
20,75,733GS2026,GS,913,913,100.00
20,76,734GS2064,GS,300,300,100.00
20,77,734IRFC28,N4,100,100,100.00
20,78,735PFCL35,N1,90,90,100.00
20,79,736GS2052,GS,165314,165314,100.00
20,80,736NTPC25D,NB,32,32,100.00
20,81,737GS2028,GS,3650,3650,100.00
20,82,738GS2027,GS,642188,634186,98.75
20,83,739NHAI26,N8,751,751,100.00
20,84,739NHAI31A,ND,195,195,100.00
20,85,73GS2053,GS,1500,1000,66.67
20,86,741GS2036,GS,4732,4732,100.00
20,87,743REC35,NH,120,120,100.00
20,88,746GS2073,GS,19136,15636,81.71
20,89,74GS2062,GS,286,286,100.00
20,90,750IRFC35,NK,705,653,92.62
20,91,751HUDCO28,N5,14,14,100.00
20,92,753IRFC30,NJ,205,155,75.61
20,93,754GS2036,GS,354496,341794,96.42
20,94,760PFCL35,N3,7,7,100.00
20,95,762NTPC35F,ND,1,1,100.00
20,96,764HUDCO31,N8,1074,1074,100.00
20,97,764IRFC31,NO,40,40,100.00
20,98,764NABAR31,N2,1220,1220,100.00
20,99,769HUDCO31,N9,109,100,91.74
20,100,769NHAI31,NE,1293,1133,87.63
20,101,76NHAI31,NA,5130,5000,97.47
20,102,772GS2049,GS,9,9,100.00
20,103,774IREDA31,N7,1089,1044,95.87
20,104,785AP37,SG,200,200,100.00
20,105,79NHIT35,N1,2546,2031,79.77
20,106,79NHIT40,N2,169,100,59.17
20,107,801TCH25,N4,200,200,100.00
20,108,810IRFC27,N2,420,402,95.71
20,109,820IIFL27,N9,596,586,98.32
20,110,824GS2027,GS,15000,15000,100.00
20,111,825IIFL25,N7,500,500,100.00
20,112,829LTF24,NL,18,18,100.00
20,113,82IGT31,NJ,200,200,100.00
20,114,82IHFL24,NO,10,10,100.00
20,115,830NHAI27,N2,1302,1052,80.80
20,116,830PFCL27,N5,382,376,98.43
20,117,833GS2026,GS,892,892,100.00
20,118,833IHFL24,YX,100,100,100.00
20,119,83GS2040,GS,100,100,100.00
20,120,83TCHF25,N6,27,27,100.00
20,121,840CIFCL28,N4,50,50,100.00
20,122,842IIFL26,NL,3101,2413,77.81
20,123,849NTPC25,N7,77960,77959,100.00
20,124,84TCHF28,NA,1,1,100.00
20,125,85IFL26,NX,55,55,100.00
20,126,85IIFL24,NJ,150,150,100.00
20,127,85IIFL25,NO,51,51,100.00
20,128,85PCHFL24,N6,1,1,100.00
20,129,85TCAPS24,N6,110,110,100.00
20,130,863NHB34,N3,10,10,100.00
20,131,865IFL28,NZ,1616,1366,84.53
20,132,865IIFL28,NS,2485,2385,95.98
20,133,865IRFC29,NA,1,1,100.00
20,134,865LTF26,NN,2,2,100.00
20,135,866IBHL25,YP,52,52,100.00
20,136,866SFL25,ZE,50,25,50.00
20,137,871REC28,N9,1021,1001,98.04
20,138,875IIFL26,NM,100,100,100.00
20,139,875NHAI29,N6,906,906,100.00
20,140,876HUDCO28,ND,2735,2735,100.00
20,141,879NHPC28,N5,1,1,100.00
20,142,880IREDA29,N5,206,206,100.00
20,143,885MOFSL26,N0,60,60,100.00
20,144,888ERFL28,N5,1,1,100.00
20,145,888IRFC29,NE,800,800,100.00
20,146,888REC29,NF,501,501,100.00
20,147,890NHB34,N7,1,1,100.00
20,148,892NHPC33,N6,111,111,100.00
20,149,892PFCL33,N8,812,809,99.63
20,150,893NHB29,N6,57,55,96.49
20,151,897MOFSL29,N4,345,345,100.00
20,152,898LTF29,N7,1829,1162,63.53
20,153,8ABFL26,N0,30,20,66.67
20,154,901NHB34,N6,10,10,100.00
20,155,905IH24B,Z9,10,10,100.00
20,156,905IHF24,YV,50,50,100.00
20,157,910CAGL25,N7,16,16,100.00
20,158,91D020824,TB,500,500,100.00
20,159,91D040724,TB,200,200,100.00
20,160,91D080824,TB,300,300,100.00
20,161,91D120724,TB,13000,13000,100.00
20,162,91D200624,TB,1100,1100,100.00
20,163,91D230824,TB,5300,5200,98.11
20,164,91D250724,TB,600,600,100.00
20,165,91D290824,TB,300,300,100.00
20,166,921ISFL25,N0,10,10,100.00
20,167,925CAGL26,N9,441,441,100.00
20,168,925ERFL28,N6,50,50,100.00
20,169,925ICCL24A,NE,10,10,100.00
20,170,925IHFL25B,Y3,2,2,100.00
20,171,925IHFL26B,YQ,10,10,100.00
20,172,925IHFL26D,ZD,20,20,100.00
20,173,92GS2030,GS,1780,890,50.00
20,174,92ICCL28,ND,50,50,100.00
20,175,935LTF29,N5,828,750,90.58
20,176,93IHFL24A,ZN,15,15,100.00
20,177,93MOFSL34,N6,5,5,100.00
20,178,943ECL28,NJ,20,20,100.00
20,179,94IFCI25,NL,214,112,52.34
20,180,94NFL24,N3,200,200,100.00
20,181,94SFL28,YL,46,46,100.00
20,182,955ICCL25A,NH,401,400,99.75
20,183,955IHFL27,Z5,60,60,100.00
20,184,957ISFL26,N2,207,207,100.00
20,185,957NIDO26,N5,3,3,100.00
20,186,965IHFL25C,N0,31,31,100.00
20,187,965IHFL26A,ZB,75,70,93.33
20,188,966ICCL25A,NI,17,17,100.00
20,189,96IIFL28,N5,113,113,100.00
20,190,96IIFL28A,NF,866,829,95.73
20,191,96SFL24A,NB,6,6,100.00
20,192,975NFL25,N0,12,12,100.00
20,193,97SFL26,Z9,108,104,96.30
20,194,97SFL29,YZ,1126,1000,88.81
20,195,980IHFL33,NX,18,18,100.00
20,196,980IHFL33D,YG,9,9,100.00
20,197,985ECL28,NK,559,488,87.30
20,198,98IHFL27,ZX,20,20,100.00
20,199,990IHFL26,N7,20,20,100.00
20,200,990IHFL27,YT,200,200,100.00
20,201,99IFCI24,NH,2098,2058,98.09
20,202,9IBHFL26BA,NA,8,8,100.00
20,203,9IHFL25,Y5,5,5,100.00
20,204,9IIFL28,Y0,125,125,100.00
20,205,9MMFSML,N2,278,258,92.81
20,206,9PEL25,N0,50,50,100.00
20,207,9TCAP28,N9,10,10,100.00
20,208,AADHARHFC,EQ,1523716,893095,58.61
20,209,AAKASH,EQ,1232209,889226,72.17
20,210,AARON,EQ,5271,3182,60.37
20,211,AARTIDRUGS,EQ,144322,73544,50.96
20,212,AARTIIND,EQ,1310157,547650,41.80
20,213,AARTIPHARM,EQ,102106,56035,54.88
20,214,AARTISURF,EQ,19090,10520,55.11
20,215,AARTISURF,P1,66,25,37.88
20,216,AARVEEDEN,EQ,63088,31460,49.87
20,217,AARVI,EQ,13616,8867,65.12
20,218,AATMAJ,SM,32000,22000,68.75
20,219,AAVAS,EQ,396746,196239,49.46
20,220,ABB,EQ,386195,158473,41.03
20,221,ABBOTINDIA,EQ,5056,1582,31.29
20,222,ABCAPITAL,EQ,10260024,3038060,29.61
20,223,ABCOTS,SM,500,500,100.00
20,224,ABFRL,EQ,2170899,657517,30.29
20,225,ABINFRA,SM,222000,222000,100.00
20,226,ABMINTLLTD,EQ,12744,3563,27.96
20,227,ABSLAMC,EQ,658163,439532,66.78
20,228,ABSLBANETF,EQ,126415,84996,67.24
20,229,ABSLLIQUID,EQ,11455,10949,95.58
20,230,ABSLNN50ET,EQ,22769,18932,83.15
20,231,ABSLPSE,EQ,541890,358255,66.11
20,232,ABSMARINE,SM,182000,125000,68.68
20,233,ACC,EQ,384618,180445,46.92
20,234,ACCELYA,EQ,53561,28824,53.82
20,235,ACCENTMIC,SM,47000,33000,70.21
20,236,ACCORD,SM,6000,6000,100.00
20,237,ACCURACY,EQ,581689,442838,76.13
20,238,ACE,EQ,293296,125863,42.91
20,239,ACEINTEG,EQ,6074,4072,67.04
20,240,ACI,EQ,3789776,529056,13.96
20,241,ACL,EQ,263656,134315,50.94
20,242,ACLGATI,EQ,1085497,609717,56.17
20,243,ADANIENSOL,EQ,611962,281717,46.04
20,244,ADANIENT,EQ,3202978,1833626,57.25
20,245,ADANIGREEN,EQ,836369,393677,47.07
20,246,ADANIPORTS,EQ,2839159,1141825,40.22
20,247,ADANIPOWER,EQ,8712685,5576292,64.00
20,248,ADFFOODS,EQ,196726,95624,48.61
20,249,ADL,EQ,17643,11292,64.00
20,250,ADORWELD,EQ,53426,17674,33.08
20,251,ADROITINFO,EQ,27493,20355,74.04
20,252,ADSL,EQ,234543,120824,51.51
20,253,ADVANIHOTR,EQ,153324,75417,49.19
20,254,ADVENZYMES,EQ,755569,338637,44.82
20,255,AEGISLOG,EQ,4967272,1021185,20.56
20,256,AEROFLEX,EQ,1753058,611233,34.87
20,257,AETHER,EQ,307370,113526,36.93
20,258,AFFLE,EQ,170274,90935,53.41
20,259,AGARIND,EQ,62288,24411,39.19
20,260,AGARWALFT,ST,6000,6000,100.00
20,261,AGI,EQ,111926,58855,52.58
20,262,AGNI,SM,60000,50000,83.33
20,263,AGRITECH,EQ,13092,7912,60.43
20,264,AGROPHOS,EQ,83036,44429,53.51
20,265,AGSTRA,EQ,2083597,697641,33.48
20,266,AGUL,SM,8000,6000,75.00
20,267,AHL,EQ,921214,203572,22.10
20,268,AHLEAST,EQ,37320,25737,68.96
20,269,AHLUCONT,EQ,356672,166474,46.67
20,270,AIAENG,EQ,28648,17037,59.47
20,271,AIIL,EQ,114108,62607,54.87
20,272,AILIMITED,ST,27000,24000,88.89
20,273,AIMTRON,ST,56000,56000,100.00
20,274,AIRAN,EQ,282738,188577,66.70
20,275,AIROLAM,EQ,13568,3032,22.35
20,276,AIRTELPP,E1,130854,83756,64.01
20,277,AJANTPHARM,EQ,26448,14539,54.97
20,278,AJMERA,EQ,78471,28086,35.79
20,279,AJOONI,EQ,1918820,1301637,67.84
20,280,AKANKSHA,SM,126000,110000,87.30
20,281,AKASH,EQ,39252,35179,89.62
20,282,AKG,EQ,597987,463687,77.54
20,283,AKI,EQ,158885,148641,93.55
20,284,AKSHARCHEM,EQ,8652,5100,58.95
20,285,AKZOINDIA,EQ,15562,9626,61.86
20,286,ALANKIT,EQ,1193246,579121,48.53
20,287,ALBERTDAVD,EQ,40533,20219,49.88
20,288,ALEMBICLTD,EQ,1067585,421229,39.46
20,289,ALICON,EQ,205426,52087,25.36
20,290,ALKALI,EQ,90923,50606,55.66
20,291,ALKEM,EQ,111983,70991,63.39
20,292,ALKYLAMINE,EQ,36467,17248,47.30
20,293,ALLCARGO,EQ,5311433,2135873,40.21
20,294,ALLETEC,SM,43200,30000,69.44
20,295,ALLSEC,EQ,38385,20202,52.63
20,296,ALMONDZ,EQ,156665,119507,76.28
20,297,ALOKINDS,EQ,10719945,4972679,46.39
20,298,ALPA,EQ,11883,7426,62.49
20,299,ALPEXSOLAR,SM,147200,137200,93.21
20,300,ALPHA,EQ,1267639,984929,77.70
20,301,ALPHAETF,EQ,459849,409221,88.99
20,302,ALPHAGEO,EQ,304921,108115,35.46
20,303,ALPL30IETF,EQ,1620518,1422673,87.79
20,304,ALUWIND,SM,27000,21000,77.78
20,305,AMBANIORG,SM,11000,9000,81.82
20,306,AMBER,EQ,199817,62391,31.22
20,307,AMBICAAGAR,EQ,17994,12448,69.18
20,308,AMBIKCO,EQ,36249,17619,48.61
20,309,AMBUJACEM,EQ,8012245,3502412,43.71
20,310,AMDIND,EQ,34748,20633,59.38
20,311,AMEYA,SM,20000,20000,100.00
20,312,AMIORG,EQ,232432,107603,46.29
20,313,AMJLAND,EQ,68285,43001,62.97
20,314,AMNPLST,EQ,153269,69050,45.05
20,315,AMRUTANJAN,EQ,42973,19305,44.92
20,316,ANANDRATHI,EQ,13286,9359,70.44
20,317,ANANTRAJ,EQ,1029398,585977,56.92
20,318,ANDHRAPAP,EQ,219737,122369,55.69
20,319,ANDHRSUGAR,EQ,11111226,2447231,22.02
20,320,ANGELONE,EQ,396294,175015,44.16
20,321,ANIKINDS,EQ,6846,4356,63.63
20,322,ANLON,SM,26000,22000,84.62
20,323,ANNAPURNA,SM,20000,17500,87.50
20,324,ANTGRAPHIC,EQ,8761489,8353755,95.35
20,325,ANUP,EQ,21610,9928,45.94
20,326,ANURAS,EQ,158937,73091,45.99
20,327,APARINDS,EQ,319887,97260,30.40
20,328,APCL,EQ,37203,23190,62.33
20,329,APCOTEXIND,EQ,40966,24208,59.09
20,330,APEX,EQ,118562,46235,39.00
20,331,APLAPOLLO,EQ,705356,411436,58.33
20,332,APLLTD,EQ,84720,54053,63.80
20,333,APOLLO,EQ,1874214,1056624,56.38
20,334,APOLLOHOSP,EQ,401804,253952,63.20
20,335,APOLLOPIPE,EQ,52665,33376,63.37
20,336,APOLLOTYRE,EQ,1644139,945980,57.54
20,337,APOLSINHOT,EQ,2605,1697,65.14
20,338,APS,SM,232000,106000,45.69
20,339,APTECHT,EQ,345094,143344,41.54
20,340,APTUS,EQ,946887,452530,47.79
20,341,ARCHIES,EQ,290184,185215,63.83
20,342,ARE&M,EQ,1368240,485531,35.49
20,343,ARENTERP,EQ,2153,1388,64.47
20,344,ARHAM,ST,30000,23000,76.67
20,345,ARIES,EQ,73250,36531,49.87
20,346,ARIHANTACA,SM,4000,4000,100.00
20,347,ARIHANTCAP,EQ,439469,224479,51.08
20,348,ARIHANTSUP,EQ,50059,19353,38.66
20,349,ARISTO,SM,8000,8000,100.00
20,350,ARMANFIN,EQ,52264,27027,51.71
20,351,AROGRANITE,EQ,104707,76701,73.25
20,352,ARROWGREEN,EQ,70140,30545,43.55
20,353,ARTEMISMED,EQ,123382,88745,71.93
20,354,ARTNIRMAN,EQ,8670,6213,71.66
20,355,ARVIND,EQ,1644917,421686,25.64
20,356,ARVINDFASN,EQ,194010,107557,55.44
20,357,ARVSMART,EQ,26431,11885,44.97
20,358,ASAHIINDIA,EQ,86723,49143,56.67
20,359,ASAHISONG,EQ,147102,60594,41.19
20,360,ASAL,EQ,128952,48365,37.51
20,361,ASALCBR,EQ,545759,107644,19.72
20,362,ASHAPURMIN,EQ,448565,308607,68.80
20,363,ASHIANA,EQ,145043,77107,53.16
20,364,ASHIMASYN,EQ,1103475,583964,52.92
20,365,ASHOKA,EQ,2726936,923392,33.86
20,366,ASHOKAMET,EQ,959328,388525,40.50
20,367,ASHOKLEY,EQ,9109087,4073476,44.72
20,368,ASIANENE,EQ,79021,46116,58.36
20,369,ASIANPAINT,EQ,726380,435586,59.97
20,370,ASIANTILES,EQ,7527292,2371154,31.50
20,371,ASKAUTOLTD,EQ,2733379,904415,33.09
20,372,ASMS,EQ,189208,147503,77.96
20,373,ASPINWALL,EQ,9325,5658,60.68
20,374,ASPIRE,SM,16000,14000,87.50
20,375,ASTEC,EQ,219172,150494,68.66
20,376,ASTERDM,EQ,614218,376719,61.33
20,377,ASTRAL,EQ,292695,156636,53.52
20,378,ASTRAMICRO,EQ,3551414,870729,24.52
20,379,ASTRAZEN,EQ,6031,2541,42.13
20,380,ATFL,EQ,124034,84445,68.08
20,381,ATGL,EQ,866098,340821,39.35
20,382,ATL,EQ,791662,396169,50.04
20,383,ATMASTCO,SM,94400,78400,83.05
20,384,ATUL,EQ,44652,15428,34.55
20,385,ATULAUTO,EQ,213475,53064,24.86
20,386,AUBANK,EQ,1786679,756730,42.35
20,387,AURDIS,SM,8500,6000,70.59
20,388,AURIONPRO,EQ,173966,89233,51.29
20,389,AUROIMPEX,SM,38400,30400,79.17
20,390,AUROPHARMA,EQ,556663,291355,52.34
20,391,AURUM,EQ,46921,32075,68.36
20,392,AURUMPP1,E1,4651,4446,95.59
20,393,AUTOAXLES,EQ,17741,9882,55.70
20,394,AUTOBEES,EQ,698059,657895,94.25
20,395,AUTOIETF,EQ,531147,251317,47.32
20,396,AUTOIND,EQ,206766,129984,62.87
20,397,AVADHSUGAR,EQ,985922,248926,25.25
20,398,AVALON,EQ,127956,72111,56.36
20,399,AVANTIFEED,EQ,540924,230014,42.52
20,400,AVG,EQ,176331,80906,45.88
20,401,AVONMORE,EQ,82393,41289,50.11
20,402,AVPINFRA,SM,569600,283200,49.72
20,403,AVROIND,EQ,32442,17134,52.81
20,404,AVSL,ST,2000,2000,100.00
20,405,AVTNPL,EQ,118734,73902,62.24
20,406,AWFIS,EQ,298522,134553,45.07
20,407,AWHCL,EQ,263852,137306,52.04
20,408,AWL,EQ,1031957,568277,55.07
20,409,AXISBANK,EQ,5321148,3264815,61.36
20,410,AXISBNKETF,EQ,535,336,62.80
20,411,AXISBPSETF,EQ,28364,24383,85.96
20,412,AXISCADES,EQ,287369,157602,54.84
20,413,AXISCETF,EQ,142,84,59.15
20,414,AXISGOLD,EQ,98109,82374,83.96
20,415,AXISHCETF,EQ,8145,5800,71.21
20,416,AXISILVER,EQ,27997,25272,90.27
20,417,AXISNIFTY,EQ,24225,23114,95.41
20,418,AXISTECETF,EQ,4415,3959,89.67
20,419,AXITA,EQ,789683,363057,45.98
20,420,AXSENSEX,EQ,445,409,91.91
20,421,AYMSYNTEX,EQ,188234,130702,69.44
20,422,AZAD,EQ,217738,170998,78.53
20,423,BABAFP,SM,9600,8000,83.33
20,424,BAHETI,SM,11250,11250,100.00
20,425,BAIDFIN,EQ,1244340,294372,23.66
20,426,BAJAJ-AUTO,EQ,277783,128069,46.10
20,427,BAJAJCON,EQ,790910,326887,41.33
20,428,BAJAJELEC,EQ,71221,37136,52.14
20,429,BAJAJFINSV,EQ,1095701,672150,61.34
20,430,BAJAJHCARE,EQ,105454,59052,56.00
20,431,BAJAJHIND,EQ,229723759,57484279,25.02
20,432,BAJAJHLDNG,EQ,27651,18816,68.05
20,433,BAJEL,EQ,514467,234000,45.48
20,434,BAJFINANCE,EQ,1345495,880347,65.43
20,435,BALAJITELE,EQ,154914,81215,52.43
20,436,BALAMINES,EQ,86699,42259,48.74
20,437,BALAXI,EQ,31953,22226,69.56
20,438,BALKRISHNA,EQ,114826,70676,61.55
20,439,BALKRISIND,EQ,207395,116183,56.02
20,440,BALMLAWRIE,EQ,414647,206447,49.79
20,441,BALPHARMA,EQ,29285,20501,70.01
20,442,BALRAMCHIN,EQ,10570550,3511433,33.22
20,443,BALUFORGE,EQ,229448,144312,62.90
20,444,BANARBEADS,EQ,32022,2861,8.93
20,445,BANARISUG,EQ,13312,6693,50.28
20,446,BANCOINDIA,EQ,75595,40933,54.15
20,447,BANDHANBNK,EQ,8820650,3672293,41.63
20,448,BANG,EQ,16958,12851,75.78
20,449,BANKBARODA,EQ,14322702,6657237,46.48
20,450,BANKBEES,EQ,517575,248042,47.92
20,451,BANKBETF,EQ,15403,14751,95.77
20,452,BANKETF,EQ,1299,953,73.36
20,453,BANKETFADD,EQ,8766,8275,94.40
20,454,BANKIETF,EQ,140702,90863,64.58
20,455,BANKINDIA,EQ,10097817,4970020,49.22
20,456,BANKNIFTY1,EQ,29319,19369,66.06
20,457,BANSWRAS,EQ,65054,37961,58.35
20,458,BARBEQUE,EQ,51269,30650,59.78
20,459,BASF,EQ,78332,43622,55.69
20,460,BASILIC,SM,32700,23100,70.64
20,461,BASML,EQ,67496,53628,79.45
20,462,BATAINDIA,EQ,262442,116121,44.25
20,463,BAWEJA,SM,13600,8800,64.71
20,464,BAYERCROP,EQ,23731,12979,54.69
20,465,BBETF0432,EQ,1734,1734,100.00
20,466,BBL,EQ,117494,57663,49.08
20,467,BBNPPGOLD,EQ,1417,1409,99.44
20,468,BBOX,EQ,113988,69636,61.09
20,469,BBTC,EQ,37879,16200,42.77
20,470,BBTCL,EQ,7446,5642,75.77
20,471,BCLIND,EQ,8142960,3531581,43.37
20,472,BCONCEPTS,EQ,13546,9530,70.35
20,473,BDL,EQ,4294918,1352333,31.49
20,474,BEACON,ST,104000,104000,100.00
20,475,BEARDSELL,EQ,51498,33834,65.70
20,476,BECTORFOOD,EQ,243026,160578,66.07
20,477,BEDMUTHA,EQ,6129,3981,64.95
20,478,BEL,EQ,49511492,18887730,38.15
20,479,BEML,EQ,599577,180701,30.14
20,480,BEPL,EQ,1927782,802054,41.61
20,481,BERGEPAINT,EQ,1971064,1107812,56.20
20,482,BESTAGRO,EQ,22950,15929,69.41
20,483,BETA,SM,6700,4100,61.19
20,484,BEWLTD,SM,2125,1875,88.24
20,485,BFINVEST,EQ,50717,18062,35.61
20,486,BFSI,EQ,125923,101103,80.29
20,487,BFUTILITIE,EQ,379418,155544,41.00
20,488,BHAGCHEM,EQ,349094,226422,64.86
20,489,BHAGERIA,EQ,39142,24795,63.35
20,490,BHAGYANGR,EQ,50946,27784,54.54
20,491,BHANDARI,EQ,4102845,2023646,49.32
20,492,BHARATFORG,EQ,1143028,757362,66.26
20,493,BHARATGEAR,EQ,16941,10492,61.93
20,494,BHARATRAS,EQ,62080,17829,28.72
20,495,BHARATWIRE,EQ,177986,103949,58.40
20,496,BHARTIARTL,EQ,7990376,5554725,69.52
20,497,BHARTIHEXA,EQ,304749,142080,46.62
20,498,BHEL,EQ,26007861,9282558,35.69
20,499,BHINVIT,IV,166992,145573,87.17
20,500,BIGBLOC,EQ,81519,37868,46.45
20,501,BIKAJI,EQ,711712,256327,36.02
20,502,BIOCON,EQ,2407975,767894,31.89
20,503,BIOFILCHEM,EQ,22198,12277,55.31
20,504,BIRDYS,SM,31200,19200,61.54
20,505,BIRET,RR,467632,434739,92.97
20,506,BIRLACABLE,EQ,68376,33772,49.39
20,507,BIRLACORPN,EQ,136578,86470,63.31
20,508,BIRLAMONEY,EQ,501480,266056,53.05
20,509,BLAL,EQ,484171,174221,35.98
20,510,BLISSGVS,EQ,404024,189757,46.97
20,511,BLKASHYAP,EQ,3040446,1195395,39.32
20,512,BLS,EQ,3796164,1160255,30.56
20,513,BLSE,EQ,327744,164697,50.25
20,514,BLUEDART,EQ,41138,18671,45.39
20,515,BLUEJET,EQ,183268,126945,69.27
20,516,BLUEPEBBLE,SM,6400,4000,62.50
20,517,BLUESTARCO,EQ,348579,212490,60.96
20,518,BMETRICS,SM,45200,35600,78.76
20,519,BODALCHEM,EQ,1782899,782224,43.87
20,520,BOMDYEING,EQ,4297320,1122560,26.12
20,521,BOROLTD,EQ,467958,175855,37.58
20,522,BORORENEW,EQ,1085414,345254,31.81
20,523,BOSCHLTD,EQ,56576,19448,34.38
20,524,BPCL,EQ,6025162,2879637,47.79
20,525,BPL,EQ,186357,72649,38.98
20,526,BRIGADE,EQ,499469,190786,38.20
20,527,BRIGHT,SM,489000,435000,88.96
20,528,BRITANNIA,EQ,434594,226538,52.13
20,529,BSE,EQ,521303,323769,62.11
20,530,BSE500IETF,EQ,138704,109729,79.11
20,531,BSHSL,EQ,15620,10263,65.70
20,532,BSL,EQ,7777,5536,71.18
20,533,BSLGOLDETF,EQ,372210,340018,91.35
20,534,BSLNIFTY,EQ,128980,90389,70.08
20,535,BSLSENETFG,EQ,1231,897,72.87
20,536,BSOFT,EQ,6601573,1768243,26.79
20,537,BURNPUR,EQ,816874,521417,63.83
20,538,BUTTERFLY,EQ,17580,10511,59.79
20,539,BVCL,EQ,64913,49984,77.00
20,540,BYKE,EQ,421656,278025,65.94
20,541,CADSYS,ST,53000,50500,95.28
20,542,CAGL28,NE,10,10,100.00
20,543,CAMLINFINE,EQ,1805649,640901,35.49
20,544,CAMPUS,EQ,363522,172189,47.37
20,545,CAMS,EQ,320303,130613,40.78
20,546,CANARYS,SM,76000,68000,89.47
20,547,CANBK,EQ,62531469,36456602,58.30
20,548,CANFINHOME,EQ,780406,465371,59.63
20,549,CANTABIL,EQ,128444,54526,42.45
20,550,CAPACITE,EQ,579098,241718,41.74
20,551,CAPITALSFB,EQ,27104,14528,53.60
20,552,CAPLIPOINT,EQ,374765,191296,51.04
20,553,CAPTRUST,EQ,6185,4268,69.01
20,554,CARBORUNIV,EQ,125914,72499,57.58
20,555,CAREERP,EQ,33466,20422,61.02
20,556,CARERATING,EQ,23893,13280,55.58
20,557,CARTRADE,EQ,440407,320347,72.74
20,558,CARYSIL,EQ,29552,15076,51.02
20,559,CASTROLIND,EQ,2466847,1173678,47.58
20,560,CBAZAAR,SM,8000,8000,100.00
20,561,CCHHL,EQ,524203,302262,57.66
20,562,CCL,EQ,536993,438975,81.75
20,563,CDSL,EQ,526288,237355,45.10
20,564,CEATLTD,EQ,65533,35622,54.36
20,565,CELEBRITY,EQ,100612,59441,59.08
20,566,CELLECOR,SM,23400,16200,69.23
20,567,CELLO,EQ,211448,146533,69.30
20,568,CELLPOINT,SM,37200,32400,87.10
20,569,CENTENKA,EQ,135557,34797,25.67
20,570,CENTEXT,EQ,958756,542406,56.57
20,571,CENTRALBK,EQ,13295899,5433992,40.87
20,572,CENTRUM,EQ,857365,381734,44.52
20,573,CENTUM,EQ,19145,9558,49.92
20,574,CENTURYPLY,EQ,71254,33337,46.79
20,575,CENTURYTEX,EQ,935624,200170,21.39
20,576,CERA,EQ,10824,4789,44.24
20,577,CESC,EQ,3889263,1759438,45.24
20,578,CGCL,EQ,108891,55198,50.69
20,579,CGPOWER,EQ,1171905,589739,50.32
20,580,CGRAPHICS,SM,4800,4800,100.00
20,581,CHALET,EQ,76681,35173,45.87
20,582,CHAMBLFERT,EQ,2529158,839366,33.19
20,583,CHAVDA,SM,57000,35000,61.40
20,584,CHEMBOND,EQ,348425,79897,22.93
20,585,CHEMCON,EQ,42413,23309,54.96
20,586,CHEMFAB,EQ,55970,31610,56.48
20,587,CHEMPLASTS,EQ,1628263,251432,15.44
20,588,CHENNPETRO,EQ,604920,208850,34.53
20,589,CHEVIOT,EQ,29544,19679,66.61
20,590,CHOICEIN,EQ,691209,101739,14.72
20,591,CHOLAFIN,EQ,4792044,1833309,38.26
20,592,CHOLAHLDNG,EQ,417646,302638,72.46
20,593,CIEINDIA,EQ,835731,643668,77.02
20,594,CIFCZC25,ND,200,200,100.00
20,595,CIGNITITEC,EQ,187142,159959,85.47
20,596,CINELINE,EQ,76327,56255,73.70
20,597,CIPLA,EQ,1525789,860322,56.39
20,598,CLEAN,EQ,62002,35203,56.78
20,599,CLEDUCATE,EQ,108570,83529,76.94
20,600,CLOUD,SM,1223000,931000,76.12
20,601,CLSEL,EQ,167267,79069,47.27
20,602,CLSL,SM,14000,14000,100.00
20,603,CMMIPL,ST,138000,120000,86.96
20,604,CMNL,SM,31500,27000,85.71
20,605,CMRSL,SM,16000,15200,95.00
20,606,CMSINFO,EQ,781727,471942,60.37
20,607,COALINDIA,EQ,7438571,2882358,38.75
20,608,COASTCORP,EQ,32946,16021,48.63
20,609,COCHINSHIP,EQ,5114642,1717388,33.58
20,610,COFFEEDAY,EQ,4433972,1358975,30.65
20,611,COFORGE,EQ,529415,251518,47.51
20,612,COLPAL,EQ,204635,89583,43.78
20,613,COMMITTED,SM,20800,17600,84.62
20,614,COMMOIETF,EQ,133345,85559,64.16
20,615,COMPUSOFT,EQ,100254,70584,70.41
20,616,COMSYN,EQ,57790,12890,22.30
20,617,CONCOR,EQ,1696148,686791,40.49
20,618,CONCORDBIO,EQ,49398,27585,55.84
20,619,CONFIPET,EQ,2128897,404493,19.00
20,620,CONS,EQ,3112,2938,94.41
20,621,CONSOFINVT,EQ,21599,14838,68.70
20,622,CONSUMBEES,EQ,55082,41358,75.08
20,623,CONSUMIETF,EQ,10512,5591,53.19
20,624,CONTI,SM,19998,9999,50.00
20,625,CONTROLPR,EQ,32067,16660,51.95
20,626,COOLCAPS,SM,1250,1250,100.00
20,627,CORALFINAC,EQ,34070,16963,49.79
20,628,CORDSCABLE,EQ,120548,60082,49.84
20,629,COROMANDEL,EQ,406115,109071,26.86
20,630,COSMOFIRST,EQ,70783,38559,54.47
20,631,COUNCODOS,EQ,86020,59058,68.66
20,632,CPS,ST,3600,3600,100.00
20,633,CPSEETF,EQ,5954662,2688015,45.14
20,634,CRAFTSMAN,EQ,22261,13250,59.52
20,635,CRAYONS,SM,26000,23000,88.46
20,636,CREATIVE,EQ,48292,24448,50.63
20,637,CREDITACC,EQ,93216,48666,52.21
20,638,CREST,EQ,175391,110993,63.28
20,639,CRISIL,EQ,15093,7908,52.40
20,640,CROMPTON,EQ,2079757,878638,42.25
20,641,CSBBANK,EQ,320702,240371,74.95
20,642,CSLFINANCE,EQ,143083,82642,57.76
20,643,CUB,EQ,6029496,4239779,70.32
20,644,CUMMINSIND,EQ,978790,642070,65.60
20,645,CYBERTECH,EQ,105193,51817,49.26
20,646,CYIENT,EQ,186253,100258,53.83
20,647,CYIENTDLM,EQ,656637,497135,75.71
20,648,DABUR,EQ,7963596,3907050,49.06
20,649,DALBHARAT,EQ,345055,217361,62.99
20,650,DALMIASUG,EQ,2023783,562549,27.80
20,651,DAMODARIND,EQ,29274,19011,64.94
20,652,DANGEE,EQ,168482,105881,62.84
20,653,DATAMATICS,EQ,125564,62313,49.63
20,654,DATAPATTNS,EQ,369905,174722,47.23
20,655,DAVANGERE,EQ,17495550,9320337,53.27
20,656,DBCORP,EQ,553830,352129,63.58
20,657,DBL,EQ,7768275,1587594,20.44
20,658,DBOL,EQ,1036556,313107,30.21
20,659,DBREALTY,EQ,1701350,857767,50.42
20,660,DBSTOCKBRO,EQ,57963,35105,60.56
20,661,DCAL,EQ,1075057,463763,43.14
20,662,DCBBANK,EQ,5954943,2707211,45.46
20,663,DCG,SM,45600,36000,78.95
20,664,DCM,EQ,80157,57452,71.67
20,665,DCMNVL,EQ,25480,16705,65.56
20,666,DCMSHRIRAM,EQ,528052,145623,27.58
20,667,DCMSRIND,EQ,769942,276468,35.91
20,668,DCW,EQ,6782377,2838472,41.85
20,669,DCXINDIA,EQ,1172344,650778,55.51
20,670,DECCANCE,EQ,74771,38075,50.92
20,671,DEEM,SM,19000,14000,73.68
20,672,DEEPAKFERT,EQ,744419,407872,54.79
20,673,DEEPAKNTR,EQ,502975,192335,38.24
20,674,DEEPENR,EQ,11235,6032,53.69
20,675,DEEPINDS,EQ,103657,45959,44.34
20,676,DELAPLEX,SM,30600,23400,76.47
20,677,DELHIVERY,EQ,2220747,1358643,61.18
20,678,DELTACORP,EQ,15898884,5136166,32.31
20,679,DELTAMAGNT,EQ,5971,3816,63.91
20,680,DEN,EQ,1592950,642034,40.30
20,681,DENEERS,SM,600,600,100.00
20,682,DENORA,EQ,21013,10304,49.04
20,683,DENTALKART,SM,40250,34250,85.09
20,684,DESTINY,ST,9000,9000,100.00
20,685,DEVIT,EQ,23654,12334,52.14
20,686,DEVYANI,EQ,1855620,1112610,59.96
20,687,DHAMPURSUG,EQ,4326283,1469151,33.96
20,688,DHANBANK,EQ,749218,536951,71.67
20,689,DHANI,EQ,4017018,1712053,42.62
20,690,DHANUKA,EQ,57538,21301,37.02
20,691,DHARMAJ,EQ,187681,83029,44.24
20,692,DHTL,SM,24800,24800,100.00
20,693,DHUNINV,EQ,2190,1337,61.05
20,694,DIAMINESQ,EQ,13263,7806,58.86
20,695,DIAMONDYD,EQ,35364,19471,55.06
20,696,DICIND,EQ,6499,2992,46.04
20,697,DIGIKORE,SM,8200,6800,82.93
20,698,DIGISPICE,EQ,3796631,1494114,39.35
20,699,DIL,EQ,2326822,1239021,53.25
20,700,DISHTV,EQ,37192991,10277473,27.63
20,701,DIVGIITTS,EQ,25379,16475,64.92
20,702,DIVISLAB,EQ,1275865,623063,48.83
20,703,DIVOPPBEES,EQ,71513,61340,85.77
20,704,DIXON,EQ,626786,128074,20.43
20,705,DLF,EQ,4081481,1786306,43.77
20,706,DLINKINDIA,EQ,372410,132974,35.71
20,707,DMART,EQ,238268,139954,58.74
20,708,DMCC,EQ,21353,12853,60.19
20,709,DNAMEDIA,EQ,106262,81333,76.54
20,710,DODLA,EQ,221008,131195,59.36
20,711,DOLATALGO,EQ,707508,383810,54.25
20,712,DOLLAR,EQ,144562,88606,61.29
20,713,DOLLEX,SM,72000,60000,83.33
20,714,DOMS,EQ,79994,44726,55.91
20,715,DONEAR,EQ,554096,247316,44.63
20,716,DPABHUSHAN,EQ,5344,2648,49.55
20,717,DPSCLTD,EQ,1979030,1248789,63.10
20,718,DPWIRES,EQ,26136,15329,58.65
20,719,DRCSYSTEMS,EQ,918221,671066,73.08
20,720,DREAMFOLKS,EQ,128224,99108,77.29
20,721,DREDGECORP,EQ,343864,170707,49.64
20,722,DRONE,SM,549000,320000,58.29
20,723,DRREDDY,EQ,438230,230454,52.59
20,724,DSSL,EQ,23400,15118,64.61
20,725,DTIL,EQ,26888,14630,54.41
20,726,DUCOL,SM,151200,132800,87.83
20,727,DUGLOBAL,SM,27500,15000,54.55
20,728,DVL,EQ,48980,22266,45.46
20,729,DWARKESH,EQ,19114268,5021540,26.27
20,730,DYCL,EQ,198790,95255,47.92
20,731,DYNAMATECH,EQ,26315,21711,82.50
20,732,DYNAMIC,SM,93000,75000,80.65
20,733,DYNPRO,EQ,47446,31746,66.91
20,734,EASEMYTRIP,EQ,6172377,3030088,49.09
20,735,EBBETF0425,EQ,9407,9197,97.77
20,736,EBBETF0430,EQ,3846,3818,99.27
20,737,EBBETF0431,EQ,9323,9309,99.85
20,738,EBBETF0433,EQ,1121,561,50.04
20,739,ECLERX,EQ,36526,23460,64.23
20,740,EDELWEISS,EQ,3246897,1160990,35.76
20,741,EFACTOR,SM,18400,15200,82.61
20,742,EFORCE,SM,103200,70800,68.60
20,743,EGOLD,EQ,172,133,77.33
20,744,EICHERMOT,EQ,840780,560626,66.68
20,745,EIDPARRY,EQ,3198498,1091694,34.13
20,746,EIFFL,EQ,19739,15334,77.68
20,747,EIHAHOTELS,EQ,74507,33313,44.71
20,748,EIHOTEL,EQ,975069,502194,51.50
20,749,EKC,EQ,874973,381161,43.56
20,750,ELDEHSG,EQ,4390,3272,74.53
20,751,ELECON,EQ,1723506,337905,19.61
20,752,ELECTCAST,EQ,792139,449747,56.78
20,753,ELGIEQUIP,EQ,1694119,472318,27.88
20,754,ELIN,EQ,197387,120871,61.24
20,755,EMAMILTD,EQ,372730,223248,59.90
20,756,EMAMIPAP,EQ,75400,47263,62.68
20,757,EMAMIREAL,EQ,48704,29123,59.80
20,758,EMBASSY,RR,521480,491788,94.31
20,759,EMIL,EQ,643965,377543,58.63
20,760,EMKAY,EQ,327669,139335,42.52
20,761,EMKAYTOOLS,SM,300,300,100.00
20,762,EMMBI,EQ,91757,48666,53.04
20,763,EMMIL,SM,22000,16000,72.73
20,764,EMSLIMITED,EQ,188066,89529,47.61
20,765,EMUDHRA,EQ,193341,98790,51.10
20,766,ENDURANCE,EQ,89463,45232,50.56
20,767,ENERGYDEV,EQ,117115,78270,66.83
20,768,ENFUSE,SM,4800,4800,100.00
20,769,ENGINERSIN,EQ,7139453,1723151,24.14
20,770,ENIL,EQ,106993,61171,57.17
20,771,ENSER,SM,138000,114000,82.61
20,772,ENTERO,EQ,39986,25116,62.81
20,773,EPACK,EQ,1530141,611929,39.99
20,774,EPIGRAL,EQ,170873,80037,46.84
20,775,EPL,EQ,716139,377968,52.78
20,776,EQUAL50ADD,EQ,4302,3366,78.24
20,777,EQUITASBNK,EQ,5152165,2736480,53.11
20,778,ERIS,EQ,54371,23205,42.68
20,779,EROSMEDIA,EQ,489087,298684,61.07
20,780,ESABINDIA,EQ,8637,5533,64.06
20,781,ESAFSFB,EQ,974029,594182,61.00
20,782,ESCONET,SM,96800,64000,66.12
20,783,ESCORTS,EQ,368758,95893,26.00
20,784,ESFL,SM,31800,30600,96.23
20,785,ESG,EQ,18738,15207,81.16
20,786,ESILVER,EQ,63099,61660,97.72
20,787,ESSARSHPNG,EQ,2173775,1015717,46.73
20,788,ESTER,EQ,158164,77532,49.02
20,789,ETHOSLTD,EQ,22684,12291,54.18
20,790,EUROBOND,SM,61000,15000,24.59
20,791,EVEREADY,EQ,111496,73128,65.59
20,792,EVERESTIND,EQ,12802,6343,49.55
20,793,EXCELINDUS,EQ,33244,15538,46.74
20,794,EXICOM,EQ,1058252,448237,42.36
20,795,EXIDEIND,EQ,7311854,3358921,45.94
20,796,EXPLEOSOL,EQ,13645,8408,61.62
20,797,EXXARO,EQ,84226,54636,64.87
20,798,FACT,EQ,890729,173517,19.48
20,799,FAIRCHEMOR,EQ,14369,8224,57.23
20,800,FAZE3Q,EQ,83809,54438,64.95
20,801,FCL,EQ,202010,106193,52.57
20,802,FCSSOFT,EQ,7589499,3432082,45.22
20,803,FDC,EQ,84066,41589,49.47
20,804,FEDERALBNK,EQ,11800445,4964960,42.07
20,805,FEDFINA,EQ,325429,167987,51.62
20,806,FELIX,SM,54000,37500,69.44
20,807,FIBERWEB,EQ,379095,203076,53.57
20,808,FIDEL,SM,15000,12000,80.00
20,809,FIEMIND,EQ,168580,93904,55.70
20,810,FILATEX,EQ,1836139,693682,37.78
20,811,FILATFASH,EQ,3109408,1394716,44.85
20,812,FINCABLES,EQ,183667,114031,62.09
20,813,FINEORG,EQ,21249,11938,56.18
20,814,FINIETF,EQ,663813,564204,84.99
20,815,FINOPB,EQ,131204,59694,45.50
20,816,FINPIPE,EQ,771974,374338,48.49
20,817,FIVESTAR,EQ,468695,279690,59.67
20,818,FLAIR,EQ,91365,50211,54.96
20,819,FLUOROCHEM,EQ,127784,88856,69.54
20,820,FMCGIETF,EQ,1189951,1019828,85.70
20,821,FMGOETZE,EQ,173751,89578,51.56
20,822,FMNL,EQ,118219,85143,72.02
20,823,FOCE,SM,200,200,100.00
20,824,FOCUS,EQ,918438,264631,28.81
20,825,FONEBOX,SM,11000,10000,90.91
20,826,FOODSIN,EQ,119424,60789,50.90
20,827,FORCEMOT,EQ,22084,11236,50.88
20,828,FORTIS,EQ,1363028,754166,55.33
20,829,FOSECOIND,EQ,7918,4353,54.98
20,830,FROG,SM,78000,52800,67.69
20,831,FSL,EQ,5581718,1657387,29.69
20,832,FUSION,EQ,990505,633689,63.98
20,833,GABRIEL,EQ,451809,223187,49.40
20,834,GAEL,EQ,543076,268460,49.43
20,835,GAIL,EQ,26308017,10169650,38.66
20,836,GALAXYSURF,EQ,19524,11780,60.34
20,837,GANDHAR,EQ,204788,99738,48.70
20,838,GANDHITUBE,EQ,3050,1433,46.98
20,839,GANECOS,EQ,51232,26401,51.53
20,840,GANESHBE,EQ,159856,98183,61.42
20,841,GANESHHOUC,EQ,69696,33175,47.60
20,842,GANGESSECU,EQ,20650,7236,35.04
20,843,GARFIBRES,EQ,12487,5538,44.35
20,844,GATEWAY,EQ,1380504,525321,38.05
20,845,GEECEE,EQ,188168,58348,31.01
20,846,GEEKAYWIRE,EQ,111426,65832,59.08
20,847,GENCON,EQ,30595,25687,83.96
20,848,GENESYS,EQ,352480,165098,46.84
20,849,GENSOL,EQ,349449,234443,67.09
20,850,GENUSPAPER,EQ,680126,276139,40.60
20,851,GENUSPOWER,EQ,1540996,890089,57.76
20,852,GEOJITFSL,EQ,482582,182954,37.91
20,853,GEPIL,EQ,363987,129655,35.62
20,854,GESHIP,EQ,604696,267217,44.19
20,855,GFLLIMITED,EQ,42728,27400,64.13
20,856,GHCL,EQ,129178,75831,58.70
20,857,GHCLTEXTIL,EQ,383134,224689,58.65
20,858,GICHSGFIN,EQ,506120,218481,43.17
20,859,GICRE,EQ,1736005,617969,35.60
20,860,GILLANDERS,EQ,24351,16963,69.66
20,861,GILLETTE,EQ,38516,30642,79.56
20,862,GILT5YBEES,EQ,199758,186496,93.36
20,863,GINNIFILA,EQ,59532,35623,59.84
20,864,GIPCL,EQ,1372836,647361,47.16
20,865,GIRIRAJ,ST,2000,2000,100.00
20,866,GLAND,EQ,263703,198422,75.24
20,867,GLAXO,EQ,181775,116017,63.82
20,868,GLENMARK,EQ,765839,252730,33.00
20,869,GLOBALPET,SM,7500,7500,100.00
20,870,GLOBE,EQ,4469989,3683810,82.41
20,871,GLOBUSSPR,EQ,133502,60166,45.07
20,872,GLOSTERLTD,EQ,4085,2309,56.52
20,873,GLS,EQ,47853,21535,45.00
20,874,GMBREW,EQ,35161,22003,62.58
20,875,GMDCLTD,EQ,705215,312109,44.26
20,876,GMMPFAUDLR,EQ,212600,138237,65.02
20,877,GMRINFRA,EQ,46860712,16024993,34.20
20,878,GMRP&UI,EQ,9610799,5107948,53.15
20,879,GNA,EQ,43029,25119,58.38
20,880,GNFC,EQ,780124,266950,34.22
20,881,GOACARBON,EQ,41858,23731,56.69
20,882,GOCLCORP,EQ,605717,250045,41.28
20,883,GOCOLORS,EQ,175595,151658,86.37
20,884,GODFRYPHLP,EQ,57996,31251,53.88
20,885,GODHA,EQ,11165021,7252498,64.96
20,886,GODIGIT,EQ,474789,153196,32.27
20,887,GODREJAGRO,EQ,260219,132117,50.77
20,888,GODREJCP,EQ,873993,519784,59.47
20,889,GODREJIND,EQ,776833,247282,31.83
20,890,GODREJPROP,EQ,1206840,388853,32.22
20,891,GOKEX,EQ,172502,100927,58.51
20,892,GOKULAGRO,EQ,290211,115136,39.67
20,893,GOLD1,EQ,141945,127466,89.80
20,894,GOLDBEES,EQ,4842355,3312231,68.40
20,895,GOLDCASE,EQ,207627,200141,96.39
20,896,GOLDETF,EQ,38151,31295,82.03
20,897,GOLDETFADD,EQ,12589,9413,74.77
20,898,GOLDIAM,EQ,190557,112254,58.91
20,899,GOLDIETF,EQ,719708,552566,76.78
20,900,GOLDSHARE,EQ,92983,75825,81.55
20,901,GOLDSTAR,SM,101250,101250,100.00
20,902,GOLDTECH,EQ,25177,14353,57.01
20,903,GOODLUCK,EQ,114093,71913,63.03
20,904,GOPAL,EQ,126509,79036,62.47
20,905,GOYALSALT,SM,8400,7800,92.86
20,906,GPIL,EQ,272514,121659,44.64
20,907,GPPL,EQ,1677177,704352,42.00
20,908,GPTHEALTH,EQ,327228,155457,47.51
20,909,GRANULES,EQ,891393,288232,32.34
20,910,GRAPHISAD,SM,24000,10800,45.00
20,911,GRAPHITE,EQ,360133,133014,36.93
20,912,GRASIM,EQ,512510,207272,40.44
20,913,GRASIMPP,E1,25557,13954,54.60
20,914,GRAVITA,EQ,734589,187787,25.56
20,915,GRCL,SM,4000,4000,100.00
20,916,GREAVESCOT,EQ,3044272,927665,30.47
20,917,GREENCHEF,SM,13600,11200,82.35
20,918,GREENLAM,EQ,53706,25007,46.56
20,919,GREENPANEL,EQ,221508,138997,62.75
20,920,GREENPLY,EQ,405860,236919,58.37
20,921,GREENPOWER,EQ,10603843,6882026,64.90
20,922,GRINDWELL,EQ,65577,49057,74.81
20,923,GRINFRA,EQ,180612,132075,73.13
20,924,GRMOVER,EQ,1776393,474978,26.74
20,925,GROBTEA,EQ,1304,657,50.38
20,926,GRPLTD,EQ,672,347,51.64
20,927,GRSE,EQ,5663976,1344690,23.74
20,928,GRWRHITECH,EQ,45492,22507,49.47
20,929,GSEC10IETF,EQ,5,5,100.00
20,930,GSEC10YEAR,EQ,3274,2971,90.75
20,931,GSEC5IETF,EQ,220,218,99.09
20,932,GSFC,EQ,3450314,1213470,35.17
20,933,GSLSU,EQ,71881,35007,48.70
20,934,GSMFOILS,ST,160000,160000,100.00
20,935,GSPL,EQ,2397934,1744019,72.73
20,936,GSTL,SM,21000,14000,66.67
20,937,GTLINFRA,EQ,494913673,187521052,37.89
20,938,GTPL,EQ,68650,39407,57.40
20,939,GUFICBIO,EQ,104728,51426,49.10
20,940,GUJALKALI,EQ,59356,20614,34.73
20,941,GUJAPOLLO,EQ,17204,9639,56.03
20,942,GUJGASLTD,EQ,2568931,810066,31.53
20,943,GUJRAFFIA,EQ,26951,14542,53.96
20,944,GULFOILLUB,EQ,115998,61900,53.36
20,945,GULFPETRO,EQ,189851,88683,46.71
20,946,GULPOLY,EQ,1059101,289948,27.38
20,947,HAL,EQ,4364888,1283778,29.41
20,948,HAPPSTMNDS,EQ,584325,218988,37.48
20,949,HAPPYFORGE,EQ,214448,79371,37.01
20,950,HARDWYN,EQ,1614836,763038,47.25
20,951,HARIOMPIPE,EQ,62187,31636,50.87
20,952,HARRMALAYA,EQ,901012,287480,31.91
20,953,HARSHA,EQ,247372,87608,35.42
20,954,HATHWAY,EQ,8717052,3573820,41.00
20,955,HATSUN,EQ,24935,14632,58.68
20,956,HAVELLS,EQ,1607614,1191726,74.13
20,957,HAVISHA,EQ,73904,62097,84.02
20,958,HBLPOWER,EQ,1080380,513847,47.56
20,959,HBSL,EQ,14473,9765,67.47
20,960,HCC,EQ,85502871,24917742,29.14
20,961,HCG,EQ,345890,218991,63.31
20,962,HCLTECH,EQ,4232861,3114067,73.57
20,963,HDFCAMC,EQ,469787,209943,44.69
20,964,HDFCBANK,EQ,12060096,7852775,65.11
20,965,HDFCBSE500,EQ,63213,50865,80.47
20,966,HDFCGOLD,EQ,428330,256520,59.89
20,967,HDFCGROWTH,EQ,4079,2532,62.07
20,968,HDFCLIFE,EQ,24352341,12390750,50.88
20,969,HDFCLIQUID,EQ,4449,4429,99.55
20,970,HDFCLOWVOL,EQ,13424,12614,93.97
20,971,HDFCMID150,EQ,326817,172424,52.76
20,972,HDFCMOMENT,EQ,183702,98709,53.73
20,973,HDFCNEXT50,EQ,42660,31504,73.85
20,974,HDFCNIF100,EQ,28964,25882,89.36
20,975,HDFCNIFBAN,EQ,36903,34060,92.30
20,976,HDFCNIFIT,EQ,63594,59212,93.11
20,977,HDFCNIFTY,EQ,27665,23224,83.95
20,978,HDFCPSUBK,EQ,26176,20780,79.39
20,979,HDFCPVTBAN,EQ,141163,100414,71.13
20,980,HDFCQUAL,EQ,9222,7589,82.29
20,981,HDFCSENSEX,EQ,14995,11300,75.36
20,982,HDFCSILVER,EQ,357185,234992,65.79
20,983,HDFCSML250,EQ,492543,327007,66.39
20,984,HDFCVALUE,EQ,2665,2244,84.20
20,985,HEALTHADD,EQ,7908,7651,96.75
20,986,HEALTHIETF,EQ,67953,38913,57.26
20,987,HEALTHY,EQ,570852,507183,88.85
20,988,HECPROJECT,EQ,192056,120070,62.52
20,989,HEG,EQ,74566,27413,36.76
20,990,HEIDELBERG,EQ,300036,142895,47.63
20,991,HEMIPROP,EQ,1587881,479907,30.22
20,992,HERANBA,EQ,37591,19570,52.06
20,993,HERCULES,EQ,64003,35472,55.42
20,994,HERITGFOOD,EQ,8067410,3192063,39.57
20,995,HEROMOTOCO,EQ,547596,265082,48.41
20,996,HESTERBIO,EQ,7169,4012,55.96
20,997,HEUBACHIND,EQ,54695,30227,55.26
20,998,HEXATRADEX,EQ,3922,2930,74.71
20,999,HFCL,EQ,46383556,11264887,24.29
20,1000,HGINFRA,EQ,192512,88513,45.98
20,1001,HGS,EQ,104060,71074,68.30
20,1002,HIGREEN,SM,30400,24800,81.58
20,1003,HIKAL,EQ,151754,83925,55.30
20,1004,HIL,EQ,21441,10854,50.62
20,1005,HILTON,EQ,940483,213410,22.69
20,1006,HIMATSEIDE,EQ,146630,77573,52.90
20,1007,HINDALCO,EQ,9555904,6122924,64.07
20,1008,HINDCOMPOS,EQ,41466,25175,60.71
20,1009,HINDCOPPER,EQ,3797084,1621859,42.71
20,1010,HINDMOTORS,EQ,1590007,1091488,68.65
20,1011,HINDOILEXP,EQ,2956830,928757,31.41
20,1012,HINDPETRO,EQ,4775601,2540024,53.19
20,1013,HINDUNILVR,EQ,3123098,1790530,57.33
20,1014,HINDWAREAP,EQ,115421,57601,49.91
20,1015,HINDZINC,EQ,874207,578431,66.17
20,1016,HIRECT,EQ,22633,13433,59.35
20,1017,HISARMETAL,EQ,8025,3435,42.80
20,1018,HITECH,EQ,1138217,529326,46.50
20,1019,HITECHCORP,EQ,2660,1600,60.15
20,1020,HLEGLAS,EQ,180368,38757,21.49
20,1021,HMAAGRO,EQ,284023,153753,54.13
20,1022,HMVL,EQ,55403,27456,49.56
20,1023,HNDFDS,EQ,74618,41192,55.20
20,1024,HNGSNGBEES,EQ,76446,50822,66.48
20,1025,HOACFOODS,SM,57000,33000,57.89
20,1026,HOLMARC,SM,40500,34500,85.19
20,1027,HOMEFIRST,EQ,3309271,610702,18.45
20,1028,HOMESFY,ST,900,900,100.00
20,1029,HONASA,EQ,683908,421782,61.67
20,1030,HONAUT,EQ,6546,4418,67.49
20,1031,HONDAPOWER,EQ,200369,41473,20.70
20,1032,HPAL,EQ,237263,131431,55.39
20,1033,HPIL,EQ,3142,1223,38.92
20,1034,HPL,EQ,675102,171979,25.47
20,1035,HRHNEXT,SM,12000,9000,75.00
20,1036,HSCL,EQ,511039,293585,57.45
20,1037,HTMEDIA,EQ,369833,182493,49.34
20,1038,HUBTOWN,EQ,85856,63700,74.19
20,1039,HUDCO,EQ,14470406,3806405,26.30
20,1040,HUHTAMAKI,EQ,77498,43659,56.34
20,1041,HYBRIDFIN,EQ,45655,38594,84.53
20,1042,IBHF24,ZD,50,50,100.00
20,1043,IBHFZC25B,AT,6,3,50.00
20,1044,IBLFL,SM,48000,34000,70.83
20,1045,IBREALEST,EQ,8393790,2684977,31.99
20,1046,IBULHSGFIN,EQ,8997752,3260992,36.24
20,1047,IBULPP,E1,2210732,1458763,65.99
20,1048,ICEMAKE,EQ,564933,141729,25.09
20,1049,ICICIB22,EQ,1454627,1062903,73.07
20,1050,ICICIBANK,EQ,12494254,8138481,65.14
20,1051,ICICIGI,EQ,206868,132715,64.15
20,1052,ICICIPRULI,EQ,3722751,2077994,55.82
20,1053,ICIL,EQ,139723,78288,56.03
20,1054,ICRA,EQ,2055,983,47.83
20,1055,IDBI,EQ,5897252,2436244,41.31
20,1056,IDEA,EQ,731987121,225674378,30.83
20,1057,IDEAFORGE,EQ,706417,337491,47.78
20,1058,IDFC,EQ,4311673,2793515,64.79
20,1059,IDFCFIRSTB,EQ,14280118,6986447,48.92
20,1060,IDFNIFTYET,EQ,380,209,55.00
20,1061,IEL,EQ,515647,364745,70.74
20,1062,IEML,SM,40000,28000,70.00
20,1063,IEX,EQ,58082920,12900682,22.21
20,1064,IFBAGRO,EQ,5659,3858,68.17
20,1065,IFBIND,EQ,34915,18096,51.83
20,1066,IFCI,EQ,31869718,9778220,30.68
20,1067,IFCIZC24,NI,100,100,100.00
20,1068,IFGLEXPOR,EQ,17708,11530,65.11
20,1069,IGARASHI,EQ,89520,42918,47.94
20,1070,IGL,EQ,4092669,2136079,52.19
20,1071,IGPL,EQ,50988,33595,65.89
20,1072,IHF310524,ZF,10,10,100.00
20,1073,IHF310524A,ZK,52,52,100.00
20,1074,IIFL,EQ,1328694,454215,34.19
20,1075,IIFLHFZC27,NB,65,65,100.00
20,1076,IIFLSEC,EQ,984457,596487,60.59
20,1077,IIFLZC24,NK,75,75,100.00
20,1078,IIFLZC25,ND,892,892,100.00
20,1079,IIFLZC25A,NP,20,20,100.00
20,1080,IIFLZC26,NN,100,100,100.00
20,1081,IIFLZC28,NG,201,200,99.50
20,1082,IIFLZC28A,NU,51,51,100.00
20,1083,IIFLZC28B,Y1,2,2,100.00
20,1084,IIFLZC28C,N6,11,11,100.00
20,1085,IITL,EQ,68893,62731,91.06
20,1086,IKIO,EQ,108109,55505,51.34
20,1087,IMAGICAA,EQ,1235385,501914,40.63
20,1088,IMC1,N2,2,2,100.00
20,1089,IMC1,N3,21,21,100.00
20,1090,IMFA,EQ,174778,72172,41.29
20,1091,IMPAL,EQ,5543,3936,71.01
20,1092,INCREDIBLE,EQ,54685,30894,56.49
20,1093,INDBANK,EQ,249212,99689,40.00
20,1094,INDGN,EQ,2740424,1358727,49.58
20,1095,INDHOTEL,EQ,3084488,1760856,57.09
20,1096,INDIACEM,EQ,1204754,393218,32.64
20,1097,INDIAGLYCO,EQ,356815,126081,35.34
20,1098,INDIAMART,EQ,118670,60991,51.40
20,1099,INDIANB,EQ,1260420,674180,53.49
20,1100,INDIANCARD,EQ,5451,4023,73.80
20,1101,INDIANHUME,EQ,92619,48977,52.88
20,1102,INDIASHLTR,EQ,775069,441803,57.00
20,1103,INDIFRA,SM,18000,14000,77.78
20,1104,INDIGO,EQ,4510241,2858847,63.39
20,1105,INDIGOPNTS,EQ,23925,13682,57.19
20,1106,INDIGRID,IV,388190,347013,89.39
20,1107,INDNIPPON,EQ,39439,23169,58.75
20,1108,INDOAMIN,EQ,169124,88941,52.59
20,1109,INDOBORAX,EQ,33146,19761,59.62
20,1110,INDOCO,EQ,61881,42339,68.42
20,1111,INDORAMA,EQ,123509,59691,48.33
20,1112,INDOSTAR,EQ,408589,153575,37.59
20,1113,INDOTHAI,EQ,3343,2155,64.46
20,1114,INDOWIND,EQ,2556539,1139078,44.56
20,1115,INDRAMEDCO,EQ,287391,203235,70.72
20,1116,INDSWFTLAB,EQ,202405,108010,53.36
20,1117,INDTERRAIN,EQ,66238,45455,68.62
20,1118,INDUSINDBK,EQ,2446832,1272139,51.99
20,1119,INDUSTOWER,EQ,7980545,4119419,51.62
20,1120,INFIBEAM,EQ,13245283,4712796,35.58
20,1121,INFINIUM,SM,33000,21000,63.64
20,1122,INFOBEAN,EQ,360914,111874,31.00
20,1123,INFOLLION,SM,6400,4800,75.00
20,1124,INFOMEDIA,EQ,101826,69595,68.35
20,1125,INFRABEES,EQ,23374,13709,58.65
20,1126,INFRAIETF,EQ,147628,112088,75.93
20,1127,INFY,EQ,7307565,4415299,60.42
20,1128,INGERRAND,EQ,10252,5289,51.59
20,1129,INM,SM,1200,1200,100.00
20,1130,INNOVACAP,EQ,24913,13716,55.06
20,1131,INNOVANA,SM,1600,1600,100.00
20,1132,INNOVATIVE,SM,33000,30000,90.91
20,1133,INOXGREEN,EQ,1571255,962797,61.28
20,1134,INOXINDIA,EQ,240325,99787,41.52
20,1135,INOXWIND,EQ,4431161,2173224,49.04
20,1136,INSECTICID,EQ,47907,30371,63.40
20,1137,INSPIRE,SM,24000,24000,100.00
20,1138,INTELLECT,EQ,1463765,390856,26.70
20,1139,INTENTECH,EQ,136697,83776,61.29
20,1140,INTLCONV,EQ,138206,79360,57.42
20,1141,INVENTURE,EQ,4434487,2671765,60.25
20,1142,IOB,EQ,11430272,4090452,35.79
20,1143,IOC,EQ,17279580,7652946,44.29
20,1144,IOLCP,EQ,205095,91442,44.59
20,1145,IONEXCHANG,EQ,195747,120596,61.61
20,1146,IPCALAB,EQ,1053240,731375,69.44
20,1147,IPL,EQ,648885,262040,40.38
20,1148,IRB,EQ,88527323,37443511,42.30
20,1149,IRBINVIT,IV,354047,302325,85.39
20,1150,IRBIT,IV,267200000,267200000,100.00
20,1151,IRCON,EQ,7161236,2815596,39.32
20,1152,IRCTC,EQ,1996303,703082,35.22
20,1153,IREDA,EQ,12309733,6224533,50.57
20,1154,IRFC,EQ,31750295,12428642,39.14
20,1155,IRISDOREME,EQ,48369,13955,28.85
20,1156,IRMENERGY,EQ,102201,69427,67.93
20,1157,ISEC,EQ,840241,737525,87.78
20,1158,ISFT,EQ,31358,15167,48.37
20,1159,ISGEC,EQ,212588,78080,36.73
20,1160,ISHAN,SM,2832000,1632000,57.63
20,1161,ISMTLTD,EQ,461676,156146,33.82
20,1162,IT,EQ,81507,66602,81.71
20,1163,ITALIANE,SM,24000,18000,75.00
20,1164,ITBEES,EQ,8518419,5959323,69.96
20,1165,ITC,EQ,9283802,5923993,63.81
20,1166,ITDC,EQ,1260483,170921,13.56
20,1167,ITDCEM,EQ,1452472,622950,42.89
20,1168,ITETF,EQ,133077,95475,71.74
20,1169,ITETFADD,EQ,50302,29539,58.72
20,1170,ITI,EQ,1473898,386253,26.21
20,1171,ITIETF,EQ,445731,230981,51.82
20,1172,IVC,EQ,1114189,702202,63.02
20,1173,IVP,EQ,98411,48862,49.65
20,1174,IVZINGOLD,EQ,72,37,51.39
20,1175,IVZINNIFTY,EQ,8,5,62.50
20,1176,IZMO,EQ,81595,50085,61.38
20,1177,JAGRAN,EQ,192730,108013,56.04
20,1178,JAGSNPHARM,EQ,17455,11450,65.60
20,1179,JAICORPLTD,EQ,4407254,1210278,27.46
20,1180,JAINAM,SM,1000,1000,100.00
20,1181,JALAN,SM,9000,9000,100.00
20,1182,JAMNAAUTO,EQ,1628325,640470,39.33
20,1183,JASH,EQ,13697,8747,63.86
20,1184,JAYAGROGN,EQ,42343,23273,54.96
20,1185,JAYBARMARU,EQ,128850,66924,51.94
20,1186,JAYNECOIND,EQ,232191,138505,59.65
20,1187,JAYSREETEA,EQ,716183,258194,36.05
20,1188,JBCHEPHARM,EQ,152184,110640,72.70
20,1189,JBMA,EQ,155006,75020,48.40
20,1190,JCHAC,EQ,57989,39069,67.37
20,1191,JETFREIGHT,EQ,94367,46177,48.93
20,1192,JFLLIFE,SM,28000,18000,64.29
20,1193,JGCHEM,EQ,79570,47605,59.83
20,1194,JINDALPHOT,EQ,16009,8212,51.30
20,1195,JINDALPOLY,EQ,38044,17207,45.23
20,1196,JINDALSAW,EQ,606514,353926,58.35
20,1197,JINDALSTEL,EQ,1162049,311525,26.81
20,1198,JINDRILL,EQ,290120,177993,61.35
20,1199,JINDWORLD,EQ,47259,21760,46.04
20,1200,JIOFIN,EQ,27424843,13051656,47.59
20,1201,JISLDVREQS,EQ,110752,65952,59.55
20,1202,JISLJALEQS,EQ,7213159,2957911,41.01
20,1203,JITFINFRA,EQ,18500,18500,100.00
20,1204,JIWANRAM,SM,24000,18000,75.00
20,1205,J&KBANK,EQ,1852077,934491,50.46
20,1206,JKCEMENT,EQ,121325,56424,46.51
20,1207,JKIL,EQ,232946,101392,43.53
20,1208,JKLAKSHMI,EQ,308083,165755,53.80
20,1209,JKPAPER,EQ,1859401,827170,44.49
20,1210,JKTYRE,EQ,649592,399220,61.46
20,1211,JLHL,EQ,33955,17469,51.45
20,1212,JMA,EQ,134004,89625,66.88
20,1213,JMFINANCIL,EQ,17703981,6324745,35.72
20,1214,JNKINDIA,EQ,1084284,375193,34.60
20,1215,JOCIL,EQ,14127,8551,60.53
20,1216,JPOLYINVST,EQ,4081,2820,69.10
20,1217,JPPOWER,EQ,51748531,30722685,59.37
20,1218,JSFB,EQ,342894,193642,56.47
20,1219,JSL,EQ,842753,424361,50.35
20,1220,JSLL,ST,84600,78840,93.19
20,1221,JSWENERGY,EQ,1872711,628235,33.55
20,1222,JSWHL,EQ,1880,940,50.00
20,1223,JSWINFRA,EQ,5021977,2821799,56.19
20,1224,JSWSTEEL,EQ,1788757,834777,46.67
20,1225,JTEKTINDIA,EQ,131362,63715,48.50
20,1226,JTLIND,EQ,1333907,410777,30.80
20,1227,JUBLFOOD,EQ,1397961,375069,26.83
20,1228,JUBLINDS,EQ,8257,8257,100.00
20,1229,JUBLINGREA,EQ,160243,68110,42.50
20,1230,JUBLPHARMA,EQ,302816,120489,39.79
20,1231,JUNIORBEES,EQ,342093,229109,66.97
20,1232,JUNIPER,EQ,117604,84736,72.05
20,1233,JUSTDIAL,EQ,596301,173256,29.06
20,1234,JWL,EQ,6442507,1724776,26.77
20,1235,JYOTHYLAB,EQ,469895,261102,55.57
20,1236,JYOTICNC,EQ,147595,73736,49.96
20,1237,JYOTISTRUC,EQ,2300915,1657311,72.03
20,1238,K2INFRA,SM,42000,38400,91.43
20,1239,KABRAEXTRU,EQ,67830,34703,51.16
20,1240,KAJARIACER,EQ,102760,61911,60.25
20,1241,KAKATCEM,EQ,77904,30402,39.02
20,1242,KALAMANDIR,EQ,146137,67186,45.97
20,1243,KALYANIFRG,EQ,8010,5741,71.67
20,1244,KALYANKJIL,EQ,1364525,937279,68.69
20,1245,KAMATHOTEL,EQ,134941,72148,53.47
20,1246,KAMDHENU,EQ,758594,132964,17.53
20,1247,KAMOPAINTS,EQ,6095119,1830201,30.03
20,1248,KANANIIND,EQ,5517617,3013519,54.62
20,1249,KANDARP,SM,4000,4000,100.00
20,1250,KANORICHEM,EQ,46940,28474,60.66
20,1251,KANPRPLA,EQ,25434,15684,61.67
20,1252,KANSAINER,EQ,316904,224083,70.71
20,1253,KAPSTON,EQ,3825,2073,54.20
20,1254,KARMAENG,EQ,7977,5644,70.75
20,1255,KARNIKA,SM,400,400,100.00
20,1256,KARURVYSYA,EQ,1725266,675230,39.14
20,1257,KAUSHALYA,EQ,302,188,62.25
20,1258,KAYA,EQ,4081799,624817,15.31
20,1259,KAYNES,EQ,232940,96739,41.53
20,1260,KBCGLOBAL,EQ,10053988,6541381,65.06
20,1261,KCEIL,SM,51000,38000,74.51
20,1262,KCK,ST,6000,6000,100.00
20,1263,KCP,EQ,1104981,475530,43.04
20,1264,KCPSUGIND,EQ,7948255,2292956,28.85
20,1265,KDDL,EQ,16714,7423,44.41
20,1266,KDL,SM,33500,25400,75.82
20,1267,KEC,EQ,1736259,484015,27.88
20,1268,KECL,EQ,423880,192009,45.30
20,1269,KEI,EQ,488106,179213,36.72
20,1270,KEL,SM,14400,10800,75.00
20,1271,KELLTONTEC,EQ,1101565,495529,44.98
20,1272,KERNEX,EQ,99016,69859,70.55
20,1273,KESORAMIND,EQ,858228,377011,43.93
20,1274,KFINTECH,EQ,269466,156799,58.19
20,1275,KHADIM,EQ,16547,9112,55.07
20,1276,KHAICHEM,EQ,401540,133069,33.14
20,1277,KHAITANLTD,EQ,16790,10665,63.52
20,1278,KHANDSE,EQ,7689,3023,39.32
20,1279,KHFM,SM,34100,18600,54.55
20,1280,KICL,EQ,4659,2089,44.84
20,1281,KILITCH,EQ,5820,3994,68.63
20,1282,KIMS,EQ,88516,33166,37.47
20,1283,KINGFA,EQ,15382,10263,66.72
20,1284,KIOCL,EQ,3237029,546995,16.90
20,1285,KIRIINDUS,EQ,250902,94329,37.60
20,1286,KIRLOSBROS,EQ,133423,47659,35.72
20,1287,KIRLOSENG,EQ,158174,106048,67.05
20,1288,KIRLOSIND,EQ,5115,2058,40.23
20,1289,KIRLPNU,EQ,611048,287918,47.12
20,1290,KITEX,EQ,140209,68933,49.16
20,1291,KKCL,EQ,90366,47068,52.09
20,1292,KLL,SM,33600,27200,80.95
20,1293,KMSUGAR,EQ,10181473,2350049,23.08
20,1294,KNAGRI,SM,128000,106400,83.13
20,1295,KNRCON,EQ,2901955,983093,33.88
20,1296,KODYTECH,SM,14600,12700,86.99
20,1297,KOHINOOR,EQ,185981,107635,57.87
20,1298,KOKUYOCMLN,EQ,228864,130546,57.04
20,1299,KOLTEPATIL,EQ,314878,157326,49.96
20,1300,KONSTELEC,SM,58000,44000,75.86
20,1301,KONTOR,SM,85200,55200,64.79
20,1302,KOPRAN,EQ,2416306,825770,34.17
20,1303,KORE,SM,13500,9500,70.37
20,1304,KOTAKBANK,EQ,6016145,4569721,75.96
20,1305,KOTARISUG,EQ,2575612,862448,33.49
20,1306,KOTHARIPET,EQ,47491,29304,61.70
20,1307,KOTHARIPRO,EQ,15416,8543,55.42
20,1308,KOTYARK,SM,23800,17500,73.53
20,1309,KPIGREEN,EQ,194068,118774,61.20
20,1310,KPIL,EQ,142466,74372,52.20
20,1311,KPITTECH,EQ,1067007,399826,37.47
20,1312,KPRMILL,EQ,225630,107144,47.49
20,1313,KRBL,EQ,1488759,1083073,72.75
20,1314,KREBSBIO,EQ,24052,12670,52.68
20,1315,KRISHANA,EQ,57755,33648,58.26
20,1316,KRISHCA,SM,302500,158500,52.40
20,1317,KRISHNADEF,SM,40000,21000,52.50
20,1318,KRITI,EQ,2020383,669439,33.13
20,1319,KRITIKA,EQ,654624,453093,69.21
20,1320,KRITINUT,EQ,164988,95034,57.60
20,1321,KRSNAA,EQ,397066,155413,39.14
20,1322,KRYSTAL,EQ,39664,18330,46.21
20,1323,KSB,EQ,17597,8575,48.73
20,1324,KSCL,EQ,464370,155570,33.50
20,1325,KSHITIJPOL,EQ,3020530,1801847,59.65
20,1326,KSL,EQ,27439,14671,53.47
20,1327,KSOLVES,EQ,35887,17276,48.14
20,1328,KTKBANK,EQ,936840,545010,58.18
20,1329,KTL,SM,24000,18000,75.00
20,1330,KUANTUM,EQ,98180,60607,61.73
20,1331,LAL,EQ,22383,14840,66.30
20,1332,LALPATHLAB,EQ,428217,255764,59.73
20,1333,LAMBODHARA,EQ,161818,75572,46.70
20,1334,LANCORHOL,EQ,100802,66875,66.34
20,1335,LANDMARK,EQ,114106,83688,73.34
20,1336,LAOPALA,EQ,106444,52524,49.34
20,1337,LASA,EQ,52188,31302,59.98
20,1338,LAURUSLABS,EQ,1295787,318151,24.55
20,1339,LAWSIKHO,SM,42000,29000,69.05
20,1340,LAXMICOT,EQ,258752,166865,64.49
20,1341,LAXMIMACH,EQ,5013,3932,78.44
20,1342,LEMERITE,SM,76800,56000,72.92
20,1343,LEMONTREE,EQ,1502857,744576,49.54
20,1344,LEXUS,EQ,23993,16606,69.21
20,1345,LFIC,EQ,4647,2340,50.36
20,1346,LGBBROSLTD,EQ,34874,20861,59.82
20,1347,LGBFORGE,EQ,139129,104443,75.07
20,1348,LIBAS,EQ,86768,52790,60.84
20,1349,LIBERTSHOE,EQ,76959,39951,51.91
20,1350,LICHSGFIN,EQ,4302152,1894516,44.04
20,1351,LICI,EQ,1570380,645762,41.12
20,1352,LICMFGOLD,EQ,121,61,50.41
20,1353,LICNETFGSC,EQ,12324,12191,98.92
20,1354,LICNETFN50,EQ,276,212,76.81
20,1355,LICNETFSEN,EQ,246,244,99.19
20,1356,LICNFNHGP,EQ,1602,920,57.43
20,1357,LICNMID100,EQ,13600,8212,60.38
20,1358,LIKHITHA,EQ,467440,227629,48.70
20,1359,LINC,EQ,13274,8207,61.83
20,1360,LINCOLN,EQ,27696,15261,55.10
20,1361,LINDEINDIA,EQ,191732,70049,36.53
20,1362,LIQUID,EQ,53816,45330,84.23
20,1363,LIQUID1,EQ,3714,3709,99.87
20,1364,LIQUIDADD,EQ,163866,146426,89.36
20,1365,LIQUIDBEES,EQ,2615514,1813675,69.34
20,1366,LIQUIDBETF,EQ,445,285,64.04
20,1367,LIQUIDCASE,EQ,4635683,3303194,71.26
20,1368,LIQUIDETF,EQ,376119,307776,81.83
20,1369,LIQUIDIETF,EQ,1555588,1237386,79.54
20,1370,LIQUIDSBI,EQ,1055,999,94.69
20,1371,LLOYDS,SM,8000,8000,100.00
20,1372,LLOYDSENGG,EQ,19567439,6729098,34.39
20,1373,LLOYDSME,EQ,104288,64938,62.27
20,1374,LODHA,EQ,1859278,959200,51.59
20,1375,LOTUSEYE,EQ,20796,16505,79.37
20,1376,LOVABLE,EQ,43607,22839,52.37
20,1377,LOWVOL,EQ,706,650,92.07
20,1378,LOWVOL1,EQ,76060,58573,77.01
20,1379,LOWVOLIETF,EQ,368616,259169,70.31
20,1380,LOYALTEX,EQ,4003,3119,77.92
20,1381,LPDC,EQ,649089,331780,51.11
20,1382,LRRPL,SM,3000,3000,100.00
20,1383,LT,EQ,2965500,1558091,52.54
20,1384,LTF,EQ,47333091,17284588,36.52
20,1385,LTFOODS,EQ,1960493,960927,49.01
20,1386,LTGILTBEES,EQ,1044466,891003,85.31
20,1387,LTIM,EQ,739500,299197,40.46
20,1388,LTTS,EQ,156208,65791,42.12
20,1389,LUMAXIND,EQ,41328,23247,56.25
20,1390,LUMAXTECH,EQ,554421,272527,49.16
20,1391,LUPIN,EQ,614981,337447,54.87
20,1392,LUXIND,EQ,28213,14954,53.00
20,1393,LXCHEM,EQ,1391399,613348,44.08
20,1394,LYKALABS,EQ,65334,42609,65.22
20,1395,LYPSAGEMS,EQ,38539,21826,56.63
20,1396,MAANALU,EQ,84414,47146,55.85
20,1397,MADHAVBAUG,SM,10400,9600,92.31
20,1398,MADHUSUDAN,SM,42000,27000,64.29
20,1399,MADRASFERT,EQ,1033048,257121,24.89
20,1400,MAFANG,EQ,536821,342289,63.76
20,1401,MAGADSUGAR,EQ,152645,50932,33.37
20,1402,MAGNUM,EQ,150647,114283,75.86
20,1403,MAGSON,SM,4000,4000,100.00
20,1404,MAHABANK,EQ,12542601,5015558,39.99
20,1405,MAHAPEXLTD,EQ,45497,34601,76.05
20,1406,MAHASTEEL,EQ,19725,12395,62.84
20,1407,MAHEPC,EQ,983631,412580,41.94
20,1408,MAHESHWARI,EQ,21165,13435,63.48
20,1409,MAHICKRA,SM,5250,5250,100.00
20,1410,MAHKTECH,EQ,519444,437890,84.30
20,1411,MAHLIFE,EQ,190768,114709,60.13
20,1412,MAHLOG,EQ,156829,70412,44.90
20,1413,MAHSCOOTER,EQ,16748,7825,46.72
20,1414,MAHSEAMLES,EQ,228026,130334,57.16
20,1415,MAITHANALL,EQ,89964,50972,56.66
20,1416,MAITREYA,SM,3200,3200,100.00
20,1417,MAKEINDIA,EQ,95576,86044,90.03
20,1418,MAL,SM,33600,25600,76.19
20,1419,MALLCOM,EQ,5138,3312,64.46
20,1420,MANAKALUCO,EQ,274004,158535,57.86
20,1421,MANAKSIA,EQ,128192,87016,67.88
20,1422,MANALIPETC,EQ,1492123,618620,41.46
20,1423,MANAPPURAM,EQ,10656672,6124432,57.47
20,1424,MANAV,SM,4000,4000,100.00
20,1425,MANDEEP,SM,50000,44000,88.00
20,1426,MANGALAM,EQ,38765,26276,67.78
20,1427,MANGCHEFER,EQ,296411,140449,47.38
20,1428,MANGLMCEM,EQ,55964,33972,60.70
20,1429,MANINDS,EQ,877580,532785,60.71
20,1430,MANINFRA,EQ,442753,171914,38.83
20,1431,MANKIND,EQ,1038935,732396,70.49
20,1432,MANOMAY,EQ,1216,958,78.78
20,1433,MANUGRAPH,EQ,45904,25841,56.29
20,1434,MANYAVAR,EQ,282572,225731,79.88
20,1435,MAPMYINDIA,EQ,46220,27077,58.58
20,1436,MARALOVER,EQ,74194,31440,42.38
20,1437,MARATHON,EQ,418355,293809,70.23
20,1438,MARCO,SM,24000,21000,87.50
20,1439,MARICO,EQ,13174925,7754708,58.86
20,1440,MARINE,EQ,2911487,1430105,49.12
20,1441,MARINETRAN,SM,4000,4000,100.00
20,1442,MARKSANS,EQ,885980,562517,63.49
20,1443,MARUTI,EQ,297240,164586,55.37
20,1444,MASFIN,EQ,286990,136424,47.54
20,1445,MASKINVEST,EQ,815,815,100.00
20,1446,MASPTOP50,EQ,471200,189183,40.15
20,1447,MASTEK,EQ,50980,18043,35.39
20,1448,MASTER,SM,8000,5000,62.50
20,1449,MATRIMONY,EQ,405600,346952,85.54
20,1450,MAWANASUG,EQ,3957903,1126729,28.47
20,1451,MAXESTATES,EQ,438196,195313,44.57
20,1452,MAXHEALTH,EQ,3746631,1816233,48.48
20,1453,MAXIND,EQ,48290,31766,65.78
20,1454,MAXPOSURE,SM,20000,16000,80.00
20,1455,MAYURUNIQ,EQ,188319,105962,56.27
20,1456,MAZDA,EQ,5532,2898,52.39
20,1457,MAZDOCK,EQ,4287321,1018482,23.76
20,1458,MBAPL,EQ,35068,30383,86.64
20,1459,MBLINFRA,EQ,2839787,1239698,43.65
20,1460,MCL,EQ,29040,18181,62.61
20,1461,MCLEODRUSS,EQ,964240,721744,74.85
20,1462,MCON,SM,9000,7000,77.78
20,1463,MCX,EQ,579644,170684,29.45
20,1464,MDL,SM,4000,4000,100.00
20,1465,MEDANTA,EQ,308323,168034,54.50
20,1466,MEDIASSIST,EQ,408041,222662,54.57
20,1467,MEDICAMEQ,EQ,13431,3549,26.42
20,1468,MEDPLUS,EQ,45727,23729,51.89
20,1469,MEGAFLEX,SM,6000,6000,100.00
20,1470,MEGASOFT,EQ,150835,107909,71.54
20,1471,MEGASTAR,EQ,5793,4076,70.36
20,1472,MEGATHERM,SM,514000,265200,51.60
20,1473,MENONBE,EQ,48020,28758,59.89
20,1474,METROBRAND,EQ,202493,183731,90.73
20,1475,METROPOLIS,EQ,342232,140501,41.05
20,1476,MFSL,EQ,3054699,1559762,51.06
20,1477,MGEL,EQ,215760,141067,65.38
20,1478,MGL,EQ,486413,179496,36.90
20,1479,MHHL,SM,4500,4500,100.00
20,1480,MHLXMIRU,EQ,12831,7311,56.98
20,1481,MHRIL,EQ,262185,161327,61.53
20,1482,MICEL,EQ,696299,429745,61.72
20,1483,MICROPRO,SM,14400,9600,66.67
20,1484,MID150BEES,EQ,429649,273652,63.69
20,1485,MIDCAP,EQ,31568,21629,68.52
20,1486,MIDCAPETF,EQ,1191773,921522,77.32
20,1487,MIDCAPIETF,EQ,467928,323240,69.08
20,1488,MIDHANI,EQ,1081703,385821,35.67
20,1489,MIDQ50ADD,EQ,3134,2361,75.34
20,1490,MIDSELIETF,EQ,240300,147458,61.36
20,1491,MIDSMALL,EQ,878256,843253,96.01
20,1492,MILTON,SM,17600,17600,100.00
20,1493,MINDACORP,EQ,1303506,982229,75.35
20,1494,MINDSPACE,RR,161437,130643,80.93
20,1495,MINDTECK,EQ,314614,148980,47.35
20,1496,MIRCELECTR,EQ,1920325,723953,37.70
20,1497,MIRZAINT,EQ,183988,119108,64.74
20,1498,MITCON,EQ,103226,62863,60.90
20,1499,MITTAL,EQ,4377027,2417245,55.23
20,1500,M&M,EQ,2492637,1215627,48.77
20,1501,M&MFIN,EQ,3812916,1801873,47.26
20,1502,M&MFIN,N3,251,251,100.00
20,1503,MMFL,EQ,44264,25452,57.50
20,1504,MMP,EQ,16939,9772,57.69
20,1505,MMTC,EQ,5160479,1884074,36.51
20,1506,MNC,EQ,47079,29790,63.28
20,1507,MOGSEC,EQ,1450,1443,99.52
20,1508,MOHEALTH,EQ,63939,50196,78.51
20,1509,MOHITIND,EQ,49971,38117,76.28
20,1510,MOIL,EQ,1992889,665693,33.40
20,1511,MOL,EQ,880101,396465,45.05
20,1512,MOLDTECH,EQ,268727,123461,45.94
20,1513,MOLDTKPAC,EQ,56054,33058,58.98
20,1514,MOLOWVOL,EQ,47382,45516,96.06
20,1515,MOM100,EQ,692603,528499,76.31
20,1516,MOM30IETF,EQ,1097361,653331,59.54
20,1517,MOM50,EQ,7214,4931,68.35
20,1518,MOMENTUM,EQ,89330,65758,73.61
20,1519,MOMOMENTUM,EQ,148881,92463,62.11
20,1520,MON100,EQ,544602,339587,62.36
20,1521,MONARCH,EQ,24176,14645,60.58
20,1522,MONIFTY500,EQ,259480,203566,78.45
20,1523,MONOPHARMA,SM,4000,4000,100.00
20,1524,MONQ50,EQ,36688,25181,68.64
20,1525,MONTECARLO,EQ,68607,43625,63.59
20,1526,MOQUALITY,EQ,5035,4706,93.47
20,1527,MOREALTY,EQ,188185,148386,78.85
20,1528,MOREPENLAB,EQ,10289023,3324580,32.31
20,1529,MOS,SM,46400,30400,65.52
20,1530,MOSMALL250,EQ,436805,360777,82.59
20,1531,MOTHERSON,EQ,17681430,7653671,43.29
20,1532,MOTILALOFS,EQ,346073,216117,62.45
20,1533,MOTISONS,EQ,146935,85909,58.47
20,1534,MOTOGENFIN,EQ,283101,146508,51.75
20,1535,MOVALUE,EQ,146011,122223,83.71
20,1536,MPHASIS,EQ,3107850,2092376,67.33
20,1537,MPSLTD,EQ,19158,12585,65.69
20,1538,MPTODAY,SM,4000,4000,100.00
20,1539,MRF,EQ,2995,1064,35.53
20,1540,MRPL,EQ,3644046,1378155,37.82
20,1541,MSPL,EQ,787842,501104,63.60
20,1542,MSTCLTD,EQ,309822,151146,48.78
20,1543,MSUMI,EQ,41475778,17376744,41.90
20,1544,MTARTECH,EQ,270530,134730,49.80
20,1545,MTNL,EQ,6524515,2206636,33.82
20,1546,MUFIN,EQ,167915,90323,53.79
20,1547,MUFTI,EQ,431441,206974,47.97
20,1548,MUKANDLTD,EQ,374422,174660,46.65
20,1549,MUKKA,EQ,671924,336114,50.02
20,1550,MUKTAARTS,EQ,93458,29115,31.15
20,1551,MUNJALAU,EQ,105042,65396,62.26
20,1552,MUNJALSHOW,EQ,77076,44653,57.93
20,1553,MURUDCERA,EQ,91347,42182,46.18
20,1554,MUTHOOTCAP,EQ,19162,11282,58.88
20,1555,MUTHOOTFIN,EQ,441208,229817,52.09
20,1556,MUTHOOTMF,EQ,370069,202709,54.78
20,1557,MVGJL,EQ,40489,25335,62.57
20,1558,MVKAGRO,SM,46800,37200,79.49
20,1559,MWL,SM,55200,30000,54.35
20,1560,NACLIND,EQ,284421,149674,52.62
20,1561,NAGAFERT,EQ,8312996,4891331,58.84
20,1562,NAGREEKCAP,EQ,8011,4940,61.67
20,1563,NAGREEKEXP,EQ,49743,33022,66.39
20,1564,NAHARCAP,EQ,23162,13978,60.35
20,1565,NAHARINDUS,EQ,98537,63053,63.99
20,1566,NAHARPOLY,EQ,40611,24286,59.80
20,1567,NAHARSPING,EQ,31130,14865,47.75
20,1568,NAMAN,SM,20800,17600,84.62
20,1569,NAM-INDIA,EQ,1345217,924047,68.69
20,1570,NATCOPHARM,EQ,630039,330177,52.41
20,1571,NATHBIOGEN,EQ,43835,25859,58.99
20,1572,NATIONALUM,EQ,9905480,3951613,39.89
20,1573,NAUKRI,EQ,223143,119291,53.46
20,1574,NAVA,EQ,224021,140731,62.82
20,1575,NAVINFLUOR,EQ,241256,116743,48.39
20,1576,NAVINIFTY,EQ,1490,1251,83.96
20,1577,NAVKARCORP,EQ,457902,189076,41.29
20,1578,NAVNETEDUL,EQ,510913,262680,51.41
20,1579,NAZARA,EQ,567990,181273,31.91
20,1580,NBCC,EQ,25250943,9542104,37.79
20,1581,NBIFIN,EQ,384,303,78.91
20,1582,NCC,EQ,4106643,1884131,45.88
20,1583,NCLIND,EQ,2959865,818898,27.67
20,1584,NDGL,EQ,121,113,93.39
20,1585,NDL,EQ,2781585,1623495,58.37
20,1586,NDLVENTURE,EQ,13923,10336,74.24
20,1587,NDRAUTO,EQ,8527,5649,66.25
20,1588,NDTV,EQ,309317,139438,45.08
20,1589,NECCLTD,EQ,687181,391127,56.92
20,1590,NECLIFE,EQ,240092,139659,58.17
20,1591,NELCAST,EQ,36012,18960,52.65
20,1592,NELCO,EQ,581721,228827,39.34
20,1593,NEOGEN,EQ,69366,42383,61.10
20,1594,NESCO,EQ,809467,240824,29.75
20,1595,NESTLEIND,EQ,1081272,396043,36.63
20,1596,NETF,EQ,2636,1978,75.04
20,1597,NETWEB,EQ,116887,52507,44.92
20,1598,NETWORK18,EQ,1426492,763426,53.52
20,1599,NEULANDLAB,EQ,48842,32793,67.14
20,1600,NEWGEN,EQ,97976,61645,62.92
20,1601,NEWJAISA,SM,27000,15000,55.56
20,1602,NEXT50,EQ,6862,5848,85.22
20,1603,NEXT50IETF,EQ,301846,172305,57.08
20,1604,NEXTMEDIA,EQ,5669,4700,82.91
20,1605,NFL,EQ,11527145,2545032,22.08
20,1606,NGIL,EQ,470057,119060,25.33
20,1607,NGLFINE,EQ,2654,1491,56.18
20,1608,NH,EQ,442363,312524,70.65
20,1609,NHIT,IV,1800000,1800000,100.00
20,1610,NHPC,EQ,42052456,15766436,37.49
20,1611,NIACL,EQ,2609499,712398,27.30
20,1612,NIBL,EQ,34207,15769,46.10
20,1613,NIDAN,SM,10000,9000,90.00
20,1614,NIDOZC26,N7,8,8,100.00
20,1615,NIF100BEES,EQ,14108,9412,66.71
20,1616,NIF100IETF,EQ,485390,405855,83.61
20,1617,NIF10GETF,EQ,1153,794,68.86
20,1618,NIF5GETF,EQ,93,73,78.49
20,1619,NIFITETF,EQ,10488,4035,38.47
20,1620,NIFMID150,EQ,698,686,98.28
20,1621,NIFTY1,EQ,24717,17210,69.63
20,1622,NIFTY50ADD,EQ,10715,7521,70.19
20,1623,NIFTYBEES,EQ,3390549,2297117,67.75
20,1624,NIFTYBETF,EQ,1286,1073,83.44
20,1625,NIFTYETF,EQ,782263,760037,97.16
20,1626,NIFTYIETF,EQ,145387,87485,60.17
20,1627,NIFTYQLITY,EQ,38584,27261,70.65
20,1628,NIITLTD,EQ,330474,139635,42.25
20,1629,NIITMTS,EQ,249915,213939,85.60
20,1630,NILAINFRA,EQ,1047820,701311,66.93
20,1631,NILKAMAL,EQ,4894,2983,60.95
20,1632,NINSYS,EQ,8029,5222,65.04
20,1633,NIPPOBATRY,EQ,8569,4632,54.06
20,1634,NIRAJ,EQ,72343,53097,73.40
20,1635,NIRMAN,SM,28200,19800,70.21
20,1636,NITINSPIN,EQ,80153,43123,53.80
20,1637,NKIND,EQ,12316,200,1.62
20,1638,NLCINDIA,EQ,2104101,826488,39.28
20,1639,NMDC,EQ,8338914,3428548,41.12
20,1640,NOCIL,EQ,725215,302843,41.76
20,1641,NORBTEAEXP,EQ,3532,3176,89.92
20,1642,NOVAAGRI,EQ,988616,581881,58.86
20,1643,NPBET,EQ,6948,6607,95.09
20,1644,NPST,SM,24800,16400,66.13
20,1645,NRAIL,EQ,4307,2665,61.88
20,1646,NRBBEARING,EQ,238815,118799,49.75
20,1647,NRL,EQ,76237,44463,58.32
20,1648,NSIL,EQ,4898,2641,53.92
20,1649,NSLNISP,EQ,7719982,2574955,33.35
20,1650,NTPC,EQ,11243702,6570216,58.43
20,1651,NUCLEUS,EQ,47144,18546,39.34
20,1652,NURECA,EQ,40327,23877,59.21
20,1653,NUVAMA,EQ,48927,30745,62.84
20,1654,NUVOCO,EQ,437277,208349,47.65
20,1655,NV20,EQ,12516,7394,59.08
20,1656,NV20BEES,EQ,27071,22847,84.40
20,1657,NV20IETF,EQ,369172,204372,55.36
20,1658,NXST,RR,306301,288604,94.22
20,1659,NYKAA,EQ,3206622,1715298,53.49
20,1660,OAL,EQ,35432,20395,57.56
20,1661,OBCL,EQ,39826,15814,39.71
20,1662,OBEROIRLTY,EQ,1264291,820557,64.90
20,1663,OCCL,EQ,57996,37320,64.35
20,1664,OFSS,EQ,2375475,253496,10.67
20,1665,OIL,EQ,6651960,2230118,33.53
20,1666,OLECTRA,EQ,529217,260036,49.14
20,1667,OLIL,SM,1200,1200,100.00
20,1668,OMAXE,EQ,164032,106945,65.20
20,1669,OMFURN,SM,12000,12000,100.00
20,1670,OMINFRAL,EQ,3276890,1483810,45.28
20,1671,ONDOOR,SM,58800,35400,60.20
20,1672,ONEPOINT,EQ,769297,450954,58.62
20,1673,ONGC,EQ,16013386,7525104,46.99
20,1674,ONMOBILE,EQ,1355659,512580,37.81
20,1675,ONWARDTEC,EQ,102281,48207,47.13
20,1676,OPTIEMUS,EQ,168952,83662,49.52
20,1677,ORBTEXP,EQ,51641,34304,66.43
20,1678,ORCHPHARMA,EQ,40214,27333,67.97
20,1679,ORIANA,SM,173250,73650,42.51
20,1680,ORICONENT,EQ,301482,173732,57.63
20,1681,ORIENTALTL,EQ,195127,113148,57.99
20,1682,ORIENTBELL,EQ,39360,23370,59.38
20,1683,ORIENTCEM,EQ,1693379,848059,50.08
20,1684,ORIENTCER,EQ,739424,337473,45.64
20,1685,ORIENTELEC,EQ,431299,245380,56.89
20,1686,ORIENTHOT,EQ,174165,72207,41.46
20,1687,ORIENTLTD,EQ,51472,27833,54.07
20,1688,ORIENTPPR,EQ,9105138,2570683,28.23
20,1689,ORISSAMINE,EQ,19134,8234,43.03
20,1690,ORTINLAB,EQ,52671,34387,65.29
20,1691,OSWALAGRO,EQ,90572,61077,67.43
20,1692,OSWALGREEN,EQ,347412,201341,57.95
20,1693,OWAIS,SM,62400,36800,58.97
20,1694,PAGEIND,EQ,9557,3496,36.58
20,1695,PAISALO,EQ,6272356,3251074,51.83
20,1696,PAKKA,EQ,346106,117270,33.88
20,1697,PALASHSECU,EQ,6899,2399,34.77
20,1698,PANACEABIO,EQ,137886,108919,78.99
20,1699,PANACHE,EQ,336607,154069,45.77
20,1700,PANAMAPET,EQ,84251,47212,56.04
20,1701,PANSARI,EQ,10316,6741,65.35
20,1702,PAR,EQ,20912,14999,71.72
20,1703,PARADEEP,EQ,2779741,863255,31.06
20,1704,PARAGMILK,EQ,415421,208439,50.18
20,1705,PARAGON,SM,21600,14400,66.67
20,1706,PARAS,EQ,6308244,1016885,16.12
20,1707,PARIN,SM,1000,1000,100.00
20,1708,PARKHOTELS,EQ,160667,89846,55.92
20,1709,PARSVNATH,EQ,546529,405134,74.13
20,1710,PARTYCRUS,SM,8000,7000,87.50
20,1711,PASHUPATI,SM,29600,24000,81.08
20,1712,PASUPTAC,EQ,228305,141386,61.93
20,1713,PATANJALI,EQ,586732,244192,41.62
20,1714,PATELENG,EQ,14823200,6482474,43.73
20,1715,PATINTLOG,EQ,222579,122618,55.09
20,1716,PATTECH,ST,18000,18000,100.00
20,1717,PAVNAIND,EQ,3606,2106,58.40
20,1718,PAYTM,EQ,16454024,6239832,37.92
20,1719,PCBL,EQ,2138672,1061056,49.61
20,1720,PCJEWELLER,EQ,1996565,1104493,55.32
20,1721,PDMJEPAPER,EQ,747329,263211,35.22
20,1722,PDSL,EQ,184356,91407,49.58
20,1723,PEL,EQ,1919632,707693,36.87
20,1724,PENIND,EQ,2096040,886537,42.30
20,1725,PENINLAND,EQ,2406239,792394,32.93
20,1726,PENTAGON,SM,16000,14000,87.50
20,1727,PERFECT,SM,69000,48000,69.57
20,1728,PERSISTENT,EQ,493209,288480,58.49
20,1729,PETRONET,EQ,3614983,1380046,38.18
20,1730,PFC,EQ,22583735,10145117,44.92
20,1731,PFIZER,EQ,7243,4416,60.97
20,1732,PFOCUS,EQ,51179,26419,51.62
20,1733,PFS,EQ,1361842,694414,50.99
20,1734,PGEL,EQ,147743,69873,47.29
20,1735,PGHH,EQ,5270,2279,43.24
20,1736,PGHL,EQ,9990,6420,64.26
20,1737,PGIL,EQ,10533,5515,52.36
20,1738,PGINVIT,IV,512298,450312,87.90
20,1739,PHANTOMFX,SM,40800,32400,79.41
20,1740,PHARMABEES,EQ,4065847,3470862,85.37
20,1741,PHOENIXLTD,EQ,259774,142725,54.94
20,1742,PIDILITIND,EQ,671337,475431,70.82
20,1743,PIIND,EQ,149504,88142,58.96
20,1744,PILANIINVS,EQ,3912,2541,64.95
20,1745,PILITA,EQ,416962,199927,47.95
20,1746,PIONEEREMB,EQ,34907,16251,46.56
20,1747,PITTIENG,EQ,73899,40304,54.54
20,1748,PIXTRANS,EQ,17756,9567,53.88
20,1749,PKTEA,EQ,999,741,74.17
20,1750,PLADAINFO,SM,12000,9000,75.00
20,1751,PLASTIBLEN,EQ,31663,17799,56.21
20,1752,PLATIND,EQ,94227,34646,36.77
20,1753,PLAZACABLE,EQ,65582,43525,66.37
20,1754,PNB,EQ,23810879,10092200,42.38
20,1755,PNBGILTS,EQ,574597,209652,36.49
20,1756,PNBHOUSING,EQ,1187144,522926,44.05
20,1757,PNC,EQ,51422,29012,56.42
20,1758,PNCINFRA,EQ,1733400,862425,49.75
20,1759,POCL,EQ,31476,14848,47.17
20,1760,PODDARMENT,EQ,6472,3970,61.34
20,1761,POKARNA,EQ,95215,41115,43.18
20,1762,POLICYBZR,EQ,546196,284616,52.11
20,1763,POLYCAB,EQ,378833,181032,47.79
20,1764,POLYMED,EQ,46373,28906,62.33
20,1765,POLYPLEX,EQ,108202,55253,51.06
20,1766,POLYSIL,SM,28000,26000,92.86
20,1767,PONNIERODE,EQ,779631,309010,39.64
20,1768,POONAWALLA,EQ,1508922,874153,57.93
20,1769,POWERGRID,EQ,11756503,6252923,53.19
20,1770,POWERINDIA,EQ,79906,36085,45.16
20,1771,POWERMECH,EQ,575855,407642,70.79
20,1772,PPAP,EQ,10515,5871,55.83
20,1773,PPL,EQ,188085,99938,53.13
20,1774,PPLPHARMA,EQ,1708373,732106,42.85
20,1775,PRAJIND,EQ,7784558,1786794,22.95
20,1776,PRAKASH,EQ,487448,240095,49.26
20,1777,PRAMARA,SM,2000,2000,100.00
20,1778,PRATHAM,SM,56000,40000,71.43
20,1779,PRECAM,EQ,156257,96619,61.83
20,1780,PRECISION,SM,42000,40000,95.24
20,1781,PRECOT,EQ,14476,12768,88.20
20,1782,PRECWIRE,EQ,471916,173506,36.77
20,1783,PREMEXPLN,EQ,177259,74034,41.77
20,1784,PREMIERPOL,EQ,742632,242844,32.70
20,1785,PRESSTONIC,SM,39200,15200,38.78
20,1786,PRESTIGE,EQ,1025720,442737,43.16
20,1787,PRICOLLTD,EQ,227111,110282,48.56
20,1788,PRIMESECU,EQ,18933,11198,59.15
20,1789,PRINCEPIPE,EQ,487443,190802,39.14
20,1790,PRITI,EQ,29218,20591,70.47
20,1791,PRITIKA,SM,20000,12000,60.00
20,1792,PRITIKAUTO,EQ,155478,90193,58.01
20,1793,PRIVISCL,EQ,49218,27333,55.53
20,1794,PRLIND,SM,926000,564000,60.91
20,1795,PROLIFE,SM,500,500,100.00
20,1796,PROPEQUITY,SM,10200,9000,88.24
20,1797,PROV,SM,160,160,100.00
20,1798,PROZONER,EQ,880968,383909,43.58
20,1799,PRSMJOHNSN,EQ,566977,458098,80.80
20,1800,PRUDENT,EQ,16242,7320,45.07
20,1801,PSB,EQ,3889105,1405566,36.14
20,1802,PSPPROJECT,EQ,53436,32831,61.44
20,1803,PSUBANK,EQ,28139,15194,54.00
20,1804,PSUBANKADD,EQ,14266,8227,57.67
20,1805,PSUBNKBEES,EQ,2743931,1637177,59.67
20,1806,PSUBNKIETF,EQ,262316,150232,57.27
20,1807,PTC,EQ,2156592,955160,44.29
20,1808,PTCIL,EQ,32297,14028,43.43
20,1809,PTL,EQ,121003,78020,64.48
20,1810,PULZ,SM,24000,17000,70.83
20,1811,PUNJABCHEM,EQ,9199,4173,45.36
20,1812,PURVFLEXI,SM,16000,11200,70.00
20,1813,PVP,EQ,985191,489436,49.68
20,1814,PVRINOX,EQ,548452,169488,30.90
20,1815,PVSL,EQ,382869,275707,72.01
20,1816,PVTBANIETF,EQ,884963,583600,65.95
20,1817,PVTBANKADD,EQ,107097,82710,77.23
20,1818,PYRAMID,EQ,239367,139127,58.12
20,1819,QFIL,SM,5000,4000,80.00
20,1820,QGOLDHALF,EQ,7892,6118,77.52
20,1821,QMSMEDI,SM,11000,8000,72.73
20,1822,QNIFTY,EQ,203,134,66.01
20,1823,QUADPRO,SM,12000,12000,100.00
20,1824,QUAL30IETF,EQ,202265,108878,53.83
20,1825,QUESS,EQ,241439,100140,41.48
20,1826,QUESTLAB,SM,67200,50400,75.00
20,1827,QUICKHEAL,EQ,65616,40074,61.07
20,1828,QUICKTOUCH,SM,13500,12000,88.89
20,1829,RACE,EQ,116407,68217,58.60
20,1830,RADHIKAJWE,EQ,375434,195280,52.01
20,1831,RADIANTCMS,EQ,137841,84842,61.55
20,1832,RADICO,EQ,171015,107914,63.10
20,1833,RADIOCITY,EQ,338906,179293,52.90
20,1834,RADIOCITY,P1,566,566,100.00
20,1835,RADIOWALLA,SM,14400,11200,77.78
20,1836,RAILTEL,EQ,3059841,1241043,40.56
20,1837,RAIN,EQ,1192448,501461,42.05
20,1838,RAINBOW,EQ,321529,130144,40.48
20,1839,RAJESHEXPO,EQ,250475,146135,58.34
20,1840,RAJRATAN,EQ,34894,17556,50.31
20,1841,RAJSREESUG,EQ,3085930,1151186,37.30
20,1842,RALLIS,EQ,900142,361555,40.17
20,1843,RAMANEWS,EQ,41243,26936,65.31
20,1844,RAMAPHO,EQ,16902,9011,53.31
20,1845,RAMASTEEL,EQ,3946282,2113992,53.57
20,1846,RAMCOCEM,EQ,2282389,1050271,46.02
20,1847,RAMCOIND,EQ,116536,60544,51.95
20,1848,RAMKY,EQ,81755,43815,53.59
20,1849,RAMRAT,EQ,60632,35822,59.08
20,1850,RANASUG,EQ,13749343,4760456,34.62
20,1851,RANEENGINE,EQ,4710,2503,53.14
20,1852,RANEHOLDIN,EQ,10374,6952,67.01
20,1853,RATEGAIN,EQ,578732,453061,78.29
20,1854,RATNAMANI,EQ,37842,20892,55.21
20,1855,RATNAVEER,EQ,183381,100135,54.60
20,1856,RAYMOND,EQ,108119,43889,40.59
20,1857,RBA,EQ,1124240,550516,48.97
20,1858,RBL,EQ,14587,6868,47.08
20,1859,RBLBANK,EQ,3479296,1035367,29.76
20,1860,RBMINFRA,SM,44000,35600,80.91
20,1861,RBS,SM,41600,35200,84.62
20,1862,RCDL,SM,15000,15000,100.00
20,1863,RCF,EQ,12508176,3206702,25.64
20,1864,RECLTD,EQ,15418171,4325257,28.05
20,1865,REDINGTON,EQ,1165197,627400,53.84
20,1866,REDTAPE,EQ,51596,19514,37.82
20,1867,REFEX,EQ,438170,203199,46.37
20,1868,REFRACTORY,SM,868000,348000,40.09
20,1869,RELAXO,EQ,62426,34759,55.68
20,1870,RELCHEMQ,EQ,31418,18799,59.84
20,1871,RELIABLE,SM,2400,2400,100.00
20,1872,RELIANCE,EQ,4590580,2387206,52.00
20,1873,RELIGARE,EQ,501172,310549,61.96
20,1874,RELINFRA,EQ,12730373,4758926,37.38
20,1875,REMSONSIND,EQ,12443,7704,61.91
20,1876,REMUS,SM,4400,2400,54.55
20,1877,RENUKA,EQ,216617224,29336892,13.54
20,1878,REPCOHOME,EQ,536121,222022,41.41
20,1879,REPL,EQ,59141,26006,43.97
20,1880,REPRO,EQ,15826,9539,60.27
20,1881,RESPONIND,EQ,271950,51400,18.90
20,1882,REXPIPES,SM,4000,4000,100.00
20,1883,RGL,EQ,87755,24964,28.45
20,1884,RHIM,EQ,61223,33158,54.16
20,1885,RHL,EQ,11394,2133,18.72
20,1886,RICHA,SM,3000,1000,33.33
20,1887,RICOAUTO,EQ,845053,333871,39.51
20,1888,RIIL,EQ,928959,184427,19.85
20,1889,RILINFRA,SM,85500,76700,89.71
20,1890,RISHABH,EQ,89356,50409,56.41
20,1891,RITCO,EQ,124047,51809,41.77
20,1892,RITES,EQ,898471,299641,33.35
20,1893,RITEZONE,SM,9600,4800,50.00
20,1894,RKDL,EQ,37266,19247,51.65
20,1895,RKEC,EQ,610975,250987,41.08
20,1896,RKFORGE,EQ,479574,293367,61.17
20,1897,RKSWAMY,EQ,55309,32578,58.90
20,1898,RMDRIP,SM,10000,8000,80.00
20,1899,RML,EQ,11973,5960,49.78
20,1900,ROCKINGDCE,SM,81750,42750,52.29
20,1901,ROHLTD,EQ,111169,47838,43.03
20,1902,ROLEXRINGS,EQ,15850,6596,41.62
20,1903,ROSSARI,EQ,381384,160413,42.06
20,1904,ROSSELLIND,EQ,80250,29510,36.77
20,1905,ROTO,EQ,376541,165395,43.92
20,1906,ROUTE,EQ,30063,15560,51.76
20,1907,ROXHITECH,SM,20800,17600,84.62
20,1908,RPGLIFE,EQ,9363,5132,54.81
20,1909,RPOWER,EQ,199703725,82454843,41.29
20,1910,RPPL,EQ,347036,221425,63.80
20,1911,RPSGVENT,EQ,48213,28193,58.48
20,1912,RPTECH,EQ,208606,141404,67.79
20,1913,RRKABEL,EQ,94219,43453,46.12
20,1914,RSWM,EQ,111102,67167,60.46
20,1915,RSYSTEMS,EQ,1619616,619584,38.25
20,1916,RTNINDIA,EQ,2239726,783478,34.98
20,1917,RUBYMILLS,EQ,135282,49108,36.30
20,1918,RUCHINFRA,EQ,204928,160055,78.10
20,1919,RUCHIRA,EQ,117901,51039,43.29
20,1920,RULKA,SM,109200,73800,67.58
20,1921,RUPA,EQ,418532,212401,50.75
20,1922,RUSHIL,EQ,45808,26932,58.79
20,1923,RUSTOMJEE,EQ,15034,7662,50.96
20,1924,RVHL,EQ,13102,7601,58.01
20,1925,RVNL,EQ,15383097,4728375,30.74
20,1926,SAAKSHI,SM,24000,22800,95.00
20,1927,SABAR,SM,100000,70000,70.00
20,1928,SADBHIN,EQ,252580,183607,72.69
20,1929,SADHAV,SM,88800,50400,56.76
20,1930,SADHNANIQ,EQ,324402,159038,49.02
20,1931,SAFARI,EQ,36981,25709,69.52
20,1932,SAGARDEEP,EQ,13131,8104,61.72
20,1933,SAGCEM,EQ,230729,110220,47.77
20,1934,SAH,EQ,28916,8691,30.06
20,1935,SAHANA,SM,48750,30000,61.54
20,1936,SAHYADRI,EQ,14124,7513,53.19
20,1937,SAIFL,SM,10400,8000,76.92
20,1938,SAIL,EQ,17125245,7182218,41.94
20,1939,SAKAR,EQ,14485,9488,65.50
20,1940,SAKHTISUG,EQ,6844242,1900659,27.77
20,1941,SAKSOFT,EQ,5170962,670367,12.96
20,1942,SAKUMA,EQ,10310720,3896027,37.79
20,1943,SALASAR,EQ,4684966,3884216,82.91
20,1944,SALONA,EQ,2794,2145,76.77
20,1945,SALZERELEC,EQ,50178,26239,52.29
20,1946,SAMBHAAV,EQ,226413,164842,72.81
20,1947,SAMHI,EQ,561531,276849,49.30
20,1948,SAMPANN,EQ,66639,54678,82.05
20,1949,SANDESH,EQ,6598,3972,60.20
20,1950,SANDHAR,EQ,158651,84124,53.02
20,1951,SANDUMA,EQ,454502,183273,40.32
20,1952,SANGAMIND,EQ,111386,27333,24.54
20,1953,SANGANI,SM,9000,6000,66.67
20,1954,SANGHIIND,EQ,4025811,1984547,49.30
20,1955,SANGHVIMOV,EQ,606493,291420,48.05
20,1956,SANGINITA,EQ,2608831,1480875,56.76
20,1957,SANSERA,EQ,199730,81736,40.92
20,1958,SAPPHIRE,EQ,19994,10012,50.08
20,1959,SARDAEN,EQ,582951,274215,47.04
20,1960,SAREGAMA,EQ,194089,109070,56.20
20,1961,SARLAPOLY,EQ,2019809,671746,33.26
20,1962,SAROJA,SM,14400,9600,66.67
20,1963,SARTELE,SM,35500,18000,50.70
20,1964,SARVESHWAR,EQ,1870835,1187046,63.45
20,1965,SASKEN,EQ,52634,30002,57.00
20,1966,SASTASUNDR,EQ,322263,154651,47.99
20,1967,SATIA,EQ,325606,171288,52.61
20,1968,SATIN,EQ,180632,94276,52.19
20,1969,SATINDLTD,EQ,362434,168498,46.49
20,1970,SAURASHCEM,EQ,3481025,1331793,38.26
20,1971,SBC,EQ,2140905,831329,38.83
20,1972,SBCL,EQ,90761,46100,50.79
20,1973,SBFC,EQ,2051475,716499,34.93
20,1974,SBGLP,EQ,1728014,313535,18.14
20,1975,SBICARD,EQ,1990427,1065787,53.55
20,1976,SBIETFCON,EQ,9131,7911,86.64
20,1977,SBIETFIT,EQ,12660,9662,76.32
20,1978,SBIETFPB,EQ,10262,8394,81.80
20,1979,SBIETFQLTY,EQ,1952,1802,92.32
20,1980,SBILIFE,EQ,3086173,1972273,63.91
20,1981,SBIN,EQ,12523972,6430720,51.35
20,1982,SCHAEFFLER,EQ,179422,77155,43.00
20,1983,SCHAND,EQ,40565,23977,59.11
20,1984,SCHNEIDER,EQ,263695,160320,60.80
20,1985,SCI,EQ,5703275,1664082,29.18
20,1986,SCILAL,EQ,1888728,796451,42.17
20,1987,SCML,SM,10000,10000,100.00
20,1988,SCPL,EQ,120461,45102,37.44
20,1989,SDBL,EQ,1503798,949081,63.11
20,1990,SDL24BEES,EQ,162193,161747,99.73
20,1991,SDL26BEES,EQ,2379,2356,99.03
20,1992,SEAMECLTD,EQ,259437,154193,59.43
20,1993,SECL,SM,56250,43750,77.78
20,1994,SECURCRED,EQ,56964,41303,72.51
20,1995,SEL,SM,2400,2400,100.00
20,1996,SELAN,EQ,1887613,356863,18.91
20,1997,SELMC,EQ,29876,19230,64.37
20,1998,SENCO,EQ,692558,306576,44.27
20,1999,SENSEXADD,EQ,4836,4376,90.49
20,2000,SENSEXETF,EQ,4807,3823,79.53
20,2001,SENSEXIETF,EQ,3098,2745,88.61
20,2002,SEPC,EQ,10583064,4573415,43.21
20,2003,SEQUENT,EQ,925565,379229,40.97
20,2004,SERVICE,SM,26000,24000,92.31
20,2005,SERVOTECH,EQ,2098280,1028773,49.03
20,2006,SESHAPAPER,EQ,113528,69408,61.14
20,2007,SETF10GILT,EQ,10609,9960,93.88
20,2008,SETFGOLD,EQ,797085,672713,84.40
20,2009,SETFNIF50,EQ,134729,89607,66.51
20,2010,SETFNIFBK,EQ,33406,26677,79.86
20,2011,SETFNN50,EQ,24233,14721,60.75
20,2012,SFL,EQ,86355,45105,52.23
20,2013,SFLZC24A,ZB,2,2,100.00
20,2014,SFLZC26A,ZC,17,17,100.00
20,2015,SGBAPR28I,GB,233,196,84.12
20,2016,SGBAUG24,GB,268,218,81.34
20,2017,SGBAUG27,GB,2,2,100.00
20,2018,SGBAUG28V,GB,1827,1627,89.05
20,2019,SGBAUG29V,GB,177,155,87.57
20,2020,SGBAUG30,GB,170,148,87.06
20,2021,SGBD29VIII,GB,106,102,96.23
20,2022,SGBDC27VII,GB,13,13,100.00
20,2023,SGBDE30III,GB,131,87,66.41
20,2024,SGBDE31III,GB,3582,2907,81.16
20,2025,SGBDEC26,GB,1,1,100.00
20,2026,SGBFEB27,GB,1,1,100.00
20,2027,SGBFEB28IX,GB,75,75,100.00
20,2028,SGBFEB29XI,GB,57,45,78.95
20,2029,SGBFEB32IV,GB,1887,1200,63.59
20,2030,SGBJ28VIII,GB,2,2,100.00
20,2031,SGBJAN26,GB,19,16,84.21
20,2032,SGBJAN29IX,GB,159,114,71.70
20,2033,SGBJAN29X,GB,74,63,85.14
20,2034,SGBJAN30IX,GB,539,310,57.51
20,2035,SGBJU29III,GB,171,114,66.67
20,2036,SGBJUL25,GB,57,43,75.44
20,2037,SGBJUL28IV,GB,451,404,89.58
20,2038,SGBJUL29IV,GB,200,151,75.50
20,2039,SGBJUN27,GB,17,17,100.00
20,2040,SGBJUN28,GB,62,61,98.39
20,2041,SGBJUN29II,GB,239,239,100.00
20,2042,SGBJUN30,GB,33,25,75.76
20,2043,SGBJUN31I,GB,869,713,82.05
20,2044,SGBMAR25,GB,147,146,99.32
20,2045,SGBMAR28X,GB,157,157,100.00
20,2046,SGBMAR30X,GB,14,8,57.14
20,2047,SGBMAR31IV,GB,175,134,76.57
20,2048,SGBMAY25,GB,112,63,56.25
20,2049,SGBMAY26,GB,200,181,90.50
20,2050,SGBMAY28,GB,1843,1761,95.55
20,2051,SGBMAY29I,GB,4275,3827,89.52
20,2052,SGBMR29XII,GB,66,50,75.76
20,2053,SGBN28VIII,GB,126,95,75.40
20,2054,SGBNOV24,GB,82,59,71.95
20,2055,SGBNOV258,GB,1,1,100.00
20,2056,SGBNOV25IX,GB,1,1,100.00
20,2057,SGBNOV25VI,GB,20,20,100.00
20,2058,SGBNOV26,GB,5,5,100.00
20,2059,SGBNV29VII,GB,34,25,73.53
20,2060,SGBOC28VII,GB,145,96,66.21
20,2061,SGBOCT25V,GB,4,4,100.00
20,2062,SGBOCT26,GB,1,1,100.00
20,2063,SGBOCT27VI,GB,21,21,100.00
20,2064,SGBSEP24,GB,245,169,68.98
20,2065,SGBSEP27,GB,15,15,100.00
20,2066,SGBSEP28VI,GB,268,221,82.46
20,2067,SGBSEP29VI,GB,244,197,80.74
20,2068,SGBSEP31II,GB,1344,1100,81.85
20,2069,SGIL,EQ,12065,8434,69.90
20,2070,SGL,EQ,51200,33422,65.28
20,2071,SHAH,EQ,734465,506006,68.89
20,2072,SHAHALLOYS,EQ,26840,14982,55.82
20,2073,SHAILY,EQ,60184,39804,66.14
20,2074,SHALBY,EQ,184855,86473,46.78
20,2075,SHALPAINTS,EQ,179147,120962,67.52
20,2076,SHANKARA,EQ,78214,51695,66.09
20,2077,SHANTHALA,SM,2400,2400,100.00
20,2078,SHANTIGEAR,EQ,24774,11965,48.30
20,2079,SHARDACROP,EQ,133309,75303,56.49
20,2080,SHARDAMOTR,EQ,90212,51379,56.95
20,2081,SHAREINDIA,EQ,244137,98282,40.26
20,2082,SHAREINDIA,W1,3438,3377,98.23
20,2083,SHARIABEES,EQ,4483,3685,82.20
20,2084,SHEETAL,ST,30000,30000,100.00
20,2085,SHEMAROO,EQ,26340,15015,57.00
20,2086,SHERA,SM,13000,11000,84.62
20,2087,SHIGAN,SM,22500,22500,100.00
20,2088,SHILPAMED,EQ,344134,201033,58.42
20,2089,SHIVALIK,EQ,21611,11966,55.37
20,2090,SHIVAMAUTO,EQ,199503,92193,46.21
20,2091,SHIVAMILLS,EQ,17382,9599,55.22
20,2092,SHIVATEX,EQ,23792,14349,60.31
20,2093,SHK,EQ,408463,208488,51.04
20,2094,SHOPERSTOP,EQ,14716,9422,64.03
20,2095,SHRADHA,EQ,185313,102456,55.29
20,2096,SHREDIGCEM,EQ,1123609,646090,57.50
20,2097,SHREECEM,EQ,29976,17184,57.33
20,2098,SHREEKARNI,SM,130200,57000,43.78
20,2099,SHREEOSFM,SM,15000,11000,73.33
20,2100,SHREEPUSHK,EQ,267434,158622,59.31
20,2101,SHRENIK,EQ,2337469,1165137,49.85
20,2102,SHREYANIND,EQ,82660,65516,79.26
20,2103,SHREYAS,EQ,46008,22609,49.14
20,2104,SHRIPISTON,EQ,61333,41105,67.02
20,2105,SHRIRAMFIN,EQ,2004491,1207269,60.23
20,2106,SHRIRAMPPS,EQ,1326320,599789,45.22
20,2107,SHRITECH,SM,14000,12000,85.71
20,2108,SHUBHLAXMI,SM,356000,199000,55.90
20,2109,SHYAMMETL,EQ,437096,250143,57.23
20,2110,SIDDHIKA,SM,21000,17000,80.95
20,2111,SIEMENS,EQ,869619,294975,33.92
20,2112,SIGACHI,EQ,1268834,642214,50.61
20,2113,SIGIND,EQ,106003,57803,54.53
20,2114,SIGMA,EQ,6898,3999,57.97
20,2115,SIGNATURE,EQ,570708,138724,24.31
20,2116,SIGNORIA,SM,10000,8000,80.00
20,2117,SIGNPOST,EQ,109846,63569,57.87
20,2118,SIKKO,EQ,178128,79203,44.46
20,2119,SIL,EQ,68565,53173,77.55
20,2120,SILGO,EQ,144487,60506,41.88
20,2121,SILINV,EQ,7794,5394,69.21
20,2122,SILKFLEX,SM,8000,8000,100.00
20,2123,SILLYMONKS,EQ,3307,2355,71.21
20,2124,SILVER,EQ,442096,282935,64.00
20,2125,SILVER1,EQ,30100,25299,84.05
20,2126,SILVERADD,EQ,12707,11360,89.40
20,2127,SILVERBEES,EQ,9025368,6581610,72.92
20,2128,SILVERETF,EQ,198388,170141,85.76
20,2129,SILVERIETF,EQ,722775,584934,80.93
20,2130,SILVERTUC,EQ,20299,4121,20.30
20,2131,SILVRETF,EQ,13803,12388,89.75
20,2132,SIMBHALS,EQ,2274476,899847,39.56
20,2133,SINCLAIR,EQ,82474,43409,52.63
20,2134,SINDHUTRAD,EQ,381039,255878,67.15
20,2135,SINTERCOM,EQ,11034,3540,32.08
20,2136,SIRCA,EQ,140072,76519,54.63
20,2137,SIS,EQ,59264,40327,68.05
20,2138,SIYSIL,EQ,28099,16444,58.52
20,2139,SJLOGISTIC,SM,97500,66000,67.69
20,2140,SJS,EQ,101369,58651,57.86
20,2141,SJVN,EQ,8994923,3297561,36.66
20,2142,SKFINDIA,EQ,113017,96889,85.73
20,2143,SKIPPER,EQ,574163,202630,35.29
20,2144,SKIPPERPP,E1,2755,2192,79.56
20,2145,SKMEGGPROD,EQ,56704,31330,55.25
20,2146,SKP,SM,29000,19000,65.52
20,2147,SLONE,SM,44800,28800,64.29
20,2148,SMALLCAP,EQ,577235,448989,77.78
20,2149,SMCGLOBAL,EQ,304340,150392,49.42
20,2150,SMLISUZU,EQ,13553,6730,49.66
20,2151,SMLT,EQ,44113,22793,51.67
20,2152,SMSLIFE,EQ,1448,968,66.85
20,2153,SMSPHARMA,EQ,254635,138210,54.28
20,2154,SNOWMAN,EQ,877923,398940,45.44
20,2155,SOBHA,EQ,772909,201036,26.01
20,2156,SOFTTECH,EQ,9111,8186,89.85
20,2157,SOLARA,EQ,63738,30173,47.34
20,2158,SOLARINDS,EQ,123463,60105,48.68
20,2159,SOLEX,SM,21200,12800,60.38
20,2160,SOMANYCERA,EQ,93252,42112,45.16
20,2161,SOMICONVEY,EQ,56470,33618,59.53
20,2162,SONACOMS,EQ,996441,541679,54.36
20,2163,SONAMAC,SM,149000,116000,77.85
20,2164,SONAMLTD,EQ,55563,15935,28.68
20,2165,SONATSOFTW,EQ,619070,369220,59.64
20,2166,SONUINFRA,SM,24000,18000,75.00
20,2167,SOTAC,SM,1200,1200,100.00
20,2168,SOTL,EQ,75044,33337,44.42
20,2169,SOUTHBANK,EQ,25906206,9877670,38.13
20,2170,SOUTHWEST,EQ,366022,137237,37.49
20,2171,SPAL,EQ,163485,59679,36.50
20,2172,SPANDANA,EQ,246036,139575,56.73
20,2173,SPARC,EQ,2950880,1444090,48.94
20,2174,SPCENET,EQ,4999585,2892576,57.86
20,2175,SPECIALITY,EQ,34861,18752,53.79
20,2176,SPECTRUM,SM,1375,1250,90.91
20,2177,SPECTSTM,SM,71200,49600,69.66
20,2178,SPENCERS,EQ,118269,67225,56.84
20,2179,SPIC,EQ,1073843,373696,34.80
20,2180,SPLIL,EQ,138300,94820,68.56
20,2181,SPLPETRO,EQ,42663,23669,55.48
20,2182,SPMLINFRA,EQ,354772,204329,57.59
20,2183,SPORTKING,EQ,8252,5912,71.64
20,2184,SREEL,EQ,10437,5810,55.67
20,2185,SRF,EQ,610948,347019,56.80
20,2186,SRGHFL,EQ,57663,37224,64.55
20,2187,SRHHYPOLTD,EQ,15014,8218,54.74
20,2188,SRIVASAVI,SM,7000,4000,57.14
20,2189,SRM,EQ,45557,25252,55.43
20,2190,SSFL,SM,6000,5500,91.67
20,2191,SSWL,EQ,666323,375980,56.43
20,2192,STAR,EQ,452411,263041,58.14
20,2193,STARCEMENT,EQ,662593,441188,66.59
20,2194,STARHEALTH,EQ,682372,463124,67.87
20,2195,STARPAPER,EQ,55643,23347,41.96
20,2196,STCINDIA,EQ,95571,33842,35.41
20,2197,STEELCAS,EQ,14766,9098,61.61
20,2198,STEELCITY,EQ,63662,43429,68.22
20,2199,STEELXIND,EQ,3802148,2408328,63.34
20,2200,STEL,EQ,13662,8331,60.98
20,2201,STERTOOLS,EQ,67596,35734,52.86
20,2202,STLTECH,EQ,4690573,1642162,35.01
20,2203,STOVEKRAFT,EQ,150660,68426,45.42
20,2204,STYLAMIND,EQ,18282,12613,68.99
20,2205,STYRENIX,EQ,33682,19866,58.98
20,2206,SUBEXLTD,EQ,6216098,2102438,33.82
20,2207,SUBROS,EQ,93670,45848,48.95
20,2208,SUDARSCHEM,EQ,425737,310668,72.97
20,2209,SUKHJITS,EQ,7935,4743,59.77
20,2210,SULA,EQ,176864,103699,58.63
20,2211,SUMICHEM,EQ,350658,184069,52.49
20,2212,SUMMITSEC,EQ,2380,1448,60.84
20,2213,SUNCLAY,EQ,8911,6769,75.96
20,2214,SUNDARAM,EQ,1073222,799983,74.54
20,2215,SUNDARMFIN,EQ,105618,79476,75.25
20,2216,SUNDARMHLD,EQ,167924,114990,68.48
20,2217,SUNDRMBRAK,EQ,4674,3079,65.88
20,2218,SUNDRMFAST,EQ,353985,264302,74.66
20,2219,SUNFLAG,EQ,153353,63086,41.14
20,2220,SUNPHARMA,EQ,1412477,833344,59.00
20,2221,SUNREST,SM,1600,1600,100.00
20,2222,SUNTECK,EQ,1596443,457143,28.64
20,2223,SUNTV,EQ,3778762,1134064,30.01
20,2224,SUPERHOUSE,EQ,7665,3029,39.52
20,2225,SUPERSPIN,EQ,3414694,1620533,47.46
20,2226,SUPRAJIT,EQ,539719,264069,48.93
20,2227,SUPREMEIND,EQ,221110,91073,41.19
20,2228,SUPREMEPWR,SM,381000,200000,52.49
20,2229,SUPRIYA,EQ,536380,188824,35.20
20,2230,SURAJEST,EQ,510009,289237,56.71
20,2231,SURANAT&P,EQ,181963,126882,69.73
20,2232,SURANI,SM,47000,40200,85.53
20,2233,SURYALAXMI,EQ,17217,14222,82.60
20,2234,SURYAROSNI,EQ,336865,159804,47.44
20,2235,SURYODAY,EQ,433527,159890,36.88
20,2236,SUTLEJTEX,EQ,203692,101068,49.62
20,2237,SUULD,EQ,2425578,1303966,53.76
20,2238,SUVEN,EQ,128856,85759,66.55
20,2239,SUVENPHAR,EQ,568182,497069,87.48
20,2240,SUVIDHAA,EQ,247128,155654,62.99
20,2241,SUZLON,EQ,48465602,30604061,63.15
20,2242,SVLL,EQ,23035,17803,77.29
20,2243,SVPGLOB,EQ,76547,49047,64.07
20,2244,SWANENERGY,EQ,1714290,911037,53.14
20,2245,SWARAJ,SM,22000,21000,95.45
20,2246,SWARAJENG,EQ,30210,12176,40.30
20,2247,SWASTIK,SM,7200,4800,66.67
20,2248,SWELECTES,EQ,43243,20447,47.28
20,2249,SWSOLAR,EQ,688390,436657,63.43
20,2250,SYMPHONY,EQ,154710,79938,51.67
20,2251,SYNCOMF,EQ,2545176,1266418,49.76
20,2252,SYNGENE,EQ,568053,325027,57.22
20,2253,SYNOPTICS,SM,8400,7800,92.86
20,2254,SYRMA,EQ,438886,256276,58.39
20,2255,SYSTANGO,SM,19600,13200,67.35
20,2256,TAC,SM,16800,16800,100.00
20,2257,TAJGVK,EQ,378627,182300,48.15
20,2258,TAKE,EQ,398967,252073,63.18
20,2259,TALBROAUTO,EQ,654233,362305,55.38
20,2260,TANLA,EQ,712965,335736,47.09
20,2261,TAPIFRUIT,SM,1500,1500,100.00
20,2262,TARC,EQ,4129163,2159007,52.29
20,2263,TARSONS,EQ,277232,127674,46.05
20,2264,TASTYBITE,EQ,2527,1519,60.11
20,2265,TATACHEM,EQ,1081926,345783,31.96
20,2266,TATACOMM,EQ,732633,262438,35.82
20,2267,TATACONSUM,EQ,1605436,651880,40.60
20,2268,TATAELXSI,EQ,162140,60899,37.56
20,2269,TATAGOLD,EQ,1564746,1122060,71.71
20,2270,TATAINVEST,EQ,19284,13545,70.24
20,2271,TATAMOTORS,EQ,12157226,5780243,47.55
20,2272,TATAMTRDVR,EQ,1429104,970425,67.90
20,2273,TATAPOWER,EQ,12208021,4816840,39.46
20,2274,TATASTEEL,EQ,36669164,15724271,42.88
20,2275,TATATECH,EQ,959539,664522,69.25
20,2276,TATSILV,EQ,1530474,1488841,97.28
20,2277,TATVA,EQ,39714,26379,66.42
20,2278,TBI,ST,14400,14400,100.00
20,2279,TBOTEK,EQ,124733,63728,51.09
20,2280,TBZ,EQ,98311,48342,49.17
20,2281,TCHF30,NB,1401,1000,71.38
20,2282,TCI,EQ,41944,25963,61.90
20,2283,TCIEXP,EQ,98237,49516,50.40
20,2284,TCL,SM,304800,224000,73.49
20,2285,TCLCONS,EQ,343657,286831,83.46
20,2286,TCNSBRANDS,EQ,104727,31369,29.95
20,2287,TCPLPACK,EQ,12149,6855,56.42
20,2288,TCS,EQ,1932323,1160787,60.07
20,2289,TDPOWERSYS,EQ,270747,135570,50.07
20,2290,TEAMLEASE,EQ,51368,30385,59.15
20,2291,TECH,EQ,25369,18878,74.41
20,2292,TECHLABS,SM,77500,52000,67.10
20,2293,TECHM,EQ,1953367,933773,47.80
20,2294,TECILCHEM,EQ,6780,6778,99.97
20,2295,TEGA,EQ,38965,15788,40.52
20,2296,TEJASNET,EQ,995768,334841,33.63
20,2297,TEMBO,EQ,59559,19603,32.91
20,2298,TERASOFT,EQ,127213,67606,53.14
20,2299,TEXINFRA,EQ,1661134,600889,36.17
20,2300,TEXMOPIPES,EQ,123732,69631,56.28
20,2301,TEXRAIL,EQ,3682694,1850963,50.26
20,2302,TFCILTD,EQ,1705878,700632,41.07
20,2303,TGBHOTELS,EQ,1528471,576244,37.70
20,2304,TGL,SM,128400,82800,64.49
20,2305,THANGAMAYL,EQ,25726,15339,59.62
20,2306,THEINVEST,EQ,6389,4852,75.94
20,2307,THEJO,EQ,19301,11081,57.41
20,2308,THEMISMED,EQ,49315,27171,55.10
20,2309,THERMAX,EQ,74113,34473,46.51
20,2310,THOMASCOOK,EQ,888152,489343,55.10
20,2311,THYROCARE,EQ,25131,14329,57.02
20,2312,TI,EQ,853114,340651,39.93
20,2313,TIDEWATER,EQ,32403,16660,51.41
20,2314,TIIL,EQ,12353,6151,49.79
20,2315,TIINDIA,EQ,188561,84024,44.56
20,2316,TIMESCAN,SM,2000,2000,100.00
20,2317,TIMETECHNO,EQ,3035166,1129512,37.21
20,2318,TIMKEN,EQ,363738,196227,53.95
20,2319,TIPSFILMS,EQ,13325,7585,56.92
20,2320,TIPSINDLTD,EQ,104854,55759,53.18
20,2321,TIRUMALCHM,EQ,1979583,785296,39.67
20,2322,TIRUPATI,SM,1250,1250,100.00
20,2323,TIRUPATIFL,EQ,358026,232942,65.06
20,2324,TITAGARH,EQ,4200912,916083,21.81
20,2325,TITAN,EQ,1753028,963310,54.95
20,2326,TMB,EQ,76001,46367,61.01
20,2327,TNIDETF,EQ,370680,322660,87.05
20,2328,TNPETRO,EQ,229001,121002,52.84
20,2329,TNPL,EQ,241309,113868,47.19
20,2330,TOKYOPLAST,EQ,15786,8077,51.17
20,2331,TORNTPHARM,EQ,218452,103792,47.51
20,2332,TORNTPOWER,EQ,402726,247473,61.45
20,2333,TOTAL,EQ,68890,50788,73.72
20,2334,TOUCHWOOD,EQ,68056,17486,25.69
20,2335,TPHQ,EQ,5032326,3231885,64.22
20,2336,TPLPLASTEH,EQ,551184,164102,29.77
20,2337,TRACXN,EQ,266682,135295,50.73
20,2338,TRANSTEEL,SM,38000,24000,63.16
20,2339,TRANSWIND,SM,8000,8000,100.00
20,2340,TREEHOUSE,EQ,109642,83035,75.73
20,2341,TREL,EQ,268881,143401,53.33
20,2342,TRENT,EQ,932377,399328,42.83
20,2343,TRIDENT,EQ,52337969,14282828,27.29
20,2344,TRIDHYA,SM,39000,27000,69.23
20,2345,TRIGYN,EQ,451259,222884,49.39
20,2346,TRITURBINE,EQ,375576,157655,41.98
20,2347,TRIVENI,EQ,5601210,1349664,24.10
20,2348,TRU,EQ,2538264,702231,27.67
20,2349,TRUST,SM,142800,86400,60.50
20,2350,TTKHLTCARE,EQ,8252,5041,61.09
20,2351,TTKPRESTIG,EQ,62985,32455,51.53
20,2352,TTL,EQ,71221,35491,49.83
20,2353,TTML,EQ,4954538,1492971,30.13
20,2354,TV18BRDCST,EQ,7017292,3930854,56.02
20,2355,TVSELECT,EQ,181357,54870,30.26
20,2356,TVSHLTD,EQ,3295,1777,53.93
20,2357,TVSMOTOR,EQ,990069,613258,61.94
20,2358,TVSSCS,EQ,1810090,830261,45.87
20,2359,TVSSRICHAK,EQ,6381,3884,60.87
20,2360,TVTODAY,EQ,134983,77279,57.25
20,2361,UBL,EQ,84849,41873,49.35
20,2362,UCAL,EQ,52021,27745,53.33
20,2363,UCL,SM,12000,10000,83.33
20,2364,UCOBANK,EQ,9800932,3229441,32.95
20,2365,UDAICEMENT,EQ,2508958,1244567,49.60
20,2366,UDS,EQ,93793,40691,43.38
20,2367,UFLEX,EQ,58803,34027,57.87
20,2368,UFO,EQ,126951,72271,56.93
20,2369,UGARSUGAR,EQ,4015661,1121592,27.93
20,2370,UGROCAP,EQ,361429,183177,50.68
20,2371,UJJIVANSFB,EQ,11737501,6721384,57.26
20,2372,ULTRACEMCO,EQ,602322,362923,60.25
20,2373,UMA,SM,16000,12000,75.00
20,2374,UMANGDAIRY,EQ,37058,25679,69.29
20,2375,UMESLTD,EQ,58662,44694,76.19
20,2376,UNICHEMLAB,EQ,12075,6777,56.12
20,2377,UNIDT,EQ,14985,6076,40.55
20,2378,UNIENTER,EQ,10711,7655,71.47
20,2379,UNIHEALTH,SM,9000,5000,55.56
20,2380,UNIINFO,EQ,115150,71245,61.87
20,2381,UNIONBANK,EQ,10014371,4721917,47.15
20,2382,UNIPARTS,EQ,73682,48117,65.30
20,2383,UNITDSPR,EQ,1049119,789755,75.28
20,2384,UNITEDPOLY,EQ,7637,6283,82.27
20,2385,UNITEDTEA,EQ,51426,28244,54.92
20,2386,UNIVCABLES,EQ,86385,34682,40.15
20,2387,UNIVPHOTO,EQ,955,562,58.85
20,2388,UNOMINDA,EQ,625963,343424,54.86
20,2389,UPL,EQ,3845237,1333987,34.69
20,2390,URBAN,SM,34800,17200,49.43
20,2391,URJA,EQ,3908861,2365976,60.53
20,2392,USASEEDS,SM,6600,5100,77.27
20,2393,USHAMART,EQ,8848710,1953752,22.08
20,2394,USK,EQ,2988854,945128,31.62
20,2395,UTIAMC,EQ,107142,45684,42.64
20,2396,UTIBANKETF,EQ,53787,46443,86.35
20,2397,UTINEXT50,EQ,55873,46919,83.97
20,2398,UTINIFTETF,EQ,9404,6071,64.56
20,2399,UTISENSETF,EQ,528,441,83.52
20,2400,UTISXN50,EQ,3380,2118,62.66
20,2401,UTKARSHBNK,EQ,4168431,2327252,55.83
20,2402,UTTAMSUGAR,EQ,1342081,361967,26.97
20,2403,VADILALIND,EQ,10478,4744,45.28
20,2404,VAIBHAVGBL,EQ,246597,125175,50.76
20,2405,VAISHALI,EQ,51768,36418,70.35
20,2406,VAKRANGEE,EQ,11126918,3161681,28.41
20,2407,VALIANTLAB,EQ,110838,21547,19.44
20,2408,VALIANTORG,EQ,30207,18620,61.64
20,2409,VARDHACRLC,EQ,32864,22808,69.40
20,2410,VARDMNPOLY,EQ,628858,375022,59.64
20,2411,VARROC,EQ,540349,145169,26.87
20,2412,VASCONEQ,EQ,1428624,602865,42.20
20,2413,VBL,EQ,1986195,1171007,58.96
20,2414,VEDL,EQ,11641274,6457150,55.47
20,2415,VEEKAYEM,SM,3000,1000,33.33
20,2416,VELS,SM,4800,4800,100.00
20,2417,VENKEYS,EQ,61901,25973,41.96
20,2418,VENUSPIPES,EQ,70469,34065,48.34
20,2419,VENUSREM,EQ,536265,163366,30.46
20,2420,VERANDA,EQ,592597,256820,43.34
20,2421,VERITAAS,SM,14400,12000,83.33
20,2422,VERTOZ,EQ,133409,22476,16.85
20,2423,VESUVIUS,EQ,17799,8846,49.70
20,2424,VETO,EQ,75624,44956,59.45
20,2425,VGUARD,EQ,1033821,498424,48.21
20,2426,VHL,EQ,1044,743,71.17
20,2427,VIAZ,SM,16000,16000,100.00
20,2428,VIDHIING,EQ,223251,103260,46.25
20,2429,VIJAYA,EQ,74298,38378,51.65
20,2430,VIKASECO,EQ,8394626,3677365,43.81
20,2431,VIKASLIFE,EQ,10311788,6153136,59.67
20,2432,VILAS,ST,221000,210000,95.02
20,2433,VILINBIO,SM,4000,4000,100.00
20,2434,VIMTALABS,EQ,17116,11761,68.71
20,2435,VINATIORGA,EQ,131843,68865,52.23
20,2436,VINDHYATEL,EQ,55165,29163,52.87
20,2437,VINEETLAB,EQ,27559,9451,34.29
20,2438,VINNY,EQ,351083,254008,72.35
20,2439,VINSYS,SM,13000,10500,80.77
20,2440,VINYAS,SM,14600,10600,72.60
20,2441,VINYLINDIA,EQ,530465,149006,28.09
20,2442,VIPCLOTHNG,EQ,137551,88912,64.64
20,2443,VIPIND,EQ,326613,214490,65.67
20,2444,VIRINCHI,EQ,498684,295448,59.25
20,2445,VISAKAIND,EQ,1164426,501982,43.11
20,2446,VISHNU,EQ,201350,125316,62.24
20,2447,VISHNUINFR,SM,31500,27000,85.71
20,2448,VISHWARAJ,EQ,8233990,3687233,44.78
20,2449,VISHWAS,SM,22400,20800,92.86
20,2450,VITAL,SM,57600,39600,68.75
20,2451,VIVIANA,SM,15500,14000,90.32
20,2452,VIVO,SM,3200,3200,100.00
20,2453,VLSFINANCE,EQ,61424,41634,67.78
20,2454,VMARCIND,SM,73000,57000,78.08
20,2455,VMART,EQ,24941,15152,60.75
20,2456,VOLTAMP,EQ,26548,15915,59.95
20,2457,VOLTAS,EQ,2364100,1233682,52.18
20,2458,VPRPL,EQ,2454219,1079965,44.00
20,2459,VR,SM,11200,11200,100.00
20,2460,VRLLOG,EQ,58223,26369,45.29
20,2461,VSSL,EQ,76543,44214,57.76
20,2462,VSTIND,EQ,56588,30153,53.29
20,2463,VSTTILLERS,EQ,13795,6957,50.43
20,2464,VTL,EQ,168594,80143,47.54
20,2465,WABAG,EQ,904097,334151,36.96
20,2466,WALCHANNAG,EQ,167520,98203,58.62
20,2467,WALPAR,SM,2000,2000,100.00
20,2468,WANBURY,EQ,84803,52690,62.13
20,2469,WEALTH,EQ,6951,4323,62.19
20,2470,WEIZMANIND,EQ,13221,9509,71.92
20,2471,WELCORP,EQ,2325092,1308174,56.26
20,2472,WELENT,EQ,300653,175752,58.46
20,2473,WELINV,EQ,736,551,74.86
20,2474,WELSPUNLIV,EQ,3789274,1254650,33.11
20,2475,WENDT,EQ,801,452,56.43
20,2476,WESTLIFE,EQ,61906,41141,66.46
20,2477,WHEELS,EQ,487297,206880,42.45
20,2478,WHIRLPOOL,EQ,491057,306419,62.40
20,2479,WILLAMAGOR,EQ,370290,168109,45.40
20,2480,WINDLAS,EQ,287848,126595,43.98
20,2481,WINDMACHIN,EQ,2730042,704684,25.81
20,2482,WINSOL,SM,460800,233600,50.69
20,2483,WIPL,EQ,20627,1934,9.38
20,2484,WIPRO,EQ,6497966,2315056,35.63
20,2485,WOCKPHARMA,EQ,263690,178086,67.54
20,2486,WOMANCART,SM,6400,6400,100.00
20,2487,WONDERLA,EQ,71174,43165,60.65
20,2488,WORTH,EQ,20209,16362,80.96
20,2489,WSI,EQ,278934,142252,51.00
20,2490,WSTCSTPAPR,EQ,247933,114329,46.11
20,2491,WTICAB,SM,118000,80000,67.80
20,2492,XCHANGING,EQ,1510391,745854,49.38
20,2493,XPROINDIA,EQ,12605,6367,50.51
20,2494,YASHO,EQ,14129,8584,60.75
20,2495,YASHOPTICS,SM,56000,44800,80.00
20,2496,YATHARTH,EQ,94136,54238,57.62
20,2497,YATRA,EQ,372494,253280,68.00
20,2498,YCCL,SM,15000,15000,100.00
20,2499,YESBANK,EQ,130415960,52689160,40.40
20,2500,YUDIZ,SM,11200,10400,92.86
20,2501,YUKEN,EQ,110466,54980,49.77
20,2502,ZAGGLE,EQ,3027403,1031785,34.08
20,2503,ZEAL,SM,12000,8400,70.00
20,2504,ZEEL,EQ,22155969,6147555,27.75
20,2505,ZEEMEDIA,EQ,9913228,3971697,40.06
20,2506,ZENITHDRUG,SM,14400,9600,66.67
20,2507,ZENITHEXPO,EQ,21137,15802,74.76
20,2508,ZENITHSTL,EQ,321757,212748,66.12
20,2509,ZENSARTECH,EQ,1490080,487879,32.74
20,2510,ZENTEC,EQ,393274,243019,61.79
20,2511,ZFCVINDIA,EQ,3647,1404,38.50
20,2512,ZIMLAB,EQ,94377,53354,56.53
20,2513,ZODIACLOTH,EQ,13449,7846,58.34
20,2514,ZOMATO,EQ,47891484,27009562,56.40
20,2515,ZOTA,EQ,398774,169763,42.57
20,2516,ZTECH,ST,27600,27600,100.00
20,2517,ZUARI,EQ,339145,163449,48.19
20,2518,ZUARIIND,EQ,111767,51483,46.06
20,2519,ZYDUSLIFE,EQ,893913,611342,68.39
20,2520,ZYDUSWELL,EQ,37191,22877,61.51
