Security Wise Delivery Position - Compulsory Rolling Settlement
10,MTO,06082024,1688491665,0002543
Trade Date <06-AUG-2024>,Settlement Type <N>
Record Type,Sr No,Name of Security,Quantity Traded,Deliverable Quantity(gross across client level),% of Deliverable Quantity to Traded Quantity
20,1,1003IIFL29,NC,214,214,100.00
20,2,1003ISFL28,N4,5,5,100.00
20,3,1004DLSL24,NO,5,5,100.00
20,4,1015ECL29,NR,1,1,100.00
20,5,1018GS2026,GS,2296,2296,100.00
20,6,1025NFL25,N5,1,1,100.00
20,7,1025SCL34,Z8,84,84,100.00
20,8,1025UCL25,N8,40,20,50.00
20,9,1030ICCL28,NM,25,25,100.00
20,10,1040UCL25,N4,195,195,100.00
20,11,1049DLS25A,Y5,240,240,100.00
20,12,1049DLSL25,NX,11,11,100.00
20,13,1050ISFL28,N5,12,11,91.67
20,14,1050NFL26,N7,254,254,100.00
20,15,1050UCL25,N7,5,5,100.00
20,16,105IIFL29,N7,1,1,100.00
20,17,1060ECL29,NS,10,10,100.00
20,18,1065NFL27,NC,20,20,100.00
20,19,10CAGL27,N5,128,100,78.13
20,20,10IIFL28,N4,151,150,99.34
20,21,10IIFL28A,NE,126,126,100.00
20,22,10NFL25,N9,20,20,100.00
20,23,10NIDO26,N6,388,387,99.74
20,24,11DLSL25,NV,45,45,100.00
20,25,11UCL26,NC,4,4,100.00
20,26,182D050924,TB,1000,1000,100.00
20,27,182D071124,TB,1400,1400,100.00
20,28,182D121224,TB,1500,1500,100.00
20,29,182D220824,TB,200,200,100.00
20,30,182D241024,TB,5000,5000,100.00
20,31,182D281124,TB,1000,1000,100.00
20,32,182D290824,TB,600,600,100.00
20,33,20MICRONS,EQ,531295,210771,39.67
20,34,360ONE,EQ,268393,118031,43.98
20,35,364D030425,TB,1000,1000,100.00
20,36,364D051224,TB,26000,26000,100.00
20,37,364D060325,TB,100,100,100.00
20,38,364D090125,TB,800,800,100.00
20,39,364D110425,TB,3300,3300,100.00
20,40,364D160125,TB,4300,4300,100.00
20,41,364D180725,TB,100,100,100.00
20,42,364D230525,TB,100,100,100.00
20,43,364D240725,TB,100,100,100.00
20,44,364D270225,TB,1000,1000,100.00
20,45,3IINFOLTD,EQ,769393,329954,42.88
20,46,3MINDIA,EQ,8850,2288,25.85
20,47,3PLAND,EQ,88692,25641,28.91
20,48,515GS2025,GS,5,5,100.00
20,49,574GS2026,GS,8594,8509,99.01
20,50,5PAISA,EQ,84813,42142,49.69
20,51,601RJ26,SG,2000,2000,100.00
20,52,610GS2031,GS,123,123,100.00
20,53,618GS2024,GS,1,1,100.00
20,54,63MOONS,EQ,310251,161836,52.16
20,55,654GS2032,GS,4502,4501,99.98
20,56,663TN35,SG,100,100,100.00
20,57,667GS2035,GS,100,100,100.00
20,58,667GS2050,GS,1300,1300,100.00
20,59,676GS2061,GS,7371,7371,100.00
20,60,695GS2061,GS,4244,4244,100.00
20,61,699GS2026,GS,1100,1100,100.00
20,62,699GS2051,GS,100,100,100.00
20,63,702GS2027,GS,900,900,100.00
20,64,702GS2031,GS,1000,1000,100.00
20,65,704GS2029,GS,1900,1900,100.00
20,66,704IRFC28,N6,2,2,100.00
20,67,706GS2028,GS,14140,14140,100.00
20,68,710GS2029,GS,2500,2500,100.00
20,69,717GS2030,GS,15100,11000,72.85
20,70,718GS2033,GS,41460,31460,75.88
20,71,718GS2037,GS,78319,66718,85.19
20,72,719GS2060,GS,325,325,100.00
20,73,71GS2034,GS,4410,4210,95.46
20,74,725GS2063,GS,42601,42400,99.53
20,75,726GS2032,GS,100,100,100.00
20,76,726GS2033,GS,15950,10000,62.70
20,77,729NHAI26,NC,8,8,100.00
20,78,732GS2030,GS,3993,3993,100.00
20,79,733GS2026,GS,2800,2800,100.00
20,80,734GS2064,GS,689,589,85.49
20,81,734IRFC28,N4,11,11,100.00
20,82,736GS2052,GS,100,100,100.00
20,83,736MH28,SG,1000,1000,100.00
20,84,736NTPC25D,NB,23,23,100.00
20,85,736PFCL28,N2,110,99,90.00
20,86,737GS2028,GS,800,600,75.00
20,87,737NTPC35C,NA,471,381,80.89
20,88,738GS2027,GS,31819,29118,91.51
20,89,739ML26,SG,1000,1000,100.00
20,90,739NHAI26,N8,339,339,100.00
20,91,73GS2053,GS,8000,8000,100.00
20,92,741GS2036,GS,11802,11802,100.00
20,93,743REC35,NH,3,3,100.00
20,94,744AP33,SG,800,800,100.00
20,95,746GS2073,GS,2923,1521,52.04
20,96,750IRFC35,NK,151,151,100.00
20,97,753IRFC30,NJ,390,232,59.49
20,98,754GS2036,GS,529212,513961,97.12
20,99,762NTPC35F,ND,237,235,99.16
20,100,764HUDCO31,N8,1,1,100.00
20,101,764NABAR31,N2,499,474,94.99
20,102,765TN30,SG,300,300,100.00
20,103,766GJ30A,SG,100,100,100.00
20,104,769HUDCO31,N9,526,521,99.05
20,105,769NHAI31,NE,150,119,79.33
20,106,76NHAI31,NA,1495,905,60.54
20,107,772GS2049,GS,1,1,100.00
20,108,772KA35A,SG,100,100,100.00
20,109,774TS35,SG,100,100,100.00
20,110,794TN32,SG,10000,10000,100.00
20,111,79NHIT35,N1,4,2,50.00
20,112,79NHIT47,N3,1135,1135,100.00
20,113,801TCH25,N4,10,10,100.00
20,114,81TCHF28,N8,34,34,100.00
20,115,824GS2027,GS,1,1,100.00
20,116,828GS2027,GS,26888,26887,100.00
20,117,828GS2032,GS,10,10,100.00
20,118,829LTF24,NL,70,67,95.71
20,119,82HUDCO27,N2,1302,1302,100.00
20,120,82IGT31,NJ,204,202,99.02
20,121,82SCL24,NO,210,210,100.00
20,122,830NHAI27,N2,123,109,88.62
20,123,830PFCL27,N5,100,100,100.00
20,124,835SCL23B,YM,12,12,100.00
20,125,83TCHF25,N6,210,210,100.00
20,126,840CIFCL28,N4,125,125,100.00
20,127,842IIFL26,NL,465,465,100.00
20,128,843IHFL29,NC,102,102,100.00
20,129,849NTPC25,N7,119631,100113,83.68
20,130,84TCHF28,NA,73,50,68.49
20,131,85IIFL25,NO,10,10,100.00
20,132,863REC29,NC,16,16,100.00
20,133,865IFL28,NZ,200,200,100.00
20,134,865IIFL28,NS,491,450,91.65
20,135,865IRFC29,NA,50,50,100.00
20,136,865LTF26,NN,297,214,72.05
20,137,865TCAPS27,N8,514,461,89.69
20,138,867NHPC33,N3,13,13,100.00
20,139,86CIFC29,NN,10,10,100.00
20,140,86LTF24,NJ,1030,1030,100.00
20,141,871REC28,N9,341,341,100.00
20,142,875IIFL26A,NQ,140,140,100.00
20,143,875NHAI29,N6,807,746,92.44
20,144,876HUDCO28,ND,102,100,98.04
20,145,880IREDA34,N6,150,150,100.00
20,146,888IHFL25F,NC,175,105,60.00
20,147,888IRFC29,NE,82,82,100.00
20,148,888REC29,NF,10,10,100.00
20,149,888SCL25E,N4,42,42,100.00
20,150,889SCL27,YT,10,10,100.00
20,151,890ICCL23A,NZ,10,10,100.00
20,152,891IIFCL34,N4,762,722,94.75
20,153,891NTPC33,N6,603,564,93.53
20,154,892NHPC33,N6,267,267,100.00
20,155,892PFCL33,N8,1266,1244,98.26
20,156,893NHB29,N6,100,100,100.00
20,157,897MOFSL29,N4,72,72,100.00
20,158,901NHB34,N6,231,226,97.84
20,159,903SFL28,YI,294,294,100.00
20,160,905LTF27,NF,194,168,86.60
20,161,905PEL26,N1,10,10,100.00
20,162,905SCL24,YV,17,17,100.00
20,163,910TCAP28,NA,725,385,53.10
20,164,91D031024,TB,400,400,100.00
20,165,91D101024,TB,100,100,100.00
20,166,91D120924,TB,100,100,100.00
20,167,91D150824,TB,200,200,100.00
20,168,91D190924,TB,5300,5300,100.00
20,169,91D260924,TB,1200,1200,100.00
20,170,91MOFSL27,N2,306,306,100.00
20,171,920IIFLS26,N8,25,25,100.00
20,172,92GS2030,GS,4256,4256,100.00
20,173,931SFL26,Z5,32,16,50.00
20,174,935LTF29,N5,7,7,100.00
20,175,935MOFSL29,N5,50,50,100.00
20,176,935PEL33,N3,11,11,100.00
20,177,93MOFSL34,N6,52,52,100.00
20,178,93SCL24,ZP,21,21,100.00
20,179,943ECL28,NJ,107,106,99.07
20,180,945IFSL25,N4,10,10,100.00
20,181,948SCL26I,AX,1,1,100.00
20,182,94IFCI25,NL,226,226,100.00
20,183,94SFL28,YL,550,550,100.00
20,184,950SCL23A,AP,25,25,100.00
20,185,955SCL27,Z5,30,30,100.00
20,186,957ICCL25,YW,50,50,100.00
20,187,957IIFLS27,NA,200,200,100.00
20,188,957NIDO26,N5,339,339,100.00
20,189,960CAGL25,N3,120,120,100.00
20,190,965SCL25C,N0,196,16,8.16
20,191,96IIFL28,N5,1919,1639,85.41
20,192,96IIFL28A,NF,494,494,100.00
20,193,96SFL24A,NB,33,33,100.00
20,194,970CAGL28,ND,1121,1121,100.00
20,195,971SCL28I,BC,5,5,100.00
20,196,975NFL25,N0,585,469,80.17
20,197,97SFL26,Z9,142,142,100.00
20,198,97SFL28,YS,150,150,100.00
20,199,985ECL28,NK,541,450,83.18
20,200,985IIFL22,NC,50,50,100.00
20,201,98SCL27,ZX,20,20,100.00
20,202,990SCL26I,AV,15,15,100.00
20,203,99IFCI24,NH,520,520,100.00
20,204,9IIFL28,Y0,6,6,100.00
20,205,9IIFL28A,NT,272,272,100.00
20,206,9MMFSML,N2,350,350,100.00
20,207,9PCHFL31A,NA,192,192,100.00
20,208,9SCL25,YM,25,25,100.00
20,209,9SCL26BA,NA,50,50,100.00
20,210,AAATECH,EQ,70853,15113,21.33
20,211,AADHARHFC,EQ,421429,189326,44.92
20,212,AAREYDRUGS,EQ,109444,64531,58.96
20,213,AARON,EQ,7885,3593,45.57
20,214,AARTIDRUGS,EQ,92498,47905,51.79
20,215,AARTIIND,EQ,1623141,448250,27.62
20,216,AARTIPHARM,EQ,218685,100019,45.74
20,217,AARTISURF,EQ,20510,10927,53.28
20,218,AARVI,EQ,45684,30438,66.63
20,219,AATMAJ,SM,18000,18000,100.00
20,220,AAVAS,EQ,140873,79911,56.73
20,221,ABAN,EQ,75819,54176,71.45
20,222,ABB,EQ,271285,115615,42.62
20,223,ABBOTINDIA,EQ,9090,2450,26.95
20,224,ABCAPITAL,EQ,5526602,2024252,36.63
20,225,ABDL,EQ,707224,351363,49.68
20,226,ABFRL,EQ,2550752,827623,32.45
20,227,ABGSEC,EQ,1227,1227,100.00
20,228,ABINFRA,SM,40000,40000,100.00
20,229,ABSLAMC,EQ,459443,268241,58.38
20,230,ABSLBANETF,EQ,89397,74991,83.89
20,231,ABSLLIQUID,EQ,22636,22557,99.65
20,232,ABSLNN50ET,EQ,19565,12971,66.30
20,233,ABSLPSE,EQ,528708,291206,55.08
20,234,ABSMARINE,SM,104000,58000,55.77
20,235,ACC,EQ,430887,210372,48.82
20,236,ACCELYA,EQ,19421,11668,60.08
20,237,ACCENTMIC,SM,25000,19000,76.00
20,238,ACE,EQ,434637,178130,40.98
20,239,ACEINTEG,EQ,53768,23351,43.43
20,240,ACI,EQ,721047,260423,36.12
20,241,ACL,EQ,74477,45128,60.59
20,242,ACLGATI,EQ,585619,356165,60.82
20,243,ACSAL,SM,57000,30000,52.63
20,244,ADANIENSOL,EQ,11968412,4864286,40.64
20,245,ADANIENT,EQ,2125201,714767,33.63
20,246,ADANIGREEN,EQ,1125446,364565,32.39
20,247,ADANIPORTS,EQ,3159971,1144036,36.20
20,248,ADANIPOWER,EQ,14694147,8281236,56.36
20,249,ADFFOODS,EQ,154552,68129,44.08
20,250,ADL,EQ,11668,3561,30.52
20,251,ADORWELD,EQ,42522,25198,59.26
20,252,ADROITINFO,EQ,22167,13512,60.96
20,253,ADROITPP1,E1,2100,2100,100.00
20,254,ADSL,EQ,462414,204244,44.17
20,255,ADVANIHOTR,EQ,186950,93995,50.28
20,256,ADVENZYMES,EQ,280211,131987,47.10
20,257,AEGISLOG,EQ,739107,553745,74.92
20,258,AEROFLEX,EQ,1088769,627304,57.62
20,259,AETHER,EQ,57568,26761,46.49
20,260,AFFLE,EQ,612041,252669,41.28
20,261,AFIL,EQ,104852,42308,40.35
20,262,AGARIND,EQ,51795,22579,43.59
20,263,AGARWALFT,ST,12000,9000,75.00
20,264,AGI,EQ,123794,53002,42.81
20,265,AGIIL,EQ,929,480,51.67
20,266,AGNI,SM,92500,65000,70.27
20,267,AGRITECH,EQ,30021,15067,50.19
20,268,AGROPHOS,EQ,93652,46598,49.76
20,269,AGSTRA,EQ,308128,147858,47.99
20,270,AGUL,SM,4000,4000,100.00
20,271,AHL,EQ,712473,176283,24.74
20,272,AHLEAST,EQ,11668,8118,69.57
20,273,AHLUCONT,EQ,52728,25020,47.45
20,274,AIAENG,EQ,55105,18510,33.59
20,275,AIIL,EQ,30761,15643,50.85
20,276,AILIMITED,ST,12000,12000,100.00
20,277,AIMTRON,ST,67200,66400,98.81
20,278,AIRAN,EQ,536807,284024,52.91
20,279,AIROLAM,EQ,12668,4429,34.96
20,280,AIRTELPP,E1,380086,341268,89.79
20,281,AJANTPHARM,EQ,120355,51472,42.77
20,282,AJOONI,EQ,3301261,1740613,52.73
20,283,AKANKSHA,ST,68000,64000,94.12
20,284,AKASH,EQ,15004,8555,57.02
20,285,AKG,EQ,222133,159394,71.76
20,286,AKI,EQ,108234,60820,56.19
20,287,AKIKO,SM,19200,12800,66.67
20,288,AKSHAR,EQ,882103,697916,79.12
20,289,AKSHARCHEM,EQ,28077,13248,47.18
20,290,AKSHOPTFBR,EQ,248049,156410,63.06
20,291,AKUMS,EQ,23470747,11619635,49.51
20,292,AKZOINDIA,EQ,48654,39504,81.19
20,293,ALANKIT,EQ,2354319,723661,30.74
20,294,ALBERTDAVD,EQ,7230,3403,47.07
20,295,ALEMBICLTD,EQ,1285353,475973,37.03
20,296,ALICON,EQ,23005,10180,44.25
20,297,ALKALI,EQ,16600,5991,36.09
20,298,ALKEM,EQ,295096,138200,46.83
20,299,ALKYLAMINE,EQ,68505,25143,36.70
20,300,ALLCARGO,EQ,1847878,957081,51.79
20,301,ALLETEC,SM,80400,48000,59.70
20,302,ALLSEC,EQ,34127,14737,43.18
20,303,ALMONDZ,EQ,729735,422204,57.86
20,304,ALOKINDS,EQ,19976921,5293644,26.50
20,305,ALPA,EQ,120702,68884,57.07
20,306,ALPEXSOLAR,ST,79200,71600,90.40
20,307,ALPHA,EQ,2105952,1594331,75.71
20,308,ALPHAETF,EQ,3783919,2406140,63.59
20,309,ALPL30IETF,EQ,1707304,1617721,94.75
20,310,ALUWIND,ST,39000,36000,92.31
20,311,AMBANIORGO,SM,7000,7000,100.00
20,312,AMBER,EQ,89239,35586,39.88
20,313,AMBEY,SM,122000,92000,75.41
20,314,AMBICAAGAR,EQ,10552,5108,48.41
20,315,AMBIKCO,EQ,66133,27039,40.89
20,316,AMBUJACEM,EQ,2519055,1137043,45.14
20,317,AMDIND,EQ,27492,18589,67.62
20,318,AMEYA,SM,22000,20000,90.91
20,319,AMIABLE,SM,4800,4800,100.00
20,320,AMIORG,EQ,187858,97361,51.83
20,321,AMNPLST,EQ,525660,63853,12.15
20,322,AMRUTANJAN,EQ,20897,11457,54.83
20,323,ANANDRATHI,EQ,27598,17209,62.36
20,324,ANANTRAJ,EQ,1307091,505952,38.71
20,325,ANDHRAPAP,EQ,290617,150463,51.77
20,326,ANDHRSUGAR,EQ,297434,125756,42.28
20,327,ANGELONE,EQ,932734,405474,43.47
20,328,ANLON,ST,2800,2800,100.00
20,329,ANNAPURNA,SM,48000,32500,67.71
20,330,ANTGRAPHIC,EQ,2613392,1438989,55.06
20,331,ANUP,EQ,39117,21183,54.15
20,332,ANURAS,EQ,111255,53332,47.94
20,333,APARINDS,EQ,214333,122484,57.15
20,334,APCL,EQ,23767,12192,51.30
20,335,APCOTEXIND,EQ,36173,22077,61.03
20,336,APEX,EQ,277892,111818,40.24
20,337,APLAPOLLO,EQ,264836,143120,54.04
20,338,APLLTD,EQ,116887,49895,42.69
20,339,APOLLO,EQ,2237064,1036861,46.35
20,340,APOLLOHOSP,EQ,334936,176787,52.78
20,341,APOLLOPIPE,EQ,87895,42534,48.39
20,342,APOLLOTYRE,EQ,1205402,347975,28.87
20,343,APOLSINHOT,EQ,2798,1203,42.99
20,344,APRAMEYA,ST,212000,194000,91.51
20,345,APS,ST,46500,40000,86.02
20,346,APTECHT,EQ,206238,85631,41.52
20,347,APTUS,EQ,1031680,820434,79.52
20,348,ARABIAN,SM,4000,4000,100.00
20,349,ARCHIDPLY,EQ,1368718,510370,37.29
20,350,ARCHIES,EQ,37635,26179,69.56
20,351,ARE&M,EQ,1523884,841379,55.21
20,352,ARENTERP,EQ,60375,11250,18.63
20,353,ARHAM,SM,11000,11000,100.00
20,354,ARIES,EQ,107282,39024,36.38
20,355,ARIHANTACA,SM,2400,2400,100.00
20,356,ARIHANTCAP,EQ,979532,240569,24.56
20,357,ARIHANTSUP,EQ,42797,17786,41.56
20,358,ARISTO,SM,11200,8000,71.43
20,359,ARMANFIN,EQ,32429,17768,54.79
20,360,AROGRANITE,EQ,87195,42029,48.20
20,361,ARROWGREEN,EQ,2008823,541559,26.96
20,362,ARTEMISMED,EQ,192236,111480,57.99
20,363,ARTNIRMAN,EQ,28921,23915,82.69
20,364,ARVIND,EQ,7154645,2043068,28.56
20,365,ARVINDFASN,EQ,624478,280069,44.85
20,366,ARVSMART,EQ,89070,37209,41.78
20,367,ASAHIINDIA,EQ,125530,44806,35.69
20,368,ASAHISONG,EQ,33221,19391,58.37
20,369,ASAL,EQ,77123,25830,33.49
20,370,ASALCBR,EQ,57253,24693,43.13
20,371,ASHALOG,ST,1410000,1402000,99.43
20,372,ASHAPURMIN,EQ,211267,109564,51.86
20,373,ASHIANA,EQ,93284,57742,61.90
20,374,ASHIMASYN,EQ,1170313,649340,55.48
20,375,ASHOKA,EQ,1925660,870630,45.21
20,376,ASHOKAMET,EQ,66055,48828,73.92
20,377,ASHOKLEY,EQ,11070020,4973697,44.93
20,378,ASIANENE,EQ,177870,109284,61.44
20,379,ASIANHOTNR,EQ,7887,5153,65.34
20,380,ASIANPAINT,EQ,885743,449253,50.72
20,381,ASIANTILES,EQ,4897230,2439928,49.82
20,382,ASKAUTOLTD,EQ,352951,144104,40.83
20,383,ASMS,EQ,40450,40450,100.00
20,384,ASPINWALL,EQ,11131,5279,47.43
20,385,ASPIRE,SM,36000,32000,88.89
20,386,ASTEC,EQ,33766,16702,49.46
20,387,ASTERDM,EQ,3121832,1748852,56.02
20,388,ASTRAL,EQ,380127,187321,49.28
20,389,ASTRAMICRO,EQ,342952,161241,47.02
20,390,ASTRAZEN,EQ,20565,4951,24.07
20,391,ATAM,EQ,87479,58264,66.60
20,392,ATFL,EQ,82425,44592,54.10
20,393,ATGL,EQ,2721776,919852,33.80
20,394,ATL,EQ,492813,265577,53.89
20,395,ATMASTCO,ST,146400,137600,93.99
20,396,ATUL,EQ,51463,14527,28.23
20,397,AUBANK,EQ,1635549,826070,50.51
20,398,AURDIS,SM,18000,10500,58.33
20,399,AURIONPRO,EQ,72696,49259,67.76
20,400,AUROIMPEX,SM,38400,32000,83.33
20,401,AUROPHARMA,EQ,846788,437161,51.63
20,402,AURUM,EQ,940186,362084,38.51
20,403,AURUMPP1,E1,47584,37693,79.21
20,404,AUTOAXLES,EQ,17111,8872,51.85
20,405,AUTOBEES,EQ,296839,190202,64.08
20,406,AUTOIETF,EQ,1341081,320077,23.87
20,407,AUTOIND,EQ,566561,145018,25.60
20,408,AVADHSUGAR,EQ,64519,25072,38.86
20,409,AVALON,EQ,50054,22828,45.61
20,410,AVANTEL,EQ,646183,349615,54.10
20,411,AVANTIFEED,EQ,1446210,470219,32.51
20,412,AVG,EQ,37898,20403,53.84
20,413,AVPINFRA,SM,164800,128000,77.67
20,414,AVROIND,EQ,90374,56014,61.98
20,415,AVTNPL,EQ,4945731,784585,15.86
20,416,AWFIS,EQ,121162,57482,47.44
20,417,AWHCL,EQ,259577,92925,35.80
20,418,AWL,EQ,12339179,4446211,36.03
20,419,AXISBANK,EQ,8571122,5001239,58.35
20,420,AXISBNKETF,EQ,1242,1057,85.10
20,421,AXISBPSETF,EQ,48865,46089,94.32
20,422,AXISCADES,EQ,1232044,219012,17.78
20,423,AXISCETF,EQ,7982,7589,95.08
20,424,AXISGOLD,EQ,1828846,1755079,95.97
20,425,AXISHCETF,EQ,19864,12664,63.75
20,426,AXISILVER,EQ,207686,189698,91.34
20,427,AXISNIFTY,EQ,8342,6929,83.06
20,428,AXISTECETF,EQ,7450,6442,86.47
20,429,AXITA,EQ,3557819,1208010,33.95
20,430,AXSENSEX,EQ,741,671,90.55
20,431,AYMSYNTEX,EQ,1291473,413013,31.98
20,432,AZAD,EQ,153143,91840,59.97
20,433,BABAFP,SM,44800,33600,75.00
20,434,BAGFILMS,EQ,1168746,552643,47.29
20,435,BAHETI,SM,3750,3000,80.00
20,436,BAIDFIN,EQ,1822852,639686,35.09
20,437,BAJAJ-AUTO,EQ,246541,132267,53.65
20,438,BAJAJCON,EQ,1393638,406598,29.18
20,439,BAJAJELEC,EQ,275235,61966,22.51
20,440,BAJAJFINSV,EQ,1897942,1078408,56.82
20,441,BAJAJHCARE,EQ,195287,83599,42.81
20,442,BAJAJHIND,EQ,17677863,5972280,33.78
20,443,BAJAJHLDNG,EQ,27023,11064,40.94
20,444,BAJEL,EQ,413165,208117,50.37
20,445,BAJFINANCE,EQ,891828,421317,47.24
20,446,BALAJITELE,EQ,378345,131090,34.65
20,447,BALAMINES,EQ,72113,28700,39.80
20,448,BALAXI,EQ,44007,11824,26.87
20,449,BALKRISHNA,EQ,67313,38142,56.66
20,450,BALKRISIND,EQ,424685,267563,63.00
20,451,BALMLAWRIE,EQ,500480,232520,46.46
20,452,BALPHARMA,EQ,61011,28553,46.80
20,453,BALRAMCHIN,EQ,2988487,792844,26.53
20,454,BALUFORGE,EQ,1310100,715237,54.59
20,455,BANARBEADS,EQ,12771,5511,43.15
20,456,BANARISUG,EQ,4325,2249,52.00
20,457,BANCOINDIA,EQ,159617,74328,46.57
20,458,BANDHANBNK,EQ,9201678,3802726,41.33
20,459,BANG,EQ,72078,42199,58.55
20,460,BANKBARODA,EQ,22617452,10847089,47.96
20,461,BANKBEES,EQ,944074,599495,63.50
20,462,BANKBETF,EQ,29762,28835,96.89
20,463,BANKETF,EQ,4755,4475,94.11
20,464,BANKETFADD,EQ,34700,26328,75.87
20,465,BANKIETF,EQ,192671,110954,57.59
20,466,BANKINDIA,EQ,8017235,3261085,40.68
20,467,BANKNIFTY1,EQ,47262,15976,33.80
20,468,BANSALWIRE,EQ,476085,244355,51.33
20,469,BANSWRAS,EQ,506996,120979,23.86
20,470,BARBEQUE,EQ,186996,125730,67.24
20,471,BASF,EQ,32120,10881,33.88
20,472,BASILIC,ST,52800,46800,88.64
20,473,BASML,EQ,675563,310002,45.89
20,474,BATAINDIA,EQ,516740,137234,26.56
20,475,BAWEJA,SM,92800,36000,38.79
20,476,BAYERCROP,EQ,16177,9824,60.73
20,477,BBETF0432,EQ,4154,3613,86.98
20,478,BBL,EQ,31845,13070,41.04
20,479,BBNPNBETF,EQ,1065,499,46.85
20,480,BBNPPGOLD,EQ,215,148,68.84
20,481,BBTC,EQ,123479,48329,39.14
20,482,BBTCL,EQ,2555,1630,63.80
20,483,BCLIND,EQ,1476950,428351,29.00
20,484,BCONCEPTS,EQ,18127,11308,62.38
20,485,BDL,EQ,1644757,556028,33.81
20,486,BEACON,SM,118000,72000,61.02
20,487,BEARDSELL,EQ,64568,24889,38.55
20,488,BECTORFOOD,EQ,86129,50274,58.37
20,489,BEDMUTHA,EQ,6151,3522,57.26
20,490,BEL,EQ,39171936,14419503,36.81
20,491,BEML,EQ,864964,247697,28.64
20,492,BEPL,EQ,1572883,624983,39.73
20,493,BERGEPAINT,EQ,551170,249780,45.32
20,494,BESTAGRO,EQ,48934,15734,32.15
20,495,BETA,SM,4200,3200,76.19
20,496,BEWLTD,SM,1000,750,75.00
20,497,BFINVEST,EQ,63729,26547,41.66
20,498,BFSI,EQ,464408,323632,69.69
20,499,BFUTILITIE,EQ,127001,40963,32.25
20,500,BHAGCHEM,EQ,178271,82584,46.32
20,501,BHAGERIA,EQ,38540,15125,39.24
20,502,BHAGYANGR,EQ,99142,44632,45.02
20,503,BHANDARI,EQ,886509,421283,47.52
20,504,BHARATFORG,EQ,2039941,1075004,52.70
20,505,BHARATGEAR,EQ,29082,21672,74.52
20,506,BHARATRAS,EQ,7098,3946,55.59
20,507,BHARATWIRE,EQ,145809,63225,43.36
20,508,BHARTIARTL,EQ,8249573,4270372,51.76
20,509,BHARTIHEXA,EQ,1122135,732546,65.28
20,510,BHEL,EQ,17719054,5182354,29.25
20,511,BHINVIT,IV,349846,330811,94.56
20,512,BIGBLOC,EQ,122588,57905,47.24
20,513,BIKAJI,EQ,931461,277551,29.80
20,514,BINANIIND,EQ,14969,9629,64.33
20,515,BIOCON,EQ,2981838,973422,32.65
20,516,BIOFILCHEM,EQ,17418,7359,42.25
20,517,BIRDYS,ST,14400,12000,83.33
20,518,BIRET,RR,67043,58548,87.33
20,519,BIRLACABLE,EQ,191954,51604,26.88
20,520,BIRLACORPN,EQ,63649,31388,49.31
20,521,BIRLAMONEY,EQ,261970,101642,38.80
20,522,BLAL,EQ,343218,148731,43.33
20,523,BLISSGVS,EQ,703448,297967,42.36
20,524,BLKASHYAP,EQ,1386487,629833,45.43
20,525,BLS,EQ,29294696,4190571,14.30
20,526,BLSE,EQ,1413768,496273,35.10
20,527,BLUEDART,EQ,33420,23004,68.83
20,528,BLUEJET,EQ,1476170,546114,37.00
20,529,BLUEPEBBLE,SM,14400,8800,61.11
20,530,BLUESTARCO,EQ,765159,252495,33.00
20,531,BMETRICS,SM,3200,3200,100.00
20,532,BODALCHEM,EQ,795911,304162,38.22
20,533,BOMDYEING,EQ,4633123,1241489,26.80
20,534,BOROLTD,EQ,217334,89899,41.36
20,535,BORORENEW,EQ,1160598,440128,37.92
20,536,BOROSCI,EQ,115422,57205,49.56
20,537,BOSCHLTD,EQ,29693,11891,40.05
20,538,BPCL,EQ,13702018,6222895,45.42
20,539,BRIGADE,EQ,1324247,395083,29.83
20,540,BRIGHT,SZ,210000,210000,100.00
20,541,BRITANNIA,EQ,727869,250282,34.39
20,542,BROOKS,EQ,472250,186119,39.41
20,543,BSE,EQ,912824,456519,50.01
20,544,BSE500IETF,EQ,2654600,1474508,55.55
20,545,BSHSL,EQ,43881,24860,56.65
20,546,BSL,EQ,877649,141014,16.07
20,547,BSLGOLDETF,EQ,74964,58066,77.46
20,548,BSLNIFTY,EQ,515404,350148,67.94
20,549,BSLSENETFG,EQ,9342,6999,74.92
20,550,BSOFT,EQ,6149954,2010679,32.69
20,551,BULKCORP,ST,840000,840000,100.00
20,552,BUTTERFLY,EQ,11022,5156,46.78
20,553,BVCL,EQ,42418,18092,42.65
20,554,CADSYS,SM,24500,19000,77.55
20,555,CAGL25,N8,504,502,99.60
20,556,CAGL28,NE,65,65,100.00
20,557,CALSOFT,EQ,16639,11955,71.85
20,558,CAMLINFINE,EQ,837118,339586,40.57
20,559,CAMPUS,EQ,922671,260768,28.26
20,560,CAMS,EQ,856608,275854,32.20
20,561,CANARYS,ST,72000,56000,77.78
20,562,CANBK,EQ,18760783,7148217,38.10
20,563,CANFINHOME,EQ,685408,262592,38.31
20,564,CANTABIL,EQ,453198,156797,34.60
20,565,CAPACITE,EQ,1434093,421416,29.39
20,566,CAPITALSFB,EQ,89967,60181,66.89
20,567,CAPLIPOINT,EQ,92911,38682,41.63
20,568,CAPTRUST,EQ,34815,11757,33.77
20,569,CARBORUNIV,EQ,218681,105353,48.18
20,570,CAREERP,EQ,65754,33826,51.44
20,571,CARERATING,EQ,45015,26189,58.18
20,572,CARTRADE,EQ,486317,182006,37.43
20,573,CARYSIL,EQ,68914,32947,47.81
20,574,CASTROLIND,EQ,6972431,2288286,32.82
20,575,CBAZAAR,SM,32000,24000,75.00
20,576,CCL,EQ,155437,69872,44.95
20,577,CDSL,EQ,1494638,643160,43.03
20,578,CEATLTD,EQ,145885,70767,48.51
20,579,CELEBRITY,EQ,468597,260286,55.55
20,580,CELLECOR,SM,70800,45000,63.56
20,581,CELLO,EQ,79170,48570,61.35
20,582,CELLPOINT,SM,19200,12000,62.50
20,583,CENTENKA,EQ,2055365,484809,23.59
20,584,CENTEXT,EQ,356013,183146,51.44
20,585,CENTRALBK,EQ,7410449,2265201,30.57
20,586,CENTRUM,EQ,753903,323215,42.87
20,587,CENTUM,EQ,21906,6943,31.69
20,588,CENTURYPLY,EQ,144078,50099,34.77
20,589,CENTURYTEX,EQ,225290,73225,32.50
20,590,CERA,EQ,280312,109550,39.08
20,591,CEREBRAINT,EQ,914184,714544,78.16
20,592,CESC,EQ,7581263,2479168,32.70
20,593,CGCL,EQ,176198,71125,40.37
20,594,CGPOWER,EQ,2812030,1705587,60.65
20,595,CGRAPHICS,SM,131200,91200,69.51
20,596,CHALET,EQ,83463,44068,52.80
20,597,CHAMBLFERT,EQ,3946675,1318457,33.41
20,598,CHAVDA,SM,52000,35000,67.31
20,599,CHEMBOND,EQ,41556,22130,53.25
20,600,CHEMCON,EQ,93951,43857,46.68
20,601,CHEMFAB,EQ,25515,18289,71.68
20,602,CHEMPLASTS,EQ,543667,307868,56.63
20,603,CHENNPETRO,EQ,927765,339795,36.63
20,604,CHETANA,ST,216000,201600,93.33
20,605,CHEVIOT,EQ,83463,30903,37.03
20,606,CHOICEIN,EQ,282676,72897,25.79
20,607,CHOLAFIN,EQ,1039991,438989,42.21
20,608,CHOLAHLDNG,EQ,90021,47969,53.29
20,609,CIEINDIA,EQ,344332,208829,60.65
20,610,CIGNITITEC,EQ,61507,39413,64.08
20,611,CINELINE,EQ,20661,10589,51.25
20,612,CINEVISTA,EQ,24648,17551,71.21
20,613,CIPLA,EQ,1775016,1093598,61.61
20,614,CLEAN,EQ,304027,111855,36.79
20,615,CLEDUCATE,EQ,93531,45689,48.85
20,616,CLOUD,ST,148000,122000,82.43
20,617,CLSEL,EQ,222529,114665,51.53
20,618,CLSL,SM,54000,26000,48.15
20,619,CMMIPL,ST,21000,18000,85.71
20,620,CMNL,SM,60000,45000,75.00
20,621,CMRSL,SM,14400,8800,61.11
20,622,CMSINFO,EQ,427670,255901,59.84
20,623,COALINDIA,EQ,7142269,2946039,41.25
20,624,COASTCORP,EQ,41896,24277,57.95
20,625,COCHINSHIP,EQ,2323913,985321,42.40
20,626,COFFEEDAY,EQ,1304923,588168,45.07
20,627,COFORGE,EQ,374311,168214,44.94
20,628,COLPAL,EQ,428845,193253,45.06
20,629,COMMITTED,SM,27200,19200,70.59
20,630,COMMOIETF,EQ,85543,46721,54.62
20,631,COMPUSOFT,EQ,91880,45071,49.05
20,632,COMSYN,EQ,58185,17455,30.00
20,633,CONCOR,EQ,1774810,638464,35.97
20,634,CONCORDBIO,EQ,122665,82626,67.36
20,635,CONFIPET,EQ,1301984,560168,43.02
20,636,CONS,EQ,55709,47863,85.92
20,637,CONSOFINVT,EQ,21367,10876,50.90
20,638,CONSUMBEES,EQ,72735,49730,68.37
20,639,CONSUMIETF,EQ,50272,24686,49.10
20,640,CONTI,ST,26664,26664,100.00
20,641,CONTROLPR,EQ,19886,12106,60.88
20,642,COOLCAPS,SM,1750,1750,100.00
20,643,CORALFINAC,EQ,58358,27681,47.43
20,644,COROMANDEL,EQ,457049,207239,45.34
20,645,COSMOFIRST,EQ,108722,47258,43.47
20,646,COUNCODOS,EQ,222808,148286,66.55
20,647,CPS,SM,1200,1200,100.00
20,648,CPSEETF,EQ,13558537,8970344,66.16
20,649,CRAFTSMAN,EQ,80590,67127,83.29
20,650,CRAYONS,SM,40000,31000,77.50
20,651,CREATIVE,EQ,12461,4852,38.94
20,652,CREDITACC,EQ,291212,203122,69.75
20,653,CREST,EQ,59405,33265,56.00
20,654,CRISIL,EQ,22399,11987,53.52
20,655,CROMPTON,EQ,2452416,986438,40.22
20,656,CSBBANK,EQ,278817,110118,39.49
20,657,CSLFINANCE,EQ,55581,26453,47.59
20,658,CUB,EQ,2769591,976643,35.26
20,659,CUMMINSIND,EQ,1367913,546552,39.96
20,660,CYBERMEDIA,EQ,175305,76069,43.39
20,661,CYBERTECH,EQ,244006,79597,32.62
20,662,CYIENT,EQ,636684,487938,76.64
20,663,CYIENTDLM,EQ,282041,109866,38.95
20,664,DABUR,EQ,1854542,813744,43.88
20,665,DALBHARAT,EQ,288669,155117,53.74
20,666,DALMIASUG,EQ,70210,27856,39.68
20,667,DAMODARIND,EQ,22010,11700,53.16
20,668,DANGEE,EQ,149519,106566,71.27
20,669,DATAMATICS,EQ,108970,35010,32.13
20,670,DATAPATTNS,EQ,344896,115399,33.46
20,671,DAVANGERE,EQ,6176989,3255678,52.71
20,672,DBCORP,EQ,242572,98412,40.57
20,673,DBL,EQ,263452,106714,40.51
20,674,DBOL,EQ,72113,29592,41.04
20,675,DBREALTY,EQ,3495224,1577866,45.14
20,676,DBSTOCKBRO,EQ,32866,6595,20.07
20,677,DCAL,EQ,1269415,458661,36.13
20,678,DCBBANK,EQ,2147881,1019034,47.44
20,679,DCG,ST,64800,62400,96.30
20,680,DCM,EQ,126814,60132,47.42
20,681,DCMFINSERV,EQ,32949,26403,80.13
20,682,DCMSHRIRAM,EQ,369743,98155,26.55
20,683,DCMSRIND,EQ,174888,87861,50.24
20,684,DCW,EQ,9717114,3592499,36.97
20,685,DECCANCE,EQ,42164,19120,45.35
20,686,DEEDEV,EQ,339652,98118,28.89
20,687,DEEM,SM,19000,15000,78.95
20,688,DEEPAKFERT,EQ,4402434,1006706,22.87
20,689,DEEPAKNTR,EQ,1625957,240489,14.79
20,690,DEEPENR,EQ,40628,24670,60.72
20,691,DEEPINDS,EQ,462634,185909,40.18
20,692,DELAPLEX,SM,6600,4800,72.73
20,693,DELHIVERY,EQ,7082445,4083448,57.66
20,694,DELTACORP,EQ,1376891,532334,38.66
20,695,DELTAMAGNT,EQ,18066,2053,11.36
20,696,DEN,EQ,2483587,1090020,43.89
20,697,DENEERS,SM,1800,1800,100.00
20,698,DENORA,EQ,13416,6850,51.06
20,699,DENTALKART,SM,21500,17000,79.07
20,700,DESTINY,SM,177000,174000,98.31
20,701,DEVIT,EQ,71999,30989,43.04
20,702,DEVYANI,EQ,5615383,1565039,27.87
20,703,DHAMPURSUG,EQ,442444,195230,44.13
20,704,DHANBANK,EQ,2453930,1224262,49.89
20,705,DHANI,EQ,7544665,1986656,26.33
20,706,DHANUKA,EQ,103673,37390,36.07
20,707,DHARMAJ,EQ,192804,72809,37.76
20,708,DHTL,SM,800,800,100.00
20,709,DHUNINV,EQ,3226,1647,51.05
20,710,DIAMINESQ,EQ,21911,9447,43.12
20,711,DIAMONDYD,EQ,17784,7105,39.95
20,712,DICIND,EQ,283998,44401,15.63
20,713,DIGIKORE,ST,7800,7600,97.44
20,714,DIL,EQ,758274,328544,43.33
20,715,DISHTV,EQ,13372227,3256766,24.35
20,716,DIVGIITTS,EQ,33834,18127,53.58
20,717,DIVISLAB,EQ,403211,148339,36.79
20,718,DIVOPPBEES,EQ,101134,56828,56.19
20,719,DIXON,EQ,488736,101421,20.75
20,720,DKEGL,SM,1500,1500,100.00
20,721,DLF,EQ,5035943,1531206,30.41
20,722,DLINKINDIA,EQ,285207,126525,44.36
20,723,DLSL25,NW,28,28,100.00
20,724,DLSLZC24,NQ,3,3,100.00
20,725,DMART,EQ,798720,341561,42.76
20,726,DMCC,EQ,23766,12044,50.68
20,727,DNAMEDIA,EQ,636998,354572,55.66
20,728,DODLA,EQ,75962,48179,63.43
20,729,DOLATALGO,EQ,5152264,1624210,31.52
20,730,DOLLAR,EQ,496061,238599,48.10
20,731,DOLLEX,SM,16000,16000,100.00
20,732,DOMS,EQ,177705,68656,38.63
20,733,DONEAR,EQ,944121,247744,26.24
20,734,DPABHUSHAN,EQ,9760,5779,59.21
20,735,DPEL,SM,117000,72000,61.54
20,736,DPSCLTD,EQ,1635554,717061,43.84
20,737,DPWIRES,EQ,34273,16787,48.98
20,738,DREAMFOLKS,EQ,90366,49736,55.04
20,739,DRONE,ST,153000,139000,90.85
20,740,DRREDDY,EQ,245427,141370,57.60
20,741,DSSL,EQ,37381,16145,43.19
20,742,DTIL,EQ,9163,5342,58.30
20,743,DTL,SM,27600,26400,95.65
20,744,DUCOL,ST,7200,5600,77.78
20,745,DUCON,EQ,190391,141052,74.09
20,746,DUGLOBAL,SM,90000,65000,72.22
20,747,DURLAX,SM,166000,108000,65.06
20,748,DVL,EQ,128977,50421,39.09
20,749,DWARKESH,EQ,909238,313348,34.46
20,750,DYCL,EQ,55474,20545,37.04
20,751,DYNAMATECH,EQ,11845,5929,50.05
20,752,DYNAMIC,SM,73000,44000,60.27
20,753,EASEMYTRIP,EQ,21988518,4422790,20.11
20,754,EBBETF0425,EQ,9425,8778,93.14
20,755,EBBETF0430,EQ,5008,3956,78.99
20,756,EBBETF0431,EQ,55265,53685,97.14
20,757,EBBETF0433,EQ,3630,3551,97.82
20,758,ECLERX,EQ,153297,110906,72.35
20,759,EDELWEISS,EQ,3642756,1688289,46.35
20,760,EFACTOR,SM,20000,16000,80.00
20,761,EFFWA,SM,96000,96000,100.00
20,762,EFORCE,SM,30000,25200,84.00
20,763,EGOLD,EQ,1620,1335,82.41
20,764,EICHERMOT,EQ,594238,308881,51.98
20,765,EIDPARRY,EQ,340829,159170,46.70
20,766,EIFFL,EQ,25365,16902,66.64
20,767,EIHAHOTELS,EQ,78954,22577,28.60
20,768,EIHOTEL,EQ,837423,460298,54.97
20,769,EKC,EQ,1292435,564444,43.67
20,770,ELDEHSG,EQ,5601,4282,76.45
20,771,ELECON,EQ,922787,545649,59.13
20,772,ELECTCAST,EQ,3369144,1620637,48.10
20,773,ELGIEQUIP,EQ,160729,67313,41.88
20,774,ELIN,EQ,1409212,332552,23.60
20,775,EMAMILTD,EQ,2258661,1120994,49.63
20,776,EMAMIPAP,EQ,91511,45074,49.26
20,777,EMAMIREAL,EQ,23987,14736,61.43
20,778,EMBASSY,RR,794228,714775,90.00
20,779,EMBDL,EQ,7875045,3162649,40.16
20,780,EMCURE,EQ,186401,91719,49.21
20,781,EMIL,EQ,278857,153280,54.97
20,782,EMKAYTOOLS,SM,600,600,100.00
20,783,EMMBI,EQ,66509,35033,52.67
20,784,EMMIL,SM,17000,11000,64.71
20,785,EMSLIMITED,EQ,839781,283116,33.71
20,786,EMUDHRA,EQ,207311,88264,42.58
20,787,ENDURANCE,EQ,49122,25130,51.16
20,788,ENERGYDEV,EQ,663214,414493,62.50
20,789,ENFUSE,ST,16800,16800,100.00
20,790,ENGINERSIN,EQ,5449560,2100765,38.55
20,791,ENIL,EQ,85485,35415,41.43
20,792,ENSER,SM,68000,46000,67.65
20,793,ENTERO,EQ,27129,13477,49.68
20,794,EPACK,EQ,707539,307302,43.43
20,795,EPIGRAL,EQ,131888,51263,38.87
20,796,EPL,EQ,566524,257493,45.45
20,797,EQUAL50ADD,EQ,20337,16846,82.83
20,798,EQUITASBNK,EQ,4467737,2345393,52.50
20,799,ERIS,EQ,126895,57519,45.33
20,800,EROSMEDIA,EQ,338157,154305,45.63
20,801,ESABINDIA,EQ,4866,2383,48.97
20,802,ESAFSFB,EQ,737787,453803,61.51
20,803,ESCONET,ST,37600,34400,91.49
20,804,ESCORTS,EQ,414341,208665,50.36
20,805,ESFL,SM,31200,22200,71.15
20,806,ESG,EQ,15398,10288,66.81
20,807,ESILVER,EQ,67722,66999,98.93
20,808,ESPRIT,ST,902400,811200,89.89
20,809,ESTER,EQ,602870,303758,50.39
20,810,ETHOSLTD,EQ,32655,14301,43.79
20,811,EUROBOND,SM,5000,4000,80.00
20,812,EUROTEXIND,EQ,17706,10610,59.92
20,813,EVEREADY,EQ,620550,243498,39.24
20,814,EVERESTIND,EQ,47448,26019,54.84
20,815,EVINDIA,EQ,979320,771408,78.77
20,816,EXCELINDUS,EQ,127224,43457,34.16
20,817,EXIDEIND,EQ,3256185,1125293,34.56
20,818,EXPLEOSOL,EQ,30770,14003,45.51
20,819,EXXARO,EQ,58831,36732,62.44
20,820,FACT,EQ,282489,57540,20.37
20,821,FAIRCHEMOR,EQ,66177,22793,34.44
20,822,FALCONTECH,SM,14400,13200,91.67
20,823,FAZE3Q,EQ,211096,87877,41.63
20,824,FCL,EQ,669253,196066,29.30
20,825,FCSSOFT,EQ,7208250,2870929,39.83
20,826,FDC,EQ,141492,57196,40.42
20,827,FEDERALBNK,EQ,7400639,3672835,49.63
20,828,FEDFINA,EQ,489260,235851,48.21
20,829,FELIX,SM,11500,7500,65.22
20,830,FIDEL,SM,16000,13000,81.25
20,831,FIEMIND,EQ,65587,31742,48.40
20,832,FILATEX,EQ,11958198,3710216,31.03
20,833,FILATFASH,EQ,18437877,7900310,42.85
20,834,FINCABLES,EQ,131553,53823,40.91
20,835,FINEORG,EQ,37427,17793,47.54
20,836,FINIETF,EQ,369826,116041,31.38
20,837,FINOPB,EQ,831018,387626,46.64
20,838,FINPIPE,EQ,457062,187800,41.09
20,839,FIVESTAR,EQ,300621,138401,46.04
20,840,FLAIR,EQ,72581,43647,60.14
20,841,FLUOROCHEM,EQ,87309,50077,57.36
20,842,FMCGIETF,EQ,520855,280781,53.91
20,843,FMGOETZE,EQ,127036,80014,62.99
20,844,FMNL,EQ,95314,57004,59.81
20,845,FOCE,SM,2000,2000,100.00
20,846,FOCUS,EQ,796200,346351,43.50
20,847,FONEBOX,SM,7000,5000,71.43
20,848,FOODSIN,EQ,497861,240866,48.38
20,849,FORCEMOT,EQ,35066,15815,45.10
20,850,FORTIS,EQ,2392736,1680822,70.25
20,851,FOSECOIND,EQ,18899,4853,25.68
20,852,FROG,SM,34800,26800,77.01
20,853,FSL,EQ,49846364,6078159,12.19
20,854,FUSION,EQ,168566,101310,60.10
20,855,GABRIEL,EQ,618877,189999,30.70
20,856,GAEL,EQ,895621,453037,50.58
20,857,GAIL,EQ,14389267,5434332,37.77
20,858,GALAXYSURF,EQ,14378,7426,51.65
20,859,GANDHAR,EQ,164258,85353,51.96
20,860,GANDHITUBE,EQ,3030,1859,61.35
20,861,GANECOS,EQ,59538,33919,56.97
20,862,GANESHBE,EQ,445489,185960,41.74
20,863,GANESHHOUC,EQ,68318,26876,39.34
20,864,GANGESSECU,EQ,5868,2125,36.21
20,865,GARFIBRES,EQ,25299,12827,50.70
20,866,GATECH,EQ,2256699,1548733,68.63
20,867,GATEWAY,EQ,964330,531724,55.14
20,868,GEECEE,EQ,14219,5720,40.23
20,869,GEEKAYWIRE,EQ,149275,79831,53.48
20,870,GENESYS,EQ,237125,98180,41.40
20,871,GENSOL,EQ,303426,146458,48.27
20,872,GENUSPAPER,EQ,4922763,1555901,31.61
20,873,GENUSPOWER,EQ,2590725,1375937,53.11
20,874,GEOJITFSL,EQ,783773,245252,31.29
20,875,GESHIP,EQ,1871723,635725,33.96
20,876,GFLLIMITED,EQ,143253,54574,38.10
20,877,GGBL,SM,168000,108600,64.64
20,878,GHCL,EQ,506946,179489,35.41
20,879,GHCLTEXTIL,EQ,6327255,1599196,25.27
20,880,GICHSGFIN,EQ,601559,292304,48.59
20,881,GICL,SM,60000,9000,15.00
20,882,GICRE,EQ,1771582,564101,31.84
20,883,GILLANDERS,EQ,10000,4877,48.77
20,884,GILLETTE,EQ,9760,4117,42.18
20,885,GILT5YBEES,EQ,355716,338949,95.29
20,886,GINNIFILA,EQ,107617,52629,48.90
20,887,GIPCL,EQ,407188,171379,42.09
20,888,GIRIRAJ,SM,250,250,100.00
20,889,GKWLIMITED,EQ,865,581,67.17
20,890,GLAND,EQ,581155,166364,28.63
20,891,GLAXO,EQ,176490,73819,41.83
20,892,GLENMARK,EQ,738077,370187,50.16
20,893,GLOBAL,EQ,87085,52742,60.56
20,894,GLOBUSSPR,EQ,127462,53114,41.67
20,895,GLOSTERLTD,EQ,34615,15784,45.60
20,896,GLS,EQ,224897,65039,28.92
20,897,GMBREW,EQ,69941,33969,48.57
20,898,GMDCLTD,EQ,1106452,403632,36.48
20,899,GMMPFAUDLR,EQ,131760,79533,60.36
20,900,GMRINFRA,EQ,24599252,9720718,39.52
20,901,GMRP&UI,EQ,4016298,1854804,46.18
20,902,GNA,EQ,49840,27989,56.16
20,903,GNFC,EQ,1128694,350528,31.06
20,904,GOACARBON,EQ,166149,36654,22.06
20,905,GOCLCORP,EQ,56571,25572,45.20
20,906,GOCOLORS,EQ,17811,8322,46.72
20,907,GODFRYPHLP,EQ,40109,11955,29.81
20,908,GODIGIT,EQ,2181287,2009382,92.12
20,909,GODREJAGRO,EQ,270500,100999,37.34
20,910,GODREJCP,EQ,1712241,1117878,65.29
20,911,GODREJIND,EQ,102399,37321,36.45
20,912,GODREJPROP,EQ,1984726,505949,25.49
20,913,GOKEX,EQ,3636379,758170,20.85
20,914,GOKUL,EQ,229205,118895,51.87
20,915,GOKULAGRO,EQ,1608004,449037,27.93
20,916,GOLD1,EQ,1127308,1052903,93.40
20,917,GOLDBEES,EQ,21329411,18175793,85.21
20,918,GOLDCASE,EQ,725912,662790,91.30
20,919,GOLDETF,EQ,267614,201479,75.29
20,920,GOLDETFADD,EQ,291844,287882,98.64
20,921,GOLDIAM,EQ,622080,250714,40.30
20,922,GOLDIETF,EQ,3627706,3330061,91.80
20,923,GOLDKART,ST,3750,3750,100.00
20,924,GOLDSHARE,EQ,229462,204775,89.24
20,925,GOLDSTAR,SM,573750,371250,64.71
20,926,GOLDTECH,EQ,91134,55566,60.97
20,927,GOODLUCK,EQ,70810,42836,60.49
20,928,GOPAL,EQ,150746,81404,54.00
20,929,GOYALALUM,EQ,213570,135465,63.43
20,930,GOYALSALT,SM,24600,19200,78.05
20,931,GPECO,SM,134400,73200,54.46
20,932,GPIL,EQ,561818,313048,55.72
20,933,GPPL,EQ,2752884,1174500,42.66
20,934,GPTHEALTH,EQ,299313,150605,50.32
20,935,GPTINFRA,EQ,493468,291020,58.97
20,936,GRANULES,EQ,2321479,579535,24.96
20,937,GRAPHISAD,SM,26400,20400,77.27
20,938,GRAPHITE,EQ,4661080,741322,15.90
20,939,GRASIM,EQ,813893,413276,50.78
20,940,GRAVITA,EQ,1299317,258453,19.89
20,941,GREAVESCOT,EQ,2218380,835129,37.65
20,942,GREENCHEF,SM,44000,32800,74.55
20,943,GREENLAM,EQ,22097,8963,40.56
20,944,GREENPANEL,EQ,867322,243452,28.07
20,945,GREENPLY,EQ,1007114,330127,32.78
20,946,GREENPOWER,EQ,13450458,6784177,50.44
20,947,GRETEX,ST,3000,3000,100.00
20,948,GRINDWELL,EQ,48662,31488,64.71
20,949,GRINFRA,EQ,83975,57114,68.01
20,950,GRMOVER,EQ,272857,116319,42.63
20,951,GROBTEA,EQ,222,142,63.96
20,952,GRSE,EQ,1283335,532546,41.50
20,953,GRWRHITECH,EQ,50169,20734,41.33
20,954,GSEC10IETF,EQ,1563,1257,80.42
20,955,GSEC10YEAR,EQ,4916,2503,50.92
20,956,GSEC5IETF,EQ,353,290,82.15
20,957,GSFC,EQ,2388695,874894,36.63
20,958,GSLSU,EQ,104104,51860,49.82
20,959,GSMFOILS,ST,16000,16000,100.00
20,960,GSPL,EQ,1636409,810071,49.50
20,961,GSTL,SM,34000,27000,79.41
20,962,GTL,EQ,2305260,1198293,51.98
20,963,GTLINFRA,EQ,288311964,92666309,32.14
20,964,GTPL,EQ,49848,25018,50.19
20,965,GUFICBIO,EQ,97615,54898,56.24
20,966,GUJALKALI,EQ,71127,28386,39.91
20,967,GUJAPOLLO,EQ,4509,3300,73.19
20,968,GUJGASLTD,EQ,659101,145029,22.00
20,969,GUJRAFFIA,EQ,12982,6524,50.25
20,970,GULFOILLUB,EQ,324023,159154,49.12
20,971,GULFPETRO,EQ,609378,172248,28.27
20,972,GULPOLY,EQ,142174,56130,39.48
20,973,GVPTECH,EQ,171678,138266,80.54
20,974,HAL,EQ,2117464,662788,31.30
20,975,HAPPSTMNDS,EQ,325265,155364,47.77
20,976,HAPPYFORGE,EQ,50210,34189,68.09
20,977,HARDWYN,EQ,189086,107347,56.77
20,978,HARIOMPIPE,EQ,189937,92912,48.92
20,979,HARRMALAYA,EQ,67604,31804,47.04
20,980,HARSHA,EQ,133544,51847,38.82
20,981,HATHWAY,EQ,11969512,4024773,33.63
20,982,HATSUN,EQ,33378,15667,46.94
20,983,HAVELLS,EQ,656243,386482,58.89
20,984,HAVISHA,EQ,87586,49402,56.40
20,985,HBLPOWER,EQ,1900207,746590,39.29
20,986,HCC,EQ,60827330,21478679,35.31
20,987,HCG,EQ,106650,76508,71.74
20,988,HCL-INSYS,EQ,376837,285499,75.76
20,989,HCLTECH,EQ,2138704,1057396,49.44
20,990,HDFCAMC,EQ,704510,411909,58.47
20,991,HDFCBANK,EQ,22558025,14545393,64.48
20,992,HDFCBSE500,EQ,64654,43355,67.06
20,993,HDFCGOLD,EQ,3299897,2431482,73.68
20,994,HDFCGROWTH,EQ,9897,4782,48.32
20,995,HDFCLIFE,EQ,6106310,3142129,51.46
20,996,HDFCLIQUID,EQ,7991,6041,75.60
20,997,HDFCLOWVOL,EQ,53341,36764,68.92
20,998,HDFCMID150,EQ,877900,581856,66.28
20,999,HDFCMOMENT,EQ,383281,279480,72.92
20,1000,HDFCNEXT50,EQ,111925,68758,61.43
20,1001,HDFCNIF100,EQ,55866,50204,89.87
20,1002,HDFCNIFBAN,EQ,39488,33107,83.84
20,1003,HDFCNIFIT,EQ,47609,42537,89.35
20,1004,HDFCNIFTY,EQ,97178,71093,73.16
20,1005,HDFCPSUBK,EQ,49004,43433,88.63
20,1006,HDFCPVTBAN,EQ,319144,247953,77.69
20,1007,HDFCQUAL,EQ,35342,31424,88.91
20,1008,HDFCSENSEX,EQ,142093,86508,60.88
20,1009,HDFCSILVER,EQ,562243,512738,91.20
20,1010,HDFCSML250,EQ,896855,637988,71.14
20,1011,HDFCVALUE,EQ,7797,4828,61.92
20,1012,HEADSUP,EQ,71178,49016,68.86
20,1013,HEALTHADD,EQ,256,252,98.44
20,1014,HEALTHIETF,EQ,32021,21164,66.09
20,1015,HEALTHY,EQ,276466,171316,61.97
20,1016,HEG,EQ,259761,65582,25.25
20,1017,HEIDELBERG,EQ,264505,132835,50.22
20,1018,HEMIPROP,EQ,916365,394008,43.00
20,1019,HERANBA,EQ,51446,20097,39.06
20,1020,HERCULES,EQ,83631,45247,54.10
20,1021,HERITGFOOD,EQ,677526,406131,59.94
20,1022,HEROMOTOCO,EQ,552856,336823,60.92
20,1023,HESTERBIO,EQ,31127,13106,42.10
20,1024,HEUBACHIND,EQ,83559,34002,40.69
20,1025,HEXATRADEX,EQ,53859,37379,69.40
20,1026,HFCL,EQ,29474132,7857238,26.66
20,1027,HGINFRA,EQ,389356,183082,47.02
20,1028,HGS,EQ,198703,112030,56.38
20,1029,HIGREEN,SM,171200,100000,58.41
20,1030,HIKAL,EQ,279908,103135,36.85
20,1031,HIL,EQ,23224,8180,35.22
20,1032,HILTON,EQ,314786,120076,38.15
20,1033,HIMATSEIDE,EQ,2336991,740396,31.68
20,1034,HINDALCO,EQ,7063441,3063790,43.38
20,1035,HINDCOMPOS,EQ,17434,8797,50.46
20,1036,HINDCON,EQ,120623,80036,66.35
20,1037,HINDCOPPER,EQ,5590600,2160273,38.64
20,1038,HINDMOTORS,EQ,3177733,1486881,46.79
20,1039,HINDOILEXP,EQ,2999979,1105881,36.86
20,1040,HINDPETRO,EQ,10419295,5020337,48.18
20,1041,HINDUNILVR,EQ,2296031,1489954,64.89
20,1042,HINDWAREAP,EQ,97194,51190,52.67
20,1043,HINDZINC,EQ,490504,316838,64.59
20,1044,HIRECT,EQ,104017,47571,45.73
20,1045,HISARMETAL,EQ,6650,4118,61.92
20,1046,HITECH,EQ,776380,297863,38.37
20,1047,HITECHCORP,EQ,49264,20003,40.60
20,1048,HITECHGEAR,EQ,9895,6832,69.04
20,1049,HLEGLAS,EQ,190356,100128,52.60
20,1050,HLVLTD,EQ,569330,322527,56.65
20,1051,HMAAGRO,EQ,307056,180805,58.88
20,1052,HMVL,EQ,99816,34231,34.29
20,1053,HNDFDS,EQ,67935,33410,49.18
20,1054,HNGSNGBEES,EQ,118743,80473,67.77
20,1055,HOACFOODS,SM,6000,0,0.00
20,1056,HOLMARC,SM,6000,4500,75.00
20,1057,HOMEFIRST,EQ,479674,116926,24.38
20,1058,HOMESFY,SM,2100,1800,85.71
20,1059,HONASA,EQ,322492,165216,51.23
20,1060,HONAUT,EQ,26187,18018,68.81
20,1061,HONDAPOWER,EQ,12304,6456,52.47
20,1062,HOVS,EQ,15883,6219,39.16
20,1063,HPAL,EQ,217639,106751,49.05
20,1064,HPIL,EQ,4962,2156,43.45
20,1065,HPL,EQ,456118,226861,49.74
20,1066,HRHNEXT,SM,21000,21000,100.00
20,1067,HSCL,EQ,1710004,1278544,74.77
20,1068,HTMEDIA,EQ,685827,229524,33.47
20,1069,HUDCO,EQ,13874339,4890304,35.25
20,1070,HUHTAMAKI,EQ,777150,235029,30.24
20,1071,HYBRIDFIN,EQ,3556,3556,100.00
20,1072,IBLFL,SM,18000,16000,88.89
20,1073,ICCL25,NS,15,15,100.00
20,1074,ICEMAKE,EQ,115771,45947,39.69
20,1075,ICICIB22,EQ,1324586,711329,53.70
20,1076,ICICIBANK,EQ,13575619,6142127,45.24
20,1077,ICICIGI,EQ,493145,197557,40.06
20,1078,ICICIPRULI,EQ,1350870,635924,47.08
20,1079,ICIL,EQ,2007544,547067,27.25
20,1080,ICRA,EQ,11243,5871,52.22
20,1081,IDBI,EQ,21199574,5865900,27.67
20,1082,IDEA,EQ,327583325,108219935,33.04
20,1083,IDEAFORGE,EQ,872152,230830,26.47
20,1084,IDFC,EQ,5605953,2533917,45.20
20,1085,IDFCFIRSTB,EQ,25569309,10971938,42.91
20,1086,IDFNIFTYET,EQ,1015,834,82.17
20,1087,IEL,EQ,432383,306176,70.81
20,1088,IEML,SM,28000,21000,75.00
20,1089,IEX,EQ,18912678,4062691,21.48
20,1090,IFBIND,EQ,105023,41459,39.48
20,1091,IFCI,EQ,38406326,9181808,23.91
20,1092,IFCIZC24,NI,40,40,100.00
20,1093,IFGLEXPOR,EQ,14116,7440,52.71
20,1094,IGARASHI,EQ,99475,37759,37.96
20,1095,IGL,EQ,2790578,1024696,36.72
20,1096,IGPL,EQ,98218,34682,35.31
20,1097,IIFL,EQ,1018619,387329,38.02
20,1098,IIFLSEC,EQ,747966,327822,43.83
20,1099,IIFLZC24,NK,520,520,100.00
20,1100,IIFLZC25A,NP,99,99,100.00
20,1101,IIFLZC25B,NW,67,67,100.00
20,1102,IIFLZC25C,N8,50,50,100.00
20,1103,IIFLZC28,NG,110,110,100.00
20,1104,IIFLZC28A,NU,1,1,100.00
20,1105,IIFLZC28C,N6,60,60,100.00
20,1106,IITL,EQ,50432,50178,99.50
20,1107,IKIO,EQ,276057,110112,39.89
20,1108,IMAGICAA,EQ,8821140,2240454,25.40
20,1109,IMC1,N0,89,89,100.00
20,1110,IMC1,N2,360,360,100.00
20,1111,IMC1,N3,316,316,100.00
20,1112,IMFA,EQ,61048,33816,55.39
20,1113,IMPAL,EQ,4499,2055,45.68
20,1114,INCREDIBLE,EQ,41323,18646,45.12
20,1115,INDBANK,EQ,225530,95487,42.34
20,1116,INDGN,EQ,712715,452813,63.53
20,1117,INDHOTEL,EQ,2833495,1640359,57.89
20,1118,INDIACEM,EQ,3412080,1916643,56.17
20,1119,INDIAGLYCO,EQ,345583,128927,37.31
20,1120,INDIAMART,EQ,365005,193158,52.92
20,1121,INDIANB,EQ,1821803,822811,45.16
20,1122,INDIANCARD,EQ,15107,6985,46.24
20,1123,INDIANHUME,EQ,283352,95619,33.75
20,1124,INDIASHLTR,EQ,32573,19278,59.18
20,1125,INDIFRA,SM,8000,8000,100.00
20,1126,INDIGO,EQ,992747,613209,61.77
20,1127,INDIGOPNTS,EQ,70347,35708,50.76
20,1128,INDIGRID,IV,254593,218837,85.96
20,1129,INDINFR,IV,200000,200000,100.00
20,1130,INDNIPPON,EQ,174278,36502,20.94
20,1131,INDOAMIN,EQ,670970,161877,24.13
20,1132,INDOBORAX,EQ,49042,20583,41.97
20,1133,INDOCO,EQ,138529,42313,30.54
20,1134,INDORAMA,EQ,418164,168324,40.25
20,1135,INDOSTAR,EQ,471963,367104,77.78
20,1136,INDOTHAI,EQ,101340,65990,65.12
20,1137,INDRAMEDCO,EQ,6664869,1904896,28.58
20,1138,INDSWFTLAB,EQ,1081340,386438,35.74
20,1139,INDSWFTLTD,EQ,110944,56890,51.28
20,1140,INDTERRAIN,EQ,2098604,759218,36.18
20,1141,INDUSINDBK,EQ,2425599,1391875,57.38
20,1142,INDUSTOWER,EQ,13583635,7270437,53.52
20,1143,INFIBEAM,EQ,23444041,6920568,29.52
20,1144,INFINIUM,SM,6000,4500,75.00
20,1145,INFOBEAN,EQ,23493,11666,49.66
20,1146,INFOLLION,ST,6400,6400,100.00
20,1147,INFRABEES,EQ,24023,16463,68.53
20,1148,INFRAIETF,EQ,137209,77544,56.52
20,1149,INFY,EQ,7690163,4534327,58.96
20,1150,INGERRAND,EQ,133150,124458,93.47
20,1151,INM,SM,1200,1200,100.00
20,1152,INNOVACAP,EQ,82946,41901,50.52
20,1153,INNOVANA,SM,4000,2800,70.00
20,1154,INOXGREEN,EQ,2479227,1118751,45.12
20,1155,INOXINDIA,EQ,241530,118635,49.12
20,1156,INOXWIND,EQ,13131240,4516632,34.40
20,1157,INSECTICID,EQ,309954,104495,33.71
20,1158,INSPIRE,SM,38000,36000,94.74
20,1159,INSPIRISYS,EQ,60973,35580,58.35
20,1160,INTELLECT,EQ,128457,51960,40.45
20,1161,INTLCONV,EQ,152212,75557,49.64
20,1162,INVENTURE,EQ,8530018,3230752,37.88
20,1163,IOB,EQ,13453960,3967723,29.49
20,1164,IOC,EQ,18084781,7134806,39.45
20,1165,IOLCP,EQ,202675,81763,40.34
20,1166,IONEXCHANG,EQ,582092,223471,38.39
20,1167,IPCALAB,EQ,605194,257238,42.51
20,1168,IPL,EQ,362008,155936,43.08
20,1169,IRB,EQ,31409528,14085562,44.84
20,1170,IRBINVIT,IV,129170,106181,82.20
20,1171,IRCON,EQ,10154359,2778986,27.37
20,1172,IRCTC,EQ,1708694,725032,42.43
20,1173,IREDA,EQ,20303478,6147192,30.28
20,1174,IRFC,EQ,49560277,11588557,23.38
20,1175,IRISDOREME,EQ,241088,90580,37.57
20,1176,IRMENERGY,EQ,57791,37101,64.20
20,1177,ISEC,EQ,120085,80421,66.97
20,1178,ISFT,EQ,112659,43589,38.69
20,1179,ISGEC,EQ,135259,90626,67.00
20,1180,ISHAN,SM,576000,432000,75.00
20,1181,IT,EQ,69617,48060,69.03
20,1182,ITALIANE,SM,8000,6000,75.00
20,1183,ITBEES,EQ,5623505,2948880,52.44
20,1184,ITC,EQ,13722855,8617469,62.80
20,1185,ITDC,EQ,102382,36224,35.38
20,1186,ITDCEM,EQ,1076415,413128,38.38
20,1187,ITETF,EQ,159963,115982,72.51
20,1188,ITETFADD,EQ,8130,4675,57.50
20,1189,ITI,EQ,574695,136257,23.71
20,1190,ITIETF,EQ,507945,194948,38.38
20,1191,IVZINGOLD,EQ,50,37,74.00
20,1192,IVZINNIFTY,EQ,9,9,100.00
20,1193,IWEL,EQ,11592,6811,58.76
20,1194,IXIGO,EQ,873695,410806,47.02
20,1195,IZMO,EQ,113998,58229,51.08
20,1196,JAGRAN,EQ,1569418,754055,48.05
20,1197,JAGSNPHARM,EQ,108016,21073,19.51
20,1198,JAICORPLTD,EQ,1129370,612203,54.21
20,1199,JAINAM,SM,2000,2000,100.00
20,1200,JALAN,SM,207000,171000,82.61
20,1201,JAMNAAUTO,EQ,2786878,1038766,37.27
20,1202,JASH,EQ,16432,10867,66.13
20,1203,JAYAGROGN,EQ,44348,18217,41.08
20,1204,JAYBARMARU,EQ,227853,108482,47.61
20,1205,JAYNECOIND,EQ,532936,234413,43.99
20,1206,JAYSREETEA,EQ,184766,78812,42.66
20,1207,JBCHEPHARM,EQ,75366,33922,45.01
20,1208,JBMA,EQ,248225,112114,45.17
20,1209,JCHAC,EQ,99738,57317,57.47
20,1210,JETFREIGHT,EQ,150331,85653,56.98
20,1211,JFLLIFE,ST,24000,24000,100.00
20,1212,JGCHEM,EQ,305505,129850,42.50
20,1213,JHS,EQ,507975,408697,80.46
20,1214,JINDALPHOT,EQ,46988,12979,27.62
20,1215,JINDALPOLY,EQ,105208,49422,46.98
20,1216,JINDALSAW,EQ,1311867,672131,51.23
20,1217,JINDALSTEL,EQ,2794386,1609241,57.59
20,1218,JINDRILL,EQ,67585,23698,35.06
20,1219,JINDWORLD,EQ,63734,21073,33.06
20,1220,JIOFIN,EQ,12640387,6825131,53.99
20,1221,JISLDVREQS,EQ,99030,55984,56.53
20,1222,JISLJALEQS,EQ,4602991,2351417,51.08
20,1223,JITFINFRA,EQ,158178,87542,55.34
20,1224,JIWANRAM,SM,6000,6000,100.00
20,1225,J&KBANK,EQ,7695417,2299001,29.87
20,1226,JKCEMENT,EQ,158167,93295,58.99
20,1227,JKIL,EQ,472614,175913,37.22
20,1228,JKLAKSHMI,EQ,68517,29349,42.83
20,1229,JKPAPER,EQ,987439,394797,39.98
20,1230,JKTYRE,EQ,1104059,480295,43.50
20,1231,JLHL,EQ,20227,10583,52.32
20,1232,JMA,EQ,49815,18313,36.76
20,1233,JMFINANCIL,EQ,2430106,1099099,45.23
20,1234,JOCIL,EQ,52758,24087,45.66
20,1235,JPOLYINVST,EQ,10190,4391,43.09
20,1236,JPPOWER,EQ,42906170,23563818,54.92
20,1237,JSFB,EQ,77970,34426,44.15
20,1238,JSL,EQ,1515893,823608,54.33
20,1239,JSLL,SM,8460,5940,70.21
20,1240,JSWENERGY,EQ,2635441,1170392,44.41
20,1241,JSWHL,EQ,2430,1237,50.91
20,1242,JSWINFRA,EQ,1867754,775768,41.53
20,1243,JSWSTEEL,EQ,2665068,959753,36.01
20,1244,JTEKTINDIA,EQ,313534,179088,57.12
20,1245,JTLIND,EQ,1359672,701532,51.60
20,1246,JUBLFOOD,EQ,3995507,1215950,30.43
20,1247,JUBLINDS,EQ,3893,1703,43.75
20,1248,JUBLINGREA,EQ,410112,162078,39.52
20,1249,JUBLPHARMA,EQ,520352,189194,36.36
20,1250,JUNIORBEES,EQ,510202,322063,63.12
20,1251,JUNIPER,EQ,153176,102573,66.96
20,1252,JUSTDIAL,EQ,518969,136180,26.24
20,1253,JWL,EQ,1236655,694252,56.14
20,1254,JYOTHYLAB,EQ,2279680,634651,27.84
20,1255,JYOTICNC,EQ,251174,171296,68.20
20,1256,JYOTISTRUC,EQ,6743454,4440329,65.85
20,1257,K2INFRA,ST,42000,34800,82.86
20,1258,KABRAEXTRU,EQ,59429,26276,44.21
20,1259,KAJARIACER,EQ,58539,27060,46.23
20,1260,KAKATCEM,EQ,13326,7574,56.84
20,1261,KALAMANDIR,EQ,186173,97195,52.21
20,1262,KALYANKJIL,EQ,1838943,1066255,57.98
20,1263,KAMATHOTEL,EQ,146544,63939,43.63
20,1264,KAMDHENU,EQ,146865,30420,20.71
20,1265,KAMOPAINTS,EQ,5322435,824091,15.48
20,1266,KANANIIND,EQ,1302305,697366,53.55
20,1267,KANDARP,SM,64000,24000,37.50
20,1268,KANORICHEM,EQ,103353,74903,72.47
20,1269,KANPRPLA,EQ,22296,14128,63.37
20,1270,KANSAINER,EQ,985492,461994,46.88
20,1271,KARNIKA,SM,1200,1200,100.00
20,1272,KARURVYSYA,EQ,2463746,1371828,55.68
20,1273,KATARIA,ST,528000,490800,92.95
20,1274,KAYNES,EQ,181234,75940,41.90
20,1275,KCEIL,ST,44500,41500,93.26
20,1276,KCP,EQ,503536,226756,45.03
20,1277,KCPSUGIND,EQ,819444,310355,37.87
20,1278,KDDL,EQ,10272,5832,56.78
20,1279,KDL,ST,6200,6200,100.00
20,1280,KEC,EQ,507024,263960,52.06
20,1281,KECL,EQ,1041694,557548,53.52
20,1282,KEI,EQ,248884,147576,59.30
20,1283,KEL,SM,6000,4800,80.00
20,1284,KELLTONTEC,EQ,1258320,627505,49.87
20,1285,KERNEX,EQ,322491,197976,61.39
20,1286,KESORAMIND,EQ,513243,336251,65.51
20,1287,KEYFINSERV,EQ,7329,2957,40.35
20,1288,KFINTECH,EQ,771583,233564,30.27
20,1289,KHADIM,EQ,57944,23160,39.97
20,1290,KHAICHEM,EQ,1685298,467252,27.73
20,1291,KHAITANLTD,EQ,10866,6468,59.53
20,1292,KHANDSE,EQ,28945,11281,38.97
20,1293,KILITCH,EQ,10197,6842,67.10
20,1294,KIMS,EQ,45341,21273,46.92
20,1295,KINGFA,EQ,35322,13448,38.07
20,1296,KIOCL,EQ,79479,26392,33.21
20,1297,KIRIINDUS,EQ,198981,100794,50.66
20,1298,KIRLOSBROS,EQ,204258,82599,40.44
20,1299,KIRLOSENG,EQ,298905,204073,68.27
20,1300,KIRLOSIND,EQ,4377,1577,36.03
20,1301,KIRLPNU,EQ,94749,53935,56.92
20,1302,KITEX,EQ,4219696,994260,23.56
20,1303,KKCL,EQ,415760,93514,22.49
20,1304,KLL,SM,116800,81600,69.86
20,1305,KNAGRI,ST,23200,19200,82.76
20,1306,KNRCON,EQ,2057998,472706,22.97
20,1307,KODYTECH,SM,3000,2000,66.67
20,1308,KOHINOOR,EQ,93561,52251,55.85
20,1309,KOKUYOCMLN,EQ,539500,179991,33.36
20,1310,KOLTEPATIL,EQ,236173,153184,64.86
20,1311,KONSTELEC,SM,56000,40000,71.43
20,1312,KONTOR,SM,21600,20400,94.44
20,1313,KOPRAN,EQ,166194,72130,43.40
20,1314,KORE,ST,12500,10000,80.00
20,1315,KOTAKBANK,EQ,3924022,2172302,55.36
20,1316,KOTARISUG,EQ,236236,96444,40.83
20,1317,KOTHARIPET,EQ,231931,86829,37.44
20,1318,KOTHARIPRO,EQ,37078,16921,45.64
20,1319,KOTYARK,SM,17400,11100,63.79
20,1320,KPIL,EQ,290273,127510,43.93
20,1321,KPITTECH,EQ,893983,433519,48.49
20,1322,KPRMILL,EQ,7272594,798951,10.99
20,1323,KRBL,EQ,819053,369146,45.07
20,1324,KRISHANA,EQ,61161,14611,23.89
20,1325,KRISHCA,ST,26000,24500,94.23
20,1326,KRISHNADEF,ST,54000,48000,88.89
20,1327,KRITI,EQ,147734,88625,59.99
20,1328,KRITIKA,EQ,579298,398551,68.80
20,1329,KRITINUT,EQ,972766,266761,27.42
20,1330,KRONOX,EQ,259282,135555,52.28
20,1331,KRSNAA,EQ,69934,40890,58.47
20,1332,KRYSTAL,EQ,130867,73069,55.83
20,1333,KSB,EQ,202747,130108,64.17
20,1334,KSCL,EQ,182579,64496,35.32
20,1335,KSL,EQ,145297,24557,16.90
20,1336,KSOLVES,EQ,52800,26561,50.30
20,1337,KTKBANK,EQ,2777517,1787008,64.34
20,1338,KTL,SM,3000,3000,100.00
20,1339,KUANTUM,EQ,121970,57731,47.33
20,1340,LAGNAM,EQ,172860,67435,39.01
20,1341,LAL,EQ,70025,41009,58.56
20,1342,LALPATHLAB,EQ,394994,119779,30.32
20,1343,LAMBODHARA,EQ,1325874,371957,28.05
20,1344,LANCORHOL,EQ,47360,29547,62.39
20,1345,LANDMARK,EQ,90575,48978,54.07
20,1346,LAOPALA,EQ,141834,76083,53.64
20,1347,LASA,EQ,67778,37300,55.03
20,1348,LATENTVIEW,EQ,1038463,208571,20.08
20,1349,LAURUSLABS,EQ,2440293,1429363,58.57
20,1350,LAWSIKHO,SM,19500,13500,69.23
20,1351,LAXMICOT,EQ,528774,200618,37.94
20,1352,LAXMIMACH,EQ,5768,3179,55.11
20,1353,LEMERITE,SM,46400,27200,58.62
20,1354,LEMONTREE,EQ,3985152,2182780,54.77
20,1355,LEXUS,EQ,19207,11133,57.96
20,1356,LFIC,EQ,17244,9524,55.23
20,1357,LGBBROSLTD,EQ,50319,28067,55.78
20,1358,LGHL,EQ,582,318,54.64
20,1359,LIBAS,EQ,94137,62419,66.31
20,1360,LIBERTSHOE,EQ,69691,37084,53.21
20,1361,LICHSGFIN,EQ,6818431,2507777,36.78
20,1362,LICI,EQ,3343418,1091745,32.65
20,1363,LICMFGOLD,EQ,568,433,76.23
20,1364,LICNETFGSC,EQ,127297,123645,97.13
20,1365,LICNETFN50,EQ,2811,2591,92.17
20,1366,LICNETFSEN,EQ,119,83,69.75
20,1367,LICNFNHGP,EQ,3874,2433,62.80
20,1368,LICNMID100,EQ,7721,4529,58.66
20,1369,LIKHITHA,EQ,172480,81800,47.43
20,1370,LINC,EQ,45282,28021,61.88
20,1371,LINCOLN,EQ,45890,25701,56.01
20,1372,LINDEINDIA,EQ,48520,16291,33.58
20,1373,LIQUID,EQ,799852,692233,86.55
20,1374,LIQUID1,EQ,33162,22396,67.54
20,1375,LIQUIDADD,EQ,684817,516575,75.43
20,1376,LIQUIDBEES,EQ,3795438,3242491,85.43
20,1377,LIQUIDBETF,EQ,2963,1756,59.26
20,1378,LIQUIDCASE,EQ,7847365,7204394,91.81
20,1379,LIQUIDETF,EQ,365600,311528,85.21
20,1380,LIQUIDIETF,EQ,1774387,1119413,63.09
20,1381,LIQUIDSBI,EQ,33693,24505,72.73
20,1382,LIQUIDSHRI,EQ,1155,1094,94.72
20,1383,LLOYDS,SM,17000,17000,100.00
20,1384,LLOYDSENGG,EQ,6719349,2417257,35.97
20,1385,LLOYDSME,EQ,768947,339262,44.12
20,1386,LODHA,EQ,3006216,1843785,61.33
20,1387,LOKESHMACH,EQ,38405,26753,69.66
20,1388,LORDSCHLO,EQ,49669,30110,60.62
20,1389,LOTUSEYE,EQ,58515,28946,49.47
20,1390,LOVABLE,EQ,172904,58216,33.67
20,1391,LOWVOL,EQ,617,290,47.00
20,1392,LOWVOL1,EQ,62894,52480,83.44
20,1393,LOWVOLIETF,EQ,2515542,2183480,86.80
20,1394,LOYALTEX,EQ,27632,6772,24.51
20,1395,LRRPL,SM,60000,60000,100.00
20,1396,LT,EQ,2125532,1152576,54.23
20,1397,LTF,EQ,4182278,1469663,35.14
20,1398,LTFOODS,EQ,800711,322174,40.24
20,1399,LTGILTBEES,EQ,2900210,2758516,95.11
20,1400,LTIM,EQ,393965,210644,53.47
20,1401,LTTS,EQ,166715,61727,37.03
20,1402,LUMAXIND,EQ,6567,3670,55.89
20,1403,LUMAXTECH,EQ,301651,142061,47.09
20,1404,LUPIN,EQ,1611772,858816,53.28
20,1405,LUXIND,EQ,1209413,190647,15.76
20,1406,LXCHEM,EQ,1718113,521791,30.37
20,1407,LYKALABS,EQ,78265,36705,46.90
20,1408,LYPSAGEMS,EQ,73845,59100,80.03
20,1409,MAANALU,EQ,94752,53507,56.47
20,1410,MACOBSTECH,ST,11200,11200,100.00
20,1411,MADHAV,EQ,8707,5892,67.67
20,1412,MADHAVBAUG,SM,5200,4800,92.31
20,1413,MADHUSUDAN,SM,40000,35000,87.50
20,1414,MADRASFERT,EQ,611180,140656,23.01
20,1415,MAFANG,EQ,1347310,725120,53.82
20,1416,MAGADSUGAR,EQ,20644,9609,46.55
20,1417,MAGNUM,EQ,129535,68805,53.12
20,1418,MAGSON,SM,28000,18000,64.29
20,1419,MAHABANK,EQ,13352695,4429029,33.17
20,1420,MAHAPEXLTD,EQ,12627,6859,54.32
20,1421,MAHASTEEL,EQ,68132,53927,79.15
20,1422,MAHESHWARI,EQ,374593,188282,50.26
20,1423,MAHICKRA,SM,750,750,100.00
20,1424,MAHKTECH,EQ,521793,348355,66.76
20,1425,MAHLIFE,EQ,297168,153053,51.50
20,1426,MAHLOG,EQ,101503,50048,49.31
20,1427,MAHSCOOTER,EQ,3438,2084,60.62
20,1428,MAHSEAMLES,EQ,405741,267973,66.05
20,1429,MAITHANALL,EQ,48228,24724,51.26
20,1430,MAITREYA,SM,41600,25600,61.54
20,1431,MAKEINDIA,EQ,62492,55398,88.65
20,1432,MAL,SM,67200,14400,21.43
20,1433,MALLCOM,EQ,3162,1967,62.21
20,1434,MALUPAPER,EQ,66863,30453,45.55
20,1435,MANAKSIA,EQ,65710,38808,59.06
20,1436,MANAKSTEEL,EQ,105208,64811,61.60
20,1437,MANALIPETC,EQ,2049573,525196,25.62
20,1438,MANAPPURAM,EQ,6445740,2414690,37.46
20,1439,MANAV,SM,4000,4000,100.00
20,1440,MANDEEP,ST,14000,14000,100.00
20,1441,MANGALAM,EQ,135752,89741,66.11
20,1442,MANGCHEFER,EQ,686278,417629,60.85
20,1443,MANGLMCEM,EQ,212431,116142,54.67
20,1444,MANINDS,EQ,300554,158495,52.73
20,1445,MANINFRA,EQ,1027558,537237,52.28
20,1446,MANKIND,EQ,839213,633418,75.48
20,1447,MANOMAY,EQ,175741,79003,44.95
20,1448,MANORAMA,EQ,83099,57129,68.75
20,1449,MANORG,EQ,12223,9733,79.63
20,1450,MANUGRAPH,EQ,30695,16804,54.75
20,1451,MANYAVAR,EQ,284577,117261,41.21
20,1452,MAPMYINDIA,EQ,92184,32725,35.50
20,1453,MARALOVER,EQ,124427,58508,47.02
20,1454,MARATHON,EQ,38742,17872,46.13
20,1455,MARCO,SM,30000,21000,70.00
20,1456,MARICO,EQ,6060478,1840872,30.38
20,1457,MARINETRAN,SM,12000,12000,100.00
20,1458,MARKSANS,EQ,2004609,789655,39.39
20,1459,MARUTI,EQ,623565,271895,43.60
20,1460,MASFIN,EQ,290704,187142,64.38
20,1461,MASON,SM,160000,110000,68.75
20,1462,MASPTOP50,EQ,198266,125739,63.42
20,1463,MASTEK,EQ,127746,71888,56.27
20,1464,MASTER,ST,1000,1000,100.00
20,1465,MATRIMONY,EQ,42208,20348,48.21
20,1466,MAWANASUG,EQ,243788,109044,44.73
20,1467,MAXESTATES,EQ,153513,95541,62.24
20,1468,MAXHEALTH,EQ,1719713,1196080,69.55
20,1469,MAXIND,EQ,70233,53717,76.48
20,1470,MAXPOSURE,SM,52000,40000,76.92
20,1471,MAYURUNIQ,EQ,527264,114878,21.79
20,1472,MAZDA,EQ,5005,2221,44.38
20,1473,MAZDOCK,EQ,1574403,392900,24.96
20,1474,MBAPL,EQ,17824,4842,27.17
20,1475,MBECL,EQ,173349,141017,81.35
20,1476,MCL,EQ,73962,45080,60.95
20,1477,MCLEODRUSS,EQ,445703,282061,63.28
20,1478,MCON,ST,14000,14000,100.00
20,1479,MCX,EQ,346248,79398,22.93
20,1480,MDL,SM,40000,30000,75.00
20,1481,MEDANTA,EQ,238158,124152,52.13
20,1482,MEDIASSIST,EQ,181057,106368,58.75
20,1483,MEDICAMEQ,EQ,18286,8371,45.78
20,1484,MEDIORG,SM,108000,88000,81.48
20,1485,MEDPLUS,EQ,112749,38359,34.02
20,1486,MEGASOFT,EQ,133162,77327,58.07
20,1487,MEGASTAR,EQ,6615,3808,57.57
20,1488,MEGATHERM,ST,57200,51200,89.51
20,1489,MENONBE,EQ,48996,20584,42.01
20,1490,METROBRAND,EQ,40894,20131,49.23
20,1491,METROPOLIS,EQ,61157,19146,31.31
20,1492,MFSL,EQ,354498,207372,58.50
20,1493,MGL,EQ,651354,322107,49.45
20,1494,MHHL,SM,30000,24000,80.00
20,1495,MHLXMIRU,EQ,84684,54313,64.14
20,1496,MHRIL,EQ,177616,91631,51.59
20,1497,MICROPRO,SM,16000,11200,70.00
20,1498,MID150BEES,EQ,1197275,808774,67.55
20,1499,MID150CASE,EQ,352453,290006,82.28
20,1500,MIDCAP,EQ,52935,31922,60.30
20,1501,MIDCAPETF,EQ,1583586,1232948,77.86
20,1502,MIDCAPIETF,EQ,1292479,713119,55.17
20,1503,MIDHANI,EQ,888888,351063,39.49
20,1504,MIDQ50ADD,EQ,14891,9001,60.45
20,1505,MIDSELIETF,EQ,237217,172969,72.92
20,1506,MIDSMALL,EQ,1028229,830496,80.77
20,1507,MIEL,ST,40000,40000,100.00
20,1508,MINDACORP,EQ,235879,96658,40.98
20,1509,MINDSPACE,RR,65788,59578,90.56
20,1510,MINDTECK,EQ,206883,84058,40.63
20,1511,MIRCELECTR,EQ,570467,341083,59.79
20,1512,MIRZAINT,EQ,216900,120495,55.55
20,1513,MITCON,EQ,26220,13038,49.73
20,1514,MITTAL,EQ,1388163,919976,66.27
20,1515,M&M,EQ,3069277,1834951,59.78
20,1516,M&MFIN,EQ,1677721,708446,42.23
20,1517,MMFL,EQ,68246,31331,45.91
20,1518,MMP,EQ,174971,91001,52.01
20,1519,MMTC,EQ,19843811,3284387,16.55
20,1520,MNC,EQ,19239,10653,55.37
20,1521,MODIRUBBER,EQ,6791,2897,42.66
20,1522,MODISONLTD,EQ,92668,54235,58.53
20,1523,MOGSEC,EQ,9753,9602,98.45
20,1524,MOHEALTH,EQ,35051,15781,45.02
20,1525,MOIL,EQ,954562,290824,30.47
20,1526,MOKSH,EQ,123161,81613,66.27
20,1527,MOL,EQ,1571411,608646,38.73
20,1528,MOLDTECH,EQ,105538,48972,46.40
20,1529,MOLDTKPAC,EQ,44927,29802,66.33
20,1530,MOLOWVOL,EQ,20766,8105,39.03
20,1531,MOM100,EQ,556156,403196,72.50
20,1532,MOM30IETF,EQ,2100565,1501983,71.50
20,1533,MOM50,EQ,3084,2099,68.06
20,1534,MOMENTUM,EQ,163204,119095,72.97
20,1535,MOMOMENTUM,EQ,242112,180541,74.57
20,1536,MON100,EQ,2017549,1279871,63.44
20,1537,MONARCH,EQ,158375,92498,58.40
20,1538,MONIFTY500,EQ,577635,540820,93.63
20,1539,MONOPHARMA,SM,16000,16000,100.00
20,1540,MONQ50,EQ,278292,156123,56.10
20,1541,MONTECARLO,EQ,238502,63074,26.45
20,1542,MOQUALITY,EQ,2656,2317,87.24
20,1543,MOREALTY,EQ,199693,157883,79.06
20,1544,MOREPENLAB,EQ,9134533,3063717,33.54
20,1545,MOS,SM,254400,208000,81.76
20,1546,MOSMALL250,EQ,792826,630820,79.57
20,1547,MOTHERSON,EQ,42578325,12249657,28.77
20,1548,MOTILALOFS,EQ,856433,427234,49.89
20,1549,MOTISONS,EQ,206419,96773,46.88
20,1550,MOTOGENFIN,EQ,72509,10412,14.36
20,1551,MOVALUE,EQ,351105,270767,77.12
20,1552,MOXSH,ST,2400,2400,100.00
20,1553,MPHASIS,EQ,937496,558813,59.61
20,1554,MPSLTD,EQ,11106,5490,49.43
20,1555,MPTODAY,SM,6000,6000,100.00
20,1556,MRF,EQ,7917,1902,24.02
20,1557,MRPL,EQ,6145635,2400027,39.05
20,1558,MSPL,EQ,2677732,1605405,59.95
20,1559,MSTCLTD,EQ,235048,83878,35.69
20,1560,MSUMI,EQ,19752299,11489556,58.17
20,1561,MTARTECH,EQ,167399,76779,45.87
20,1562,MTNL,EQ,14001820,6878011,49.12
20,1563,MUFIN,EQ,75956,37129,48.88
20,1564,MUFTI,EQ,501229,295403,58.94
20,1565,MUKANDLTD,EQ,396600,183049,46.15
20,1566,MUKKA,EQ,1403710,737215,52.52
20,1567,MUKTAARTS,EQ,23529,16837,71.56
20,1568,MUNJALAU,EQ,694160,244190,35.18
20,1569,MUNJALSHOW,EQ,158825,64042,40.32
20,1570,MURUDCERA,EQ,94682,41445,43.77
20,1571,MUTHOOTCAP,EQ,24437,7626,31.21
20,1572,MUTHOOTFIN,EQ,828312,495651,59.84
20,1573,MUTHOOTMF,EQ,152540,89859,58.91
20,1574,MVGJL,EQ,120388,61751,51.29
20,1575,MVKAGRO,SM,33600,22800,67.86
20,1576,MWL,SM,26400,25200,95.45
20,1577,NACLIND,EQ,218595,99850,45.68
20,1578,NAGAFERT,EQ,1020982,549501,53.82
20,1579,NAGREEKEXP,EQ,120575,45908,38.07
20,1580,NAHARCAP,EQ,46023,17920,38.94
20,1581,NAHARINDUS,EQ,619555,150823,24.34
20,1582,NAHARPOLY,EQ,141078,63944,45.33
20,1583,NAHARSPING,EQ,724225,192287,26.55
20,1584,NAMAN,SM,48000,30400,63.33
20,1585,NAM-INDIA,EQ,635508,300246,47.25
20,1586,NATCOPHARM,EQ,875155,360375,41.18
20,1587,NATIONALUM,EQ,8916532,2603360,29.20
20,1588,NAUKRI,EQ,170593,65043,38.13
20,1589,NAVA,EQ,569753,184600,32.40
20,1590,NAVINFLUOR,EQ,285809,142923,50.01
20,1591,NAVINIFTY,EQ,607,256,42.17
20,1592,NAVKARCORP,EQ,1169140,495976,42.42
20,1593,NAVNETEDUL,EQ,1291612,712635,55.17
20,1594,NAZARA,EQ,1826369,548165,30.01
20,1595,NBCC,EQ,17579490,5199675,29.58
20,1596,NCC,EQ,9922163,3306935,33.33
20,1597,NCLIND,EQ,457918,205551,44.89
20,1598,NDL,EQ,2913118,927889,31.85
20,1599,NDLVENTURE,EQ,28744,23917,83.21
20,1600,NDRAUTO,EQ,17313,7095,40.98
20,1601,NDTV,EQ,285511,120761,42.30
20,1602,NECLIFE,EQ,369191,144879,39.24
20,1603,NELCAST,EQ,44752,20340,45.45
20,1604,NELCO,EQ,114576,50650,44.21
20,1605,NEOGEN,EQ,21541,12377,57.46
20,1606,NEPHROCARE,SM,337600,161600,47.87
20,1607,NESCO,EQ,99482,56813,57.11
20,1608,NESTLEIND,EQ,949431,598932,63.08
20,1609,NETF,EQ,6111,3783,61.90
20,1610,NETWEB,EQ,398824,195230,48.95
20,1611,NETWORK18,EQ,8103509,2593661,32.01
20,1612,NEULANDLAB,EQ,84824,37670,44.41
20,1613,NEWGEN,EQ,294060,181880,61.85
20,1614,NEWJAISA,SM,25500,16500,64.71
20,1615,NEXT50,EQ,9857,7834,79.48
20,1616,NEXT50IETF,EQ,696668,550216,78.98
20,1617,NEXTMEDIA,EQ,13679,9294,67.94
20,1618,NFL,EQ,5490821,1361099,24.79
20,1619,NGIL,EQ,154474,82125,53.16
20,1620,NGILPP,E1,14024,8212,58.56
20,1621,NGLFINE,EQ,9325,5271,56.53
20,1622,NH,EQ,248463,132320,53.26
20,1623,NHPC,EQ,36552604,11485548,31.42
20,1624,NIACL,EQ,2480222,692460,27.92
20,1625,NIBL,EQ,49569,29618,59.75
20,1626,NIDAN,SM,26000,14000,53.85
20,1627,NIF100BEES,EQ,57700,53259,92.30
20,1628,NIF100IETF,EQ,425285,195114,45.88
20,1629,NIF10GETF,EQ,1512,759,50.20
20,1630,NIF5GETF,EQ,227,119,52.42
20,1631,NIFITETF,EQ,5296,4889,92.31
20,1632,NIFMID150,EQ,3410,3240,95.01
20,1633,NIFTY1,EQ,46889,38460,82.02
20,1634,NIFTY50ADD,EQ,20584,12998,63.15
20,1635,NIFTYBEES,EQ,6302805,4749008,75.35
20,1636,NIFTYBETF,EQ,5506,4117,74.77
20,1637,NIFTYETF,EQ,1076583,984592,91.46
20,1638,NIFTYIETF,EQ,2749288,2530115,92.03
20,1639,NIFTYQLITY,EQ,40967,24478,59.75
20,1640,NIITLTD,EQ,566848,190935,33.68
20,1641,NIITMTS,EQ,90903,51754,56.93
20,1642,NILAINFRA,EQ,623500,353756,56.74
20,1643,NILKAMAL,EQ,5707,2905,50.90
20,1644,NINSYS,EQ,4834,3213,66.47
20,1645,NIPPOBATRY,EQ,7965,4277,53.70
20,1646,NIRAJ,EQ,45850,24913,54.34
20,1647,NIRMAN,ST,19200,18600,96.88
20,1648,NIRMAN-RE,ST,33578,32342,96.32
20,1649,NITCO,EQ,361169,253921,70.31
20,1650,NITINSPIN,EQ,1661768,474277,28.54
20,1651,NKIND,EQ,3576,1954,54.64
20,1652,NLCINDIA,EQ,4583151,1941942,42.37
20,1653,NMDC,EQ,6109979,2447377,40.06
20,1654,NOCIL,EQ,1384880,412710,29.80
20,1655,NORBTEAEXP,EQ,4447,2393,53.81
20,1656,NOVAAGRI,EQ,2368316,901543,38.07
20,1657,NPBET,EQ,566,345,60.95
20,1658,NPST,SM,44000,33300,75.68
20,1659,NRAIL,EQ,46114,27217,59.02
20,1660,NRBBEARING,EQ,100462,49504,49.28
20,1661,NRL,EQ,147889,91256,61.71
20,1662,NSIL,EQ,4520,2383,52.72
20,1663,NSLNISP,EQ,9261960,3260117,35.20
20,1664,NTPC,EQ,18230579,9707520,53.25
20,1665,NUCLEUS,EQ,142435,58142,40.82
20,1666,NURECA,EQ,18686,9733,52.09
20,1667,NUVAMA,EQ,85348,48456,56.77
20,1668,NUVOCO,EQ,239280,117896,49.27
20,1669,NV20,EQ,32754,15944,48.68
20,1670,NV20BEES,EQ,27114,23252,85.76
20,1671,NV20IETF,EQ,1324370,785561,59.32
20,1672,NXST,RR,102841,86221,83.84
20,1673,NYKAA,EQ,6808765,2199464,32.30
20,1674,OAL,EQ,37381,13215,35.35
20,1675,OBCL,EQ,42087,24568,58.37
20,1676,OBEROIRLTY,EQ,1106701,530090,47.90
20,1677,OFSS,EQ,192285,51143,26.60
20,1678,OIL,EQ,5409173,2278796,42.13
20,1679,OILIETF,EQ,2479575,531813,21.45
20,1680,OLECTRA,EQ,687330,254286,37.00
20,1681,OMFURN,SM,4800,4800,100.00
20,1682,ONDOOR,SM,11400,8400,73.68
20,1683,ONEPOINT,EQ,1564732,670567,42.86
20,1684,ONGC,EQ,28386636,9024711,31.79
20,1685,ONMOBILE,EQ,1172458,343786,29.32
20,1686,ONWARDTEC,EQ,74607,38434,51.52
20,1687,OPTIEMUS,EQ,573018,142902,24.94
20,1688,ORBTEXP,EQ,254907,151495,59.43
20,1689,ORCHPHARMA,EQ,62575,29514,47.17
20,1690,ORIANA,SM,174750,112200,64.21
20,1691,ORICONENT,EQ,747048,292368,39.14
20,1692,ORIENTALTL,EQ,110204,50252,45.60
20,1693,ORIENTBELL,EQ,19627,14061,71.64
20,1694,ORIENTCEM,EQ,3230354,1378496,42.67
20,1695,ORIENTCER,EQ,91431,40988,44.83
20,1696,ORIENTELEC,EQ,219134,72387,33.03
20,1697,ORIENTHOT,EQ,400503,241106,60.20
20,1698,ORIENTLTD,EQ,11089,6968,62.84
20,1699,ORIENTPPR,EQ,1187553,420350,35.40
20,1700,ORISSAMINE,EQ,27428,10712,39.05
20,1701,ORTINLAB,EQ,45959,36711,79.88
20,1702,OSWALAGRO,EQ,358205,181851,50.77
20,1703,OSWALGREEN,EQ,10189334,2338580,22.95
20,1704,OSWALSEEDS,EQ,60852,41259,67.80
20,1705,OWAIS,SM,40000,20800,52.00
20,1706,PAGEIND,EQ,16947,5455,32.19
20,1707,PAISALO,EQ,998088,524417,52.54
20,1708,PAKKA,EQ,2640092,1061084,40.19
20,1709,PALASHSECU,EQ,6592,1681,25.50
20,1710,PANACEABIO,EQ,54014,27952,51.75
20,1711,PANAMAPET,EQ,220684,115739,52.45
20,1712,PAR,EQ,46028,39001,84.73
20,1713,PARACABLES,EQ,1105065,589360,53.33
20,1714,PARADEEP,EQ,4667260,1867228,40.01
20,1715,PARAGMILK,EQ,568100,232601,40.94
20,1716,PARAGON,SM,30000,22800,76.00
20,1717,PARKHOTELS,EQ,558852,492245,88.08
20,1718,PARSVNATH,EQ,12720851,6962619,54.73
20,1719,PARTYCRUS,SM,26000,21000,80.77
20,1720,PASHUPATI,SM,800,800,100.00
20,1721,PASUPTAC,EQ,196308,67761,34.52
20,1722,PATANJALI,EQ,2607859,1486463,57.00
20,1723,PATELENG,EQ,9123180,4611155,50.54
20,1724,PATINTLOG,EQ,687278,287930,41.89
20,1725,PATTECH,SM,1500,1500,100.00
20,1726,PAVNAIND,EQ,13680,8448,61.75
20,1727,PAYTM,EQ,5688494,2126204,37.38
20,1728,PCBL,EQ,31280502,6550095,20.94
20,1729,PCCL,SM,53600,39200,73.13
20,1730,PCJEWELLER,EQ,4302896,1990358,46.26
20,1731,PDMJEPAPER,EQ,854178,388643,45.50
20,1732,PDSL,EQ,709161,204300,28.81
20,1733,PEL,EQ,1003727,513197,51.13
20,1734,PENIND,EQ,933774,366721,39.27
20,1735,PENINLAND,EQ,1170829,674116,57.58
20,1736,PENTAGON,SM,11000,7000,63.64
20,1737,PERFECT,ST,30000,27000,90.00
20,1738,PERSISTENT,EQ,276547,90852,32.85
20,1739,PETRONET,EQ,4517463,2265326,50.15
20,1740,PFC,EQ,27196447,8994401,33.07
20,1741,PFIZER,EQ,151715,42404,27.95
20,1742,PFS,EQ,2471257,854064,34.56
20,1743,PGEL,EQ,637855,375362,58.85
20,1744,PGHH,EQ,6277,3569,56.86
20,1745,PGHL,EQ,6610,3760,56.88
20,1746,PGIL,EQ,459307,183039,39.85
20,1747,PGINVIT,IV,741893,689758,92.97
20,1748,PHANTOMFX,SM,53100,36600,68.93
20,1749,PHARMABEES,EQ,4388364,2507042,57.13
20,1750,PHOENIXLTD,EQ,491253,276690,56.32
20,1751,PIDILITIND,EQ,213381,89912,42.14
20,1752,PIIND,EQ,425329,231076,54.33
20,1753,PILANIINVS,EQ,8209,3823,46.57
20,1754,PILITA,EQ,666896,420630,63.07
20,1755,PIONEEREMB,EQ,179730,89331,49.70
20,1756,PITTIENG,EQ,52579,26247,49.92
20,1757,PIXTRANS,EQ,27510,10949,39.80
20,1758,PLASTIBLEN,EQ,51302,31527,61.45
20,1759,PLATIND,EQ,820447,277019,33.76
20,1760,PLAZACABLE,EQ,271677,116674,42.95
20,1761,PNB,EQ,27461434,7583708,27.62
20,1762,PNBGILTS,EQ,812020,198736,24.47
20,1763,PNBHOUSING,EQ,1963673,976066,49.71
20,1764,PNC,EQ,54832,27762,50.63
20,1765,PNCINFRA,EQ,318789,142063,44.56
20,1766,POCL,EQ,391200,113351,28.98
20,1767,PODDARMENT,EQ,11753,6258,53.25
20,1768,POKARNA,EQ,263467,84972,32.25
20,1769,POLICYBZR,EQ,1062147,410003,38.60
20,1770,POLYCAB,EQ,366504,174925,47.73
20,1771,POLYMED,EQ,31057,14632,47.11
20,1772,POLYPLEX,EQ,181996,78531,43.15
20,1773,POLYSIL,SM,32000,16000,50.00
20,1774,PONNIERODE,EQ,65560,34168,52.12
20,1775,POONAWALLA,EQ,1996941,964912,48.32
20,1776,POWERGRID,EQ,12273667,6310598,51.42
20,1777,POWERINDIA,EQ,71665,43113,60.16
20,1778,POWERMECH,EQ,142703,61860,43.35
20,1779,PPAP,EQ,8729,4967,56.90
20,1780,PPL,EQ,158061,71194,45.04
20,1781,PPLPHARMA,EQ,2217228,1072347,48.36
20,1782,PRAENG,EQ,383749,215226,56.09
20,1783,PRAJIND,EQ,401564,155990,38.85
20,1784,PRAKASH,EQ,815587,393688,48.27
20,1785,PRAMARA,SM,6000,4000,66.67
20,1786,PRATHAM,SM,94400,54400,57.63
20,1787,PRECAM,EQ,147223,64387,43.73
20,1788,PRECISION,SM,10000,10000,100.00
20,1789,PRECWIRE,EQ,342343,163738,47.83
20,1790,PREMIERPOL,EQ,67315,21947,32.60
20,1791,PRESSTONIC,SM,34400,24800,72.09
20,1792,PRESTIGE,EQ,1246359,491398,39.43
20,1793,PRICOLLTD,EQ,372356,161581,43.39
20,1794,PRIMESECU,EQ,53017,33255,62.73
20,1795,PRINCEPIPE,EQ,114674,51543,44.95
20,1796,PRITI,EQ,56590,32217,56.93
20,1797,PRITIKA,SM,478000,246000,51.46
20,1798,PRITIKAUTO,EQ,989323,525810,53.15
20,1799,PRIVISCL,EQ,21282,10614,49.87
20,1800,PRIZOR,SM,68800,51200,74.42
20,1801,PRLIND,SM,92000,64000,69.57
20,1802,PROLIFE,SM,4500,4000,88.89
20,1803,PROPEQUITY,SM,8400,6600,78.57
20,1804,PROV,SM,1120,800,71.43
20,1805,PROZONER,EQ,1347458,384332,28.52
20,1806,PRSMJOHNSN,EQ,163031,91681,56.24
20,1807,PRUDENT,EQ,24109,12776,52.99
20,1808,PRUDMOULI,EQ,167070,125094,74.88
20,1809,PSB,EQ,5403176,1638819,30.33
20,1810,PSPPROJECT,EQ,78403,37154,47.39
20,1811,PSUBANK,EQ,22112,15208,68.78
20,1812,PSUBANKADD,EQ,23161,16190,69.90
20,1813,PSUBNKBEES,EQ,2944966,1572788,53.41
20,1814,PSUBNKIETF,EQ,320091,162097,50.64
20,1815,PTC,EQ,1235105,401357,32.50
20,1816,PTL,EQ,116527,50213,43.09
20,1817,PULZ,SM,8000,6000,75.00
20,1818,PUNJABCHEM,EQ,16263,7924,48.72
20,1819,PURVFLEXI,SM,11200,9600,85.71
20,1820,PVP,EQ,979846,488903,49.90
20,1821,PVRINOX,EQ,185277,61171,33.02
20,1822,PVSL,EQ,65935,35730,54.19
20,1823,PVTBANIETF,EQ,4132274,3436593,83.16
20,1824,PVTBANKADD,EQ,251887,226721,90.01
20,1825,PYRAMID,EQ,150360,63943,42.53
20,1826,QGOLDHALF,EQ,72737,64640,88.87
20,1827,QMSMEDI,SM,14000,9000,64.29
20,1828,QNIFTY,EQ,1847,1654,89.55
20,1829,QUADPRO,SM,168000,132000,78.57
20,1830,QUAL30IETF,EQ,58934,24548,41.65
20,1831,QUESS,EQ,176069,78837,44.78
20,1832,QUESTLAB,SM,14400,13200,91.67
20,1833,QUICKHEAL,EQ,160833,60462,37.59
20,1834,QUICKTOUCH,SM,15500,10000,64.52
20,1835,RACE,EQ,6010,3248,54.04
20,1836,RADHIKAJWE,EQ,1332758,511233,38.36
20,1837,RADIANTCMS,EQ,339196,179001,52.77
20,1838,RADICO,EQ,103915,55846,53.74
20,1839,RADIOCITY,EQ,599736,285339,47.58
20,1840,RADIOCITY,P1,296,296,100.00
20,1841,RADIOWALLA,SM,11200,9600,85.71
20,1842,RAILTEL,EQ,4280963,1199060,28.01
20,1843,RAIN,EQ,2507812,1204124,48.01
20,1844,RAINBOW,EQ,258731,191646,74.07
20,1845,RAJESHEXPO,EQ,429741,168198,39.14
20,1846,RAJINDLTD,ST,1167000,1167000,100.00
20,1847,RAJMET,EQ,2304802,1360249,59.02
20,1848,RAJRATAN,EQ,49088,24907,50.74
20,1849,RAJSREESUG,EQ,208035,86329,41.50
20,1850,RALLIS,EQ,7647495,1512221,19.77
20,1851,RAMANEWS,EQ,66892,44018,65.80
20,1852,RAMAPHO,EQ,8986,4568,50.83
20,1853,RAMASTEEL,EQ,19340631,5356570,27.70
20,1854,RAMCOCEM,EQ,509148,185789,36.49
20,1855,RAMCOIND,EQ,84845,36403,42.91
20,1856,RAMCOSYS,EQ,39010,23685,60.72
20,1857,RAMKY,EQ,151768,66398,43.75
20,1858,RAMRAT,EQ,115184,39000,33.86
20,1859,RANASUG,EQ,1088852,395241,36.30
20,1860,RANEENGINE,EQ,4726,2409,50.97
20,1861,RANEHOLDIN,EQ,13323,8579,64.39
20,1862,RATEGAIN,EQ,299685,160305,53.49
20,1863,RATNAMANI,EQ,19093,8485,44.44
20,1864,RATNAVEER,EQ,677145,308724,45.59
20,1865,RAYMOND,EQ,767938,144057,18.76
20,1866,RBA,EQ,2933042,1495720,51.00
20,1867,RBL,EQ,15105,7911,52.37
20,1868,RBLBANK,EQ,5563841,2117786,38.06
20,1869,RBMINFRA,SM,22800,22600,99.12
20,1870,RBS,SM,17600,14400,81.82
20,1871,RCDL,SM,96000,54000,56.25
20,1872,RCF,EQ,4987200,1115710,22.37
20,1873,RECLTD,EQ,13961254,4314996,30.91
20,1874,REDINGTON,EQ,784660,413514,52.70
20,1875,REDTAPE,EQ,170295,125218,73.53
20,1876,REFEX,EQ,1135437,535944,47.20
20,1877,REFRACTORY,ST,36000,28000,77.78
20,1878,RELAXO,EQ,80985,36251,44.76
20,1879,RELCHEMQ,EQ,7441,2332,31.34
20,1880,RELIANCE,EQ,5118093,2651919,51.81
20,1881,RELIGARE,EQ,889817,496041,55.75
20,1882,RELINFRA,EQ,6593925,2470506,37.47
20,1883,RELTD,EQ,43054,26490,61.53
20,1884,REMSONSIND,EQ,9491,6346,66.86
20,1885,REMUS,SM,7600,5200,68.42
20,1886,RENUKA,EQ,15162356,4627363,30.52
20,1887,REPCOHOME,EQ,616507,347615,56.38
20,1888,REPL,EQ,13085,6257,47.82
20,1889,REPRO,EQ,19390,8190,42.24
20,1890,RESPONIND,EQ,579668,69163,11.93
20,1891,REXPIPES,SM,2000,2000,100.00
20,1892,RGL,EQ,305966,175166,57.25
20,1893,RHIM,EQ,116791,76885,65.83
20,1894,RHL,EQ,15339,10294,67.11
20,1895,RICHA,SM,3000,3000,100.00
20,1896,RICOAUTO,EQ,827663,338773,40.93
20,1897,RIIL,EQ,183118,56335,30.76
20,1898,RILINFRA,ST,41000,39200,95.61
20,1899,RISHABH,EQ,64135,29277,45.65
20,1900,RITCO,EQ,373615,118948,31.84
20,1901,RITES,EQ,1078296,295259,27.38
20,1902,RITEZONE,SM,4800,3200,66.67
20,1903,RKFORGE,EQ,720447,275668,38.26
20,1904,RKSWAMY,EQ,205070,103775,50.60
20,1905,RMDRIP,SM,7000,7000,100.00
20,1906,RML,EQ,13665,6952,50.87
20,1907,RNFI,ST,46800,46800,100.00
20,1908,ROCKINGDCE,SM,23250,8500,36.56
20,1909,ROHLTD,EQ,55259,30064,54.41
20,1910,ROLEXRINGS,EQ,13815,6360,46.04
20,1911,ROML,EQ,51436,45298,88.07
20,1912,ROSSARI,EQ,811955,164927,20.31
20,1913,ROSSELLIND,EQ,41378,19936,48.18
20,1914,ROTO,EQ,171556,69412,40.46
20,1915,ROUTE,EQ,87419,49528,56.66
20,1916,ROXHITECH,SM,68800,44800,65.12
20,1917,RPGLIFE,EQ,20665,7111,34.41
20,1918,RPOWER,EQ,71383353,31592118,44.26
20,1919,RPPINFRA,EQ,453009,235508,51.99
20,1920,RPPL,EQ,262409,150994,57.54
20,1921,RPSGVENT,EQ,305456,98153,32.13
20,1922,RPTECH,EQ,227908,94989,41.68
20,1923,RRKABEL,EQ,168446,136858,81.25
20,1924,RSWM,EQ,2215047,403413,18.21
20,1925,RSYSTEMS,EQ,99029,71532,72.23
20,1926,RTNINDIA,EQ,2059500,778219,37.79
20,1927,RUBYMILLS,EQ,1188538,245514,20.66
20,1928,RUCHINFRA,EQ,667062,465045,69.72
20,1929,RUCHIRA,EQ,209146,64425,30.80
20,1930,RULKA,ST,17400,17400,100.00
20,1931,RUPA,EQ,1575577,516978,32.81
20,1932,RUSHIL,EQ,495889,224672,45.31
20,1933,RUSTOMJEE,EQ,51586,24600,47.69
20,1934,RVHL,EQ,107616,38458,35.74
20,1935,RVNL,EQ,13085001,4043170,30.90
20,1936,SAAKSHI,ST,15000,13800,92.00
20,1937,SABAR,SM,170000,105000,61.76
20,1938,SADBHAV,EQ,558720,358550,64.17
20,1939,SADBHIN,EQ,127016,79022,62.21
20,1940,SADHAV,SM,57600,33600,58.33
20,1941,SADHNANIQ,EQ,309034,157419,50.94
20,1942,SAFARI,EQ,104846,37165,35.45
20,1943,SAGCEM,EQ,83555,37801,45.24
20,1944,SAH,EQ,145570,73899,50.77
20,1945,SAHAJ,SM,48000,48000,100.00
20,1946,SAHAJSOLAR,SM,511200,263200,51.49
20,1947,SAHANA,SM,16750,12750,76.12
20,1948,SAHYADRI,EQ,20915,7967,38.09
20,1949,SAIFL,SM,18400,12800,69.57
20,1950,SAIL,EQ,23211408,6759425,29.12
20,1951,SAKAR,EQ,41979,23455,55.87
20,1952,SAKHTISUG,EQ,552415,214138,38.76
20,1953,SAKSOFT,EQ,172986,81709,47.23
20,1954,SAKUMA,EQ,3633044,1469364,40.44
20,1955,SALASAR,EQ,3714675,2408978,64.85
20,1956,SALONA,EQ,3221,1774,55.08
20,1957,SALZERELEC,EQ,221752,56564,25.51
20,1958,SAMBHAAV,EQ,196784,84981,43.18
20,1959,SAMHI,EQ,3015983,1953672,64.78
20,1960,SAMMAANCAP,EQ,4300990,2015656,46.86
20,1961,SANDESH,EQ,7859,3250,41.35
20,1962,SANDHAR,EQ,467075,122846,26.30
20,1963,SANDUMA,EQ,406163,198913,48.97
20,1964,SANGAMIND,EQ,116532,40021,34.34
20,1965,SANGHIIND,EQ,442182,227485,51.45
20,1966,SANGHVIMOV,EQ,361873,196199,54.22
20,1967,SANGINITA,EQ,75111,60837,81.00
20,1968,SANOFI,EQ,9932,5271,53.07
20,1969,SANSERA,EQ,515814,482194,93.48
20,1970,SANSTAR,EQ,3283815,1337674,40.74
20,1971,SAPPHIRE,EQ,72168,35423,49.08
20,1972,SARDAEN,EQ,483621,190563,39.40
20,1973,SAREGAMA,EQ,483312,135539,28.04
20,1974,SARLAPOLY,EQ,1071779,392834,36.65
20,1975,SAROJA,SM,1600,1600,100.00
20,1976,SARTELE,SM,394500,252500,64.01
20,1977,SARVESHWAR,EQ,3688046,2109700,57.20
20,1978,SASKEN,EQ,40306,29238,72.54
20,1979,SASTASUNDR,EQ,37685,15703,41.67
20,1980,SATECH,ST,1556000,1526000,98.07
20,1981,SATIA,EQ,221465,100045,45.17
20,1982,SATIN,EQ,347991,168611,48.45
20,1983,SATINDLTD,EQ,560854,245436,43.76
20,1984,SATIPOLY,SM,18000,13000,72.22
20,1985,SAURASHCEM,EQ,174166,86580,49.71
20,1986,SBC,EQ,1928360,936533,48.57
20,1987,SBCL,EQ,598211,309068,51.67
20,1988,SBFC,EQ,1016040,528645,52.03
20,1989,SBGLP,EQ,128736,54864,42.62
20,1990,SBICARD,EQ,783289,282113,36.02
20,1991,SBIETFCON,EQ,3543,2944,83.09
20,1992,SBIETFIT,EQ,9297,5323,57.26
20,1993,SBIETFPB,EQ,19084,17629,92.38
20,1994,SBIETFQLTY,EQ,10749,7790,72.47
20,1995,SBILIFE,EQ,1500825,651273,43.39
20,1996,SBIN,EQ,17900930,6896556,38.53
20,1997,SBINEQWETF,EQ,26330,16814,63.86
20,1998,SBISILVER,EQ,203528,194863,95.74
20,1999,SCHAEFFLER,EQ,120945,61029,50.46
20,2000,SCHAND,EQ,76884,48781,63.45
20,2001,SCHNEIDER,EQ,1185546,403222,34.01
20,2002,SCI,EQ,7607802,3633947,47.77
20,2003,SCILAL,EQ,3804131,1117701,29.38
20,2004,SCL25,Y6,59,59,100.00
20,2005,SCLZC25,YN,1,1,100.00
20,2006,SCLZC25F,Y5,35,35,100.00
20,2007,SCML,SM,12000,12000,100.00
20,2008,SCPL,EQ,24855,13037,52.45
20,2009,SDBL,EQ,3366729,1522239,45.21
20,2010,SDL24BEES,EQ,749,559,74.63
20,2011,SDL26BEES,EQ,249961,248316,99.34
20,2012,SEAMECLTD,EQ,72957,46087,63.17
20,2013,SECL,SM,6250,6250,100.00
20,2014,SECMARK,EQ,2095,1755,83.77
20,2015,SECURKLOUD,EQ,33399,18808,56.31
20,2016,SEL,SM,23200,14800,63.79
20,2017,SELAN,EQ,316225,113927,36.03
20,2018,SELMC,EQ,953189,513703,53.89
20,2019,SENCO,EQ,434695,204912,47.14
20,2020,SENSEXADD,EQ,5056,1600,31.65
20,2021,SENSEXETF,EQ,18226,11160,61.23
20,2022,SENSEXIETF,EQ,19549,16548,84.65
20,2023,SEPC,EQ,13136081,5938929,45.21
20,2024,SEQUENT,EQ,808738,346547,42.85
20,2025,SERVICE,SM,54000,54000,100.00
20,2026,SERVOTECH,EQ,3825516,1510922,39.50
20,2027,SESHAPAPER,EQ,41243,21967,53.26
20,2028,SETF10GILT,EQ,17344,13040,75.18
20,2029,SETFGOLD,EQ,1925010,1437754,74.69
20,2030,SETFNIF50,EQ,608230,430246,70.74
20,2031,SETFNIFBK,EQ,243983,212009,86.89
20,2032,SETFNN50,EQ,58551,45594,77.87
20,2033,SFL,EQ,276071,122541,44.39
20,2034,SFLZC25A,ZK,291,291,100.00
20,2035,SGBAPR28I,GB,235,167,71.06
20,2036,SGBAUG27,GB,14,14,100.00
20,2037,SGBAUG28V,GB,2839,2596,91.44
20,2038,SGBAUG29V,GB,99,40,40.40
20,2039,SGBAUG30,GB,358,237,66.20
20,2040,SGBD29VIII,GB,216,195,90.28
20,2041,SGBDC27VII,GB,19,19,100.00
20,2042,SGBDE30III,GB,167,144,86.23
20,2043,SGBDE31III,GB,2758,2447,88.72
20,2044,SGBDEC25,GB,1,1,100.00
20,2045,SGBDEC2512,GB,4,4,100.00
20,2046,SGBDEC2513,GB,2,2,100.00
20,2047,SGBDEC26,GB,44,44,100.00
20,2048,SGBFEB27,GB,27,19,70.37
20,2049,SGBFEB28IX,GB,40,20,50.00
20,2050,SGBFEB29XI,GB,50,40,80.00
20,2051,SGBFEB32IV,GB,1909,1511,79.15
20,2052,SGBJ28VIII,GB,50,50,100.00
20,2053,SGBJAN27,GB,43,38,88.37
20,2054,SGBJAN29IX,GB,84,69,82.14
20,2055,SGBJAN29X,GB,23,16,69.57
20,2056,SGBJAN30IX,GB,62,46,74.19
20,2057,SGBJU29III,GB,65,41,63.08
20,2058,SGBJUL25,GB,21,18,85.71
20,2059,SGBJUL27,GB,7,6,85.71
20,2060,SGBJUL28IV,GB,1102,937,85.03
20,2061,SGBJUL29IV,GB,359,340,94.71
20,2062,SGBJUN27,GB,61,39,63.93
20,2063,SGBJUN28,GB,194,148,76.29
20,2064,SGBJUN29II,GB,371,283,76.28
20,2065,SGBJUN30,GB,85,83,97.65
20,2066,SGBJUN31I,GB,635,558,87.87
20,2067,SGBMAR25,GB,137,98,71.53
20,2068,SGBMAR28X,GB,12,12,100.00
20,2069,SGBMAR30X,GB,32,21,65.63
20,2070,SGBMAR31IV,GB,133,102,76.69
20,2071,SGBMAY25,GB,46,46,100.00
20,2072,SGBMAY26,GB,3,3,100.00
20,2073,SGBMAY28,GB,525,425,80.95
20,2074,SGBMAY29I,GB,1232,1093,88.72
20,2075,SGBMR29XII,GB,408,355,87.01
20,2076,SGBN28VIII,GB,120,99,82.50
20,2077,SGBNOV24,GB,387,334,86.30
20,2078,SGBNV29VII,GB,77,59,76.62
20,2079,SGBOC28VII,GB,69,64,92.75
20,2080,SGBOCT25,GB,11,11,100.00
20,2081,SGBOCT25IV,GB,65,63,96.92
20,2082,SGBOCT26,GB,67,67,100.00
20,2083,SGBOCT27,GB,3,3,100.00
20,2084,SGBOCT27VI,GB,45,42,93.33
20,2085,SGBSEP24,GB,112,105,93.75
20,2086,SGBSEP27,GB,82,67,81.71
20,2087,SGBSEP28VI,GB,231,201,87.01
20,2088,SGBSEP29VI,GB,734,521,70.98
20,2089,SGBSEP31II,GB,1686,1094,64.89
20,2090,SGIL,EQ,42270,21564,51.01
20,2091,SGL,EQ,35876,25460,70.97
20,2092,SHAH,EQ,4502003,3665646,81.42
20,2093,SHAHALLOYS,EQ,107505,41147,38.27
20,2094,SHAILY,EQ,88248,55806,63.24
20,2095,SHAKTIPUMP,EQ,239168,135639,56.71
20,2096,SHALBY,EQ,202294,90224,44.60
20,2097,SHALPAINTS,EQ,191547,106735,55.72
20,2098,SHANKARA,EQ,95513,52439,54.90
20,2099,SHANTHALA,SM,2400,2400,100.00
20,2100,SHANTIGEAR,EQ,72698,41738,57.41
20,2101,SHARDACROP,EQ,165823,66301,39.98
20,2102,SHARDAMOTR,EQ,23391,14816,63.34
20,2103,SHAREINDIA,EQ,485137,168165,34.66
20,2104,SHAREINDIA,W1,3029,3028,99.97
20,2105,SHARIABEES,EQ,7840,5059,64.53
20,2106,SHEETAL,SM,28000,22000,78.57
20,2107,SHEMAROO,EQ,63405,34919,55.07
20,2108,SHERA,SM,57000,40000,70.18
20,2109,SHIGAN,SM,1500,1500,100.00
20,2110,SHILPAMED,EQ,438121,189896,43.34
20,2111,SHIVALIK,EQ,25328,13011,51.37
20,2112,SHIVAMAUTO,EQ,493406,261868,53.07
20,2113,SHIVAMILLS,EQ,35235,16351,46.41
20,2114,SHIVATEX,EQ,44301,8920,20.13
20,2115,SHK,EQ,198105,100078,50.52
20,2116,SHOPERSTOP,EQ,25682,11798,45.94
20,2117,SHREDIGCEM,EQ,346424,162972,47.04
20,2118,SHREECEM,EQ,155613,67669,43.49
20,2119,SHREEKARNI,ST,7200,7200,100.00
20,2120,SHREEOSFM,SM,30000,18000,60.00
20,2121,SHREEPUSHK,EQ,175359,76932,43.87
20,2122,SHREYANIND,EQ,39417,20384,51.71
20,2123,SHREYAS,EQ,109243,35664,32.65
20,2124,SHRIPISTON,EQ,125756,67973,54.05
20,2125,SHRIRAMFIN,EQ,1183478,484781,40.96
20,2126,SHRIRAMPPS,EQ,1207535,559737,46.35
20,2127,SHRITECH,SM,42000,30000,71.43
20,2128,SHUBHLAXMI,SM,9000,9000,100.00
20,2129,SHYAMCENT,EQ,121773,89003,73.09
20,2130,SHYAMMETL,EQ,886482,394296,44.48
20,2131,SIDDHIKA,SM,13000,9000,69.23
20,2132,SIEMENS,EQ,244925,88872,36.29
20,2133,SIGACHI,EQ,1706438,803300,47.07
20,2134,SIGIND,EQ,32599,19086,58.55
20,2135,SIGMA,EQ,11631,9710,83.48
20,2136,SIGNATURE,EQ,405894,48253,11.89
20,2137,SIGNORIA,SM,8000,4000,50.00
20,2138,SIGNPOST,EQ,56337,26182,46.47
20,2139,SILGO,EQ,32707,14020,42.87
20,2140,SILINV,EQ,5580,2870,51.43
20,2141,SILKFLEX,SM,52000,32000,61.54
20,2142,SILLYMONKS,EQ,45703,22474,49.17
20,2143,SILVER,EQ,293210,238594,81.37
20,2144,SILVER1,EQ,88679,83673,94.35
20,2145,SILVERADD,EQ,174283,163699,93.93
20,2146,SILVERBEES,EQ,18412305,14499345,78.75
20,2147,SILVERETF,EQ,399341,328469,82.25
20,2148,SILVERIETF,EQ,3174058,2902928,91.46
20,2149,SILVERTUC,EQ,23097,4626,20.03
20,2150,SILVRETF,EQ,155057,153692,99.12
20,2151,SIMPLEXINF,EQ,130590,97399,74.58
20,2152,SINCLAIR,EQ,80390,57395,71.40
20,2153,SINDHUTRAD,EQ,460385,265062,57.57
20,2154,SINTERCOM,EQ,38000,31831,83.77
20,2155,SIRCA,EQ,127940,65725,51.37
20,2156,SIS,EQ,140040,81691,58.33
20,2157,SIYSIL,EQ,485895,140077,28.83
20,2158,SJLOGISTIC,SM,145500,89000,61.17
20,2159,SJS,EQ,262639,89167,33.95
20,2160,SJVN,EQ,13822499,4801932,34.74
20,2161,SKFINDIA,EQ,57360,38476,67.08
20,2162,SKIPPER,EQ,857782,299417,34.91
20,2163,SKIPPERPP,E1,40206,22001,54.72
20,2164,SKMEGGPROD,EQ,152654,68465,44.85
20,2165,SKP,SM,10000,7000,70.00
20,2166,SLONE,ST,35200,32000,90.91
20,2167,SMALLCAP,EQ,1722084,1212051,70.38
20,2168,SMCGLOBAL,EQ,255746,113299,44.30
20,2169,SMLISUZU,EQ,47221,14591,30.90
20,2170,SMLT,EQ,34779,23405,67.30
20,2171,SMSLIFE,EQ,1730,949,54.86
20,2172,SMSPHARMA,EQ,1062255,408173,38.43
20,2173,SMVD,SM,12120,8080,66.67
20,2174,SNOWMAN,EQ,1406682,532258,37.84
20,2175,SOBHA,EQ,314105,118773,37.81
20,2176,SOBHAPP,E1,33205,32228,97.06
20,2177,SOFTTECH,EQ,3779,2071,54.80
20,2178,SOLARAPP,X1,3062,2961,96.70
20,2179,SOLARINDS,EQ,113696,44606,39.23
20,2180,SOLEX,SM,24800,17800,71.77
20,2181,SOMANYCERA,EQ,43805,26033,59.43
20,2182,SOMATEX,EQ,21048,11306,53.72
20,2183,SONACOMS,EQ,721444,323938,44.90
20,2184,SONAMAC,SM,29000,20000,68.97
20,2185,SONAMLTD,EQ,138977,32927,23.69
20,2186,SONATSOFTW,EQ,915136,244606,26.73
20,2187,SONUINFRA,ST,21000,18000,85.71
20,2188,SOTAC,ST,1200,1200,100.00
20,2189,SOTL,EQ,239799,59999,25.02
20,2190,SOUTHBANK,EQ,18739636,8298405,44.28
20,2191,SOUTHWEST,EQ,78613,38798,49.35
20,2192,SPAL,EQ,585918,77038,13.15
20,2193,SPANDANA,EQ,333691,183768,55.07
20,2194,SPARC,EQ,526868,306449,58.16
20,2195,SPCENET,EQ,3062591,1483223,48.43
20,2196,SPCL,SM,94800,54000,56.96
20,2197,SPECIALITY,EQ,25442,14499,56.99
20,2198,SPECTRUM,SM,1875,1500,80.00
20,2199,SPECTSTM,SM,14400,12000,83.33
20,2200,SPENCERS,EQ,598986,264347,44.13
20,2201,SPIC,EQ,1025762,339713,33.12
20,2202,SPLIL,EQ,199666,75126,37.63
20,2203,SPLPETRO,EQ,91353,60391,66.11
20,2204,SPORTKING,EQ,84840,43259,50.99
20,2205,SPRL,ST,30400,16000,52.63
20,2206,SREEL,EQ,35021,10405,29.71
20,2207,SRF,EQ,731638,421129,57.56
20,2208,SRGHFL,EQ,15373,9281,60.37
20,2209,SRHHYPOLTD,EQ,43162,22089,51.18
20,2210,SRIVASAVI,SM,59000,34000,57.63
20,2211,SRM,EQ,146583,82940,56.58
20,2212,SSEGL,ST,1297000,1297000,100.00
20,2213,SSFL,SM,7000,5000,71.43
20,2214,SSWL,EQ,200229,91307,45.60
20,2215,STANLEY,EQ,280916,122305,43.54
20,2216,STAR,EQ,563366,259450,46.05
20,2217,STARCEMENT,EQ,167675,95378,56.88
20,2218,STARHEALTH,EQ,632822,401893,63.51
20,2219,STARPAPER,EQ,24557,12799,52.12
20,2220,STCINDIA,EQ,668364,116074,17.37
20,2221,STEELCAS,EQ,19629,10491,53.45
20,2222,STEELCITY,EQ,41229,25375,61.55
20,2223,STEELXIND,EQ,3667934,1585078,43.21
20,2224,STEL,EQ,67155,63251,94.19
20,2225,STERTOOLS,EQ,67527,28355,41.99
20,2226,STLTECH,EQ,1343029,513760,38.25
20,2227,STOVEKRAFT,EQ,111862,48288,43.17
20,2228,STYLAMIND,EQ,16254,8435,51.89
20,2229,STYRENIX,EQ,56637,34103,60.21
20,2230,SUBEXLTD,EQ,9143284,3541839,38.74
20,2231,SUBROS,EQ,87742,42844,48.83
20,2232,SUDARSCHEM,EQ,336879,154946,45.99
20,2233,SUKHJITS,EQ,27440,13781,50.22
20,2234,SULA,EQ,191923,109234,56.92
20,2235,SUMICHEM,EQ,593923,289556,48.75
20,2236,SUMMITSEC,EQ,7289,3529,48.42
20,2237,SUNCLAY,EQ,15084,8112,53.78
20,2238,SUNDARMFIN,EQ,240415,148908,61.94
20,2239,SUNDARMHLD,EQ,208670,109881,52.66
20,2240,SUNDRMBRAK,EQ,3506,2375,67.74
20,2241,SUNDRMFAST,EQ,29867,14868,49.78
20,2242,SUNFLAG,EQ,480978,247174,51.39
20,2243,SUNPHARMA,EQ,1710278,947930,55.43
20,2244,SUNTECK,EQ,523588,198555,37.92
20,2245,SUNTV,EQ,686110,251173,36.61
20,2246,SUPERHOUSE,EQ,12246,7472,61.02
20,2247,SUPERSPIN,EQ,78666,46889,59.61
20,2248,SUPRAJIT,EQ,136950,72834,53.18
20,2249,SUPREMEIND,EQ,146863,79653,54.24
20,2250,SUPREMEPWR,ST,97000,85000,87.63
20,2251,SUPRIYA,EQ,321437,139354,43.35
20,2252,SURANASOL,EQ,331043,178312,53.86
20,2253,SURANI,SM,22600,16600,73.45
20,2254,SURYALAXMI,EQ,407888,130746,32.05
20,2255,SURYAROSNI,EQ,232740,113952,48.96
20,2256,SURYODAY,EQ,714724,369664,51.72
20,2257,SUTLEJTEX,EQ,2689499,510021,18.96
20,2258,SUVEN,EQ,435138,254125,58.40
20,2259,SUVENPHAR,EQ,265611,118438,44.59
20,2260,SUVIDHAA,EQ,568672,391885,68.91
20,2261,SUZLON,EQ,96665562,45307581,46.87
20,2262,SVLL,EQ,32335,25270,78.15
20,2263,SVPGLOB,EQ,78135,51805,66.30
20,2264,SWANENERGY,EQ,2167918,1073090,49.50
20,2265,SWARAJ,SM,46000,32000,69.57
20,2266,SWARAJENG,EQ,11382,5100,44.81
20,2267,SWASTIK,SM,7200,4800,66.67
20,2268,SWELECTES,EQ,35450,16914,47.71
20,2269,SWSOLAR,EQ,694860,393941,56.69
20,2270,SYLVANPLY,SM,66000,46000,69.70
20,2271,SYMPHONY,EQ,4010113,1039978,25.93
20,2272,SYNCOMF,EQ,8470444,4286553,50.61
20,2273,SYNGENE,EQ,700328,338001,48.26
20,2274,SYNOPTICS,SM,37200,24600,66.13
20,2275,SYRMA,EQ,3269226,959137,29.34
20,2276,SYSTANGO,SM,26400,18000,68.18
20,2277,TAC,SM,78000,45600,58.46
20,2278,TAJGVK,EQ,298509,161408,54.07
20,2279,TAKE,EQ,170382,125314,73.55
20,2280,TALBROAUTO,EQ,243792,123837,50.80
20,2281,TANLA,EQ,674411,236659,35.09
20,2282,TAPIFRUIT,SM,3000,2250,75.00
20,2283,TARACHAND,EQ,79570,71841,90.29
20,2284,TARMAT,EQ,162078,57680,35.59
20,2285,TARSONS,EQ,95909,47002,49.01
20,2286,TASTYBITE,EQ,6457,3210,49.71
20,2287,TATACHEM,EQ,1715631,324153,18.89
20,2288,TATACOMM,EQ,273051,125166,45.84
20,2289,TATACONSUM,EQ,1304014,592524,45.44
20,2290,TATAELXSI,EQ,96655,45144,46.71
20,2291,TATAGOLD,EQ,3560810,3050873,85.68
20,2292,TATAINVEST,EQ,21219,11389,53.67
20,2293,TATAMOTORS,EQ,16726393,5577368,33.34
20,2294,TATAMTRDVR,EQ,2558426,1266086,49.49
20,2295,TATAPOWER,EQ,19245378,5090599,26.45
20,2296,TATASTEEL,EQ,53507102,23145077,43.26
20,2297,TATATECH,EQ,656501,345733,52.66
20,2298,TATSILV,EQ,2088581,1967916,94.22
20,2299,TATVA,EQ,49762,27490,55.24
20,2300,TBI,ST,24000,21600,90.00
20,2301,TBOTEK,EQ,111839,85218,76.20
20,2302,TBZ,EQ,2918810,718598,24.62
20,2303,TCI,EQ,76255,33171,43.50
20,2304,TCIEXP,EQ,19804,7708,38.92
20,2305,TCL,SM,92800,58400,62.93
20,2306,TCNSBRANDS,EQ,508062,357778,70.42
20,2307,TCPLPACK,EQ,4566,2394,52.43
20,2308,TCS,EQ,2203067,1428036,64.82
20,2309,TDPOWERSYS,EQ,550577,366909,66.64
20,2310,TEAMLEASE,EQ,90372,80971,89.60
20,2311,TECH,EQ,13475,9887,73.37
20,2312,TECHLABS,ST,15500,15000,96.77
20,2313,TECHM,EQ,1665788,681100,40.89
20,2314,TEGA,EQ,58406,39851,68.23
20,2315,TEJASNET,EQ,438825,233827,53.28
20,2316,TEMBO,EQ,263359,40591,15.41
20,2317,TEXINFRA,EQ,657973,223691,34.00
20,2318,TEXMOPIPES,EQ,90674,36192,39.91
20,2319,TEXRAIL,EQ,3533757,1260041,35.66
20,2320,TFCILTD,EQ,794410,344997,43.43
20,2321,TGBHOTELS,EQ,135257,71306,52.72
20,2322,TGL,ST,54000,49200,91.11
20,2323,THANGAMAYL,EQ,28326,13240,46.74
20,2324,THEJO,EQ,14985,7634,50.94
20,2325,THEMISMED,EQ,75820,27448,36.20
20,2326,THERMAX,EQ,200005,99037,49.52
20,2327,THOMASCOOK,EQ,1769345,1034470,58.47
20,2328,THYROCARE,EQ,255872,104920,41.00
20,2329,TI,EQ,592007,214539,36.24
20,2330,TIDEWATER,EQ,59896,24878,41.54
20,2331,TIIL,EQ,58794,43217,73.51
20,2332,TIINDIA,EQ,145164,52450,36.13
20,2333,TIMESCAN,SM,10000,10000,100.00
20,2334,TIMESGTY,EQ,73351,53820,73.37
20,2335,TIMETECHNO,EQ,1107789,435172,39.28
20,2336,TIMKEN,EQ,58244,31611,54.27
20,2337,TIPSFILMS,EQ,10207,6443,63.12
20,2338,TIPSINDLTD,EQ,362036,166357,45.95
20,2339,TIRUMALCHM,EQ,384374,181739,47.28
20,2340,TIRUPATI,SM,6000,6000,100.00
20,2341,TITAGARH,EQ,1665857,595832,35.77
20,2342,TITAN,EQ,976535,442161,45.28
20,2343,TMB,EQ,223040,101131,45.34
20,2344,TNIDETF,EQ,34120,26423,77.44
20,2345,TNPETRO,EQ,427783,192205,44.93
20,2346,TNPL,EQ,117249,52776,45.01
20,2347,TOKYOPLAST,EQ,14939,9117,61.03
20,2348,TOP100CASE,EQ,185244,163479,88.25
20,2349,TORNTPHARM,EQ,636197,312162,49.07
20,2350,TORNTPOWER,EQ,868056,171462,19.75
20,2351,TOUCHWOOD,EQ,2245,303,13.50
20,2352,TPLPLASTEH,EQ,461315,227555,49.33
20,2353,TRACXN,EQ,741882,295375,39.81
20,2354,TRANSTEEL,SM,52000,30000,57.69
20,2355,TRANSWIND,SM,4000,4000,100.00
20,2356,TREEHOUSE,EQ,65865,37910,57.56
20,2357,TREL,EQ,1225555,503450,41.08
20,2358,TRENT,EQ,642644,289276,45.01
20,2359,TRF,EQ,21679,13699,63.19
20,2360,TRIDENT,EQ,58679431,9550985,16.28
20,2361,TRIDHYA,SM,150000,144000,96.00
20,2362,TRITURBINE,EQ,3501793,505775,14.44
20,2363,TRIVENI,EQ,391617,119514,30.52
20,2364,TROM,ST,733200,694800,94.76
20,2365,TRU,EQ,3236318,663173,20.49
20,2366,TRUST,ST,127200,116400,91.51
20,2367,TTKHLTCARE,EQ,20188,11733,58.12
20,2368,TTKPRESTIG,EQ,185575,68874,37.11
20,2369,TTL,EQ,140386,56021,39.90
20,2370,TTML,EQ,10334295,2594373,25.10
20,2371,TUNWAL,SM,562000,326000,58.01
20,2372,TV18BRDCST,EQ,12212309,4695622,38.45
20,2373,TVSELECT,EQ,62106,24924,40.13
20,2374,TVSHLTD,EQ,4416,1739,39.38
20,2375,TVSMOTOR,EQ,2149602,1064453,49.52
20,2376,TVSSCS,EQ,1352292,672569,49.74
20,2377,TVSSRICHAK,EQ,3743,1890,50.49
20,2378,TVTODAY,EQ,735094,239236,32.54
20,2379,UBL,EQ,331470,183606,55.39
20,2380,UCAL,EQ,15659,8155,52.08
20,2381,UCL,SM,6000,6000,100.00
20,2382,UCOBANK,EQ,12588351,3931675,31.23
20,2383,UDAICEMENT,EQ,1829846,954046,52.14
20,2384,UDS,EQ,588434,232331,39.48
20,2385,UFLEX,EQ,122402,57577,47.04
20,2386,UFO,EQ,317934,139327,43.82
20,2387,UGARSUGAR,EQ,332163,141260,42.53
20,2388,UGROCAP,EQ,241855,128809,53.26
20,2389,UJJIVANSFB,EQ,11172839,6147740,55.02
20,2390,ULTRACEMCO,EQ,368949,222976,60.44
20,2391,UMA,SM,20000,16000,80.00
20,2392,UMAEXPORTS,EQ,82097,24183,29.46
20,2393,UNICHEMLAB,EQ,48941,13224,27.02
20,2394,UNIDT,EQ,18163,12008,66.11
20,2395,UNIENTER,EQ,21411,6702,31.30
20,2396,UNIHEALTH,SM,12000,11000,91.67
20,2397,UNIINFO,EQ,62205,27611,44.39
20,2398,UNIONBANK,EQ,10663265,5023960,47.11
20,2399,UNIPARTS,EQ,82532,47093,57.06
20,2400,UNITDSPR,EQ,396031,162120,40.94
20,2401,UNITEDPOLY,EQ,25320,6385,25.22
20,2402,UNITEDTEA,EQ,2691,2087,77.55
20,2403,UNIVASTU,EQ,3803,2045,53.77
20,2404,UNIVCABLES,EQ,310038,209374,67.53
20,2405,UNIVPHOTO,EQ,1164,576,49.48
20,2406,UNOMINDA,EQ,661068,327318,49.51
20,2407,UPL,EQ,3839963,1197435,31.18
20,2408,URAVI,EQ,4929,3364,68.25
20,2409,URBAN,SM,24400,17600,72.13
20,2410,URJA,EQ,2155297,1248401,57.92
20,2411,USASEEDS,SM,4500,3300,73.33
20,2412,USHAMART,EQ,789727,404403,51.21
20,2413,UTIAMC,EQ,139149,54339,39.05
20,2414,UTIBANKETF,EQ,50374,42207,83.79
20,2415,UTINEXT50,EQ,187385,140422,74.94
20,2416,UTINIFTETF,EQ,100067,61693,61.65
20,2417,UTISENSETF,EQ,1695,975,57.52
20,2418,UTISXN50,EQ,2539,2015,79.36
20,2419,UTKARSHBNK,EQ,1788881,1065887,59.58
20,2420,UTTAMSUGAR,EQ,55662,22704,40.79
20,2421,VADILALIND,EQ,13976,6503,46.53
20,2422,VAIBHAVGBL,EQ,585915,230628,39.36
20,2423,VAISHALI,EQ,285603,212343,74.35
20,2424,VAKRANGEE,EQ,5151465,1883346,36.56
20,2425,VALIANTLAB,EQ,539324,305020,56.56
20,2426,VALIANTORG,EQ,39824,18922,47.51
20,2427,VARDHACRLC,EQ,166492,65633,39.42
20,2428,VARDMNPOLY,EQ,600674,377733,62.88
20,2429,VARROC,EQ,132042,59488,45.05
20,2430,VASA,ST,8000,8000,100.00
20,2431,VASCONEQ,EQ,2251457,946942,42.06
20,2432,VASWANI,EQ,665329,269371,40.49
20,2433,VBL,EQ,2406820,1444545,60.02
20,2434,VEDL,EQ,17994697,5369072,29.84
20,2435,VEEKAYEM,SM,1500,1500,100.00
20,2436,VELS,SM,7200,6000,83.33
20,2437,VENKEYS,EQ,48725,25024,51.36
20,2438,VENUSPIPES,EQ,32494,18045,55.53
20,2439,VENUSREM,EQ,86447,36022,41.67
20,2440,VERA,SM,1500,1500,100.00
20,2441,VERITAAS,SM,2400,2400,100.00
20,2442,VERTEXPLUS,ST,17400,17400,100.00
20,2443,VERTOZ,EQ,1896125,1588481,83.78
20,2444,VESUVIUS,EQ,19971,8139,40.75
20,2445,VETO,EQ,620576,195566,31.51
20,2446,VGUARD,EQ,363516,157139,43.23
20,2447,VHL,EQ,4413,2131,48.29
20,2448,VIAZ,SM,2000,2000,100.00
20,2449,VIDHIING,EQ,52151,25845,49.56
20,2450,VIJAYA,EQ,721372,247793,34.35
20,2451,VIKASECO,EQ,18316878,7858608,42.90
20,2452,VIKASLIFE,EQ,8961239,4972446,55.49
20,2453,VILAS,ST,53000,49000,92.45
20,2454,VILINBIO,SM,4000,4000,100.00
20,2455,VIMTALABS,EQ,32509,18254,56.15
20,2456,VINATIORGA,EQ,45685,22073,48.32
20,2457,VINDHYATEL,EQ,53335,29166,54.68
20,2458,VINEETLAB,EQ,34530,17961,52.02
20,2459,VINNY,EQ,526087,393889,74.87
20,2460,VINSYS,SM,12500,8000,64.00
20,2461,VINYAS,ST,10000,9200,92.00
20,2462,VINYLINDIA,EQ,43622,19831,45.46
20,2463,VIPIND,EQ,255709,113000,44.19
20,2464,VIPULLTD,EQ,5361498,2000403,37.31
20,2465,VIRINCHI,EQ,512988,238492,46.49
20,2466,VISAKAIND,EQ,174171,97311,55.87
20,2467,VISAMAN,SM,177000,123000,69.49
20,2468,VISHNU,EQ,84329,43005,51.00
20,2469,VISHNUINFR,SM,84000,63500,75.60
20,2470,VISHWARAJ,EQ,947310,311751,32.91
20,2471,VISHWAS,SM,3200,1600,50.00
20,2472,VITAL,ST,43200,40800,94.44
20,2473,VIVIANA,ST,6500,6500,100.00
20,2474,VLEGOV,EQ,684147,398840,58.30
20,2475,VLINFRA,ST,1269000,1242000,97.87
20,2476,VLSFINANCE,EQ,92171,51060,55.40
20,2477,VMARCIND,SM,33000,33000,100.00
20,2478,VMART,EQ,215217,27778,12.91
20,2479,VOLTAMP,EQ,16552,6238,37.69
20,2480,VOLTAS,EQ,722961,345710,47.82
20,2481,VPRPL,EQ,1631024,762341,46.74
20,2482,VRAJ,EQ,103865,45057,43.38
20,2483,VRLLOG,EQ,107059,50658,47.32
20,2484,VSCL,SM,12000,12000,100.00
20,2485,VSSL,EQ,47257,23998,50.78
20,2486,VSTIND,EQ,37979,20740,54.61
20,2487,VSTTILLERS,EQ,5583,2889,51.75
20,2488,VTL,EQ,4726873,686693,14.53
20,2489,WABAG,EQ,530006,217854,41.10
20,2490,WALCHANNAG,EQ,1554818,547201,35.19
20,2491,WALPAR,SM,9000,9000,100.00
20,2492,WANBURY,EQ,223239,129148,57.85
20,2493,WEALTH,EQ,55297,27439,49.62
20,2494,WEL,EQ,55830,19395,34.74
20,2495,WELCORP,EQ,1184994,516087,43.55
20,2496,WELENT,EQ,697114,288481,41.38
20,2497,WELINV,EQ,654,259,39.60
20,2498,WELSPUNLIV,EQ,26681117,4799643,17.99
20,2499,WENDT,EQ,727,334,45.94
20,2500,WESTLIFE,EQ,23067,10072,43.66
20,2501,WHEELS,EQ,49757,24150,48.54
20,2502,WHIRLPOOL,EQ,138607,93636,67.56
20,2503,WILLAMAGOR,EQ,4460,2122,47.58
20,2504,WINDLAS,EQ,59340,23383,39.41
20,2505,WINDMACHIN,EQ,262013,166203,63.43
20,2506,WINNY,SM,10000,4000,40.00
20,2507,WINSOL,SM,52800,30400,57.58
20,2508,WIPL,EQ,7483,4892,65.37
20,2509,WIPRO,EQ,5635792,1837585,32.61
20,2510,WOMANCART,ST,3200,3200,100.00
20,2511,WONDERLA,EQ,274037,182389,66.56
20,2512,WORTH,EQ,76366,38269,50.11
20,2513,WSI,EQ,180472,89049,49.34
20,2514,WSTCSTPAPR,EQ,184857,84298,45.60
20,2515,WTICAB,SM,47000,32000,68.09
20,2516,XCHANGING,EQ,535070,228908,42.78
20,2517,XELPMOC,EQ,10820,6336,58.56
20,2518,XPROINDIA,EQ,27590,14866,53.88
20,2519,YAARI,EQ,821461,505499,61.54
20,2520,YASHO,EQ,32711,16771,51.27
20,2521,YASHOPTICS,SM,38400,28800,75.00
20,2522,YATHARTH,EQ,140335,77104,54.94
20,2523,YATRA,EQ,410843,231871,56.44
20,2524,YCCL,SM,9000,9000,100.00
20,2525,YESBANK,EQ,183499934,63631156,34.68
20,2526,YUDIZ,ST,2400,2400,100.00
20,2527,YUKEN,EQ,16934,10897,64.35
20,2528,ZAGGLE,EQ,1904974,718233,37.70
20,2529,ZEAL,SM,17400,13800,79.31
20,2530,ZEEL,EQ,10774872,4411165,40.94
20,2531,ZEEMEDIA,EQ,4237662,1460028,34.45
20,2532,ZENITHDRUG,SM,81600,56000,68.63
20,2533,ZENSARTECH,EQ,1154781,268883,23.28
20,2534,ZENTEC,EQ,472560,260518,55.13
20,2535,ZFCVINDIA,EQ,6228,2571,41.28
20,2536,ZIMLAB,EQ,171885,116937,68.03
20,2537,ZOMATO,EQ,143459602,40660131,28.34
20,2538,ZOTA,EQ,97560,44426,45.54
20,2539,ZTECH,SM,46800,34800,74.36
20,2540,ZUARI,EQ,238449,109491,45.92
20,2541,ZUARIIND,EQ,123361,56218,45.57
20,2542,ZYDUSLIFE,EQ,1224820,788404,64.37
20,2543,ZYDUSWELL,EQ,59277,26910,45.40
