Security Wise Delivery Position - Compulsory Rolling Settlement
10,MTO,28052024,1639742101,0002473
Trade Date <28-MAY-2024>,Settlement Type <N>
Record Type,Sr No,Name of Security,Quantity Traded,Deliverable Quantity(gross across client level),% of Deliverable Quantity to Traded Quantity
20,1,0MOFSL27,N3,10,10,100.00
20,2,1003ISFL28,N4,180,180,100.00
20,3,1013DLSL24,NF,366,366,100.00
20,4,1015ECL29,NR,448,448,100.00
20,5,1015IHF28B,AZ,45,45,100.00
20,6,1025IHF34,Z8,1455,1419,97.53
20,7,1025UCL25,N8,10,10,100.00
20,8,1035UCL26,NA,200,200,100.00
20,9,1040NFL26,NA,49,49,100.00
20,10,1050NFL26,N7,336,336,100.00
20,11,1050UCL25,N7,60,60,100.00
20,12,1060ECL29,NS,70,70,100.00
20,13,1065NFL27,NC,9,9,100.00
20,14,10CAGL27,N5,270,270,100.00
20,15,10IIFL28,N4,242,242,100.00
20,16,10IIFL28A,NE,110,105,95.45
20,17,10NIDO26,N6,1000,1000,100.00
20,18,182D010824,TB,200,200,100.00
20,19,182D031024,TB,100,100,100.00
20,20,182D040724,TB,200,100,50.00
20,21,182D050924,TB,200,200,100.00
20,22,182D071124,TB,200,200,100.00
20,23,182D111024,TB,600,300,50.00
20,24,182D120924,TB,100,100,100.00
20,25,182D141124,TB,5100,5100,100.00
20,26,182D190924,TB,800,800,100.00
20,27,182D200624,TB,200,200,100.00
20,28,182D220824,TB,1000,1000,100.00
20,29,182D250724,TB,400,400,100.00
20,30,182D270624,TB,12200,12100,99.18
20,31,20MICRONS,EQ,149929,80740,53.85
20,32,360ONE,EQ,283678,183100,64.55
20,33,364D060225,TB,100,100,100.00
20,34,364D080525,TB,100,100,100.00
20,35,364D150525,TB,1400,1400,100.00
20,36,364D171024,TB,5000,5000,100.00
20,37,364D200225,TB,100,100,100.00
20,38,364D220824,TB,1000,1000,100.00
20,39,364D230125,TB,200,100,50.00
20,40,364D230525,TB,200,200,100.00
20,41,3IINFOLTD,EQ,328643,176151,53.60
20,42,3MINDIA,EQ,113543,11991,10.56
20,43,3PLAND,EQ,21572,10211,47.33
20,44,5PAISA,EQ,25453,9078,35.67
20,45,610GS2031,GS,3800,3800,100.00
20,46,63MOONS,EQ,85718,85718,100.00
20,47,654GS2032,GS,7080,7079,99.99
20,48,667GS2035,GS,1,1,100.00
20,49,667GS2050,GS,22651,22650,100.00
20,50,669GS2024,GS,88806,88806,100.00
20,51,676GS2061,GS,36,36,100.00
20,52,689GS2025,GS,1600,1600,100.00
20,53,68GS2060,GS,33,33,100.00
20,54,699GS2026,GS,1000,1000,100.00
20,55,699GS2051,GS,4354,4353,99.98
20,56,702GS2027,GS,2201,2201,100.00
20,57,706GS2028,GS,4630,4630,100.00
20,58,710GS2029,GS,91364,91364,100.00
20,59,716GS2050,GS,7235,7235,100.00
20,60,717GS2030,GS,31097,31097,100.00
20,61,718GS2033,GS,21,21,100.00
20,62,718GS2037,GS,799,799,100.00
20,63,723GS2039,GS,65504,65504,100.00
20,64,725GS2063,GS,52199,52169,99.94
20,65,726GS2029,GS,25,25,100.00
20,66,726GS2032,GS,3300,1950,59.09
20,67,726GS2033,GS,1001,1000,99.90
20,68,732GS2030,GS,7570,7520,99.34
20,69,732IRFC25,NI,1610,1266,78.63
20,70,733GS2026,GS,10400,10400,100.00
20,71,734GS2064,GS,20503,20403,99.51
20,72,735NHAI31,N9,1000,1000,100.00
20,73,736GS2052,GS,148070,144869,97.84
20,74,736NTPC25D,NB,1,1,100.00
20,75,737GS2028,GS,14980,14883,99.35
20,76,737NTPC35C,NA,55,55,100.00
20,77,738GS2027,GS,7025,7025,100.00
20,78,738REC27TF,N2,400,400,100.00
20,79,739NHAI26,N8,104,104,100.00
20,80,73GS2053,GS,45251,25150,55.58
20,81,741GS2036,GS,4503,4446,98.73
20,82,743REC35,NH,359,359,100.00
20,83,746GS2073,GS,32207,32207,100.00
20,84,74GS2062,GS,11638,11608,99.74
20,85,750IRFC35,NK,616,616,100.00
20,86,751HUDCO28,N5,200,200,100.00
20,87,753IRFC30,NJ,1505,1109,73.69
20,88,753NTPC30E,NC,140,140,100.00
20,89,754GS2036,GS,737437,704268,95.50
20,90,755GJ31,SG,600,600,100.00
20,91,758GJ32,SG,100,100,100.00
20,92,759GS2026,GS,500,500,100.00
20,93,760PFCL35,N3,69,69,100.00
20,94,762GS2039,GS,374,374,100.00
20,95,762NTPC35F,ND,203,203,100.00
20,96,764HUDCO31,N8,319,299,93.73
20,97,764NABAR31,N2,474,465,98.10
20,98,769NHAI31,NE,1109,666,60.05
20,99,76NHAI31,NA,1519,1365,89.86
20,100,774IREDA31,N7,79,73,92.41
20,101,77MH33A,SG,100,100,100.00
20,102,78ABFL33,N4,25,25,100.00
20,103,79IGT28,NF,120,120,100.00
20,104,79NHIT35,N1,981,976,99.49
20,105,79NHIT40,N2,1480,1230,83.11
20,106,79NHIT47,N3,4286,4286,100.00
20,107,801TCH25,N4,181,180,99.45
20,108,810IRFC27,N2,2069,2069,100.00
20,109,813GS2045,GS,280,280,100.00
20,110,81TCHF28,N8,354,354,100.00
20,111,820IIFL27,N9,500,500,100.00
20,112,825IIFL25,N7,350,350,100.00
20,113,829LTF24,NL,104,104,100.00
20,114,82HUDCO27,N2,9,9,100.00
20,115,82IGT31,NJ,490,460,93.88
20,116,830NHAI27,N2,1452,1452,100.00
20,117,830PFCL27,N5,50,50,100.00
20,118,835IFL25,NV,3,3,100.00
20,119,837REC33,N7,22,11,50.00
20,120,840CIFCL28,N4,195,195,100.00
20,121,843IHFL29,NC,247,247,100.00
20,122,849NTPC25,N7,15223,14171,93.09
20,123,84TCHF28,NA,120,120,100.00
20,124,850IIFL27,NA,230,230,100.00
20,125,85IFL26,NX,145,145,100.00
20,126,85IIFL25,NO,223,223,100.00
20,127,85PCHFL24,N6,1,1,100.00
20,128,863IRFC29,NC,200,200,100.00
20,129,865IFL28,NZ,10,10,100.00
20,130,865IIFL28,NS,294,294,100.00
20,131,865IRFC29,NA,91,91,100.00
20,132,865TCAPS27,N8,502,502,100.00
20,133,86LTF24,NJ,10,10,100.00
20,134,871REC28,N9,1537,1537,100.00
20,135,875IHFL26,NQ,200,200,100.00
20,136,875IIFL26A,NQ,1,1,100.00
20,137,875NHAI29,N6,1333,870,65.27
20,138,875PCHFL26,N8,16,16,100.00
20,139,875SFL27,ZF,309,309,100.00
20,140,876HUDCO28,ND,1000,1000,100.00
20,141,879NHPC28,N5,70,70,100.00
20,142,87LTF27,NH,3,3,100.00
20,143,880IREDA34,N6,128,128,100.00
20,144,883GS2041,GS,100,100,100.00
20,145,885MOFSL26,N0,160,160,100.00
20,146,888ERFL28,N5,1000,1000,100.00
20,147,888IHFL25F,NC,10,10,100.00
20,148,888IRFC29,NE,63,63,100.00
20,149,888REC29,NF,10,10,100.00
20,150,889IBHL27,YT,2,2,100.00
20,151,889IHFL26,NS,800,800,100.00
20,152,891IIFCL34,N4,1838,1498,81.50
20,153,892NHPC33,N6,9,9,100.00
20,154,893NHB29,N6,16,16,100.00
20,155,898LTF29,N7,291,291,100.00
20,156,901HUDCO34,NE,128,118,92.19
20,157,903SFL28,YI,5,5,100.00
20,158,905IHF24,YV,10,10,100.00
20,159,905LTF27,NF,310,310,100.00
20,160,905PEL26,N1,50,50,100.00
20,161,910CAGL25,N7,62,62,100.00
20,162,910TCAP28,NA,350,250,71.43
20,163,91D020824,TB,800,800,100.00
20,164,91D040724,TB,2600,2600,100.00
20,165,91D060624,TB,5200,5200,100.00
20,166,91D080824,TB,5000,5000,100.00
20,167,91D120724,TB,1500,1500,100.00
20,168,91D130624,TB,100,100,100.00
20,169,91D150824,TB,4300,4300,100.00
20,170,91D190724,TB,100,100,100.00
20,171,91D230824,TB,200,200,100.00
20,172,91D250724,TB,500,500,100.00
20,173,91D270624,TB,300,200,66.67
20,174,91MOFSL27,N2,15,15,100.00
20,175,921ISFL25,N0,10,10,100.00
20,176,925ERFL28,N6,865,865,100.00
20,177,925IHFL25A,NH,150,150,100.00
20,178,925IHFL26B,YQ,10,10,100.00
20,179,92GS2030,GS,14134,10134,71.70
20,180,92ICCL28,ND,3,3,100.00
20,181,935LTF29,N5,473,429,90.70
20,182,93MOFSL34,N6,10,10,100.00
20,183,943ECL28,NJ,1,1,100.00
20,184,945IFSL25,N4,92,92,100.00
20,185,94IFCI25,NL,20,20,100.00
20,186,94NFL24,N3,2,1,50.00
20,187,94SFL28,YL,22,22,100.00
20,188,957ICCL25,YW,195,195,100.00
20,189,957ISFL26,N2,309,309,100.00
20,190,957NIDO26,N5,233,233,100.00
20,191,960CAGL25,N3,69,69,100.00
20,192,965IBHFL25,AG,48,35,72.92
20,193,965IHFL25E,BF,21,20,95.24
20,194,965IHFL26,YO,10,10,100.00
20,195,96IIFL28,N5,1065,965,90.61
20,196,96IIFL28A,NF,1276,1276,100.00
20,197,96SFL24A,NB,20,14,70.00
20,198,970CAGL28,ND,530,500,94.34
20,199,975NFL25,N0,400,400,100.00
20,200,97MOFSL34,N7,60,60,100.00
20,201,97SFL26,Z9,50,50,100.00
20,202,98ICCL26,NU,15,15,100.00
20,203,990IHFL26,N7,50,50,100.00
20,204,9ICCL23A,N0,150,150,100.00
20,205,9IIFL28,Y0,540,540,100.00
20,206,9MMFSML,N2,100,100,100.00
20,207,AADHARHFC,EQ,1531935,1068588,69.75
20,208,AAKASH,EQ,212697,155034,72.89
20,209,AARON,EQ,10503,5745,54.70
20,210,AARTIDRUGS,EQ,1810216,1301263,71.88
20,211,AARTIIND,EQ,2383852,1118819,46.93
20,212,AARTIPHARM,EQ,207383,106126,51.17
20,213,AARTISURF,EQ,12530,7763,61.96
20,214,AARTISURF,P1,19,18,94.74
20,215,AARVEEDEN,EQ,20937,18171,86.79
20,216,AARVI,EQ,13171,7843,59.55
20,217,AATMAJ,SM,592000,350000,59.12
20,218,AAVAS,EQ,95174,49747,52.27
20,219,ABB,EQ,328008,139662,42.58
20,220,ABBOTINDIA,EQ,6200,2334,37.65
20,221,ABCAPITAL,EQ,11521189,3792703,32.92
20,222,ABCOTS,SM,500,500,100.00
20,223,ABFRL,EQ,19397660,7593641,39.15
20,224,ABINFRA,SM,8000,6000,75.00
20,225,ABMINTLLTD,EQ,1442,1037,71.91
20,226,ABSLAMC,EQ,452559,369946,81.75
20,227,ABSLBANETF,EQ,965739,954164,98.80
20,228,ABSLLIQUID,EQ,17572,16213,92.27
20,229,ABSLNN50ET,EQ,33884,22764,67.18
20,230,ABSLPSE,EQ,1066544,979485,91.84
20,231,ABSMARINE,ST,298000,275000,92.28
20,232,ACC,EQ,302161,152709,50.54
20,233,ACCELYA,EQ,7798,4675,59.95
20,234,ACCENTMIC,SM,26500,22000,83.02
20,235,ACCORD,SM,6000,6000,100.00
20,236,ACCURACY,EQ,170544,159154,93.32
20,237,ACE,EQ,412437,186507,45.22
20,238,ACEINTEG,EQ,7405,6406,86.51
20,239,ACI,EQ,204343,93862,45.93
20,240,ACL,EQ,39545,22922,57.96
20,241,ACLGATI,EQ,327420,157490,48.10
20,242,ACSAL,SM,24000,15000,62.50
20,243,ADANIENSOL,EQ,1209409,379994,31.42
20,244,ADANIENT,EQ,1621168,384461,23.72
20,245,ADANIGREEN,EQ,1846867,1042150,56.43
20,246,ADANIPORTS,EQ,4070886,2186756,53.72
20,247,ADANIPOWER,EQ,5213530,2343704,44.95
20,248,ADFFOODS,EQ,153204,82070,53.57
20,249,ADL,EQ,4130,2492,60.34
20,250,ADORWELD,EQ,408912,132449,32.39
20,251,ADROITINFO,EQ,45857,41512,90.52
20,252,ADSL,EQ,183012,76043,41.55
20,253,ADVANIHOTR,EQ,126827,65487,51.63
20,254,ADVENZYMES,EQ,88777,53579,60.35
20,255,AEGISCHEM,EQ,3408113,509242,14.94
20,256,AEROFLEX,EQ,260029,84871,32.64
20,257,AETHER,EQ,55326,34275,61.95
20,258,AFFLE,EQ,664500,324057,48.77
20,259,AGARIND,EQ,643022,152981,23.79
20,260,AGARWALFT,ST,9000,9000,100.00
20,261,AGI,EQ,513252,245347,47.80
20,262,AGNI,SM,135000,87500,64.81
20,263,AGRITECH,EQ,5875,3467,59.01
20,264,AGROPHOS,EQ,22902,18192,79.43
20,265,AGSTRA,EQ,366211,265590,72.52
20,266,AGUL,SM,4000,4000,100.00
20,267,AHL,EQ,62577,49817,79.61
20,268,AHLADA,EQ,1446966,648806,44.84
20,269,AHLEAST,EQ,12106,6370,52.62
20,270,AHLUCONT,EQ,51760,25442,49.15
20,271,AIAENG,EQ,72148,53521,74.18
20,272,AIIL,EQ,12829,7695,59.98
20,273,AILIMITED,ST,9000,6000,66.67
20,274,AIRAN,EQ,188859,146732,77.69
20,275,AIROLAM,EQ,58855,47309,80.38
20,276,AIRTELPP,E1,539091,517941,96.08
20,277,AISL,ST,2400,2400,100.00
20,278,AJANTPHARM,EQ,41522,28184,67.88
20,279,AJMERA,EQ,58126,24038,41.35
20,280,AJOONI,EQ,2783626,1264408,45.42
20,281,AKANKSHA,SM,28000,18000,64.29
20,282,AKASH,EQ,28370,18191,64.12
20,283,AKG,EQ,1218975,1020322,83.70
20,284,AKI,EQ,61479,59514,96.80
20,285,AKSHARCHEM,EQ,4288,2227,51.94
20,286,AKZOINDIA,EQ,7248,4310,59.46
20,287,ALANKIT,EQ,1237982,732243,59.15
20,288,ALBERTDAVD,EQ,4082,2742,67.17
20,289,ALEMBICLTD,EQ,931012,438317,47.08
20,290,ALICON,EQ,54320,23174,42.66
20,291,ALKALI,EQ,29202,23474,80.38
20,292,ALKEM,EQ,216749,133696,61.68
20,293,ALKYLAMINE,EQ,27552,13694,49.70
20,294,ALLCARGO,EQ,2323157,999735,43.03
20,295,ALLETEC,SM,46000,37200,80.87
20,296,ALLSEC,EQ,21587,15991,74.08
20,297,ALMONDZ,EQ,26036,18658,71.66
20,298,ALOKINDS,EQ,3677070,2098313,57.06
20,299,ALPA,EQ,17677,13411,75.87
20,300,ALPEXSOLAR,SM,306000,186400,60.92
20,301,ALPHA,EQ,718063,551683,76.83
20,302,ALPHAETF,EQ,448890,401297,89.40
20,303,ALPHAGEO,EQ,26342,18356,69.68
20,304,ALPL30IETF,EQ,1169003,1061166,90.78
20,305,ALUWIND,SM,195000,144000,73.85
20,306,AMBANIORG,SM,1000,1000,100.00
20,307,AMBER,EQ,146549,66129,45.12
20,308,AMBIKCO,EQ,7966,5705,71.62
20,309,AMBUJACEM,EQ,2482711,1446990,58.28
20,310,AMDIND,EQ,12386,8292,66.95
20,311,AMEYA,SM,18000,16000,88.89
20,312,AMIABLE,SM,3200,3200,100.00
20,313,AMIORG,EQ,107082,55056,51.41
20,314,AMJLAND,EQ,746019,300200,40.24
20,315,AMNPLST,EQ,2653,2063,77.76
20,316,AMRUTANJAN,EQ,45293,21497,47.46
20,317,ANANDRATHI,EQ,38340,25765,67.20
20,318,ANANTRAJ,EQ,890716,437755,49.15
20,319,ANDHRAPAP,EQ,33493,21178,63.23
20,320,ANDHRSUGAR,EQ,144529,82731,57.24
20,321,ANGELONE,EQ,217353,118732,54.63
20,322,ANIKINDS,EQ,6100,3178,52.10
20,323,ANLON,SM,58000,32400,55.86
20,324,ANMOL,EQ,184539,121210,65.68
20,325,ANNAPURNA,SM,26500,22000,83.02
20,326,ANTGRAPHIC,EQ,1162013,634644,54.62
20,327,ANUP,EQ,23749,14680,61.81
20,328,ANURAS,EQ,55014,32183,58.50
20,329,APARINDS,EQ,68362,30080,44.00
20,330,APCL,EQ,10645,8979,84.35
20,331,APCOTEXIND,EQ,20122,13254,65.87
20,332,APEX,EQ,56494,33785,59.80
20,333,APLAPOLLO,EQ,578827,389203,67.24
20,334,APLLTD,EQ,38216,18802,49.20
20,335,APOLLO,EQ,492871,326162,66.18
20,336,APOLLOHOSP,EQ,314362,191315,60.86
20,337,APOLLOPIPE,EQ,42785,22982,53.72
20,338,APOLLOTYRE,EQ,2887519,1741049,60.30
20,339,APOLSINHOT,EQ,9133,3303,36.17
20,340,APS,SM,103500,71000,68.60
20,341,APTECHT,EQ,241647,154930,64.11
20,342,APTUS,EQ,354953,217535,61.29
20,343,ARABIAN,SM,14000,12000,85.71
20,344,ARE&M,EQ,3497245,800154,22.88
20,345,ARENTERP,EQ,7209,5712,79.23
20,346,ARHAM,ST,32000,32000,100.00
20,347,ARIES,EQ,50313,26827,53.32
20,348,ARIHANTACA,SM,800,800,100.00
20,349,ARIHANTCAP,EQ,521897,256162,49.08
20,350,ARIHANTSUP,EQ,11304,7414,65.59
20,351,ARISTO,SM,9600,6400,66.67
20,352,ARMANFIN,EQ,115532,36808,31.86
20,353,AROGRANITE,EQ,16615,11522,69.35
20,354,ARROWGREEN,EQ,199375,49989,25.07
20,355,ARTEMISMED,EQ,249989,187583,75.04
20,356,ARTNIRMAN,EQ,2419,2080,85.99
20,357,ARVIND,EQ,1974229,541032,27.40
20,358,ARVINDFASN,EQ,1055559,540803,51.23
20,359,ARVSMART,EQ,105344,53032,50.34
20,360,ASAHIINDIA,EQ,62868,32479,51.66
20,361,ASAHISONG,EQ,13533,8472,62.60
20,362,ASAL,EQ,1004118,171688,17.10
20,363,ASALCBR,EQ,46713,28777,61.60
20,364,ASHAPURMIN,EQ,112275,81843,72.90
20,365,ASHIANA,EQ,57263,30591,53.42
20,366,ASHIMASYN,EQ,21343411,5409500,25.35
20,367,ASHOKA,EQ,1201667,492675,41.00
20,368,ASHOKAMET,EQ,47134,32264,68.45
20,369,ASHOKLEY,EQ,27423811,6652150,24.26
20,370,ASIANENE,EQ,36870,25905,70.26
20,371,ASIANPAINT,EQ,1084544,668832,61.67
20,372,ASIANTILES,EQ,1000004,571605,57.16
20,373,ASKAUTOLTD,EQ,156021,102922,65.97
20,374,ASMS,EQ,17456,14908,85.40
20,375,ASPINWALL,EQ,6598,4303,65.22
20,376,ASPIRE,SM,38000,32000,84.21
20,377,ASTEC,EQ,24837,15114,60.85
20,378,ASTERDM,EQ,1334610,810793,60.75
20,379,ASTRAL,EQ,428424,192080,44.83
20,380,ASTRAMICRO,EQ,919546,303318,32.99
20,381,ASTRAZEN,EQ,108427,19565,18.04
20,382,ATFL,EQ,36651,23666,64.57
20,383,ATGL,EQ,1375089,476365,34.64
20,384,ATL,EQ,874630,459031,52.48
20,385,ATMASTCO,SM,68000,58400,85.88
20,386,ATUL,EQ,16340,6375,39.01
20,387,ATULAUTO,EQ,145837,78724,53.98
20,388,AUBANK,EQ,3797767,2114857,55.69
20,389,AURDIS,SM,22000,18500,84.09
20,390,AURIONPRO,EQ,38147,29613,77.63
20,391,AUROIMPEX,SM,20800,16000,76.92
20,392,AUROPHARMA,EQ,2079792,818403,39.35
20,393,AURUM,EQ,64087,42794,66.77
20,394,AURUMPP1,E1,5321,4740,89.08
20,395,AUTOAXLES,EQ,25598,13766,53.78
20,396,AUTOBEES,EQ,103276,52153,50.50
20,397,AUTOIETF,EQ,309785,176523,56.98
20,398,AUTOIND,EQ,151190,90182,59.65
20,399,AVADHSUGAR,EQ,20485,8792,42.92
20,400,AVALON,EQ,296932,258681,87.12
20,401,AVANTIFEED,EQ,233489,145399,62.27
20,402,AVG,EQ,39801,25587,64.29
20,403,AVONMORE,EQ,40323,22716,56.34
20,404,AVPINFRA,SM,604800,417600,69.05
20,405,AVROIND,EQ,34734,21536,62.00
20,406,AVTNPL,EQ,138478,60728,43.85
20,407,AWHCL,EQ,204484,123640,60.46
20,408,AWL,EQ,1100792,523949,47.60
20,409,AXISBANK,EQ,4018776,1768704,44.01
20,410,AXISBNKETF,EQ,21009,20724,98.64
20,411,AXISBPSETF,EQ,157016,93837,59.76
20,412,AXISCADES,EQ,316054,122556,38.78
20,413,AXISCETF,EQ,4444,4024,90.55
20,414,AXISGOLD,EQ,299561,253357,84.58
20,415,AXISHCETF,EQ,4183,3095,73.99
20,416,AXISILVER,EQ,30143,16164,53.62
20,417,AXISNIFTY,EQ,2051,1318,64.26
20,418,AXISTECETF,EQ,4305,3824,88.83
20,419,AXITA,EQ,900855,452359,50.21
20,420,AXSENSEX,EQ,913,814,89.16
20,421,AYMSYNTEX,EQ,29015,16820,57.97
20,422,AZAD,EQ,163012,107230,65.78
20,423,BABAFP,SM,12800,9600,75.00
20,424,BAHETI,SM,36000,29250,81.25
20,425,BAIDFIN,EQ,4502301,742123,16.48
20,426,BAJAJ-AUTO,EQ,259094,133690,51.60
20,427,BAJAJCON,EQ,385495,249965,64.84
20,428,BAJAJELEC,EQ,31467,15242,48.44
20,429,BAJAJFINSV,EQ,1306333,786506,60.21
20,430,BAJAJHCARE,EQ,29613,14831,50.08
20,431,BAJAJHIND,EQ,9132500,3899931,42.70
20,432,BAJAJHLDNG,EQ,53389,35964,67.36
20,433,BAJEL,EQ,407615,235786,57.85
20,434,BAJFINANCE,EQ,752867,357655,47.51
20,435,BALAJITELE,EQ,129309,102609,79.35
20,436,BALAMINES,EQ,38512,20520,53.28
20,437,BALAXI,EQ,52308,26380,50.43
20,438,BALKRISHNA,EQ,1044248,347805,33.31
20,439,BALKRISIND,EQ,211945,78454,37.02
20,440,BALMLAWRIE,EQ,1454085,567500,39.03
20,441,BALPHARMA,EQ,13307,8922,67.05
20,442,BALRAMCHIN,EQ,577218,197105,34.15
20,443,BALUFORGE,EQ,314608,162688,51.71
20,444,BANARBEADS,EQ,3683,1775,48.19
20,445,BANARISUG,EQ,741,596,80.43
20,446,BANCOINDIA,EQ,55909,27261,48.76
20,447,BANDHANBNK,EQ,15138336,5927863,39.16
20,448,BANG,EQ,9673,7880,81.46
20,449,BANKBARODA,EQ,12897363,6728741,52.17
20,450,BANKBEES,EQ,828328,560812,67.70
20,451,BANKBETF,EQ,44054,41244,93.62
20,452,BANKETF,EQ,30586,19465,63.64
20,453,BANKETFADD,EQ,9702,5531,57.01
20,454,BANKIETF,EQ,373846,269819,72.17
20,455,BANKINDIA,EQ,14334121,5959525,41.58
20,456,BANKNIFTY1,EQ,27986,22160,79.18
20,457,BANSWRAS,EQ,44779,29155,65.11
20,458,BARBEQUE,EQ,60423,39831,65.92
20,459,BASF,EQ,33903,14190,41.85
20,460,BASILIC,SM,41400,27900,67.39
20,461,BASML,EQ,247483,167715,67.77
20,462,BATAINDIA,EQ,301156,131042,43.51
20,463,BAWEJA,SM,13600,10400,76.47
20,464,BAYERCROP,EQ,11008,4946,44.93
20,465,BBETF0432,EQ,195,146,74.87
20,466,BBL,EQ,56424,31559,55.93
20,467,BBNPPGOLD,EQ,679,649,95.58
20,468,BBOX,EQ,69026,48330,70.02
20,469,BBTC,EQ,32842,14830,45.16
20,470,BBTCL,EQ,7217,2478,34.34
20,471,BCLIND,EQ,700459,405982,57.96
20,472,BCONCEPTS,EQ,22211,17569,79.10
20,473,BDL,EQ,4259515,1648944,38.71
20,474,BEARDSELL,EQ,137829,93989,68.19
20,475,BECTORFOOD,EQ,53318,28703,53.83
20,476,BEDMUTHA,EQ,49878,32994,66.15
20,477,BEL,EQ,33893805,13503645,39.84
20,478,BEML,EQ,426972,101474,23.77
20,479,BEPL,EQ,241798,151378,62.61
20,480,BERGEPAINT,EQ,1874042,976238,52.09
20,481,BESTAGRO,EQ,55816,41907,75.08
20,482,BETA,SM,7400,4700,63.51
20,483,BEWLTD,SM,375,375,100.00
20,484,BFINVEST,EQ,56314,26776,47.55
20,485,BFSI,EQ,417692,382343,91.54
20,486,BFUTILITIE,EQ,433419,156053,36.01
20,487,BHAGCHEM,EQ,68458,44237,64.62
20,488,BHAGERIA,EQ,91727,58699,63.99
20,489,BHAGYANGR,EQ,121162,62396,51.50
20,490,BHANDARI,EQ,309118,207677,67.18
20,491,BHARATFORG,EQ,1009029,401551,39.80
20,492,BHARATGEAR,EQ,26047,16056,61.64
20,493,BHARATRAS,EQ,286,131,45.80
20,494,BHARATWIRE,EQ,151648,95801,63.17
20,495,BHARTIARTL,EQ,2068963,1395707,67.46
20,496,BHARTIHEXA,EQ,448053,162418,36.25
20,497,BHEL,EQ,22303081,9723661,43.60
20,498,BHINVIT,IV,346699,332625,95.94
20,499,BIGBLOC,EQ,219450,126208,57.51
20,500,BIKAJI,EQ,237830,123100,51.76
20,501,BINANIIND,EQ,37406,31324,83.74
20,502,BIOCON,EQ,8345701,2423993,29.04
20,503,BIOFILCHEM,EQ,20211,14718,72.82
20,504,BIRDYS,SM,49200,38400,78.05
20,505,BIRET,RR,277790,270292,97.30
20,506,BIRLACABLE,EQ,38780,17091,44.07
20,507,BIRLACORPN,EQ,96834,73775,76.19
20,508,BIRLAMONEY,EQ,122791,91668,74.65
20,509,BLAL,EQ,147046,84003,57.13
20,510,BLISSGVS,EQ,276836,121551,43.91
20,511,BLKASHYAP,EQ,773731,426858,55.17
20,512,BLS,EQ,832705,305345,36.67
20,513,BLSE,EQ,291656,151326,51.89
20,514,BLUEDART,EQ,10316,4650,45.08
20,515,BLUEJET,EQ,84882,48940,57.66
20,516,BLUEPEBBLE,SM,18400,12800,69.57
20,517,BLUESTARCO,EQ,375291,196286,52.30
20,518,BMETRICS,SM,4000,4000,100.00
20,519,BODALCHEM,EQ,361056,176929,49.00
20,520,BOMDYEING,EQ,1565590,644081,41.14
20,521,BOROLTD,EQ,222355,104023,46.78
20,522,BORORENEW,EQ,1290567,479772,37.18
20,523,BOSCHLTD,EQ,76953,44049,57.24
20,524,BPCL,EQ,4475041,1739348,38.87
20,525,BPL,EQ,120443,60075,49.88
20,526,BRIGADE,EQ,377816,191965,50.81
20,527,BRIGHT,SM,174000,135000,77.59
20,528,BRITANNIA,EQ,259151,161858,62.46
20,529,BSE,EQ,480894,264651,55.03
20,530,BSE500IETF,EQ,102544,75048,73.19
20,531,BSHSL,EQ,8734,5300,60.68
20,532,BSL,EQ,19597,10271,52.41
20,533,BSLGOLDETF,EQ,19377,11044,57.00
20,534,BSLNIFTY,EQ,148481,96845,65.22
20,535,BSLSENETFG,EQ,2122,1308,61.64
20,536,BSOFT,EQ,2636250,1402688,53.21
20,537,BTML,EQ,1546062,955583,61.81
20,538,BURNPUR,EQ,130172,94900,72.90
20,539,BUTTERFLY,EQ,7253,4387,60.49
20,540,BVCL,EQ,27080,19895,73.47
20,541,BYKE,EQ,70585,47542,67.35
20,542,CADSYS,ST,5000,5000,100.00
20,543,CAMLINFINE,EQ,554295,283537,51.15
20,544,CAMPUS,EQ,536309,264001,49.23
20,545,CAMS,EQ,203102,98158,48.33
20,546,CANARYS,SM,120000,96000,80.00
20,547,CANBK,EQ,30239355,15959003,52.78
20,548,CANFINHOME,EQ,506474,157434,31.08
20,549,CANTABIL,EQ,193411,112392,58.11
20,550,CAPACITE,EQ,4762577,1744858,36.64
20,551,CAPITALSFB,EQ,53933,35598,66.00
20,552,CAPLIPOINT,EQ,37507,24442,65.17
20,553,CAPTRUST,EQ,9229,5785,62.68
20,554,CARBORUNIV,EQ,61772,25059,40.57
20,555,CAREERP,EQ,54355,30411,55.95
20,556,CARERATING,EQ,37035,18176,49.08
20,557,CARTRADE,EQ,201359,91605,45.49
20,558,CARYSIL,EQ,201445,107813,53.52
20,559,CASTROLIND,EQ,1589723,770542,48.47
20,560,CCHHL,EQ,190726,154918,81.23
20,561,CCL,EQ,173530,84135,48.48
20,562,CDSL,EQ,630408,245128,38.88
20,563,CEATLTD,EQ,87857,42452,48.32
20,564,CELEBRITY,EQ,125771,95981,76.31
20,565,CELLECOR,SM,52200,33000,63.22
20,566,CELLO,EQ,442316,328859,74.35
20,567,CELLPOINT,SM,44400,33600,75.68
20,568,CENTENKA,EQ,97861,52670,53.82
20,569,CENTEXT,EQ,134944,93820,69.53
20,570,CENTRALBK,EQ,21467635,6940455,32.33
20,571,CENTRUM,EQ,889927,502232,56.44
20,572,CENTUM,EQ,202185,88988,44.01
20,573,CENTURYPLY,EQ,284642,220430,77.44
20,574,CENTURYTEX,EQ,173204,79837,46.09
20,575,CERA,EQ,36390,32243,88.60
20,576,CESC,EQ,2168130,1102687,50.86
20,577,CGCL,EQ,1215167,752737,61.95
20,578,CGPOWER,EQ,2171889,1194201,54.98
20,579,CGRAPHICS,SM,14400,14400,100.00
20,580,CHALET,EQ,84822,41409,48.82
20,581,CHAMBLFERT,EQ,1103735,302855,27.44
20,582,CHAVDA,SM,97000,74000,76.29
20,583,CHEMBOND,EQ,24544,12798,52.14
20,584,CHEMCON,EQ,30041,20343,67.72
20,585,CHEMFAB,EQ,15399,10582,68.72
20,586,CHEMPLASTS,EQ,124149,37494,30.20
20,587,CHENNPETRO,EQ,560188,196320,35.05
20,588,CHEVIOT,EQ,16419,10178,61.99
20,589,CHOICEIN,EQ,480477,184314,38.36
20,590,CHOLAFIN,EQ,1064850,650930,61.13
20,591,CHOLAHLDNG,EQ,187435,86572,46.19
20,592,CIEINDIA,EQ,443364,207447,46.79
20,593,CIFCZC28,NH,10,10,100.00
20,594,CIGNITITEC,EQ,89819,58841,65.51
20,595,CINELINE,EQ,74217,55288,74.50
20,596,CIPLA,EQ,784496,382238,48.72
20,597,CLEAN,EQ,68503,39150,57.15
20,598,CLEDUCATE,EQ,24376,15667,64.27
20,599,CLOUD,SM,6974000,3745000,53.70
20,600,CLSEL,EQ,33953,20759,61.14
20,601,CLSL,SM,10000,10000,100.00
20,602,CMMIPL,ST,9000,9000,100.00
20,603,CMNL,SM,13500,12000,88.89
20,604,CMRSL,SM,2400,2400,100.00
20,605,CMSINFO,EQ,673587,441652,65.57
20,606,COALINDIA,EQ,8165238,3979181,48.73
20,607,COASTCORP,EQ,73906,44531,60.25
20,608,COCHINSHIP,EQ,7902909,1353681,17.13
20,609,COFFEEDAY,EQ,4691056,2006128,42.76
20,610,COFORGE,EQ,839721,512617,61.05
20,611,COLPAL,EQ,242430,112581,46.44
20,612,COMMITTED,SM,11200,6400,57.14
20,613,COMMOIETF,EQ,74090,43259,58.39
20,614,COMPUSOFT,EQ,221632,131463,59.32
20,615,COMSYN,EQ,3773,2501,66.29
20,616,CONCOR,EQ,2215982,1155691,52.15
20,617,CONCORDBIO,EQ,4968921,3592065,72.29
20,618,CONFIPET,EQ,574179,335718,58.47
20,619,CONS,EQ,1078,1075,99.72
20,620,CONSOFINVT,EQ,26804,14066,52.48
20,621,CONSUMBEES,EQ,178419,159158,89.20
20,622,CONSUMIETF,EQ,16105,10811,67.13
20,623,CONTI,SM,16665,16665,100.00
20,624,CONTROLPR,EQ,280753,40761,14.52
20,625,CORALFINAC,EQ,198115,97794,49.36
20,626,CORDSCABLE,EQ,115092,75432,65.54
20,627,COROMANDEL,EQ,1073528,295745,27.55
20,628,COSMOFIRST,EQ,26651,14530,54.52
20,629,COUNCODOS,EQ,91607,68201,74.45
20,630,CPS,ST,600,600,100.00
20,631,CPSEETF,EQ,5564164,3422708,61.51
20,632,CRAFTSMAN,EQ,48239,32089,66.52
20,633,CRAYONS,SM,16000,13000,81.25
20,634,CREATIVE,EQ,10062,6291,62.52
20,635,CREDITACC,EQ,209650,134527,64.17
20,636,CREST,EQ,10742,7384,68.74
20,637,CRISIL,EQ,17447,8808,50.48
20,638,CROMPTON,EQ,1842448,758649,41.18
20,639,CSBBANK,EQ,200117,115867,57.90
20,640,CSLFINANCE,EQ,29470,14800,50.22
20,641,CUB,EQ,2197572,868912,39.54
20,642,CUMMINSIND,EQ,527402,217064,41.16
20,643,CYBERTECH,EQ,45706,29685,64.95
20,644,CYIENT,EQ,588518,418142,71.05
20,645,CYIENTDLM,EQ,82762,35334,42.69
20,646,DABUR,EQ,4429603,2176249,49.13
20,647,DALBHARAT,EQ,379419,223233,58.84
20,648,DALMIASUG,EQ,34024,18579,54.61
20,649,DAMODARIND,EQ,33034,19174,58.04
20,650,DANGEE,EQ,124320,107010,86.08
20,651,DATAMATICS,EQ,56657,29113,51.38
20,652,DATAPATTNS,EQ,417024,158600,38.03
20,653,DAVANGERE,EQ,141847,102970,72.59
20,654,DBCORP,EQ,624055,343067,54.97
20,655,DBL,EQ,388986,189871,48.81
20,656,DBOL,EQ,102962,64446,62.59
20,657,DBREALTY,EQ,1702598,997183,58.57
20,658,DBSTOCKBRO,EQ,49911,30036,60.18
20,659,DCAL,EQ,552796,283432,51.27
20,660,DCBBANK,EQ,1844097,891467,48.34
20,661,DCG,SM,67200,51600,76.79
20,662,DCM,EQ,274603,103983,37.87
20,663,DCMNVL,EQ,30523,21498,70.43
20,664,DCMSHRIRAM,EQ,39760,21106,53.08
20,665,DCMSRIND,EQ,436868,237059,54.26
20,666,DCW,EQ,948120,468226,49.38
20,667,DCXINDIA,EQ,696695,363455,52.17
20,668,DECCANCE,EQ,76029,34808,45.78
20,669,DEEM,SM,100000,81000,81.00
20,670,DEEPAKFERT,EQ,264067,123209,46.66
20,671,DEEPAKNTR,EQ,954366,492100,51.56
20,672,DEEPENR,EQ,10233,7242,70.77
20,673,DEEPINDS,EQ,109110,65541,60.07
20,674,DELAPLEX,SM,7800,6600,84.62
20,675,DELHIVERY,EQ,1692630,1067590,63.07
20,676,DELPHIFX,EQ,28630,17077,59.65
20,677,DELTACORP,EQ,1049020,535339,51.03
20,678,DELTAMAGNT,EQ,6973,4237,60.76
20,679,DEN,EQ,1802761,941238,52.21
20,680,DENEERS,SM,3000,2400,80.00
20,681,DENORA,EQ,26537,13964,52.62
20,682,DENTALKART,SM,17250,12500,72.46
20,683,DEVIT,EQ,25730,15977,62.09
20,684,DEVYANI,EQ,721960,375832,52.06
20,685,DHAMPURSUG,EQ,76022,45544,59.91
20,686,DHANBANK,EQ,752577,593714,78.89
20,687,DHANI,EQ,4662539,1865855,40.02
20,688,DHANUKA,EQ,31412,11824,37.64
20,689,DHARMAJ,EQ,64766,40207,62.08
20,690,DHTL,SM,8800,6400,72.73
20,691,DHUNINV,EQ,3708,1323,35.68
20,692,DIAMINESQ,EQ,23503,15524,66.05
20,693,DIAMONDYD,EQ,14929,7743,51.87
20,694,DICIND,EQ,1708,1257,73.59
20,695,DIGIKORE,SM,9000,6800,75.56
20,696,DIGISPICE,EQ,69229,43832,63.31
20,697,DIL,EQ,1016345,568115,55.90
20,698,DISHTV,EQ,28300335,10087747,35.65
20,699,DIVGIITTS,EQ,20393,11573,56.75
20,700,DIVISLAB,EQ,2151413,934157,43.42
20,701,DIVOPPBEES,EQ,46506,35390,76.10
20,702,DIXON,EQ,270994,111294,41.07
20,703,DKEGL,SM,9000,6000,66.67
20,704,DLF,EQ,3216721,1417625,44.07
20,705,DLINKINDIA,EQ,317337,153735,48.45
20,706,DMART,EQ,224693,124721,55.51
20,707,DMCC,EQ,25176,10264,40.77
20,708,DNAMEDIA,EQ,72117,58349,80.91
20,709,DODLA,EQ,43208,17677,40.91
20,710,DOLATALGO,EQ,1016270,538483,52.99
20,711,DOLLAR,EQ,121749,64651,53.10
20,712,DOLLEX,SM,32000,12000,37.50
20,713,DOMS,EQ,1539395,158298,10.28
20,714,DONEAR,EQ,71103,42841,60.25
20,715,DPABHUSHAN,EQ,28719,10024,34.90
20,716,DPSCLTD,EQ,233012,151799,65.15
20,717,DPWIRES,EQ,35408,17034,48.11
20,718,DRCSYSTEMS,EQ,309889,172846,55.78
20,719,DREAMFOLKS,EQ,881043,263375,29.89
20,720,DREDGECORP,EQ,135878,71752,52.81
20,721,DRONE,SM,138000,113000,81.88
20,722,DRREDDY,EQ,793202,427938,53.95
20,723,DSSL,EQ,23487,13641,58.08
20,724,DTIL,EQ,7538,5038,66.83
20,725,DUCOL,SM,20800,15200,73.08
20,726,DUGLOBAL,SM,20000,17500,87.50
20,727,DVL,EQ,37454,17638,47.09
20,728,DWARKESH,EQ,331243,182155,54.99
20,729,DYCL,EQ,147920,44982,30.41
20,730,DYNAMATECH,EQ,14569,7446,51.11
20,731,DYNAMIC,SM,46000,33000,71.74
20,732,DYNPRO,EQ,15346,10100,65.82
20,733,EASEMYTRIP,EQ,12711219,5942693,46.75
20,734,EBBETF0425,EQ,10537,7106,67.44
20,735,EBBETF0430,EQ,17193,15810,91.96
20,736,EBBETF0431,EQ,11792,11374,96.46
20,737,EBBETF0433,EQ,17751,9821,55.33
20,738,ECLERX,EQ,71111,41641,58.56
20,739,EDELWEISS,EQ,3643481,1667395,45.76
20,740,EFACTOR,SM,164000,115200,70.24
20,741,EFORCE,SM,72000,46800,65.00
20,742,EGOLD,EQ,2510,2232,88.92
20,743,EICHERMOT,EQ,333511,176435,52.90
20,744,EIDPARRY,EQ,191999,116848,60.86
20,745,EIFFL,EQ,59949,39756,66.32
20,746,EIHAHOTELS,EQ,19413,9476,48.81
20,747,EIHOTEL,EQ,698363,344733,49.36
20,748,EKC,EQ,502363,243260,48.42
20,749,ELDEHSG,EQ,3120,1698,54.42
20,750,ELECON,EQ,239158,101322,42.37
20,751,ELECTCAST,EQ,1541398,1049601,68.09
20,752,ELGIEQUIP,EQ,474454,152146,32.07
20,753,ELIN,EQ,67659,35600,52.62
20,754,EMAMILTD,EQ,210139,74913,35.65
20,755,EMAMIPAP,EQ,52910,24676,46.64
20,756,EMAMIREAL,EQ,24447,16561,67.74
20,757,EMBASSY,RR,1269500,1148425,90.46
20,758,EMIL,EQ,367057,200345,54.58
20,759,EMKAY,EQ,37585,22917,60.97
20,760,EMMBI,EQ,42853,24788,57.84
20,761,EMMIL,ST,77000,70000,90.91
20,762,EMSLIMITED,EQ,184720,93532,50.63
20,763,EMUDHRA,EQ,183483,111394,60.71
20,764,ENDURANCE,EQ,57820,35242,60.95
20,765,ENERGYDEV,EQ,73199,51641,70.55
20,766,ENFUSE,SM,33600,32400,96.43
20,767,ENGINERSIN,EQ,11834969,2760086,23.32
20,768,ENIL,EQ,55350,25473,46.02
20,769,ENSER,SM,188000,116000,61.70
20,770,ENTERO,EQ,55687,30934,55.55
20,771,EPACK,EQ,410237,238188,58.06
20,772,EPIGRAL,EQ,80534,30442,37.80
20,773,EPL,EQ,656271,359627,54.80
20,774,EQUAL50ADD,EQ,49320,47966,97.25
20,775,EQUITASBNK,EQ,1700249,721250,42.42
20,776,ERIS,EQ,154155,53104,34.45
20,777,EROSMEDIA,EQ,226066,121660,53.82
20,778,ESABINDIA,EQ,3996,2335,58.43
20,779,ESAFSFB,EQ,489395,285769,58.39
20,780,ESCONET,SM,44800,38400,85.71
20,781,ESCORTS,EQ,350701,64945,18.52
20,782,ESFL,SM,14400,12000,83.33
20,783,ESG,EQ,17729,12440,70.17
20,784,ESILVER,EQ,4425,2340,52.88
20,785,ESSARSHPNG,EQ,409440,265148,64.76
20,786,ESTER,EQ,253816,120161,47.34
20,787,ETHOSLTD,EQ,19794,14329,72.39
20,788,EUROBOND,SM,10000,9000,90.00
20,789,EVEREADY,EQ,366926,85906,23.41
20,790,EVERESTIND,EQ,35366,17812,50.36
20,791,EXCEL,EQ,31694137,17460986,55.09
20,792,EXCELINDUS,EQ,17664,7955,45.04
20,793,EXICOM,EQ,597573,256141,42.86
20,794,EXIDEIND,EQ,30884954,4020091,13.02
20,795,EXPLEOSOL,EQ,22672,14357,63.32
20,796,EXXARO,EQ,250235,81841,32.71
20,797,FACT,EQ,296167,68364,23.08
20,798,FAIRCHEMOR,EQ,47043,24120,51.27
20,799,FAZE3Q,EQ,10197,5614,55.06
20,800,FCL,EQ,498329,164179,32.95
20,801,FCSSOFT,EQ,6290418,4292735,68.24
20,802,FDC,EQ,63667,26292,41.30
20,803,FEDERALBNK,EQ,5526636,2563224,46.38
20,804,FEDFINA,EQ,129888,92777,71.43
20,805,FELIX,SM,28000,26500,94.64
20,806,FIBERWEB,EQ,279866,112005,40.02
20,807,FIDEL,SM,1000,1000,100.00
20,808,FIEMIND,EQ,42787,22196,51.88
20,809,FILATEX,EQ,550721,294128,53.41
20,810,FILATFASH,EQ,2736189,1520032,55.55
20,811,FINCABLES,EQ,2116089,329951,15.59
20,812,FINEORG,EQ,42657,30206,70.81
20,813,FINIETF,EQ,96956,47628,49.12
20,814,FINOPB,EQ,53191,34758,65.35
20,815,FINPIPE,EQ,1027655,364134,35.43
20,816,FIVESTAR,EQ,254203,178636,70.27
20,817,FLAIR,EQ,277446,194835,70.22
20,818,FLUOROCHEM,EQ,35275,19670,55.76
20,819,FMCGIETF,EQ,182551,120448,65.98
20,820,FMGOETZE,EQ,149958,93661,62.46
20,821,FMNL,EQ,99982,61593,61.60
20,822,FOCE,SM,200,200,100.00
20,823,FOCUS,EQ,72444,37042,51.13
20,824,FONEBOX,SM,17000,14000,82.35
20,825,FOODSIN,EQ,258610,183861,71.10
20,826,FORCEMOT,EQ,21984,13561,61.69
20,827,FORTIS,EQ,1601149,1139851,71.19
20,828,FOSECOIND,EQ,3885,1720,44.27
20,829,FROG,SM,286000,170400,59.58
20,830,FSL,EQ,693578,349421,50.38
20,831,FUSION,EQ,152980,85877,56.14
20,832,GABRIEL,EQ,241172,118537,49.15
20,833,GAEL,EQ,486881,270235,55.50
20,834,GAIL,EQ,11658134,5404498,46.36
20,835,GALAXYSURF,EQ,20756,9193,44.29
20,836,GANDHAR,EQ,424321,274683,64.73
20,837,GANDHITUBE,EQ,3131,1836,58.64
20,838,GANECOS,EQ,262975,109655,41.70
20,839,GANESHBE,EQ,216895,135699,62.56
20,840,GANESHHOUC,EQ,44524,28231,63.41
20,841,GANGESSECU,EQ,9997,5202,52.04
20,842,GARFIBRES,EQ,258357,22632,8.76
20,843,GATEWAY,EQ,405880,218397,53.81
20,844,GEECEE,EQ,185524,62012,33.43
20,845,GEEKAYWIRE,EQ,211052,118329,56.07
20,846,GENCON,EQ,23811,13279,55.77
20,847,GENESYS,EQ,357438,198794,55.62
20,848,GENSOL,EQ,433430,223451,51.55
20,849,GENUSPAPER,EQ,312024,137381,44.03
20,850,GENUSPOWER,EQ,2458506,2131522,86.70
20,851,GEOJITFSL,EQ,752722,357286,47.47
20,852,GEPIL,EQ,408235,170427,41.75
20,853,GESHIP,EQ,1288594,844065,65.50
20,854,GFLLIMITED,EQ,188661,131802,69.86
20,855,GHCL,EQ,108508,67129,61.87
20,856,GHCLTEXTIL,EQ,136548,84188,61.65
20,857,GICHSGFIN,EQ,159929,80116,50.09
20,858,GICRE,EQ,909606,341308,37.52
20,859,GILLANDERS,EQ,10846,5806,53.53
20,860,GILLETTE,EQ,38005,20550,54.07
20,861,GILT5YBEES,EQ,96751,80854,83.57
20,862,GINNIFILA,EQ,217644,116815,53.67
20,863,GIPCL,EQ,303869,171376,56.40
20,864,GIRIRAJ,ST,250,250,100.00
20,865,GLAND,EQ,151435,82352,54.38
20,866,GLAXO,EQ,490373,165223,33.69
20,867,GLENMARK,EQ,5608943,1253524,22.35
20,868,GLOBALPET,SM,3000,1500,50.00
20,869,GLOBE,EQ,1261991,880189,69.75
20,870,GLOBUSSPR,EQ,65286,43609,66.80
20,871,GLOSTERLTD,EQ,1466,598,40.79
20,872,GLS,EQ,51430,28863,56.12
20,873,GMBREW,EQ,64846,30961,47.75
20,874,GMDCLTD,EQ,2440505,869534,35.63
20,875,GMMPFAUDLR,EQ,81467,41978,51.53
20,876,GMRINFRA,EQ,41133318,21275748,51.72
20,877,GMRP&UI,EQ,2060741,1361990,66.09
20,878,GNA,EQ,71523,43894,61.37
20,879,GNFC,EQ,762886,326911,42.85
20,880,GOACARBON,EQ,85383,52447,61.43
20,881,GOCLCORP,EQ,104059,48546,46.65
20,882,GOCOLORS,EQ,22816,11874,52.04
20,883,GODFRYPHLP,EQ,53150,22550,42.43
20,884,GODHA,EQ,30006839,17756600,59.18
20,885,GODIGIT,EQ,1377345,885846,64.32
20,886,GODREJAGRO,EQ,113222,69791,61.64
20,887,GODREJCP,EQ,798302,374965,46.97
20,888,GODREJIND,EQ,324442,128641,39.65
20,889,GODREJPROP,EQ,445474,150951,33.89
20,890,GOKEX,EQ,126879,65021,51.25
20,891,GOKULAGRO,EQ,4399615,568438,12.92
20,892,GOLD1,EQ,619884,383890,61.93
20,893,GOLDBEES,EQ,4391228,3526890,80.32
20,894,GOLDCASE,EQ,118824,102088,85.92
20,895,GOLDETF,EQ,68613,58399,85.11
20,896,GOLDETFADD,EQ,960213,958457,99.82
20,897,GOLDIAM,EQ,215618,137127,63.60
20,898,GOLDIETF,EQ,1709294,1491815,87.28
20,899,GOLDSHARE,EQ,1055927,1042670,98.74
20,900,GOLDSTAR,SM,180000,157500,87.50
20,901,GOLDTECH,EQ,17070,11565,67.75
20,902,GOODLUCK,EQ,364792,113415,31.09
20,903,GOPAL,EQ,83583,53933,64.53
20,904,GOYALSALT,SM,4800,4200,87.50
20,905,GPIL,EQ,235710,117960,50.04
20,906,GPPL,EQ,2818075,1381594,49.03
20,907,GPTHEALTH,EQ,247305,126048,50.97
20,908,GRANULES,EQ,1187062,369009,31.09
20,909,GRAPHISAD,SM,18000,13200,73.33
20,910,GRAPHITE,EQ,548593,173166,31.57
20,911,GRASIM,EQ,874384,439144,50.22
20,912,GRASIMPP,E1,7201,3478,48.30
20,913,GRAVITA,EQ,452897,200289,44.22
20,914,GRCL,SM,4000,3500,87.50
20,915,GREAVESCOT,EQ,691150,379676,54.93
20,916,GREENCHEF,SM,57600,53600,93.06
20,917,GREENLAM,EQ,108740,54792,50.39
20,918,GREENPANEL,EQ,177606,110655,62.30
20,919,GREENPLY,EQ,121487,65183,53.65
20,920,GREENPOWER,EQ,8094827,5376301,66.42
20,921,GRETEX,ST,6000,6000,100.00
20,922,GRINDWELL,EQ,95475,65957,69.08
20,923,GRINFRA,EQ,62051,32322,52.09
20,924,GRMOVER,EQ,23710,16239,68.49
20,925,GROBTEA,EQ,327,102,31.19
20,926,GRPLTD,EQ,1379,686,49.75
20,927,GRSE,EQ,1751271,481539,27.50
20,928,GRWRHITECH,EQ,55378,39103,70.61
20,929,GSEC10IETF,EQ,60,50,83.33
20,930,GSEC10YEAR,EQ,1075,1016,94.51
20,931,GSEC5IETF,EQ,4019,4009,99.75
20,932,GSFC,EQ,1414971,693298,49.00
20,933,GSLSU,EQ,72078,44962,62.38
20,934,GSPL,EQ,784988,372955,47.51
20,935,GSTL,SM,21000,17000,80.95
20,936,GTLINFRA,EQ,22778658,21008984,92.23
20,937,GTPL,EQ,30758,16070,52.25
20,938,GUFICBIO,EQ,82456,45903,55.67
20,939,GUJALKALI,EQ,35421,16142,45.57
20,940,GUJAPOLLO,EQ,9076,6967,76.76
20,941,GUJGASLTD,EQ,462513,154690,33.45
20,942,GUJRAFFIA,EQ,6888,4385,63.66
20,943,GULFOILLUB,EQ,84003,35484,42.24
20,944,GULFPETRO,EQ,597900,193079,32.29
20,945,GULPOLY,EQ,75628,41103,54.35
20,946,GVKPIL,EQ,3402073,2024322,59.50
20,947,GVPTECH,EQ,684938,458879,67.00
20,948,HAL,EQ,4402348,1359938,30.89
20,949,HAPPSTMNDS,EQ,253236,114410,45.18
20,950,HAPPYFORGE,EQ,229681,162809,70.88
20,951,HARDWYN,EQ,131457,70807,53.86
20,952,HARIOMPIPE,EQ,33617,18219,54.20
20,953,HARRMALAYA,EQ,33402,19388,58.04
20,954,HARSHA,EQ,284320,102070,35.90
20,955,HATHWAY,EQ,3885174,1535945,39.53
20,956,HATSUN,EQ,1736567,141283,8.14
20,957,HAVELLS,EQ,1180720,839991,71.14
20,958,HAVISHA,EQ,61642,42436,68.84
20,959,HBLPOWER,EQ,2412862,1239359,51.36
20,960,HBSL,EQ,53057,29596,55.78
20,961,HCC,EQ,16243329,7847381,48.31
20,962,HCG,EQ,304927,273463,89.68
20,963,HCLTECH,EQ,2147233,1564781,72.87
20,964,HDFCAMC,EQ,847226,365077,43.09
20,965,HDFCBANK,EQ,13954452,8258977,59.19
20,966,HDFCBSE500,EQ,26134,14868,56.89
20,967,HDFCGOLD,EQ,472009,337925,71.59
20,968,HDFCGROWTH,EQ,7326,3692,50.40
20,969,HDFCLIFE,EQ,5797999,2268227,39.12
20,970,HDFCLIQUID,EQ,61365,47208,76.93
20,971,HDFCLOWVOL,EQ,16940,9952,58.75
20,972,HDFCMID150,EQ,981029,607154,61.89
20,973,HDFCMOMENT,EQ,520330,303990,58.42
20,974,HDFCNEXT50,EQ,134865,59865,44.39
20,975,HDFCNIF100,EQ,169667,148380,87.45
20,976,HDFCNIFBAN,EQ,67454,53155,78.80
20,977,HDFCNIFIT,EQ,95944,78624,81.95
20,978,HDFCNIFTY,EQ,90173,78396,86.94
20,979,HDFCPSUBK,EQ,18177,11351,62.45
20,980,HDFCPVTBAN,EQ,189177,72281,38.21
20,981,HDFCQUAL,EQ,3313,2557,77.18
20,982,HDFCSENSEX,EQ,20539,14613,71.15
20,983,HDFCSILVER,EQ,318422,171389,53.82
20,984,HDFCSML250,EQ,269939,170712,63.24
20,985,HDFCVALUE,EQ,4053,2404,59.31
20,986,HEALTHADD,EQ,2452,1943,79.24
20,987,HEALTHIETF,EQ,39866,27683,69.44
20,988,HEALTHY,EQ,1130602,972454,86.01
20,989,HECPROJECT,EQ,14006,11400,81.39
20,990,HEG,EQ,416507,111287,26.72
20,991,HEIDELBERG,EQ,127446,72598,56.96
20,992,HEMIPROP,EQ,618167,375323,60.72
20,993,HERANBA,EQ,102616,62549,60.95
20,994,HERCULES,EQ,115882,37682,32.52
20,995,HERITGFOOD,EQ,741196,403411,54.43
20,996,HEROMOTOCO,EQ,727224,260638,35.84
20,997,HESTERBIO,EQ,2326,1574,67.67
20,998,HEUBACHIND,EQ,22371,12350,55.21
20,999,HEXATRADEX,EQ,6105,2818,46.16
20,1000,HFCL,EQ,44478664,12103408,27.21
20,1001,HGINFRA,EQ,133632,53188,39.80
20,1002,HGS,EQ,6888,4299,62.41
20,1003,HIGREEN,SM,38400,30400,79.17
20,1004,HIKAL,EQ,148241,70084,47.28
20,1005,HIL,EQ,7629,5228,68.53
20,1006,HILTON,EQ,116631,39297,33.69
20,1007,HIMATSEIDE,EQ,204689,138338,67.58
20,1008,HINDALCO,EQ,12925385,4721317,36.53
20,1009,HINDCOMPOS,EQ,10910,5403,49.52
20,1010,HINDCOPPER,EQ,8670446,2949817,34.02
20,1011,HINDMOTORS,EQ,1932232,1246540,64.51
20,1012,HINDOILEXP,EQ,2795344,1121372,40.12
20,1013,HINDPETRO,EQ,6123515,2772914,45.28
20,1014,HINDUNILVR,EQ,1631747,1029274,63.08
20,1015,HINDWAREAP,EQ,551421,312260,56.63
20,1016,HINDZINC,EQ,3413004,876869,25.69
20,1017,HIRECT,EQ,237532,109222,45.98
20,1018,HISARMETAL,EQ,14665,8678,59.17
20,1019,HITECH,EQ,265853,115244,43.35
20,1020,HITECHCORP,EQ,4313,3084,71.50
20,1021,HLEGLAS,EQ,72286,37444,51.80
20,1022,HMAAGRO,EQ,804648,554034,68.85
20,1023,HMVL,EQ,44404,23732,53.45
20,1024,HNDFDS,EQ,32844,19216,58.51
20,1025,HNGSNGBEES,EQ,129645,93310,71.97
20,1026,HOACFOODS,ST,606000,552000,91.09
20,1027,HOMEFIRST,EQ,230618,171921,74.55
20,1028,HOMESFY,ST,12600,11700,92.86
20,1029,HONASA,EQ,534426,393037,73.54
20,1030,HONAUT,EQ,10031,4217,42.04
20,1031,HONDAPOWER,EQ,12641,8225,65.07
20,1032,HPAL,EQ,170664,79138,46.37
20,1033,HPIL,EQ,2245,236,10.51
20,1034,HPL,EQ,502110,220708,43.96
20,1035,HRHNEXT,SM,9000,9000,100.00
20,1036,HSCL,EQ,342698,246618,71.96
20,1037,HTMEDIA,EQ,382535,188267,49.22
20,1038,HUDCO,EQ,16057140,4648264,28.95
20,1039,HUHTAMAKI,EQ,104328,63002,60.39
20,1040,HYBRIDFIN,EQ,4642,4642,100.00
20,1041,IBHFZC25B,AT,10,10,100.00
20,1042,IBLFL,SM,32000,24000,75.00
20,1043,IBREALEST,EQ,16337937,6346932,38.85
20,1044,IBULHSGFIN,EQ,4139645,1707083,41.24
20,1045,IBULPP,E1,815110,612132,75.10
20,1046,ICEMAKE,EQ,51313,30911,60.24
20,1047,ICICIB22,EQ,1432252,1207450,84.30
20,1048,ICICIBANK,EQ,9311718,5183835,55.67
20,1049,ICICIGI,EQ,527439,282919,53.64
20,1050,ICICIPRULI,EQ,2117884,973994,45.99
20,1051,ICIL,EQ,946439,511660,54.06
20,1052,ICRA,EQ,7741,4271,55.17
20,1053,IDBI,EQ,13545630,5326867,39.33
20,1054,IDEA,EQ,668778744,284694984,42.57
20,1055,IDEAFORGE,EQ,140153,79411,56.66
20,1056,IDFC,EQ,5060877,2218332,43.83
20,1057,IDFCFIRSTB,EQ,25613202,6679856,26.08
20,1058,IDFNIFTYET,EQ,5521,5230,94.73
20,1059,IEL,EQ,168983,130955,77.50
20,1060,IEML,ST,15000,15000,100.00
20,1061,IEX,EQ,9300395,3723203,40.03
20,1062,IFBAGRO,EQ,2166,1625,75.02
20,1063,IFBIND,EQ,55118,13892,25.20
20,1064,IFCI,EQ,14318815,5683269,39.69
20,1065,IFGLEXPOR,EQ,13429,10124,75.39
20,1066,IGARASHI,EQ,64509,36363,56.37
20,1067,IGL,EQ,3892841,1510338,38.80
20,1068,IGPL,EQ,35321,23860,67.55
20,1069,IIFL,EQ,2322950,772521,33.26
20,1070,IIFLSEC,EQ,2614232,905215,34.63
20,1071,IIFLZC24,NK,25,25,100.00
20,1072,IIFLZC25B,NW,110,110,100.00
20,1073,IIFLZC28,NG,140,140,100.00
20,1074,IIFLZC28A,NU,100,100,100.00
20,1075,IIFLZC28B,Y1,100,100,100.00
20,1076,IITL,EQ,7513,2502,33.30
20,1077,IKIO,EQ,184078,90095,48.94
20,1078,IMAGICAA,EQ,6433263,1362414,21.18
20,1079,IMC1,N2,10,10,100.00
20,1080,IMFA,EQ,92390,42975,46.51
20,1081,IMPAL,EQ,8334,7251,87.01
20,1082,INCREDIBLE,EQ,8332,5932,71.20
20,1083,INDBANK,EQ,175930,100022,56.85
20,1084,INDGN,EQ,637857,316139,49.56
20,1085,INDHOTEL,EQ,3517947,2210914,62.85
20,1086,INDIACEM,EQ,4627985,1516837,32.78
20,1087,INDIAGLYCO,EQ,90157,38956,43.21
20,1088,INDIAMART,EQ,118418,50153,42.35
20,1089,INDIANB,EQ,2200562,778261,35.37
20,1090,INDIANCARD,EQ,3422,2477,72.38
20,1091,INDIANHUME,EQ,155254,81717,52.63
20,1092,INDIASHLTR,EQ,40680,26062,64.07
20,1093,INDIFRA,SM,18000,14000,77.78
20,1094,INDIGO,EQ,540184,219424,40.62
20,1095,INDIGOPNTS,EQ,54941,31675,57.65
20,1096,INDIGRID,IV,784822,753472,96.01
20,1097,INDNIPPON,EQ,5577,2967,53.20
20,1098,INDOAMIN,EQ,75737,42374,55.95
20,1099,INDOBORAX,EQ,76129,44919,59.00
20,1100,INDOCO,EQ,139518,79568,57.03
20,1101,INDORAMA,EQ,56879,41253,72.53
20,1102,INDOSTAR,EQ,100769,62137,61.66
20,1103,INDOTHAI,EQ,2149,1757,81.76
20,1104,INDOWIND,EQ,349997,234071,66.88
20,1105,INDRAMEDCO,EQ,133525,87578,65.59
20,1106,INDSWFTLAB,EQ,239132,115391,48.25
20,1107,INDTERRAIN,EQ,115810,71653,61.87
20,1108,INDUSINDBK,EQ,2381333,1215763,51.05
20,1109,INDUSTOWER,EQ,10680935,5324756,49.85
20,1110,INFIBEAM,EQ,13414150,3918916,29.21
20,1111,INFINIUM,SM,8000,7000,87.50
20,1112,INFOBEAN,EQ,22542,9556,42.39
20,1113,INFOLLION,SM,32800,32800,100.00
20,1114,INFRABEES,EQ,13966,8667,62.06
20,1115,INFRAIETF,EQ,132324,70606,53.36
20,1116,INFY,EQ,6186922,4723117,76.34
20,1117,INGERRAND,EQ,56313,15904,28.24
20,1118,INM,SM,3000,3000,100.00
20,1119,INNOVACAP,EQ,14003,8879,63.41
20,1120,INNOVANA,SM,3200,2600,81.25
20,1121,INNOVATIVE,SM,12000,12000,100.00
20,1122,INOXGREEN,EQ,1057485,803317,75.96
20,1123,INOXINDIA,EQ,346844,201514,58.10
20,1124,INOXWIND,EQ,90807517,57460220,63.28
20,1125,INSECTICID,EQ,19819,12188,61.50
20,1126,INTELLECT,EQ,349286,237543,68.01
20,1127,INTENTECH,EQ,41753,25085,60.08
20,1128,INTLCONV,EQ,210427,121875,57.92
20,1129,INVENTURE,EQ,3094916,1883264,60.85
20,1130,IOB,EQ,59553629,14928880,25.07
20,1131,IOC,EQ,12934677,5587990,43.20
20,1132,IOLCP,EQ,175112,108651,62.05
20,1133,IONEXCHANG,EQ,267722,120413,44.98
20,1134,IPCALAB,EQ,422797,233955,55.34
20,1135,IPL,EQ,1352284,762659,56.40
20,1136,IRB,EQ,26423616,10199864,38.60
20,1137,IRBINVIT,IV,271836,260611,95.87
20,1138,IRCON,EQ,8107909,2745748,33.87
20,1139,IRCTC,EQ,2907482,1072339,36.88
20,1140,IREDA,EQ,38059308,16595714,43.60
20,1141,IRFC,EQ,79904182,27323294,34.20
20,1142,IRISDOREME,EQ,99073,55556,56.08
20,1143,IRMENERGY,EQ,142425,90196,63.33
20,1144,ISEC,EQ,145537,65202,44.80
20,1145,ISFT,EQ,46473,30613,65.87
20,1146,ISGEC,EQ,116395,44525,38.25
20,1147,ISHAN,SM,240000,192000,80.00
20,1148,ISMTLTD,EQ,422006,268241,63.56
20,1149,IT,EQ,31485,19591,62.22
20,1150,ITALIANE,SM,8000,6000,75.00
20,1151,ITBEES,EQ,6232020,4040896,64.84
20,1152,ITC,EQ,9310198,6151658,66.07
20,1153,ITDC,EQ,38297,19302,50.40
20,1154,ITDCEM,EQ,1059134,404238,38.17
20,1155,ITETF,EQ,60422,41601,68.85
20,1156,ITETFADD,EQ,22612,12183,53.88
20,1157,ITI,EQ,1103861,246992,22.38
20,1158,ITIETF,EQ,425845,202817,47.63
20,1159,IVC,EQ,325499,253071,77.75
20,1160,IVP,EQ,12902,10225,79.25
20,1161,IVZINGOLD,EQ,61,54,88.52
20,1162,IVZINNIFTY,EQ,21,21,100.00
20,1163,IZMO,EQ,28444,16594,58.34
20,1164,JAGRAN,EQ,243758,119783,49.14
20,1165,JAGSNPHARM,EQ,25537,12958,50.74
20,1166,JAICORPLTD,EQ,557061,205261,36.85
20,1167,JALAN,SM,6000,6000,100.00
20,1168,JAMNAAUTO,EQ,2064732,967944,46.88
20,1169,JASH,EQ,417565,219590,52.59
20,1170,JAYAGROGN,EQ,89339,50239,56.23
20,1171,JAYBARMARU,EQ,181475,113761,62.69
20,1172,JAYNECOIND,EQ,157531,109118,69.27
20,1173,JAYSREETEA,EQ,37285,23694,63.55
20,1174,JBCHEPHARM,EQ,100366,46239,46.07
20,1175,JBMA,EQ,988458,244476,24.73
20,1176,JCHAC,EQ,512213,114250,22.31
20,1177,JETFREIGHT,EQ,165788,140231,84.58
20,1178,JFLLIFE,SM,14000,14000,100.00
20,1179,JGCHEM,EQ,69136,32942,47.65
20,1180,JINDALPHOT,EQ,10261,5950,57.99
20,1181,JINDALPOLY,EQ,19749,9108,46.12
20,1182,JINDALSAW,EQ,677027,391538,57.83
20,1183,JINDALSTEL,EQ,702188,222800,31.73
20,1184,JINDRILL,EQ,42514,22401,52.69
20,1185,JINDWORLD,EQ,34725,14625,42.12
20,1186,JIOFIN,EQ,9228162,4152938,45.00
20,1187,JISLDVREQS,EQ,49639,35376,71.27
20,1188,JISLJALEQS,EQ,4930772,1689077,34.26
20,1189,JIWANRAM,SM,24000,24000,100.00
20,1190,J&KBANK,EQ,2618513,1134070,43.31
20,1191,JKCEMENT,EQ,102586,42665,41.59
20,1192,JKIL,EQ,746638,169315,22.68
20,1193,JKLAKSHMI,EQ,118458,59981,50.63
20,1194,JKPAPER,EQ,414678,241781,58.31
20,1195,JKTYRE,EQ,506487,241624,47.71
20,1196,JLHL,EQ,19531,12455,63.77
20,1197,JMFINANCIL,EQ,6622698,2563388,38.71
20,1198,JNKINDIA,EQ,339770,186434,54.87
20,1199,JOCIL,EQ,16802,9194,54.72
20,1200,JPASSOCIAT,EQ,28171541,11336969,40.24
20,1201,JPOLYINVST,EQ,10642,6470,60.80
20,1202,JPPOWER,EQ,42402233,21741749,51.28
20,1203,JSFB,EQ,103976,66451,63.91
20,1204,JSL,EQ,2914617,2097685,71.97
20,1205,JSLL,ST,17820,17460,97.98
20,1206,JSWENERGY,EQ,3934824,2089162,53.09
20,1207,JSWHL,EQ,3593,1010,28.11
20,1208,JSWINFRA,EQ,6429736,3614320,56.21
20,1209,JSWSTEEL,EQ,1931419,901806,46.69
20,1210,JTEKTINDIA,EQ,760692,289704,38.08
20,1211,JTLIND,EQ,465715,194616,41.79
20,1212,JUBLFOOD,EQ,11887378,3055798,25.71
20,1213,JUBLINDS,EQ,10085,6980,69.21
20,1214,JUBLINGREA,EQ,265141,116183,43.82
20,1215,JUBLPHARMA,EQ,220533,103434,46.90
20,1216,JUNIORBEES,EQ,186717,120423,64.49
20,1217,JUNIPER,EQ,421895,356430,84.48
20,1218,JUSTDIAL,EQ,352500,142325,40.38
20,1219,JWL,EQ,2574486,882152,34.27
20,1220,JYOTHYLAB,EQ,371417,186236,50.14
20,1221,JYOTICNC,EQ,379587,301184,79.35
20,1222,K2INFRA,SM,193200,91200,47.20
20,1223,KABRAEXTRU,EQ,119135,41023,34.43
20,1224,KAJARIACER,EQ,299686,163518,54.56
20,1225,KAKATCEM,EQ,4242,2786,65.68
20,1226,KALAMANDIR,EQ,389406,163416,41.97
20,1227,KALYANIFRG,EQ,3596,2084,57.95
20,1228,KALYANKJIL,EQ,1093554,528080,48.29
20,1229,KAMATHOTEL,EQ,34236,20680,60.40
20,1230,KAMDHENU,EQ,856814,533526,62.27
20,1231,KAMOPAINTS,EQ,149036,88130,59.13
20,1232,KANANIIND,EQ,1032722,682780,66.11
20,1233,KANDARP,SM,20000,12000,60.00
20,1234,KANORICHEM,EQ,49592,15493,31.24
20,1235,KANPRPLA,EQ,10162,4013,39.49
20,1236,KANSAINER,EQ,266170,142971,53.71
20,1237,KAPSTON,EQ,8569,4932,57.56
20,1238,KARNIKA,SM,21200,20000,94.34
20,1239,KARURVYSYA,EQ,3640536,1305710,35.87
20,1240,KAUSHALYA,EQ,246,136,55.28
20,1241,KAVVERITEL,EQ,145886,93605,64.16
20,1242,KAYA,EQ,59945,39568,66.01
20,1243,KAYNES,EQ,176230,86502,49.08
20,1244,KBCGLOBAL,EQ,7933748,6550844,82.57
20,1245,KCEIL,SM,6000,6000,100.00
20,1246,KCK,SM,22000,20000,90.91
20,1247,KCP,EQ,419324,213222,50.85
20,1248,KCPSUGIND,EQ,322301,194712,60.41
20,1249,KDDL,EQ,36690,13371,36.44
20,1250,KDL,SM,11100,8200,73.87
20,1251,KEC,EQ,200731,111486,55.54
20,1252,KECL,EQ,1187924,442684,37.27
20,1253,KEI,EQ,163755,58698,35.85
20,1254,KEL,SM,25200,12000,47.62
20,1255,KELLTONTEC,EQ,402029,198173,49.29
20,1256,KERNEX,EQ,28880,20999,72.71
20,1257,KESORAMIND,EQ,850267,482248,56.72
20,1258,KFINTECH,EQ,337688,248322,73.54
20,1259,KHADIM,EQ,18297,13008,71.09
20,1260,KHAICHEM,EQ,80371,49892,62.08
20,1261,KHAITANLTD,EQ,4871,2580,52.97
20,1262,KHANDSE,EQ,73249,71609,97.76
20,1263,KHFM,SM,21700,9300,42.86
20,1264,KICL,EQ,5246,2380,45.37
20,1265,KILITCH,EQ,32165,22136,68.82
20,1266,KIMS,EQ,98279,35207,35.82
20,1267,KINGFA,EQ,11336,6458,56.97
20,1268,KIOCL,EQ,185640,70811,38.14
20,1269,KIRIINDUS,EQ,158695,55986,35.28
20,1270,KIRLOSBROS,EQ,89198,38126,42.74
20,1271,KIRLOSENG,EQ,171469,117172,68.33
20,1272,KIRLOSIND,EQ,14841,3684,24.82
20,1273,KIRLPNU,EQ,148127,93682,63.24
20,1274,KITEX,EQ,70100,33110,47.23
20,1275,KKCL,EQ,87093,58269,66.90
20,1276,KLL,SM,43200,35200,81.48
20,1277,KMSUGAR,EQ,297480,181755,61.10
20,1278,KNAGRI,SM,9600,9600,100.00
20,1279,KNRCON,EQ,2684841,910188,33.90
20,1280,KODYTECH,SM,20100,15300,76.12
20,1281,KOHINOOR,EQ,42659,23357,54.75
20,1282,KOKUYOCMLN,EQ,138248,70090,50.70
20,1283,KOLTEPATIL,EQ,172259,77928,45.24
20,1284,KONSTELEC,SM,82000,55000,67.07
20,1285,KONTOR,SM,69600,57600,82.76
20,1286,KOPRAN,EQ,212641,145181,68.28
20,1287,KORE,SM,3500,2500,71.43
20,1288,KOTAKBANK,EQ,3716141,2397445,64.51
20,1289,KOTARISUG,EQ,118846,71633,60.27
20,1290,KOTHARIPET,EQ,44563,21969,49.30
20,1291,KOTHARIPRO,EQ,9023,6416,71.11
20,1292,KOTYARK,SM,17700,13300,75.14
20,1293,KPIGREEN,EQ,320537,194853,60.79
20,1294,KPIL,EQ,238345,93528,39.24
20,1295,KPITTECH,EQ,543748,231946,42.66
20,1296,KPRMILL,EQ,204640,113461,55.44
20,1297,KRBL,EQ,423085,271644,64.21
20,1298,KREBSBIO,EQ,6836,4859,71.08
20,1299,KRISHANA,EQ,165102,117554,71.20
20,1300,KRISHCA,SM,95500,58000,60.73
20,1301,KRISHIVAL,SM,500,500,100.00
20,1302,KRISHNADEF,SM,346500,180500,52.09
20,1303,KRITI,EQ,58811,39458,67.09
20,1304,KRITINUT,EQ,22869,13679,59.81
20,1305,KRSNAA,EQ,103379,74231,71.80
20,1306,KRYSTAL,EQ,509583,212256,41.65
20,1307,KSB,EQ,28896,14113,48.84
20,1308,KSCL,EQ,48487,26249,54.14
20,1309,KSHITIJPOL,EQ,318953,229059,71.82
20,1310,KSL,EQ,42322,26934,63.64
20,1311,KSOLVES,EQ,17472,11022,63.08
20,1312,KTKBANK,EQ,1287418,816361,63.41
20,1313,KTL,SM,3000,3000,100.00
20,1314,KUANTUM,EQ,52824,30942,58.58
20,1315,LAL,EQ,139162,108238,77.78
20,1316,LALPATHLAB,EQ,105942,35601,33.60
20,1317,LAMBODHARA,EQ,10463,6171,58.98
20,1318,LANCORHOL,EQ,71416,56291,78.82
20,1319,LANDMARK,EQ,230810,122782,53.20
20,1320,LAOPALA,EQ,65918,35349,53.63
20,1321,LASA,EQ,29291,18079,61.72
20,1322,LAURUSLABS,EQ,2100058,1051751,50.08
20,1323,LAWSIKHO,SM,18000,11500,63.89
20,1324,LAXMICOT,EQ,14777,10749,72.74
20,1325,LAXMIMACH,EQ,15701,8372,53.32
20,1326,LEMERITE,SM,131200,96000,73.17
20,1327,LEMONTREE,EQ,2174868,1116651,51.34
20,1328,LEXUS,EQ,16633,15341,92.23
20,1329,LFIC,EQ,197943,40137,20.28
20,1330,LGBBROSLTD,EQ,23303,12846,55.13
20,1331,LGBFORGE,EQ,273632,124469,45.49
20,1332,LIBAS,EQ,28573,23202,81.20
20,1333,LIBERTSHOE,EQ,54080,35342,65.35
20,1334,LICHSGFIN,EQ,1323026,598190,45.21
20,1335,LICI,EQ,6525071,2182262,33.44
20,1336,LICMFGOLD,EQ,194,152,78.35
20,1337,LICNETFGSC,EQ,8357,6149,73.58
20,1338,LICNETFN50,EQ,433,230,53.12
20,1339,LICNETFSEN,EQ,407,96,23.59
20,1340,LICNFNHGP,EQ,159,107,67.30
20,1341,LICNMID100,EQ,11845,6583,55.58
20,1342,LIKHITHA,EQ,237823,133068,55.95
20,1343,LINC,EQ,9345,4608,49.31
20,1344,LINCOLN,EQ,33153,21523,64.92
20,1345,LINDEINDIA,EQ,136882,50906,37.19
20,1346,LIQUID,EQ,117748,111283,94.51
20,1347,LIQUID1,EQ,804,584,72.64
20,1348,LIQUIDADD,EQ,169950,146301,86.08
20,1349,LIQUIDBEES,EQ,2357254,1643027,69.70
20,1350,LIQUIDCASE,EQ,2888808,2562368,88.70
20,1351,LIQUIDETF,EQ,459585,205724,44.76
20,1352,LIQUIDIETF,EQ,1267466,987067,77.88
20,1353,LIQUIDSBI,EQ,7375,5484,74.36
20,1354,LLOYDS,SM,36000,27000,75.00
20,1355,LLOYDSENGG,EQ,5397046,2298763,42.59
20,1356,LLOYDSME,EQ,243128,151363,62.26
20,1357,LODHA,EQ,817834,592075,72.40
20,1358,LOVABLE,EQ,28189,16777,59.52
20,1359,LOWVOL,EQ,451,167,37.03
20,1360,LOWVOL1,EQ,410031,399966,97.55
20,1361,LOWVOLIETF,EQ,514452,446273,86.75
20,1362,LOYALTEX,EQ,4037,789,19.54
20,1363,LPDC,EQ,58025,27760,47.84
20,1364,LRRPL,SM,15000,9000,60.00
20,1365,LT,EQ,1440187,896227,62.23
20,1366,LTF,EQ,2025656,942006,46.50
20,1367,LTFOODS,EQ,439218,253797,57.78
20,1368,LTGILTBEES,EQ,1223758,1161452,94.91
20,1369,LTIM,EQ,321798,164855,51.23
20,1370,LTTS,EQ,270304,84562,31.28
20,1371,LUMAXIND,EQ,35516,18566,52.28
20,1372,LUMAXTECH,EQ,556316,187002,33.61
20,1373,LUPIN,EQ,518613,185978,35.86
20,1374,LUXIND,EQ,58504,27769,47.47
20,1375,LXCHEM,EQ,607555,282162,46.44
20,1376,LYKALABS,EQ,53385,37374,70.01
20,1377,LYPSAGEMS,EQ,100082,63366,63.31
20,1378,MAANALU,EQ,119962,85208,71.03
20,1379,MADHAVBAUG,SM,400,400,100.00
20,1380,MADHUSUDAN,SM,97000,77000,79.38
20,1381,MADRASFERT,EQ,263443,93093,35.34
20,1382,MAFANG,EQ,253592,176227,69.49
20,1383,MAGADSUGAR,EQ,6467,4068,62.90
20,1384,MAGNUM,EQ,230760,137983,59.80
20,1385,MAGSON,SM,6000,6000,100.00
20,1386,MAHABANK,EQ,29763447,9912080,33.30
20,1387,MAHAPEXLTD,EQ,35587,19309,54.26
20,1388,MAHASTEEL,EQ,61060,44166,72.33
20,1389,MAHEPC,EQ,31678,18409,58.11
20,1390,MAHESHWARI,EQ,33921,11803,34.80
20,1391,MAHKTECH,EQ,1074642,779534,72.54
20,1392,MAHLIFE,EQ,195092,123177,63.14
20,1393,MAHLOG,EQ,53077,30091,56.69
20,1394,MAHSCOOTER,EQ,4179,2184,52.26
20,1395,MAHSEAMLES,EQ,230609,142231,61.68
20,1396,MAITHANALL,EQ,34528,18858,54.62
20,1397,MAITREYA,SM,11200,9600,85.71
20,1398,MAKEINDIA,EQ,42955,35518,82.69
20,1399,MAL,SM,8000,8000,100.00
20,1400,MALLCOM,EQ,6464,5520,85.40
20,1401,MANAKALUCO,EQ,71475,60880,85.18
20,1402,MANAKSIA,EQ,47511,28288,59.54
20,1403,MANALIPETC,EQ,974332,477815,49.04
20,1404,MANAPPURAM,EQ,7509805,4244432,56.52
20,1405,MANDEEP,ST,76000,76000,100.00
20,1406,MANGALAM,EQ,59973,36224,60.40
20,1407,MANGCHEFER,EQ,206625,136006,65.82
20,1408,MANGLMCEM,EQ,67855,39949,58.87
20,1409,MANINDS,EQ,345239,216011,62.57
20,1410,MANINFRA,EQ,211415,128426,60.75
20,1411,MANKIND,EQ,610496,402825,65.98
20,1412,MANOMAY,EQ,7070,3615,51.13
20,1413,MANUGRAPH,EQ,43795,34977,79.87
20,1414,MANYAVAR,EQ,200106,130868,65.40
20,1415,MAPMYINDIA,EQ,165250,142754,86.39
20,1416,MARALOVER,EQ,7290,4153,56.97
20,1417,MARATHON,EQ,140824,49173,34.92
20,1418,MARCO,SM,9000,9000,100.00
20,1419,MARICO,EQ,3123135,1564973,50.11
20,1420,MARINE,EQ,213690,154930,72.50
20,1421,MARINETRAN,SM,4000,4000,100.00
20,1422,MARKSANS,EQ,1677023,542712,32.36
20,1423,MARUTI,EQ,333806,194333,58.22
20,1424,MASFIN,EQ,82689,43676,52.82
20,1425,MASPTOP50,EQ,167862,95927,57.15
20,1426,MASTEK,EQ,22623,10955,48.42
20,1427,MASTER,SM,4000,3000,75.00
20,1428,MATRIMONY,EQ,8157,6518,79.91
20,1429,MAWANASUG,EQ,94168,61813,65.64
20,1430,MAXESTATES,EQ,155585,65518,42.11
20,1431,MAXHEALTH,EQ,1311648,817465,62.32
20,1432,MAXIND,EQ,46143,39449,85.49
20,1433,MAXPOSURE,SM,42000,26000,61.90
20,1434,MAYURUNIQ,EQ,169293,100784,59.53
20,1435,MAZDA,EQ,21168,4821,22.77
20,1436,MAZDOCK,EQ,2367178,639745,27.03
20,1437,MBAPL,EQ,66926,58422,87.29
20,1438,MBECL,EQ,100952,100952,100.00
20,1439,MBLINFRA,EQ,55875,38480,68.87
20,1440,MCDOWELL-N,EQ,4342918,2772035,63.83
20,1441,MCL,EQ,46484,37960,81.66
20,1442,MCLEODRUSS,EQ,284489,176235,61.95
20,1443,MCON,SM,36000,34000,94.44
20,1444,MCX,EQ,543313,155612,28.64
20,1445,MDL,SM,14000,12000,85.71
20,1446,MEDANTA,EQ,1784205,1496696,83.89
20,1447,MEDIASSIST,EQ,173605,133893,77.13
20,1448,MEDICAMEQ,EQ,9728,5362,55.12
20,1449,MEDPLUS,EQ,119660,43770,36.58
20,1450,MEGAFLEX,SM,12000,12000,100.00
20,1451,MEGASOFT,EQ,122101,83169,68.11
20,1452,MEGASTAR,EQ,12059,8364,69.36
20,1453,MEGATHERM,SM,513200,228000,44.43
20,1454,MENONBE,EQ,26880,15603,58.05
20,1455,METROBRAND,EQ,92291,44272,47.97
20,1456,METROPOLIS,EQ,170782,26915,15.76
20,1457,MFSL,EQ,2504134,1106397,44.18
20,1458,MGEL,EQ,145662,98564,67.67
20,1459,MGL,EQ,191929,66670,34.74
20,1460,MHHL,SM,15000,13500,90.00
20,1461,MHLXMIRU,EQ,25730,12250,47.61
20,1462,MHRIL,EQ,161798,110028,68.00
20,1463,MICEL,EQ,1214861,689769,56.78
20,1464,MICROPRO,SM,11200,6400,57.14
20,1465,MID150BEES,EQ,368567,226055,61.33
20,1466,MIDCAP,EQ,35322,20070,56.82
20,1467,MIDCAPETF,EQ,1239220,997489,80.49
20,1468,MIDCAPIETF,EQ,430703,210132,48.79
20,1469,MIDHANI,EQ,899426,407341,45.29
20,1470,MIDQ50ADD,EQ,3029,2323,76.69
20,1471,MIDSELIETF,EQ,175147,116462,66.49
20,1472,MIDSMALL,EQ,669085,651862,97.43
20,1473,MILTON,SM,17600,17600,100.00
20,1474,MINDACORP,EQ,237068,129737,54.73
20,1475,MINDSPACE,RR,350355,283311,80.86
20,1476,MINDTECK,EQ,114377,63213,55.27
20,1477,MIRCELECTR,EQ,286594,182117,63.55
20,1478,MIRZAINT,EQ,208915,160726,76.93
20,1479,MITCON,EQ,32141,16356,50.89
20,1480,M&M,EQ,1549203,895507,57.80
20,1481,M&MFIN,EQ,2213513,1257000,56.79
20,1482,M&MFIN,N3,32,32,100.00
20,1483,MMFL,EQ,252229,79072,31.35
20,1484,MMP,EQ,20292,12280,60.52
20,1485,MMTC,EQ,1924560,914377,47.51
20,1486,MNC,EQ,38950,23050,59.18
20,1487,MOGSEC,EQ,10214,9757,95.53
20,1488,MOHEALTH,EQ,45407,33354,73.46
20,1489,MOHITIND,EQ,20136,13755,68.31
20,1490,MOIL,EQ,2628829,870659,33.12
20,1491,MOL,EQ,394856,222106,56.25
20,1492,MOLDTECH,EQ,173260,90540,52.26
20,1493,MOLDTKPAC,EQ,40927,23665,57.82
20,1494,MOLOWVOL,EQ,64819,61824,95.38
20,1495,MOM100,EQ,259382,184317,71.06
20,1496,MOM30IETF,EQ,1286855,812773,63.16
20,1497,MOM50,EQ,2634,1602,60.82
20,1498,MOMENTUM,EQ,248763,195892,78.75
20,1499,MOMOMENTUM,EQ,126126,89413,70.89
20,1500,MON100,EQ,475145,172759,36.36
20,1501,MONARCH,EQ,40421,30084,74.43
20,1502,MONIFTY500,EQ,424355,306017,72.11
20,1503,MONOPHARMA,SM,2000,2000,100.00
20,1504,MONQ50,EQ,18890,11718,62.03
20,1505,MONTECARLO,EQ,17850,10899,61.06
20,1506,MOQUALITY,EQ,2929,1814,61.93
20,1507,MOREALTY,EQ,302295,214450,70.94
20,1508,MOREPENLAB,EQ,3655098,1638871,44.84
20,1509,MOS,SM,124000,65600,52.90
20,1510,MOSMALL250,EQ,216690,152547,70.40
20,1511,MOTHERSON,EQ,12791242,4890086,38.23
20,1512,MOTILALOFS,EQ,115901,76298,65.83
20,1513,MOTISONS,EQ,600125,313052,52.16
20,1514,MOTOGENFIN,EQ,4032,3282,81.40
20,1515,MOVALUE,EQ,123058,76735,62.36
20,1516,MPHASIS,EQ,283240,121389,42.86
20,1517,MPSLTD,EQ,21070,12496,59.31
20,1518,MRF,EQ,5327,2116,39.72
20,1519,MRPL,EQ,3148044,944373,30.00
20,1520,MSPL,EQ,402736,295433,73.36
20,1521,MSTCLTD,EQ,697891,236346,33.87
20,1522,MSUMI,EQ,4951933,3002303,60.63
20,1523,MTARTECH,EQ,279442,117757,42.14
20,1524,MTNL,EQ,1733984,815623,47.04
20,1525,MUFIN,EQ,94104,63156,67.11
20,1526,MUFTI,EQ,281039,170151,60.54
20,1527,MUKANDLTD,EQ,110750,60432,54.57
20,1528,MUKKA,EQ,678834,444444,65.47
20,1529,MUKTAARTS,EQ,20463,10488,51.25
20,1530,MUNJALAU,EQ,101211,70777,69.93
20,1531,MUNJALSHOW,EQ,94636,48087,50.81
20,1532,MURUDCERA,EQ,62495,42862,68.58
20,1533,MUTHOOTCAP,EQ,14986,7930,52.92
20,1534,MUTHOOTFIN,EQ,1527315,687368,45.00
20,1535,MUTHOOTMF,EQ,122974,56335,45.81
20,1536,MVGJL,EQ,89142,72433,81.26
20,1537,MVKAGRO,SM,19200,10800,56.25
20,1538,MWL,SM,66000,43200,65.45
20,1539,NACLIND,EQ,48620,20461,42.08
20,1540,NAGAFERT,EQ,510115,328584,64.41
20,1541,NAGREEKCAP,EQ,4406,3542,80.39
20,1542,NAGREEKEXP,EQ,33945,28011,82.52
20,1543,NAHARCAP,EQ,9307,8397,90.22
20,1544,NAHARINDUS,EQ,23328,12218,52.37
20,1545,NAHARPOLY,EQ,6008,2998,49.90
20,1546,NAHARSPING,EQ,14538,7837,53.91
20,1547,NAMAN,SM,230400,171200,74.31
20,1548,NAM-INDIA,EQ,704379,473939,67.28
20,1549,NATCOPHARM,EQ,4793785,1445187,30.15
20,1550,NATHBIOGEN,EQ,42550,25689,60.37
20,1551,NATIONALUM,EQ,76307148,18339155,24.03
20,1552,NAUKRI,EQ,230665,104228,45.19
20,1553,NAVA,EQ,184587,122737,66.49
20,1554,NAVINFLUOR,EQ,103479,34504,33.34
20,1555,NAVINIFTY,EQ,516,320,62.02
20,1556,NAVKARCORP,EQ,434983,206857,47.56
20,1557,NAVNETEDUL,EQ,185532,104744,56.46
20,1558,NAZARA,EQ,4546220,621556,13.67
20,1559,NBCC,EQ,12726965,6326585,49.71
20,1560,NBIFIN,EQ,135,91,67.41
20,1561,NCC,EQ,3748690,1888173,50.37
20,1562,NCLIND,EQ,123811,79672,64.35
20,1563,NDGL,EQ,419,370,88.31
20,1564,NDL,EQ,9201731,3181351,34.57
20,1565,NDLVENTURE,EQ,24557,17385,70.79
20,1566,NDRAUTO,EQ,7292,3956,54.25
20,1567,NDTV,EQ,381111,158322,41.54
20,1568,NECCLTD,EQ,230595,139608,60.54
20,1569,NECLIFE,EQ,213125,125002,58.65
20,1570,NELCAST,EQ,66018,41046,62.17
20,1571,NELCO,EQ,376806,61721,16.38
20,1572,NEOGEN,EQ,16074,8138,50.63
20,1573,NESCO,EQ,54908,30549,55.64
20,1574,NESTLEIND,EQ,521672,383574,73.53
20,1575,NETF,EQ,9393,8816,93.86
20,1576,NETWEB,EQ,79123,44780,56.60
20,1577,NETWORK18,EQ,384601,249596,64.90
20,1578,NEULANDLAB,EQ,23039,12530,54.39
20,1579,NEWGEN,EQ,137484,90962,66.16
20,1580,NEWJAISA,SM,52500,46500,88.57
20,1581,NEXT50,EQ,11248,10152,90.26
20,1582,NEXT50IETF,EQ,683415,582420,85.22
20,1583,NEXTMEDIA,EQ,4823,4303,89.22
20,1584,NFL,EQ,4144000,1595606,38.50
20,1585,NGIL,EQ,376620,139710,37.10
20,1586,NGLFINE,EQ,4243,2337,55.08
20,1587,NH,EQ,478623,269242,56.25
20,1588,NHPC,EQ,87126691,34480614,39.58
20,1589,NIACL,EQ,891993,300607,33.70
20,1590,NIBL,EQ,20314,12648,62.26
20,1591,NIDAN,SM,40000,27000,67.50
20,1592,NIF100BEES,EQ,16051,11328,70.58
20,1593,NIF100IETF,EQ,71716,39185,54.64
20,1594,NIF10GETF,EQ,3405,2771,81.38
20,1595,NIF5GETF,EQ,1879,1596,84.94
20,1596,NIFITETF,EQ,5428,477,8.79
20,1597,NIFMID150,EQ,5238,2361,45.07
20,1598,NIFTY1,EQ,116986,106065,90.66
20,1599,NIFTY50ADD,EQ,5764,3877,67.26
20,1600,NIFTYBEES,EQ,3948285,3120078,79.02
20,1601,NIFTYBETF,EQ,1006,801,79.62
20,1602,NIFTYETF,EQ,37450,32269,86.17
20,1603,NIFTYIETF,EQ,870378,794430,91.27
20,1604,NIFTYQLITY,EQ,222813,203250,91.22
20,1605,NIITLTD,EQ,383784,181635,47.33
20,1606,NIITMTS,EQ,131083,67786,51.71
20,1607,NILAINFRA,EQ,1766864,1002747,56.75
20,1608,NILKAMAL,EQ,8605,6428,74.70
20,1609,NINSYS,EQ,3671,2040,55.57
20,1610,NIPPOBATRY,EQ,292330,58134,19.89
20,1611,NIRAJ,EQ,38281,38281,100.00
20,1612,NIRMAN,SM,76200,41400,54.33
20,1613,NITINSPIN,EQ,45505,25847,56.80
20,1614,NKIND,EQ,734,622,84.74
20,1615,NLCINDIA,EQ,3314653,1574643,47.51
20,1616,NMDC,EQ,17938456,5452899,30.40
20,1617,NOCIL,EQ,502292,272144,54.18
20,1618,NOIDATOLL,EQ,133560,95060,71.17
20,1619,NORBTEAEXP,EQ,1379,1307,94.78
20,1620,NOVAAGRI,EQ,335296,242970,72.46
20,1621,NPBET,EQ,310,163,52.58
20,1622,NPST,SM,11400,7600,66.67
20,1623,NRAIL,EQ,58273,36469,62.58
20,1624,NRBBEARING,EQ,608465,287934,47.32
20,1625,NRL,EQ,47898,32276,67.38
20,1626,NSIL,EQ,4874,2916,59.83
20,1627,NSLNISP,EQ,14772684,6039255,40.88
20,1628,NTPC,EQ,10200096,4875842,47.80
20,1629,NUCLEUS,EQ,227459,180824,79.50
20,1630,NURECA,EQ,14557,10359,71.16
20,1631,NUVAMA,EQ,146537,69283,47.28
20,1632,NUVOCO,EQ,153310,63074,41.14
20,1633,NV20,EQ,9672,4939,51.06
20,1634,NV20BEES,EQ,23720,12451,52.49
20,1635,NV20IETF,EQ,332199,169912,51.15
20,1636,NXST,RR,251598,233530,92.82
20,1637,NYKAA,EQ,7107973,4907487,69.04
20,1638,OAL,EQ,533005,109718,20.58
20,1639,OBCL,EQ,670695,251938,37.56
20,1640,OBEROIRLTY,EQ,920416,360338,39.15
20,1641,OCCL,EQ,80211,57990,72.30
20,1642,OFSS,EQ,65923,33173,50.32
20,1643,OIL,EQ,2407745,1262341,52.43
20,1644,OLECTRA,EQ,824018,269761,32.74
20,1645,OMAXE,EQ,228535,147488,64.54
20,1646,OMFURN,SM,189600,151200,79.75
20,1647,OMINFRAL,EQ,466948,279009,59.75
20,1648,ONDOOR,SM,3600,3000,83.33
20,1649,ONEPOINT,EQ,1467114,610822,41.63
20,1650,ONGC,EQ,6927361,3441036,49.67
20,1651,ONMOBILE,EQ,677193,222228,32.82
20,1652,ONWARDTEC,EQ,56447,30250,53.59
20,1653,OPTIEMUS,EQ,76877,45233,58.84
20,1654,ORBTEXP,EQ,13421,8891,66.25
20,1655,ORCHPHARMA,EQ,74918,53053,70.81
20,1656,ORIANA,SM,156450,98850,63.18
20,1657,ORICONENT,EQ,164245,105587,64.29
20,1658,ORIENTALTL,EQ,169323,78082,46.11
20,1659,ORIENTBELL,EQ,26217,9272,35.37
20,1660,ORIENTCEM,EQ,310776,172044,55.36
20,1661,ORIENTCER,EQ,75809,53762,70.92
20,1662,ORIENTELEC,EQ,236147,98518,41.72
20,1663,ORIENTHOT,EQ,326332,160650,49.23
20,1664,ORIENTLTD,EQ,4395,2634,59.93
20,1665,ORIENTPPR,EQ,2481253,936842,37.76
20,1666,ORISSAMINE,EQ,17737,9235,52.07
20,1667,ORTINLAB,EQ,54263,50076,92.28
20,1668,OSWALAGRO,EQ,36075,27631,76.59
20,1669,OSWALGREEN,EQ,187978,121578,64.68
20,1670,OWAIS,SM,104000,70400,67.69
20,1671,PAGEIND,EQ,21541,8214,38.13
20,1672,PAISALO,EQ,282357,191413,67.79
20,1673,PAKKA,EQ,173886,88894,51.12
20,1674,PALASHSECU,EQ,8589,5987,69.71
20,1675,PANACEABIO,EQ,53363,30276,56.74
20,1676,PANACHE,EQ,21437,18215,84.97
20,1677,PANAMAPET,EQ,2280033,564739,24.77
20,1678,PANSARI,EQ,2265,240,10.60
20,1679,PAR,EQ,20635,14604,70.77
20,1680,PARADEEP,EQ,1279489,652395,50.99
20,1681,PARAGMILK,EQ,1249852,529106,42.33
20,1682,PARAGON,SM,30000,25200,84.00
20,1683,PARAS,EQ,1939818,503231,25.94
20,1684,PARIN,SM,7000,7000,100.00
20,1685,PARKHOTELS,EQ,113634,67545,59.44
20,1686,PARSVNATH,EQ,167758,147539,87.95
20,1687,PARTYCRUS,SM,6000,5000,83.33
20,1688,PASHUPATI,SM,275200,275200,100.00
20,1689,PASUPTAC,EQ,66021,45711,69.24
20,1690,PATANJALI,EQ,1235849,503196,40.72
20,1691,PATELENG,EQ,5748113,3017732,52.50
20,1692,PATINTLOG,EQ,304668,165078,54.18
20,1693,PATTECH,ST,9000,9000,100.00
20,1694,PAVNAIND,EQ,16683,11492,68.88
20,1695,PAYTM,EQ,2420896,1516573,62.65
20,1696,PCBL,EQ,2177196,1017633,46.74
20,1697,PCJEWELLER,EQ,1421094,1217060,85.64
20,1698,PDMJEPAPER,EQ,2373150,771790,32.52
20,1699,PDSL,EQ,46907,26233,55.93
20,1700,PEL,EQ,1167516,561297,48.08
20,1701,PENIND,EQ,649398,298586,45.98
20,1702,PENINLAND,EQ,1927118,810903,42.08
20,1703,PENTAGON,SM,7000,4000,57.14
20,1704,PERFECT,SM,24000,24000,100.00
20,1705,PERSISTENT,EQ,425532,170812,40.14
20,1706,PETRONET,EQ,2826843,1387799,49.09
20,1707,PFC,EQ,21588367,5732785,26.55
20,1708,PFIZER,EQ,12722,8029,63.11
20,1709,PFOCUS,EQ,407114,222327,54.61
20,1710,PFS,EQ,1215798,815139,67.05
20,1711,PGEL,EQ,120420,55389,46.00
20,1712,PGHH,EQ,8339,5129,61.51
20,1713,PGHL,EQ,6212,4243,68.30
20,1714,PGIL,EQ,17868,8700,48.69
20,1715,PGINVIT,IV,1852275,1534859,82.86
20,1716,PHANTOMFX,SM,34500,23100,66.96
20,1717,PHARMABEES,EQ,1896478,1201204,63.34
20,1718,PHOENIXLTD,EQ,1126796,675100,59.91
20,1719,PIDILITIND,EQ,413115,206791,50.06
20,1720,PIIND,EQ,316871,210213,66.34
20,1721,PILANIINVS,EQ,3392,1527,45.02
20,1722,PILITA,EQ,600746,322932,53.76
20,1723,PIONEEREMB,EQ,93709,68676,73.29
20,1724,PITTIENG,EQ,156486,93490,59.74
20,1725,PIXTRANS,EQ,14072,7657,54.41
20,1726,PKTEA,EQ,186,183,98.39
20,1727,PLADAINFO,SM,3000,3000,100.00
20,1728,PLASTIBLEN,EQ,9454,5105,54.00
20,1729,PLATIND,EQ,206700,82145,39.74
20,1730,PLAZACABLE,EQ,58914,41664,70.72
20,1731,PNB,EQ,44999618,16275509,36.17
20,1732,PNBGILTS,EQ,327022,136115,41.62
20,1733,PNBHOUSING,EQ,247495,94955,38.37
20,1734,PNC,EQ,34843,15042,43.17
20,1735,PNCINFRA,EQ,1256197,418184,33.29
20,1736,POCL,EQ,17855,12280,68.78
20,1737,PODDARMENT,EQ,23564,14762,62.65
20,1738,POKARNA,EQ,67886,46168,68.01
20,1739,POLICYBZR,EQ,8964786,7092121,79.11
20,1740,POLYCAB,EQ,298627,112923,37.81
20,1741,POLYMED,EQ,42833,20149,47.04
20,1742,POLYPLEX,EQ,89993,44829,49.81
20,1743,POLYSIL,SM,10000,8000,80.00
20,1744,PONNIERODE,EQ,15047,9527,63.31
20,1745,POONAWALLA,EQ,819864,381696,46.56
20,1746,POWERGRID,EQ,10935739,7159578,65.47
20,1747,POWERINDIA,EQ,79283,28018,35.34
20,1748,POWERMECH,EQ,31574,18562,58.79
20,1749,PPAP,EQ,15837,9036,57.06
20,1750,PPL,EQ,147718,68867,46.62
20,1751,PPLPHARMA,EQ,3518065,1918098,54.52
20,1752,PRAJIND,EQ,672012,415506,61.83
20,1753,PRAKASH,EQ,290627,172262,59.27
20,1754,PRAMARA,SM,26000,22000,84.62
20,1755,PRATHAM,SM,315200,161600,51.27
20,1756,PRECAM,EQ,131254,69590,53.02
20,1757,PRECISION,SM,16000,14000,87.50
20,1758,PRECWIRE,EQ,217680,120079,55.16
20,1759,PREMEXPLN,EQ,48292,26417,54.70
20,1760,PREMIERPOL,EQ,13009,8863,68.13
20,1761,PRESSTONIC,SM,45600,34400,75.44
20,1762,PRESTIGE,EQ,601868,221236,36.76
20,1763,PRICOLLTD,EQ,276398,144151,52.15
20,1764,PRIMESECU,EQ,87129,40687,46.70
20,1765,PRINCEPIPE,EQ,70897,36409,51.35
20,1766,PRITI,EQ,171269,117006,68.32
20,1767,PRITIKA,SM,4000,4000,100.00
20,1768,PRITIKAUTO,EQ,188578,132282,70.15
20,1769,PRIVISCL,EQ,48315,39300,81.34
20,1770,PRLIND,ST,186000,164000,88.17
20,1771,PROLIFE,SM,1000,1000,100.00
20,1772,PROPEQUITY,SM,16200,15000,92.59
20,1773,PROV,SM,160,160,100.00
20,1774,PROZONER,EQ,2320555,897796,38.69
20,1775,PRSMJOHNSN,EQ,2006146,640344,31.92
20,1776,PRUDENT,EQ,3180813,2926348,92.00
20,1777,PSB,EQ,5356759,1802002,33.64
20,1778,PSPPROJECT,EQ,84874,51568,60.76
20,1779,PSUBANK,EQ,348906,316651,90.76
20,1780,PSUBANKADD,EQ,26072,20912,80.21
20,1781,PSUBNKBEES,EQ,3583320,1630700,45.51
20,1782,PSUBNKIETF,EQ,358142,246536,68.84
20,1783,PTC,EQ,1431733,683783,47.76
20,1784,PTCIL,EQ,6162,2664,43.23
20,1785,PTL,EQ,109862,71163,64.77
20,1786,PULZ,SM,8000,6000,75.00
20,1787,PUNJABCHEM,EQ,8400,4501,53.58
20,1788,PURVFLEXI,SM,17600,14400,81.82
20,1789,PVP,EQ,335998,202001,60.12
20,1790,PVRINOX,EQ,620821,256914,41.38
20,1791,PVSL,EQ,101493,67107,66.12
20,1792,PVTBANIETF,EQ,1401108,1106183,78.95
20,1793,PVTBANKADD,EQ,701100,644583,91.94
20,1794,PYRAMID,EQ,54114,35568,65.73
20,1795,QFIL,SM,1000,1000,100.00
20,1796,QGOLDHALF,EQ,37498,24357,64.96
20,1797,QMSMEDI,SM,21000,19000,90.48
20,1798,QNIFTY,EQ,404,197,48.76
20,1799,QUADPRO,SM,36000,24000,66.67
20,1800,QUAL30IETF,EQ,28121,14414,51.26
20,1801,QUESS,EQ,181990,112107,61.60
20,1802,QUESTLAB,ST,12000,12000,100.00
20,1803,QUICKHEAL,EQ,249121,122234,49.07
20,1804,QUICKTOUCH,SM,6500,6000,92.31
20,1805,RACE,EQ,20093,16402,81.63
20,1806,RADHIKAJWE,EQ,222966,165887,74.40
20,1807,RADIANTCMS,EQ,159837,91973,57.54
20,1808,RADICO,EQ,71689,29581,41.26
20,1809,RADIOCITY,EQ,631552,262258,41.53
20,1810,RADIOCITY,P1,1664,1664,100.00
20,1811,RADIOWALLA,SM,25600,22400,87.50
20,1812,RAILTEL,EQ,4199229,1128199,26.87
20,1813,RAIN,EQ,1918676,915002,47.69
20,1814,RAINBOW,EQ,212794,58117,27.31
20,1815,RAJESHEXPO,EQ,190942,86964,45.54
20,1816,RAJRATAN,EQ,102480,67263,65.64
20,1817,RAJSREESUG,EQ,79063,59359,75.08
20,1818,RALLIS,EQ,306327,133726,43.65
20,1819,RAMANEWS,EQ,46062,37829,82.13
20,1820,RAMAPHO,EQ,8042,3838,47.72
20,1821,RAMASTEEL,EQ,4514646,2141995,47.45
20,1822,RAMCOCEM,EQ,282283,111076,39.35
20,1823,RAMCOIND,EQ,343109,118778,34.62
20,1824,RAMKY,EQ,56353,33963,60.27
20,1825,RAMRAT,EQ,27755,12681,45.69
20,1826,RANASUG,EQ,337195,200928,59.59
20,1827,RANEENGINE,EQ,5665,3526,62.24
20,1828,RANEHOLDIN,EQ,13357,7275,54.47
20,1829,RATEGAIN,EQ,288094,158166,54.90
20,1830,RATNAMANI,EQ,27836,14268,51.26
20,1831,RATNAVEER,EQ,293228,156871,53.50
20,1832,RAYMOND,EQ,188600,107007,56.74
20,1833,RBA,EQ,722399,435415,60.27
20,1834,RBL,EQ,37690,18929,50.22
20,1835,RBLBANK,EQ,3520057,1068551,30.36
20,1836,RBMINFRA,SM,8400,7000,83.33
20,1837,RBS,SM,104000,92800,89.23
20,1838,RCDL,SM,24000,15000,62.50
20,1839,RCF,EQ,7908035,2935481,37.12
20,1840,RECLTD,EQ,17209174,5812015,33.77
20,1841,REDINGTON,EQ,1493610,1075497,72.01
20,1842,REDTAPE,EQ,73015,40594,55.60
20,1843,REFEX,EQ,568868,392469,68.99
20,1844,REFRACTORY,ST,8000,8000,100.00
20,1845,RELAXO,EQ,56722,34373,60.60
20,1846,RELCHEMQ,EQ,39727,16220,40.83
20,1847,RELIANCE,EQ,3910081,2573753,65.82
20,1848,RELIGARE,EQ,1329479,1077307,81.03
20,1849,RELINFRA,EQ,2533070,1233294,48.69
20,1850,REMSONSIND,EQ,11949,1220,10.21
20,1851,REMUS,SM,3400,2275,66.91
20,1852,RENUKA,EQ,3699674,1909408,51.61
20,1853,REPCOHOME,EQ,136844,55859,40.82
20,1854,REPL,EQ,17570,6577,37.43
20,1855,REPRO,EQ,6632,4468,67.37
20,1856,RESPONIND,EQ,256653,57856,22.54
20,1857,REXPIPES,SM,6000,4000,66.67
20,1858,RGL,EQ,74531,21582,28.96
20,1859,RHIM,EQ,232756,161393,69.34
20,1860,RICHA,SM,4000,2000,50.00
20,1861,RICOAUTO,EQ,1009342,425987,42.20
20,1862,RIIL,EQ,138456,38663,27.92
20,1863,RILINFRA,SM,64300,49200,76.52
20,1864,RISHABH,EQ,249356,71912,28.84
20,1865,RITCO,EQ,48954,21743,44.42
20,1866,RITES,EQ,2376630,483973,20.36
20,1867,RKDL,EQ,23740,16210,68.28
20,1868,RKEC,EQ,56434,35818,63.47
20,1869,RKFORGE,EQ,494299,264164,53.44
20,1870,RKSWAMY,EQ,122900,54131,44.04
20,1871,RMDRIP,SM,3000,2000,66.67
20,1872,RML,EQ,9901,5061,51.12
20,1873,ROCKINGDCE,SM,13500,4000,29.63
20,1874,ROHLTD,EQ,27115,14865,54.82
20,1875,ROLEXRINGS,EQ,16863,8610,51.06
20,1876,ROSSARI,EQ,50231,23066,45.92
20,1877,ROSSELLIND,EQ,47922,20448,42.67
20,1878,ROTO,EQ,111982,53927,48.16
20,1879,ROUTE,EQ,40483,22711,56.10
20,1880,ROXHITECH,SM,73600,49600,67.39
20,1881,RPGLIFE,EQ,9410,3206,34.07
20,1882,RPOWER,EQ,19862818,9661004,48.64
20,1883,RPSGVENT,EQ,25335,11472,45.28
20,1884,RPTECH,EQ,330221,149149,45.17
20,1885,RRKABEL,EQ,419614,137427,32.75
20,1886,RSWM,EQ,40553,27854,68.69
20,1887,RSYSTEMS,EQ,163749,55081,33.64
20,1888,RTNINDIA,EQ,7905328,3576528,45.24
20,1889,RUBYMILLS,EQ,13433,8478,63.11
20,1890,RUCHINFRA,EQ,144336,102588,71.08
20,1891,RUCHIRA,EQ,79668,39929,50.12
20,1892,RULKA,ST,3000,3000,100.00
20,1893,RUPA,EQ,143887,84217,58.53
20,1894,RUSHIL,EQ,206053,122495,59.45
20,1895,RUSTOMJEE,EQ,61784,39152,63.37
20,1896,RVHL,EQ,21262,18210,85.65
20,1897,RVNL,EQ,38874332,8070393,20.76
20,1898,SAAKSHI,SM,31200,26400,84.62
20,1899,SABAR,SM,15000,15000,100.00
20,1900,SADBHIN,EQ,280283,166008,59.23
20,1901,SADHAV,SM,96000,66000,68.75
20,1902,SADHNANIQ,EQ,1695670,593295,34.99
20,1903,SAFARI,EQ,25331,15015,59.28
20,1904,SAGARDEEP,EQ,18847,15105,80.15
20,1905,SAGCEM,EQ,26846,16742,62.36
20,1906,SAH,EQ,31661,3615,11.42
20,1907,SAHAJ,SM,32000,32000,100.00
20,1908,SAHANA,SM,45250,24000,53.04
20,1909,SAHYADRI,EQ,8104,5538,68.34
20,1910,SAIFL,SM,19200,13600,70.83
20,1911,SAIL,EQ,26336009,8695222,33.02
20,1912,SAKAR,EQ,9303,5811,62.46
20,1913,SAKHTISUG,EQ,228401,134289,58.80
20,1914,SAKSOFT,EQ,235500,133563,56.71
20,1915,SAKUMA,EQ,4470444,1661970,37.18
20,1916,SALASAR,EQ,2857379,1605737,56.20
20,1917,SALONA,EQ,5482,1096,19.99
20,1918,SALZERELEC,EQ,48553,33319,68.62
20,1919,SAMHI,EQ,835948,449140,53.73
20,1920,SAMPANN,EQ,44314,24293,54.82
20,1921,SANDESH,EQ,1398,698,49.93
20,1922,SANDHAR,EQ,99708,50558,50.71
20,1923,SANDUMA,EQ,352006,235903,67.02
20,1924,SANGAMIND,EQ,20061,9423,46.97
20,1925,SANGANI,SM,3000,3000,100.00
20,1926,SANGHIIND,EQ,289421,168627,58.26
20,1927,SANGHVIMOV,EQ,370262,121339,32.77
20,1928,SANOFI,EQ,9572,5715,59.71
20,1929,SANSERA,EQ,137447,104282,75.87
20,1930,SAPPHIRE,EQ,113741,84554,74.34
20,1931,SARDAEN,EQ,506556,214472,42.34
20,1932,SAREGAMA,EQ,846897,301658,35.62
20,1933,SARLAPOLY,EQ,761645,393279,51.64
20,1934,SAROJA,SM,4800,4800,100.00
20,1935,SARTELE,SM,63500,35500,55.91
20,1936,SARVESHWAR,EQ,1571812,1012586,64.42
20,1937,SASKEN,EQ,8104,3918,48.35
20,1938,SASTASUNDR,EQ,138051,48962,35.47
20,1939,SATIA,EQ,248583,146487,58.93
20,1940,SATIN,EQ,182242,78895,43.29
20,1941,SATINDLTD,EQ,287809,112569,39.11
20,1942,SAURASHCEM,EQ,86158,50636,58.77
20,1943,SBC,EQ,3601458,2206617,61.27
20,1944,SBCL,EQ,204311,74805,36.61
20,1945,SBFC,EQ,1032285,628524,60.89
20,1946,SBGLP,EQ,212086,108120,50.98
20,1947,SBICARD,EQ,1280415,637496,49.79
20,1948,SBIETFCON,EQ,3851,2853,74.08
20,1949,SBIETFIT,EQ,5203,4076,78.34
20,1950,SBIETFPB,EQ,14769,10267,69.52
20,1951,SBIETFQLTY,EQ,10302,6253,60.70
20,1952,SBILIFE,EQ,1600105,693585,43.35
20,1953,SBIN,EQ,13818893,6878029,49.77
20,1954,SCHAEFFLER,EQ,217903,162236,74.45
20,1955,SCHAND,EQ,127596,69843,54.74
20,1956,SCHNEIDER,EQ,41128,41128,100.00
20,1957,SCI,EQ,4603329,1680193,36.50
20,1958,SCILAL,EQ,2467403,1291292,52.33
20,1959,SCML,SM,32000,28000,87.50
20,1960,SCPL,EQ,72550,27022,37.25
20,1961,SDBL,EQ,2129039,919329,43.18
20,1962,SDL24BEES,EQ,4027,2128,52.84
20,1963,SDL26BEES,EQ,494,432,87.45
20,1964,SEAMECLTD,EQ,58442,39741,68.00
20,1965,SECL,SM,18750,12500,66.67
20,1966,SEL,SM,10800,9200,85.19
20,1967,SELAN,EQ,184686,97161,52.61
20,1968,SELMC,EQ,12678,9583,75.59
20,1969,SENCO,EQ,260469,135069,51.86
20,1970,SENSEXADD,EQ,939,722,76.89
20,1971,SENSEXETF,EQ,4951,2849,57.54
20,1972,SENSEXIETF,EQ,4908,4426,90.18
20,1973,SEPC,EQ,5161006,2629219,50.94
20,1974,SEQUENT,EQ,1002538,478091,47.69
20,1975,SERVICE,SM,100000,100000,100.00
20,1976,SERVOTECH,EQ,360706,280901,77.88
20,1977,SESHAPAPER,EQ,30917,20588,66.59
20,1978,SETF10GILT,EQ,105039,91801,87.40
20,1979,SETFGOLD,EQ,1264918,1095925,86.64
20,1980,SETFNIF50,EQ,342600,272634,79.58
20,1981,SETFNIFBK,EQ,142502,108714,76.29
20,1982,SETFNN50,EQ,29366,21442,73.02
20,1983,SFL,EQ,33174,18998,57.27
20,1984,SFLZC26A,ZC,2,2,100.00
20,1985,SGBAPR28I,GB,64,61,95.31
20,1986,SGBAUG24,GB,51,38,74.51
20,1987,SGBAUG27,GB,70,62,88.57
20,1988,SGBAUG28V,GB,1184,1039,87.75
20,1989,SGBAUG29V,GB,84,61,72.62
20,1990,SGBAUG30,GB,127,95,74.80
20,1991,SGBD29VIII,GB,75,68,90.67
20,1992,SGBDC27VII,GB,20,18,90.00
20,1993,SGBDE30III,GB,143,117,81.82
20,1994,SGBDE31III,GB,3653,2757,75.47
20,1995,SGBDEC2513,GB,1,1,100.00
20,1996,SGBDEC25XI,GB,5,5,100.00
20,1997,SGBDEC26,GB,1,1,100.00
20,1998,SGBFEB28IX,GB,5,5,100.00
20,1999,SGBFEB29XI,GB,47,36,76.60
20,2000,SGBFEB32IV,GB,2629,1888,71.81
20,2001,SGBJ28VIII,GB,11,11,100.00
20,2002,SGBJAN26,GB,30,30,100.00
20,2003,SGBJAN27,GB,9,9,100.00
20,2004,SGBJAN29IX,GB,75,73,97.33
20,2005,SGBJAN29X,GB,21,21,100.00
20,2006,SGBJAN30IX,GB,29,26,89.66
20,2007,SGBJU29III,GB,190,187,98.42
20,2008,SGBJUL25,GB,6,3,50.00
20,2009,SGBJUL27,GB,1,1,100.00
20,2010,SGBJUL28IV,GB,327,181,55.35
20,2011,SGBJUL29IV,GB,106,65,61.32
20,2012,SGBJUN27,GB,2,2,100.00
20,2013,SGBJUN28,GB,218,198,90.83
20,2014,SGBJUN29II,GB,943,943,100.00
20,2015,SGBJUN30,GB,134,106,79.10
20,2016,SGBJUN31I,GB,465,383,82.37
20,2017,SGBMAR25,GB,137,77,56.20
20,2018,SGBMAR28X,GB,10,10,100.00
20,2019,SGBMAR30X,GB,14,10,71.43
20,2020,SGBMAR31IV,GB,67,64,95.52
20,2021,SGBMAY28,GB,1175,817,69.53
20,2022,SGBMAY29I,GB,684,589,86.11
20,2023,SGBMR29XII,GB,126,79,62.70
20,2024,SGBN28VIII,GB,98,78,79.59
20,2025,SGBNOV24,GB,11,11,100.00
20,2026,SGBNOV25IX,GB,1,1,100.00
20,2027,SGBNV29VII,GB,174,172,98.85
20,2028,SGBOC28VII,GB,115,90,78.26
20,2029,SGBOCT25IV,GB,2,2,100.00
20,2030,SGBOCT27,GB,7,7,100.00
20,2031,SGBOCT27VI,GB,12,11,91.67
20,2032,SGBSEP24,GB,38,24,63.16
20,2033,SGBSEP27,GB,191,126,65.97
20,2034,SGBSEP28VI,GB,176,97,55.11
20,2035,SGBSEP29VI,GB,306,215,70.26
20,2036,SGBSEP31II,GB,1076,940,87.36
20,2037,SGIL,EQ,20617,11744,56.96
20,2038,SGL,EQ,15366,14320,93.19
20,2039,SHAH,EQ,5680078,3635582,64.01
20,2040,SHAHALLOYS,EQ,7905,6243,78.98
20,2041,SHAILY,EQ,63714,31084,48.79
20,2042,SHAKTIPUMP,EQ,148729,98845,66.46
20,2043,SHALBY,EQ,798547,194631,24.37
20,2044,SHALPAINTS,EQ,134636,95895,71.23
20,2045,SHANKARA,EQ,32154,17167,53.39
20,2046,SHANTHALA,SM,3600,2400,66.67
20,2047,SHANTIGEAR,EQ,43205,21629,50.06
20,2048,SHARDACROP,EQ,116080,64767,55.80
20,2049,SHARDAMOTR,EQ,82813,46254,55.85
20,2050,SHAREINDIA,EQ,41352,21918,53.00
20,2051,SHAREINDIA,W1,619,424,68.50
20,2052,SHARIABEES,EQ,3564,2481,69.61
20,2053,SHEETAL,ST,30000,30000,100.00
20,2054,SHEMAROO,EQ,52248,31349,60.00
20,2055,SHERA,SM,76000,66000,86.84
20,2056,SHIGAN,SM,6000,4500,75.00
20,2057,SHILPAMED,EQ,210137,123889,58.96
20,2058,SHIVALIK,EQ,30798,12596,40.90
20,2059,SHIVAMAUTO,EQ,267197,165570,61.97
20,2060,SHIVAMILLS,EQ,119231,58431,49.01
20,2061,SHIVATEX,EQ,38097,22593,59.30
20,2062,SHK,EQ,962839,427507,44.40
20,2063,SHOPERSTOP,EQ,11046,4888,44.25
20,2064,SHRADHA,EQ,630083,300897,47.76
20,2065,SHREDIGCEM,EQ,1845392,739413,40.07
20,2066,SHREECEM,EQ,19032,10075,52.94
20,2067,SHREEKARNI,SM,34800,21600,62.07
20,2068,SHREEOSFM,SM,43000,33000,76.74
20,2069,SHREEPUSHK,EQ,30062,13938,46.36
20,2070,SHRENIK,EQ,1055137,801227,75.94
20,2071,SHREYANIND,EQ,33383,22162,66.39
20,2072,SHREYAS,EQ,45587,23928,52.49
20,2073,SHRIPISTON,EQ,84200,47395,56.29
20,2074,SHRIRAMFIN,EQ,1298782,694953,53.51
20,2075,SHRIRAMPPS,EQ,1551110,792172,51.07
20,2076,SHRITECH,SM,18000,18000,100.00
20,2077,SHUBHLAXMI,SM,30000,29000,96.67
20,2078,SHYAMMETL,EQ,391402,205692,52.55
20,2079,SIEMENS,EQ,303297,163015,53.75
20,2080,SIGACHI,EQ,2492386,1113655,44.68
20,2081,SIGIND,EQ,402453,176806,43.93
20,2082,SIGMA,EQ,58346,27655,47.40
20,2083,SIGNATURE,EQ,472611,141109,29.86
20,2084,SIGNORIA,SM,2000,2000,100.00
20,2085,SIGNPOST,EQ,80603,62593,77.66
20,2086,SIKKO,EQ,46349,32379,69.86
20,2087,SIL,EQ,50431,36757,72.89
20,2088,SILGO,EQ,54879,43357,79.00
20,2089,SILINV,EQ,8064,6461,80.12
20,2090,SILKFLEX,ST,20000,20000,100.00
20,2091,SILLYMONKS,EQ,10069,9061,89.99
20,2092,SILVER,EQ,217826,157223,72.18
20,2093,SILVER1,EQ,63371,37143,58.61
20,2094,SILVERADD,EQ,21283,10252,48.17
20,2095,SILVERBEES,EQ,6138061,3568296,58.13
20,2096,SILVERETF,EQ,199533,116199,58.24
20,2097,SILVERIETF,EQ,1287336,698351,54.25
20,2098,SILVERTUC,EQ,33108,10102,30.51
20,2099,SILVRETF,EQ,19172,12143,63.34
20,2100,SIMBHALS,EQ,36002,24209,67.24
20,2101,SINCLAIR,EQ,58850,42988,73.05
20,2102,SINDHUTRAD,EQ,1542288,1071689,69.49
20,2103,SINTERCOM,EQ,53472,42147,78.82
20,2104,SIRCA,EQ,97119,58310,60.04
20,2105,SIS,EQ,34065,18057,53.01
20,2106,SIYSIL,EQ,43882,23840,54.33
20,2107,SJLOGISTIC,SM,80500,53500,66.46
20,2108,SJS,EQ,198183,91592,46.22
20,2109,SJVN,EQ,18723285,6524292,34.85
20,2110,SKFINDIA,EQ,54021,17894,33.12
20,2111,SKIPPER,EQ,817624,416524,50.94
20,2112,SKIPPERPP,E1,7811,7034,90.05
20,2113,SKMEGGPROD,EQ,196130,66096,33.70
20,2114,SKP,SM,32000,25500,79.69
20,2115,SLONE,SM,136000,99200,72.94
20,2116,SMALLCAP,EQ,547032,457285,83.59
20,2117,SMCGLOBAL,EQ,260222,106435,40.90
20,2118,SMLISUZU,EQ,46436,26223,56.47
20,2119,SMLT,EQ,32080,18298,57.04
20,2120,SMSLIFE,EQ,58504,32367,55.32
20,2121,SMSPHARMA,EQ,540401,229560,42.48
20,2122,SNOWMAN,EQ,474148,273713,57.73
20,2123,SOBHA,EQ,235703,92893,39.41
20,2124,SOFTTECH,EQ,15510,6448,41.57
20,2125,SOLARA,EQ,119019,55776,46.86
20,2126,SOLARINDS,EQ,228167,115098,50.44
20,2127,SOLEX,SM,73400,39400,53.68
20,2128,SOMANYCERA,EQ,99136,38189,38.52
20,2129,SOMICONVEY,EQ,13187,7280,55.21
20,2130,SONACOMS,EQ,783966,403068,51.41
20,2131,SONAMAC,SM,53000,33000,62.26
20,2132,SONAMLTD,EQ,115775,95916,82.85
20,2133,SONATSOFTW,EQ,857025,359766,41.98
20,2134,SONUINFRA,SM,3000,3000,100.00
20,2135,SOTAC,SM,4800,3600,75.00
20,2136,SOTL,EQ,150561,74752,49.65
20,2137,SOUTHBANK,EQ,21743521,8036486,36.96
20,2138,SOUTHWEST,EQ,57359,20120,35.08
20,2139,SPAL,EQ,11445,3164,27.65
20,2140,SPANDANA,EQ,72514,42847,59.09
20,2141,SPARC,EQ,502771,352679,70.15
20,2142,SPCENET,EQ,1539186,962574,62.54
20,2143,SPECIALITY,EQ,88974,49634,55.78
20,2144,SPECTRUM,SM,3750,3250,86.67
20,2145,SPECTSTM,SM,39200,26400,67.35
20,2146,SPENCERS,EQ,285145,167465,58.73
20,2147,SPIC,EQ,606704,360391,59.40
20,2148,SPLIL,EQ,43498,32345,74.36
20,2149,SPLPETRO,EQ,69358,33899,48.88
20,2150,SPMLINFRA,EQ,125638,106300,84.61
20,2151,SPORTKING,EQ,5817,3488,59.96
20,2152,SPRL,ST,4000,4000,100.00
20,2153,SREEL,EQ,5494,2251,40.97
20,2154,SRF,EQ,351822,194772,55.36
20,2155,SRGHFL,EQ,14455,12816,88.66
20,2156,SRHHYPOLTD,EQ,37832,16384,43.31
20,2157,SRIVASAVI,SM,31000,19000,61.29
20,2158,SRM,EQ,30788,17864,58.02
20,2159,SSFL,SM,37000,27000,72.97
20,2160,SSWL,EQ,227802,144978,63.64
20,2161,STAR,EQ,321180,176848,55.06
20,2162,STARCEMENT,EQ,915491,462663,50.54
20,2163,STARHEALTH,EQ,616765,419402,68.00
20,2164,STARPAPER,EQ,18201,9614,52.82
20,2165,STCINDIA,EQ,111441,43562,39.09
20,2166,STEELCAS,EQ,8084,5564,68.83
20,2167,STEELCITY,EQ,47173,32093,68.03
20,2168,STEELXIND,EQ,1560312,754548,48.36
20,2169,STEL,EQ,49454,27913,56.44
20,2170,STERTOOLS,EQ,51419,20784,40.42
20,2171,STLTECH,EQ,1386333,581236,41.93
20,2172,STOVEKRAFT,EQ,72172,42753,59.24
20,2173,STYLAMIND,EQ,44160,24027,54.41
20,2174,STYRENIX,EQ,33115,19626,59.27
20,2175,SUBEXLTD,EQ,3774030,1687418,44.71
20,2176,SUBROS,EQ,72963,28854,39.55
20,2177,SUDARSCHEM,EQ,173433,74620,43.03
20,2178,SUKHJITS,EQ,2177,1219,55.99
20,2179,SULA,EQ,218114,137161,62.89
20,2180,SUMICHEM,EQ,13005897,1529956,11.76
20,2181,SUMMITSEC,EQ,6073,3403,56.03
20,2182,SUNCLAY,EQ,3805,1996,52.46
20,2183,SUNDARAM,EQ,2325657,1326170,57.02
20,2184,SUNDARMFIN,EQ,667947,305820,45.79
20,2185,SUNDARMHLD,EQ,346387,196774,56.81
20,2186,SUNDRMBRAK,EQ,73985,29811,40.29
20,2187,SUNDRMFAST,EQ,166892,134447,80.56
20,2188,SUNFLAG,EQ,258939,116470,44.98
20,2189,SUNPHARMA,EQ,2616438,1796590,68.67
20,2190,SUNREST,SM,38400,33600,87.50
20,2191,SUNTECK,EQ,672588,469638,69.83
20,2192,SUNTV,EQ,6460533,1353861,20.96
20,2193,SUPERHOUSE,EQ,3139,2047,65.21
20,2194,SUPRAJIT,EQ,77791,39041,50.19
20,2195,SUPREMEIND,EQ,116779,43245,37.03
20,2196,SUPREMEPWR,SM,570000,356000,62.46
20,2197,SUPRIYA,EQ,175196,77330,44.14
20,2198,SURAJEST,EQ,337475,152383,45.15
20,2199,SURANAT&P,EQ,423345,252230,59.58
20,2200,SURANI,SM,2200,2200,100.00
20,2201,SURYALAXMI,EQ,13017,10316,79.25
20,2202,SURYAROSNI,EQ,281297,132658,47.16
20,2203,SURYODAY,EQ,273819,145346,53.08
20,2204,SUTLEJTEX,EQ,64259,41560,64.68
20,2205,SUULD,EQ,65279,49113,75.24
20,2206,SUVEN,EQ,190611,142432,74.72
20,2207,SUVENPHAR,EQ,77281,42767,55.34
20,2208,SUVIDHAA,EQ,109540,78853,71.99
20,2209,SVLL,EQ,885,525,59.32
20,2210,SVPGLOB,EQ,31866,25734,80.76
20,2211,SWANENERGY,EQ,1223364,790502,64.62
20,2212,SWARAJ,SM,12000,10000,83.33
20,2213,SWARAJENG,EQ,8152,4249,52.12
20,2214,SWASTIK,SM,8400,7200,85.71
20,2215,SWELECTES,EQ,163922,84420,51.50
20,2216,SWSOLAR,EQ,1213744,592492,48.82
20,2217,SYMPHONY,EQ,262283,109886,41.90
20,2218,SYNCOMF,EQ,2181690,1369818,62.79
20,2219,SYNGENE,EQ,872542,305804,35.05
20,2220,SYNOPTICS,SM,3000,2400,80.00
20,2221,SYRMA,EQ,580568,333790,57.49
20,2222,SYSTANGO,SM,19200,15600,81.25
20,2223,TAC,SM,84000,56400,67.14
20,2224,TAINWALCHM,EQ,11945,6274,52.52
20,2225,TAJGVK,EQ,257690,104662,40.62
20,2226,TAKE,EQ,1235441,706207,57.16
20,2227,TALBROAUTO,EQ,129334,69058,53.40
20,2228,TANLA,EQ,662142,240096,36.26
20,2229,TARC,EQ,1736179,990013,57.02
20,2230,TARSONS,EQ,49860,28354,56.87
20,2231,TASTYBITE,EQ,1376,635,46.15
20,2232,TATACHEM,EQ,1614143,423467,26.23
20,2233,TATACOMM,EQ,373270,197042,52.79
20,2234,TATACONSUM,EQ,981637,529809,53.97
20,2235,TATAELXSI,EQ,64306,35113,54.60
20,2236,TATAGOLD,EQ,2326355,1971321,84.74
20,2237,TATAMOTORS,EQ,6618946,3476171,52.52
20,2238,TATAMTRDVR,EQ,1854941,1075828,58.00
20,2239,TATAPOWER,EQ,9560161,3459640,36.19
20,2240,TATASTEEL,EQ,39208456,13920091,35.50
20,2241,TATATECH,EQ,597485,329409,55.13
20,2242,TATSILV,EQ,1563405,988459,63.22
20,2243,TATVA,EQ,20816,11764,56.51
20,2244,TBOTEK,EQ,201068,137433,68.35
20,2245,TBZ,EQ,137140,81546,59.46
20,2246,TCHF30,NB,4,4,100.00
20,2247,TCI,EQ,21486,10556,49.13
20,2248,TCIEXP,EQ,51124,14993,29.33
20,2249,TCL,SM,135200,102400,75.74
20,2250,TCLCONS,EQ,54430,37213,68.37
20,2251,TCNSBRANDS,EQ,304412,81982,26.93
20,2252,TCPLPACK,EQ,7311,5707,78.06
20,2253,TCS,EQ,1801993,1251465,69.45
20,2254,TDPOWERSYS,EQ,836641,522604,62.46
20,2255,TEAMLEASE,EQ,45223,33783,74.70
20,2256,TECH,EQ,27819,15745,56.60
20,2257,TECHLABS,SM,22500,22000,97.78
20,2258,TECHM,EQ,1608944,1068602,66.42
20,2259,TECHNOE,EQ,398399,184216,46.24
20,2260,TEGA,EQ,110978,65801,59.29
20,2261,TEJASNET,EQ,305055,160395,52.58
20,2262,TEMBO,EQ,42011,6313,15.03
20,2263,TERASOFT,EQ,1737268,470163,27.06
20,2264,TEXINFRA,EQ,828018,297085,35.88
20,2265,TEXMOPIPES,EQ,79046,58984,74.62
20,2266,TEXRAIL,EQ,2226892,1281315,57.54
20,2267,TFCILTD,EQ,621569,428808,68.99
20,2268,TGBHOTELS,EQ,47184,24614,52.17
20,2269,TGL,SM,6000,6000,100.00
20,2270,THANGAMAYL,EQ,15456,12448,80.54
20,2271,THEINVEST,EQ,28764,7888,27.42
20,2272,THEJO,EQ,63688,11408,17.91
20,2273,THEMISMED,EQ,20218,11235,55.57
20,2274,THERMAX,EQ,482461,222371,46.09
20,2275,THOMASCOOK,EQ,877694,679378,77.40
20,2276,THYROCARE,EQ,30867,19475,63.09
20,2277,TI,EQ,602608,347799,57.72
20,2278,TIDEWATER,EQ,47957,22478,46.87
20,2279,TIIL,EQ,9514,7144,75.09
20,2280,TIINDIA,EQ,179124,107735,60.15
20,2281,TIMESCAN,SM,2000,2000,100.00
20,2282,TIMETECHNO,EQ,1482188,690417,46.58
20,2283,TIMKEN,EQ,1155685,214030,18.52
20,2284,TIPSFILMS,EQ,3222,2310,71.69
20,2285,TIPSINDLTD,EQ,153295,82986,54.13
20,2286,TIRUMALCHM,EQ,404462,215946,53.39
20,2287,TIRUPATI,SM,500,500,100.00
20,2288,TIRUPATIFL,EQ,299860,228155,76.09
20,2289,TITAGARH,EQ,933859,446595,47.82
20,2290,TITAN,EQ,548576,319317,58.21
20,2291,TMB,EQ,43407,26556,61.18
20,2292,TNIDETF,EQ,126728,106882,84.34
20,2293,TNPETRO,EQ,284120,142772,50.25
20,2294,TNPL,EQ,88109,49574,56.26
20,2295,TOKYOPLAST,EQ,17500,10771,61.55
20,2296,TORNTPHARM,EQ,210787,90357,42.87
20,2297,TORNTPOWER,EQ,1290287,762474,59.09
20,2298,TOTAL,EQ,8698,6020,69.21
20,2299,TOUCHWOOD,EQ,4864,4101,84.31
20,2300,TPLPLASTEH,EQ,458684,91557,19.96
20,2301,TRACXN,EQ,304393,187052,61.45
20,2302,TRANSTEEL,SM,116000,68000,58.62
20,2303,TREEHOUSE,EQ,25663,14653,57.10
20,2304,TREL,EQ,415712,204873,49.28
20,2305,TRENT,EQ,445558,256898,57.66
20,2306,TRIDENT,EQ,5755272,2595906,45.10
20,2307,TRIDHYA,SM,396000,234000,59.09
20,2308,TRIGYN,EQ,38219,19555,51.17
20,2309,TRITURBINE,EQ,622869,249638,40.08
20,2310,TRIVENI,EQ,230282,106652,46.31
20,2311,TRU,EQ,2551483,842467,33.02
20,2312,TRUST,SM,21600,21600,100.00
20,2313,TTKHLTCARE,EQ,7026,5870,83.55
20,2314,TTKPRESTIG,EQ,139701,24752,17.72
20,2315,TTL,EQ,7764,5133,66.11
20,2316,TTML,EQ,1549006,736717,47.56
20,2317,TV18BRDCST,EQ,2898423,1833761,63.27
20,2318,TVSELECT,EQ,63730,31570,49.54
20,2319,TVSHLTD,EQ,4691,1927,41.08
20,2320,TVSMOTOR,EQ,678357,231200,34.08
20,2321,TVSSCS,EQ,2896909,1157844,39.97
20,2322,TVSSRICHAK,EQ,23115,6566,28.41
20,2323,TVTODAY,EQ,142480,89815,63.04
20,2324,UBL,EQ,132590,44944,33.90
20,2325,UCAL,EQ,46406,23111,49.80
20,2326,UCOBANK,EQ,34211309,10404866,30.41
20,2327,UDAICEMENT,EQ,412430,243157,58.96
20,2328,UDS,EQ,502337,271848,54.12
20,2329,UFLEX,EQ,36729,18397,50.09
20,2330,UFO,EQ,164477,63654,38.70
20,2331,UGARSUGAR,EQ,122119,78043,63.91
20,2332,UGROCAP,EQ,214437,134293,62.63
20,2333,UJJIVANSFB,EQ,4029504,1754176,43.53
20,2334,ULTRACEMCO,EQ,403774,256238,63.46
20,2335,UMA,SM,16000,12000,75.00
20,2336,UMANGDAIRY,EQ,95185,57492,60.40
20,2337,UMESLTD,EQ,81192,66008,81.30
20,2338,UNICHEMLAB,EQ,19996,11239,56.21
20,2339,UNIDT,EQ,24614,17119,69.55
20,2340,UNIENTER,EQ,20454,15903,77.75
20,2341,UNIHEALTH,SM,5000,4000,80.00
20,2342,UNIONBANK,EQ,23175943,12449887,53.72
20,2343,UNIPARTS,EQ,166848,63322,37.95
20,2344,UNITEDPOLY,EQ,3498,2605,74.47
20,2345,UNITEDTEA,EQ,2916,2373,81.38
20,2346,UNIVCABLES,EQ,76369,35766,46.83
20,2347,UNIVPHOTO,EQ,567,343,60.49
20,2348,UNOMINDA,EQ,430394,174205,40.48
20,2349,UPL,EQ,2462629,1183120,48.04
20,2350,URBAN,SM,20800,18800,90.38
20,2351,URJA,EQ,2180881,1430729,65.60
20,2352,USHAMART,EQ,2297534,781604,34.02
20,2353,USK,EQ,334627,176302,52.69
20,2354,UTIAMC,EQ,76088,42398,55.72
20,2355,UTIBANKETF,EQ,114893,36866,32.09
20,2356,UTINEXT50,EQ,187260,42106,22.49
20,2357,UTINIFTETF,EQ,14537,11096,76.33
20,2358,UTISENSETF,EQ,322,275,85.40
20,2359,UTISXN50,EQ,8711,3748,43.03
20,2360,UTKARSHBNK,EQ,1340036,714547,53.32
20,2361,UTTAMSUGAR,EQ,39849,19754,49.57
20,2362,VADILALIND,EQ,23566,10967,46.54
20,2363,VAIBHAVGBL,EQ,242945,128135,52.74
20,2364,VAISHALI,EQ,90669,67759,74.73
20,2365,VAKRANGEE,EQ,5628194,2270807,40.35
20,2366,VALIANTLAB,EQ,120835,22932,18.98
20,2367,VALIANTORG,EQ,21334,12015,56.32
20,2368,VARDHACRLC,EQ,27710,17755,64.07
20,2369,VARDMNPOLY,EQ,552678,360968,65.31
20,2370,VARROC,EQ,448910,253976,56.58
20,2371,VASCONEQ,EQ,1008496,490313,48.62
20,2372,VBL,EQ,1607062,1227223,76.36
20,2373,VEDL,EQ,17930755,5606798,31.27
20,2374,VEEKAYEM,SM,3000,3000,100.00
20,2375,VENKEYS,EQ,18071,6333,35.05
20,2376,VENUSPIPES,EQ,65999,36321,55.03
20,2377,VENUSREM,EQ,30409,16752,55.09
20,2378,VERANDA,EQ,912031,482516,52.91
20,2379,VESUVIUS,EQ,17665,6790,38.44
20,2380,VETO,EQ,130839,65445,50.02
20,2381,VGUARD,EQ,506613,159836,31.55
20,2382,VHL,EQ,1303,513,39.37
20,2383,VIAZ,SM,14000,12000,85.71
20,2384,VIDHIING,EQ,28958,19612,67.73
20,2385,VIJAYA,EQ,2000873,429930,21.49
20,2386,VIKASECO,EQ,9623179,5687005,59.10
20,2387,VIKASLIFE,EQ,6460873,3773872,58.41
20,2388,VILINBIO,SM,16000,12000,75.00
20,2389,VIMTALABS,EQ,16644,8901,53.48
20,2390,VINATIORGA,EQ,49467,29773,60.19
20,2391,VINDHYATEL,EQ,13232,8234,62.23
20,2392,VINEETLAB,EQ,117229,67260,57.37
20,2393,VINNY,EQ,454718,340978,74.99
20,2394,VINSYS,SM,9500,8000,84.21
20,2395,VINYAS,SM,11000,7600,69.09
20,2396,VINYLINDIA,EQ,21196,13278,62.64
20,2397,VIPCLOTHNG,EQ,126934,99545,78.42
20,2398,VIPIND,EQ,790249,691356,87.49
20,2399,VIRINCHI,EQ,390264,217571,55.75
20,2400,VISAKAIND,EQ,146125,89943,61.55
20,2401,VISHNU,EQ,119859,65397,54.56
20,2402,VISHNUINFR,SM,27500,24500,89.09
20,2403,VISHWARAJ,EQ,397474,216405,54.45
20,2404,VISHWAS,SM,14400,12800,88.89
20,2405,VITAL,SM,2400,2400,100.00
20,2406,VIVIANA,SM,38000,31000,81.58
20,2407,VLSFINANCE,EQ,150575,71789,47.68
20,2408,VMARCIND,SM,54000,44000,81.48
20,2409,VMART,EQ,9816,5162,52.59
20,2410,VOLTAMP,EQ,21974,9927,45.18
20,2411,VOLTAS,EQ,914680,276454,30.22
20,2412,VPRPL,EQ,6973555,2283255,32.74
20,2413,VR,SM,3200,3200,100.00
20,2414,VRLLOG,EQ,55643,26306,47.28
20,2415,VSCL,ST,15000,15000,100.00
20,2416,VSSL,EQ,147694,71764,48.59
20,2417,VSTIND,EQ,12313,7093,57.61
20,2418,VSTTILLERS,EQ,3275,1727,52.73
20,2419,VTL,EQ,205151,95510,46.56
20,2420,WABAG,EQ,785793,246579,31.38
20,2421,WALCHANNAG,EQ,359933,249019,69.18
20,2422,WALPAR,SM,30000,30000,100.00
20,2423,WANBURY,EQ,94809,62522,65.95
20,2424,WEALTH,EQ,5897,3477,58.96
20,2425,WEIZMANIND,EQ,10075,6403,63.55
20,2426,WELCORP,EQ,602417,368530,61.18
20,2427,WELENT,EQ,1571323,553905,35.25
20,2428,WELINV,EQ,243,157,64.61
20,2429,WELSPUNLIV,EQ,787103,452783,57.53
20,2430,WENDT,EQ,2170,913,42.07
20,2431,WESTLIFE,EQ,26492,16040,60.55
20,2432,WHEELS,EQ,100647,52178,51.84
20,2433,WHIRLPOOL,EQ,334918,275110,82.14
20,2434,WILLAMAGOR,EQ,10552,7471,70.80
20,2435,WINDLAS,EQ,47892,27880,58.21
20,2436,WINDMACHIN,EQ,107459,73706,68.59
20,2437,WINSOL,ST,86400,80000,92.59
20,2438,WIPL,EQ,31106,16202,52.09
20,2439,WIPRO,EQ,7889063,5426219,68.78
20,2440,WOMANCART,SM,11200,8000,71.43
20,2441,WONDERLA,EQ,109140,63570,58.25
20,2442,WORTH,EQ,13504,10563,78.22
20,2443,WSI,EQ,136961,89626,65.44
20,2444,WSTCSTPAPR,EQ,128724,65410,50.81
20,2445,WTICAB,SM,80000,55000,68.75
20,2446,XCHANGING,EQ,283771,131842,46.46
20,2447,XPROINDIA,EQ,16837,13049,77.50
20,2448,YASHO,EQ,15519,9463,60.98
20,2449,YASHOPTICS,SM,54400,46400,85.29
20,2450,YATHARTH,EQ,466900,223861,47.95
20,2451,YATRA,EQ,381745,231637,60.68
20,2452,YCCL,SM,36000,30000,83.33
20,2453,YESBANK,EQ,152952386,49080111,32.09
20,2454,YUDIZ,SM,6400,4000,62.50
20,2455,YUKEN,EQ,58967,38190,64.77
20,2456,ZAGGLE,EQ,1154936,530096,45.90
20,2457,ZEAL,SM,4800,4800,100.00
20,2458,ZEEL,EQ,15404551,6941235,45.06
20,2459,ZEEMEDIA,EQ,5938886,1874180,31.56
20,2460,ZENITHDRUG,SM,14400,14400,100.00
20,2461,ZENITHEXPO,EQ,1984,1047,52.77
20,2462,ZENITHSTL,EQ,422824,231847,54.83
20,2463,ZENSARTECH,EQ,1683057,479986,28.52
20,2464,ZENTEC,EQ,284359,217778,76.59
20,2465,ZFCVINDIA,EQ,143131,17208,12.02
20,2466,ZIMLAB,EQ,180543,89307,49.47
20,2467,ZODIACLOTH,EQ,7215,4742,65.72
20,2468,ZOMATO,EQ,34444521,25725158,74.69
20,2469,ZOTA,EQ,9214,7552,81.96
20,2470,ZUARI,EQ,142939,74491,52.11
20,2471,ZUARIIND,EQ,46536,27990,60.15
20,2472,ZYDUSLIFE,EQ,1516739,816535,53.83
20,2473,ZYDUSWELL,EQ,33668,24745,73.50
