Security Wise Delivery Position - Compulsory Rolling Settlement
10,MTO,04092024,1667967481,0002449
Trade Date <04-SEP-2024>,Settlement Type <N>
Record Type,Sr No,Name of Security,Quantity Traded,Deliverable Quantity(gross across client level),% of Deliverable Quantity to Traded Quantity
20,1,0SCL26,YR,1,1,100.00
20,2,1003IIFL29,NC,10,10,100.00
20,3,1003ISFL28,N4,167,167,100.00
20,4,1015ECL29,NR,431,429,99.54
20,5,1018GS2026,GS,754,754,100.00
20,6,1025ICCL26,NT,100,100,100.00
20,7,1025NFL25,N5,11,11,100.00
20,8,1025SCL34,Z8,10,10,100.00
20,9,1025SCL34A,ZT,2,2,100.00
20,10,1030ICCL28,NM,3,3,100.00
20,11,1040UCL25,N4,40,40,100.00
20,12,1050NFL26,N7,443,443,100.00
20,13,105IIFL29,N7,45,45,100.00
20,14,1065NFL27,NC,1330,1170,87.97
20,15,10IIFL28,N4,490,300,61.22
20,16,10IIFL29,N6,5,5,100.00
20,17,10NIDO26,N6,478,478,100.00
20,18,10SCL30A,BV,6,6,100.00
20,19,1119NFL27,ND,5,5,100.00
20,20,182D031024,TB,100,100,100.00
20,21,182D051224,TB,4000,3000,75.00
20,22,182D230125,TB,100,100,100.00
20,23,182D281124,TB,200,200,100.00
20,24,182D300125,TB,100,100,100.00
20,25,20MICRONS,EQ,755362,249664,33.05
20,26,360ONE,EQ,557096,370742,66.55
20,27,364D020125,TB,14100,14100,100.00
20,28,364D030725,TB,1000,1000,100.00
20,29,364D051224,TB,4000,4000,100.00
20,30,364D141124,TB,9000,9000,100.00
20,31,364D240725,TB,100,100,100.00
20,32,364D260625,TB,3000,3000,100.00
20,33,364D280825,TB,9900,9900,100.00
20,34,364D311024,TB,100,100,100.00
20,35,3IINFOLTD,EQ,782061,430832,55.09
20,36,3MINDIA,EQ,13516,7931,58.68
20,37,574GS2026,GS,8,7,87.50
20,38,585GS2030,GS,190,100,52.63
20,39,5PAISA,EQ,44253,21883,49.45
20,40,63MOONS,EQ,471549,307223,65.15
20,41,654GS2032,GS,1,1,100.00
20,42,667GS2035,GS,50,50,100.00
20,43,667GS2050,GS,309,309,100.00
20,44,676GS2061,GS,5647,5647,100.00
20,45,68GS2060,GS,1999,1999,100.00
20,46,695GS2061,GS,300,300,100.00
20,47,699GS2026,GS,3677,3677,100.00
20,48,699GS2051,GS,10032,10016,99.84
20,49,702GS2027,GS,1001,1001,100.00
20,50,702GS2031,GS,3273,3271,99.94
20,51,704GS2029,GS,100,100,100.00
20,52,706GS2028,GS,709,709,100.00
20,53,710GS2029,GS,7501,7501,100.00
20,54,714NHAI26,N7,2,2,100.00
20,55,716GS2050,GS,2200,2200,100.00
20,56,717GS2030,GS,1,1,100.00
20,57,718GS2033,GS,6000,5550,92.50
20,58,718GS2037,GS,136048,126350,92.87
20,59,719HUDCO28,N7,15,15,100.00
20,60,71GS2034,GS,200,100,50.00
20,61,723GS2039,GS,2300,2000,86.96
20,62,725GJ26,SG,200,200,100.00
20,63,725GS2063,GS,23900,23900,100.00
20,64,726GS2032,GS,86301,86301,100.00
20,65,726GS2033,GS,42700,42700,100.00
20,66,727GS2026,GS,56000,56000,100.00
20,67,732GS2030,GS,1100,1100,100.00
20,68,733GS2026,GS,1000,900,90.00
20,69,734GS2064,GS,1805,1700,94.18
20,70,736GS2052,GS,3000,3000,100.00
20,71,736NTPC25D,NB,5,5,100.00
20,72,737GS2028,GS,1600,1600,100.00
20,73,738GS2027,GS,63497,55681,87.69
20,74,739NHAI26,N8,73,73,100.00
20,75,73GS2053,GS,1850,1850,100.00
20,76,740IIFCL33,N1,100,100,100.00
20,77,741GS2036,GS,8249,8249,100.00
20,78,746GS2073,GS,75,75,100.00
20,79,749KL45,SG,300,300,100.00
20,80,74GS2062,GS,200,100,50.00
20,81,752TN33,SG,700,500,71.43
20,82,753IRFC30,NJ,941,791,84.06
20,83,754GS2036,GS,486411,448992,92.31
20,84,756TN53A,SG,200,200,100.00
20,85,762NTPC35F,ND,158,157,99.37
20,86,764HUDCO31,N8,1,1,100.00
20,87,764IRFC31,NO,676,675,99.85
20,88,764NABAR31,N2,545,545,100.00
20,89,769HUDCO31,N9,301,301,100.00
20,90,769NHAI31,NE,200,200,100.00
20,91,76IGT26,ND,80,80,100.00
20,92,76NHAI31,NA,1202,1202,100.00
20,93,772GS2049,GS,17,17,100.00
20,94,777MN38,SG,100,100,100.00
20,95,797IGT31,NL,18,18,100.00
20,96,79NHIT35,N1,2736,2736,100.00
20,97,79NHIT40,N2,51,43,84.31
20,98,79NHIT47,N3,100,100,100.00
20,99,824GS2027,GS,3520,3020,85.80
20,100,825IIFL25,N7,19,19,100.00
20,101,829LTF24,NL,9,9,100.00
20,102,82GS2025,GS,2,1,50.00
20,103,82IGT31,NJ,244,244,100.00
20,104,830NHAI27,N2,149,149,100.00
20,105,835IFL25,NV,50,50,100.00
20,106,835SCL23,NN,16,16,100.00
20,107,83TCHF25,N6,43,42,97.67
20,108,842IIFL26,NL,3141,2520,80.23
20,109,843IHFL29,NC,100,100,100.00
20,110,846REC28,N6,109,109,100.00
20,111,847SCL25,Z2,18,18,100.00
20,112,849NTPC25,N7,24780,24780,100.00
20,113,84TCHF28,NA,101,101,100.00
20,114,850IIFL27,NA,100,100,100.00
20,115,85IFL26,NX,202,202,100.00
20,116,85IIFL25,NO,15,15,100.00
20,117,865IFL28,NZ,500,500,100.00
20,118,865IIFL28,NS,900,800,88.89
20,119,865IRFC29,NA,1,1,100.00
20,120,865TCAPS27,N8,57,54,94.74
20,121,86LTF24,NJ,96,96,100.00
20,122,871REC28,N9,350,350,100.00
20,123,875IHFL29,ND,142,142,100.00
20,124,875NHAI29,N6,1894,1894,100.00
20,125,875PCHFL26,N8,108,108,100.00
20,126,875SCL26,NQ,10,10,100.00
20,127,876HUDCO28,ND,100,100,100.00
20,128,87LTF27,NH,866,711,82.10
20,129,880IREDA29,N5,13,13,100.00
20,130,880IREDA34,N6,1,1,100.00
20,131,885TCAPS29,NC,190,100,52.63
20,132,888ERFL28,N5,5,5,100.00
20,133,888IRFC29,NE,540,540,100.00
20,134,88SCFL25,YZ,44,44,100.00
20,135,891IIFCL34,N4,203,203,100.00
20,136,893NHB29,N6,20,20,100.00
20,137,897MOFSL29,N4,161,161,100.00
20,138,898LTF29,N7,5,5,100.00
20,139,901HUDCO34,NE,501,400,79.84
20,140,901NHB34,N6,100,100,100.00
20,141,903SFL28,YI,7,7,100.00
20,142,905LTF27,NF,15,15,100.00
20,143,910TCAP28,NA,451,448,99.33
20,144,91D031024,TB,1400,1400,100.00
20,145,91D101024,TB,700,400,57.14
20,146,91D120924,TB,200,200,100.00
20,147,91D190924,TB,200,200,100.00
20,148,91D211124,TB,1200,1200,100.00
20,149,91D241024,TB,100,100,100.00
20,150,91D260924,TB,200,200,100.00
20,151,91D281124,TB,9400,9400,100.00
20,152,91D311024,TB,1100,1100,100.00
20,153,920PEL28,N2,135,135,100.00
20,154,925ERFL28,N6,212,212,100.00
20,155,925SCFL27,YA,6,6,100.00
20,156,925SCL25C,AR,29,29,100.00
20,157,925SCL27,YR,10,10,100.00
20,158,92GS2030,GS,99,99,100.00
20,159,92ICCL28,ND,6,6,100.00
20,160,930SFL28,YP,12,12,100.00
20,161,931SFL26,Z5,10,10,100.00
20,162,935LTF29,N5,830,830,100.00
20,163,935PEL33,N3,200,60,30.00
20,164,943ECL28,NJ,152,152,100.00
20,165,948SCL26,N9,12,12,100.00
20,166,948SCL26A,NN,2,2,100.00
20,167,948SCL26I,AX,52,52,100.00
20,168,94IFCI25,NL,564,564,100.00
20,169,94SFL28,YL,70,70,100.00
20,170,955SCL27,Z5,1,1,100.00
20,171,957ISFL26,N2,42,42,100.00
20,172,960CAGL25,N3,50,50,100.00
20,173,965SCL25B,Y1,1,1,100.00
20,174,96IIFL28,N5,3343,3143,94.02
20,175,96IIFL28A,NF,238,238,100.00
20,176,971SCL28I,BC,10,10,100.00
20,177,975NFL25,N0,30,15,50.00
20,178,97MOFSL34,N7,110,110,100.00
20,179,97SFL29,YZ,50,50,100.00
20,180,985ECL28,NK,315,315,100.00
20,181,990SCL26,N7,12,12,100.00
20,182,99IFCI24,NH,201,201,100.00
20,183,9IIFL28A,NT,1030,1030,100.00
20,184,9MMFSML,N2,1954,1900,97.24
20,185,9PCHFL31A,NA,52,52,100.00
20,186,AAATECH,EQ,107329,49173,45.82
20,187,AADHARHFC,EQ,1366308,838235,61.35
20,188,AAREYDRUGS,EQ,202217,123100,60.88
20,189,AARON,EQ,10442,3810,36.49
20,190,AARTECH,EQ,210067,111060,52.87
20,191,AARTIDRUGS,EQ,341736,206499,60.43
20,192,AARTIIND,EQ,2723971,977832,35.90
20,193,AARTIPHARM,EQ,296342,167680,56.58
20,194,AARTISURF,EQ,129619,108444,83.66
20,195,AARVI,EQ,12250,7897,64.47
20,196,AATMAJ,SM,12000,10000,83.33
20,197,AAVAS,EQ,291609,127141,43.60
20,198,ABAN,EQ,328947,216915,65.94
20,199,ABB,EQ,301420,172753,57.31
20,200,ABBOTINDIA,EQ,5342,2109,39.48
20,201,ABCAPITAL,EQ,2429811,984015,40.50
20,202,ABCOTS,SM,1000,500,50.00
20,203,ABDL,EQ,1100235,596697,54.23
20,204,ABFRL,EQ,3168705,1555541,49.09
20,205,ABGSEC,EQ,213,116,54.46
20,206,ABINFRA,SM,42000,40000,95.24
20,207,ABSLAMC,EQ,230533,132783,57.60
20,208,ABSLBANETF,EQ,100964,98117,97.18
20,209,ABSLLIQUID,EQ,639,506,79.19
20,210,ABSLNN50ET,EQ,18628,12280,65.92
20,211,ABSLPSE,EQ,148272,71495,48.22
20,212,ABSMARINE,SM,185000,120000,64.86
20,213,ACC,EQ,230090,101023,43.91
20,214,ACCELYA,EQ,11125,5323,47.85
20,215,ACCENTMIC,SM,7000,7000,100.00
20,216,ACCORD,SM,2000,2000,100.00
20,217,ACE,EQ,190638,114250,59.93
20,218,ACEINTEG,EQ,5790,3882,67.05
20,219,ACI,EQ,743954,397857,53.48
20,220,ACL,EQ,23558,11350,48.18
20,221,ACLGATI,EQ,504781,232037,45.97
20,222,ACSAL,SM,30000,30000,100.00
20,223,ADANIENSOL,EQ,1079051,381225,35.33
20,224,ADANIENT,EQ,1212270,390986,32.25
20,225,ADANIGREEN,EQ,794724,308027,38.76
20,226,ADANIPORTS,EQ,1122071,522189,46.54
20,227,ADANIPOWER,EQ,2484343,915336,36.84
20,228,ADFFOODS,EQ,480810,177877,37.00
20,229,ADL,EQ,13362,6331,47.38
20,230,ADORWELD,EQ,10366,6001,57.89
20,231,ADROITINFO,EQ,73423,44624,60.78
20,232,ADROITPP1,E1,39666,36564,92.18
20,233,ADSL,EQ,7120893,1194897,16.78
20,234,ADVANIHOTR,EQ,76287,40594,53.21
20,235,ADVENZYMES,EQ,266566,119272,44.74
20,236,AEGISLOG,EQ,455797,190170,41.72
20,237,AEROFLEX,EQ,573375,250298,43.65
20,238,AERON,ST,1817000,1814000,99.83
20,239,AESTHETIK,SM,306000,178000,58.17
20,240,AETHER,EQ,486004,127119,26.16
20,241,AFFLE,EQ,139166,76375,54.88
20,242,AFIL,EQ,199302,107753,54.07
20,243,AGARIND,EQ,26022,12993,49.93
20,244,AGARWALFT,ST,6000,6000,100.00
20,245,AGI,EQ,156145,95306,61.04
20,246,AGIIL,EQ,1177,707,60.07
20,247,AGNI,SM,27500,27500,100.00
20,248,AGRITECH,EQ,19259,12932,67.15
20,249,AGROPHOS,EQ,86691,25467,29.38
20,250,AGSTRA,EQ,946516,416132,43.96
20,251,AGUL,SM,2000,2000,100.00
20,252,AHL,EQ,439589,76431,17.39
20,253,AHLADA,EQ,75092,42696,56.86
20,254,AHLEAST,EQ,13653,11390,83.42
20,255,AHLUCONT,EQ,138153,88172,63.82
20,256,AIAENG,EQ,27687,15194,54.88
20,257,AIIL,EQ,35743,22207,62.13
20,258,AILIMITED,ST,6000,6000,100.00
20,259,AIMTRON,ST,64000,61600,96.25
20,260,AIROLAM,EQ,30769,14298,46.47
20,261,AIRTELPP,E1,43627,27356,62.70
20,262,AISL,SM,25200,18000,71.43
20,263,AJANTPHARM,EQ,228403,102771,45.00
20,264,AJMERA,EQ,30565,15407,50.41
20,265,AJOONI,EQ,7625205,4336027,56.86
20,266,AKANKSHA,ST,118000,116000,98.31
20,267,AKASH,EQ,42274,17792,42.09
20,268,AKG,EQ,47535,33413,70.29
20,269,AKI,EQ,76246,38761,50.84
20,270,AKIKO,SM,25600,19200,75.00
20,271,AKSHAR,EQ,6320461,3395205,53.72
20,272,AKSHARCHEM,EQ,11323,5343,47.19
20,273,AKSHOPTFBR,EQ,297231,169336,56.97
20,274,AKUMS,EQ,352387,204024,57.90
20,275,AKZOINDIA,EQ,13803,8144,59.00
20,276,ALANKIT,EQ,1121921,607986,54.19
20,277,ALBERTDAVD,EQ,53515,28696,53.62
20,278,ALEMBICLTD,EQ,2695825,1149647,42.65
20,279,ALICON,EQ,20383,11188,54.89
20,280,ALKALI,EQ,48328,31779,65.76
20,281,ALKEM,EQ,340294,221824,65.19
20,282,ALKYLAMINE,EQ,392897,102095,25.99
20,283,ALLCARGO,EQ,4979178,1723519,34.61
20,284,ALLETEC,SM,106800,63200,59.18
20,285,ALLSEC,EQ,30943,12075,39.02
20,286,ALOKINDS,EQ,38280358,5399664,14.11
20,287,ALPA,EQ,103779,46175,44.49
20,288,ALPEXSOLAR,ST,148000,135600,91.62
20,289,ALPHA,EQ,734817,492525,67.03
20,290,ALPHAETF,EQ,893313,768764,86.06
20,291,ALPL30IETF,EQ,1074259,586951,54.64
20,292,ALUWIND,ST,18000,18000,100.00
20,293,AMBANIORGO,SM,1000,1000,100.00
20,294,AMBER,EQ,47908,26980,56.32
20,295,AMBEY,SM,102000,66000,64.71
20,296,AMBICAAGAR,EQ,45195,17678,39.11
20,297,AMBIKCO,EQ,14477,7600,52.50
20,298,AMBUJACEM,EQ,2347174,1312972,55.94
20,299,AMDIND,EQ,65016,30782,47.35
20,300,AMEYA,SM,20000,12000,60.00
20,301,AMIORG,EQ,236364,122634,51.88
20,302,AMJUMBO,SM,32000,16000,50.00
20,303,AMNPLST,EQ,19904,8793,44.18
20,304,AMRUTANJAN,EQ,95152,18296,19.23
20,305,ANANDRATHI,EQ,19214,13027,67.80
20,306,ANANTRAJ,EQ,1165960,555359,47.63
20,307,ANDHRAPAP,EQ,75466,45155,59.83
20,308,ANDHRSUGAR,EQ,325524,154348,47.42
20,309,ANGELONE,EQ,529824,178447,33.68
20,310,ANLON,ST,2000,2000,100.00
20,311,ANNAPURNA,SM,134500,82000,60.97
20,312,ANUP,EQ,63966,33566,52.47
20,313,ANURAS,EQ,27428,14493,52.84
20,314,APARINDS,EQ,286387,231795,80.94
20,315,APCL,EQ,19123,10566,55.25
20,316,APCOTEXIND,EQ,103772,44552,42.93
20,317,APEX,EQ,185923,58795,31.62
20,318,APLAPOLLO,EQ,450219,255529,56.76
20,319,APLLTD,EQ,432870,147151,33.99
20,320,APOLLO,EQ,2571847,1291583,50.22
20,321,APOLLOHOSP,EQ,389768,234351,60.13
20,322,APOLLOPIPE,EQ,241573,72317,29.94
20,323,APOLLOTYRE,EQ,2143460,813833,37.97
20,324,APOLSINHOT,EQ,10840,5719,52.76
20,325,APRAMEYA,SM,78000,72000,92.31
20,326,APS,ST,48500,45000,92.78
20,327,APTECHT,EQ,405119,127663,31.51
20,328,APTUS,EQ,636188,327293,51.45
20,329,ARABIAN,SM,6000,6000,100.00
20,330,ARCHIES,EQ,2463919,1037233,42.10
20,331,ARE&M,EQ,437224,286583,65.55
20,332,ARHAM,SM,8000,7000,87.50
20,333,ARIES,EQ,68514,35214,51.40
20,334,ARIHANTACA,SM,3200,3200,100.00
20,335,ARIHANTCAP,EQ,7936331,2252303,28.38
20,336,ARIHANTSUP,EQ,41907,15989,38.15
20,337,ARISTO,SM,4800,4800,100.00
20,338,ARMANFIN,EQ,39652,29266,73.81
20,339,AROGRANITE,EQ,55222,38315,69.38
20,340,ARROWGREEN,EQ,89602,47456,52.96
20,341,ARTEMISMED,EQ,146429,77760,53.10
20,342,ARVIND,EQ,825200,194371,23.55
20,343,ARVINDFASN,EQ,1598260,869848,54.42
20,344,ARVSMART,EQ,147564,124559,84.41
20,345,ASAHIINDIA,EQ,597149,104864,17.56
20,346,ASAL,EQ,25256,8635,34.19
20,347,ASALCBR,EQ,40523,22421,55.33
20,348,ASHALOG,SM,61000,41000,67.21
20,349,ASHAPURMIN,EQ,343900,181839,52.88
20,350,ASHIANA,EQ,97413,39327,40.37
20,351,ASHOKA,EQ,1313215,501478,38.19
20,352,ASHOKAMET,EQ,58645,39932,68.09
20,353,ASHOKLEY,EQ,5452449,3191437,58.53
20,354,ASIANENE,EQ,176878,77709,43.93
20,355,ASIANHOTNR,EQ,737,359,48.71
20,356,ASIANPAINT,EQ,2379110,821649,34.54
20,357,ASIANTILES,EQ,1579065,687235,43.52
20,358,ASKAUTOLTD,EQ,476467,383079,80.40
20,359,ASMS,EQ,212119,107655,50.75
20,360,ASPINWALL,EQ,32041,10250,31.99
20,361,ASPIRE,SM,2000,2000,100.00
20,362,ASTEC,EQ,21432,12507,58.36
20,363,ASTERDM,EQ,1087775,690165,63.45
20,364,ASTRAL,EQ,256231,121768,47.52
20,365,ASTRAMICRO,EQ,246550,122024,49.49
20,366,ASTRAZEN,EQ,16781,4762,28.38
20,367,ASTRON,EQ,30650,19846,64.75
20,368,ATAM,EQ,134398,59120,43.99
20,369,ATFL,EQ,31467,17028,54.11
20,370,ATGL,EQ,4048064,2361040,58.33
20,371,ATL,EQ,233425,115715,49.57
20,372,ATMASTCO,ST,72000,66400,92.22
20,373,ATUL,EQ,64779,46986,72.53
20,374,AUBANK,EQ,5338608,1439644,26.97
20,375,AURDIS,SM,16500,13500,81.82
20,376,AURIONPRO,EQ,105368,66450,63.06
20,377,AUROIMPEX,SM,56000,43200,77.14
20,378,AUROPHARMA,EQ,1069656,695020,64.98
20,379,AURUMPP1,X1,36600,36600,100.00
20,380,AUTOAXLES,EQ,6313,3650,57.82
20,381,AUTOBEES,EQ,117186,63543,54.22
20,382,AUTOIETF,EQ,340181,231953,68.19
20,383,AUTOIND,EQ,228283,99137,43.43
20,384,AVADHSUGAR,EQ,108311,41031,37.88
20,385,AVALON,EQ,90120,45163,50.11
20,386,AVANTEL,EQ,507779,272122,53.59
20,387,AVANTIFEED,EQ,743745,217060,29.18
20,388,AVG,EQ,12624,7177,56.85
20,389,AVPINFRA,SM,102400,62400,60.94
20,390,AVROIND,EQ,84000,36848,43.87
20,391,AVSL,ST,1000,1000,100.00
20,392,AVTNPL,EQ,187889,88022,46.85
20,393,AWFIS,EQ,342166,88197,25.78
20,394,AWHCL,EQ,89196,54779,61.41
20,395,AWL,EQ,2872489,886656,30.87
20,396,AXISBANK,EQ,6527941,3901360,59.76
20,397,AXISBNKETF,EQ,30117,23659,78.56
20,398,AXISBPSETF,EQ,43639,32221,73.84
20,399,AXISCADES,EQ,421638,219860,52.14
20,400,AXISCETF,EQ,13472,6839,50.76
20,401,AXISGOLD,EQ,1238310,1148955,92.78
20,402,AXISHCETF,EQ,13799,7254,52.57
20,403,AXISILVER,EQ,47464,46242,97.43
20,404,AXISNIFTY,EQ,8875,7796,87.84
20,405,AXISTECETF,EQ,7492,6550,87.43
20,406,AXITA,EQ,46839559,18208996,38.88
20,407,AXSENSEX,EQ,1566,1367,87.29
20,408,AZAD,EQ,410384,179503,43.74
20,409,BABAFP,SM,12800,9600,75.00
20,410,BAGFILMS,EQ,2578749,1452951,56.34
20,411,BAHETI,SM,3750,2250,60.00
20,412,BAJAJ-AUTO,EQ,324246,222851,68.73
20,413,BAJAJCON,EQ,1297197,419332,32.33
20,414,BAJAJELEC,EQ,39772,22051,55.44
20,415,BAJAJFINSV,EQ,2634954,1254219,47.60
20,416,BAJAJHCARE,EQ,75075,37945,50.54
20,417,BAJAJHIND,EQ,21411587,8721601,40.73
20,418,BAJAJHLDNG,EQ,139699,36212,25.92
20,419,BAJEL,EQ,277891,122408,44.05
20,420,BAJFINANCE,EQ,886746,400080,45.12
20,421,BALAMINES,EQ,68736,31858,46.35
20,422,BALAXI,EQ,22840,7353,32.19
20,423,BALCO,SM,162000,104400,64.44
20,424,BALKRISHNA,EQ,698060,174797,25.04
20,425,BALKRISIND,EQ,390368,211941,54.29
20,426,BALMLAWRIE,EQ,234665,131515,56.04
20,427,BALRAMCHIN,EQ,2474848,825855,33.37
20,428,BALUFORGE,EQ,516817,210889,40.81
20,429,BANARBEADS,EQ,22805,6675,29.27
20,430,BANARISUG,EQ,7713,5452,70.69
20,431,BANCOINDIA,EQ,53305,28854,54.13
20,432,BANDHANBNK,EQ,19074638,10274320,53.86
20,433,BANG,EQ,40043,30961,77.32
20,434,BANKA,EQ,20599,13723,66.62
20,435,BANKBARODA,EQ,17943213,7907000,44.07
20,436,BANKBEES,EQ,622395,435438,69.96
20,437,BANKBETF,EQ,74632,68447,91.71
20,438,BANKETF,EQ,2278,2020,88.67
20,439,BANKETFADD,EQ,7589240,7511859,98.98
20,440,BANKIETF,EQ,390337,316805,81.16
20,441,BANKINDIA,EQ,4975266,2900305,58.29
20,442,BANKNIFTY1,EQ,44154,42507,96.27
20,443,BANSALWIRE,EQ,444768,187265,42.10
20,444,BANSWRAS,EQ,36478,25702,70.46
20,445,BARBEQUE,EQ,34516,15996,46.34
20,446,BASF,EQ,12350,7238,58.61
20,447,BASILIC,ST,85200,83700,98.24
20,448,BASML,EQ,1433979,776773,54.17
20,449,BATAINDIA,EQ,181540,104152,57.37
20,450,BAWEJA,SM,16800,12000,71.43
20,451,BAYERCROP,EQ,110801,97129,87.66
20,452,BBETF0432,EQ,1116,1009,90.41
20,453,BBL,EQ,24877,11107,44.65
20,454,BBNPNBETF,EQ,5132,5092,99.22
20,455,BBNPPGOLD,EQ,628,605,96.34
20,456,BBTC,EQ,576985,79733,13.82
20,457,BBTCL,EQ,3255,2545,78.19
20,458,BCLIND,EQ,956245,432330,45.21
20,459,BCONCEPTS,EQ,134057,53856,40.17
20,460,BDL,EQ,1504314,386890,25.72
20,461,BEACON,SM,84000,62000,73.81
20,462,BEARDSELL,EQ,66838,32869,49.18
20,463,BECTORFOOD,EQ,175184,84988,48.51
20,464,BEDMUTHA,EQ,13834,7407,53.54
20,465,BEL,EQ,17937646,6369346,35.51
20,466,BEML,EQ,2271152,335154,14.76
20,467,BEPL,EQ,7208347,2237615,31.04
20,468,BERGEPAINT,EQ,5339588,1057890,19.81
20,469,BESTAGRO,EQ,99631,41546,41.70
20,470,BETA,SM,10300,7400,71.84
20,471,BEWLTD,SM,1625,1375,84.62
20,472,BFINVEST,EQ,24016,13628,56.75
20,473,BFSI,EQ,540408,443273,82.03
20,474,BFUTILITIE,EQ,193964,95783,49.38
20,475,BHAGCHEM,EQ,183093,104882,57.28
20,476,BHAGERIA,EQ,142192,73602,51.76
20,477,BHAGYANGR,EQ,91011,32780,36.02
20,478,BHANDARI,EQ,443432,305071,68.80
20,479,BHARATFORG,EQ,1095011,446184,40.75
20,480,BHARATGEAR,EQ,21939,12369,56.38
20,481,BHARATRAS,EQ,3253,1371,42.15
20,482,BHARATWIRE,EQ,412992,232589,56.32
20,483,BHARTIARTL,EQ,5213811,3596883,68.99
20,484,BHARTIHEXA,EQ,246688,152134,61.67
20,485,BHEL,EQ,14798436,6590124,44.53
20,486,BHINVIT,IV,24873,20984,84.36
20,487,BIGBLOC,EQ,88301,44543,50.44
20,488,BIKAJI,EQ,845036,322744,38.19
20,489,BIL,EQ,9456,8171,86.41
20,490,BINANIIND,EQ,6777,4368,64.45
20,491,BIOCON,EQ,12159916,4283378,35.23
20,492,BIOFILCHEM,EQ,22907,15062,65.75
20,493,BIRDYS,ST,3600,3600,100.00
20,494,BIRET,RR,498105,483208,97.01
20,495,BIRLACABLE,EQ,44244,21930,49.57
20,496,BIRLACORPN,EQ,86620,52139,60.19
20,497,BLAL,EQ,166805,64628,38.74
20,498,BLISSGVS,EQ,1218782,513486,42.13
20,499,BLKASHYAP,EQ,976146,424402,43.48
20,500,BLS,EQ,11783950,2447266,20.77
20,501,BLSE,EQ,613839,193203,31.47
20,502,BLUEDART,EQ,15671,4349,27.75
20,503,BLUEJET,EQ,113500,60463,53.27
20,504,BLUEPEBBLE,SM,6400,4000,62.50
20,505,BLUESTARCO,EQ,423084,247758,58.56
20,506,BMETRICS,SM,2400,2000,83.33
20,507,BODALCHEM,EQ,1127887,556026,49.30
20,508,BOMDYEING,EQ,1245282,518664,41.65
20,509,BOROLTD,EQ,134611,63088,46.87
20,510,BORORENEW,EQ,207156,101598,49.04
20,511,BOROSCI,EQ,174213,87469,50.21
20,512,BOSCHLTD,EQ,16544,6645,40.17
20,513,BPCL,EQ,19416507,6715742,34.59
20,514,BRACEPORT,ST,177600,145600,81.98
20,515,BRIGADE,EQ,612560,415585,67.84
20,516,BRITANNIA,EQ,219283,139817,63.76
20,517,BRNL,EQ,45611,28883,63.32
20,518,BSE,EQ,755257,405931,53.75
20,519,BSE500IETF,EQ,155262,136600,87.98
20,520,BSHSL,EQ,20434,13430,65.72
20,521,BSL,EQ,20530,9521,46.38
20,522,BSLGOLDETF,EQ,422336,417795,98.92
20,523,BSLNIFTY,EQ,259966,191631,73.71
20,524,BSLSENETFG,EQ,1667,1284,77.02
20,525,BSOFT,EQ,4453478,1658487,37.24
20,526,BULKCORP,SM,34800,27600,79.31
20,527,BUTTERFLY,EQ,13723,7361,53.64
20,528,BVCL,EQ,28587,15312,53.56
20,529,CADSYS,SM,31500,17500,55.56
20,530,CALSOFT,EQ,67183,52820,78.62
20,531,CAMLINFINE,EQ,1843665,980411,53.18
20,532,CAMPUS,EQ,389440,163467,41.97
20,533,CAMS,EQ,335076,123486,36.85
20,534,CANARYS,ST,96000,72000,75.00
20,535,CANBK,EQ,28544684,14373240,50.35
20,536,CANFINHOME,EQ,467093,194581,41.66
20,537,CANTABIL,EQ,82858,32686,39.45
20,538,CAPACITE,EQ,1190711,465054,39.06
20,539,CAPITALSFB,EQ,55338,33534,60.60
20,540,CAPLIPOINT,EQ,381304,108246,28.39
20,541,CAPTRUST,EQ,63912,37280,58.33
20,542,CARBORUNIV,EQ,54226,23967,44.20
20,543,CARERATING,EQ,38861,20838,53.62
20,544,CARTRADE,EQ,190949,105389,55.19
20,545,CARYSIL,EQ,61797,31465,50.92
20,546,CASTROLIND,EQ,15590515,3970656,25.47
20,547,CBAZAAR,SM,16000,8000,50.00
20,548,CCL,EQ,9215550,541884,5.88
20,549,CDSL,EQ,1742516,689420,39.56
20,550,CEATLTD,EQ,214375,85593,39.93
20,551,CEIGALL,EQ,528786,253447,47.93
20,552,CELEBRITY,EQ,91968,55241,60.07
20,553,CELLECOR,SM,4740000,3216000,67.85
20,554,CELLO,EQ,50579,30189,59.69
20,555,CELLPOINT,SM,18000,12000,66.67
20,556,CENTENKA,EQ,66438,38903,58.56
20,557,CENTRALBK,EQ,2964534,1500860,50.63
20,558,CENTRUM,EQ,853439,286039,33.52
20,559,CENTUM,EQ,37154,14564,39.20
20,560,CENTURYPLY,EQ,108487,51900,47.84
20,561,CENTURYTEX,EQ,404053,185937,46.02
20,562,CERA,EQ,48958,21719,44.36
20,563,CESC,EQ,10255373,3564805,34.76
20,564,CGCL,EQ,356247,195271,54.81
20,565,CGPOWER,EQ,2436611,1724937,70.79
20,566,CGRAPHICS,SM,43200,30400,70.37
20,567,CHALET,EQ,295107,123115,41.72
20,568,CHAMBLFERT,EQ,3212660,1175211,36.58
20,569,CHAVDA,SM,233000,160000,68.67
20,570,CHEMBOND,EQ,12789,6189,48.39
20,571,CHEMCON,EQ,31382,14817,47.21
20,572,CHEMFAB,EQ,4954,2993,60.42
20,573,CHEMPLASTS,EQ,98016,58974,60.17
20,574,CHENNPETRO,EQ,408521,176222,43.14
20,575,CHETANA,SM,712000,484800,68.09
20,576,CHEVIOT,EQ,7134,4707,65.98
20,577,CHOICEIN,EQ,899843,236309,26.26
20,578,CHOLAFIN,EQ,1194449,858036,71.84
20,579,CHOLAHLDNG,EQ,722768,507147,70.17
20,580,CIEINDIA,EQ,434140,339017,78.09
20,581,CIFC28,NB,25,25,100.00
20,582,CIFCZC26,NF,1,1,100.00
20,583,CIGNITITEC,EQ,28553,23775,83.27
20,584,CINELINE,EQ,17371,12930,74.43
20,585,CINEVISTA,EQ,188053,117673,62.57
20,586,CIPLA,EQ,1019049,582968,57.21
20,587,CLEAN,EQ,152583,69679,45.67
20,588,CLEDUCATE,EQ,878504,387527,44.11
20,589,CLOUD,ST,242000,203000,83.88
20,590,CLSEL,EQ,383025,61547,16.07
20,591,CLSL,SM,80000,46000,57.50
20,592,CMMIPL,ST,48000,48000,100.00
20,593,CMNL,SM,49500,30000,60.61
20,594,CMRSL,SM,2400,2400,100.00
20,595,CMSINFO,EQ,1444458,1156460,80.06
20,596,COALINDIA,EQ,16783593,8559706,51.00
20,597,COASTCORP,EQ,38386,19943,51.95
20,598,COCHINSHIP,EQ,5200139,1067269,20.52
20,599,COFORGE,EQ,381230,139517,36.60
20,600,COLPAL,EQ,463430,361222,77.95
20,601,COMMITTED,SM,8000,6400,80.00
20,602,COMMOIETF,EQ,57768,32563,56.37
20,603,COMPUSOFT,EQ,100406,43543,43.37
20,604,COMSYN,EQ,50926,13107,25.74
20,605,CONCOR,EQ,2112938,1003293,47.48
20,606,CONCORDBIO,EQ,187257,84184,44.96
20,607,CONFIPET,EQ,1004834,399513,39.76
20,608,CONS,EQ,2669,2233,83.66
20,609,CONSOFINVT,EQ,50877,21892,43.03
20,610,CONSUMBEES,EQ,92758,69628,75.06
20,611,CONSUMIETF,EQ,19393,15377,79.29
20,612,CONTI,ST,49995,49995,100.00
20,613,CONTROLPR,EQ,364364,152509,41.86
20,614,COOLCAPS,SM,4750,4500,94.74
20,615,CORALFINAC,EQ,855333,393148,45.96
20,616,COROMANDEL,EQ,339834,222944,65.60
20,617,COSMOFIRST,EQ,92862,43349,46.68
20,618,CPS,SM,1800,1200,66.67
20,619,CPSEETF,EQ,6686121,3941866,58.96
20,620,CRAFTSMAN,EQ,78194,18167,23.23
20,621,CRAYONS,SM,61000,55000,90.16
20,622,CREATIVE,EQ,17295,10048,58.10
20,623,CREDITACC,EQ,242788,146323,60.27
20,624,CREST,EQ,60079,25192,41.93
20,625,CRISIL,EQ,36495,12682,34.75
20,626,CROMPTON,EQ,1321187,717304,54.29
20,627,CSBBANK,EQ,214156,151261,70.63
20,628,CSLFINANCE,EQ,367427,226579,61.67
20,629,CUB,EQ,4056028,1890002,46.60
20,630,CUMMINSIND,EQ,374494,223886,59.78
20,631,CYBERMEDIA,EQ,41660,16793,40.31
20,632,CYIENT,EQ,278360,165197,59.35
20,633,CYIENTDLM,EQ,172611,105702,61.24
20,634,DABUR,EQ,3104663,2289730,73.75
20,635,DALBHARAT,EQ,330319,206077,62.39
20,636,DALMIASUG,EQ,281121,80915,28.78
20,637,DAMODARIND,EQ,83829,31840,37.98
20,638,DANGEE,EQ,160390,109991,68.58
20,639,DATAMATICS,EQ,153531,74277,48.38
20,640,DATAPATTNS,EQ,257598,80344,31.19
20,641,DAVANGERE,EQ,3101849,1577101,50.84
20,642,DBCORP,EQ,114829,62071,54.06
20,643,DBL,EQ,233374,116097,49.75
20,644,DBOL,EQ,103332,51314,49.66
20,645,DBREALTY,EQ,1197242,668479,55.83
20,646,DBSTOCKBRO,EQ,16335,3519,21.54
20,647,DCAL,EQ,952861,383683,40.27
20,648,DCBBANK,EQ,1290293,849035,65.80
20,649,DCG,ST,70800,70800,100.00
20,650,DCMSHRIRAM,EQ,56551,26352,46.60
20,651,DCMSRIND,EQ,102695,57128,55.63
20,652,DCW,EQ,14740418,6508703,44.16
20,653,DECCANCE,EQ,10308,3961,38.43
20,654,DEEDEV,EQ,154183,47357,30.71
20,655,DEEM,SM,11000,10000,90.91
20,656,DEEPAKFERT,EQ,2932878,759140,25.88
20,657,DEEPAKNTR,EQ,649944,231297,35.59
20,658,DEEPENR,EQ,1660639,564400,33.99
20,659,DEEPINDS,EQ,1408563,307652,21.84
20,660,DELAPLEX,SM,71400,52800,73.95
20,661,DELHIVERY,EQ,2522057,2063393,81.81
20,662,DELTACORP,EQ,1212005,585726,48.33
20,663,DELTAMAGNT,EQ,12078,4925,40.78
20,664,DEN,EQ,1165144,571357,49.04
20,665,DENEERS,SM,6000,4200,70.00
20,666,DENORA,EQ,5849,3409,58.28
20,667,DENTALKART,SM,38500,37500,97.40
20,668,DESTINY,SM,111000,111000,100.00
20,669,DEVIT,EQ,49822,21987,44.13
20,670,DEVYANI,EQ,1712449,785344,45.86
20,671,DHAMPURSUG,EQ,894177,423154,47.32
20,672,DHANBANK,EQ,1478647,641964,43.42
20,673,DHANI,EQ,2631673,883593,33.58
20,674,DHANUKA,EQ,114072,52242,45.80
20,675,DHARIWAL,SM,42000,30000,71.43
20,676,DHARMAJ,EQ,114792,63596,55.40
20,677,DHTL,ST,12000,11200,93.33
20,678,DHUNINV,EQ,5699,2359,41.39
20,679,DIAMINESQ,EQ,14430,4336,30.05
20,680,DIAMONDYD,EQ,139308,82147,58.97
20,681,DIGIKORE,ST,3200,3200,100.00
20,682,DIL,EQ,744747,520848,69.94
20,683,DISHTV,EQ,15167948,8695460,57.33
20,684,DIVGIITTS,EQ,35797,23503,65.66
20,685,DIVISLAB,EQ,313543,156869,50.03
20,686,DIVOPPBEES,EQ,128074,106358,83.04
20,687,DIXON,EQ,411393,144714,35.18
20,688,DLF,EQ,1426084,711686,49.90
20,689,DLINKINDIA,EQ,1220844,324133,26.55
20,690,DMART,EQ,319841,199987,62.53
20,691,DMCC,EQ,26332,16534,62.79
20,692,DODLA,EQ,33917,19556,57.66
20,693,DOLATALGO,EQ,2744536,1236726,45.06
20,694,DOLLAR,EQ,44791,28373,63.35
20,695,DOLLEX,SM,8000,8000,100.00
20,696,DOMS,EQ,77654,37746,48.61
20,697,DPABHUSHAN,EQ,133939,51733,38.62
20,698,DPEL,SM,93000,60000,64.52
20,699,DPSCLTD,EQ,855423,499797,58.43
20,700,DPWIRES,EQ,20908,11796,56.42
20,701,DREAMFOLKS,EQ,71712,40482,56.45
20,702,DRONE,ST,111000,84000,75.68
20,703,DRREDDY,EQ,435494,303395,69.67
20,704,DRSDILIP,SM,3200,3200,100.00
20,705,DSSL,EQ,47639,21783,45.73
20,706,DTIL,EQ,31093,11115,35.75
20,707,DTL,SM,7200,6000,83.33
20,708,DUCOL,ST,68000,67200,98.82
20,709,DUCON,EQ,3089156,1413127,45.74
20,710,DUGLOBAL,SM,87500,82500,94.29
20,711,DURLAX,SM,88000,46000,52.27
20,712,DVL,EQ,35548,19087,53.69
20,713,DWARKESH,EQ,1304508,470574,36.07
20,714,DYCL,EQ,23734,12425,52.35
20,715,DYNAMATECH,EQ,14734,5516,37.44
20,716,DYNAMIC,SM,52000,36000,69.23
20,717,EASEMYTRIP,EQ,7061246,3458101,48.97
20,718,EBBETF0425,EQ,7826,6705,85.68
20,719,EBBETF0430,EQ,32657,32267,98.81
20,720,EBBETF0431,EQ,12896,10629,82.42
20,721,EBBETF0433,EQ,5849,4727,80.82
20,722,ECLERX,EQ,68872,45042,65.40
20,723,ECOSMOBLTY,EQ,32762919,9634437,29.41
20,724,EDELWEISS,EQ,12223205,4897549,40.07
20,725,EFACTOR,SM,13600,9600,70.59
20,726,EFFWA,SM,132800,81600,61.45
20,727,EFORCE,SM,28800,22800,79.17
20,728,EGOLD,EQ,2765,2325,84.09
20,729,EICHERMOT,EQ,476838,293121,61.47
20,730,EIDPARRY,EQ,507642,248790,49.01
20,731,EIFFL,EQ,22806,16837,73.83
20,732,EIHAHOTELS,EQ,70557,19204,27.22
20,733,EIHOTEL,EQ,255215,152403,59.72
20,734,EKC,EQ,1525068,305497,20.03
20,735,ELDEHSG,EQ,3468,3003,86.59
20,736,ELECON,EQ,212020,101859,48.04
20,737,ELECTCAST,EQ,2558017,1426944,55.78
20,738,ELGIEQUIP,EQ,183097,84158,45.96
20,739,ELIN,EQ,1700863,508348,29.89
20,740,EMAMILTD,EQ,390023,181972,46.66
20,741,EMAMIPAP,EQ,45106,25855,57.32
20,742,EMAMIREAL,EQ,66616,41622,62.48
20,743,EMBASSY,RR,1439569,1279261,88.86
20,744,EMBDL,EQ,6635716,2170687,32.71
20,745,EMCURE,EQ,221566,138594,62.55
20,746,EMIL,EQ,514431,258343,50.22
20,747,EMKAYTOOLS,SM,1500,1500,100.00
20,748,EMMBI,EQ,88193,51283,58.15
20,749,EMMIL,SM,281000,144000,51.25
20,750,EMSLIMITED,EQ,415304,180045,43.35
20,751,EMUDHRA,EQ,97092,47104,48.51
20,752,ENDURANCE,EQ,110987,90006,81.10
20,753,ENFUSE,ST,20400,15600,76.47
20,754,ENGINERSIN,EQ,2853357,1372859,48.11
20,755,ENIL,EQ,36856,19371,52.56
20,756,ENSER,SM,38000,28000,73.68
20,757,ENTERO,EQ,125752,108884,86.59
20,758,EPACK,EQ,703974,305098,43.34
20,759,EPIGRAL,EQ,93386,40216,43.06
20,760,EPL,EQ,2698374,1182709,43.83
20,761,EQUAL50ADD,EQ,5162,4637,89.83
20,762,EQUITASBNK,EQ,2875352,1484066,51.61
20,763,ERIS,EQ,322084,104003,32.29
20,764,EROSMEDIA,EQ,331479,207752,62.67
20,765,ESABINDIA,EQ,1595,845,52.98
20,766,ESAFSFB,EQ,516590,345551,66.89
20,767,ESCONET,ST,12000,12000,100.00
20,768,ESCORTS,EQ,67811,13868,20.45
20,769,ESFL,SM,840600,457200,54.39
20,770,ESG,EQ,182225,171291,94.00
20,771,ESILVER,EQ,7096,6425,90.54
20,772,ESPRIT,SM,184000,137600,74.78
20,773,ESSENTIA,EQ,7501007,5030695,67.07
20,774,ESTER,EQ,163001,73476,45.08
20,775,ETHOSLTD,EQ,55847,28836,51.63
20,776,EUROBOND,SM,11000,9000,81.82
20,777,EUROTEXIND,EQ,4691,3428,73.08
20,778,EVEREADY,EQ,238927,105373,44.10
20,779,EVERESTIND,EQ,15181,8052,53.04
20,780,EVINDIA,EQ,519014,426797,82.23
20,781,EXCELINDUS,EQ,163310,83769,51.29
20,782,EXIDEIND,EQ,3100314,2055325,66.29
20,783,EXPLEOSOL,EQ,17037,9870,57.93
20,784,EXXARO,EQ,45300,21216,46.83
20,785,FACT,EQ,1240112,262860,21.20
20,786,FAIRCHEMOR,EQ,16095,8341,51.82
20,787,FALCONTECH,SM,8400,7200,85.71
20,788,FAZE3Q,EQ,12922,7539,58.34
20,789,FCL,EQ,129725,75914,58.52
20,790,FCSSOFT,EQ,2272308,1301052,57.26
20,791,FDC,EQ,1390793,511700,36.79
20,792,FEDERALBNK,EQ,16570778,7556803,45.60
20,793,FEDFINA,EQ,259771,148327,57.10
20,794,FELIX,SM,111000,74500,67.12
20,795,FIDEL,SM,8000,5000,62.50
20,796,FIEMIND,EQ,123160,68321,55.47
20,797,FILATEX,EQ,1535325,501227,32.65
20,798,FINCABLES,EQ,113701,72014,63.34
20,799,FINEORG,EQ,19562,9621,49.18
20,800,FINIETF,EQ,433767,366709,84.54
20,801,FINOPB,EQ,268904,98502,36.63
20,802,FINPIPE,EQ,772444,347434,44.98
20,803,FIRSTCRY,EQ,637472,298912,46.89
20,804,FIVESTAR,EQ,519809,396090,76.20
20,805,FLAIR,EQ,55572,29763,53.56
20,806,FLUOROCHEM,EQ,75083,41705,55.55
20,807,FMCGIETF,EQ,592856,371916,62.73
20,808,FMGOETZE,EQ,81336,45698,56.18
20,809,FOCE,SM,4200,3000,71.43
20,810,FONEBOX,SM,4000,3000,75.00
20,811,FOODSIN,EQ,409194,187994,45.94
20,812,FORCAS,ST,934400,787200,84.25
20,813,FORCEMOT,EQ,23248,15034,64.67
20,814,FORTIS,EQ,1860454,1047534,56.31
20,815,FOSECOIND,EQ,1965,1091,55.52
20,816,FROG,SM,12800,9200,71.88
20,817,FSL,EQ,4675386,1114533,23.84
20,818,FUSION,EQ,189050,100832,53.34
20,819,GABRIEL,EQ,295303,128785,43.61
20,820,GAEL,EQ,1047564,484553,46.26
20,821,GAIL,EQ,10067531,5096910,50.63
20,822,GALAXYSURF,EQ,10325,5257,50.92
20,823,GANDHAR,EQ,360764,171708,47.60
20,824,GANDHITUBE,EQ,1261,778,61.70
20,825,GANECOS,EQ,54529,23911,43.85
20,826,GANESHBE,EQ,280654,153424,54.67
20,827,GANESHHOUC,EQ,38829,19315,49.74
20,828,GANGAFORGE,EQ,165931,134473,81.04
20,829,GANGESSECU,EQ,8608,3391,39.39
20,830,GARFIBRES,EQ,18278,11052,60.47
20,831,GATECH,EQ,68088227,52474132,77.07
20,832,GATEWAY,EQ,533577,340389,63.79
20,833,GEECEE,EQ,13096,6525,49.82
20,834,GEEKAYWIRE,EQ,1116184,604489,54.16
20,835,GENESYS,EQ,731990,271345,37.07
20,836,GENSOL,EQ,152843,89775,58.74
20,837,GENUSPAPER,EQ,639125,276847,43.32
20,838,GENUSPOWER,EQ,1530828,872217,56.98
20,839,GEOJITFSL,EQ,33564380,2605607,7.76
20,840,GESHIP,EQ,539389,293252,54.37
20,841,GFLLIMITED,EQ,73552,40534,55.11
20,842,GGBL,SM,96600,73200,75.78
20,843,GHCL,EQ,469233,232596,49.57
20,844,GHCLTEXTIL,EQ,193753,95895,49.49
20,845,GICHSGFIN,EQ,149653,53668,35.86
20,846,GICL,SM,225000,195000,86.67
20,847,GICRE,EQ,7151584,3531692,49.38
20,848,GILLANDERS,EQ,16200,12035,74.29
20,849,GILLETTE,EQ,45944,24143,52.55
20,850,GILT5YBEES,EQ,216711,143828,66.37
20,851,GINNIFILA,EQ,43029,26453,61.48
20,852,GIPCL,EQ,273352,124517,45.55
20,853,GIRIRAJ,SM,500,500,100.00
20,854,GKWLIMITED,EQ,1206,998,82.75
20,855,GLAND,EQ,254214,101744,40.02
20,856,GLAXO,EQ,92537,44431,48.01
20,857,GLENMARK,EQ,1386615,836682,60.34
20,858,GLOBAL,EQ,68433,29304,42.82
20,859,GLOBALPET,SM,7500,4500,60.00
20,860,GLOBUSSPR,EQ,350094,93403,26.68
20,861,GLOSTERLTD,EQ,3058,2623,85.78
20,862,GLS,EQ,156036,82994,53.19
20,863,GMBREW,EQ,65633,29782,45.38
20,864,GMDCLTD,EQ,395668,207845,52.53
20,865,GMMPFAUDLR,EQ,88684,50885,57.38
20,866,GMRINFRA,EQ,8262756,3728137,45.12
20,867,GMRP&UI,EQ,13418783,6976593,51.99
20,868,GNA,EQ,149156,86382,57.91
20,869,GNFC,EQ,2100887,1318228,62.75
20,870,GOACARBON,EQ,31197,10637,34.10
20,871,GOCLCORP,EQ,102787,53037,51.60
20,872,GOCOLORS,EQ,34483,23322,67.63
20,873,GODFRYPHLP,EQ,235491,80707,34.27
20,874,GODIGIT,EQ,2926126,1716223,58.65
20,875,GODREJAGRO,EQ,187927,85219,45.35
20,876,GODREJCP,EQ,517446,317058,61.27
20,877,GODREJIND,EQ,2628095,762467,29.01
20,878,GODREJPROP,EQ,326638,167011,51.13
20,879,GOKEX,EQ,63574,39264,61.76
20,880,GOKUL,EQ,125772,56269,44.74
20,881,GOKULAGRO,EQ,614661,134903,21.95
20,882,GOLD1,EQ,323526,276565,85.48
20,883,GOLDBEES,EQ,12546243,10700931,85.29
20,884,GOLDCASE,EQ,436928,429826,98.37
20,885,GOLDETF,EQ,86103,76522,88.87
20,886,GOLDETFADD,EQ,85527,69155,80.86
20,887,GOLDIAM,EQ,1351023,460270,34.07
20,888,GOLDIETF,EQ,1953656,1835708,93.96
20,889,GOLDSHARE,EQ,153265,138126,90.12
20,890,GOLDSTAR,SM,78750,56250,71.43
20,891,GOLDTECH,EQ,36298,18586,51.20
20,892,GOODLUCK,EQ,129107,54023,41.84
20,893,GOPAL,EQ,116997,76557,65.44
20,894,GOYALALUM,EQ,207090,121533,58.69
20,895,GOYALSALT,SM,14400,9600,66.67
20,896,GPECO,SM,50400,36000,71.43
20,897,GPIL,EQ,350834,169596,48.34
20,898,GPPL,EQ,4872524,1374521,28.21
20,899,GPTHEALTH,EQ,163556,77462,47.36
20,900,GRANULES,EQ,1916293,656768,34.27
20,901,GRAPHISAD,SM,14400,12000,83.33
20,902,GRAPHITE,EQ,589130,328476,55.76
20,903,GRASIM,EQ,1119041,618579,55.28
20,904,GRASIMPP1,E1,65774,64987,98.80
20,905,GRAVITA,EQ,289821,106731,36.83
20,906,GRCL,SM,1000,1000,100.00
20,907,GREAVESCOT,EQ,1149007,508617,44.27
20,908,GREENCHEF,SM,22400,16000,71.43
20,909,GREENLAM,EQ,14770,7396,50.07
20,910,GREENPANEL,EQ,433740,174669,40.27
20,911,GREENPLY,EQ,346942,154399,44.50
20,912,GREENPOWER,EQ,4649490,2961347,63.69
20,913,GRINDWELL,EQ,14827,6129,41.34
20,914,GRINFRA,EQ,64217,37158,57.86
20,915,GRMOVER,EQ,294036,103267,35.12
20,916,GROBTEA,EQ,1644,848,51.58
20,917,GROWWEV,EQ,1067601,840389,78.72
20,918,GRSE,EQ,2998200,629365,20.99
20,919,GRWRHITECH,EQ,95405,48475,50.81
20,920,GSEC10ABSL,EQ,909,907,99.78
20,921,GSEC10IETF,EQ,2361,2318,98.18
20,922,GSEC10YEAR,EQ,910,683,75.05
20,923,GSEC5IETF,EQ,16749,9193,54.89
20,924,GSFC,EQ,1611202,775836,48.15
20,925,GSLSU,EQ,706119,254963,36.11
20,926,GSMFOILS,ST,28000,24000,85.71
20,927,GSPL,EQ,4771825,1827954,38.31
20,928,GSTL,ST,55000,48000,87.27
20,929,GTL,EQ,755149,436354,57.78
20,930,GTLINFRA,EQ,155578302,75124176,48.29
20,931,GTPL,EQ,38501,19353,50.27
20,932,GUFICBIO,EQ,121104,51073,42.17
20,933,GUJALKALI,EQ,85186,36286,42.60
20,934,GUJGASLTD,EQ,3339043,1136886,34.05
20,935,GUJRAFFIA,EQ,12114,3201,26.42
20,936,GULFOILLUB,EQ,340707,152509,44.76
20,937,GULFPETRO,EQ,639352,279584,43.73
20,938,GULPOLY,EQ,573129,271104,47.30
20,939,GVPTECH,EQ,37872,26864,70.93
20,940,HAL,EQ,3164300,1025861,32.42
20,941,HAPPSTMNDS,EQ,388952,240976,61.96
20,942,HAPPYFORGE,EQ,18341,10706,58.37
20,943,HARDWYN,EQ,1588223,620212,39.05
20,944,HARIOMPIPE,EQ,138954,67447,48.54
20,945,HARRMALAYA,EQ,182237,83595,45.87
20,946,HARSHA,EQ,38476,18800,48.86
20,947,HATHWAY,EQ,4773381,2355116,49.34
20,948,HATSUN,EQ,40298,20227,50.19
20,949,HAVELLS,EQ,573554,284825,49.66
20,950,HAVISHA,EQ,30011,17634,58.76
20,951,HBLPOWER,EQ,1121306,463794,41.36
20,952,HCC,EQ,10942849,5251514,47.99
20,953,HCG,EQ,961602,519395,54.01
20,954,HCL-INSYS,EQ,318428,222691,69.93
20,955,HCLTECH,EQ,2644961,1906639,72.09
20,956,HDFCAMC,EQ,350915,222243,63.33
20,957,HDFCBANK,EQ,12341372,6268023,50.79
20,958,HDFCBSE500,EQ,38532,28654,74.36
20,959,HDFCGOLD,EQ,1558383,1219868,78.28
20,960,HDFCGROWTH,EQ,2366,1708,72.19
20,961,HDFCLIFE,EQ,3031650,1954765,64.48
20,962,HDFCLIQUID,EQ,2732,2631,96.30
20,963,HDFCLOWVOL,EQ,19337,9504,49.15
20,964,HDFCMID150,EQ,262153,182647,69.67
20,965,HDFCMOMENT,EQ,157693,60352,38.27
20,966,HDFCNEXT50,EQ,38166,31905,83.60
20,967,HDFCNIF100,EQ,65406,61389,93.86
20,968,HDFCNIFBAN,EQ,89760,77523,86.37
20,969,HDFCNIFIT,EQ,31005,26172,84.41
20,970,HDFCNIFTY,EQ,49500,41620,84.08
20,971,HDFCPSUBK,EQ,33533,31554,94.10
20,972,HDFCPVTBAN,EQ,64869,53945,83.16
20,973,HDFCQUAL,EQ,8989,7081,78.77
20,974,HDFCSENSEX,EQ,89768,57543,64.10
20,975,HDFCSILVER,EQ,485796,419238,86.30
20,976,HDFCSML250,EQ,415483,279800,67.34
20,977,HDFCVALUE,EQ,7850,6757,86.08
20,978,HEADSUP,EQ,33730,20068,59.50
20,979,HEALTHADD,EQ,1067,995,93.25
20,980,HEALTHIETF,EQ,148072,138116,93.28
20,981,HEALTHY,EQ,360283,223452,62.02
20,982,HEG,EQ,91728,43710,47.65
20,983,HEIDELBERG,EQ,342302,175216,51.19
20,984,HEMIPROP,EQ,614842,311858,50.72
20,985,HERANBA,EQ,190118,76064,40.01
20,986,HERCULES,EQ,88003,48689,55.33
20,987,HERITGFOOD,EQ,403193,283290,70.26
20,988,HEROMOTOCO,EQ,532554,228729,42.95
20,989,HESTERBIO,EQ,34890,6668,19.11
20,990,HEUBACHIND,EQ,171792,77650,45.20
20,991,HFCL,EQ,44839217,10473154,23.36
20,992,HGINFRA,EQ,89406,45661,51.07
20,993,HGS,EQ,385418,324606,84.22
20,994,HIGREEN,SM,734400,338400,46.08
20,995,HIKAL,EQ,265898,139925,52.62
20,996,HIL,EQ,7441,4004,53.81
20,997,HILTON,EQ,3363124,781162,23.23
20,998,HIMATSEIDE,EQ,908604,352640,38.81
20,999,HINDALCO,EQ,5816848,3079590,52.94
20,1000,HINDCOMPOS,EQ,24044,3504,14.57
20,1001,HINDCON,EQ,83003,33524,40.39
20,1002,HINDCOPPER,EQ,2993774,1354120,45.23
20,1003,HINDOILEXP,EQ,1582740,469494,29.66
20,1004,HINDPETRO,EQ,26837682,8862779,33.02
20,1005,HINDUNILVR,EQ,1640986,979094,59.66
20,1006,HINDWAREAP,EQ,89249,47006,52.67
20,1007,HINDZINC,EQ,2637897,1708057,64.75
20,1008,HIRECT,EQ,26963,18935,70.23
20,1009,HISARMETAL,EQ,5379,3342,62.13
20,1010,HITECH,EQ,777362,338999,43.61
20,1011,HITECHCORP,EQ,3941,2148,54.50
20,1012,HLEGLAS,EQ,69974,41519,59.33
20,1013,HLVLTD,EQ,780312,415938,53.30
20,1014,HMAAGRO,EQ,144814,83758,57.84
20,1015,HMVL,EQ,22769,13141,57.71
20,1016,HNDFDS,EQ,54230,33873,62.46
20,1017,HNGSNGBEES,EQ,66557,46112,69.28
20,1018,HOACFOODS,SM,6000,6000,100.00
20,1019,HOLMARC,SM,4500,4500,100.00
20,1020,HOMEFIRST,EQ,181925,113201,62.22
20,1021,HOMESFY,SM,600,600,100.00
20,1022,HONASA,EQ,1227940,276176,22.49
20,1023,HONAUT,EQ,2108,804,38.14
20,1024,HONDAPOWER,EQ,13423,3183,23.71
20,1025,HPAL,EQ,154628,95325,61.65
20,1026,HPIL,EQ,1376,347,25.22
20,1027,HPL,EQ,145134,75466,52.00
20,1028,HRHNEXT,SM,27000,27000,100.00
20,1029,HSCL,EQ,1084031,426462,39.34
20,1030,HTMEDIA,EQ,195500,112688,57.64
20,1031,HUDCO,EQ,7348737,3242126,44.12
20,1032,HUHTAMAKI,EQ,218435,151436,69.33
20,1033,IBLFL,SM,40000,36000,90.00
20,1034,ICEMAKE,EQ,12006,7202,59.99
20,1035,ICICIB22,EQ,1429056,1250731,87.52
20,1036,ICICIBANK,EQ,13505843,8181463,60.58
20,1037,ICICIGI,EQ,1189741,829259,69.70
20,1038,ICICIPRULI,EQ,1065130,514749,48.33
20,1039,ICIL,EQ,312407,153669,49.19
20,1040,ICRA,EQ,19302,8400,43.52
20,1041,IDBI,EQ,3803566,1718154,45.17
20,1042,IDEA,EQ,281283093,124141048,44.13
20,1043,IDEAFORGE,EQ,173372,70004,40.38
20,1044,IDEALTECHO,ST,217000,168000,77.42
20,1045,IDFC,EQ,5743809,3624590,63.10
20,1046,IDFCFIRSTB,EQ,25293580,9388875,37.12
20,1047,IDFNIFTYET,EQ,1357,942,69.42
20,1048,IEL,EQ,767408,411747,53.65
20,1049,IEML,SM,3000,2000,66.67
20,1050,IEX,EQ,18267154,5157336,28.23
20,1051,IFBIND,EQ,67664,33112,48.94
20,1052,IFCI,EQ,12169964,3248703,26.69
20,1053,IFCIZC24,NI,112,112,100.00
20,1054,IFGLEXPOR,EQ,7540,4073,54.02
20,1055,IGARASHI,EQ,175767,54376,30.94
20,1056,IGL,EQ,1464043,704983,48.15
20,1057,IGPL,EQ,55692,27139,48.73
20,1058,IIFL,EQ,1306514,604394,46.26
20,1059,IIFLSEC,EQ,4867284,1556776,31.98
20,1060,IIFLZC25A,NP,113,113,100.00
20,1061,IIFLZC28A,NU,1005,1005,100.00
20,1062,IIFLZC28B,Y1,1,1,100.00
20,1063,IIFLZC28C,N6,10,10,100.00
20,1064,IKIO,EQ,173167,99012,57.18
20,1065,IMAGICAA,EQ,2037452,800758,39.30
20,1066,IMC1,N0,21,21,100.00
20,1067,IMC1,N1,113,113,100.00
20,1068,IMC1,N2,25,25,100.00
20,1069,IMFA,EQ,44008,27387,62.23
20,1070,IMPAL,EQ,3199,1433,44.80
20,1071,INDBANK,EQ,107001,59427,55.54
20,1072,INDGN,EQ,268202,163386,60.92
20,1073,INDHOTEL,EQ,2878159,2231560,77.53
20,1074,INDIACEM,EQ,835452,518744,62.09
20,1075,INDIAGLYCO,EQ,100013,36900,36.90
20,1076,INDIAMART,EQ,838825,182879,21.80
20,1077,INDIANB,EQ,2182125,1435637,65.79
20,1078,INDIANCARD,EQ,11104,7056,63.54
20,1079,INDIANHUME,EQ,210676,66690,31.66
20,1080,INDIASHLTR,EQ,188052,80076,42.58
20,1081,INDIGO,EQ,1569180,1008031,64.24
20,1082,INDIGOPNTS,EQ,883203,148923,16.86
20,1083,INDIGRID,IV,3496250,3474374,99.37
20,1084,INDNIPPON,EQ,21063,12187,57.86
20,1085,INDOAMIN,EQ,3919514,851925,21.74
20,1086,INDOBORAX,EQ,701626,227081,32.36
20,1087,INDOCO,EQ,343329,155100,45.18
20,1088,INDORAMA,EQ,887685,396192,44.63
20,1089,INDOSTAR,EQ,197510,120301,60.91
20,1090,INDOTHAI,EQ,112687,71568,63.51
20,1091,INDRAMEDCO,EQ,583946,267901,45.88
20,1092,INDSWFTLTD,EQ,30596,19345,63.23
20,1093,INDTERRAIN,EQ,74953,34889,46.55
20,1094,INDUSINDBK,EQ,2919356,1553142,53.20
20,1095,INDUSTOWER,EQ,6147494,3755252,61.09
20,1096,INFIBEAM,EQ,8459994,3931865,46.48
20,1097,INFINIUM,SM,7500,6500,86.67
20,1098,INFOBEAN,EQ,34284,18135,52.90
20,1099,INFOLLION,ST,10400,10400,100.00
20,1100,INFRABEES,EQ,15948,10626,66.63
20,1101,INFRAIETF,EQ,78853,41387,52.49
20,1102,INFY,EQ,4778310,2861788,59.89
20,1103,INGERRAND,EQ,13666,5643,41.29
20,1104,INNOVACAP,EQ,53484,25795,48.23
20,1105,INNOVANA,SM,66000,41200,62.42
20,1106,INOXGREEN,EQ,1875118,912559,48.67
20,1107,INOXINDIA,EQ,143095,85980,60.09
20,1108,INOXWIND,EQ,6649327,3453910,51.94
20,1109,INSECTICID,EQ,39367,17427,44.27
20,1110,INTELLECT,EQ,100700,45453,45.14
20,1111,INTERARCH,EQ,473758,150105,31.68
20,1112,INTLCONV,EQ,99707,44943,45.08
20,1113,INVENTURE,EQ,12819244,6608675,51.55
20,1114,IOB,EQ,3892961,1608521,41.32
20,1115,IOC,EQ,23923887,8033531,33.58
20,1116,IOLCP,EQ,1395716,517887,37.11
20,1117,IONEXCHANG,EQ,370423,146763,39.62
20,1118,IPCALAB,EQ,517883,260723,50.34
20,1119,IPHL,ST,15600,15600,100.00
20,1120,IPL,EQ,599412,348146,58.08
20,1121,IRB,EQ,14437904,7442247,51.55
20,1122,IRBINVIT,IV,214162,211560,98.79
20,1123,IRCON,EQ,4202549,1411860,33.60
20,1124,IRCTC,EQ,1562616,1032897,66.10
20,1125,IREDA,EQ,8671698,4030932,46.48
20,1126,IRFC,EQ,12223757,5419586,44.34
20,1127,IRISDOREME,EQ,184843,85709,46.37
20,1128,IRMENERGY,EQ,72726,33077,45.48
20,1129,ISEC,EQ,631244,379311,60.09
20,1130,ISFT,EQ,537215,176645,32.88
20,1131,ISGEC,EQ,49200,28190,57.30
20,1132,ISHAN,ST,3264000,3072000,94.12
20,1133,IT,EQ,116630,75543,64.77
20,1134,ITALIANE,SM,52000,44000,84.62
20,1135,ITBEES,EQ,4627327,2572047,55.58
20,1136,ITC,EQ,8414967,5168191,61.42
20,1137,ITDC,EQ,25400,11206,44.12
20,1138,ITDCEM,EQ,382311,225748,59.05
20,1139,ITETF,EQ,219605,198393,90.34
20,1140,ITETFADD,EQ,25624,23873,93.17
20,1141,ITI,EQ,346457,104757,30.24
20,1142,ITIETF,EQ,1060796,778129,73.35
20,1143,IVZINGOLD,EQ,250,124,49.60
20,1144,IVZINNIFTY,EQ,18,16,88.89
20,1145,IXIGO,EQ,516257,218227,42.27
20,1146,JAGRAN,EQ,383646,249569,65.05
20,1147,JAGSNPHARM,EQ,263250,106236,40.36
20,1148,JAICORPLTD,EQ,623722,198667,31.85
20,1149,JAINAM,SM,12000,12000,100.00
20,1150,JAIPURKURT,EQ,32342,19008,58.77
20,1151,JALAN,SM,72000,69000,95.83
20,1152,JAMNAAUTO,EQ,2878067,2206408,76.66
20,1153,JASH,EQ,80464,69129,85.91
20,1154,JAYAGROGN,EQ,56106,29483,52.55
20,1155,JAYBARMARU,EQ,187978,83149,44.23
20,1156,JAYBEE,ST,2205000,2142000,97.14
20,1157,JAYNECOIND,EQ,402033,201071,50.01
20,1158,JAYSREETEA,EQ,864819,275459,31.85
20,1159,JBCHEPHARM,EQ,131096,66808,50.96
20,1160,JBMA,EQ,136102,39026,28.67
20,1161,JCHAC,EQ,101943,37391,36.68
20,1162,JGCHEM,EQ,1638600,528035,32.22
20,1163,JHS,EQ,1803152,1677400,93.03
20,1164,JINDALPHOT,EQ,13392,4473,33.40
20,1165,JINDALPOLY,EQ,66092,27525,41.65
20,1166,JINDALSAW,EQ,1186644,604929,50.98
20,1167,JINDALSTEL,EQ,1578965,720599,45.64
20,1168,JINDRILL,EQ,59978,36575,60.98
20,1169,JINDWORLD,EQ,191066,92474,48.40
20,1170,JIOFIN,EQ,22005759,7803868,35.46
20,1171,JISLDVREQS,EQ,42954,25493,59.35
20,1172,JISLJALEQS,EQ,2843753,1254273,44.11
20,1173,JITFINFRA,EQ,67827,25785,38.02
20,1174,JIWANRAM,SM,24000,24000,100.00
20,1175,J&KBANK,EQ,1587287,827640,52.14
20,1176,JKCEMENT,EQ,303921,116957,38.48
20,1177,JKIL,EQ,197931,114029,57.61
20,1178,JKLAKSHMI,EQ,129844,70339,54.17
20,1179,JKPAPER,EQ,457355,203662,44.53
20,1180,JKTYRE,EQ,2830093,1036160,36.61
20,1181,JLHL,EQ,61287,46183,75.36
20,1182,JMA,EQ,35766,15767,44.08
20,1183,JMFINANCIL,EQ,55994239,8545931,15.26
20,1184,JOCIL,EQ,157294,50218,31.93
20,1185,JPOLYINVST,EQ,8749,2816,32.19
20,1186,JPPOWER,EQ,21651193,10907986,50.38
20,1187,JSFB,EQ,313735,218769,69.73
20,1188,JSL,EQ,1293686,574286,44.39
20,1189,JSLL,SM,14400,13140,91.25
20,1190,JSWENERGY,EQ,2969254,1880393,63.33
20,1191,JSWHL,EQ,6462,2027,31.37
20,1192,JSWINFRA,EQ,1772987,1194805,67.39
20,1193,JSWSTEEL,EQ,3020790,1505070,49.82
20,1194,JTEKTINDIA,EQ,213032,95889,45.01
20,1195,JTLIND,EQ,906736,483597,53.33
20,1196,JUBLFOOD,EQ,595342,292231,49.09
20,1197,JUBLINDS,EQ,7387,3665,49.61
20,1198,JUBLINGREA,EQ,13960903,1139439,8.16
20,1199,JUBLPHARMA,EQ,556843,266882,47.93
20,1200,JUNIORBEES,EQ,201989,129080,63.90
20,1201,JUNIPER,EQ,170674,116789,68.43
20,1202,JUSTDIAL,EQ,317931,100421,31.59
20,1203,JWL,EQ,462840,280498,60.60
20,1204,JYOTHYLAB,EQ,444186,210564,47.40
20,1205,JYOTICNC,EQ,309347,209270,67.65
20,1206,JYOTISTRUC,EQ,3975702,2421482,60.91
20,1207,K2INFRA,ST,28800,26400,91.67
20,1208,KABRAEXTRU,EQ,29135,11681,40.09
20,1209,KAJARIACER,EQ,1154263,476861,41.31
20,1210,KAKATCEM,EQ,18666,10544,56.49
20,1211,KALAMANDIR,EQ,381062,201581,52.90
20,1212,KALYANKJIL,EQ,7164996,2068095,28.86
20,1213,KAMATHOTEL,EQ,55638,33172,59.62
20,1214,KAMDHENU,EQ,399086,156234,39.15
20,1215,KAMOPAINTS,EQ,11546593,4604879,39.88
20,1216,KANANIIND,EQ,443109,306356,69.14
20,1217,KANDARP,SM,4000,4000,100.00
20,1218,KANORICHEM,EQ,43887,25739,58.65
20,1219,KANPRPLA,EQ,19966,13437,67.30
20,1220,KANSAINER,EQ,2014829,884177,43.88
20,1221,KARNIKA,SM,12800,12000,93.75
20,1222,KARURVYSYA,EQ,1480639,706521,47.72
20,1223,KATARIA,SM,58800,37200,63.27
20,1224,KAYNES,EQ,515944,150781,29.22
20,1225,KCEIL,ST,42500,38500,90.59
20,1226,KCK,SM,2000,2000,100.00
20,1227,KCP,EQ,1980394,756460,38.20
20,1228,KDDL,EQ,11200,5848,52.21
20,1229,KDL,ST,2200,1900,86.36
20,1230,KEC,EQ,523215,177298,33.89
20,1231,KECL,EQ,253952,188096,74.07
20,1232,KEI,EQ,168231,78247,46.51
20,1233,KEL,SM,56400,54000,95.74
20,1234,KELLTONTEC,EQ,616375,312289,50.67
20,1235,KERNEX,EQ,227293,119629,52.63
20,1236,KESORAMIND,EQ,415363,188170,45.30
20,1237,KEYFINSERV,EQ,6859,3843,56.03
20,1238,KFINTECH,EQ,752797,506367,67.26
20,1239,KHADIM,EQ,70144,28021,39.95
20,1240,KHAICHEM,EQ,1055999,456066,43.19
20,1241,KHANDSE,EQ,28037,8202,29.25
20,1242,KHFM,SM,43400,12400,28.57
20,1243,KILITCH,EQ,3530,2200,62.32
20,1244,KIMS,EQ,258308,146519,56.72
20,1245,KINGFA,EQ,23964,9527,39.76
20,1246,KIOCL,EQ,35715,17420,48.78
20,1247,KIRIINDUS,EQ,416153,205910,49.48
20,1248,KIRLOSBROS,EQ,102086,60019,58.79
20,1249,KIRLOSENG,EQ,365131,211569,57.94
20,1250,KIRLOSIND,EQ,6604,5355,81.09
20,1251,KIRLPNU,EQ,86467,48330,55.89
20,1252,KITEX,EQ,3250016,865827,26.64
20,1253,KKCL,EQ,18635,10483,56.25
20,1254,KKVAPOW,SM,468,468,100.00
20,1255,KLL,SM,32000,22400,70.00
20,1256,KNAGRI,ST,8800,8000,90.91
20,1257,KNRCON,EQ,3753210,1315424,35.05
20,1258,KODYTECH,SM,5000,4000,80.00
20,1259,KOHINOOR,EQ,81624,54118,66.30
20,1260,KOKUYOCMLN,EQ,532542,199979,37.55
20,1261,KOLTEPATIL,EQ,161110,88897,55.18
20,1262,KONSTELEC,SM,52000,29000,55.77
20,1263,KONTOR,SM,16800,7200,42.86
20,1264,KOPRAN,EQ,3619855,532755,14.72
20,1265,KORE,ST,10000,9500,95.00
20,1266,KOTAKBANK,EQ,3192443,1645989,51.56
20,1267,KOTARISUG,EQ,312645,129071,41.28
20,1268,KOTHARIPET,EQ,452022,122626,27.13
20,1269,KOTYARK,SM,96900,62400,64.40
20,1270,KPIL,EQ,590672,402936,68.22
20,1271,KPITTECH,EQ,394125,228754,58.04
20,1272,KPRMILL,EQ,132398,66908,50.54
20,1273,KRBL,EQ,616782,299874,48.62
20,1274,KRISHANA,EQ,139162,96202,69.13
20,1275,KRISHCA,ST,53500,52500,98.13
20,1276,KRISHIVAL,SM,1500,1500,100.00
20,1277,KRISHNADEF,ST,17500,15500,88.57
20,1278,KRITI,EQ,35380,17367,49.09
20,1279,KRITIKA,EQ,1185068,1132549,95.57
20,1280,KRONOX,EQ,852830,402308,47.17
20,1281,KRSNAA,EQ,78902,37776,47.88
20,1282,KRYSTAL,EQ,606339,282285,46.56
20,1283,KSB,EQ,550860,306397,55.62
20,1284,KSCL,EQ,221577,85715,38.68
20,1285,KSL,EQ,60080,30766,51.21
20,1286,KSOLVES,EQ,18578,11468,61.73
20,1287,KTKBANK,EQ,2370589,1358992,57.33
20,1288,KTL,SM,42000,36000,85.71
20,1289,KUANTUM,EQ,46121,26884,58.29
20,1290,LAGNAM,EQ,17105,7637,44.65
20,1291,LAL,EQ,2502914,964464,38.53
20,1292,LALPATHLAB,EQ,339879,215165,63.31
20,1293,LAMBODHARA,EQ,34047,18423,54.11
20,1294,LANCORHOL,EQ,71813,21527,29.98
20,1295,LANDMARK,EQ,97898,43455,44.39
20,1296,LAOPALA,EQ,94262,62951,66.78
20,1297,LASA,EQ,159741,94507,59.16
20,1298,LATENTVIEW,EQ,237952,170380,71.60
20,1299,LAURUSLABS,EQ,2474724,940532,38.01
20,1300,LAWSIKHO,SM,12000,10500,87.50
20,1301,LAXMICOT,EQ,1248886,538326,43.10
20,1302,LAXMIMACH,EQ,31127,15355,49.33
20,1303,LEMERITE,SM,108800,64000,58.82
20,1304,LEMONTREE,EQ,5237153,2798593,53.44
20,1305,LEXUS,EQ,85124,37465,44.01
20,1306,LFIC,EQ,5014,1712,34.14
20,1307,LGBBROSLTD,EQ,44143,20833,47.19
20,1308,LIBAS,EQ,72028,45152,62.69
20,1309,LICHSGFIN,EQ,4494906,1277709,28.43
20,1310,LICI,EQ,978470,399777,40.86
20,1311,LICMFGOLD,EQ,357,289,80.95
20,1312,LICNETFGSC,EQ,11813,10007,84.71
20,1313,LICNETFN50,EQ,335,207,61.79
20,1314,LICNETFSEN,EQ,9,7,77.78
20,1315,LICNFNHGP,EQ,762,622,81.63
20,1316,LICNMID100,EQ,34259,27822,81.21
20,1317,LIKHITHA,EQ,127176,56661,44.55
20,1318,LINC,EQ,76151,43012,56.48
20,1319,LINCOLN,EQ,47707,28945,60.67
20,1320,LINDEINDIA,EQ,22311,10559,47.33
20,1321,LIQUID,EQ,193865,159121,82.08
20,1322,LIQUID1,EQ,231969,127114,54.80
20,1323,LIQUIDADD,EQ,505754,321109,63.49
20,1324,LIQUIDBEES,EQ,3407358,2428695,71.28
20,1325,LIQUIDBETF,EQ,134,66,49.25
20,1326,LIQUIDCASE,EQ,7581313,7358470,97.06
20,1327,LIQUIDETF,EQ,463572,405018,87.37
20,1328,LIQUIDIETF,EQ,422139,215593,51.07
20,1329,LIQUIDSBI,EQ,19290,19238,99.73
20,1330,LIQUIDSHRI,EQ,1890,1645,87.04
20,1331,LLOYDS,SM,4000,4000,100.00
20,1332,LLOYDSENGG,EQ,2844581,1411245,49.61
20,1333,LLOYDSME,EQ,400368,247253,61.76
20,1334,LODHA,EQ,748066,495561,66.25
20,1335,LOKESHMACH,EQ,25161,14813,58.87
20,1336,LORDSCHLO,EQ,31239,14023,44.89
20,1337,LOTUSEYE,EQ,114950,62131,54.05
20,1338,LOWVOL,EQ,678,567,83.63
20,1339,LOWVOL1,EQ,211475,200551,94.83
20,1340,LOWVOLIETF,EQ,1912515,1454965,76.08
20,1341,LOYALTEX,EQ,2710,1180,43.54
20,1342,LRRPL,ST,63000,60000,95.24
20,1343,LT,EQ,1930121,1335787,69.21
20,1344,LTF,EQ,3288369,1446031,43.97
20,1345,LTFOODS,EQ,1488568,579743,38.95
20,1346,LTGILTBEES,EQ,2146314,1648153,76.79
20,1347,LTIM,EQ,482013,241369,50.08
20,1348,LTTS,EQ,113111,30011,26.53
20,1349,LUMAXIND,EQ,6342,4185,65.99
20,1350,LUMAXTECH,EQ,64036,32672,51.02
20,1351,LUPIN,EQ,1807013,1027765,56.88
20,1352,LUXIND,EQ,308073,102740,33.35
20,1353,LXCHEM,EQ,2359104,811039,34.38
20,1354,LYKALABS,EQ,625153,299334,47.88
20,1355,MAANALU,EQ,68606,33572,48.93
20,1356,MACOBSTECH,SM,20800,16000,76.92
20,1357,MADHAV,EQ,33601,14986,44.60
20,1358,MADHAVBAUG,SM,3200,1600,50.00
20,1359,MADHUSUDAN,SM,8000,4000,50.00
20,1360,MADRASFERT,EQ,311006,103463,33.27
20,1361,MAFANG,EQ,1040208,661287,63.57
20,1362,MAGADSUGAR,EQ,42842,11062,25.82
20,1363,MAGNUM,EQ,149893,125529,83.75
20,1364,MAHABANK,EQ,4948186,2051464,41.46
20,1365,MAHESHWARI,EQ,35895,10554,29.40
20,1366,MAHICKRA,SM,11250,11250,100.00
20,1367,MAHKTECH,EQ,989420,802113,81.07
20,1368,MAHLIFE,EQ,292154,223283,76.43
20,1369,MAHLOG,EQ,59182,30678,51.84
20,1370,MAHSCOOTER,EQ,15956,8928,55.95
20,1371,MAHSEAMLES,EQ,317910,193523,60.87
20,1372,MAITHANALL,EQ,33822,19247,56.91
20,1373,MAITREYA,ST,95200,85600,89.92
20,1374,MAKEINDIA,EQ,30520,23874,78.22
20,1375,MAKS,ST,1500,1500,100.00
20,1376,MAL,SM,67200,17600,26.19
20,1377,MALLCOM,EQ,56459,26529,46.99
20,1378,MALUPAPER,EQ,32188,14649,45.51
20,1379,MANAKSIA,EQ,61480,34122,55.50
20,1380,MANAKSTEEL,EQ,36890,18549,50.28
20,1381,MANALIPETC,EQ,421866,170197,40.34
20,1382,MANAPPURAM,EQ,5978776,2598548,43.46
20,1383,MANCREDIT,EQ,36433,3509,9.63
20,1384,MANDEEP,ST,12000,12000,100.00
20,1385,MANGALAM,EQ,64792,30858,47.63
20,1386,MANGCHEFER,EQ,208451,117410,56.32
20,1387,MANGLMCEM,EQ,903093,237830,26.34
20,1388,MANINDS,EQ,232822,169399,72.76
20,1389,MANINFRA,EQ,1508299,663710,44.00
20,1390,MANKIND,EQ,418620,248001,59.24
20,1391,MANORAMA,EQ,22230,16304,73.34
20,1392,MANUGRAPH,EQ,47129,26937,57.16
20,1393,MANYAVAR,EQ,343392,238853,69.56
20,1394,MAPMYINDIA,EQ,146480,92747,63.32
20,1395,MARALOVER,EQ,36807,20968,56.97
20,1396,MARATHON,EQ,253167,142474,56.28
20,1397,MARCO,SM,39000,30000,76.92
20,1398,MARICO,EQ,2925734,1771787,60.56
20,1399,MARKSANS,EQ,7710288,2647502,34.34
20,1400,MARSHALL,EQ,105467,33379,31.65
20,1401,MARUTI,EQ,735076,518204,70.50
20,1402,MASFIN,EQ,200178,116562,58.23
20,1403,MASON,SM,68000,32000,47.06
20,1404,MASPTOP50,EQ,342056,217925,63.71
20,1405,MASTEK,EQ,1591203,766026,48.14
20,1406,MATRIMONY,EQ,281581,51445,18.27
20,1407,MAWANASUG,EQ,274059,110864,40.45
20,1408,MAXESTATES,EQ,221606,118382,53.42
20,1409,MAXHEALTH,EQ,1517929,1152525,75.93
20,1410,MAXIND,EQ,43435,24965,57.48
20,1411,MAXPOSURE,SM,18000,10000,55.56
20,1412,MAYURUNIQ,EQ,153763,94456,61.43
20,1413,MAZDA,EQ,9013,4516,50.11
20,1414,MAZDOCK,EQ,7969447,912442,11.45
20,1415,MBAPL,EQ,7182,3870,53.88
20,1416,MCL,EQ,113393,80097,70.64
20,1417,MCLEODRUSS,EQ,856161,345465,40.35
20,1418,MCON,ST,3000,3000,100.00
20,1419,MCX,EQ,707129,147589,20.87
20,1420,MDL,SM,4000,4000,100.00
20,1421,MEDANTA,EQ,1059295,845845,79.85
20,1422,MEDIASSIST,EQ,3009412,574839,19.10
20,1423,MEDICAMEQ,EQ,34721,18868,54.34
20,1424,MEDIORG,SM,88000,68000,77.27
20,1425,MEDPLUS,EQ,1183073,499351,42.21
20,1426,MEGASOFT,EQ,497239,288442,58.01
20,1427,MEGASTAR,EQ,3531,2348,66.50
20,1428,MEGATHERM,ST,16400,13600,82.93
20,1429,MENONBE,EQ,54850,37622,68.59
20,1430,METALIETF,EQ,2840811,1566753,55.15
20,1431,METROBRAND,EQ,801449,313106,39.07
20,1432,METROPOLIS,EQ,78395,25764,32.86
20,1433,MFSL,EQ,1695933,871023,51.36
20,1434,MGL,EQ,619282,246086,39.74
20,1435,MHHL,SM,18000,12000,66.67
20,1436,MHLXMIRU,EQ,14572,10074,69.13
20,1437,MHRIL,EQ,225679,91949,40.74
20,1438,MICROPRO,SM,3200,3200,100.00
20,1439,MID150BEES,EQ,313577,187693,59.86
20,1440,MID150CASE,EQ,238510,171527,71.92
20,1441,MIDCAP,EQ,23421,12797,54.64
20,1442,MIDCAPETF,EQ,1149814,940230,81.77
20,1443,MIDCAPIETF,EQ,827048,446857,54.03
20,1444,MIDHANI,EQ,509617,227534,44.65
20,1445,MIDQ50ADD,EQ,15582,15081,96.78
20,1446,MIDSELIETF,EQ,1057207,679659,64.29
20,1447,MIDSMALL,EQ,235656,177788,75.44
20,1448,MIEL,SM,188000,128000,68.09
20,1449,MINDACORP,EQ,1473336,386124,26.21
20,1450,MINDSPACE,RR,83723,72225,86.27
20,1451,MIRZAINT,EQ,82853,50498,60.95
20,1452,MITCON,EQ,6561,3949,60.19
20,1453,MITCONPP,E1,1898,1898,100.00
20,1454,MITTAL,EQ,886057,677008,76.41
20,1455,M&M,EQ,1697000,1047225,61.71
20,1456,M&MFIN,EQ,3256335,1359149,41.74
20,1457,MMFL,EQ,18838,13154,69.83
20,1458,MMTC,EQ,3154593,1023021,32.43
20,1459,MNC,EQ,23782,14099,59.28
20,1460,MODEFENCE,EQ,226462,179298,79.17
20,1461,MODIRUBBER,EQ,17628,11622,65.93
20,1462,MODISONLTD,EQ,362900,150748,41.54
20,1463,MOGSEC,EQ,5013,3114,62.12
20,1464,MOHEALTH,EQ,52360,44656,85.29
20,1465,MOIL,EQ,2164273,572802,26.47
20,1466,MOKSH,EQ,7769575,2352461,30.28
20,1467,MOL,EQ,6483171,2764184,42.64
20,1468,MOLDTECH,EQ,241201,133937,55.53
20,1469,MOLDTKPAC,EQ,101304,56260,55.54
20,1470,MOLOWVOL,EQ,39856,39155,98.24
20,1471,MOM100,EQ,280365,126585,45.15
20,1472,MOM30IETF,EQ,1455876,888409,61.02
20,1473,MOM50,EQ,2683,2436,90.79
20,1474,MOMENTUM,EQ,91506,54954,60.06
20,1475,MOMOMENTUM,EQ,100012,85039,85.03
20,1476,MON100,EQ,1363689,946858,69.43
20,1477,MONARCH,EQ,199173,67875,34.08
20,1478,MONIFTY500,EQ,214615,172513,80.38
20,1479,MONQ50,EQ,109328,92821,84.90
20,1480,MONTECARLO,EQ,20601,11269,54.70
20,1481,MOQUALITY,EQ,4034,3220,79.82
20,1482,MOREALTY,EQ,176643,160387,90.80
20,1483,MOREPENLAB,EQ,89489590,19814711,22.14
20,1484,MOS,SM,1068000,515200,48.24
20,1485,MOSMALL250,EQ,1131391,864172,76.38
20,1486,MOTHERSON,EQ,12499315,7747602,61.98
20,1487,MOTILALOFS,EQ,1844605,750810,40.70
20,1488,MOTISONS,EQ,961689,343428,35.71
20,1489,MOTOGENFIN,EQ,15571,6353,40.80
20,1490,MOVALUE,EQ,139250,112438,80.75
20,1491,MOXSH,ST,6400,5600,87.50
20,1492,MPHASIS,EQ,1012802,465850,46.00
20,1493,MPSLTD,EQ,16885,9814,58.12
20,1494,MRF,EQ,4118,1768,42.93
20,1495,MRO-TEK,EQ,239881,148744,62.01
20,1496,MRPL,EQ,1324493,571175,43.12
20,1497,MSPL,EQ,734635,467995,63.70
20,1498,MSTCLTD,EQ,375157,164161,43.76
20,1499,MSUMI,EQ,1837537,1196865,65.13
20,1500,MTARTECH,EQ,126804,49809,39.28
20,1501,MTNL,EQ,5978954,1741108,29.12
20,1502,MUFIN,EQ,42624,22146,51.96
20,1503,MUFTI,EQ,129407,77376,59.79
20,1504,MUKANDLTD,EQ,137800,70155,50.91
20,1505,MUKKA,EQ,725780,369966,50.97
20,1506,MUKTAARTS,EQ,52798,36782,69.67
20,1507,MUNJALAU,EQ,4552565,909299,19.97
20,1508,MUNJALSHOW,EQ,422169,181510,42.99
20,1509,MURUDCERA,EQ,100476,55500,55.24
20,1510,MUTHOOTCAP,EQ,27586,13303,48.22
20,1511,MUTHOOTFIN,EQ,309329,166248,53.74
20,1512,MUTHOOTMF,EQ,159681,55183,34.56
20,1513,MVGJL,EQ,768335,267351,34.80
20,1514,MVKAGRO,SM,36000,32400,90.00
20,1515,MWL,SM,3600,2400,66.67
20,1516,NACLIND,EQ,3142555,834325,26.55
20,1517,NAGAFERT,EQ,562704,307791,54.70
20,1518,NAHARCAP,EQ,43936,16989,38.67
20,1519,NAHARINDUS,EQ,105136,50355,47.90
20,1520,NAHARSPING,EQ,41258,17584,42.62
20,1521,NAMAN,SM,59200,44800,75.68
20,1522,NAM-INDIA,EQ,385421,189241,49.10
20,1523,NATCOPHARM,EQ,873330,371006,42.48
20,1524,NATIONALUM,EQ,9456552,4425273,46.80
20,1525,NAUKRI,EQ,158723,72862,45.91
20,1526,NAVA,EQ,433528,183290,42.28
20,1527,NAVINFLUOR,EQ,87645,34694,39.58
20,1528,NAVINIFTY,EQ,724,253,34.94
20,1529,NAVKARCORP,EQ,455983,186787,40.96
20,1530,NAVNETEDUL,EQ,284390,198691,69.87
20,1531,NAZARA,EQ,1688114,748489,44.34
20,1532,NBCC,EQ,15863146,4520335,28.50
20,1533,NCC,EQ,2519667,1437685,57.06
20,1534,NCLIND,EQ,140127,81364,58.06
20,1535,NDL,EQ,616619,416941,67.62
20,1536,NDLVENTURE,EQ,8328,4992,59.94
20,1537,NDRAUTO,EQ,24329,11217,46.11
20,1538,NDRINVIT,IV,400000,400000,100.00
20,1539,NDTV,EQ,121698,70035,57.55
20,1540,NECLIFE,EQ,2575139,799019,31.03
20,1541,NELCAST,EQ,35248,20333,57.69
20,1542,NELCO,EQ,88219,43284,49.06
20,1543,NEOGEN,EQ,41066,28397,69.15
20,1544,NEPHROCARE,SM,25600,19200,75.00
20,1545,NESCO,EQ,117792,61045,51.82
20,1546,NESTLEIND,EQ,502943,315262,62.68
20,1547,NETF,EQ,4206,2294,54.54
20,1548,NETWEB,EQ,105213,57619,54.76
20,1549,NETWORK18,EQ,3390910,1328339,39.17
20,1550,NEULANDLAB,EQ,33033,20664,62.56
20,1551,NEWGEN,EQ,101487,56663,55.83
20,1552,NEWJAISA,SM,40500,31500,77.78
20,1553,NEXT50,EQ,13127,9803,74.68
20,1554,NEXT50IETF,EQ,264217,170499,64.53
20,1555,NFL,EQ,2311634,476607,20.62
20,1556,NGIL,EQ,46510,6821,14.67
20,1557,NGLFINE,EQ,4334,2694,62.16
20,1558,NH,EQ,218490,120856,55.31
20,1559,NHIT,IV,400000,400000,100.00
20,1560,NHPC,EQ,19437901,7276305,37.43
20,1561,NIACL,EQ,738721,371046,50.23
20,1562,NIBL,EQ,20552,10457,50.88
20,1563,NIDAN,SM,23000,21000,91.30
20,1564,NIF100BEES,EQ,110915,99675,89.87
20,1565,NIF100IETF,EQ,171929,127268,74.02
20,1566,NIF10GETF,EQ,1734,1223,70.53
20,1567,NIF5GETF,EQ,47,46,97.87
20,1568,NIFITETF,EQ,2087,1867,89.46
20,1569,NIFMID150,EQ,1225,1197,97.71
20,1570,NIFTY1,EQ,17645,13422,76.07
20,1571,NIFTY50ADD,EQ,7241,6029,83.26
20,1572,NIFTYBEES,EQ,3292407,2372923,72.07
20,1573,NIFTYBETF,EQ,1455,995,68.38
20,1574,NIFTYETF,EQ,73330,61867,84.37
20,1575,NIFTYIETF,EQ,549963,351002,63.82
20,1576,NIFTYQLITY,EQ,21392,15513,72.52
20,1577,NIITLTD,EQ,9150462,2982311,32.59
20,1578,NIITMTS,EQ,386560,92383,23.90
20,1579,NILAINFRA,EQ,1023561,613189,59.91
20,1580,NILKAMAL,EQ,6421,3915,60.97
20,1581,NINSYS,EQ,3459,2209,63.86
20,1582,NIPPOBATRY,EQ,8309,5492,66.10
20,1583,NIRAJ,EQ,164137,64155,39.09
20,1584,NIRAJISPAT,EQ,893,893,100.00
20,1585,NIRMAN,ST,13800,13200,95.65
20,1586,NITCO,EQ,187050,102320,54.70
20,1587,NITINSPIN,EQ,134707,63169,46.89
20,1588,NITIRAJ,EQ,20715,8525,41.15
20,1589,NKIND,EQ,2028,1353,66.72
20,1590,NLCINDIA,EQ,1341688,630048,46.96
20,1591,NMDC,EQ,10341353,5594776,54.10
20,1592,NOCIL,EQ,294241,165315,56.18
20,1593,NORBTEAEXP,EQ,22566,19989,88.58
20,1594,NPBET,EQ,423,417,98.58
20,1595,NPST,SM,9100,6400,70.33
20,1596,NRAIL,EQ,15691,14553,92.75
20,1597,NRBBEARING,EQ,102150,77130,75.51
20,1598,NRL,EQ,261093,110727,42.41
20,1599,NSIL,EQ,7720,3318,42.98
20,1600,NSLNISP,EQ,14897588,3136557,21.05
20,1601,NTPC,EQ,11052003,6130258,55.47
20,1602,NUCLEUS,EQ,16959,9914,58.46
20,1603,NURECA,EQ,393659,121386,30.84
20,1604,NUVAMA,EQ,100555,43955,43.71
20,1605,NUVOCO,EQ,250099,141417,56.54
20,1606,NV20,EQ,25509,14437,56.60
20,1607,NV20BEES,EQ,22308,17664,79.18
20,1608,NV20IETF,EQ,1279436,772861,60.41
20,1609,NXST,RR,764904,692441,90.53
20,1610,NYKAA,EQ,7768389,3542908,45.61
20,1611,OAL,EQ,59195,19879,33.58
20,1612,OBCL,EQ,60920,44657,73.30
20,1613,OBEROIRLTY,EQ,773570,555623,71.83
20,1614,OFSS,EQ,207209,48579,23.44
20,1615,OIL,EQ,7645313,3222808,42.15
20,1616,OILIETF,EQ,725888,403223,55.55
20,1617,OLAELEC,EQ,30257994,11120144,36.75
20,1618,OLECTRA,EQ,380687,151809,39.88
20,1619,OLIL,ST,1200,1200,100.00
20,1620,OMAXAUTO,EQ,20989,17065,81.30
20,1621,OMFURN,SM,9600,9600,100.00
20,1622,ONDOOR,SM,7800,3600,46.15
20,1623,ONEPOINT,EQ,2441342,1094081,44.81
20,1624,ONGC,EQ,25397204,11909202,46.89
20,1625,ONMOBILE,EQ,526033,231882,44.08
20,1626,ONWARDTEC,EQ,35939,17889,49.78
20,1627,OPTIEMUS,EQ,180128,76966,42.73
20,1628,ORBTEXP,EQ,12100,6223,51.43
20,1629,ORCHPHARMA,EQ,92048,46436,50.45
20,1630,ORIANA,SM,73950,44400,60.04
20,1631,ORICONENT,EQ,1237435,350816,28.35
20,1632,ORIENTBELL,EQ,9887,6004,60.73
20,1633,ORIENTCEM,EQ,2438056,863820,35.43
20,1634,ORIENTCER,EQ,1164466,747885,64.23
20,1635,ORIENTELEC,EQ,348180,162979,46.81
20,1636,ORIENTHOT,EQ,509966,197511,38.73
20,1637,ORIENTLTD,EQ,17195,8109,47.16
20,1638,ORIENTPPR,EQ,717494,399569,55.69
20,1639,ORISSAMINE,EQ,13433,5958,44.35
20,1640,ORTINGLOBE,EQ,38197,18700,48.96
20,1641,OSWALGREEN,EQ,1090984,459227,42.09
20,1642,OSWALSEEDS,EQ,3145454,801068,25.47
20,1643,OWAIS,SM,3200,3200,100.00
20,1644,PAGEIND,EQ,12986,6324,48.70
20,1645,PAISALO,EQ,1510499,918853,60.83
20,1646,PAKKA,EQ,157486,69488,44.12
20,1647,PALASHSECU,EQ,12193,3061,25.10
20,1648,PANACEABIO,EQ,651552,338638,51.97
20,1649,PANAMAPET,EQ,100331,46501,46.35
20,1650,PAR,EQ,11656,6479,55.59
20,1651,PARACABLES,EQ,5792017,2653961,45.82
20,1652,PARADEEP,EQ,1742206,655416,37.62
20,1653,PARAGMILK,EQ,339033,153420,45.25
20,1654,PARAGON,SM,18000,15600,86.67
20,1655,PARAMATRIX,ST,854400,854400,100.00
20,1656,PARIN,SM,60000,37000,61.67
20,1657,PARKHOTELS,EQ,257331,164770,64.03
20,1658,PARTYCRUS,SM,15000,13000,86.67
20,1659,PASUPTAC,EQ,1232588,382222,31.01
20,1660,PATANJALI,EQ,544727,292144,53.63
20,1661,PATELENG,EQ,5474315,2880071,52.61
20,1662,PATINTLOG,EQ,443301,241799,54.55
20,1663,PATTECH,SM,1500,1500,100.00
20,1664,PAVNAIND,EQ,5472,2441,44.61
20,1665,PAYTM,EQ,12441628,3236959,26.02
20,1666,PCBL,EQ,7051650,1899995,26.94
20,1667,PCCL,SM,28000,23200,82.86
20,1668,PCJEWELLER,EQ,4971421,2951727,59.37
20,1669,PDMJEPAPER,EQ,181426,92516,50.99
20,1670,PDSL,EQ,172016,98749,57.41
20,1671,PEARLPOLY,EQ,75600,41581,55.00
20,1672,PEL,EQ,898040,363249,40.45
20,1673,PENIND,EQ,4746647,2379882,50.14
20,1674,PENINLAND,EQ,447097,255985,57.25
20,1675,PENTAGON,SM,4000,4000,100.00
20,1676,PERFECT,ST,45000,45000,100.00
20,1677,PERSISTENT,EQ,425122,212499,49.99
20,1678,PETRONET,EQ,2979956,1595772,53.55
20,1679,PFC,EQ,6377748,2151547,33.74
20,1680,PFIZER,EQ,205379,180811,88.04
20,1681,PFS,EQ,1303366,603699,46.32
20,1682,PGEL,EQ,1642020,848711,51.69
20,1683,PGHH,EQ,8272,4994,60.37
20,1684,PGHL,EQ,3458,2072,59.92
20,1685,PGIL,EQ,77171,35423,45.90
20,1686,PGINVIT,IV,1109083,963948,86.91
20,1687,PHANTOMFX,SM,52200,24000,45.98
20,1688,PHARMABEES,EQ,2732227,1971649,72.16
20,1689,PHOENIXLTD,EQ,174161,101418,58.23
20,1690,PIDILITIND,EQ,955844,506438,52.98
20,1691,PIIND,EQ,231198,146552,63.39
20,1692,PILANIINVS,EQ,3303,1627,49.26
20,1693,PILITA,EQ,253551,160768,63.41
20,1694,PIONEEREMB,EQ,36617,7684,20.98
20,1695,PITTIENG,EQ,76349,45556,59.67
20,1696,PIXTRANS,EQ,55633,26559,47.74
20,1697,PLADAINFO,SM,3000,3000,100.00
20,1698,PLASTIBLEN,EQ,137029,72433,52.86
20,1699,PLATIND,EQ,598438,247554,41.37
20,1700,PLAZACABLE,EQ,43687,24275,55.57
20,1701,PNB,EQ,26202729,11255261,42.95
20,1702,PNBGILTS,EQ,836352,182736,21.85
20,1703,PNBHOUSING,EQ,7807837,2150755,27.55
20,1704,PNC,EQ,91307,51673,56.59
20,1705,PNCINFRA,EQ,391043,210235,53.76
20,1706,POCL,EQ,473357,236767,50.02
20,1707,PODDARMENT,EQ,5830,3586,61.51
20,1708,POKARNA,EQ,1063973,167124,15.71
20,1709,POLICYBZR,EQ,1194203,814516,68.21
20,1710,POLYCAB,EQ,183073,92201,50.36
20,1711,POLYMED,EQ,369846,232215,62.79
20,1712,POLYPLEX,EQ,340024,176479,51.90
20,1713,POLYSIL,SM,8000,6000,75.00
20,1714,PONNIERODE,EQ,60504,25529,42.19
20,1715,POONAWALLA,EQ,1169948,587103,50.18
20,1716,POSITRON,SM,151200,99000,65.48
20,1717,POWERGRID,EQ,9025610,6649113,73.67
20,1718,POWERINDIA,EQ,32033,19422,60.63
20,1719,POWERMECH,EQ,70056,31488,44.95
20,1720,PPAP,EQ,20100,12424,61.81
20,1721,PPL,EQ,217380,82612,38.00
20,1722,PPLPHARMA,EQ,66190740,8838178,13.35
20,1723,PPSL,SM,420000,288000,68.57
20,1724,PRAJIND,EQ,824161,295918,35.91
20,1725,PRAKASH,EQ,934959,406190,43.44
20,1726,PRAMARA,SM,38000,32000,84.21
20,1727,PRATHAM,SM,20800,14400,69.23
20,1728,PRECAM,EQ,426446,160573,37.65
20,1729,PRECISION,SM,14000,12000,85.71
20,1730,PRECWIRE,EQ,459911,216710,47.12
20,1731,PREMIERENE,EQ,11523876,2904922,25.21
20,1732,PREMIERPOL,EQ,20900,12023,57.53
20,1733,PRESSTONIC,SM,14400,12000,83.33
20,1734,PRESTIGE,EQ,1592631,763701,47.95
20,1735,PRICOLLTD,EQ,247510,136247,55.05
20,1736,PRIMESECU,EQ,84562,53268,62.99
20,1737,PRINCEPIPE,EQ,381698,244466,64.05
20,1738,PRITI,EQ,64718,45172,69.80
20,1739,PRITIKA,SM,234000,170000,72.65
20,1740,PRITIKAUTO,EQ,600464,329510,54.88
20,1741,PRIVISCL,EQ,27013,18167,67.25
20,1742,PRIZOR,SM,38400,25600,66.67
20,1743,PRLIND,SM,50000,30000,60.00
20,1744,PROLIFE,SM,5000,5000,100.00
20,1745,PROPEQUITY,SM,16200,16200,100.00
20,1746,PROV,SM,480,480,100.00
20,1747,PROZONER,EQ,206296,106609,51.68
20,1748,PRSMJOHNSN,EQ,9036843,963275,10.66
20,1749,PRUDENT,EQ,35199,20989,59.63
20,1750,PRUDMOULI,EQ,65624,39475,60.15
20,1751,PSB,EQ,1426628,892264,62.54
20,1752,PSPPROJECT,EQ,31605,18231,57.68
20,1753,PSUBANK,EQ,20891,12330,59.02
20,1754,PSUBANKADD,EQ,3609322,3588877,99.43
20,1755,PSUBNKBEES,EQ,2057685,1314999,63.91
20,1756,PSUBNKIETF,EQ,189886,116040,61.11
20,1757,PTC,EQ,1026427,530562,51.69
20,1758,PTL,EQ,93067,61909,66.52
20,1759,PULZ,SM,81000,58000,71.60
20,1760,PUNJABCHEM,EQ,9830,4662,47.43
20,1761,PVRINOX,EQ,319450,124898,39.10
20,1762,PVSL,EQ,43778,27705,63.29
20,1763,PVTBANIETF,EQ,1135134,869353,76.59
20,1764,PVTBANKADD,EQ,315114,277185,87.96
20,1765,PYRAMID,EQ,46281,21026,45.43
20,1766,QFIL,SM,3000,3000,100.00
20,1767,QGOLDHALF,EQ,25884,22488,86.88
20,1768,QMSMEDI,SM,15000,14000,93.33
20,1769,QNIFTY,EQ,182,141,77.47
20,1770,QUADPRO,SM,12000,12000,100.00
20,1771,QUAL30IETF,EQ,347382,178558,51.40
20,1772,QUESS,EQ,558849,164404,29.42
20,1773,QUESTLAB,SM,20400,16800,82.35
20,1774,QUICKHEAL,EQ,415640,92163,22.17
20,1775,QVCEL,ST,3200,3200,100.00
20,1776,RACE,EQ,90601,54470,60.12
20,1777,RADHIKAJWE,EQ,5749322,1790482,31.14
20,1778,RADIANTCMS,EQ,210384,135978,64.63
20,1779,RADICO,EQ,329925,117131,35.50
20,1780,RADIOCITY,EQ,540552,270607,50.06
20,1781,RADIOCITY,P1,256,256,100.00
20,1782,RADIOWALLA,SM,3200,1600,50.00
20,1783,RAILTEL,EQ,1407714,447380,31.78
20,1784,RAIN,EQ,1818531,735697,40.46
20,1785,RAINBOW,EQ,561254,493348,87.90
20,1786,RAJESHEXPO,EQ,370005,150214,40.60
20,1787,RAJINDLTD,SM,141000,87000,61.70
20,1788,RAJMET,EQ,914914,506985,55.41
20,1789,RAJRATAN,EQ,39104,22549,57.66
20,1790,RAJSREESUG,EQ,110206,39394,35.75
20,1791,RALLIS,EQ,235828,83049,35.22
20,1792,RAMANEWS,EQ,91885,51677,56.24
20,1793,RAMAPHO,EQ,94257,53083,56.32
20,1794,RAMASTEEL,EQ,281449233,89177536,31.69
20,1795,RAMCOCEM,EQ,521205,257663,49.44
20,1796,RAMCOIND,EQ,104468,64900,62.12
20,1797,RAMCOSYS,EQ,385688,209737,54.38
20,1798,RAMKY,EQ,51707,21954,42.46
20,1799,RAMRAT,EQ,211806,66454,31.37
20,1800,RANASUG,EQ,772595,306203,39.63
20,1801,RANEHOLDIN,EQ,101258,35303,34.86
20,1802,RATEGAIN,EQ,341809,220191,64.42
20,1803,RATNAMANI,EQ,45561,35217,77.30
20,1804,RAYMOND,EQ,1654151,295052,17.84
20,1805,RBA,EQ,2594047,1665210,64.19
20,1806,RBL,EQ,38233,11981,31.34
20,1807,RBLBANK,EQ,9047364,3912595,43.25
20,1808,RBMINFRA,SM,63600,42600,66.98
20,1809,RBS,SM,11200,9600,85.71
20,1810,RCDL,SM,51000,45000,88.24
20,1811,RCF,EQ,3331971,864768,25.95
20,1812,RECLTD,EQ,4002544,1229097,30.71
20,1813,REDINGTON,EQ,784868,482446,61.47
20,1814,REDTAPE,EQ,117974,61223,51.90
20,1815,REFEX,EQ,6743488,1687878,25.03
20,1816,REFRACTORY,ST,36000,36000,100.00
20,1817,RELAXO,EQ,75699,40996,54.16
20,1818,RELCHEMQ,EQ,13948,8607,61.71
20,1819,RELIANCE,EQ,5991652,4296024,71.70
20,1820,RELIGARE,EQ,6280553,3207163,51.06
20,1821,RELINFRA,EQ,12139301,4110978,33.87
20,1822,RELTD,EQ,133598,84420,63.19
20,1823,REMSONSIND,EQ,6893,5116,74.22
20,1824,REMUS,SM,2400,1600,66.67
20,1825,RENUKA,EQ,14683668,2968794,20.22
20,1826,REPCOHOME,EQ,102578,48155,46.94
20,1827,REPL,EQ,17517,5622,32.09
20,1828,REPRO,EQ,20770,8954,43.11
20,1829,RESPONIND,EQ,985271,300907,30.54
20,1830,REXPIPES,SM,4000,4000,100.00
20,1831,RGL,EQ,1207960,526722,43.60
20,1832,RHFL,EQ,10291738,6555291,63.69
20,1833,RHIM,EQ,118828,76829,64.66
20,1834,RICHA,SM,2000,2000,100.00
20,1835,RICOAUTO,EQ,357216,212574,59.51
20,1836,RIIL,EQ,103263,25523,24.72
20,1837,RILINFRA,ST,78600,74300,94.53
20,1838,RISHABH,EQ,45981,21417,46.58
20,1839,RITCO,EQ,31484,17099,54.31
20,1840,RITES,EQ,738498,371821,50.35
20,1841,RITEZONE,SM,1600,1600,100.00
20,1842,RKFORGE,EQ,1130409,375560,33.22
20,1843,RKSWAMY,EQ,313169,202833,64.77
20,1844,RMDRIP,SM,74000,58000,78.38
20,1845,RML,EQ,27677,12377,44.72
20,1846,RNFI,SM,136800,98400,71.93
20,1847,ROCKINGDCE,SM,24250,3500,14.43
20,1848,ROHLTD,EQ,62083,38068,61.32
20,1849,ROLEXRINGS,EQ,29038,11724,40.37
20,1850,ROML,EQ,108104,19777,18.29
20,1851,ROSSARI,EQ,58404,26121,44.72
20,1852,ROSSELLIND,EQ,149699,55699,37.21
20,1853,ROTO,EQ,147878,44589,30.15
20,1854,ROUTE,EQ,188681,100101,53.05
20,1855,ROXHITECH,SM,62400,43200,69.23
20,1856,RPEL,EQ,20927,13163,62.90
20,1857,RPGLIFE,EQ,35898,15705,43.75
20,1858,RPOWER,EQ,32092690,19410561,60.48
20,1859,RPPL,EQ,155701,71518,45.93
20,1860,RPSGVENT,EQ,231513,83716,36.16
20,1861,RPTECH,EQ,179066,77562,43.31
20,1862,RRKABEL,EQ,205906,132757,64.47
20,1863,RSWM,EQ,121252,54485,44.94
20,1864,RSYSTEMS,EQ,108852,72521,66.62
20,1865,RTNINDIA,EQ,28241040,17579027,62.25
20,1866,RUBFILA,EQ,56986,30506,53.53
20,1867,RUBYMILLS,EQ,43452,15486,35.64
20,1868,RUCHIRA,EQ,107162,45122,42.11
20,1869,RULKA,ST,11400,11400,100.00
20,1870,RUPA,EQ,321315,115201,35.85
20,1871,RUSHIL,EQ,459327,292660,63.71
20,1872,RUSTOMJEE,EQ,27768,14888,53.62
20,1873,RVHL,EQ,136677,83828,61.33
20,1874,RVNL,EQ,7537912,2463168,32.68
20,1875,SAAKSHI,ST,6600,6000,90.91
20,1876,SABAR,SM,500000,285000,57.00
20,1877,SADBHAV,EQ,2311426,1810780,78.34
20,1878,SADHAV,SM,56400,39600,70.21
20,1879,SADHNANIQ,EQ,318227,107858,33.89
20,1880,SAFARI,EQ,112209,84840,75.61
20,1881,SAGCEM,EQ,48587,28970,59.63
20,1882,SAH,EQ,22962,5435,23.67
20,1883,SAHAJ,SM,4000,4000,100.00
20,1884,SAHAJSOLAR,SM,64000,34400,53.75
20,1885,SAHANA,SM,8500,5750,67.65
20,1886,SAHYADRI,EQ,17692,13215,74.69
20,1887,SAIFL,SM,62400,38400,61.54
20,1888,SAIL,EQ,18956457,6674028,35.21
20,1889,SAKAR,EQ,20104,11287,56.14
20,1890,SAKHTISUG,EQ,448039,222091,49.57
20,1891,SAKSOFT,EQ,103034,60436,58.66
20,1892,SALASAR,EQ,2353912,1591354,67.60
20,1893,SALONA,EQ,2818,1763,62.56
20,1894,SALSTEEL,EQ,289953,110122,37.98
20,1895,SALZERELEC,EQ,77200,33631,43.56
20,1896,SAMBHAAV,EQ,495082,166789,33.69
20,1897,SAMHI,EQ,2073245,1265152,61.02
20,1898,SAMMAANCAP,EQ,5577480,2332199,41.81
20,1899,SANDESH,EQ,3799,2181,57.41
20,1900,SANDHAR,EQ,389723,157125,40.32
20,1901,SANDUMA,EQ,175387,92499,52.74
20,1902,SANGAMIND,EQ,19054,10479,55.00
20,1903,SANGANI,SM,6000,6000,100.00
20,1904,SANGHIIND,EQ,345662,230434,66.66
20,1905,SANGHVIMOV,EQ,987494,403814,40.89
20,1906,SANGINITA,EQ,118696,95394,80.37
20,1907,SANOFI,EQ,32864,14036,42.71
20,1908,SANSERA,EQ,180163,114794,63.72
20,1909,SANSTAR,EQ,2702897,660322,24.43
20,1910,SAPPHIRE,EQ,262108,189826,72.42
20,1911,SARDAEN,EQ,945431,420818,44.51
20,1912,SAREGAMA,EQ,172319,84777,49.20
20,1913,SAROJA,SM,94400,64000,67.80
20,1914,SARTELE,SM,628000,365500,58.20
20,1915,SARVESHWAR,EQ,2023346,1316173,65.05
20,1916,SASKEN,EQ,9907,5914,59.70
20,1917,SASTASUNDR,EQ,30926,15824,51.17
20,1918,SATECH,SM,414000,292000,70.53
20,1919,SATIA,EQ,370894,208484,56.21
20,1920,SATIN,EQ,432999,336262,77.66
20,1921,SATINDLTD,EQ,2095735,607275,28.98
20,1922,SATIPOLY,SM,56000,41000,73.21
20,1923,SAURASHCEM,EQ,130834,77454,59.20
20,1924,SBC,EQ,8624886,3669277,42.54
20,1925,SBCL,EQ,98872,44673,45.18
20,1926,SBFC,EQ,3123215,1318320,42.21
20,1927,SBGLP,EQ,435334,251038,57.67
20,1928,SBICARD,EQ,2264088,1040566,45.96
20,1929,SBIETFCON,EQ,5188,3596,69.31
20,1930,SBIETFIT,EQ,8507,5967,70.14
20,1931,SBIETFPB,EQ,10730,9928,92.53
20,1932,SBIETFQLTY,EQ,2830,2694,95.19
20,1933,SBILIFE,EQ,952279,590182,61.98
20,1934,SBIN,EQ,10789570,5591452,51.82
20,1935,SBINEQWETF,EQ,12117,10897,89.93
20,1936,SBISILVER,EQ,71321,58475,81.99
20,1937,SCHAEFFLER,EQ,70004,49539,70.77
20,1938,SCHAND,EQ,104872,61595,58.73
20,1939,SCHNEIDER,EQ,271885,141188,51.93
20,1940,SCI,EQ,1980776,766684,38.71
20,1941,SCILAL,EQ,2125094,1082904,50.96
20,1942,SCLZC25F,Y5,10,10,100.00
20,1943,SCML,SM,6000,6000,100.00
20,1944,SCPL,EQ,19331,10075,52.12
20,1945,SDBL,EQ,686297,360256,52.49
20,1946,SDL24BEES,EQ,5668,5148,90.83
20,1947,SDL26BEES,EQ,134761,132777,98.53
20,1948,SEAMECLTD,EQ,39230,18893,48.16
20,1949,SECL,SM,25000,18750,75.00
20,1950,SECMARK,EQ,5359,3094,57.73
20,1951,SECURKLOUD,EQ,46407,25182,54.26
20,1952,SEL,SM,7200,4800,66.67
20,1953,SELAN,EQ,113369,59172,52.19
20,1954,SENCO,EQ,471205,214009,45.42
20,1955,SENSEXADD,EQ,889,553,62.20
20,1956,SENSEXETF,EQ,19383,15677,80.88
20,1957,SENSEXIETF,EQ,1474,1003,68.05
20,1958,SEPC,EQ,31659067,11827611,37.36
20,1959,SEQUENT,EQ,9977003,2933517,29.40
20,1960,SERVICE,SM,38000,30000,78.95
20,1961,SERVOTECH,EQ,2234112,683031,30.57
20,1962,SESHAPAPER,EQ,19278,9704,50.34
20,1963,SETF10GILT,EQ,5957,4505,75.63
20,1964,SETFGOLD,EQ,3899782,3446944,88.39
20,1965,SETFNIF50,EQ,230135,168453,73.20
20,1966,SETFNIFBK,EQ,49396,38613,78.17
20,1967,SETFNN50,EQ,27282,19230,70.49
20,1968,SFL,EQ,40547,28949,71.40
20,1969,SGBAPR28I,GB,48,47,97.92
20,1970,SGBAUG27,GB,36,36,100.00
20,1971,SGBAUG28V,GB,521,375,71.98
20,1972,SGBAUG29V,GB,114,94,82.46
20,1973,SGBAUG30,GB,358,222,62.01
20,1974,SGBD29VIII,GB,54,48,88.89
20,1975,SGBDC27VII,GB,3,3,100.00
20,1976,SGBDE30III,GB,178,121,67.98
20,1977,SGBDE31III,GB,833,653,78.39
20,1978,SGBFEB28IX,GB,57,57,100.00
20,1979,SGBFEB29XI,GB,84,61,72.62
20,1980,SGBFEB32IV,GB,862,614,71.23
20,1981,SGBJ28VIII,GB,5,5,100.00
20,1982,SGBJAN27,GB,32,32,100.00
20,1983,SGBJAN29IX,GB,33,22,66.67
20,1984,SGBJAN29X,GB,84,74,88.10
20,1985,SGBJAN30IX,GB,279,268,96.06
20,1986,SGBJU29III,GB,31,22,70.97
20,1987,SGBJUL25,GB,66,38,57.58
20,1988,SGBJUL27,GB,2,2,100.00
20,1989,SGBJUL28IV,GB,964,803,83.30
20,1990,SGBJUL29IV,GB,115,105,91.30
20,1991,SGBJUN27,GB,5,4,80.00
20,1992,SGBJUN28,GB,180,98,54.44
20,1993,SGBJUN29II,GB,130,87,66.92
20,1994,SGBJUN30,GB,542,386,71.22
20,1995,SGBJUN31I,GB,664,519,78.16
20,1996,SGBMAR25,GB,41,23,56.10
20,1997,SGBMAR28X,GB,36,35,97.22
20,1998,SGBMAR30X,GB,6,6,100.00
20,1999,SGBMAR31IV,GB,189,167,88.36
20,2000,SGBMAY25,GB,28,21,75.00
20,2001,SGBMAY26,GB,3,3,100.00
20,2002,SGBMAY28,GB,1910,1655,86.65
20,2003,SGBMAY29I,GB,216,216,100.00
20,2004,SGBMR29XII,GB,76,61,80.26
20,2005,SGBN28VIII,GB,104,87,83.65
20,2006,SGBNOV24,GB,102,93,91.18
20,2007,SGBNOV26,GB,14,14,100.00
20,2008,SGBNV29VII,GB,236,205,86.86
20,2009,SGBOC28VII,GB,51,51,100.00
20,2010,SGBOCT25IV,GB,16,15,93.75
20,2011,SGBOCT27VI,GB,11,11,100.00
20,2012,SGBSEP24,GB,64,54,84.38
20,2013,SGBSEP27,GB,2,2,100.00
20,2014,SGBSEP28VI,GB,199,175,87.94
20,2015,SGBSEP29VI,GB,51,35,68.63
20,2016,SGBSEP31II,GB,883,572,64.78
20,2017,SGIL,EQ,20229,9370,46.32
20,2018,SHAHALLOYS,EQ,21994,12326,56.04
20,2019,SHAILY,EQ,131509,90575,68.87
20,2020,SHALBY,EQ,223359,189453,84.82
20,2021,SHALPAINTS,EQ,337640,182933,54.18
20,2022,SHANKARA,EQ,60746,36036,59.32
20,2023,SHANTHALA,SM,2400,2400,100.00
20,2024,SHANTI,EQ,13386,7421,55.44
20,2025,SHANTIGEAR,EQ,189617,121605,64.13
20,2026,SHARDACROP,EQ,82673,38552,46.63
20,2027,SHARDAMOTR,EQ,34821,20374,58.51
20,2028,SHAREINDIA,EQ,1090248,540886,49.61
20,2029,SHAREINDIA,W1,3629,3416,94.13
20,2030,SHARIABEES,EQ,5311,4112,77.42
20,2031,SHEETAL,SM,44000,36000,81.82
20,2032,SHEMAROO,EQ,938742,279749,29.80
20,2033,SHERA,SM,42000,26000,61.90
20,2034,SHIGAN,SM,6000,4500,75.00
20,2035,SHILPAMED,EQ,836870,311840,37.26
20,2036,SHIVALIK,EQ,43802,20231,46.19
20,2037,SHIVAMILLS,EQ,17272,10952,63.41
20,2038,SHIVATEX,EQ,17822,8447,47.40
20,2039,SHK,EQ,1241882,648198,52.19
20,2040,SHOPERSTOP,EQ,271077,225491,83.18
20,2041,SHREDIGCEM,EQ,273677,140181,51.22
20,2042,SHREECEM,EQ,46475,25698,55.29
20,2043,SHREEKARNI,ST,27000,27000,100.00
20,2044,SHREEOSFM,SM,36000,28000,77.78
20,2045,SHREYANIND,EQ,22461,12492,55.62
20,2046,SHREYAS,EQ,40910,16899,41.31
20,2047,SHRIPISTON,EQ,116308,62933,54.11
20,2048,SHRIRAMFIN,EQ,693484,400454,57.75
20,2049,SHRIRAMPPS,EQ,4153894,1831813,44.10
20,2050,SHUBHLAXMI,SM,18000,12000,66.67
20,2051,SHYAMCENT,EQ,1269824,711496,56.03
20,2052,SHYAMMETL,EQ,1790595,740109,41.33
20,2053,SIDDHIKA,SM,11000,10000,90.91
20,2054,SIEMENS,EQ,210812,138633,65.76
20,2055,SIGACHI,EQ,1219468,780314,63.99
20,2056,SIGIND,EQ,29339,17140,58.42
20,2057,SIGMA,EQ,2298,1503,65.40
20,2058,SIGNATURE,EQ,948579,369734,38.98
20,2059,SIGNPOST,EQ,119207,69920,58.65
20,2060,SILGO,EQ,47207,26606,56.36
20,2061,SILINV,EQ,4903,2741,55.90
20,2062,SILKFLEX,SM,2000,2000,100.00
20,2063,SILVER,EQ,162621,140965,86.68
20,2064,SILVER1,EQ,68410,56855,83.11
20,2065,SILVERADD,EQ,22349,17205,76.98
20,2066,SILVERBEES,EQ,9600605,8075892,84.12
20,2067,SILVERETF,EQ,256310,227710,88.84
20,2068,SILVERIETF,EQ,1468525,1025336,69.82
20,2069,SILVERTUC,EQ,20017,2773,13.85
20,2070,SILVRETF,EQ,34373,32377,94.19
20,2071,SIMPLEXINF,EQ,147519,117282,79.50
20,2072,SINCLAIR,EQ,82900,48444,58.44
20,2073,SINDHUTRAD,EQ,4807559,2743660,57.07
20,2074,SINTERCOM,EQ,14940,9990,66.87
20,2075,SIRCA,EQ,290454,98539,33.93
20,2076,SIS,EQ,82133,54432,66.27
20,2077,SIYSIL,EQ,27998,17980,64.22
20,2078,SJLOGISTIC,SM,38500,30500,79.22
20,2079,SJS,EQ,147659,77645,52.58
20,2080,SJVN,EQ,4878488,1786698,36.62
20,2081,SKFINDIA,EQ,43827,22569,51.50
20,2082,SKIPPER,EQ,220957,86815,39.29
20,2083,SKIPPERPP,E1,535,455,85.05
20,2084,SKMEGGPROD,EQ,340348,111204,32.67
20,2085,SKP,SM,13000,10500,80.77
20,2086,SLONE,ST,19200,19200,100.00
20,2087,SMALLCAP,EQ,977045,798250,81.70
20,2088,SMARTLINK,EQ,34557,12480,36.11
20,2089,SMCGLOBAL,EQ,854418,627897,73.49
20,2090,SMLISUZU,EQ,22776,12864,56.48
20,2091,SMLT,EQ,16639,9222,55.42
20,2092,SMSPHARMA,EQ,273891,116830,42.66
20,2093,SNOWMAN,EQ,996202,330041,33.13
20,2094,SOBHA,EQ,71427,33224,46.51
20,2095,SOBHAPP,E1,620,603,97.26
20,2096,SOFTTECH,EQ,3263,1473,45.14
20,2097,SOLARAPP,X1,16881,14844,87.93
20,2098,SOLARINDS,EQ,32362,16725,51.68
20,2099,SOLEX,SM,17600,9800,55.68
20,2100,SOMANYCERA,EQ,21168,10094,47.69
20,2101,SOMATEX,EQ,88761,33551,37.80
20,2102,SONACOMS,EQ,2386638,967610,40.54
20,2103,SONAMAC,SM,30000,18000,60.00
20,2104,SONAMLTD,EQ,26079,17878,68.55
20,2105,SONATSOFTW,EQ,541786,262716,48.49
20,2106,SOTL,EQ,109379,40799,37.30
20,2107,SOUTHBANK,EQ,8306348,4427685,53.30
20,2108,SOUTHWEST,EQ,558999,247873,44.34
20,2109,SPAL,EQ,20836,11141,53.47
20,2110,SPANDANA,EQ,115364,63978,55.46
20,2111,SPARC,EQ,751539,277289,36.90
20,2112,SPCENET,EQ,4151689,1978332,47.65
20,2113,SPCL,SM,44400,34800,78.38
20,2114,SPECIALITY,EQ,115952,72075,62.16
20,2115,SPECTRUM,SM,1625,1125,69.23
20,2116,SPECTSTM,SM,39200,29600,75.51
20,2117,SPENCERS,EQ,1219874,429441,35.20
20,2118,SPIC,EQ,1496515,508446,33.98
20,2119,SPLIL,EQ,29485,22404,75.98
20,2120,SPLPETRO,EQ,20990,11785,56.15
20,2121,SPORTKING,EQ,47477,23310,49.10
20,2122,SPRL,ST,800,800,100.00
20,2123,SREEL,EQ,10977,6481,59.04
20,2124,SRF,EQ,486482,303992,62.49
20,2125,SRGHFL,EQ,5837,3380,57.91
20,2126,SRHHYPOLTD,EQ,18289,9812,53.65
20,2127,SRIVASAVI,SM,54000,42000,77.78
20,2128,SRPL,EQ,2132413,1863831,87.40
20,2129,SSDL,EQ,609365,298682,49.02
20,2130,SSEGL,SM,124000,103000,83.06
20,2131,SSFL,SM,57000,42000,73.68
20,2132,SSWL,EQ,130343,93418,71.67
20,2133,STANLEY,EQ,152066,69000,45.38
20,2134,STAR,EQ,383933,244181,63.60
20,2135,STARCEMENT,EQ,256615,122573,47.77
20,2136,STARHEALTH,EQ,1908274,1248795,65.44
20,2137,STARPAPER,EQ,15471,9679,62.56
20,2138,STCINDIA,EQ,133235,54985,41.27
20,2139,STEELCAS,EQ,129398,55161,42.63
20,2140,STEELCITY,EQ,172215,78273,45.45
20,2141,STEELXIND,EQ,2814196,1764061,62.68
20,2142,STERTOOLS,EQ,132090,56710,42.93
20,2143,STLTECH,EQ,1294301,634013,48.98
20,2144,STOVEKRAFT,EQ,88654,50835,57.34
20,2145,STYLAMIND,EQ,21416,12674,59.18
20,2146,STYRENIX,EQ,33757,23668,70.11
20,2147,SUBEXLTD,EQ,2692013,1230522,45.71
20,2148,SUBROS,EQ,79910,35274,44.14
20,2149,SUDARSCHEM,EQ,512626,169930,33.15
20,2150,SUKHJITS,EQ,11368,8027,70.61
20,2151,SULA,EQ,253162,130071,51.38
20,2152,SUMICHEM,EQ,698743,274503,39.29
20,2153,SUMMITSEC,EQ,8709,4353,49.98
20,2154,SUNCLAY,EQ,3449,1627,47.17
20,2155,SUNDARMFIN,EQ,96006,50174,52.26
20,2156,SUNDARMHLD,EQ,175329,97181,55.43
20,2157,SUNDRMFAST,EQ,68206,34436,50.49
20,2158,SUNFLAG,EQ,353048,212727,60.25
20,2159,SUNLITE,SM,68400,43200,63.16
20,2160,SUNPHARMA,EQ,2473477,1787356,72.26
20,2161,SUNTECK,EQ,379560,205441,54.13
20,2162,SUNTV,EQ,606264,246233,40.61
20,2163,SUPERHOUSE,EQ,13383,9669,72.25
20,2164,SUPERSPIN,EQ,79539,43491,54.68
20,2165,SUPRAJIT,EQ,245016,134892,55.05
20,2166,SUPREMEIND,EQ,160931,118751,73.79
20,2167,SUPREMEPWR,ST,37000,34000,91.89
20,2168,SUPRIYA,EQ,856442,390984,45.65
20,2169,SURAJLTD,EQ,5082,2703,53.19
20,2170,SURANASOL,EQ,171306,86971,50.77
20,2171,SURANI,SM,9600,6800,70.83
20,2172,SURYALAXMI,EQ,27006,9515,35.23
20,2173,SURYAROSNI,EQ,128859,74473,57.79
20,2174,SURYODAY,EQ,257326,120743,46.92
20,2175,SUTLEJTEX,EQ,419302,153094,36.51
20,2176,SUVEN,EQ,401462,187061,46.59
20,2177,SUVENPHAR,EQ,401997,165092,41.07
20,2178,SUVIDHAA,EQ,645006,204719,31.74
20,2179,SUYOG,EQ,17622,10342,58.69
20,2180,SUZLON,EQ,28321394,15155261,53.51
20,2181,SVLL,EQ,41000,15548,37.92
20,2182,SVPGLOB,EQ,55978,38561,68.89
20,2183,SWANENERGY,EQ,1121830,523398,46.66
20,2184,SWARAJ,SM,16000,14000,87.50
20,2185,SWARAJENG,EQ,12273,7282,59.33
20,2186,SWASTIK,SM,30000,22800,76.00
20,2187,SWELECTES,EQ,865503,273464,31.60
20,2188,SWSOLAR,EQ,1457617,854064,58.59
20,2189,SYLVANPLY,SM,48000,30000,62.50
20,2190,SYMPHONY,EQ,117204,70975,60.56
20,2191,SYNCOMF,EQ,11452942,4587327,40.05
20,2192,SYNGENE,EQ,2638951,1580879,59.91
20,2193,SYNOPTICS,SM,1800,1800,100.00
20,2194,SYRMA,EQ,317884,233091,73.33
20,2195,SYSTANGO,SM,21600,14800,68.52
20,2196,TAC,SM,44400,33600,75.68
20,2197,TAJGVK,EQ,196937,94176,47.82
20,2198,TAKE,EQ,151510,89377,58.99
20,2199,TALBROAUTO,EQ,139371,68773,49.35
20,2200,TANLA,EQ,441079,209351,47.46
20,2201,TAPIFRUIT,SM,3750,3750,100.00
20,2202,TARACHAND,EQ,18394,11737,63.81
20,2203,TARSONS,EQ,21944,12922,58.89
20,2204,TASTYBITE,EQ,3238,1502,46.39
20,2205,TATACHEM,EQ,1108263,374368,33.78
20,2206,TATACOMM,EQ,178351,82341,46.17
20,2207,TATACONSUM,EQ,1633635,876943,53.68
20,2208,TATAELXSI,EQ,156852,65322,41.65
20,2209,TATAGOLD,EQ,3158814,2667294,84.44
20,2210,TATAINVEST,EQ,114173,40292,35.29
20,2211,TATAMOTORS,EQ,4665908,1978369,42.40
20,2212,TATAPOWER,EQ,14761838,7108779,48.16
20,2213,TATASTEEL,EQ,39613696,20272632,51.18
20,2214,TATATECH,EQ,2328712,1195063,51.32
20,2215,TATSILV,EQ,1465224,1428619,97.50
20,2216,TATVA,EQ,36130,17212,47.64
20,2217,TBI,ST,14400,14400,100.00
20,2218,TBOTEK,EQ,129310,50547,39.09
20,2219,TBZ,EQ,4904188,1091975,22.27
20,2220,TCI,EQ,29664,10361,34.93
20,2221,TCIEXP,EQ,20584,10720,52.08
20,2222,TCL,SM,88800,64800,72.97
20,2223,TCPLPACK,EQ,11159,6167,55.26
20,2224,TCS,EQ,1265505,824480,65.15
20,2225,TDPOWERSYS,EQ,443774,174118,39.24
20,2226,TEAMLEASE,EQ,26052,18232,69.98
20,2227,TECH,EQ,37461,25760,68.76
20,2228,TECHLABS,ST,19000,19000,100.00
20,2229,TECHM,EQ,1643875,1028358,62.56
20,2230,TEGA,EQ,15966,8714,54.58
20,2231,TEJASNET,EQ,256208,138625,54.11
20,2232,TEMBO,EQ,1199421,319854,26.67
20,2233,TEXINFRA,EQ,578494,292026,50.48
20,2234,TEXMOPIPES,EQ,80166,47210,58.89
20,2235,TEXRAIL,EQ,1785127,714780,40.04
20,2236,TFCILTD,EQ,866969,633312,73.05
20,2237,TGBHOTELS,EQ,403024,195326,48.47
20,2238,TGL,ST,48000,39600,82.50
20,2239,THANGAMAYL,EQ,2576313,1370380,53.19
20,2240,THEJO,EQ,19282,8680,45.02
20,2241,THEMISMED,EQ,50005,24985,49.97
20,2242,THERMAX,EQ,52410,21780,41.56
20,2243,THOMASCOOK,EQ,2312347,1604243,69.38
20,2244,THYROCARE,EQ,95113,38639,40.62
20,2245,TI,EQ,3895618,1280821,32.88
20,2246,TIDEWATER,EQ,26044,8334,32.00
20,2247,TIIL,EQ,20977,9192,43.82
20,2248,TIINDIA,EQ,110233,69722,63.25
20,2249,TIMESCAN,SM,32000,30000,93.75
20,2250,TIMESGTY,EQ,835,525,62.87
20,2251,TIMETECHNO,EQ,1907546,472246,24.76
20,2252,TIMKEN,EQ,113605,74720,65.77
20,2253,TIPSFILMS,EQ,11468,6615,57.68
20,2254,TIPSINDLTD,EQ,297296,157808,53.08
20,2255,TIRUMALCHM,EQ,260697,113089,43.38
20,2256,TIRUPATI,SM,2750,2750,100.00
20,2257,TITAGARH,EQ,898053,341825,38.06
20,2258,TITAN,EQ,529856,217653,41.08
20,2259,TMB,EQ,94265,41284,43.80
20,2260,TNIDETF,EQ,81061,65503,80.81
20,2261,TNPETRO,EQ,259561,123028,47.40
20,2262,TNPL,EQ,126894,82540,65.05
20,2263,TOKYOPLAST,EQ,75497,33110,43.86
20,2264,TOP100CASE,EQ,144647,125639,86.86
20,2265,TORNTPHARM,EQ,176935,101813,57.54
20,2266,TORNTPOWER,EQ,826409,381349,46.15
20,2267,TRACXN,EQ,784054,273430,34.87
20,2268,TRANSTEEL,SM,70000,54000,77.14
20,2269,TRANSWIND,SM,28000,28000,100.00
20,2270,TREEHOUSE,EQ,171648,167464,97.56
20,2271,TREJHARA,EQ,52978,33183,62.64
20,2272,TREL,EQ,390580,153840,39.39
20,2273,TRENT,EQ,576206,369120,64.06
20,2274,TRF,EQ,20637,13866,67.19
20,2275,TRIDENT,EQ,6601936,2485267,37.64
20,2276,TRIDHYA,SM,45000,39000,86.67
20,2277,TRITURBINE,EQ,1382930,394782,28.55
20,2278,TRIVENI,EQ,1004823,238797,23.77
20,2279,TROM,SM,150000,102000,68.00
20,2280,TRU,EQ,2332541,1034629,44.36
20,2281,TRUST,ST,92400,88800,96.10
20,2282,TTKHLTCARE,EQ,11045,7441,67.37
20,2283,TTKPRESTIG,EQ,121623,70412,57.89
20,2284,TTL,EQ,19030,10265,53.94
20,2285,TTML,EQ,8732200,2342430,26.83
20,2286,TUNWAL,SM,238000,148000,62.18
20,2287,TV18BRDCST,EQ,9354983,2982204,31.88
20,2288,TVSHLTD,EQ,4769,2846,59.68
20,2289,TVSMOTOR,EQ,512770,313496,61.14
20,2290,TVSSCS,EQ,1845557,948755,51.41
20,2291,TVSSRICHAK,EQ,6890,2955,42.89
20,2292,TVTODAY,EQ,231799,102608,44.27
20,2293,UBL,EQ,450358,308631,68.53
20,2294,UCAL,EQ,148473,73252,49.34
20,2295,UCOBANK,EQ,3857406,1325392,34.36
20,2296,UDAICEMENT,EQ,571881,330689,57.82
20,2297,UDS,EQ,942467,396385,42.06
20,2298,UFLEX,EQ,211675,90803,42.90
20,2299,UFO,EQ,130311,57213,43.90
20,2300,UGARSUGAR,EQ,1000465,309203,30.91
20,2301,UGROCAP,EQ,177257,109005,61.50
20,2302,UJJIVANSFB,EQ,9191214,5741269,62.46
20,2303,ULTRACEMCO,EQ,198185,107300,54.14
20,2304,UMA,SM,776000,408000,52.58
20,2305,UNICHEMLAB,EQ,8043,4654,57.86
20,2306,UNIDT,EQ,22390,14913,66.61
20,2307,UNIECOM,EQ,3067200,716292,23.35
20,2308,UNIENTER,EQ,118765,67856,57.13
20,2309,UNIHEALTH,SM,66000,50000,75.76
20,2310,UNIINFO,EQ,9751,5261,53.95
20,2311,UNIONBANK,EQ,7475894,4251597,56.87
20,2312,UNIPARTS,EQ,46869,28517,60.84
20,2313,UNITDSPR,EQ,590555,312277,52.88
20,2314,UNITEDPOLY,EQ,50695,15020,29.63
20,2315,UNITEDTEA,EQ,10813,6308,58.34
20,2316,UNIVASTU,EQ,18619,13236,71.09
20,2317,UNIVCABLES,EQ,81361,49825,61.24
20,2318,UNIVPHOTO,EQ,1585,1010,63.72
20,2319,UNOMINDA,EQ,632592,382278,60.43
20,2320,UPL,EQ,3139837,1143814,36.43
20,2321,URBAN,SM,10000,8400,84.00
20,2322,URJA,EQ,1986384,1002462,50.47
20,2323,USHAMART,EQ,1542113,1069900,69.38
20,2324,UTIAMC,EQ,595757,284962,47.83
20,2325,UTIBANKETF,EQ,192523,165383,85.90
20,2326,UTINEXT50,EQ,59310,41120,69.33
20,2327,UTINIFTETF,EQ,1856885,1836454,98.90
20,2328,UTISENSETF,EQ,996,726,72.89
20,2329,UTISXN50,EQ,3141,2074,66.03
20,2330,UTKARSHBNK,EQ,595433,381993,64.15
20,2331,UTSSAV,SM,450000,286800,63.73
20,2332,UTTAMSUGAR,EQ,116060,53544,46.13
20,2333,VADILALIND,EQ,5659,2506,44.28
20,2334,VAIBHAVGBL,EQ,980702,407957,41.60
20,2335,VAISHALI,EQ,444733,273960,61.60
20,2336,VAKRANGEE,EQ,2146008,882099,41.10
20,2337,VALIANTLAB,EQ,129811,52139,40.17
20,2338,VALIANTORG,EQ,31426,17682,56.27
20,2339,VARDHACRLC,EQ,55431,30251,54.57
20,2340,VARROC,EQ,224449,126521,56.37
20,2341,VASA,ST,20000,20000,100.00
20,2342,VASCONEQ,EQ,1153177,442966,38.41
20,2343,VASWANI,EQ,90197,57445,63.69
20,2344,VBL,EQ,2089457,1310293,62.71
20,2345,VDEAL,ST,409200,350400,85.63
20,2346,VEDL,EQ,15530065,9231762,59.44
20,2347,VEEKAYEM,SM,1500,1500,100.00
20,2348,VELS,SM,1200,1200,100.00
20,2349,VENKEYS,EQ,293675,96948,33.01
20,2350,VENUSPIPES,EQ,44130,24738,56.06
20,2351,VENUSREM,EQ,34026,20248,59.51
20,2352,VERITAAS,SM,2400,2400,100.00
20,2353,VERTOZ,EQ,1187212,809054,68.15
20,2354,VESUVIUS,EQ,44759,27218,60.81
20,2355,VGUARD,EQ,611907,285110,46.59
20,2356,VHL,EQ,991,764,77.09
20,2357,VIAZ,SM,16000,14000,87.50
20,2358,VIDHIING,EQ,15887,12121,76.30
20,2359,VIJAYA,EQ,73247,41986,57.32
20,2360,VIKASECO,EQ,4301781,2279669,52.99
20,2361,VIKASLIFE,EQ,5863267,3470245,59.19
20,2362,VILAS,ST,61000,56000,91.80
20,2363,VILINBIO,SM,8000,8000,100.00
20,2364,VIMTALABS,EQ,109108,35568,32.60
20,2365,VINATIORGA,EQ,33449,20128,60.18
20,2366,VINDHYATEL,EQ,37063,19191,51.78
20,2367,VINEETLAB,EQ,119595,66884,55.93
20,2368,VINSYS,SM,5000,3500,70.00
20,2369,VINYAS,ST,4400,4400,100.00
20,2370,VINYLINDIA,EQ,27790,12407,44.65
20,2371,VIPIND,EQ,391391,192110,49.08
20,2372,VIPULLTD,EQ,913948,464215,50.79
20,2373,VIRINCHI,EQ,642219,381133,59.35
20,2374,VISAKAIND,EQ,339411,107355,31.63
20,2375,VISHNU,EQ,140759,66573,47.30
20,2376,VISHNUINFR,SM,19500,14500,74.36
20,2377,VISHWARAJ,EQ,1566348,469712,29.99
20,2378,VISHWAS,SM,6400,6400,100.00
20,2379,VITAL,ST,27600,26400,95.65
20,2380,VIVIANA,ST,3500,3000,85.71
20,2381,VIVIDHA,EQ,1530526,1123028,73.38
20,2382,VLEGOV,EQ,3758479,844481,22.47
20,2383,VLINFRA,SM,372000,225000,60.48
20,2384,VLSFINANCE,EQ,233066,132670,56.92
20,2385,VMARCIND,SM,70000,53000,75.71
20,2386,VMART,EQ,8030,2824,35.17
20,2387,VOLTAMP,EQ,8642,4383,50.72
20,2388,VOLTAS,EQ,1456218,866278,59.49
20,2389,VPRPL,EQ,554674,301171,54.30
20,2390,VR,SM,9600,9600,100.00
20,2391,VRAJ,EQ,78351,43087,54.99
20,2392,VRLLOG,EQ,621351,161284,25.96
20,2393,VSCL,SM,6000,6000,100.00
20,2394,VSSL,EQ,24494,15277,62.37
20,2395,VSTIND,EQ,127349,83137,65.28
20,2396,VSTTILLERS,EQ,5718,3946,69.01
20,2397,VTL,EQ,175234,85960,49.05
20,2398,WABAG,EQ,206126,116662,56.60
20,2399,WALCHANNAG,EQ,466174,253294,54.33
20,2400,WALPAR,SM,6000,4000,66.67
20,2401,WEL,EQ,56784,19437,34.23
20,2402,WELCORP,EQ,324480,175187,53.99
20,2403,WELENT,EQ,192131,104234,54.25
20,2404,WELINV,EQ,4587,3533,77.02
20,2405,WELSPUNLIV,EQ,4946323,1824427,36.88
20,2406,WENDT,EQ,895,488,54.53
20,2407,WESTLIFE,EQ,196089,146755,74.84
20,2408,WHEELS,EQ,29849,17042,57.09
20,2409,WHIRLPOOL,EQ,168090,102642,61.06
20,2410,WILLAMAGOR,EQ,2817,2014,71.49
20,2411,WINDLAS,EQ,114593,50402,43.98
20,2412,WINDMACHIN,EQ,397715,272915,68.62
20,2413,WINNY,SM,7000,6000,85.71
20,2414,WINSOL,SM,32000,25600,80.00
20,2415,WIPRO,EQ,10201064,4776336,46.82
20,2416,WOMANCART,ST,4800,4800,100.00
20,2417,WONDERLA,EQ,186438,124358,66.70
20,2418,WORTH,EQ,127273,85184,66.93
20,2419,WSI,EQ,219167,124569,56.84
20,2420,WSTCSTPAPR,EQ,68321,38122,55.80
20,2421,WTICAB,SM,400000,237000,59.25
20,2422,XCHANGING,EQ,277704,140122,50.46
20,2423,XELPMOC,EQ,14792,9693,65.53
20,2424,XPROINDIA,EQ,11908,7134,59.91
20,2425,YAARI,EQ,567531,387711,68.32
20,2426,YASHO,EQ,15484,9419,60.83
20,2427,YASHOPTICS,SM,222400,187200,84.17
20,2428,YATHARTH,EQ,388428,283196,72.91
20,2429,YATRA,EQ,1885365,812275,43.08
20,2430,YCCL,SM,6000,3000,50.00
20,2431,YESBANK,EQ,75735143,35793953,47.26
20,2432,YUDIZ,ST,5600,5600,100.00
20,2433,YUKEN,EQ,10784,6037,55.98
20,2434,ZAGGLE,EQ,413698,197551,47.75
20,2435,ZEAL,SM,33600,22800,67.86
20,2436,ZEEL,EQ,12648718,6789598,53.68
20,2437,ZEEMEDIA,EQ,2267445,1102820,48.64
20,2438,ZENITHDRUG,SM,182400,128000,70.18
20,2439,ZENSARTECH,EQ,393160,190852,48.54
20,2440,ZENTEC,EQ,325628,183984,56.50
20,2441,ZFCVINDIA,EQ,8123,3816,46.98
20,2442,ZIMLAB,EQ,314355,155847,49.58
20,2443,ZOMATO,EQ,58762234,33083387,56.30
20,2444,ZOTA,EQ,27905,14757,52.88
20,2445,ZTECH,SM,80400,43200,53.73
20,2446,ZUARI,EQ,164075,87531,53.35
20,2447,ZUARIIND,EQ,133406,59543,44.63
20,2448,ZYDUSLIFE,EQ,2387605,1719802,72.03
20,2449,ZYDUSWELL,EQ,36207,19341,53.42
