Security Wise Delivery Position - Compulsory Rolling Settlement
10,MTO,18062024,2149238794,0002532
Trade Date <18-JUN-2024>,Settlement Type <N>
Record Type,Sr No,Name of Security,Quantity Traded,Deliverable Quantity(gross across client level),% of Deliverable Quantity to Traded Quantity
20,1,0IHFL27,YW,10,10,100.00
20,2,0MOFSL26,N1,20,20,100.00
20,3,1003IHF30A,NV,1,1,100.00
20,4,1003ISFL28,N4,324,324,100.00
20,5,1015ECL29,NR,268,266,99.25
20,6,1018GS2026,GS,100,100,100.00
20,7,1025NFL25,N5,61,36,59.02
20,8,1035UCL24,N6,9,9,100.00
20,9,1035UCL26,NA,162,162,100.00
20,10,1040NFL26,NA,1,1,100.00
20,11,1049DLS25A,Y5,10,10,100.00
20,12,1049DLSL25,NX,47,47,100.00
20,13,1050NFL26,N7,400,400,100.00
20,14,1050UCL25,N7,50,50,100.00
20,15,1060ECL29,NS,40,40,100.00
20,16,1065NFL27,NC,195,195,100.00
20,17,10CAGL27,N5,135,85,62.96
20,18,10IIFL28,N4,150,150,100.00
20,19,10IIFL28A,NE,811,811,100.00
20,20,10IIFL29,N6,20,20,100.00
20,21,10NFL25,N9,14,14,100.00
20,22,1119NFL27,ND,26,16,61.54
20,23,11UCL26,NC,20,10,50.00
20,24,182D011124,TB,900,900,100.00
20,25,182D040724,TB,100,100,100.00
20,26,182D050924,TB,300,300,100.00
20,27,182D080824,TB,100,100,100.00
20,28,182D111024,TB,5100,5000,98.04
20,29,182D120924,TB,5100,5100,100.00
20,30,182D150824,TB,1100,1100,100.00
20,31,182D180724,TB,100,100,100.00
20,32,182D190924,TB,100,100,100.00
20,33,182D221124,TB,400,400,100.00
20,34,182D270624,TB,1400,1400,100.00
20,35,20MICRONS,EQ,464546,221577,47.70
20,36,360ONE,EQ,1663594,1304881,78.44
20,37,364D040724,TB,6000,6000,100.00
20,38,364D080525,TB,100,100,100.00
20,39,364D080824,TB,20000,20000,100.00
20,40,364D191224,TB,100,100,100.00
20,41,364D211124,TB,6000,6000,100.00
20,42,364D240425,TB,1000,1000,100.00
20,43,364D261224,TB,100,100,100.00
20,44,364D290525,TB,1000,1000,100.00
20,45,3IINFOLTD,EQ,1096177,496470,45.29
20,46,3MINDIA,EQ,6367,3105,48.77
20,47,3PLAND,EQ,10582,6542,61.82
20,48,574GS2026,GS,1728,1728,100.00
20,49,5PAISA,EQ,46697,25715,55.07
20,50,610GS2031,GS,164,164,100.00
20,51,618GS2024,GS,101,101,100.00
20,52,619GS2034,GS,167,167,100.00
20,53,63MOONS,EQ,87768,56184,64.01
20,54,654GS2032,GS,3399,3398,99.97
20,55,667GS2050,GS,3695,3695,100.00
20,56,669GS2024,GS,6888,6885,99.96
20,57,68GS2060,GS,16200,16200,100.00
20,58,695GS2061,GS,10,10,100.00
20,59,699GS2026,GS,9700,9700,100.00
20,60,699GS2051,GS,7,7,100.00
20,61,704GS2029,GS,800,800,100.00
20,62,706GS2028,GS,13142,13142,100.00
20,63,710GS2029,GS,10160,10160,100.00
20,64,718GS2033,GS,9300,9300,100.00
20,65,718GS2037,GS,34541,34441,99.71
20,66,719GS2060,GS,1724,1678,97.33
20,67,725GS2063,GS,22056,22056,100.00
20,68,726GS2029,GS,1,1,100.00
20,69,726GS2032,GS,16530,16330,98.79
20,70,726GS2033,GS,2600,2600,100.00
20,71,732GS2030,GS,18453,18453,100.00
20,72,732IRFC25,NI,792,792,100.00
20,73,733GS2026,GS,2801,2801,100.00
20,74,734GS2064,GS,1,1,100.00
20,75,734IRFC28,N4,2,2,100.00
20,76,736GS2052,GS,4916,4916,100.00
20,77,736NTPC25D,NB,93,93,100.00
20,78,737GS2028,GS,2500,2500,100.00
20,79,738GS2027,GS,193607,192297,99.32
20,80,738REC27TF,N2,1100,1100,100.00
20,81,739NHAI26,N8,500,500,100.00
20,82,73GS2053,GS,45190,43309,95.84
20,83,740IIFCL33,N1,20,20,100.00
20,84,741GS2036,GS,77258,77258,100.00
20,85,746GS2073,GS,1002,1002,100.00
20,86,74GS2062,GS,1839,1685,91.63
20,87,751HUDCO28,N5,1945,1560,80.21
20,88,753IRFC30,NJ,1362,1362,100.00
20,89,754GS2036,GS,445261,400572,89.96
20,90,755GJ31,SG,4200,4200,100.00
20,91,755TS30,SG,300,300,100.00
20,92,760PFCL35,N3,347,347,100.00
20,93,762NTPC35F,ND,48,48,100.00
20,94,764HUDCO31,N8,666,500,75.08
20,95,764IRFC31,NO,3090,3090,100.00
20,96,764NABAR31,N2,883,773,87.54
20,97,767AP38A,SG,100,100,100.00
20,98,768CG32,SG,200,200,100.00
20,99,769HUDCO31,N9,73,53,72.60
20,100,769NHAI31,NE,2009,1989,99.00
20,101,76AP34,SG,200,100,50.00
20,102,76NHAI31,NA,2314,2100,90.75
20,103,772GS2049,GS,100,100,100.00
20,104,773UP34,SG,200,200,100.00
20,105,774IREDA31,N7,837,837,100.00
20,106,78ABFL33,N4,10,10,100.00
20,107,797IGT31,NL,89,89,100.00
20,108,79IGT28,NF,128,128,100.00
20,109,79NHIT35,N1,9898,8828,89.19
20,110,79NHIT40,N2,517,397,76.79
20,111,79NHIT47,N3,41,41,100.00
20,112,810IRFC27,N2,504,504,100.00
20,113,812REC27,NI,8741,6891,78.84
20,114,81ABFL33,N5,20,20,100.00
20,115,820IIFL27,N9,11,11,100.00
20,116,824GS2027,GS,288,167,57.99
20,117,825IIFL25,N7,117,87,74.36
20,118,828GS2027,GS,2,2,100.00
20,119,829LTF24,NL,66,65,98.48
20,120,82HUDCO27,N2,1014,507,50.00
20,121,82IGT31,NJ,267,267,100.00
20,122,830NHAI27,N2,63,63,100.00
20,123,835IFL25,NV,60,60,100.00
20,124,835PCHF23,NN,50,50,100.00
20,125,83TCHF25,N6,2929,1732,59.13
20,126,840CIFCL28,N4,20,20,100.00
20,127,842IIFL26,NL,880,878,99.77
20,128,847IHFL25,Z2,100,100,100.00
20,129,849NTPC25,N7,96119,85900,89.37
20,130,84TCHF28,NA,4,2,50.00
20,131,85IIFL24,NJ,75,75,100.00
20,132,85PCHFL24,N6,10,10,100.00
20,133,85TCAPS24,N6,105,105,100.00
20,134,865IFL28,NZ,266,223,83.83
20,135,865IIFL28,NS,864,800,92.59
20,136,865IRFC29,NA,362,314,86.74
20,137,865LTF26,NN,200,200,100.00
20,138,865TCAPS27,N8,100,100,100.00
20,139,866IHFL25,Y8,9,9,100.00
20,140,86LTF24,NJ,50,50,100.00
20,141,871REC28,N9,1110,1110,100.00
20,142,872MMFSL26,N1,50,50,100.00
20,143,875NHAI29,N6,5710,4269,74.76
20,144,875SFL27,ZF,7,7,100.00
20,145,876HUDCO28,ND,572,322,56.29
20,146,879IBHFL26,NC,15,15,100.00
20,147,879NHPC28,N5,10,10,100.00
20,148,880IREDA34,N6,200,200,100.00
20,149,885IBHFL26,N9,148,123,83.11
20,150,885MOFSL26,N0,175,175,100.00
20,151,888ERFL28,N5,197,197,100.00
20,152,888IRFC29,NE,155,97,62.58
20,153,889IHFL26,NS,20,20,100.00
20,154,891IIFCL34,N4,1014,1014,100.00
20,155,891NTPC33,N6,710,710,100.00
20,156,892PFCL33,N8,4404,3093,70.23
20,157,893NHB29,N6,9,9,100.00
20,158,894IHFL25,Z3,8,8,100.00
20,159,897MOFSL29,N4,52,52,100.00
20,160,898LTF29,N7,568,568,100.00
20,161,8ABFL26,N0,25,25,100.00
20,162,901HUDCO34,NE,2251,1680,74.63
20,163,901NHB34,N6,38,38,100.00
20,164,903SFL28,YI,4,4,100.00
20,165,905IH24,ZB,42,42,100.00
20,166,905IHF24,YV,11,11,100.00
20,167,910TCAP28,NA,310,310,100.00
20,168,91D020824,TB,3800,3500,92.11
20,169,91D080824,TB,400,400,100.00
20,170,91D120724,TB,11000,10500,95.45
20,171,91D150824,TB,700,700,100.00
20,172,91D190724,TB,200,100,50.00
20,173,91D230824,TB,42200,42000,99.53
20,174,91D250724,TB,1900,1900,100.00
20,175,91D290824,TB,700,700,100.00
20,176,91SFL27,ZI,100,100,100.00
20,177,925ERFL28,N6,144,131,90.97
20,178,925IHFL25A,NH,100,100,100.00
20,179,925IHFL25C,AR,100,100,100.00
20,180,925IHFL25D,N6,15,15,100.00
20,181,92GS2030,GS,55452,55452,100.00
20,182,935LTF29,N5,341,242,70.97
20,183,943ECL28,NJ,682,582,85.34
20,184,945IFSL25,N4,20,20,100.00
20,185,948ICCL25A,NG,50,50,100.00
20,186,948IHFL26,N9,10,10,100.00
20,187,94IFCI25,NL,10,10,100.00
20,188,94SFL28,YL,201,201,100.00
20,189,950NFL23A,AP,17,17,100.00
20,190,965IHFL25B,Y1,10,10,100.00
20,191,965IHFL26A,ZB,67,67,100.00
20,192,96IIFL28,N5,5474,4828,88.20
20,193,96IIFL28A,NF,200,200,100.00
20,194,96SFL24A,NB,40,38,95.00
20,195,975NFL25,N0,93,77,82.80
20,196,97MOFSL34,N7,101,101,100.00
20,197,980IHFL33,NX,15,15,100.00
20,198,985ECL28,NK,584,483,82.71
20,199,985ICCL28,NO,63,63,100.00
20,200,98IHFL27,ZX,45,45,100.00
20,201,990IHFL26,N7,50,50,100.00
20,202,99IFCI24,NH,663,663,100.00
20,203,9IIFL28,Y0,177,176,99.44
20,204,9IIFL28A,NT,456,456,100.00
20,205,9PEL25,N0,100,100,100.00
20,206,AADHARHFC,EQ,1689479,697200,41.27
20,207,AAKASH,EQ,501646,355868,70.94
20,208,AARON,EQ,8514,5960,70.00
20,209,AARTIDRUGS,EQ,189738,102997,54.28
20,210,AARTIIND,EQ,1358816,544516,40.07
20,211,AARTIPHARM,EQ,519944,281262,54.09
20,212,AARTISURF,EQ,19651,12579,64.01
20,213,AARTISURF,P1,40,0,0.00
20,214,AARVEEDEN,EQ,82300,52167,63.39
20,215,AARVI,EQ,17376,13205,76.00
20,216,AATMAJ,SM,34000,26000,76.47
20,217,AAVAS,EQ,401918,145790,36.27
20,218,ABB,EQ,517839,198571,38.35
20,219,ABBOTINDIA,EQ,8759,4410,50.35
20,220,ABCAPITAL,EQ,6596654,2434898,36.91
20,221,ABCOTS,SM,4000,2500,62.50
20,222,ABFL28,N3,266,266,100.00
20,223,ABFRL,EQ,4918022,2320456,47.18
20,224,ABINFRA,SM,282000,280000,99.29
20,225,ABMINTLLTD,EQ,2408,1790,74.34
20,226,ABSLAMC,EQ,460719,276385,59.99
20,227,ABSLBANETF,EQ,902076,811779,89.99
20,228,ABSLLIQUID,EQ,3386,3323,98.14
20,229,ABSLNN50ET,EQ,37632,26899,71.48
20,230,ABSLPSE,EQ,752520,431129,57.29
20,231,ABSMARINE,SM,1834000,884000,48.20
20,232,ACC,EQ,201421,85798,42.60
20,233,ACCELYA,EQ,23341,10002,42.85
20,234,ACCENTMIC,SM,35500,27000,76.06
20,235,ACCURACY,EQ,2789879,1459097,52.30
20,236,ACE,EQ,747807,273062,36.52
20,237,ACEINTEG,EQ,10044,5701,56.76
20,238,ACI,EQ,350470,152383,43.48
20,239,ACL,EQ,155300,111559,71.83
20,240,ACLGATI,EQ,2184798,1001306,45.83
20,241,ACSAL,SM,3000,3000,100.00
20,242,ADANIENSOL,EQ,893353,504501,56.47
20,243,ADANIENT,EQ,1755612,642478,36.60
20,244,ADANIGREEN,EQ,633545,304662,48.09
20,245,ADANIPORTS,EQ,5651898,2282598,40.39
20,246,ADANIPOWER,EQ,7398418,5090915,68.81
20,247,ADFFOODS,EQ,174667,83278,47.68
20,248,ADL,EQ,9153,3957,43.23
20,249,ADORWELD,EQ,58821,32628,55.47
20,250,ADROITINFO,EQ,76220,48611,63.78
20,251,ADSL,EQ,356724,163564,45.85
20,252,ADVANIHOTR,EQ,167932,91868,54.71
20,253,ADVENZYMES,EQ,190862,100047,52.42
20,254,AEGISLOG,EQ,659470,297980,45.18
20,255,AEROFLEX,EQ,964307,305976,31.73
20,256,AETHER,EQ,281681,152380,54.10
20,257,AFFLE,EQ,186717,88904,47.61
20,258,AGARIND,EQ,306080,105377,34.43
20,259,AGARWALFT,ST,6000,6000,100.00
20,260,AGI,EQ,176312,89387,50.70
20,261,AGNI,SM,95000,67500,71.05
20,262,AGRITECH,EQ,9478,5533,58.38
20,263,AGROPHOS,EQ,98351,53083,53.97
20,264,AGSTRA,EQ,4404027,1875782,42.59
20,265,AGUL,SM,10000,10000,100.00
20,266,AHL,EQ,515983,168455,32.65
20,267,AHLEAST,EQ,19270,8814,45.74
20,268,AHLUCONT,EQ,189188,83107,43.93
20,269,AIAENG,EQ,146623,73928,50.42
20,270,AIIL,EQ,66395,33172,49.96
20,271,AILIMITED,ST,3000,3000,100.00
20,272,AIMTRON,ST,634400,610400,96.22
20,273,AIRAN,EQ,812679,491614,60.49
20,274,AIROLAM,EQ,9822,3763,38.31
20,275,AIRTELPP,E1,208982,152392,72.92
20,276,AISL,ST,9600,8400,87.50
20,277,AJANTPHARM,EQ,54426,21577,39.64
20,278,AJMERA,EQ,37783,18174,48.10
20,279,AJOONI,EQ,8336958,4081219,48.95
20,280,AKANKSHA,SM,344000,230000,66.86
20,281,AKASH,EQ,36355,31600,86.92
20,282,AKG,EQ,478707,363296,75.89
20,283,AKI,EQ,394051,285879,72.55
20,284,AKSHARCHEM,EQ,15533,10871,69.99
20,285,AKZOINDIA,EQ,15563,6985,44.88
20,286,ALANKIT,EQ,631416,356482,56.46
20,287,ALBERTDAVD,EQ,13073,8829,67.54
20,288,ALEMBICLTD,EQ,951456,374625,39.37
20,289,ALICON,EQ,57809,22130,38.28
20,290,ALKALI,EQ,53411,37187,69.62
20,291,ALKEM,EQ,581602,205804,35.39
20,292,ALKYLAMINE,EQ,42407,22938,54.09
20,293,ALLCARGO,EQ,7666423,3820478,49.83
20,294,ALLETEC,SM,82800,56000,67.63
20,295,ALLSEC,EQ,145046,40602,27.99
20,296,ALMONDZ,EQ,121880,92689,76.05
20,297,ALOKINDS,EQ,8732776,4214272,48.26
20,298,ALPA,EQ,44094,24701,56.02
20,299,ALPEXSOLAR,SM,270000,197600,73.19
20,300,ALPHA,EQ,928894,800038,86.13
20,301,ALPHAETF,EQ,1095746,985906,89.98
20,302,ALPHAGEO,EQ,49223,24758,50.30
20,303,ALPL30IETF,EQ,1085692,971750,89.51
20,304,ALUWIND,SM,102000,102000,100.00
20,305,AMBANIORG,SM,2000,2000,100.00
20,306,AMBER,EQ,1162945,761465,65.48
20,307,AMBICAAGAR,EQ,37475,26196,69.90
20,308,AMBIKCO,EQ,8454,5442,64.37
20,309,AMBUJACEM,EQ,2670571,1179599,44.17
20,310,AMDIND,EQ,297857,188063,63.14
20,311,AMEYA,SM,82000,82000,100.00
20,312,AMIABLE,SM,8000,8000,100.00
20,313,AMIORG,EQ,194234,84673,43.59
20,314,AMJLAND,EQ,116482,64662,55.51
20,315,AMNPLST,EQ,216742,60152,27.75
20,316,AMRUTANJAN,EQ,69349,40225,58.00
20,317,ANANDRATHI,EQ,18929,12259,64.76
20,318,ANANTRAJ,EQ,2497944,1093052,43.76
20,319,ANDHRAPAP,EQ,167087,80492,48.17
20,320,ANDHRSUGAR,EQ,1477122,518068,35.07
20,321,ANGELONE,EQ,519168,306355,59.01
20,322,ANIKINDS,EQ,112656,60984,54.13
20,323,ANLON,SM,20400,20400,100.00
20,324,ANNAPURNA,SM,63500,52500,82.68
20,325,ANTGRAPHIC,EQ,1036287,714439,68.94
20,326,ANUP,EQ,248382,71298,28.70
20,327,ANURAS,EQ,199403,104962,52.64
20,328,APARINDS,EQ,69800,34139,48.91
20,329,APCL,EQ,46716,32692,69.98
20,330,APCOTEXIND,EQ,31621,14840,46.93
20,331,APEX,EQ,529272,133902,25.30
20,332,APLAPOLLO,EQ,399064,262462,65.77
20,333,APLLTD,EQ,689684,416828,60.44
20,334,APOLLO,EQ,4582229,2889169,63.05
20,335,APOLLOHOSP,EQ,267887,171161,63.89
20,336,APOLLOPIPE,EQ,43282,24258,56.05
20,337,APOLLOTYRE,EQ,3169655,1250603,39.46
20,338,APOLSINHOT,EQ,7312,4354,59.55
20,339,APS,SM,223000,121500,54.48
20,340,APTECHT,EQ,166165,96307,57.96
20,341,APTUS,EQ,421150,202450,48.07
20,342,ARABIAN,SM,6000,6000,100.00
20,343,ARCHIES,EQ,44988,31499,70.02
20,344,ARE&M,EQ,3450389,946029,27.42
20,345,ARENTERP,EQ,3188,2601,81.59
20,346,ARHAM,ST,29000,29000,100.00
20,347,ARIES,EQ,444715,180818,40.66
20,348,ARIHANTCAP,EQ,4031361,1528640,37.92
20,349,ARIHANTSUP,EQ,32244,21706,67.32
20,350,ARISTO,SM,11200,8000,71.43
20,351,ARMANFIN,EQ,30825,17407,56.47
20,352,AROGRANITE,EQ,462263,201517,43.59
20,353,ARROWGREEN,EQ,119404,53012,44.40
20,354,ARTEMISMED,EQ,176339,102936,58.37
20,355,ARTNIRMAN,EQ,13893,9043,65.09
20,356,ARVIND,EQ,512472,240429,46.92
20,357,ARVINDFASN,EQ,569577,500763,87.92
20,358,ARVSMART,EQ,41399,18319,44.25
20,359,ASAHIINDIA,EQ,1881722,364916,19.39
20,360,ASAHISONG,EQ,25091,14279,56.91
20,361,ASAL,EQ,256085,84158,32.86
20,362,ASALCBR,EQ,122218,81148,66.40
20,363,ASHAPURMIN,EQ,313585,231140,73.71
20,364,ASHIANA,EQ,358173,138369,38.63
20,365,ASHIMASYN,EQ,1898824,1201098,63.25
20,366,ASHOKA,EQ,3651438,1268267,34.73
20,367,ASHOKAMET,EQ,212073,140930,66.45
20,368,ASHOKLEY,EQ,12642828,6482175,51.27
20,369,ASIANENE,EQ,403144,136492,33.86
20,370,ASIANPAINT,EQ,741098,474402,64.01
20,371,ASIANTILES,EQ,7886495,3427444,43.46
20,372,ASKAUTOLTD,EQ,590410,291980,49.45
20,373,ASMS,EQ,166575,130543,78.37
20,374,ASPINWALL,EQ,3954,2583,65.33
20,375,ASPIRE,SM,38000,28000,73.68
20,376,ASTEC,EQ,160319,99612,62.13
20,377,ASTERDM,EQ,731912,409184,55.91
20,378,ASTRAL,EQ,360927,146607,40.62
20,379,ASTRAMICRO,EQ,3183925,936443,29.41
20,380,ASTRAZEN,EQ,4088,1630,39.87
20,381,ATFL,EQ,715040,548552,76.72
20,382,ATGL,EQ,1253541,655699,52.31
20,383,ATL,EQ,2866459,1349679,47.09
20,384,ATMASTCO,SM,59200,53600,90.54
20,385,ATUL,EQ,26908,10853,40.33
20,386,ATULAUTO,EQ,142072,55741,39.23
20,387,AUBANK,EQ,2225745,1295525,58.21
20,388,AURDIS,SM,6000,4500,75.00
20,389,AURIONPRO,EQ,108511,76886,70.86
20,390,AUROIMPEX,SM,51200,36800,71.88
20,391,AUROPHARMA,EQ,4445748,2543181,57.20
20,392,AURUM,EQ,341137,174282,51.09
20,393,AURUMPP1,E1,29998,26943,89.82
20,394,AUTOAXLES,EQ,86246,39108,45.34
20,395,AUTOBEES,EQ,250764,191279,76.28
20,396,AUTOIETF,EQ,939482,659642,70.21
20,397,AUTOIND,EQ,105422,65951,62.56
20,398,AVADHSUGAR,EQ,91979,32929,35.80
20,399,AVALON,EQ,162443,77858,47.93
20,400,AVANTIFEED,EQ,6607227,1018982,15.42
20,401,AVG,EQ,81855,49089,59.97
20,402,AVONMORE,EQ,110937,84486,76.16
20,403,AVPINFRA,SM,484800,308800,63.70
20,404,AVROIND,EQ,81400,37850,46.50
20,405,AVTNPL,EQ,152576,85206,55.84
20,406,AWFIS,EQ,351370,173676,49.43
20,407,AWHCL,EQ,168941,97695,57.83
20,408,AWL,EQ,1467029,883401,60.22
20,409,AXISBANK,EQ,6837181,4307424,63.00
20,410,AXISBNKETF,EQ,1833,1460,79.65
20,411,AXISBPSETF,EQ,26118,16932,64.83
20,412,AXISCADES,EQ,2288823,557721,24.37
20,413,AXISCETF,EQ,4099,3974,96.95
20,414,AXISGOLD,EQ,119769,69301,57.86
20,415,AXISHCETF,EQ,9435,5881,62.33
20,416,AXISILVER,EQ,127044,125031,98.42
20,417,AXISNIFTY,EQ,57281,46982,82.02
20,418,AXISTECETF,EQ,2349,2184,92.98
20,419,AXITA,EQ,1550368,795169,51.29
20,420,AXSENSEX,EQ,3363,3189,94.83
20,421,AYMSYNTEX,EQ,41669,23059,55.34
20,422,AZAD,EQ,353851,188461,53.26
20,423,BABAFP,SM,27200,14400,52.94
20,424,BAHETI,SM,17250,13500,78.26
20,425,BAIDFIN,EQ,1096933,320648,29.23
20,426,BAJAJ-AUTO,EQ,206100,104788,50.84
20,427,BAJAJCON,EQ,2481807,833328,33.58
20,428,BAJAJELEC,EQ,149554,71339,47.70
20,429,BAJAJFINSV,EQ,1282756,674080,52.55
20,430,BAJAJHCARE,EQ,91417,52286,57.20
20,431,BAJAJHIND,EQ,33705395,18678158,55.42
20,432,BAJAJHLDNG,EQ,18624,13086,70.26
20,433,BAJEL,EQ,1839819,783391,42.58
20,434,BAJFINANCE,EQ,946904,441016,46.57
20,435,BALAJITELE,EQ,216422,147522,68.16
20,436,BALAMINES,EQ,90979,39271,43.16
20,437,BALAXI,EQ,71330,40997,57.48
20,438,BALKRISHNA,EQ,123385,65199,52.84
20,439,BALKRISIND,EQ,470456,153932,32.72
20,440,BALMLAWRIE,EQ,995428,521091,52.35
20,441,BALPHARMA,EQ,31692,22037,69.53
20,442,BALRAMCHIN,EQ,2046007,831664,40.65
20,443,BALUFORGE,EQ,585856,384999,65.72
20,444,BANARBEADS,EQ,76799,40678,52.97
20,445,BANARISUG,EQ,11878,7019,59.09
20,446,BANCOINDIA,EQ,69846,43378,62.11
20,447,BANDHANBNK,EQ,8385218,3496916,41.70
20,448,BANG,EQ,5818,4039,69.42
20,449,BANKBARODA,EQ,10174646,4952096,48.67
20,450,BANKBEES,EQ,971933,629024,64.72
20,451,BANKBETF,EQ,13629479,27803,0.20
20,452,BANKETF,EQ,19993,3923,19.62
20,453,BANKETFADD,EQ,10932,8533,78.06
20,454,BANKIETF,EQ,12631623,428036,3.39
20,455,BANKINDIA,EQ,19283739,12489095,64.76
20,456,BANKNIFTY1,EQ,318748,287569,90.22
20,457,BANSWRAS,EQ,35737,21882,61.23
20,458,BARBEQUE,EQ,75201,32829,43.66
20,459,BASF,EQ,106062,77486,73.06
20,460,BASILIC,SM,49800,43800,87.95
20,461,BASML,EQ,412875,288082,69.77
20,462,BATAINDIA,EQ,411776,203001,49.30
20,463,BAWEJA,SM,14400,9600,66.67
20,464,BAYERCROP,EQ,36010,17894,49.69
20,465,BBETF0432,EQ,3571,3567,99.89
20,466,BBL,EQ,74612,35364,47.40
20,467,BBNPPGOLD,EQ,1122,968,86.27
20,468,BBOX,EQ,370444,190682,51.47
20,469,BBTC,EQ,29351,14508,49.43
20,470,BBTCL,EQ,3895,2238,57.46
20,471,BCLIND,EQ,1125264,578866,51.44
20,472,BCONCEPTS,EQ,16755,9273,55.34
20,473,BDL,EQ,7287059,2300208,31.57
20,474,BEACON,ST,40000,40000,100.00
20,475,BEARDSELL,EQ,80621,50246,62.32
20,476,BECTORFOOD,EQ,373004,214562,57.52
20,477,BEDMUTHA,EQ,10256,6040,58.89
20,478,BEL,EQ,64859245,24815241,38.26
20,479,BEML,EQ,1450966,304094,20.96
20,480,BEPL,EQ,2096923,1177094,56.13
20,481,BERGEPAINT,EQ,1948411,907742,46.59
20,482,BESTAGRO,EQ,38906,22718,58.39
20,483,BETA,SM,4500,3800,84.44
20,484,BEWLTD,SM,625,625,100.00
20,485,BFINVEST,EQ,131282,44748,34.09
20,486,BFSI,EQ,354152,330316,93.27
20,487,BFUTILITIE,EQ,659112,176838,26.83
20,488,BHAGCHEM,EQ,314204,185424,59.01
20,489,BHAGERIA,EQ,52784,24671,46.74
20,490,BHAGYANGR,EQ,260845,131166,50.29
20,491,BHANDARI,EQ,2473947,1619820,65.48
20,492,BHARATFORG,EQ,1438259,859652,59.77
20,493,BHARATGEAR,EQ,48211,28616,59.36
20,494,BHARATRAS,EQ,17652,5480,31.04
20,495,BHARATWIRE,EQ,167458,107994,64.49
20,496,BHARTIARTL,EQ,8671131,6721290,77.51
20,497,BHARTIHEXA,EQ,643266,300448,46.71
20,498,BHEL,EQ,20245612,7449498,36.80
20,499,BHINVIT,IV,108320,97466,89.98
20,500,BIGBLOC,EQ,116260,57218,49.22
20,501,BIKAJI,EQ,730114,343502,47.05
20,502,BIOCON,EQ,6208267,2820893,45.44
20,503,BIOFILCHEM,EQ,50946,31265,61.37
20,504,BIRDYS,SM,18000,10800,60.00
20,505,BIRET,RR,108049,92433,85.55
20,506,BIRLACABLE,EQ,83691,45306,54.13
20,507,BIRLACORPN,EQ,218557,102577,46.93
20,508,BIRLAMONEY,EQ,941252,460163,48.89
20,509,BLAL,EQ,1444977,404076,27.96
20,510,BLISSGVS,EQ,645648,240040,37.18
20,511,BLKASHYAP,EQ,1819117,1059511,58.24
20,512,BLS,EQ,6698930,2241109,33.45
20,513,BLSE,EQ,2112555,464851,22.00
20,514,BLUEDART,EQ,12352,7328,59.33
20,515,BLUEJET,EQ,77485,35736,46.12
20,516,BLUEPEBBLE,SM,15200,14400,94.74
20,517,BLUESTARCO,EQ,351318,179471,51.09
20,518,BMETRICS,SM,33200,22000,66.27
20,519,BODALCHEM,EQ,483260,218257,45.16
20,520,BOMDYEING,EQ,1185921,505842,42.65
20,521,BOROLTD,EQ,726310,313767,43.20
20,522,BORORENEW,EQ,292505,158973,54.35
20,523,BOSCHLTD,EQ,156530,43907,28.05
20,524,BPCL,EQ,7942475,4461215,56.17
20,525,BPL,EQ,362721,141126,38.91
20,526,BRIGADE,EQ,1075905,732636,68.09
20,527,BRIGHT,SM,492000,375000,76.22
20,528,BRITANNIA,EQ,155277,87610,56.42
20,529,BSE,EQ,468350,322687,68.90
20,530,BSE500IETF,EQ,3377720,3232449,95.70
20,531,BSHSL,EQ,20253,13842,68.35
20,532,BSL,EQ,17792,7224,40.60
20,533,BSLGOLDETF,EQ,537664,532054,98.96
20,534,BSLNIFTY,EQ,166557,116429,69.90
20,535,BSLSENETFG,EQ,3108,2252,72.46
20,536,BSOFT,EQ,3428629,1415202,41.28
20,537,BURNPUR,EQ,328983,245043,74.49
20,538,BUTTERFLY,EQ,27876,16065,57.63
20,539,BVCL,EQ,65093,23560,36.19
20,540,BYKE,EQ,178632,136072,76.17
20,541,CADSYS,ST,157500,134500,85.40
20,542,CAGL25,N8,1,1,100.00
20,543,CAGL25A,N4,17,17,100.00
20,544,CAMLINFINE,EQ,987769,456442,46.21
20,545,CAMPUS,EQ,1221842,415254,33.99
20,546,CAMS,EQ,244567,120010,49.07
20,547,CANARYS,SM,108000,80000,74.07
20,548,CANBK,EQ,33945927,19661083,57.92
20,549,CANFINHOME,EQ,4784271,971437,20.30
20,550,CANTABIL,EQ,293955,134758,45.84
20,551,CAPACITE,EQ,1109044,457379,41.24
20,552,CAPITALSFB,EQ,34625,19116,55.21
20,553,CAPLIPOINT,EQ,114835,50097,43.63
20,554,CAPTRUST,EQ,14227,8177,57.48
20,555,CARBORUNIV,EQ,257611,179097,69.52
20,556,CAREERP,EQ,148922,61072,41.01
20,557,CARERATING,EQ,25795,12826,49.72
20,558,CARTRADE,EQ,382964,178109,46.51
20,559,CARYSIL,EQ,85262,38793,45.50
20,560,CASTROLIND,EQ,2481319,1389613,56.00
20,561,CBAZAAR,SM,24000,24000,100.00
20,562,CCHHL,EQ,274658,159210,57.97
20,563,CCL,EQ,374795,195420,52.14
20,564,CDSL,EQ,844407,531444,62.94
20,565,CEATLTD,EQ,101719,43516,42.78
20,566,CELEBRITY,EQ,321271,295471,91.97
20,567,CELLECOR,SM,472800,305400,64.59
20,568,CELLO,EQ,421006,279715,66.44
20,569,CELLPOINT,SM,20400,15600,76.47
20,570,CENTENKA,EQ,42704,22007,51.53
20,571,CENTEXT,EQ,267639,157287,58.77
20,572,CENTRALBK,EQ,8823568,3580988,40.58
20,573,CENTRUM,EQ,1121744,703135,62.68
20,574,CENTUM,EQ,31233,15544,49.77
20,575,CENTURYPLY,EQ,576464,196820,34.14
20,576,CENTURYTEX,EQ,836813,231527,27.67
20,577,CERA,EQ,114258,33881,29.65
20,578,CESC,EQ,4558146,2180062,47.83
20,579,CGCL,EQ,764646,184334,24.11
20,580,CGPOWER,EQ,2788650,1738165,62.33
20,581,CGRAPHICS,SM,91200,76800,84.21
20,582,CHALET,EQ,145098,67711,46.67
20,583,CHAMBLFERT,EQ,2698236,746856,27.68
20,584,CHAVDA,SM,224000,164000,73.21
20,585,CHEMBOND,EQ,48443,25615,52.88
20,586,CHEMCON,EQ,29159,15762,54.06
20,587,CHEMFAB,EQ,18803,11743,62.45
20,588,CHEMPLASTS,EQ,818620,209960,25.65
20,589,CHENNPETRO,EQ,514736,193241,37.54
20,590,CHEVIOT,EQ,6010,3399,56.56
20,591,CHOICEIN,EQ,438937,104189,23.74
20,592,CHOLAFIN,EQ,1278612,710922,55.60
20,593,CHOLAHLDNG,EQ,153405,107184,69.87
20,594,CIEINDIA,EQ,354348,173999,49.10
20,595,CIFCZC25,ND,55,35,63.64
20,596,CIGNITITEC,EQ,146387,120261,82.15
20,597,CINELINE,EQ,46587,33941,72.86
20,598,CIPLA,EQ,2068897,1388279,67.10
20,599,CLEAN,EQ,97191,46418,47.76
20,600,CLEDUCATE,EQ,53087,38827,73.14
20,601,CLOUD,SM,103000,103000,100.00
20,602,CLSEL,EQ,118775,71925,60.56
20,603,CLSL,SM,68000,54000,79.41
20,604,CMMIPL,ST,132000,126000,95.45
20,605,CMNL,SM,39000,28500,73.08
20,606,CMRSL,SM,16800,16800,100.00
20,607,CMSINFO,EQ,801075,519050,64.79
20,608,COALINDIA,EQ,6946544,3349588,48.22
20,609,COASTCORP,EQ,88061,53403,60.64
20,610,COCHINSHIP,EQ,11963932,2293547,19.17
20,611,COFFEEDAY,EQ,1856280,801566,43.18
20,612,COFORGE,EQ,399967,188101,47.03
20,613,COLPAL,EQ,371522,188408,50.71
20,614,COMMITTED,SM,3200,3200,100.00
20,615,COMMOIETF,EQ,185864,156694,84.31
20,616,COMPUSOFT,EQ,115203,76226,66.17
20,617,COMSYN,EQ,73594,26123,35.50
20,618,CONCOR,EQ,823281,421365,51.18
20,619,CONCORDBIO,EQ,97548,47208,48.39
20,620,CONFIPET,EQ,1610802,471076,29.24
20,621,CONS,EQ,2670,2452,91.84
20,622,CONSOFINVT,EQ,33107,19357,58.47
20,623,CONSUMBEES,EQ,199914,164488,82.28
20,624,CONSUMIETF,EQ,33174,14154,42.67
20,625,CONTI,SM,6666,6666,100.00
20,626,CONTROLPR,EQ,50943,26874,52.75
20,627,COOLCAPS,SM,1250,1250,100.00
20,628,CORALFINAC,EQ,70633,41046,58.11
20,629,CORDSCABLE,EQ,72832,33349,45.79
20,630,COROMANDEL,EQ,742181,359487,48.44
20,631,COSMOFIRST,EQ,152166,98283,64.59
20,632,COUNCODOS,EQ,254964,166286,65.22
20,633,CPS,ST,1800,1800,100.00
20,634,CPSEETF,EQ,7065137,5141730,72.78
20,635,CRAFTSMAN,EQ,116996,58315,49.84
20,636,CRAYONS,SM,27000,23000,85.19
20,637,CREATIVE,EQ,12062,7858,65.15
20,638,CREDITACC,EQ,206462,115083,55.74
20,639,CREST,EQ,119669,78256,65.39
20,640,CRISIL,EQ,43523,31988,73.50
20,641,CROMPTON,EQ,3848024,2432346,63.21
20,642,CSBBANK,EQ,375060,240953,64.24
20,643,CSLFINANCE,EQ,67005,38565,57.56
20,644,CUB,EQ,10632872,3193068,30.03
20,645,CUMMINSIND,EQ,548966,276232,50.32
20,646,CYBERTECH,EQ,382408,176717,46.21
20,647,CYIENT,EQ,313460,183324,58.48
20,648,CYIENTDLM,EQ,1137893,654760,57.54
20,649,DABUR,EQ,4304663,2945552,68.43
20,650,DALBHARAT,EQ,305111,207951,68.16
20,651,DALMIASUG,EQ,178762,86490,48.38
20,652,DAMODARIND,EQ,44787,30072,67.14
20,653,DANGEE,EQ,103866,74501,71.73
20,654,DATAMATICS,EQ,242461,120446,49.68
20,655,DATAPATTNS,EQ,1977723,404537,20.45
20,656,DAVANGERE,EQ,12059689,6161930,51.10
20,657,DBCORP,EQ,231989,155310,66.95
20,658,DBL,EQ,535502,240279,44.87
20,659,DBOL,EQ,325081,229100,70.47
20,660,DBREALTY,EQ,2591213,1332700,51.43
20,661,DBSTOCKBRO,EQ,29841,16798,56.29
20,662,DCAL,EQ,497045,233404,46.96
20,663,DCBBANK,EQ,3619429,1842842,50.92
20,664,DCG,SM,61200,44400,72.55
20,665,DCM,EQ,20043,12627,63.00
20,666,DCMNVL,EQ,28511,17554,61.57
20,667,DCMSHRIRAM,EQ,87869,41120,46.80
20,668,DCMSRIND,EQ,319372,167975,52.60
20,669,DCW,EQ,3900928,1410901,36.17
20,670,DCXINDIA,EQ,6554811,2846012,43.42
20,671,DECCANCE,EQ,27645,18236,65.96
20,672,DEEM,SM,34000,31000,91.18
20,673,DEEPAKFERT,EQ,1850265,917652,49.60
20,674,DEEPAKNTR,EQ,306853,188825,61.54
20,675,DEEPENR,EQ,10332,6076,58.81
20,676,DEEPINDS,EQ,180749,84608,46.81
20,677,DELAPLEX,SM,55200,48600,88.04
20,678,DELHIVERY,EQ,2235588,1633945,73.09
20,679,DELTACORP,EQ,3988909,1682097,42.17
20,680,DELTAMAGNT,EQ,13959,9092,65.13
20,681,DEN,EQ,1732842,824087,47.56
20,682,DENEERS,SM,3600,3600,100.00
20,683,DENORA,EQ,20984,10283,49.00
20,684,DENTALKART,SM,20250,14250,70.37
20,685,DESTINY,ST,9000,9000,100.00
20,686,DEVIT,EQ,24179,14814,61.27
20,687,DEVYANI,EQ,2650677,1645445,62.08
20,688,DHAMPURSUG,EQ,810693,374182,46.16
20,689,DHANBANK,EQ,1955717,1004472,51.36
20,690,DHANI,EQ,3292853,1456374,44.23
20,691,DHANUKA,EQ,63837,39481,61.85
20,692,DHARMAJ,EQ,182372,96614,52.98
20,693,DHTL,SM,61600,54400,88.31
20,694,DHUNINV,EQ,4882,3203,65.61
20,695,DIAMINESQ,EQ,14722,9703,65.91
20,696,DIAMONDYD,EQ,27213,16289,59.86
20,697,DICIND,EQ,22972,16919,73.65
20,698,DIGIKORE,SM,15800,11400,72.15
20,699,DIGISPICE,EQ,2910333,1393427,47.88
20,700,DIL,EQ,1353020,822228,60.77
20,701,DISHTV,EQ,14758344,5766118,39.07
20,702,DIVGIITTS,EQ,31870,21336,66.95
20,703,DIVISLAB,EQ,241254,120593,49.99
20,704,DIVOPPBEES,EQ,63606,44415,69.83
20,705,DIXON,EQ,558513,149429,26.75
20,706,DKEGL,SM,19500,16500,84.62
20,707,DLF,EQ,2186628,1069783,48.92
20,708,DLINKINDIA,EQ,909318,309932,34.08
20,709,DLSL25A,Y4,2,2,100.00
20,710,DMART,EQ,2054168,757719,36.89
20,711,DMCC,EQ,25529,13140,51.47
20,712,DNAMEDIA,EQ,308968,171348,55.46
20,713,DODLA,EQ,89651,52555,58.62
20,714,DOLATALGO,EQ,581661,284174,48.86
20,715,DOLLAR,EQ,104221,63892,61.30
20,716,DOLLEX,SM,88000,60000,68.18
20,717,DOMS,EQ,698834,139940,20.02
20,718,DONEAR,EQ,568670,291699,51.29
20,719,DPABHUSHAN,EQ,8857,4815,54.36
20,720,DPSCLTD,EQ,1380769,848283,61.44
20,721,DPWIRES,EQ,33106,15815,47.77
20,722,DRCSYSTEMS,EQ,5816993,2531101,43.51
20,723,DREAMFOLKS,EQ,217393,137689,63.34
20,724,DREDGECORP,EQ,76389,53502,70.04
20,725,DRONE,SM,336000,240000,71.43
20,726,DRREDDY,EQ,615397,378731,61.54
20,727,DRSDILIP,SM,800,800,100.00
20,728,DSSL,EQ,40052,26197,65.41
20,729,DTIL,EQ,18817,14177,75.34
20,730,DUCOL,SM,44000,37600,85.45
20,731,DUGLOBAL,SM,30000,22500,75.00
20,732,DVL,EQ,46398,23006,49.58
20,733,DWARKESH,EQ,2648704,1286326,48.56
20,734,DYCL,EQ,239407,92766,38.75
20,735,DYNAMATECH,EQ,16092,8012,49.79
20,736,DYNAMIC,SM,151000,106000,70.20
20,737,DYNPRO,EQ,38163,25570,67.00
20,738,EASEMYTRIP,EQ,21452376,7715866,35.97
20,739,EBBETF0425,EQ,15169,14091,92.89
20,740,EBBETF0430,EQ,7981,6248,78.29
20,741,EBBETF0431,EQ,7322,6790,92.73
20,742,EBBETF0433,EQ,2787,1562,56.05
20,743,ECLERX,EQ,77198,40312,52.22
20,744,EDELWEISS,EQ,2708444,1305390,48.20
20,745,EFACTOR,SM,39200,29600,75.51
20,746,EFORCE,SM,62400,49200,78.85
20,747,EGOLD,EQ,1161,756,65.12
20,748,EICHERMOT,EQ,706641,331663,46.94
20,749,EIDPARRY,EQ,1096705,428624,39.08
20,750,EIFFL,EQ,41688,33640,80.69
20,751,EIHAHOTELS,EQ,206280,81274,39.40
20,752,EIHOTEL,EQ,855876,476962,55.73
20,753,EIMCOELECO,EQ,9622,6271,65.17
20,754,EKC,EQ,577995,403502,69.81
20,755,ELDEHSG,EQ,3381,1937,57.29
20,756,ELECON,EQ,210409,135803,64.54
20,757,ELECTCAST,EQ,1183084,651925,55.10
20,758,ELGIEQUIP,EQ,711980,295660,41.53
20,759,ELIN,EQ,1108484,524387,47.31
20,760,EMAMILTD,EQ,844551,227802,26.97
20,761,EMAMIPAP,EQ,297944,157291,52.79
20,762,EMAMIREAL,EQ,125725,79055,62.88
20,763,EMBASSY,RR,482318,416841,86.42
20,764,EMIL,EQ,455724,294677,64.66
20,765,EMKAYTOOLS,SM,8100,7200,88.89
20,766,EMMBI,EQ,36546,21349,58.42
20,767,EMMIL,SM,144000,90000,62.50
20,768,EMSLIMITED,EQ,421246,243803,57.88
20,769,EMUDHRA,EQ,458055,165065,36.04
20,770,ENDURANCE,EQ,217751,109313,50.20
20,771,ENERGYDEV,EQ,81504,54485,66.85
20,772,ENFUSE,SM,28800,22800,79.17
20,773,ENGINERSIN,EQ,12838669,4669425,36.37
20,774,ENIL,EQ,65799,32778,49.82
20,775,ENSER,SM,144000,68000,47.22
20,776,ENTERO,EQ,270426,240687,89.00
20,777,EPACK,EQ,3457100,1368849,39.60
20,778,EPIGRAL,EQ,71009,33603,47.32
20,779,EPL,EQ,1093569,413332,37.80
20,780,EQUAL50ADD,EQ,11061,5804,52.47
20,781,EQUITASBNK,EQ,3178543,1993285,62.71
20,782,ERIS,EQ,220587,123311,55.90
20,783,EROSMEDIA,EQ,376118,235822,62.70
20,784,ESABINDIA,EQ,33710,19154,56.82
20,785,ESAFSFB,EQ,2644213,1509076,57.07
20,786,ESCONET,SM,94400,56000,59.32
20,787,ESCORTS,EQ,255721,88463,34.59
20,788,ESFL,SM,31800,27000,84.91
20,789,ESG,EQ,152264,145058,95.27
20,790,ESILVER,EQ,41812,40910,97.84
20,791,ESSARSHPNG,EQ,2602133,1767949,67.94
20,792,ESTER,EQ,103698,51218,49.39
20,793,ETHOSLTD,EQ,69406,36749,52.95
20,794,EUROBOND,SM,3000,3000,100.00
20,795,EUROTEXIND,EQ,3646,2991,82.04
20,796,EVEREADY,EQ,116147,57386,49.41
20,797,EVERESTIND,EQ,37142,17962,48.36
20,798,EXCELINDUS,EQ,80333,24012,29.89
20,799,EXICOM,EQ,3337311,1199414,35.94
20,800,EXIDEIND,EQ,9249847,2710571,29.30
20,801,EXPLEOSOL,EQ,19643,13193,67.16
20,802,EXXARO,EQ,287901,149463,51.91
20,803,FACT,EQ,9810914,1160075,11.82
20,804,FAIRCHEMOR,EQ,21358,11739,54.96
20,805,FAZE3Q,EQ,47004,32321,68.76
20,806,FCL,EQ,222099,120479,54.25
20,807,FCSSOFT,EQ,5079750,3555533,69.99
20,808,FDC,EQ,119061,55845,46.90
20,809,FEDERALBNK,EQ,10019555,3586136,35.79
20,810,FEDFINA,EQ,351107,225825,64.32
20,811,FELIX,SM,22500,13000,57.78
20,812,FIBERWEB,EQ,85204,54480,63.94
20,813,FIDEL,SM,85000,56000,65.88
20,814,FIEMIND,EQ,1747779,1168923,66.88
20,815,FILATEX,EQ,1301274,508852,39.10
20,816,FILATFASH,EQ,5677856,2673244,47.08
20,817,FINCABLES,EQ,169268,95113,56.19
20,818,FINEORG,EQ,20729,11843,57.13
20,819,FINIETF,EQ,211847,174662,82.45
20,820,FINOPB,EQ,48544,22682,46.72
20,821,FINPIPE,EQ,686488,316238,46.07
20,822,FIVESTAR,EQ,384732,245806,63.89
20,823,FLAIR,EQ,346604,301183,86.90
20,824,FLUOROCHEM,EQ,132846,79506,59.85
20,825,FMCGIETF,EQ,616026,376903,61.18
20,826,FMGOETZE,EQ,231710,140662,60.71
20,827,FMNL,EQ,162865,93664,57.51
20,828,FOCE,SM,600,200,33.33
20,829,FOCUS,EQ,863252,122265,14.16
20,830,FONEBOX,SM,33000,22000,66.67
20,831,FOODSIN,EQ,128164,73334,57.22
20,832,FORCEMOT,EQ,19688,12128,61.60
20,833,FORTIS,EQ,1255345,744314,59.29
20,834,FOSECOIND,EQ,2855,1548,54.22
20,835,FROG,SM,58000,38000,65.52
20,836,FSL,EQ,2287985,1023918,44.75
20,837,FUSION,EQ,171317,107722,62.88
20,838,GABRIEL,EQ,2709969,610892,22.54
20,839,GAEL,EQ,4032633,1367780,33.92
20,840,GAIL,EQ,18556534,8270751,44.57
20,841,GALAXYSURF,EQ,8756,5813,66.39
20,842,GANDHAR,EQ,641032,336490,52.49
20,843,GANDHITUBE,EQ,5344,2976,55.69
20,844,GANECOS,EQ,41429,23179,55.95
20,845,GANESHBE,EQ,296617,140451,47.35
20,846,GANESHHOUC,EQ,254245,113703,44.72
20,847,GANGESSECU,EQ,42683,16470,38.59
20,848,GARFIBRES,EQ,7931,3821,48.18
20,849,GATEWAY,EQ,2602283,2121606,81.53
20,850,GEECEE,EQ,36083,11856,32.86
20,851,GEEKAYWIRE,EQ,151930,86124,56.69
20,852,GENCON,EQ,1438303,545060,37.90
20,853,GENESYS,EQ,581325,319880,55.03
20,854,GENSOL,EQ,264882,158183,59.72
20,855,GENUSPAPER,EQ,1278185,567623,44.41
20,856,GENUSPOWER,EQ,1121937,760317,67.77
20,857,GEOJITFSL,EQ,557745,235251,42.18
20,858,GEPIL,EQ,1194243,384527,32.20
20,859,GESHIP,EQ,1214053,418582,34.48
20,860,GFLLIMITED,EQ,166653,114479,68.69
20,861,GHCL,EQ,171286,87743,51.23
20,862,GHCLTEXTIL,EQ,434539,269535,62.03
20,863,GICHSGFIN,EQ,2882055,980936,34.04
20,864,GICRE,EQ,1148778,405745,35.32
20,865,GILLANDERS,EQ,61176,29655,48.47
20,866,GILLETTE,EQ,18169,10992,60.50
20,867,GILT5YBEES,EQ,327561,288242,88.00
20,868,GINNIFILA,EQ,53883,35911,66.65
20,869,GIPCL,EQ,8803460,2751184,31.25
20,870,GIRIRAJ,ST,2000,2000,100.00
20,871,GLAND,EQ,296667,226492,76.35
20,872,GLAXO,EQ,88404,49291,55.76
20,873,GLENMARK,EQ,1122110,421970,37.61
20,874,GLOBALPET,SM,7500,4500,60.00
20,875,GLOBE,EQ,9691361,7027862,72.52
20,876,GLOBUSSPR,EQ,147850,85915,58.11
20,877,GLOSTERLTD,EQ,3320,2556,76.99
20,878,GLS,EQ,42754,24657,57.67
20,879,GMBREW,EQ,42351,25397,59.97
20,880,GMDCLTD,EQ,3455682,1003018,29.03
20,881,GMMPFAUDLR,EQ,130140,68581,52.70
20,882,GMRINFRA,EQ,115730997,55113365,47.62
20,883,GMRP&UI,EQ,7877699,3569782,45.32
20,884,GNA,EQ,115049,60453,52.55
20,885,GNFC,EQ,2683008,1114076,41.52
20,886,GOACARBON,EQ,27594,15792,57.23
20,887,GOCLCORP,EQ,640709,259162,40.45
20,888,GOCOLORS,EQ,50672,18721,36.95
20,889,GODFRYPHLP,EQ,244655,51187,20.92
20,890,GODHA,EQ,16347149,8238101,50.39
20,891,GODIGIT,EQ,718819,391290,54.44
20,892,GODREJAGRO,EQ,1852033,828617,44.74
20,893,GODREJCP,EQ,973039,632291,64.98
20,894,GODREJIND,EQ,215519,124085,57.57
20,895,GODREJPROP,EQ,769815,337907,43.89
20,896,GOKEX,EQ,130541,70621,54.10
20,897,GOKULAGRO,EQ,405707,114965,28.34
20,898,GOLD1,EQ,442860,345866,78.10
20,899,GOLDBEES,EQ,8789943,6435602,73.22
20,900,GOLDCASE,EQ,466799,356823,76.44
20,901,GOLDETF,EQ,789734,734265,92.98
20,902,GOLDETFADD,EQ,324256,314873,97.11
20,903,GOLDIAM,EQ,507133,330544,65.18
20,904,GOLDIETF,EQ,908419,716213,78.84
20,905,GOLDSHARE,EQ,188401,140929,74.80
20,906,GOLDSTAR,SM,213750,123750,57.89
20,907,GOLDTECH,EQ,17968,11971,66.62
20,908,GOODLUCK,EQ,135830,85996,63.31
20,909,GOPAL,EQ,518462,350095,67.53
20,910,GOYALSALT,SM,22800,19200,84.21
20,911,GPIL,EQ,1831348,805403,43.98
20,912,GPPL,EQ,4567134,1215895,26.62
20,913,GPTHEALTH,EQ,138543,80507,58.11
20,914,GRANULES,EQ,1366206,640626,46.89
20,915,GRAPHISAD,SM,21600,21600,100.00
20,916,GRAPHITE,EQ,654841,361870,55.26
20,917,GRASIM,EQ,467553,237242,50.74
20,918,GRAVITA,EQ,313632,136186,43.42
20,919,GRCL,SM,5000,4000,80.00
20,920,GREAVESCOT,EQ,824478,465163,56.42
20,921,GREENCHEF,SM,20000,16000,80.00
20,922,GREENLAM,EQ,92857,42047,45.28
20,923,GREENPANEL,EQ,487934,236661,48.50
20,924,GREENPLY,EQ,2368927,711128,30.02
20,925,GREENPOWER,EQ,4875114,3508792,71.97
20,926,GRINDWELL,EQ,40094,17364,43.31
20,927,GRINFRA,EQ,74169,40449,54.54
20,928,GRMOVER,EQ,1216179,567936,46.70
20,929,GROBTEA,EQ,1289,877,68.04
20,930,GRPLTD,EQ,1879,1009,53.70
20,931,GRSE,EQ,14576795,2153861,14.78
20,932,GRWRHITECH,EQ,226622,110239,48.64
20,933,GSEC10IETF,EQ,1292,1266,97.99
20,934,GSEC10YEAR,EQ,5662,3604,63.65
20,935,GSEC5IETF,EQ,4050,4029,99.48
20,936,GSFC,EQ,8992813,3259547,36.25
20,937,GSLSU,EQ,157180,91483,58.20
20,938,GSMFOILS,SM,628000,436000,69.43
20,939,GSPL,EQ,993681,518582,52.19
20,940,GSTL,SM,30000,26000,86.67
20,941,GTLINFRA,EQ,46585099,45834993,98.39
20,942,GTPL,EQ,37780,18856,49.91
20,943,GUFICBIO,EQ,85222,41033,48.15
20,944,GUJALKALI,EQ,80245,33752,42.06
20,945,GUJAPOLLO,EQ,85858,38059,44.33
20,946,GUJGASLTD,EQ,1223208,429741,35.13
20,947,GUJRAFFIA,EQ,14984,10909,72.80
20,948,GULFOILLUB,EQ,228698,112771,49.31
20,949,GULFPETRO,EQ,911250,432470,47.46
20,950,GULPOLY,EQ,228252,112533,49.30
20,951,HAL,EQ,9934132,2133846,21.48
20,952,HAPPSTMNDS,EQ,431080,219335,50.88
20,953,HAPPYFORGE,EQ,56601,25652,45.32
20,954,HARDWYN,EQ,642243,374789,58.36
20,955,HARIOMPIPE,EQ,71658,48079,67.10
20,956,HARRMALAYA,EQ,397245,199884,50.32
20,957,HARSHA,EQ,157337,72522,46.09
20,958,HATHWAY,EQ,9772685,4193641,42.91
20,959,HATSUN,EQ,38944,9630,24.73
20,960,HAVELLS,EQ,3521095,2718727,77.21
20,961,HAVISHA,EQ,161689,137968,85.33
20,962,HBLPOWER,EQ,6637599,2921855,44.02
20,963,HBSL,EQ,39744,26452,66.56
20,964,HCC,EQ,33568277,18591081,55.38
20,965,HCG,EQ,1398610,1295768,92.65
20,966,HCLTECH,EQ,2223029,1455461,65.47
20,967,HDFCAMC,EQ,378174,159147,42.08
20,968,HDFCBANK,EQ,16207857,9280334,57.26
20,969,HDFCBSE500,EQ,17325,12550,72.44
20,970,HDFCGOLD,EQ,848972,754400,88.86
20,971,HDFCGROWTH,EQ,4780,2842,59.46
20,972,HDFCLIFE,EQ,5120280,2531394,49.44
20,973,HDFCLIQUID,EQ,11946,6267,52.46
20,974,HDFCLOWVOL,EQ,20872,15776,75.58
20,975,HDFCMID150,EQ,461052,345934,75.03
20,976,HDFCMOMENT,EQ,365126,277704,76.06
20,977,HDFCNEXT50,EQ,93514,85587,91.52
20,978,HDFCNIF100,EQ,63591,54396,85.54
20,979,HDFCNIFBAN,EQ,14184195,46195,0.33
20,980,HDFCNIFIT,EQ,32362,26006,80.36
20,981,HDFCNIFTY,EQ,151419,127884,84.46
20,982,HDFCPSUBK,EQ,25971,19413,74.75
20,983,HDFCPVTBAN,EQ,3156514,3114350,98.66
20,984,HDFCQUAL,EQ,6150,4448,72.33
20,985,HDFCSENSEX,EQ,37677,31220,82.86
20,986,HDFCSILVER,EQ,358365,284950,79.51
20,987,HDFCSML250,EQ,427006,265645,62.21
20,988,HDFCVALUE,EQ,5391,4521,83.86
20,989,HEALTHADD,EQ,4296,3517,81.87
20,990,HEALTHIETF,EQ,110640,81018,73.23
20,991,HEALTHY,EQ,828038,638299,77.09
20,992,HECPROJECT,EQ,69409,51615,74.36
20,993,HEG,EQ,76217,27712,36.36
20,994,HEIDELBERG,EQ,150986,70471,46.67
20,995,HEMIPROP,EQ,1018026,430573,42.29
20,996,HERANBA,EQ,501651,213470,42.55
20,997,HERCULES,EQ,201066,87533,43.53
20,998,HERITGFOOD,EQ,6492934,1635570,25.19
20,999,HEROMOTOCO,EQ,527069,261473,49.61
20,1000,HESTERBIO,EQ,29871,14228,47.63
20,1001,HEUBACHIND,EQ,42506,24599,57.87
20,1002,HEXATRADEX,EQ,12424,9149,73.64
20,1003,HFCL,EQ,134767373,33332450,24.73
20,1004,HGINFRA,EQ,163795,74851,45.70
20,1005,HGS,EQ,40697,17698,43.49
20,1006,HIGREEN,SM,170400,150400,88.26
20,1007,HIKAL,EQ,205872,100880,49.00
20,1008,HIL,EQ,9218,5119,55.53
20,1009,HILTON,EQ,867470,241700,27.86
20,1010,HIMATSEIDE,EQ,395624,234198,59.20
20,1011,HINDALCO,EQ,4013739,2476247,61.69
20,1012,HINDCOMPOS,EQ,15025,10381,69.09
20,1013,HINDCOPPER,EQ,4235765,2184108,51.56
20,1014,HINDMOTORS,EQ,3265553,1619108,49.58
20,1015,HINDOILEXP,EQ,4532838,1968639,43.43
20,1016,HINDPETRO,EQ,6850924,3577423,52.22
20,1017,HINDUNILVR,EQ,1820933,1321466,72.57
20,1018,HINDWAREAP,EQ,276911,154563,55.82
20,1019,HINDZINC,EQ,982672,656480,66.81
20,1020,HIRECT,EQ,17543,10020,57.12
20,1021,HISARMETAL,EQ,15284,9926,64.94
20,1022,HITECH,EQ,348230,158649,45.56
20,1023,HITECHCORP,EQ,8386,5871,70.01
20,1024,HLEGLAS,EQ,183115,52236,28.53
20,1025,HMAAGRO,EQ,406168,289126,71.18
20,1026,HMVL,EQ,68904,41333,59.99
20,1027,HNDFDS,EQ,85974,56163,65.33
20,1028,HNGSNGBEES,EQ,154046,105098,68.23
20,1029,HOACFOODS,SM,96000,63000,65.63
20,1030,HOLMARC,SM,10500,9000,85.71
20,1031,HOMEFIRST,EQ,806619,379589,47.06
20,1032,HOMESFY,ST,1500,1200,80.00
20,1033,HONASA,EQ,767375,495852,64.62
20,1034,HONAUT,EQ,8546,3868,45.26
20,1035,HONDAPOWER,EQ,132100,30820,23.33
20,1036,HPAL,EQ,157530,91241,57.92
20,1037,HPIL,EQ,22305,16274,72.96
20,1038,HPL,EQ,2546812,654826,25.71
20,1039,HRHNEXT,SM,15000,12000,80.00
20,1040,HSCL,EQ,636089,438074,68.87
20,1041,HTMEDIA,EQ,296261,182147,61.48
20,1042,HUDCO,EQ,7123891,2810200,39.45
20,1043,HUHTAMAKI,EQ,323900,125386,38.71
20,1044,HYBRIDFIN,EQ,31166,26368,84.61
20,1045,IBHF24A,ZS,20,20,100.00
20,1046,IBHFZC25F,Y5,40,30,75.00
20,1047,IBLFL,SM,26000,18000,69.23
20,1048,IBREALEST,EQ,9385097,4008539,42.71
20,1049,IBULHSGFIN,EQ,14245280,5479536,38.47
20,1050,IBULPP,E1,3689245,2402572,65.12
20,1051,ICCL25,NS,1,1,100.00
20,1052,ICEMAKE,EQ,218371,95521,43.74
20,1053,ICICIB22,EQ,1419664,924703,65.14
20,1054,ICICIBANK,EQ,18306176,12278243,67.07
20,1055,ICICIGI,EQ,3501765,2553692,72.93
20,1056,ICICIPRULI,EQ,2005317,1062386,52.98
20,1057,ICIL,EQ,228412,122179,53.49
20,1058,ICRA,EQ,53037,36308,68.46
20,1059,IDBI,EQ,4709507,1863785,39.57
20,1060,IDEA,EQ,804338492,221557748,27.55
20,1061,IDEAFORGE,EQ,7457870,1627961,21.83
20,1062,IDFC,EQ,14238682,5522581,38.79
20,1063,IDFCFIRSTB,EQ,73328337,29115791,39.71
20,1064,IDFNIFTYET,EQ,1506,766,50.86
20,1065,IEL,EQ,194987,134055,68.75
20,1066,IEML,SM,315000,209000,66.35
20,1067,IEX,EQ,37756106,10474972,27.74
20,1068,IFBAGRO,EQ,9331,5334,57.16
20,1069,IFBIND,EQ,48095,27313,56.79
20,1070,IFCI,EQ,35197722,11503604,32.68
20,1071,IFGLEXPOR,EQ,24710,17728,71.74
20,1072,IGARASHI,EQ,215379,100489,46.66
20,1073,IGL,EQ,1106421,465595,42.08
20,1074,IGPL,EQ,649352,262931,40.49
20,1075,IHF310524,ZF,30,30,100.00
20,1076,IHF310524A,ZK,48,48,100.00
20,1077,IIFL,EQ,8975120,2135125,23.79
20,1078,IIFLHF29,NE,30,30,100.00
20,1079,IIFLHFZC27,NB,40,0,0.00
20,1080,IIFLSEC,EQ,750575,505608,67.36
20,1081,IIFLZC25,ND,17,17,100.00
20,1082,IIFLZC25A,NP,1890,1879,99.42
20,1083,IIFLZC25B,NW,51,51,100.00
20,1084,IIFLZC25C,N8,50,50,100.00
20,1085,IIFLZC26,NN,100,100,100.00
20,1086,IIFLZC26B,NY,85,85,100.00
20,1087,IIFLZC28,NG,10,10,100.00
20,1088,IIFLZC28B,Y1,9,9,100.00
20,1089,IIFLZC28C,N6,20,20,100.00
20,1090,IITL,EQ,6967,4694,67.37
20,1091,IKIO,EQ,250397,158605,63.34
20,1092,IMAGICAA,EQ,991637,544277,54.89
20,1093,IMC1,N0,83,83,100.00
20,1094,IMC1,N1,9,9,100.00
20,1095,IMC1,N3,1115,1115,100.00
20,1096,IMFA,EQ,96120,46394,48.27
20,1097,IMPAL,EQ,23541,13836,58.77
20,1098,INCREDIBLE,EQ,19817,12378,62.46
20,1099,INDBANK,EQ,153953,64346,41.80
20,1100,INDGN,EQ,792041,374048,47.23
20,1101,INDHOTEL,EQ,5305896,2609631,49.18
20,1102,INDIACEM,EQ,1663574,716727,43.08
20,1103,INDIAGLYCO,EQ,156217,83875,53.69
20,1104,INDIAMART,EQ,140805,55027,39.08
20,1105,INDIANB,EQ,1044883,565938,54.16
20,1106,INDIANCARD,EQ,7386,3912,52.97
20,1107,INDIANHUME,EQ,360760,158415,43.91
20,1108,INDIASHLTR,EQ,262322,129124,49.22
20,1109,INDIFRA,SM,8000,8000,100.00
20,1110,INDIGO,EQ,1160966,744381,64.12
20,1111,INDIGOPNTS,EQ,63864,42050,65.84
20,1112,INDIGRID,IV,407386,362295,88.93
20,1113,INDNIPPON,EQ,172632,76330,44.22
20,1114,INDOAMIN,EQ,85323,44366,52.00
20,1115,INDOBORAX,EQ,52634,31057,59.01
20,1116,INDOCO,EQ,88972,59592,66.98
20,1117,INDORAMA,EQ,186703,90571,48.51
20,1118,INDOSTAR,EQ,221270,123627,55.87
20,1119,INDOTHAI,EQ,6657,3739,56.17
20,1120,INDOWIND,EQ,542773,330668,60.92
20,1121,INDRAMEDCO,EQ,290449,171207,58.95
20,1122,INDSWFTLAB,EQ,165142,96955,58.71
20,1123,INDTERRAIN,EQ,145512,57799,39.72
20,1124,INDUSINDBK,EQ,2811967,1701812,60.52
20,1125,INDUSTOWER,EQ,17706369,5222857,29.50
20,1126,INFIBEAM,EQ,30481793,11113908,36.46
20,1127,INFINIUM,SM,28500,19500,68.42
20,1128,INFOBEAN,EQ,136548,72649,53.20
20,1129,INFOLLION,SM,17600,13600,77.27
20,1130,INFOMEDIA,EQ,50381,25391,50.40
20,1131,INFRABEES,EQ,23526,14247,60.56
20,1132,INFRAIETF,EQ,212321,149169,70.26
20,1133,INFY,EQ,5420939,3941258,72.70
20,1134,INGERRAND,EQ,13886,6733,48.49
20,1135,INM,SM,18000,15600,86.67
20,1136,INNOVACAP,EQ,194951,165523,84.90
20,1137,INNOVANA,SM,21600,12600,58.33
20,1138,INNOVATIVE,SM,228000,156000,68.42
20,1139,INOXGREEN,EQ,2134703,1110091,52.00
20,1140,INOXINDIA,EQ,545794,218993,40.12
20,1141,INOXWIND,EQ,4725606,2103411,44.51
20,1142,INSECTICID,EQ,259308,119181,45.96
20,1143,INSPIRE,SM,20000,16000,80.00
20,1144,INTELLECT,EQ,243444,120920,49.67
20,1145,INTENTECH,EQ,300004,134955,44.98
20,1146,INTLCONV,EQ,258020,141035,54.66
20,1147,INVENTURE,EQ,8404534,4918366,58.52
20,1148,IOB,EQ,9545217,3835162,40.18
20,1149,IOC,EQ,17723479,9096086,51.32
20,1150,IOLCP,EQ,618610,287134,46.42
20,1151,IONEXCHANG,EQ,336553,189391,56.27
20,1152,IPCALAB,EQ,524432,363515,69.32
20,1153,IPL,EQ,730104,340442,46.63
20,1154,IPSL,SM,1000,1000,100.00
20,1155,IRB,EQ,49565992,25291832,51.03
20,1156,IRBINVIT,IV,224496,200231,89.19
20,1157,IRCON,EQ,13291010,4769581,35.89
20,1158,IRCTC,EQ,2486989,987113,39.69
20,1159,IREDA,EQ,14305706,7486121,52.33
20,1160,IRFC,EQ,38754538,15079002,38.91
20,1161,IRISDOREME,EQ,94058,43553,46.30
20,1162,IRMENERGY,EQ,219678,140006,63.73
20,1163,ISEC,EQ,279905,168943,60.36
20,1164,ISFT,EQ,20951,14396,68.71
20,1165,ISGEC,EQ,206654,84717,40.99
20,1166,ISHAN,SM,432000,288000,66.67
20,1167,ISMTLTD,EQ,547467,314397,57.43
20,1168,IT,EQ,101626,86091,84.71
20,1169,ITALIANE,SM,10000,10000,100.00
20,1170,ITBEES,EQ,9442814,8350885,88.44
20,1171,ITC,EQ,14098178,10503511,74.50
20,1172,ITDC,EQ,238242,66613,27.96
20,1173,ITDCEM,EQ,1723886,743602,43.14
20,1174,ITETF,EQ,76829,53187,69.23
20,1175,ITETFADD,EQ,52684,48919,92.85
20,1176,ITI,EQ,5948101,1222390,20.55
20,1177,ITIETF,EQ,628722,353143,56.17
20,1178,IVC,EQ,847955,528182,62.29
20,1179,IVP,EQ,94736,49782,52.55
20,1180,IVZINGOLD,EQ,242,225,92.98
20,1181,IVZINNIFTY,EQ,113,65,57.52
20,1182,IWEL,EQ,14286,10466,73.26
20,1183,IXIGO,EQ,96460326,40730947,42.23
20,1184,IZMO,EQ,68040,44951,66.07
20,1185,JAGRAN,EQ,312767,174771,55.88
20,1186,JAGSNPHARM,EQ,28932,21622,74.73
20,1187,JAICORPLTD,EQ,1824583,446625,24.48
20,1188,JAINAM,SM,19000,18000,94.74
20,1189,JALAN,SM,48000,36000,75.00
20,1190,JAMNAAUTO,EQ,3383866,1107595,32.73
20,1191,JASH,EQ,17623,10577,60.02
20,1192,JAYAGROGN,EQ,839017,299488,35.70
20,1193,JAYBARMARU,EQ,98046,55269,56.37
20,1194,JAYNECOIND,EQ,299738,171530,57.23
20,1195,JAYSREETEA,EQ,357599,235784,65.94
20,1196,JBCHEPHARM,EQ,204197,121932,59.71
20,1197,JBMA,EQ,187181,70394,37.61
20,1198,JCHAC,EQ,97414,67844,69.65
20,1199,JETFREIGHT,EQ,94775,68919,72.72
20,1200,JFLLIFE,SM,8000,6000,75.00
20,1201,JGCHEM,EQ,101801,56968,55.96
20,1202,JINDALPHOT,EQ,15231,7738,50.80
20,1203,JINDALPOLY,EQ,339154,110454,32.57
20,1204,JINDALSAW,EQ,462754,239097,51.67
20,1205,JINDALSTEL,EQ,2798849,1653721,59.09
20,1206,JINDRILL,EQ,56928,31386,55.13
20,1207,JINDWORLD,EQ,29023,13051,44.97
20,1208,JIOFIN,EQ,22666205,11141051,49.15
20,1209,JISLDVREQS,EQ,224645,143287,63.78
20,1210,JISLJALEQS,EQ,4148112,2556889,61.64
20,1211,JITFINFRA,EQ,51825,34684,66.93
20,1212,JIWANRAM,SM,18000,12000,66.67
20,1213,J&KBANK,EQ,2368413,1356956,57.29
20,1214,JKCEMENT,EQ,202431,110978,54.82
20,1215,JKIL,EQ,1700410,395939,23.28
20,1216,JKLAKSHMI,EQ,546876,357472,65.37
20,1217,JKPAPER,EQ,6386915,1232548,19.30
20,1218,JKTYRE,EQ,937800,495830,52.87
20,1219,JLHL,EQ,19044,10549,55.39
20,1220,JMA,EQ,126370,64942,51.39
20,1221,JMFINANCIL,EQ,3016054,1410540,46.77
20,1222,JNKINDIA,EQ,2382055,728620,30.59
20,1223,JOCIL,EQ,32356,16223,50.14
20,1224,JPOLYINVST,EQ,14653,9756,66.58
20,1225,JPPOWER,EQ,41377058,25627861,61.94
20,1226,JSFB,EQ,245842,120026,48.82
20,1227,JSL,EQ,767287,399388,52.05
20,1228,JSLL,ST,19620,19080,97.25
20,1229,JSWENERGY,EQ,7214644,3387204,46.95
20,1230,JSWHL,EQ,5461,2378,43.55
20,1231,JSWINFRA,EQ,5638214,3323890,58.95
20,1232,JSWSTEEL,EQ,2395045,1374338,57.38
20,1233,JTEKTINDIA,EQ,1162322,553841,47.65
20,1234,JTLIND,EQ,659644,311918,47.29
20,1235,JUBLFOOD,EQ,5083829,1889689,37.17
20,1236,JUBLINDS,EQ,75127,42230,56.21
20,1237,JUBLINGREA,EQ,408287,239785,58.73
20,1238,JUBLPHARMA,EQ,867620,147723,17.03
20,1239,JUNIORBEES,EQ,271496,156467,57.63
20,1240,JUNIPER,EQ,574132,445778,77.64
20,1241,JUSTDIAL,EQ,166755,81031,48.59
20,1242,JWL,EQ,2344200,905110,38.61
20,1243,JYOTHYLAB,EQ,529952,315603,59.55
20,1244,JYOTICNC,EQ,370755,150910,40.70
20,1245,JYOTISTRUC,EQ,9538133,5683575,59.59
20,1246,K2INFRA,SM,277200,172800,62.34
20,1247,KABRAEXTRU,EQ,115984,49167,42.39
20,1248,KAJARIACER,EQ,1526616,978651,64.11
20,1249,KAKATCEM,EQ,10621,6746,63.52
20,1250,KALAMANDIR,EQ,731802,468427,64.01
20,1251,KALYANIFRG,EQ,18961,11836,62.42
20,1252,KALYANKJIL,EQ,4970051,3108860,62.55
20,1253,KAMATHOTEL,EQ,136739,83006,60.70
20,1254,KAMDHENU,EQ,222781,77030,34.58
20,1255,KAMOPAINTS,EQ,7175617,2935009,40.90
20,1256,KANANIIND,EQ,2145816,1571002,73.21
20,1257,KANDARP,SM,8000,8000,100.00
20,1258,KANORICHEM,EQ,63664,39729,62.40
20,1259,KANPRPLA,EQ,13027,8290,63.64
20,1260,KANSAINER,EQ,796391,486495,61.09
20,1261,KAPSTON,EQ,18856,10199,54.09
20,1262,KARMAENG,EQ,35895,8707,24.26
20,1263,KARNIKA,SM,1600,1600,100.00
20,1264,KARURVYSYA,EQ,4794488,1714135,35.75
20,1265,KAUSHALYA,EQ,643,422,65.63
20,1266,KAYA,EQ,450277,139355,30.95
20,1267,KAYNES,EQ,442154,188967,42.74
20,1268,KBCGLOBAL,EQ,72561249,29837607,41.12
20,1269,KCEIL,SM,122500,84000,68.57
20,1270,KCK,ST,10000,10000,100.00
20,1271,KCP,EQ,1608777,667391,41.48
20,1272,KCPSUGIND,EQ,1442068,579674,40.20
20,1273,KDDL,EQ,13782,7619,55.28
20,1274,KDL,SM,7300,7200,98.63
20,1275,KEC,EQ,760261,369148,48.56
20,1276,KECL,EQ,1394552,726307,52.08
20,1277,KEI,EQ,264532,156994,59.35
20,1278,KEL,SM,32400,16800,51.85
20,1279,KELLTONTEC,EQ,916275,508874,55.54
20,1280,KERNEX,EQ,8205,8205,100.00
20,1281,KESORAMIND,EQ,681933,326864,47.93
20,1282,KFINTECH,EQ,563671,341024,60.50
20,1283,KHADIM,EQ,49780,36499,73.32
20,1284,KHAICHEM,EQ,581056,223872,38.53
20,1285,KHAITANLTD,EQ,27136,22029,81.18
20,1286,KHANDSE,EQ,15246,8332,54.65
20,1287,KHFM,SM,12400,3100,25.00
20,1288,KICL,EQ,15831,6849,43.26
20,1289,KILITCH,EQ,6366,4305,67.62
20,1290,KIMS,EQ,163980,141825,86.49
20,1291,KINGFA,EQ,17581,8837,50.26
20,1292,KIOCL,EQ,365734,111433,30.47
20,1293,KIRIINDUS,EQ,469288,221992,47.30
20,1294,KIRLOSBROS,EQ,161114,80928,50.23
20,1295,KIRLOSENG,EQ,592792,339532,57.28
20,1296,KIRLOSIND,EQ,6956,3078,44.25
20,1297,KIRLPNU,EQ,163663,97788,59.75
20,1298,KITEX,EQ,212950,116487,54.70
20,1299,KKCL,EQ,64492,37589,58.28
20,1300,KLL,SM,56000,43200,77.14
20,1301,KMSUGAR,EQ,2009414,1009817,50.25
20,1302,KNAGRI,SM,50400,44000,87.30
20,1303,KNRCON,EQ,2807291,1468447,52.31
20,1304,KODYTECH,SM,23900,13300,55.65
20,1305,KOHINOOR,EQ,470144,296657,63.10
20,1306,KOKUYOCMLN,EQ,148324,77140,52.01
20,1307,KOLTEPATIL,EQ,708401,207714,29.32
20,1308,KONSTELEC,SM,79000,60000,75.95
20,1309,KONTOR,SM,13200,9600,72.73
20,1310,KOPRAN,EQ,261878,142279,54.33
20,1311,KORE,SM,28500,22500,78.95
20,1312,KOTAKBANK,EQ,5707330,4175570,73.16
20,1313,KOTARISUG,EQ,417438,228340,54.70
20,1314,KOTHARIPET,EQ,267509,73235,27.38
20,1315,KOTHARIPRO,EQ,19216,9936,51.71
20,1316,KOTYARK,SM,30400,24100,79.28
20,1317,KPIGREEN,EQ,227346,143577,63.15
20,1318,KPIL,EQ,4369315,2526322,57.82
20,1319,KPITTECH,EQ,881537,489317,55.51
20,1320,KPRMILL,EQ,182637,110666,60.59
20,1321,KRBL,EQ,3670268,2200432,59.95
20,1322,KREBSBIO,EQ,14064,10318,73.36
20,1323,KRISHANA,EQ,115093,63240,54.95
20,1324,KRISHCA,SM,65500,53500,81.68
20,1325,KRISHNADEF,SM,51000,47000,92.16
20,1326,KRITI,EQ,1499210,582984,38.89
20,1327,KRITIKA,EQ,890870,730523,82.00
20,1328,KRITINUT,EQ,80914,44173,54.59
20,1329,KRSNAA,EQ,77355,47962,62.00
20,1330,KRYSTAL,EQ,123663,83182,67.27
20,1331,KSB,EQ,26787,12672,47.31
20,1332,KSCL,EQ,143126,55257,38.61
20,1333,KSHITIJPOL,EQ,2790997,2028070,72.66
20,1334,KSL,EQ,62621,31304,49.99
20,1335,KSOLVES,EQ,43311,25725,59.40
20,1336,KTKBANK,EQ,2982857,1652067,55.39
20,1337,KTL,SM,54000,48000,88.89
20,1338,KUANTUM,EQ,188587,83292,44.17
20,1339,LAL,EQ,48104,32971,68.54
20,1340,LALPATHLAB,EQ,231622,156251,67.46
20,1341,LAMBODHARA,EQ,19739,11213,56.81
20,1342,LANCORHOL,EQ,101279,53859,53.18
20,1343,LANDMARK,EQ,136769,105141,76.87
20,1344,LAOPALA,EQ,384046,198774,51.76
20,1345,LASA,EQ,38310,26936,70.31
20,1346,LAURUSLABS,EQ,1153792,541621,46.94
20,1347,LAWSIKHO,SM,223000,140500,63.00
20,1348,LAXMICOT,EQ,121301,44941,37.05
20,1349,LAXMIMACH,EQ,4118,2308,56.05
20,1350,LEMERITE,SM,273600,216000,78.95
20,1351,LEMONTREE,EQ,3021834,1871866,61.94
20,1352,LEXUS,EQ,16665,10854,65.13
20,1353,LFIC,EQ,128616,60423,46.98
20,1354,LGBBROSLTD,EQ,39214,20650,52.66
20,1355,LGBFORGE,EQ,559973,383182,68.43
20,1356,LIBAS,EQ,77353,53614,69.31
20,1357,LIBERTSHOE,EQ,95009,38574,40.60
20,1358,LICHSGFIN,EQ,3805256,1421920,37.37
20,1359,LICI,EQ,4276266,1590642,37.20
20,1360,LICMFGOLD,EQ,229,188,82.10
20,1361,LICNETFGSC,EQ,24401,16923,69.35
20,1362,LICNETFN50,EQ,1589,1401,88.17
20,1363,LICNETFSEN,EQ,204,134,65.69
20,1364,LICNFNHGP,EQ,2146,1582,73.72
20,1365,LICNMID100,EQ,16698,11600,69.47
20,1366,LIKHITHA,EQ,249077,157769,63.34
20,1367,LINC,EQ,15869,11560,72.85
20,1368,LINCOLN,EQ,41837,24559,58.70
20,1369,LINDEINDIA,EQ,201027,69236,34.44
20,1370,LIQUID,EQ,136611,122862,89.94
20,1371,LIQUID1,EQ,2884,1994,69.14
20,1372,LIQUIDADD,EQ,214965,201246,93.62
20,1373,LIQUIDBEES,EQ,4669329,4110656,88.04
20,1374,LIQUIDBETF,EQ,1382,651,47.11
20,1375,LIQUIDCASE,EQ,2971361,2652972,89.28
20,1376,LIQUIDETF,EQ,247189,206141,83.39
20,1377,LIQUIDIETF,EQ,1287927,770835,59.85
20,1378,LIQUIDSBI,EQ,14599,13540,92.75
20,1379,LLOYDS,SM,36000,30000,83.33
20,1380,LLOYDSENGG,EQ,9744782,3618910,37.14
20,1381,LLOYDSME,EQ,1379684,684309,49.60
20,1382,LODHA,EQ,1903465,1024034,53.80
20,1383,LOTUSEYE,EQ,48560,19355,39.86
20,1384,LOVABLE,EQ,23961,16191,67.57
20,1385,LOWVOL,EQ,1018,957,94.01
20,1386,LOWVOL1,EQ,727618,462494,63.56
20,1387,LOWVOLIETF,EQ,1843686,1219894,66.17
20,1388,LOYALTEX,EQ,1812,642,35.43
20,1389,LPDC,EQ,107753,64644,59.99
20,1390,LRRPL,SM,3000,3000,100.00
20,1391,LT,EQ,1936792,1251363,64.61
20,1392,LTF,EQ,17532848,10463786,59.68
20,1393,LTFOODS,EQ,1211743,569266,46.98
20,1394,LTGILTBEES,EQ,3325905,2809391,84.47
20,1395,LTIM,EQ,697624,481460,69.01
20,1396,LTTS,EQ,102589,48586,47.36
20,1397,LUMAXIND,EQ,13124,7845,59.78
20,1398,LUMAXTECH,EQ,291133,108633,37.31
20,1399,LUPIN,EQ,1347849,894117,66.34
20,1400,LUXIND,EQ,63408,32607,51.42
20,1401,LXCHEM,EQ,764401,380095,49.72
20,1402,LYKALABS,EQ,37789,23848,63.11
20,1403,LYPSAGEMS,EQ,114392,69866,61.08
20,1404,MAANALU,EQ,113857,69976,61.46
20,1405,MADHAVBAUG,SM,5200,3600,69.23
20,1406,MADHUSUDAN,SM,119000,102000,85.71
20,1407,MADRASFERT,EQ,3134239,925602,29.53
20,1408,MAFANG,EQ,647940,483206,74.58
20,1409,MAGADSUGAR,EQ,35121,15685,44.66
20,1410,MAGNUM,EQ,222749,151059,67.82
20,1411,MAHABANK,EQ,13988696,6511205,46.55
20,1412,MAHAPEXLTD,EQ,81995,42215,51.48
20,1413,MAHASTEEL,EQ,27658,16922,61.18
20,1414,MAHEPC,EQ,338193,158866,46.97
20,1415,MAHESHWARI,EQ,27613,17598,63.73
20,1416,MAHICKRA,SM,11250,11250,100.00
20,1417,MAHKTECH,EQ,1352300,992230,73.37
20,1418,MAHLIFE,EQ,426886,259257,60.73
20,1419,MAHLOG,EQ,220903,120032,54.34
20,1420,MAHSCOOTER,EQ,2960,1814,61.28
20,1421,MAHSEAMLES,EQ,195165,123287,63.17
20,1422,MAITHANALL,EQ,55920,33449,59.82
20,1423,MAITREYA,SM,2400,2400,100.00
20,1424,MAKEINDIA,EQ,148938,137903,92.59
20,1425,MAKS,SM,16500,16500,100.00
20,1426,MAL,SM,22400,12800,57.14
20,1427,MALLCOM,EQ,2978,2002,67.23
20,1428,MANAKALUCO,EQ,112650,67792,60.18
20,1429,MANAKSIA,EQ,123476,67047,54.30
20,1430,MANALIPETC,EQ,1364147,590218,43.27
20,1431,MANAPPURAM,EQ,12322616,4810938,39.04
20,1432,MANDEEP,SM,288000,230000,79.86
20,1433,MANGALAM,EQ,55378,32194,58.13
20,1434,MANGCHEFER,EQ,748098,311092,41.58
20,1435,MANGLMCEM,EQ,186786,103095,55.19
20,1436,MANINDS,EQ,403785,234672,58.12
20,1437,MANINFRA,EQ,439636,242693,55.20
20,1438,MANKIND,EQ,530989,342537,64.51
20,1439,MANOMAY,EQ,7185,5036,70.09
20,1440,MANUGRAPH,EQ,113707,81234,71.44
20,1441,MANYAVAR,EQ,464024,246158,53.05
20,1442,MAPMYINDIA,EQ,131516,91966,69.93
20,1443,MARALOVER,EQ,27730,15652,56.44
20,1444,MARATHON,EQ,1148665,456017,39.70
20,1445,MARCO,SM,30000,21000,70.00
20,1446,MARICO,EQ,1998831,1144273,57.25
20,1447,MARINE,EQ,1553621,566871,36.49
20,1448,MARKSANS,EQ,982141,513361,52.27
20,1449,MARUTI,EQ,823306,534932,64.97
20,1450,MASFIN,EQ,226411,119363,52.72
20,1451,MASKINVEST,EQ,3330,2765,83.03
20,1452,MASPTOP50,EQ,134497,92881,69.06
20,1453,MASTEK,EQ,43116,16632,38.58
20,1454,MASTER,SM,16000,15000,93.75
20,1455,MATRIMONY,EQ,25058,14947,59.65
20,1456,MAWANASUG,EQ,733381,347161,47.34
20,1457,MAXESTATES,EQ,285588,133825,46.86
20,1458,MAXHEALTH,EQ,937534,500006,53.33
20,1459,MAXIND,EQ,167395,122566,73.22
20,1460,MAXPOSURE,SM,44000,24000,54.55
20,1461,MAYURUNIQ,EQ,737603,341044,46.24
20,1462,MAZDA,EQ,23564,9113,38.67
20,1463,MAZDOCK,EQ,10628776,1125672,10.59
20,1464,MBAPL,EQ,71525,56784,79.39
20,1465,MBLINFRA,EQ,240435,187314,77.91
20,1466,MCL,EQ,33816,27679,81.85
20,1467,MCLEODRUSS,EQ,1501052,979571,65.26
20,1468,MCON,SM,21000,20000,95.24
20,1469,MCX,EQ,239803,69909,29.15
20,1470,MDL,SM,34000,28000,82.35
20,1471,MEDANTA,EQ,429780,218708,50.89
20,1472,MEDIASSIST,EQ,479933,277171,57.75
20,1473,MEDICAMEQ,EQ,12726,7719,60.66
20,1474,MEDPLUS,EQ,121097,68676,56.71
20,1475,MEGAFLEX,SM,6000,3000,50.00
20,1476,MEGASOFT,EQ,158315,98743,62.37
20,1477,MEGASTAR,EQ,7933,5382,67.84
20,1478,MEGATHERM,SM,181200,105600,58.28
20,1479,MENONBE,EQ,94926,55023,57.96
20,1480,METROBRAND,EQ,761992,203781,26.74
20,1481,METROPOLIS,EQ,190675,81714,42.86
20,1482,MFSL,EQ,1167291,702109,60.15
20,1483,MGEL,EQ,616480,440489,71.45
20,1484,MGL,EQ,377713,151450,40.10
20,1485,MHHL,SM,16500,13500,81.82
20,1486,MHLXMIRU,EQ,9746,5536,56.80
20,1487,MHRIL,EQ,259446,144223,55.59
20,1488,MICEL,EQ,1586880,953221,60.07
20,1489,MICROPRO,SM,32000,28800,90.00
20,1490,MID150BEES,EQ,482581,291309,60.36
20,1491,MIDCAP,EQ,46161,29847,64.66
20,1492,MIDCAPETF,EQ,1591928,1301337,81.75
20,1493,MIDCAPIETF,EQ,811149,526892,64.96
20,1494,MIDHANI,EQ,5332540,1927282,36.14
20,1495,MIDQ50ADD,EQ,13160,6965,52.93
20,1496,MIDSELIETF,EQ,181631,137312,75.60
20,1497,MIDSMALL,EQ,1134835,1096878,96.66
20,1498,MILTON,SM,48400,48400,100.00
20,1499,MINDACORP,EQ,1940916,798512,41.14
20,1500,MINDSPACE,RR,195624,181553,92.81
20,1501,MINDTECK,EQ,70362,43677,62.07
20,1502,MIRCELECTR,EQ,852223,520097,61.03
20,1503,MIRZAINT,EQ,228923,140512,61.38
20,1504,MITCON,EQ,204109,101889,49.92
20,1505,MITTAL,EQ,1671992,1198447,71.68
20,1506,M&M,EQ,4887512,3025955,61.91
20,1507,M&MFIN,EQ,8218251,3032095,36.89
20,1508,M&MFIN,N3,1,1,100.00
20,1509,MMFL,EQ,53603,32230,60.13
20,1510,MMP,EQ,26363,17842,67.68
20,1511,MMTC,EQ,37956780,7744205,20.40
20,1512,MNC,EQ,55705,41376,74.28
20,1513,MOGSEC,EQ,1949,1402,71.93
20,1514,MOHEALTH,EQ,58455,34345,58.75
20,1515,MOHITIND,EQ,103979,93308,89.74
20,1516,MOIL,EQ,1660774,694262,41.80
20,1517,MOL,EQ,1126987,598827,53.14
20,1518,MOLDTECH,EQ,121540,71791,59.07
20,1519,MOLDTKPAC,EQ,41301,23418,56.70
20,1520,MOLOWVOL,EQ,7279,5897,81.01
20,1521,MOM100,EQ,350672,234745,66.94
20,1522,MOM30IETF,EQ,1478320,1162682,78.65
20,1523,MOM50,EQ,3967,2964,74.72
20,1524,MOMENTUM,EQ,286286,251803,87.96
20,1525,MOMOMENTUM,EQ,221145,191726,86.70
20,1526,MON100,EQ,403424,265990,65.93
20,1527,MONARCH,EQ,29884,16469,55.11
20,1528,MONIFTY500,EQ,5356996,5021521,93.74
20,1529,MONOPHARMA,SM,38000,34000,89.47
20,1530,MONQ50,EQ,33329,20422,61.27
20,1531,MONTECARLO,EQ,49083,28996,59.08
20,1532,MOQUALITY,EQ,5066,4015,79.25
20,1533,MOREALTY,EQ,186558,128547,68.90
20,1534,MOREPENLAB,EQ,21512883,7589976,35.28
20,1535,MOS,SM,34400,26400,76.74
20,1536,MOSMALL250,EQ,397599,308073,77.48
20,1537,MOTHERSON,EQ,55563380,21073108,37.93
20,1538,MOTILALOFS,EQ,540268,261967,48.49
20,1539,MOTISONS,EQ,2760648,866784,31.40
20,1540,MOTOGENFIN,EQ,49045,25743,52.49
20,1541,MOVALUE,EQ,266537,193227,72.50
20,1542,MOXSH,SM,3200,3200,100.00
20,1543,MPHASIS,EQ,578483,323390,55.90
20,1544,MPSLTD,EQ,23554,13773,58.47
20,1545,MPTODAY,SM,4000,4000,100.00
20,1546,MRF,EQ,3439,1555,45.22
20,1547,MRPL,EQ,2170953,735707,33.89
20,1548,MSPL,EQ,477579,316658,66.30
20,1549,MSTCLTD,EQ,522557,167094,31.98
20,1550,MSUMI,EQ,46566741,19306462,41.46
20,1551,MTARTECH,EQ,1261230,565649,44.85
20,1552,MTNL,EQ,9363357,2905169,31.03
20,1553,MUFIN,EQ,94025,49923,53.10
20,1554,MUFTI,EQ,198449,92970,46.85
20,1555,MUKANDLTD,EQ,254429,135575,53.29
20,1556,MUKKA,EQ,893207,403229,45.14
20,1557,MUKTAARTS,EQ,40987,7221,17.62
20,1558,MUNJALAU,EQ,476717,235395,49.38
20,1559,MUNJALSHOW,EQ,99804,48092,48.19
20,1560,MURUDCERA,EQ,92760,49412,53.27
20,1561,MUTHOOTCAP,EQ,31138,20248,65.03
20,1562,MUTHOOTFIN,EQ,269465,128007,47.50
20,1563,MUTHOOTMF,EQ,1113005,646434,58.08
20,1564,MVGJL,EQ,102333,30044,29.36
20,1565,MVKAGRO,SM,46800,37200,79.49
20,1566,MWL,SM,66000,57600,87.27
20,1567,NACLIND,EQ,506196,314363,62.10
20,1568,NAGAFERT,EQ,3895771,2080989,53.42
20,1569,NAGREEKCAP,EQ,7054,5367,76.08
20,1570,NAGREEKEXP,EQ,20413,14334,70.22
20,1571,NAHARCAP,EQ,28874,16274,56.36
20,1572,NAHARINDUS,EQ,75971,50130,65.99
20,1573,NAHARPOLY,EQ,147443,111019,75.30
20,1574,NAHARSPING,EQ,49546,34562,69.76
20,1575,NAMAN,SM,30400,28800,94.74
20,1576,NAM-INDIA,EQ,988688,552758,55.91
20,1577,NATCOPHARM,EQ,1796564,938933,52.26
20,1578,NATHBIOGEN,EQ,117739,72933,61.94
20,1579,NATIONALUM,EQ,11487387,4203551,36.59
20,1580,NAUKRI,EQ,268475,165882,61.79
20,1581,NAVA,EQ,965257,582659,60.36
20,1582,NAVINFLUOR,EQ,157434,52571,33.39
20,1583,NAVINIFTY,EQ,1917,1381,72.04
20,1584,NAVKARCORP,EQ,854955,380352,44.49
20,1585,NAVNETEDUL,EQ,380797,183938,48.30
20,1586,NAZARA,EQ,599919,231981,38.67
20,1587,NBCC,EQ,28441329,10654287,37.46
20,1588,NBIFIN,EQ,329,269,81.76
20,1589,NCC,EQ,4460771,2096831,47.01
20,1590,NCLIND,EQ,813203,446083,54.86
20,1591,NDGL,EQ,3664,1196,32.64
20,1592,NDL,EQ,14939239,5647684,37.80
20,1593,NDLVENTURE,EQ,65008,31317,48.17
20,1594,NDRAUTO,EQ,14146,8137,57.52
20,1595,NDRINVIT,IV,200000,200000,100.00
20,1596,NDTV,EQ,173056,81487,47.09
20,1597,NECCLTD,EQ,359429,216734,60.30
20,1598,NECLIFE,EQ,371737,241601,64.99
20,1599,NELCAST,EQ,57105,25588,44.81
20,1600,NELCO,EQ,114070,46021,40.34
20,1601,NEOGEN,EQ,50748,17036,33.57
20,1602,NESCO,EQ,130801,81639,62.41
20,1603,NESTLEIND,EQ,259554,151251,58.27
20,1604,NETF,EQ,4464,3746,83.92
20,1605,NETWEB,EQ,178309,106497,59.73
20,1606,NETWORK18,EQ,1257189,739515,58.82
20,1607,NEULANDLAB,EQ,42086,30642,72.81
20,1608,NEWGEN,EQ,143067,86846,60.70
20,1609,NEWJAISA,SM,70500,55500,78.72
20,1610,NEXT50,EQ,10041,7419,73.89
20,1611,NEXT50IETF,EQ,495122,313470,63.31
20,1612,NEXTMEDIA,EQ,36538,27922,76.42
20,1613,NFL,EQ,32088572,8519624,26.55
20,1614,NGIL,EQ,102975,54541,52.97
20,1615,NGLFINE,EQ,3819,1765,46.22
20,1616,NH,EQ,422492,249394,59.03
20,1617,NHPC,EQ,35331787,14395932,40.74
20,1618,NIACL,EQ,1043160,336675,32.27
20,1619,NIBL,EQ,25588,18947,74.05
20,1620,NIDAN,SM,24000,20000,83.33
20,1621,NIDOZC26,N7,57,57,100.00
20,1622,NIF100BEES,EQ,74064,61590,83.16
20,1623,NIF100IETF,EQ,112165,73579,65.60
20,1624,NIF10GETF,EQ,6484,4623,71.30
20,1625,NIF5GETF,EQ,2387,2387,100.00
20,1626,NIFITETF,EQ,6137,5092,82.97
20,1627,NIFMID150,EQ,2303,1881,81.68
20,1628,NIFTY1,EQ,125619,112374,89.46
20,1629,NIFTY50ADD,EQ,9144,7598,83.09
20,1630,NIFTYBEES,EQ,3818320,2888463,75.65
20,1631,NIFTYBETF,EQ,1076,1062,98.70
20,1632,NIFTYETF,EQ,383804,369223,96.20
20,1633,NIFTYIETF,EQ,646354,409911,63.42
20,1634,NIFTYQLITY,EQ,56586,45356,80.15
20,1635,NIITLTD,EQ,326469,145245,44.49
20,1636,NIITMTS,EQ,235351,183392,77.92
20,1637,NILAINFRA,EQ,2017699,1281884,63.53
20,1638,NILKAMAL,EQ,25356,15025,59.26
20,1639,NINSYS,EQ,16396,11389,69.46
20,1640,NIPPOBATRY,EQ,19885,11763,59.16
20,1641,NIRAJ,EQ,93217,61185,65.64
20,1642,NIRMAN,SM,82800,54000,65.22
20,1643,NITCO,EQ,1719906,1011706,58.82
20,1644,NITINSPIN,EQ,81693,51638,63.21
20,1645,NKIND,EQ,3821,2944,77.05
20,1646,NLCINDIA,EQ,3399051,1208456,35.55
20,1647,NMDC,EQ,7466397,3629649,48.61
20,1648,NOCIL,EQ,3152536,900925,28.58
20,1649,NORBTEAEXP,EQ,7595,7200,94.80
20,1650,NOVAAGRI,EQ,835300,498098,59.63
20,1651,NPBET,EQ,1295,1287,99.38
20,1652,NPST,SM,43600,37700,86.47
20,1653,NRAIL,EQ,19616,7515,38.31
20,1654,NRBBEARING,EQ,498492,245961,49.34
20,1655,NRL,EQ,133983,67876,50.66
20,1656,NSIL,EQ,3486,1989,57.06
20,1657,NSLNISP,EQ,7618092,4219811,55.39
20,1658,NTPC,EQ,10228382,6942345,67.87
20,1659,NUCLEUS,EQ,35051,16986,48.46
20,1660,NURECA,EQ,16510,10642,64.46
20,1661,NUVAMA,EQ,26796,12708,47.42
20,1662,NUVOCO,EQ,340522,151499,44.49
20,1663,NV20,EQ,14755,10058,68.17
20,1664,NV20BEES,EQ,40815,25887,63.43
20,1665,NV20IETF,EQ,822367,558844,67.96
20,1666,NXST,RR,171696,126444,73.64
20,1667,NYKAA,EQ,13385671,6615610,49.42
20,1668,OAL,EQ,69836,34288,49.10
20,1669,OBCL,EQ,33648,27225,80.91
20,1670,OBEROIRLTY,EQ,925700,558761,60.36
20,1671,OCCL,EQ,169501,65792,38.82
20,1672,OFSS,EQ,623177,167627,26.90
20,1673,OIL,EQ,3885350,2041810,52.55
20,1674,OLECTRA,EQ,1024750,384711,37.54
20,1675,OLIL,SM,2400,2400,100.00
20,1676,OMAXE,EQ,86424,61634,71.32
20,1677,OMFURN,SM,7200,7200,100.00
20,1678,OMINFRAL,EQ,561023,434418,77.43
20,1679,ONDOOR,SM,91200,34800,38.16
20,1680,ONEPOINT,EQ,1034824,669477,64.69
20,1681,ONGC,EQ,17044769,10515281,61.69
20,1682,ONMOBILE,EQ,371381,175987,47.39
20,1683,ONWARDTEC,EQ,116723,65880,56.44
20,1684,OPTIEMUS,EQ,176889,103882,58.73
20,1685,ORBTEXP,EQ,13322,10444,78.40
20,1686,ORCHPHARMA,EQ,31676,20599,65.03
20,1687,ORIANA,SM,81450,53100,65.19
20,1688,ORICONENT,EQ,5287401,1843327,34.86
20,1689,ORIENTALTL,EQ,87352,46109,52.79
20,1690,ORIENTBELL,EQ,110764,43876,39.61
20,1691,ORIENTCEM,EQ,778537,387265,49.74
20,1692,ORIENTCER,EQ,479783,228179,47.56
20,1693,ORIENTELEC,EQ,545655,280897,51.48
20,1694,ORIENTHOT,EQ,364285,230305,63.22
20,1695,ORIENTLTD,EQ,41562,21604,51.98
20,1696,ORIENTPPR,EQ,2805075,1179684,42.06
20,1697,ORISSAMINE,EQ,222633,76196,34.22
20,1698,ORTINLAB,EQ,125991,88675,70.38
20,1699,OSWALAGRO,EQ,74469,43225,58.04
20,1700,OSWALGREEN,EQ,375762,204535,54.43
20,1701,OWAIS,SM,25600,19200,75.00
20,1702,PAGEIND,EQ,13946,3776,27.08
20,1703,PAISALO,EQ,2361930,1321785,55.96
20,1704,PAKKA,EQ,182950,105373,57.60
20,1705,PALASHSECU,EQ,7713,1247,16.17
20,1706,PANACEABIO,EQ,103023,58276,56.57
20,1707,PANAMAPET,EQ,984601,379336,38.53
20,1708,PANSARI,EQ,2233,1390,62.25
20,1709,PAR,EQ,26417,17734,67.13
20,1710,PARADEEP,EQ,6056847,2103699,34.73
20,1711,PARAGMILK,EQ,856954,368362,42.99
20,1712,PARAGON,SM,78000,54000,69.23
20,1713,PARAS,EQ,11323335,1761255,15.55
20,1714,PARIN,SM,3000,3000,100.00
20,1715,PARKHOTELS,EQ,358361,229546,64.05
20,1716,PARSVNATH,EQ,552443,422223,76.43
20,1717,PARTYCRUS,SM,14000,11000,78.57
20,1718,PASHUPATI,SM,800,800,100.00
20,1719,PASUPTAC,EQ,170004,103532,60.90
20,1720,PATANJALI,EQ,268880,129140,48.03
20,1721,PATELENG,EQ,29024424,14966410,51.56
20,1722,PATINTLOG,EQ,439103,288752,65.76
20,1723,PATTECH,ST,43500,43500,100.00
20,1724,PAVNAIND,EQ,13825,10916,78.96
20,1725,PAYTM,EQ,12825770,6765798,52.75
20,1726,PCBL,EQ,2067963,1100400,53.21
20,1727,PCJEWELLER,EQ,2039551,1136687,55.73
20,1728,PDMJEPAPER,EQ,991853,345101,34.79
20,1729,PDSL,EQ,139540,96033,68.82
20,1730,PEL,EQ,2168289,754768,34.81
20,1731,PENIND,EQ,872164,456619,52.35
20,1732,PENINLAND,EQ,1617736,760722,47.02
20,1733,PENTAGON,SM,7000,6000,85.71
20,1734,PERFECT,SM,204000,138000,67.65
20,1735,PERSISTENT,EQ,479189,217208,45.33
20,1736,PETRONET,EQ,4334672,2355870,54.35
20,1737,PFC,EQ,12494967,5960367,47.70
20,1738,PFIZER,EQ,27387,20214,73.81
20,1739,PFOCUS,EQ,165704,88291,53.28
20,1740,PFS,EQ,16635050,7417554,44.59
20,1741,PGEL,EQ,159474,97432,61.10
20,1742,PGHH,EQ,5372,3425,63.76
20,1743,PGHL,EQ,13030,8595,65.96
20,1744,PGIL,EQ,84109,57459,68.31
20,1745,PGINVIT,IV,601468,517246,86.00
20,1746,PHANTOMFX,SM,72300,52500,72.61
20,1747,PHARMABEES,EQ,5094449,3156805,61.97
20,1748,PHOENIXLTD,EQ,566751,241784,42.66
20,1749,PIDILITIND,EQ,335912,186835,55.62
20,1750,PIIND,EQ,216884,138329,63.78
20,1751,PILANIINVS,EQ,8118,4321,53.23
20,1752,PILITA,EQ,263539,174421,66.18
20,1753,PIONEEREMB,EQ,122898,101736,82.78
20,1754,PITTIENG,EQ,124989,69922,55.94
20,1755,PIXTRANS,EQ,16911,9582,56.66
20,1756,PKTEA,EQ,374,197,52.67
20,1757,PLADAINFO,SM,30000,21000,70.00
20,1758,PLASTIBLEN,EQ,12323,6650,53.96
20,1759,PLATIND,EQ,382903,173256,45.25
20,1760,PLAZACABLE,EQ,95235,54037,56.74
20,1761,PNB,EQ,20304777,8007299,39.44
20,1762,PNBGILTS,EQ,1276421,364903,28.59
20,1763,PNBHOUSING,EQ,4434697,1248610,28.16
20,1764,PNC,EQ,220563,117806,53.41
20,1765,PNCINFRA,EQ,1047682,444044,42.38
20,1766,POCL,EQ,28857,15757,54.60
20,1767,PODDARMENT,EQ,353617,123041,34.79
20,1768,POKARNA,EQ,91701,37009,40.36
20,1769,POLICYBZR,EQ,826217,554956,67.17
20,1770,POLYCAB,EQ,194223,80941,41.67
20,1771,POLYMED,EQ,80013,43780,54.72
20,1772,POLYPLEX,EQ,317682,156055,49.12
20,1773,POLYSIL,SM,18000,14000,77.78
20,1774,PONNIERODE,EQ,97875,48594,49.65
20,1775,POONAWALLA,EQ,2174311,1580775,72.70
20,1776,POWERGRID,EQ,21653702,12852311,59.35
20,1777,POWERINDIA,EQ,75413,46198,61.26
20,1778,POWERMECH,EQ,54784,24630,44.96
20,1779,PPAP,EQ,19322,9996,51.73
20,1780,PPL,EQ,131758,72696,55.17
20,1781,PPLPHARMA,EQ,3060724,1761249,57.54
20,1782,PRAENG,EQ,235699,220171,93.41
20,1783,PRAJIND,EQ,1487103,791742,53.24
20,1784,PRAKASH,EQ,2980244,1611193,54.06
20,1785,PRAMARA,SM,42000,24000,57.14
20,1786,PRATHAM,SM,16000,16000,100.00
20,1787,PRECAM,EQ,243322,126936,52.17
20,1788,PRECISION,SM,22000,20000,90.91
20,1789,PRECOT,EQ,70609,49990,70.80
20,1790,PRECWIRE,EQ,491547,239132,48.65
20,1791,PREMEXPLN,EQ,370825,152556,41.14
20,1792,PREMIERPOL,EQ,69440,46560,67.05
20,1793,PRESSTONIC,SM,36800,24800,67.39
20,1794,PRESTIGE,EQ,1509558,818359,54.21
20,1795,PRICOLLTD,EQ,2661534,722580,27.15
20,1796,PRIMESECU,EQ,85427,41921,49.07
20,1797,PRINCEPIPE,EQ,199319,128280,64.36
20,1798,PRITI,EQ,29550,20804,70.40
20,1799,PRITIKA,SM,46000,36000,78.26
20,1800,PRITIKAUTO,EQ,283601,175957,62.04
20,1801,PRIVISCL,EQ,61910,41265,66.65
20,1802,PRLIND,SM,672000,394000,58.63
20,1803,PROLIFE,SM,1000,500,50.00
20,1804,PROPEQUITY,SM,7800,7800,100.00
20,1805,PROZONER,EQ,1072663,536800,50.04
20,1806,PRSMJOHNSN,EQ,300678,119421,39.72
20,1807,PRUDENT,EQ,25653,13348,52.03
20,1808,PSB,EQ,3005019,1549533,51.56
20,1809,PSPPROJECT,EQ,45830,26765,58.40
20,1810,PSUBANK,EQ,22603,14574,64.48
20,1811,PSUBANKADD,EQ,12109,8166,67.44
20,1812,PSUBNKBEES,EQ,2076008,1469865,70.80
20,1813,PSUBNKIETF,EQ,244520,131028,53.59
20,1814,PTC,EQ,2251927,906043,40.23
20,1815,PTCIL,EQ,36638,19198,52.40
20,1816,PTL,EQ,470294,315039,66.99
20,1817,PULZ,SM,32000,29000,90.63
20,1818,PUNJABCHEM,EQ,13516,6262,46.33
20,1819,PURVFLEXI,SM,20800,17600,84.62
20,1820,PVP,EQ,452362,256381,56.68
20,1821,PVRINOX,EQ,324413,193333,59.59
20,1822,PVSL,EQ,354473,180080,50.80
20,1823,PVTBANIETF,EQ,7608222,6151741,80.86
20,1824,PVTBANKADD,EQ,4259889,4113836,96.57
20,1825,PYRAMID,EQ,184123,107669,58.48
20,1826,QFIL,SM,4000,3000,75.00
20,1827,QGOLDHALF,EQ,53071,39371,74.19
20,1828,QMSMEDI,SM,18000,13000,72.22
20,1829,QNIFTY,EQ,328,284,86.59
20,1830,QUADPRO,SM,36000,24000,66.67
20,1831,QUAL30IETF,EQ,75627,41378,54.71
20,1832,QUESS,EQ,154380,71464,46.29
20,1833,QUESTLAB,SM,193200,142800,73.91
20,1834,QUICKHEAL,EQ,821326,272038,33.12
20,1835,QUICKTOUCH,SM,80500,66000,81.99
20,1836,RACE,EQ,34672,19469,56.15
20,1837,RADHIKAJWE,EQ,271568,128487,47.31
20,1838,RADIANTCMS,EQ,415670,245203,58.99
20,1839,RADICO,EQ,530260,211428,39.87
20,1840,RADIOCITY,EQ,443660,227885,51.36
20,1841,RADIOCITY,P1,11759,11759,100.00
20,1842,RADIOWALLA,SM,3200,3200,100.00
20,1843,RAILTEL,EQ,14292969,4111924,28.77
20,1844,RAIN,EQ,3537307,1170317,33.08
20,1845,RAINBOW,EQ,173331,113064,65.23
20,1846,RAJESHEXPO,EQ,470908,216330,45.94
20,1847,RAJRATAN,EQ,35144,20018,56.96
20,1848,RAJSREESUG,EQ,368465,219876,59.67
20,1849,RALLIS,EQ,2561624,908667,35.47
20,1850,RAMANEWS,EQ,124568,78180,62.76
20,1851,RAMAPHO,EQ,222574,88172,39.61
20,1852,RAMASTEEL,EQ,7269039,4333413,59.61
20,1853,RAMCOCEM,EQ,743587,285497,38.39
20,1854,RAMCOIND,EQ,103408,60036,58.06
20,1855,RAMKY,EQ,106431,51973,48.83
20,1856,RAMRAT,EQ,55842,27512,49.27
20,1857,RANASUG,EQ,2237771,1079470,48.24
20,1858,RANEENGINE,EQ,19014,15713,82.64
20,1859,RANEHOLDIN,EQ,30602,13597,44.43
20,1860,RATEGAIN,EQ,907466,490752,54.08
20,1861,RATNAMANI,EQ,58281,49705,85.29
20,1862,RATNAVEER,EQ,842477,450599,53.49
20,1863,RAYMOND,EQ,116953,49847,42.62
20,1864,RBA,EQ,3103311,1561123,50.31
20,1865,RBL,EQ,41427,18872,45.55
20,1866,RBLBANK,EQ,8733108,3813180,43.66
20,1867,RBMINFRA,SM,26600,20400,76.69
20,1868,RBS,SM,204800,163200,79.69
20,1869,RCDL,SM,129000,129000,100.00
20,1870,RCF,EQ,20187995,5201736,25.77
20,1871,RECLTD,EQ,12102131,4705275,38.88
20,1872,REDINGTON,EQ,1474280,675607,45.83
20,1873,REDTAPE,EQ,355427,212943,59.91
20,1874,REFEX,EQ,4583593,1309499,28.57
20,1875,REFRACTORY,SM,160000,116000,72.50
20,1876,RELAXO,EQ,82017,47372,57.76
20,1877,RELCHEMQ,EQ,45040,19452,43.19
20,1878,RELIABLE,SM,14400,14400,100.00
20,1879,RELIANCE,EQ,3598383,2137177,59.39
20,1880,RELIGARE,EQ,2585096,1724482,66.71
20,1881,RELINFRA,EQ,5750817,2192897,38.13
20,1882,REMSONSIND,EQ,55495,36144,65.13
20,1883,REMUS,SM,1900,1100,57.89
20,1884,RENUKA,EQ,37653384,8829915,23.45
20,1885,REPCOHOME,EQ,327133,170673,52.17
20,1886,REPL,EQ,23283,9660,41.49
20,1887,REPRO,EQ,9339,5016,53.71
20,1888,RESPONIND,EQ,220490,50008,22.68
20,1889,REXPIPES,SM,6000,4000,66.67
20,1890,RGL,EQ,109193,40422,37.02
20,1891,RHIM,EQ,211705,159854,75.51
20,1892,RHL,EQ,17325,11330,65.40
20,1893,RICHA,SM,8000,8000,100.00
20,1894,RICOAUTO,EQ,7146237,2442234,34.18
20,1895,RIIL,EQ,721670,149753,20.75
20,1896,RILINFRA,SM,713400,452300,63.40
20,1897,RISHABH,EQ,498801,138162,27.70
20,1898,RITCO,EQ,84467,34245,40.54
20,1899,RITES,EQ,2381885,790671,33.20
20,1900,RITEZONE,SM,8000,6400,80.00
20,1901,RKDL,EQ,110577,98611,89.18
20,1902,RKEC,EQ,718316,339186,47.22
20,1903,RKFORGE,EQ,3723816,1132168,30.40
20,1904,RKSWAMY,EQ,120280,72477,60.26
20,1905,RMDRIP,SM,80000,70000,87.50
20,1906,RML,EQ,31731,17176,54.13
20,1907,ROCKINGDCE,SM,27500,15750,57.27
20,1908,ROHLTD,EQ,134228,56952,42.43
20,1909,ROLEXRINGS,EQ,25257,9784,38.74
20,1910,ROSSARI,EQ,150669,74293,49.31
20,1911,ROSSELLIND,EQ,173863,71628,41.20
20,1912,ROTO,EQ,2019454,435618,21.57
20,1913,ROUTE,EQ,57869,27835,48.10
20,1914,ROXHITECH,SM,164800,121600,73.79
20,1915,RPGLIFE,EQ,21201,14827,69.94
20,1916,RPOWER,EQ,43147340,27179876,62.99
20,1917,RPPL,EQ,75645,48478,64.09
20,1918,RPSGVENT,EQ,41015,22881,55.79
20,1919,RPTECH,EQ,216407,142745,65.96
20,1920,RRKABEL,EQ,80981,36084,44.56
20,1921,RSWM,EQ,76058,47139,61.98
20,1922,RSYSTEMS,EQ,238315,135462,56.84
20,1923,RTNINDIA,EQ,9315719,3062613,32.88
20,1924,RUBYMILLS,EQ,143232,51520,35.97
20,1925,RUCHINFRA,EQ,291649,199069,68.26
20,1926,RUCHIRA,EQ,806236,290157,35.99
20,1927,RULKA,SM,63000,41400,65.71
20,1928,RUPA,EQ,124906,68513,54.85
20,1929,RUSHIL,EQ,48278,28958,59.98
20,1930,RUSTOMJEE,EQ,43015,27111,63.03
20,1931,RVHL,EQ,40947,35521,86.75
20,1932,RVNL,EQ,28638590,8360070,29.19
20,1933,SAAKSHI,SM,22800,21000,92.11
20,1934,SABAR,SM,115000,100000,86.96
20,1935,SADBHIN,EQ,510792,348617,68.25
20,1936,SADHAV,SM,38400,28800,75.00
20,1937,SADHNANIQ,EQ,161786,99636,61.59
20,1938,SAFARI,EQ,48828,21825,44.70
20,1939,SAGARDEEP,EQ,20189,11433,56.63
20,1940,SAGCEM,EQ,364704,171278,46.96
20,1941,SAH,EQ,28246,8045,28.48
20,1942,SAHAJ,SM,4000,4000,100.00
20,1943,SAHANA,SM,53750,25250,46.98
20,1944,SAHYADRI,EQ,17964,12208,67.96
20,1945,SAIFL,SM,13600,12800,94.12
20,1946,SAIL,EQ,18708072,7915223,42.31
20,1947,SAKAR,EQ,48485,24930,51.42
20,1948,SAKHTISUG,EQ,1796221,708462,39.44
20,1949,SAKSOFT,EQ,512950,204967,39.96
20,1950,SAKUMA,EQ,36547662,13279950,36.34
20,1951,SALASAR,EQ,10536328,6496479,61.66
20,1952,SALONA,EQ,4054,2292,56.54
20,1953,SALZERELEC,EQ,566606,202687,35.77
20,1954,SAMBHAAV,EQ,149356,113922,76.28
20,1955,SAMHI,EQ,884840,520421,58.82
20,1956,SAMPANN,EQ,282028,186599,66.16
20,1957,SANDESH,EQ,6382,4478,70.17
20,1958,SANDHAR,EQ,116390,52524,45.13
20,1959,SANDUMA,EQ,165163,89648,54.28
20,1960,SANGAMIND,EQ,37028,16896,45.63
20,1961,SANGANI,SM,3000,3000,100.00
20,1962,SANGHIIND,EQ,1803111,986705,54.72
20,1963,SANGHVIMOV,EQ,564694,206440,36.56
20,1964,SANGINITA,EQ,675902,447881,66.26
20,1965,SANSERA,EQ,201538,130326,64.67
20,1966,SAPPHIRE,EQ,129858,97257,74.89
20,1967,SARDAEN,EQ,366329,174613,47.67
20,1968,SAREGAMA,EQ,235205,128962,54.83
20,1969,SARLAPOLY,EQ,1070356,436750,40.80
20,1970,SAROJA,SM,4800,4800,100.00
20,1971,SARTELE,SM,92000,61500,66.85
20,1972,SARVESHWAR,EQ,3120200,2196463,70.39
20,1973,SASKEN,EQ,31361,22741,72.51
20,1974,SASTASUNDR,EQ,43939,18316,41.69
20,1975,SATIA,EQ,1224199,695123,56.78
20,1976,SATIN,EQ,386052,218246,56.53
20,1977,SATINDLTD,EQ,588872,318042,54.01
20,1978,SAURASHCEM,EQ,485586,231853,47.75
20,1979,SBC,EQ,2389227,1370246,57.35
20,1980,SBCL,EQ,137620,80895,58.78
20,1981,SBFC,EQ,3436047,1646496,47.92
20,1982,SBGLP,EQ,339562,127232,37.47
20,1983,SBICARD,EQ,1023807,576172,56.28
20,1984,SBIETFCON,EQ,13101,9690,73.96
20,1985,SBIETFIT,EQ,10810,7779,71.96
20,1986,SBIETFPB,EQ,32895,29612,90.02
20,1987,SBIETFQLTY,EQ,13826,13125,94.93
20,1988,SBILIFE,EQ,1427035,759098,53.19
20,1989,SBIN,EQ,14929083,6429345,43.07
20,1990,SCHAEFFLER,EQ,265509,122848,46.27
20,1991,SCHAND,EQ,80351,46758,58.19
20,1992,SCHNEIDER,EQ,1016885,388867,38.24
20,1993,SCI,EQ,20493136,5163188,25.19
20,1994,SCILAL,EQ,33675667,9242318,27.45
20,1995,SCML,SM,4000,4000,100.00
20,1996,SCPL,EQ,69183,32381,46.80
20,1997,SDBL,EQ,15237955,5079155,33.33
20,1998,SDL24BEES,EQ,1545,1510,97.73
20,1999,SDL26BEES,EQ,2304,2017,87.54
20,2000,SEAMECLTD,EQ,103966,77152,74.21
20,2001,SECURCRED,EQ,188486,161901,85.90
20,2002,SEL,SM,10000,7600,76.00
20,2003,SELAN,EQ,218751,96973,44.33
20,2004,SELMC,EQ,102487,36739,35.85
20,2005,SENCO,EQ,939541,428229,45.58
20,2006,SENSEXADD,EQ,10616,10463,98.56
20,2007,SENSEXETF,EQ,6832,6550,95.87
20,2008,SENSEXIETF,EQ,3955,3228,81.62
20,2009,SEPC,EQ,7984554,5176238,64.83
20,2010,SEQUENT,EQ,687429,330572,48.09
20,2011,SERVICE,SM,14000,14000,100.00
20,2012,SERVOTECH,EQ,1108885,566655,51.10
20,2013,SESHAPAPER,EQ,90860,35903,39.51
20,2014,SETF10GILT,EQ,11370,11264,99.07
20,2015,SETFGOLD,EQ,1608536,1422031,88.41
20,2016,SETFNIF50,EQ,371471,232128,62.49
20,2017,SETFNIFBK,EQ,103710,92159,88.86
20,2018,SETFNN50,EQ,46664,34491,73.91
20,2019,SFL,EQ,89881,47199,52.51
20,2020,SFLZC24A,ZB,976,976,100.00
20,2021,SFLZC26A,ZC,305,295,96.72
20,2022,SGBAPR28I,GB,132,111,84.09
20,2023,SGBAUG24,GB,193,166,86.01
20,2024,SGBAUG27,GB,48,41,85.42
20,2025,SGBAUG28V,GB,1422,1100,77.36
20,2026,SGBAUG29V,GB,80,73,91.25
20,2027,SGBAUG30,GB,373,273,73.19
20,2028,SGBD29VIII,GB,117,94,80.34
20,2029,SGBDC27VII,GB,2,2,100.00
20,2030,SGBDE30III,GB,214,137,64.02
20,2031,SGBDE31III,GB,2126,1694,79.68
20,2032,SGBDEC2512,GB,1,1,100.00
20,2033,SGBDEC2513,GB,21,20,95.24
20,2034,SGBDEC26,GB,5,5,100.00
20,2035,SGBFEB27,GB,1,1,100.00
20,2036,SGBFEB28IX,GB,1,1,100.00
20,2037,SGBFEB29XI,GB,18,13,72.22
20,2038,SGBFEB32IV,GB,3037,2351,77.41
20,2039,SGBJ28VIII,GB,1,1,100.00
20,2040,SGBJAN26,GB,7,7,100.00
20,2041,SGBJAN27,GB,43,30,69.77
20,2042,SGBJAN29IX,GB,127,122,96.06
20,2043,SGBJAN29X,GB,79,79,100.00
20,2044,SGBJAN30IX,GB,121,120,99.17
20,2045,SGBJU29III,GB,273,254,93.04
20,2046,SGBJUL27,GB,2,2,100.00
20,2047,SGBJUL28IV,GB,185,162,87.57
20,2048,SGBJUL29IV,GB,75,75,100.00
20,2049,SGBJUN27,GB,8,6,75.00
20,2050,SGBJUN28,GB,153,141,92.16
20,2051,SGBJUN29II,GB,59,59,100.00
20,2052,SGBJUN30,GB,162,102,62.96
20,2053,SGBJUN31I,GB,1642,1267,77.16
20,2054,SGBMAR25,GB,75,39,52.00
20,2055,SGBMAR28X,GB,35,33,94.29
20,2056,SGBMAR30X,GB,571,356,62.35
20,2057,SGBMAR31IV,GB,348,313,89.94
20,2058,SGBMAY25,GB,19,19,100.00
20,2059,SGBMAY26,GB,1,1,100.00
20,2060,SGBMAY28,GB,272,168,61.76
20,2061,SGBMAY29I,GB,2371,1914,80.73
20,2062,SGBMR29XII,GB,417,279,66.91
20,2063,SGBN28VIII,GB,138,107,77.54
20,2064,SGBNOV24,GB,455,448,98.46
20,2065,SGBNOV25,GB,1,1,100.00
20,2066,SGBNOV258,GB,1,1,100.00
20,2067,SGBNOV25IX,GB,1,1,100.00
20,2068,SGBNOV26,GB,23,23,100.00
20,2069,SGBNV29VII,GB,402,251,62.44
20,2070,SGBOC28VII,GB,211,112,53.08
20,2071,SGBOCT25,GB,3,3,100.00
20,2072,SGBOCT26,GB,23,20,86.96
20,2073,SGBOCT27,GB,55,55,100.00
20,2074,SGBOCT27VI,GB,54,45,83.33
20,2075,SGBSEP24,GB,258,179,69.38
20,2076,SGBSEP27,GB,36,36,100.00
20,2077,SGBSEP28VI,GB,166,138,83.13
20,2078,SGBSEP29VI,GB,808,747,92.45
20,2079,SGBSEP31II,GB,2125,1243,58.49
20,2080,SGIL,EQ,20394,15277,74.91
20,2081,SGL,EQ,162843,141053,86.62
20,2082,SHAH,EQ,645217,424188,65.74
20,2083,SHAHALLOYS,EQ,84981,55303,65.08
20,2084,SHAILY,EQ,46045,26423,57.39
20,2085,SHALBY,EQ,156815,71107,45.34
20,2086,SHALPAINTS,EQ,219273,155391,70.87
20,2087,SHANKARA,EQ,119470,80511,67.39
20,2088,SHANTHALA,SM,6000,6000,100.00
20,2089,SHANTIGEAR,EQ,37708,23350,61.92
20,2090,SHARDACROP,EQ,158437,82610,52.14
20,2091,SHARDAMOTR,EQ,103876,57217,55.08
20,2092,SHAREINDIA,EQ,350838,170390,48.57
20,2093,SHAREINDIA,W1,855,855,100.00
20,2094,SHARIABEES,EQ,4318,2876,66.60
20,2095,SHEETAL,ST,8000,8000,100.00
20,2096,SHEMAROO,EQ,48230,30425,63.08
20,2097,SHERA,SM,5000,5000,100.00
20,2098,SHIGAN,SM,9000,9000,100.00
20,2099,SHILPAMED,EQ,226130,100115,44.27
20,2100,SHIVALIK,EQ,13396,7532,56.23
20,2101,SHIVAMAUTO,EQ,132499,86640,65.39
20,2102,SHIVAMILLS,EQ,13516,8559,63.32
20,2103,SHIVATEX,EQ,56378,44861,79.57
20,2104,SHK,EQ,353368,187057,52.94
20,2105,SHOPERSTOP,EQ,38707,24832,64.15
20,2106,SHRADHA,EQ,234947,187576,79.84
20,2107,SHREDIGCEM,EQ,525356,295198,56.19
20,2108,SHREECEM,EQ,28615,12352,43.17
20,2109,SHREEKARNI,SM,127800,87600,68.54
20,2110,SHREEOSFM,SM,45000,38000,84.44
20,2111,SHREEPUSHK,EQ,263281,118229,44.91
20,2112,SHRENIK,EQ,2062032,1315086,63.78
20,2113,SHREYANIND,EQ,303750,174181,57.34
20,2114,SHREYAS,EQ,219876,120513,54.81
20,2115,SHRIPISTON,EQ,69319,38124,55.00
20,2116,SHRIRAMFIN,EQ,2478641,1440824,58.13
20,2117,SHRIRAMPPS,EQ,973888,495266,50.85
20,2118,SHRITECH,SM,6000,6000,100.00
20,2119,SHUBHLAXMI,SM,93000,71000,76.34
20,2120,SHYAMMETL,EQ,1419376,816893,57.55
20,2121,SIDDHIKA,SM,4000,4000,100.00
20,2122,SIEMENS,EQ,331393,137392,41.46
20,2123,SIGACHI,EQ,1043331,575130,55.12
20,2124,SIGIND,EQ,67264,37950,56.42
20,2125,SIGMA,EQ,10609,7139,67.29
20,2126,SIGNATURE,EQ,849316,184697,21.75
20,2127,SIGNORIA,SM,8000,6000,75.00
20,2128,SIGNPOST,EQ,137320,72735,52.97
20,2129,SIKKO,EQ,163931,81626,49.79
20,2130,SIL,EQ,105837,55804,52.73
20,2131,SILGO,EQ,27806,19300,69.41
20,2132,SILINV,EQ,3287,2421,73.65
20,2133,SILKFLEX,SM,274000,228000,83.21
20,2134,SILLYMONKS,EQ,16177,12378,76.52
20,2135,SILVER,EQ,438231,389480,88.88
20,2136,SILVER1,EQ,93785,80621,85.96
20,2137,SILVERADD,EQ,151270,145192,95.98
20,2138,SILVERBEES,EQ,4734222,3423820,72.32
20,2139,SILVERETF,EQ,244307,202387,82.84
20,2140,SILVERIETF,EQ,1170747,940019,80.29
20,2141,SILVERTUC,EQ,23135,5036,21.77
20,2142,SILVRETF,EQ,25794,20378,79.00
20,2143,SIMBHALS,EQ,274674,172997,62.98
20,2144,SINCLAIR,EQ,71437,50221,70.30
20,2145,SINDHUTRAD,EQ,517718,366351,70.76
20,2146,SINTERCOM,EQ,6785,2362,34.81
20,2147,SIRCA,EQ,115493,72617,62.88
20,2148,SIS,EQ,65110,50878,78.14
20,2149,SIYSIL,EQ,87895,52594,59.84
20,2150,SJLOGISTIC,SM,28500,20000,70.18
20,2151,SJS,EQ,129332,102217,79.03
20,2152,SJVN,EQ,9005824,4117426,45.72
20,2153,SKFINDIA,EQ,244737,79884,32.64
20,2154,SKIPPER,EQ,1496901,584756,39.06
20,2155,SKIPPERPP,E1,10800,7543,69.84
20,2156,SKMEGGPROD,EQ,160426,69560,43.36
20,2157,SKP,SM,15500,10000,64.52
20,2158,SLONE,SM,30400,22400,73.68
20,2159,SMALLCAP,EQ,521475,478759,91.81
20,2160,SMCGLOBAL,EQ,502934,165176,32.84
20,2161,SMLISUZU,EQ,33872,19884,58.70
20,2162,SMLT,EQ,90948,51627,56.77
20,2163,SMSLIFE,EQ,1076,797,74.07
20,2164,SMSPHARMA,EQ,168708,88346,52.37
20,2165,SMVD,ST,4040,4040,100.00
20,2166,SNOWMAN,EQ,3437397,1635828,47.59
20,2167,SOBHA,EQ,246784,175175,70.98
20,2168,SOFTTECH,EQ,43428,32941,75.85
20,2169,SOLARA,EQ,64169,34794,54.22
20,2170,SOLARINDS,EQ,153806,63352,41.19
20,2171,SOLEX,SM,20200,16200,80.20
20,2172,SOMANYCERA,EQ,77685,32391,41.70
20,2173,SOMICONVEY,EQ,39959,23804,59.57
20,2174,SONACOMS,EQ,1549934,997592,64.36
20,2175,SONAMAC,SM,684000,409000,59.80
20,2176,SONAMLTD,EQ,22646,11594,51.20
20,2177,SONATSOFTW,EQ,578240,296944,51.35
20,2178,SONUINFRA,SM,6000,6000,100.00
20,2179,SOTAC,SM,1200,1200,100.00
20,2180,SOTL,EQ,132383,69492,52.49
20,2181,SOUTHBANK,EQ,15753328,7858178,49.88
20,2182,SOUTHWEST,EQ,494991,233033,47.08
20,2183,SPAL,EQ,23048,10566,45.84
20,2184,SPANDANA,EQ,1896512,1473358,77.69
20,2185,SPARC,EQ,1176942,581202,49.38
20,2186,SPCENET,EQ,3501213,2268258,64.78
20,2187,SPECIALITY,EQ,80444,53884,66.98
20,2188,SPECTRUM,SM,8125,6875,84.62
20,2189,SPECTSTM,SM,72000,53600,74.44
20,2190,SPENCERS,EQ,250758,140690,56.11
20,2191,SPIC,EQ,4731998,1311417,27.71
20,2192,SPLIL,EQ,51405,33791,65.73
20,2193,SPLPETRO,EQ,66622,34789,52.22
20,2194,SPMLINFRA,EQ,281470,218168,77.51
20,2195,SPORTKING,EQ,8925,5713,64.01
20,2196,SPRL,ST,6400,5600,87.50
20,2197,SREEL,EQ,39563,24032,60.74
20,2198,SRF,EQ,223271,100874,45.18
20,2199,SRGHFL,EQ,36658,24899,67.92
20,2200,SRHHYPOLTD,EQ,25748,13818,53.67
20,2201,SRIVASAVI,SM,25000,20000,80.00
20,2202,SRM,EQ,170243,146082,85.81
20,2203,SSFL,SM,52500,34000,64.76
20,2204,SSWL,EQ,659193,339614,51.52
20,2205,STAR,EQ,412649,238081,57.70
20,2206,STARCEMENT,EQ,473879,252432,53.27
20,2207,STARHEALTH,EQ,472201,284977,60.35
20,2208,STARPAPER,EQ,185942,93081,50.06
20,2209,STARTECK,EQ,5683,3219,56.64
20,2210,STCINDIA,EQ,1157756,346757,29.95
20,2211,STEELCAS,EQ,21792,11578,53.13
20,2212,STEELCITY,EQ,45154,24531,54.33
20,2213,STEELXIND,EQ,5488627,3484757,63.49
20,2214,STEL,EQ,22908,13872,60.56
20,2215,STERTOOLS,EQ,62899,34880,55.45
20,2216,STLTECH,EQ,4341166,1738251,40.04
20,2217,STOVEKRAFT,EQ,1138991,474108,41.63
20,2218,STYLAMIND,EQ,73721,48202,65.38
20,2219,STYRENIX,EQ,49956,25888,51.82
20,2220,SUBEXLTD,EQ,9210970,3441900,37.37
20,2221,SUBROS,EQ,245060,119589,48.80
20,2222,SUDARSCHEM,EQ,367143,174009,47.40
20,2223,SUKHJITS,EQ,16214,10590,65.31
20,2224,SULA,EQ,392013,211121,53.86
20,2225,SUMICHEM,EQ,1199776,581583,48.47
20,2226,SUMMITSEC,EQ,57906,20528,35.45
20,2227,SUNCLAY,EQ,2870,1597,55.64
20,2228,SUNDARAM,EQ,3359443,2194119,65.31
20,2229,SUNDARMFIN,EQ,45880,29671,64.67
20,2230,SUNDARMHLD,EQ,116037,69001,59.46
20,2231,SUNDRMBRAK,EQ,6645,4712,70.91
20,2232,SUNDRMFAST,EQ,547408,455819,83.27
20,2233,SUNFLAG,EQ,519328,293663,56.55
20,2234,SUNPHARMA,EQ,1478241,1041237,70.44
20,2235,SUNREST,SM,27200,24000,88.24
20,2236,SUNTECK,EQ,770085,340272,44.19
20,2237,SUNTV,EQ,703015,190125,27.04
20,2238,SUPERHOUSE,EQ,14405,6771,47.00
20,2239,SUPERSPIN,EQ,893068,524225,58.70
20,2240,SUPRAJIT,EQ,449975,210906,46.87
20,2241,SUPREMEIND,EQ,176022,75826,43.08
20,2242,SUPREMEPWR,SM,160000,99000,61.88
20,2243,SUPRIYA,EQ,209906,117129,55.80
20,2244,SURAJEST,EQ,492984,293925,59.62
20,2245,SURANAT&P,EQ,909315,727648,80.02
20,2246,SURANI,SM,25600,19200,75.00
20,2247,SURYALAXMI,EQ,21491,9375,43.62
20,2248,SURYAROSNI,EQ,207155,108170,52.22
20,2249,SURYODAY,EQ,436713,218808,50.10
20,2250,SUTLEJTEX,EQ,185539,110801,59.72
20,2251,SUULD,EQ,1399022,777956,55.61
20,2252,SUVEN,EQ,203528,154202,75.76
20,2253,SUVENPHAR,EQ,873723,195502,22.38
20,2254,SUVIDHAA,EQ,319942,195706,61.17
20,2255,SUZLON,EQ,49874657,38610400,77.41
20,2256,SVLL,EQ,31223,21348,68.37
20,2257,SVPGLOB,EQ,99071,56128,56.65
20,2258,SWANENERGY,EQ,3250348,1712524,52.69
20,2259,SWARAJ,SM,37000,33000,89.19
20,2260,SWARAJENG,EQ,34819,18088,51.95
20,2261,SWASTIK,SM,98400,85200,86.59
20,2262,SWELECTES,EQ,75087,39897,53.13
20,2263,SWSOLAR,EQ,1244999,631421,50.72
20,2264,SYMPHONY,EQ,112842,60416,53.54
20,2265,SYNCOMF,EQ,2968415,1738344,58.56
20,2266,SYNGENE,EQ,517404,318433,61.54
20,2267,SYNOPTICS,SM,17400,13200,75.86
20,2268,SYRMA,EQ,1629962,912724,56.00
20,2269,SYSTANGO,SM,38800,27200,70.10
20,2270,TAC,SM,57600,45600,79.17
20,2271,TAJGVK,EQ,286571,125100,43.65
20,2272,TAKE,EQ,267834,168245,62.82
20,2273,TALBROAUTO,EQ,426841,232611,54.50
20,2274,TANLA,EQ,391442,162299,41.46
20,2275,TARC,EQ,2499806,792649,31.71
20,2276,TARSONS,EQ,727577,328647,45.17
20,2277,TASTYBITE,EQ,15959,4014,25.15
20,2278,TATACHEM,EQ,1365786,498596,36.51
20,2279,TATACOMM,EQ,342146,222802,65.12
20,2280,TATACONSUM,EQ,1161864,800710,68.92
20,2281,TATAELXSI,EQ,94020,54643,58.12
20,2282,TATAGOLD,EQ,2159977,1692541,78.36
20,2283,TATAINVEST,EQ,166081,64259,38.69
20,2284,TATAMOTORS,EQ,9845075,5110284,51.91
20,2285,TATAMTRDVR,EQ,2860099,1976371,69.10
20,2286,TATAPOWER,EQ,6522944,3054521,46.83
20,2287,TATASTEEL,EQ,35032118,16901403,48.25
20,2288,TATATECH,EQ,1188441,866432,72.90
20,2289,TATSILV,EQ,1091999,921319,84.37
20,2290,TATVA,EQ,195705,80883,41.33
20,2291,TBI,ST,157200,156000,99.24
20,2292,TBOTEK,EQ,150975,82787,54.83
20,2293,TBZ,EQ,240689,131353,54.57
20,2294,TCHF30,NB,884,884,100.00
20,2295,TCI,EQ,26166,16595,63.42
20,2296,TCIEXP,EQ,60946,29186,47.89
20,2297,TCL,SM,256000,172000,67.19
20,2298,TCLCONS,EQ,288641,187970,65.12
20,2299,TCNSBRANDS,EQ,1943805,1399866,72.02
20,2300,TCPLPACK,EQ,21924,11088,50.57
20,2301,TCS,EQ,1774045,1106791,62.39
20,2302,TDPOWERSYS,EQ,2656989,839802,31.61
20,2303,TEAMLEASE,EQ,20569,11365,55.25
20,2304,TECH,EQ,16803,12885,76.68
20,2305,TECHLABS,SM,37500,36000,96.00
20,2306,TECHM,EQ,950760,516265,54.30
20,2307,TECILCHEM,EQ,6253,6252,99.98
20,2308,TEGA,EQ,51685,27007,52.25
20,2309,TEJASNET,EQ,620403,239048,38.53
20,2310,TEMBO,EQ,76774,35591,46.36
20,2311,TERASOFT,EQ,1214991,663832,54.64
20,2312,TEXINFRA,EQ,1238384,662977,53.54
20,2313,TEXMOPIPES,EQ,94636,60168,63.58
20,2314,TEXRAIL,EQ,3756848,2225648,59.24
20,2315,TFCILTD,EQ,1535097,689843,44.94
20,2316,TGBHOTELS,EQ,1083263,484483,44.72
20,2317,TGL,SM,218400,126000,57.69
20,2318,THANGAMAYL,EQ,40998,24238,59.12
20,2319,THEINVEST,EQ,16337,12452,76.22
20,2320,THEJO,EQ,20647,11983,58.04
20,2321,THEMISMED,EQ,43524,29737,68.32
20,2322,THERMAX,EQ,64774,35665,55.06
20,2323,THOMASCOOK,EQ,2063689,980658,47.52
20,2324,THYROCARE,EQ,37968,18350,48.33
20,2325,TI,EQ,630605,289059,45.84
20,2326,TIDEWATER,EQ,36905,20133,54.55
20,2327,TIIL,EQ,25373,15159,59.74
20,2328,TIINDIA,EQ,404976,312269,77.11
20,2329,TIMESCAN,SM,16000,14000,87.50
20,2330,TIMETECHNO,EQ,1153630,439346,38.08
20,2331,TIMKEN,EQ,348467,132147,37.92
20,2332,TIPSFILMS,EQ,4820,3090,64.11
20,2333,TIPSINDLTD,EQ,455046,330181,72.56
20,2334,TIRUMALCHM,EQ,3225724,989229,30.67
20,2335,TIRUPATI,SM,250,250,100.00
20,2336,TIRUPATIFL,EQ,2962800,2058722,69.49
20,2337,TITAGARH,EQ,2238313,643565,28.75
20,2338,TITAN,EQ,1585048,711120,44.86
20,2339,TMB,EQ,84867,53577,63.13
20,2340,TNIDETF,EQ,66790,65009,97.33
20,2341,TNPETRO,EQ,497589,212576,42.72
20,2342,TNPL,EQ,230072,76016,33.04
20,2343,TOKYOPLAST,EQ,25692,19135,74.48
20,2344,TORNTPHARM,EQ,186896,133645,71.51
20,2345,TORNTPOWER,EQ,249173,153537,61.62
20,2346,TOTAL,EQ,55256,39397,71.30
20,2347,TOUCHWOOD,EQ,5162,1709,33.11
20,2348,TPHQ,EQ,11696162,7611159,65.07
20,2349,TPLPLASTEH,EQ,539338,129885,24.08
20,2350,TRACXN,EQ,379952,191152,50.31
20,2351,TRANSTEEL,SM,76000,56000,73.68
20,2352,TRANSWIND,SM,4000,4000,100.00
20,2353,TREEHOUSE,EQ,39263,20858,53.12
20,2354,TREL,EQ,448717,265237,59.11
20,2355,TRENT,EQ,1247457,451371,36.18
20,2356,TRIDENT,EQ,12931527,5445172,42.11
20,2357,TRIDHYA,SM,21000,18000,85.71
20,2358,TRIGYN,EQ,190266,102127,53.68
20,2359,TRITURBINE,EQ,450551,192664,42.76
20,2360,TRIVENI,EQ,768392,364644,47.46
20,2361,TRU,EQ,8316514,2384997,28.68
20,2362,TRUST,SM,277200,165600,59.74
20,2363,TTKHLTCARE,EQ,6557,4644,70.83
20,2364,TTKPRESTIG,EQ,105370,55067,52.26
20,2365,TTL,EQ,16859,10795,64.03
20,2366,TTML,EQ,3106680,1252664,40.32
20,2367,TV18BRDCST,EQ,8026363,4858047,60.53
20,2368,TVSELECT,EQ,87405,37698,43.13
20,2369,TVSHLTD,EQ,2589,1393,53.80
20,2370,TVSMOTOR,EQ,1090211,701026,64.30
20,2371,TVSSCS,EQ,1271406,616300,48.47
20,2372,TVSSRICHAK,EQ,2853,1232,43.18
20,2373,TVTODAY,EQ,196428,110490,56.25
20,2374,UBL,EQ,315481,210756,66.80
20,2375,UCAL,EQ,37278,23330,62.58
20,2376,UCOBANK,EQ,8672742,3628578,41.84
20,2377,UDAICEMENT,EQ,838699,433165,51.65
20,2378,UDS,EQ,134063,69110,51.55
20,2379,UFLEX,EQ,179658,96392,53.65
20,2380,UFO,EQ,362585,111374,30.72
20,2381,UGARSUGAR,EQ,491405,258554,52.62
20,2382,UGROCAP,EQ,535407,309631,57.83
20,2383,UJJIVANSFB,EQ,15258193,9114357,59.73
20,2384,ULTRACEMCO,EQ,322724,203380,63.02
20,2385,UMA,SM,348000,176000,50.57
20,2386,UMANGDAIRY,EQ,215677,120174,55.72
20,2387,UMESLTD,EQ,48030,34526,71.88
20,2388,UNICHEMLAB,EQ,29598,15044,50.83
20,2389,UNIDT,EQ,17165,12508,72.87
20,2390,UNIENTER,EQ,23145,16374,70.75
20,2391,UNIHEALTH,SM,2000,2000,100.00
20,2392,UNIINFO,EQ,52205,35439,67.88
20,2393,UNIONBANK,EQ,8014001,4583014,57.19
20,2394,UNIPARTS,EQ,221356,124932,56.44
20,2395,UNITDSPR,EQ,3609667,2875252,79.65
20,2396,UNITEDPOLY,EQ,35807,29401,82.11
20,2397,UNITEDTEA,EQ,25421,17981,70.73
20,2398,UNIVCABLES,EQ,45653,17624,38.60
20,2399,UNIVPHOTO,EQ,858,548,63.87
20,2400,UNOMINDA,EQ,969874,467708,48.22
20,2401,UPL,EQ,1587670,791115,49.83
20,2402,URBAN,SM,11600,8800,75.86
20,2403,URJA,EQ,3562701,2550691,71.59
20,2404,USASEEDS,SM,1500,1200,80.00
20,2405,USHAMART,EQ,1165318,502577,43.13
20,2406,USK,EQ,296309,188724,63.69
20,2407,UTIAMC,EQ,779522,284823,36.54
20,2408,UTIBANKETF,EQ,17096130,48963,0.29
20,2409,UTINEXT50,EQ,123457,96142,77.87
20,2410,UTINIFTETF,EQ,126331,113157,89.57
20,2411,UTISENSETF,EQ,1684,1013,60.15
20,2412,UTISXN50,EQ,2782,2446,87.92
20,2413,UTKARSHBNK,EQ,1958716,1142221,58.31
20,2414,UTTAMSUGAR,EQ,226409,112262,49.58
20,2415,UWCSL,SM,2000,2000,100.00
20,2416,VADILALIND,EQ,12208,6771,55.46
20,2417,VAIBHAVGBL,EQ,308298,184378,59.81
20,2418,VAISHALI,EQ,26532,15841,59.71
20,2419,VAKRANGEE,EQ,21227571,5398643,25.43
20,2420,VALIANTLAB,EQ,114578,19860,17.33
20,2421,VALIANTORG,EQ,41895,23891,57.03
20,2422,VARDHACRLC,EQ,210323,139954,66.54
20,2423,VARDMNPOLY,EQ,585795,371869,63.48
20,2424,VARROC,EQ,710530,247293,34.80
20,2425,VASCONEQ,EQ,6645939,2754054,41.44
20,2426,VBL,EQ,2046723,997929,48.76
20,2427,VEDL,EQ,8601634,3675924,42.74
20,2428,VEEKAYEM,SM,3500,1500,42.86
20,2429,VELS,SM,2400,2400,100.00
20,2430,VENKEYS,EQ,106646,44111,41.36
20,2431,VENUSPIPES,EQ,60296,26791,44.43
20,2432,VENUSREM,EQ,108498,53265,49.09
20,2433,VERANDA,EQ,358020,125934,35.18
20,2434,VERITAAS,SM,39600,28800,72.73
20,2435,VERTEXPLUS,ST,1200,1200,100.00
20,2436,VESUVIUS,EQ,33319,15441,46.34
20,2437,VETO,EQ,180387,75576,41.90
20,2438,VGUARD,EQ,1244010,663842,53.36
20,2439,VHL,EQ,10489,5633,53.70
20,2440,VIAZ,SM,18000,16000,88.89
20,2441,VIDHIING,EQ,51597,26868,52.07
20,2442,VIJAYA,EQ,234620,118829,50.65
20,2443,VIKASECO,EQ,10791739,6604573,61.20
20,2444,VIKASLIFE,EQ,12111125,5818000,48.04
20,2445,VILAS,SM,463000,207000,44.71
20,2446,VILINBIO,SM,4000,4000,100.00
20,2447,VIMTALABS,EQ,18176,9884,54.38
20,2448,VINATIORGA,EQ,205759,113365,55.10
20,2449,VINDHYATEL,EQ,23019,13650,59.30
20,2450,VINEETLAB,EQ,33016,18175,55.05
20,2451,VINNY,EQ,603177,419166,69.49
20,2452,VINSYS,SM,28000,21500,76.79
20,2453,VINYAS,SM,9200,6400,69.57
20,2454,VINYLINDIA,EQ,174528,57427,32.90
20,2455,VIPCLOTHNG,EQ,117853,75635,64.18
20,2456,VIPIND,EQ,282143,175118,62.07
20,2457,VIRINCHI,EQ,878382,474920,54.07
20,2458,VISAKAIND,EQ,473495,238829,50.44
20,2459,VISHNU,EQ,151443,98557,65.08
20,2460,VISHNUINFR,SM,64000,56000,87.50
20,2461,VISHWARAJ,EQ,2387424,1262253,52.87
20,2462,VISHWAS,SM,4800,3200,66.67
20,2463,VITAL,SM,32400,25200,77.78
20,2464,VIVIANA,SM,10000,10000,100.00
20,2465,VIVO,SM,3200,1600,50.00
20,2466,VLSFINANCE,EQ,43769,28249,64.54
20,2467,VMARCIND,SM,60000,47000,78.33
20,2468,VMART,EQ,18979,14603,76.94
20,2469,VOLTAMP,EQ,34968,13588,38.86
20,2470,VOLTAS,EQ,2368835,877962,37.06
20,2471,VPRPL,EQ,6708569,2261447,33.71
20,2472,VR,SM,22400,19200,85.71
20,2473,VRLLOG,EQ,150768,75173,49.86
20,2474,VSSL,EQ,103705,42801,41.27
20,2475,VSTIND,EQ,33047,16031,48.51
20,2476,VSTTILLERS,EQ,30984,17721,57.19
20,2477,VTL,EQ,404233,196011,48.49
20,2478,WABAG,EQ,638210,292735,45.87
20,2479,WALCHANNAG,EQ,550553,390713,70.97
20,2480,WALPAR,SM,15000,12000,80.00
20,2481,WANBURY,EQ,254232,154119,60.62
20,2482,WEALTH,EQ,9946,5687,57.18
20,2483,WEIZMANIND,EQ,53417,27314,51.13
20,2484,WELCORP,EQ,1581221,1060819,67.09
20,2485,WELENT,EQ,239176,114119,47.71
20,2486,WELINV,EQ,423,232,54.85
20,2487,WELSPUNLIV,EQ,3646165,2060093,56.50
20,2488,WENDT,EQ,654,304,46.48
20,2489,WESTLIFE,EQ,238815,197001,82.49
20,2490,WHEELS,EQ,180944,85296,47.14
20,2491,WHIRLPOOL,EQ,199870,104644,52.36
20,2492,WILLAMAGOR,EQ,29151,8271,28.37
20,2493,WINDLAS,EQ,76061,38783,50.99
20,2494,WINDMACHIN,EQ,5024749,1620067,32.24
20,2495,WINSOL,SM,376000,195200,51.91
20,2496,WIPL,EQ,9130,2732,29.92
20,2497,WIPRO,EQ,15935492,6386875,40.08
20,2498,WOCKPHARMA,EQ,211251,151506,71.72
20,2499,WOMANCART,SM,9600,6400,66.67
20,2500,WONDERLA,EQ,67323,38669,57.44
20,2501,WORTH,EQ,146725,84219,57.40
20,2502,WSI,EQ,144052,78884,54.76
20,2503,WSTCSTPAPR,EQ,546882,290699,53.16
20,2504,WTICAB,SM,222000,181000,81.53
20,2505,XCHANGING,EQ,476619,272170,57.10
20,2506,XPROINDIA,EQ,36648,23160,63.20
20,2507,YASHO,EQ,13058,7928,60.71
20,2508,YASHOPTICS,SM,67200,54400,80.95
20,2509,YATHARTH,EQ,88005,59641,67.77
20,2510,YATRA,EQ,1002400,504038,50.28
20,2511,YCCL,SM,36000,18000,50.00
20,2512,YESBANK,EQ,93571771,36715697,39.24
20,2513,YUDIZ,SM,41600,39200,94.23
20,2514,YUKEN,EQ,40349,33303,82.54
20,2515,ZAGGLE,EQ,4606035,1658796,36.01
20,2516,ZEAL,SM,29400,21000,71.43
20,2517,ZEEL,EQ,11578858,5935571,51.26
20,2518,ZEEMEDIA,EQ,9284122,4061807,43.75
20,2519,ZENITHDRUG,SM,112000,84800,75.71
20,2520,ZENITHSTL,EQ,1487873,880720,59.19
20,2521,ZENSARTECH,EQ,876393,330593,37.72
20,2522,ZENTEC,EQ,1925859,786745,40.85
20,2523,ZFCVINDIA,EQ,2633,1199,45.54
20,2524,ZIMLAB,EQ,221911,136193,61.37
20,2525,ZODIACLOTH,EQ,24638,13627,55.31
20,2526,ZOMATO,EQ,40633379,22604969,55.63
20,2527,ZOTA,EQ,370600,160536,43.32
20,2528,ZTECH,ST,49200,49200,100.00
20,2529,ZUARI,EQ,557434,254097,45.58
20,2530,ZUARIIND,EQ,142734,66402,46.52
20,2531,ZYDUSLIFE,EQ,1899763,864865,45.52
20,2532,ZYDUSWELL,EQ,28165,16499,58.58
