Security Wise Delivery Position - Compulsory Rolling Settlement
10,MTO,23042024,2105948249,0002443
Trade Date <23-APR-2024>,Settlement Type <N>
Record Type,Sr No,Name of Security,Quantity Traded,Deliverable Quantity(gross across client level),% of Deliverable Quantity to Traded Quantity
20,1,1018GS2026,GS,15129,15129,100.00
20,2,182D031024,TB,4800,3500,72.92
20,3,182D090524,TB,100,100,100.00
20,4,182D110724,TB,300,300,100.00
20,5,182D111024,TB,700,700,100.00
20,6,182D120924,TB,400,300,75.00
20,7,182D130624,TB,1700,1700,100.00
20,8,182D160524,TB,100,100,100.00
20,9,182D181024,TB,100,100,100.00
20,10,182D200624,TB,300,300,100.00
20,11,182D260924,TB,400,300,75.00
20,12,182D290824,TB,100,100,100.00
20,13,182D300524,TB,1100,700,63.64
20,14,20MICRONS,EQ,158665,88847,56.00
20,15,360ONE,EQ,793448,360589,45.45
20,16,364D020524,TB,15100,15100,100.00
20,17,364D030425,TB,1100,1100,100.00
20,18,364D090125,TB,100,100,100.00
20,19,364D110425,TB,10100,10100,100.00
20,20,364D130325,TB,2100,2100,100.00
20,21,364D180425,TB,100,100,100.00
20,22,364D191224,TB,100,100,100.00
20,23,364D211124,TB,200,200,100.00
20,24,364D270225,TB,200,200,100.00
20,25,3IINFOLTD,EQ,1497498,723530,48.32
20,26,3MINDIA,EQ,1215,567,46.67
20,27,3PLAND,EQ,12791,10316,80.65
20,28,515GS2025,GS,5,5,100.00
20,29,574GS2026,GS,13,12,92.31
20,30,577GS2030,GS,100,100,100.00
20,31,585GS2030,GS,10,10,100.00
20,32,5PAISA,EQ,145886,60084,41.19
20,33,619GS2034,GS,7,7,100.00
20,34,63MOONS,EQ,316784,155197,48.99
20,35,654GS2032,GS,87109,85908,98.62
20,36,663TN35,SG,100,100,100.00
20,37,667GS2035,GS,219,210,95.89
20,38,667GS2050,GS,3500,3500,100.00
20,39,669GS2024,GS,366850,366838,100.00
20,40,695GS2061,GS,200,200,100.00
20,41,699GS2026,GS,15932,15932,100.00
20,42,699GS2051,GS,5042,5042,100.00
20,43,706GS2028,GS,62039,59539,95.97
20,44,710GS2029,GS,44993,42001,93.35
20,45,717GS2030,GS,2427,2427,100.00
20,46,718GS2033,GS,5100,5100,100.00
20,47,718GS2037,GS,3430,3430,100.00
20,48,725GS2063,GS,1102,1101,99.91
20,49,726GS2032,GS,16582,16582,100.00
20,50,726GS2033,GS,350,350,100.00
20,51,732GS2030,GS,2750,2725,99.09
20,52,733GS2026,GS,1200,1200,100.00
20,53,734GS2064,GS,24500,24400,99.59
20,54,736GS2052,GS,3221,3221,100.00
20,55,737GS2028,GS,48664,48661,99.99
20,56,738GS2027,GS,76360,76360,100.00
20,57,73GS2053,GS,400,400,100.00
20,58,741GS2036,GS,23936,23935,100.00
20,59,746GS2073,GS,4686,4686,100.00
20,60,74GS2062,GS,5463,5363,98.17
20,61,754GS2036,GS,839631,815131,97.08
20,62,755GJ31,SG,1700,1700,100.00
20,63,758GJ32,SG,200,200,100.00
20,64,765GJ29A,SG,100,100,100.00
20,65,765UP34,SG,200,200,100.00
20,66,769GS2043,GS,10,5,50.00
20,67,771KL43,SG,100,100,100.00
20,68,771WB43,SG,100,100,100.00
20,69,772GS2049,GS,297,297,100.00
20,70,773KA34,SG,100,100,100.00
20,71,774TS35,SG,100,100,100.00
20,72,775UP33,SG,100,100,100.00
20,73,779PN37,SG,100,100,100.00
20,74,77AP38,SG,300,300,100.00
20,75,794TN32,SG,5500,4100,74.55
20,76,824GS2027,GS,4500,4500,100.00
20,77,83GS2040,GS,8522,8522,100.00
20,78,91D020524,TB,100,100,100.00
20,79,91D040724,TB,2300,2300,100.00
20,80,91D090524,TB,400,400,100.00
20,81,91D120724,TB,200,200,100.00
20,82,91D130624,TB,1500,1500,100.00
20,83,91D160524,TB,600,600,100.00
20,84,91D200624,TB,1700,1700,100.00
20,85,91D230524,TB,500,500,100.00
20,86,91D270624,TB,2100,2100,100.00
20,87,91D300524,TB,1800,1800,100.00
20,88,92GS2030,GS,68,68,100.00
20,89,AAATECH,EQ,158845,68783,43.30
20,90,AAKASH,EQ,311104,240136,77.19
20,91,AARON,EQ,6448,4767,73.93
20,92,AARTECH,EQ,126065,78756,62.47
20,93,AARTIDRUGS,EQ,360824,79257,21.97
20,94,AARTIIND,EQ,2578469,812260,31.50
20,95,AARTIPHARM,EQ,199785,102194,51.15
20,96,AARTISURF,EQ,107835,47354,43.91
20,97,AARTISURF,P1,80,0,0.00
20,98,AARVEEDEN,EQ,22919,10549,46.03
20,99,AARVI,EQ,38284,17208,44.95
20,100,AATMAJ,SM,18000,18000,100.00
20,101,AAVAS,EQ,443332,214966,48.49
20,102,ABB,EQ,550348,298496,54.24
20,103,ABBOTINDIA,EQ,34185,19030,55.67
20,104,ABCAPITAL,EQ,27144053,7438242,27.40
20,105,ABFRL,EQ,31008521,7016561,22.63
20,106,ABINFRA,SM,32000,32000,100.00
20,107,ABMINTLLTD,EQ,2208,1954,88.50
20,108,ABSLAMC,EQ,1030967,635010,61.59
20,109,ABSLBANETF,EQ,33583,19709,58.69
20,110,ABSLLIQUID,EQ,4613,4164,90.27
20,111,ABSLNN50ET,EQ,5469,4584,83.82
20,112,ACC,EQ,450921,168989,37.48
20,113,ACCELYA,EQ,14241,5885,41.32
20,114,ACCENTMIC,SM,33000,23000,69.70
20,115,ACCORD,SM,4000,4000,100.00
20,116,ACE,EQ,264027,139179,52.71
20,117,ACEINTEG,EQ,4305,1874,43.53
20,118,ACI,EQ,250504,81105,32.38
20,119,ACL,EQ,31010,21385,68.96
20,120,ACLGATI,EQ,256508,129650,50.54
20,121,ACSAL,SM,24000,15000,62.50
20,122,ADANIENSOL,EQ,749815,300862,40.12
20,123,ADANIENT,EQ,1654272,914004,55.25
20,124,ADANIGREEN,EQ,631341,368170,58.32
20,125,ADANIPORTS,EQ,3847872,1993172,51.80
20,126,ADANIPOWER,EQ,1708627,1038338,60.77
20,127,ADFFOODS,EQ,1710364,534664,31.26
20,128,ADL,EQ,10109,4737,46.86
20,129,ADORWELD,EQ,10916,6435,58.95
20,130,ADROITINFO,EQ,222831,183853,82.51
20,131,ADROITPP,E1,18101,18101,100.00
20,132,ADSL,EQ,232716,81486,35.02
20,133,ADVANIHOTR,EQ,177303,109605,61.82
20,134,ADVENZYMES,EQ,224002,118367,52.84
20,135,AEGISCHEM,EQ,1452255,320286,22.05
20,136,AEROFLEX,EQ,487171,163438,33.55
20,137,AETHER,EQ,26637,14505,54.45
20,138,AFFLE,EQ,183136,116633,63.69
20,139,AGARIND,EQ,187521,42730,22.79
20,140,AGARWALFT,ST,57000,54000,94.74
20,141,AGI,EQ,102308,58326,57.01
20,142,AGNI,SM,175000,110000,62.86
20,143,AGRITECH,EQ,71356,26023,36.47
20,144,AGROPHOS,EQ,539964,258363,47.85
20,145,AGSTRA,EQ,130664,90707,69.42
20,146,AGUL,SM,4000,4000,100.00
20,147,AHL,EQ,145532,86499,59.44
20,148,AHLADA,EQ,25266,13345,52.82
20,149,AHLEAST,EQ,49552,35997,72.64
20,150,AHLUCONT,EQ,111869,73578,65.77
20,151,AIAENG,EQ,79996,68896,86.12
20,152,AIIL,EQ,212645,94867,44.61
20,153,AILIMITED,SM,24000,24000,100.00
20,154,AIRAN,EQ,251450,183907,73.14
20,155,AIROLAM,EQ,6426,4786,74.48
20,156,AIRTELPP,E1,537402,360488,67.08
20,157,AISL,ST,2400,2400,100.00
20,158,AJANTPHARM,EQ,98235,58755,59.81
20,159,AJMERA,EQ,122953,41165,33.48
20,160,AJOONI,EQ,940898,677382,71.99
20,161,AKANKSHA,SM,172000,150000,87.21
20,162,AKASH,EQ,33293,21247,63.82
20,163,AKG,EQ,62245,43378,69.69
20,164,AKI,EQ,41962,38020,90.61
20,165,AKSHARCHEM,EQ,9983,7983,79.97
20,166,AKZOINDIA,EQ,5174,3295,63.68
20,167,ALBERTDAVD,EQ,6403,4644,72.53
20,168,ALEMBICLTD,EQ,618293,292565,47.32
20,169,ALICON,EQ,9853,5655,57.39
20,170,ALKALI,EQ,36166,18911,52.29
20,171,ALKEM,EQ,145622,86734,59.56
20,172,ALKYLAMINE,EQ,112367,35099,31.24
20,173,ALLCARGO,EQ,2761695,1465613,53.07
20,174,ALLETEC,SM,53600,40000,74.63
20,175,ALLSEC,EQ,11965,6744,56.36
20,176,ALOKINDS,EQ,5040344,3610759,71.64
20,177,ALPA,EQ,51300,26288,51.24
20,178,ALPEXSOLAR,SM,28800,28800,100.00
20,179,ALPHA,EQ,413166,312966,75.75
20,180,ALPHAETF,EQ,69485,63927,92.00
20,181,ALPHAGEO,EQ,18349,11639,63.43
20,182,ALPL30IETF,EQ,87783,79592,90.67
20,183,ALPSINDUS,EQ,83531,66583,79.71
20,184,ALUWIND,ST,291000,285000,97.94
20,185,AMBER,EQ,189312,84826,44.81
20,186,AMBICAAGAR,EQ,34857,25173,72.22
20,187,AMBIKCO,EQ,7785,5298,68.05
20,188,AMBUJACEM,EQ,3751042,1347482,35.92
20,189,AMDIND,EQ,105143,52892,50.30
20,190,AMEYA,SM,8000,8000,100.00
20,191,AMIORG,EQ,180926,85717,47.38
20,192,AMJLAND,EQ,30325,24353,80.31
20,193,AMNPLST,EQ,454551,111218,24.47
20,194,AMRUTANJAN,EQ,59798,32372,54.14
20,195,ANANDRATHI,EQ,62710,38950,62.11
20,196,ANANTRAJ,EQ,3338245,1844945,55.27
20,197,ANDHRAPAP,EQ,55049,29708,53.97
20,198,ANDHRSUGAR,EQ,129421,49489,38.24
20,199,ANGELONE,EQ,409100,233568,57.09
20,200,ANIKINDS,EQ,15093,11854,78.54
20,201,ANKITMETAL,EQ,235467,198754,84.41
20,202,ANLON,SM,8000,7600,95.00
20,203,ANMOL,EQ,549296,258798,47.11
20,204,ANNAPURNA,SM,28000,22000,78.57
20,205,ANUP,EQ,83168,36196,43.52
20,206,ANURAS,EQ,176770,94719,53.58
20,207,APARINDS,EQ,282826,97332,34.41
20,208,APCL,EQ,8617,5787,67.16
20,209,APCOTEXIND,EQ,22020,15475,70.28
20,210,APEX,EQ,194217,83934,43.22
20,211,APLAPOLLO,EQ,483915,363698,75.16
20,212,APLLTD,EQ,57145,28365,49.64
20,213,APOLLO,EQ,814725,541280,66.44
20,214,APOLLOHOSP,EQ,217146,103075,47.47
20,215,APOLLOPIPE,EQ,19788,11126,56.23
20,216,APOLLOTYRE,EQ,1449810,457127,31.53
20,217,APOLSINHOT,EQ,1061,676,63.71
20,218,APS,SM,22000,22000,100.00
20,219,APTECHT,EQ,1216110,424958,34.94
20,220,APTUS,EQ,259946,117994,45.39
20,221,ARABIAN,SM,10000,10000,100.00
20,222,ARCHIDPLY,EQ,434717,170086,39.13
20,223,ARE&M,EQ,14337929,1898928,13.24
20,224,ARENTERP,EQ,5979,5979,100.00
20,225,ARHAM,ST,26000,26000,100.00
20,226,ARIES,EQ,57910,30158,52.08
20,227,ARIHANTACA,SM,2400,1600,66.67
20,228,ARIHANTCAP,EQ,147108,116581,79.25
20,229,ARIHANTSUP,EQ,30620,12935,42.24
20,230,ARISTO,SM,36800,24000,65.22
20,231,ARMANFIN,EQ,14560,8609,59.13
20,232,AROGRANITE,EQ,218530,139034,63.62
20,233,ARROWGREEN,EQ,101594,47555,46.81
20,234,ARTEMISMED,EQ,87986,61769,70.20
20,235,ARVIND,EQ,1067094,529199,49.59
20,236,ARVINDFASN,EQ,489001,276101,56.46
20,237,ARVSMART,EQ,72412,29207,40.33
20,238,ASAHIINDIA,EQ,249643,114829,46.00
20,239,ASAHISONG,EQ,149367,41829,28.00
20,240,ASAL,EQ,377660,98471,26.07
20,241,ASALCBR,EQ,32684,16088,49.22
20,242,ASHAPURMIN,EQ,90003,63145,70.16
20,243,ASHIANA,EQ,155603,74952,48.17
20,244,ASHIMASYN,EQ,3895969,1577196,40.48
20,245,ASHOKA,EQ,1194375,526912,44.12
20,246,ASHOKLEY,EQ,9131403,5319307,58.25
20,247,ASIANENE,EQ,20386,12275,60.21
20,248,ASIANPAINT,EQ,929062,585707,63.04
20,249,ASIANTILES,EQ,341158,199255,58.41
20,250,ASKAUTOLTD,EQ,227043,149837,65.99
20,251,ASMS,EQ,188282,123905,65.81
20,252,ASPINWALL,EQ,20907,10792,51.62
20,253,ASPIRE,SM,342000,198000,57.89
20,254,ASTEC,EQ,24860,7532,30.30
20,255,ASTERDM,EQ,6174501,2645605,42.85
20,256,ASTRAL,EQ,507115,319109,62.93
20,257,ASTRAMICRO,EQ,374270,173573,46.38
20,258,ASTRAZEN,EQ,3835,1614,42.09
20,259,ATALREAL,EQ,9612399,6826663,71.02
20,260,ATFL,EQ,104564,87508,83.69
20,261,ATGL,EQ,549191,222670,40.55
20,262,ATL,EQ,561253,242054,43.13
20,263,ATMASTCO,SM,648000,312000,48.15
20,264,ATUL,EQ,159723,114347,71.59
20,265,ATULAUTO,EQ,164284,66328,40.37
20,266,AUBANK,EQ,3056268,1813862,59.35
20,267,AURDIS,SM,4000,3000,75.00
20,268,AUROIMPEX,SM,9600,9600,100.00
20,269,AUROPHARMA,EQ,1150312,618178,53.74
20,270,AURUM,EQ,219371,114514,52.20
20,271,AUSOMENT,EQ,94683,34919,36.88
20,272,AUTOAXLES,EQ,14493,9632,66.46
20,273,AUTOBEES,EQ,105672,59433,56.24
20,274,AUTOIETF,EQ,330965,95896,28.97
20,275,AUTOIND,EQ,166391,67836,40.77
20,276,AVADHSUGAR,EQ,32200,16703,51.87
20,277,AVALON,EQ,39607,23088,58.29
20,278,AVANTIFEED,EQ,580630,184398,31.76
20,279,AVG,EQ,83983,51541,61.37
20,280,AVONMORE,EQ,27764,18433,66.39
20,281,AVPINFRA,SM,923200,484800,52.51
20,282,AVROIND,EQ,58916,30917,52.48
20,283,AVTNPL,EQ,250965,128773,51.31
20,284,AWHCL,EQ,90437,45929,50.79
20,285,AWL,EQ,1431610,575628,40.21
20,286,AXISBANK,EQ,8300012,5142487,61.96
20,287,AXISBNKETF,EQ,527,484,91.84
20,288,AXISBPSETF,EQ,37783,22950,60.74
20,289,AXISCADES,EQ,36711,19279,52.52
20,290,AXISCETF,EQ,870,811,93.22
20,291,AXISGOLD,EQ,152722,100399,65.74
20,292,AXISHCETF,EQ,3822,3695,96.68
20,293,AXISILVER,EQ,14956,9422,63.00
20,294,AXISNIFTY,EQ,2689,2374,88.29
20,295,AXISTECETF,EQ,2474,2447,98.91
20,296,AXITA,EQ,2784381,1006901,36.16
20,297,AXSENSEX,EQ,1834,1079,58.83
20,298,AYMSYNTEX,EQ,22564,14210,62.98
20,299,AZAD,EQ,267517,155058,57.96
20,300,BABAFP,SM,12800,8000,62.50
20,301,BAHETI,SM,6000,5250,87.50
20,302,BAIDFIN,EQ,112599,88712,78.79
20,303,BAJAJ-AUTO,EQ,295346,146296,49.53
20,304,BAJAJCON,EQ,164837,93175,56.53
20,305,BAJAJELEC,EQ,304026,224302,73.78
20,306,BAJAJFINSV,EQ,1297705,563026,43.39
20,307,BAJAJHCARE,EQ,58012,31529,54.35
20,308,BAJAJHIND,EQ,17890259,7001898,39.14
20,309,BAJAJHLDNG,EQ,109168,29479,27.00
20,310,BAJEL,EQ,2156486,1091518,50.62
20,311,BAJFINANCE,EQ,1081567,641112,59.28
20,312,BALAJITELE,EQ,137256,100249,73.04
20,313,BALAMINES,EQ,52596,16405,31.19
20,314,BALAXI,EQ,3717,2946,79.26
20,315,BALKRISIND,EQ,431125,357065,82.82
20,316,BALMLAWRIE,EQ,455186,210085,46.15
20,317,BALPHARMA,EQ,12812,7882,61.52
20,318,BALRAMCHIN,EQ,1566160,620010,39.59
20,319,BANARBEADS,EQ,7322,2528,34.53
20,320,BANARISUG,EQ,914,634,69.37
20,321,BANCOINDIA,EQ,35268,18013,51.07
20,322,BANDHANBNK,EQ,11422429,5278659,46.21
20,323,BANG,EQ,7665,7553,98.54
20,324,BANKBARODA,EQ,14502060,8400810,57.93
20,325,BANKBEES,EQ,617418,397878,64.44
20,326,BANKBETF,EQ,94796,93511,98.64
20,327,BANKETF,EQ,2252,1816,80.64
20,328,BANKETFADD,EQ,94227,91445,97.05
20,329,BANKIETF,EQ,782648,724095,92.52
20,330,BANKINDIA,EQ,14355630,6012317,41.88
20,331,BANKNIFTY1,EQ,9333,6366,68.21
20,332,BANSWRAS,EQ,47312,27089,57.26
20,333,BARBEQUE,EQ,40888,20710,50.65
20,334,BASF,EQ,18147,11064,60.97
20,335,BASILIC,SM,73200,44400,60.66
20,336,BASML,EQ,73400,40142,54.69
20,337,BATAINDIA,EQ,455490,166971,36.66
20,338,BAWEJA,SM,33600,28000,83.33
20,339,BAYERCROP,EQ,40771,32716,80.24
20,340,BBETF0432,EQ,537,533,99.26
20,341,BBL,EQ,66221,24682,37.27
20,342,BBNPPGOLD,EQ,835,555,66.47
20,343,BBOX,EQ,113517,84353,74.31
20,344,BBTC,EQ,83776,47392,56.57
20,345,BBTCL,EQ,2459,1905,77.47
20,346,BCG,EQ,13716400,5885631,42.91
20,347,BCLIND,EQ,789455,413115,52.33
20,348,BDL,EQ,2506727,784828,31.31
20,349,BEARDSELL,EQ,39808,25736,64.65
20,350,BECTORFOOD,EQ,209057,177003,84.67
20,351,BEDMUTHA,EQ,9088,8102,89.15
20,352,BEL,EQ,19202860,9640544,50.20
20,353,BEML,EQ,244540,84855,34.70
20,354,BEPL,EQ,778609,350921,45.07
20,355,BERGEPAINT,EQ,1297766,651380,50.19
20,356,BESTAGRO,EQ,89280,55403,62.06
20,357,BETA,SM,4700,3500,74.47
20,358,BEWLTD,SM,875,750,85.71
20,359,BFINVEST,EQ,205063,53105,25.90
20,360,BFSI,EQ,197633,189093,95.68
20,361,BFUTILITIE,EQ,299876,74970,25.00
20,362,BHAGCHEM,EQ,14604,7194,49.26
20,363,BHAGERIA,EQ,213443,70372,32.97
20,364,BHAGYANGR,EQ,130607,78745,60.29
20,365,BHANDARI,EQ,734077,402015,54.76
20,366,BHARATFORG,EQ,475098,198684,41.82
20,367,BHARATGEAR,EQ,32184,16839,52.32
20,368,BHARATRAS,EQ,1698,965,56.83
20,369,BHARATWIRE,EQ,172881,118533,68.56
20,370,BHARTIARTL,EQ,12074766,6771111,56.08
20,371,BHARTIHEXA,EQ,2346573,1015277,43.27
20,372,BHEL,EQ,12491248,4007545,32.08
20,373,BHINVIT,IV,400621,377702,94.28
20,374,BIGBLOC,EQ,265141,142012,53.56
20,375,BIKAJI,EQ,65092,24094,37.02
20,376,BINANIIND,EQ,11417,9873,86.48
20,377,BIOCON,EQ,10392195,5302616,51.02
20,378,BIOFILCHEM,EQ,315094,157669,50.04
20,379,BIRDYS,ST,769200,768000,99.84
20,380,BIRET,RR,80656,73050,90.57
20,381,BIRLACABLE,EQ,516327,144133,27.92
20,382,BIRLACORPN,EQ,64523,27876,43.20
20,383,BIRLAMONEY,EQ,225258,224419,99.63
20,384,BLAL,EQ,131841,79690,60.44
20,385,BLISSGVS,EQ,300126,152998,50.98
20,386,BLKASHYAP,EQ,239870,170430,71.05
20,387,BLS,EQ,574220,205207,35.74
20,388,BLSE,EQ,195694,87365,44.64
20,389,BLUEDART,EQ,22534,14942,66.31
20,390,BLUEJET,EQ,289720,220329,76.05
20,391,BLUEPEBBLE,SM,48000,33600,70.00
20,392,BLUESTARCO,EQ,372060,166533,44.76
20,393,BMETRICS,SM,2000,2000,100.00
20,394,BODALCHEM,EQ,1680154,749395,44.60
20,395,BOMDYEING,EQ,1088734,559164,51.36
20,396,BOROLTD,EQ,136061,78313,57.56
20,397,BORORENEW,EQ,1187368,338953,28.55
20,398,BOSCHLTD,EQ,51227,25724,50.22
20,399,BPCL,EQ,5720301,2423720,42.37
20,400,BPL,EQ,109233,59674,54.63
20,401,BRIGADE,EQ,349983,182802,52.23
20,402,BRIGHT,SM,93000,75000,80.65
20,403,BRITANNIA,EQ,279440,182359,65.26
20,404,BRITANNIA,N3,5915,5821,98.41
20,405,BSE,EQ,4064371,1236600,30.43
20,406,BSE500IETF,EQ,44332,31447,70.94
20,407,BSHSL,EQ,9704,7796,80.34
20,408,BSL,EQ,12326,8137,66.01
20,409,BSLGOLDETF,EQ,24815,11545,46.52
20,410,BSLNIFTY,EQ,83765,52966,63.23
20,411,BSLSENETFG,EQ,6351,4119,64.86
20,412,BSOFT,EQ,1632136,652550,39.98
20,413,BTML,EQ,1985412,947078,47.70
20,414,BURNPUR,EQ,317536,183363,57.75
20,415,BUTTERFLY,EQ,8176,3306,40.44
20,416,BYKE,EQ,93570,59865,63.98
20,417,CADSYS,ST,28000,27000,96.43
20,418,CAMLINFINE,EQ,545211,248774,45.63
20,419,CAMPUS,EQ,642046,448772,69.90
20,420,CAMS,EQ,243631,114170,46.86
20,421,CANARYS,SM,412000,328000,79.61
20,422,CANBK,EQ,5383827,2287064,42.48
20,423,CANFINHOME,EQ,894176,492045,55.03
20,424,CANTABIL,EQ,263380,175789,66.74
20,425,CAPACITE,EQ,1091597,563043,51.58
20,426,CAPITALSFB,EQ,59869,36641,61.20
20,427,CAPLIPOINT,EQ,64347,34666,53.87
20,428,CAPTRUST,EQ,52595,23957,45.55
20,429,CARBORUNIV,EQ,82692,47404,57.33
20,430,CAREERP,EQ,32169,27153,84.41
20,431,CARERATING,EQ,40972,23891,58.31
20,432,CARTRADE,EQ,93466,67417,72.13
20,433,CARYSIL,EQ,43012,21564,50.13
20,434,CASTROLIND,EQ,2558580,1109321,43.36
20,435,CCL,EQ,155885,81837,52.50
20,436,CDSL,EQ,5299172,1487496,28.07
20,437,CEATLTD,EQ,222059,128429,57.84
20,438,CELEBRITY,EQ,3016424,1195901,39.65
20,439,CELLECOR,SM,183600,100800,54.90
20,440,CELLO,EQ,1052811,506432,48.10
20,441,CELLPOINT,SM,14400,13200,91.67
20,442,CENTENKA,EQ,50157,32622,65.04
20,443,CENTRALBK,EQ,8885969,3087496,34.75
20,444,CENTRUM,EQ,3810971,1510320,39.63
20,445,CENTUM,EQ,91704,36150,39.42
20,446,CENTURYPLY,EQ,52950,31237,58.99
20,447,CENTURYTEX,EQ,310958,128714,41.39
20,448,CERA,EQ,15971,7788,48.76
20,449,CESC,EQ,5626193,2293213,40.76
20,450,CGCL,EQ,170806,54481,31.90
20,451,CGPOWER,EQ,2590484,1376690,53.14
20,452,CGRAPHICS,ST,683200,536000,78.45
20,453,CHALET,EQ,118889,58337,49.07
20,454,CHAMBLFERT,EQ,1419210,593370,41.81
20,455,CHAVDA,SM,314000,188000,59.87
20,456,CHEMBOND,EQ,80420,42597,52.97
20,457,CHEMCON,EQ,60330,34103,56.53
20,458,CHEMFAB,EQ,19442,12039,61.92
20,459,CHEMPLASTS,EQ,49149,22351,45.48
20,460,CHENNPETRO,EQ,524662,196475,37.45
20,461,CHEVIOT,EQ,1997,1512,75.71
20,462,CHOICEIN,EQ,1878796,487268,25.94
20,463,CHOLAFIN,EQ,596378,281581,47.22
20,464,CHOLAFIN,N0,90,90,100.00
20,465,CHOLAFIN,N2,172,172,100.00
20,466,CHOLAFIN,NG,10,10,100.00
20,467,CHOLAHLDNG,EQ,89633,59336,66.20
20,468,CIEINDIA,EQ,2284216,1588022,69.52
20,469,CIGNITITEC,EQ,263948,191316,72.48
20,470,CINELINE,EQ,57641,49149,85.27
20,471,CIPLA,EQ,1031497,617785,59.89
20,472,CLEAN,EQ,117856,82398,69.91
20,473,CLEDUCATE,EQ,51608,34538,66.92
20,474,CLOUD,SM,242000,144000,59.50
20,475,CLSEL,EQ,73814,34456,46.68
20,476,CLSL,SM,14000,12000,85.71
20,477,CMMIPL,ST,48000,42000,87.50
20,478,CMNL,SM,49500,37500,75.76
20,479,CMSINFO,EQ,576215,349763,60.70
20,480,COALINDIA,EQ,5390120,2523583,46.82
20,481,COASTCORP,EQ,27314,16917,61.94
20,482,COCHINSHIP,EQ,17053747,2450205,14.37
20,483,COFFEEDAY,EQ,5813097,1763052,30.33
20,484,COFORGE,EQ,262373,97250,37.07
20,485,COLPAL,EQ,366331,234440,64.00
20,486,COMMITTED,SM,19200,17600,91.67
20,487,COMMOIETF,EQ,19118,12781,66.85
20,488,COMPUSOFT,EQ,72691,41190,56.66
20,489,COMSYN,EQ,7157,4487,62.69
20,490,CONCOR,EQ,1271123,460550,36.23
20,491,CONCORDBIO,EQ,134813,79300,58.82
20,492,CONFIPET,EQ,995384,400025,40.19
20,493,CONS,EQ,1284,863,67.21
20,494,CONSOFINVT,EQ,17964,11231,62.52
20,495,CONSUMBEES,EQ,39111,27004,69.04
20,496,CONSUMIETF,EQ,8067,6842,84.81
20,497,CONTROLPR,EQ,23871,11144,46.68
20,498,COOLCAPS,SM,7250,6750,93.10
20,499,COROMANDEL,EQ,257294,85878,33.38
20,500,COSMOFIRST,EQ,53132,30577,57.55
20,501,COUNCODOS,EQ,506862,355660,70.17
20,502,CPS,ST,1200,1200,100.00
20,503,CPSEETF,EQ,2211143,1495725,67.64
20,504,CRAFTSMAN,EQ,22355,10404,46.54
20,505,CRAYONS,SM,17000,14000,82.35
20,506,CREATIVE,EQ,19794,8837,44.64
20,507,CREATIVEYE,EQ,19248,15606,81.08
20,508,CREDITACC,EQ,339303,237067,69.87
20,509,CREDITACC,N1,10,10,100.00
20,510,CREDITACC,N5,150,150,100.00
20,511,CREDITACC,NB,50,25,50.00
20,512,CREST,EQ,11415,9588,83.99
20,513,CRISIL,EQ,77290,51123,66.14
20,514,CROMPTON,EQ,4924806,2472123,50.20
20,515,CSBBANK,EQ,103614,55325,53.40
20,516,CSLFINANCE,EQ,18503,10148,54.85
20,517,CUB,EQ,2011131,842423,41.89
20,518,CUMMINSIND,EQ,316601,123769,39.09
20,519,CYBERTECH,EQ,211363,93868,44.41
20,520,CYIENT,EQ,891531,586101,65.74
20,521,CYIENTDLM,EQ,482472,186100,38.57
20,522,DABUR,EQ,1904186,1371582,72.03
20,523,DALBHARAT,EQ,503657,338726,67.25
20,524,DALMIASUG,EQ,55260,33405,60.45
20,525,DAMODARIND,EQ,30152,17388,57.67
20,526,DANGEE,EQ,511637,235898,46.11
20,527,DATAMATICS,EQ,82649,29867,36.14
20,528,DATAPATTNS,EQ,238442,59981,25.16
20,529,DAVANGERE,EQ,153045,88758,57.99
20,530,DBL,EQ,337159,138397,41.05
20,531,DBOL,EQ,124390,72590,58.36
20,532,DBREALTY,EQ,5790073,2451987,42.35
20,533,DBSTOCKBRO,EQ,5388,3045,56.51
20,534,DCAL,EQ,966317,416268,43.08
20,535,DCBBANK,EQ,1902967,1161517,61.04
20,536,DCG,ST,120000,115200,96.00
20,537,DCM,EQ,24379,16297,66.85
20,538,DCMNVL,EQ,47266,27722,58.65
20,539,DCMSHRIRAM,EQ,18924,11561,61.09
20,540,DCMSRIND,EQ,178339,93602,52.49
20,541,DCW,EQ,2501460,820226,32.79
20,542,DCXINDIA,EQ,1395359,592279,42.45
20,543,DECCANCE,EQ,11809,7810,66.14
20,544,DEEM,SM,50000,38000,76.00
20,545,DEEPAKFERT,EQ,345943,133066,38.46
20,546,DEEPAKNTR,EQ,646643,211165,32.66
20,547,DEEPENR,EQ,19313,10571,54.74
20,548,DEEPINDS,EQ,108654,52978,48.76
20,549,DELAPLEX,SM,25200,22200,88.10
20,550,DELHIVERY,EQ,883174,410012,46.42
20,551,DELPHIFX,EQ,8898,5352,60.15
20,552,DELTACORP,EQ,2550313,565256,22.16
20,553,DELTAMAGNT,EQ,9679,7067,73.01
20,554,DEN,EQ,4011729,1488682,37.11
20,555,DENEERS,SM,9600,9600,100.00
20,556,DENORA,EQ,28060,12949,46.15
20,557,DENTALKART,SM,10250,7000,68.29
20,558,DESTINY,SM,3000,3000,100.00
20,559,DEVIT,EQ,19842,8964,45.18
20,560,DEVYANI,EQ,3180201,1940088,61.01
20,561,DGCONTENT,EQ,13432,8230,61.27
20,562,DHAMPURSUG,EQ,87424,45058,51.54
20,563,DHANI,EQ,8216557,3041667,37.02
20,564,DHANILOANS,NF,276,276,100.00
20,565,DHANILOANS,NX,4,4,100.00
20,566,DHANUKA,EQ,103584,39123,37.77
20,567,DHARMAJ,EQ,46170,25872,56.04
20,568,DHTL,SM,3200,3200,100.00
20,569,DHUNINV,EQ,1587,892,56.21
20,570,DIAMINESQ,EQ,8456,5127,60.63
20,571,DIAMONDYD,EQ,30462,19175,62.95
20,572,DICIND,EQ,18432,12294,66.70
20,573,DIGIKORE,SM,5600,5600,100.00
20,574,DIGISPICE,EQ,230849,149914,64.94
20,575,DIL,EQ,1729877,985247,56.95
20,576,DISHTV,EQ,30476852,7291695,23.93
20,577,DIVGIITTS,EQ,25544,13217,51.74
20,578,DIVISLAB,EQ,307637,188046,61.13
20,579,DIVOPPBEES,EQ,37448,21907,58.50
20,580,DIXON,EQ,259805,91423,35.19
20,581,DLF,EQ,5126456,1619891,31.60
20,582,DLINKINDIA,EQ,1245629,303892,24.40
20,583,DMART,EQ,458148,236333,51.58
20,584,DMCC,EQ,122844,65449,53.28
20,585,DODLA,EQ,700446,224738,32.08
20,586,DOLATALGO,EQ,1569088,890308,56.74
20,587,DOLLAR,EQ,236380,92157,38.99
20,588,DOLLEX,SM,88000,64000,72.73
20,589,DOMS,EQ,106462,44560,41.86
20,590,DONEAR,EQ,67978,34443,50.67
20,591,DPABHUSHAN,EQ,17383,8397,48.31
20,592,DPSCLTD,EQ,351434,250117,71.17
20,593,DPWIRES,EQ,18460,8759,47.45
20,594,DRCSYSTEMS,EQ,159259,118427,74.36
20,595,DREAMFOLKS,EQ,125214,61701,49.28
20,596,DREDGECORP,EQ,110099,72852,66.17
20,597,DRONE,SM,35000,35000,100.00
20,598,DRREDDY,EQ,298835,182240,60.98
20,599,DSSL,EQ,77309,27686,35.81
20,600,DTIL,EQ,4412,3416,77.43
20,601,DUCOL,SM,28800,26400,91.67
20,602,DUGLOBAL,SM,55000,42500,77.27
20,603,DVL,EQ,99803,43066,43.15
20,604,DWARKESH,EQ,794014,405943,51.13
20,605,DYCL,EQ,93876,34807,37.08
20,606,DYNAMATECH,EQ,11763,4901,41.66
20,607,DYNAMIC,SM,14000,14000,100.00
20,608,DYNPRO,EQ,33241,20345,61.20
20,609,EASEMYTRIP,EQ,51948059,12173112,23.43
20,610,EBBETF0425,EQ,2184,1910,87.45
20,611,EBBETF0430,EQ,7076,6789,95.94
20,612,EBBETF0431,EQ,6615,6033,91.20
20,613,EBBETF0433,EQ,10330,10239,99.12
20,614,ECLERX,EQ,18900,8614,45.58
20,615,ECLFINANCE,NJ,20,20,100.00
20,616,ECLFINANCE,NR,542,542,100.00
20,617,ECLFINANCE,NS,10,10,100.00
20,618,EDELWEISS,EQ,8768867,3032045,34.58
20,619,EFACTOR,SM,33600,30400,90.48
20,620,EFORCE,SM,91200,62400,68.42
20,621,EGOLD,EQ,83021,82809,99.74
20,622,EICHERMOT,EQ,740619,387343,52.30
20,623,EIDPARRY,EQ,269082,136511,50.73
20,624,EIFFL,EQ,15610,14751,94.50
20,625,EIHAHOTELS,EQ,18077,4556,25.20
20,626,EIHOTEL,EQ,851343,542693,63.75
20,627,EKC,EQ,491380,231489,47.11
20,628,ELDEHSG,EQ,24264,13439,55.39
20,629,ELECON,EQ,506258,211186,41.72
20,630,ELECTCAST,EQ,2507581,1236531,49.31
20,631,ELGIEQUIP,EQ,281381,145244,51.62
20,632,ELGIRUBCO,EQ,144987,59483,41.03
20,633,ELIN,EQ,607237,334164,55.03
20,634,EMAMILTD,EQ,383043,192567,50.27
20,635,EMAMIPAP,EQ,39576,27482,69.44
20,636,EMAMIREAL,EQ,53052,43109,81.26
20,637,EMBASSY,RR,927057,834762,90.04
20,638,EMIL,EQ,167529,112810,67.34
20,639,EMKAY,EQ,215722,125143,58.01
20,640,EMMBI,EQ,18845,13659,72.48
20,641,EMSLIMITED,EQ,157355,102834,65.35
20,642,EMUDHRA,EQ,185215,66699,36.01
20,643,ENDURANCE,EQ,171772,135058,78.63
20,644,ENERGYDEV,EQ,389518,219436,56.34
20,645,ENFUSE,SM,58800,43200,73.47
20,646,ENGINERSIN,EQ,3077138,1393914,45.30
20,647,ENIL,EQ,94628,34464,36.42
20,648,ENSER,SM,44000,32000,72.73
20,649,ENTERO,EQ,348878,225367,64.60
20,650,EPACK,EQ,2983008,1187189,39.80
20,651,EPIGRAL,EQ,209228,90004,43.02
20,652,EPL,EQ,935058,572567,61.23
20,653,EQUAL50ADD,EQ,16056,15346,95.58
20,654,EQUITASBNK,EQ,2468667,1149400,46.56
20,655,ERFLNCDI,N6,300,300,100.00
20,656,ERIS,EQ,67503,39024,57.81
20,657,EROSMEDIA,EQ,529762,172592,32.58
20,658,ESABINDIA,EQ,4282,2413,56.35
20,659,ESAFSFB,EQ,671433,396469,59.05
20,660,ESCONET,SM,75200,57600,76.60
20,661,ESCORTS,EQ,315757,111464,35.30
20,662,ESFL,SM,16800,16800,100.00
20,663,ESG,EQ,16530,15975,96.64
20,664,ESILVER,EQ,75358,72231,95.85
20,665,ESSARSHPNG,EQ,515532,287901,55.85
20,666,ESTER,EQ,3875939,1075777,27.76
20,667,ETHOSLTD,EQ,24908,13839,55.56
20,668,EUROBOND,SM,5000,3000,60.00
20,669,EVEREADY,EQ,387936,118586,30.57
20,670,EVERESTIND,EQ,15347,3613,23.54
20,671,EXCEL,EQ,9029365,5931805,65.69
20,672,EXCELINDUS,EQ,30164,18340,60.80
20,673,EXICOM,EQ,3820316,1232294,32.26
20,674,EXIDEIND,EQ,11816994,3995670,33.81
20,675,EXPLEOSOL,EQ,10261,3980,38.79
20,676,EXXARO,EQ,32769,21153,64.55
20,677,FACT,EQ,307749,80643,26.20
20,678,FAIRCHEMOR,EQ,48351,20652,42.71
20,679,FAZE3Q,EQ,21934,10074,45.93
20,680,FCL,EQ,328621,133933,40.76
20,681,FCONSUMER,EQ,3663311,3238225,88.40
20,682,FCSSOFT,EQ,6996359,3879057,55.44
20,683,FDC,EQ,81728,52447,64.17
20,684,FEDERALBNK,EQ,9181183,3698068,40.28
20,685,FEDFINA,EQ,198303,107647,54.28
20,686,FELIX,SM,40000,24000,60.00
20,687,FIBERWEB,EQ,64059,40440,63.13
20,688,FIDEL,SM,3000,3000,100.00
20,689,FIEMIND,EQ,48793,26858,55.04
20,690,FILATEX,EQ,8028690,2286093,28.47
20,691,FINCABLES,EQ,507939,349595,68.83
20,692,FINEORG,EQ,12887,7267,56.39
20,693,FINIETF,EQ,860822,43798,5.09
20,694,FINOPB,EQ,90220,64729,71.75
20,695,FINPIPE,EQ,808884,449134,55.53
20,696,FIVESTAR,EQ,347626,227920,65.56
20,697,FLAIR,EQ,147903,65873,44.54
20,698,FLUOROCHEM,EQ,100887,53633,53.16
20,699,FMCGIETF,EQ,22650,15979,70.55
20,700,FMGOETZE,EQ,59982,42813,71.38
20,701,FOCE,SM,200,200,100.00
20,702,FOCUS,EQ,171417,134678,78.57
20,703,FONEBOX,SM,54000,42000,77.78
20,704,FOODSIN,EQ,786691,319954,40.67
20,705,FORCEMOT,EQ,82781,26282,31.75
20,706,FORTIS,EQ,1100032,495910,45.08
20,707,FOSECOIND,EQ,1688,706,41.82
20,708,FROG,SM,34000,30400,89.41
20,709,FSL,EQ,831715,411138,49.43
20,710,FUSION,EQ,321381,147665,45.95
20,711,GABRIEL,EQ,148847,77295,51.93
20,712,GAEL,EQ,943431,286444,30.36
20,713,GAIL,EQ,13558545,5663714,41.77
20,714,GALAXYSURF,EQ,10325,4666,45.19
20,715,GANDHAR,EQ,269445,153769,57.07
20,716,GANDHITUBE,EQ,7928,5385,67.92
20,717,GANECOS,EQ,70634,33497,47.42
20,718,GANESHBE,EQ,650897,287635,44.19
20,719,GANESHHOUC,EQ,51893,30461,58.70
20,720,GANGESSECU,EQ,26073,15517,59.51
20,721,GARFIBRES,EQ,14673,9000,61.34
20,722,GATEWAY,EQ,1056330,705360,66.77
20,723,GEECEE,EQ,8318,6384,76.75
20,724,GEEKAYWIRE,EQ,126112,81577,64.69
20,725,GENCON,EQ,33210,23983,72.22
20,726,GENESYS,EQ,260728,119201,45.72
20,727,GENSOL,EQ,128998,77220,59.86
20,728,GENUSPAPER,EQ,1369996,526329,38.42
20,729,GENUSPOWER,EQ,783784,449136,57.30
20,730,GEOJITFSL,EQ,1709775,603951,35.32
20,731,GEPIL,EQ,345712,143628,41.55
20,732,GESHIP,EQ,269848,183556,68.02
20,733,GFLLIMITED,EQ,262487,137981,52.57
20,734,GHCL,EQ,197302,102998,52.20
20,735,GHCLTEXTIL,EQ,417087,261615,62.72
20,736,GICHSGFIN,EQ,225203,109377,48.57
20,737,GICL,SM,27000,24000,88.89
20,738,GICRE,EQ,666143,302883,45.47
20,739,GILLETTE,EQ,36566,32127,87.86
20,740,GILT5YBEES,EQ,89568,58646,65.48
20,741,GINNIFILA,EQ,130835,72744,55.60
20,742,GIPCL,EQ,366102,209365,57.19
20,743,GIRIRAJ,ST,1500,1000,66.67
20,744,GLAND,EQ,76362,44319,58.04
20,745,GLAXO,EQ,135413,81832,60.43
20,746,GLENMARK,EQ,1223564,785385,64.19
20,747,GLOBALPET,SM,15000,15000,100.00
20,748,GLOBE,EQ,1214034,967965,79.73
20,749,GLOBUSSPR,EQ,91798,41904,45.65
20,750,GLS,EQ,88182,34771,39.43
20,751,GMBREW,EQ,50783,24207,47.67
20,752,GMDCLTD,EQ,2934680,908778,30.97
20,753,GMMPFAUDLR,EQ,53818,32700,60.76
20,754,GMRINFRA,EQ,18800097,6989902,37.18
20,755,GMRP&UI,EQ,19172348,10082309,52.59
20,756,GNA,EQ,39828,20858,52.37
20,757,GNFC,EQ,635033,188761,29.72
20,758,GOACARBON,EQ,78163,25669,32.84
20,759,GOCLCORP,EQ,335984,174107,51.82
20,760,GOCOLORS,EQ,37046,12849,34.68
20,761,GODFRYPHLP,EQ,36964,17009,46.02
20,762,GODREJAGRO,EQ,70649,34588,48.96
20,763,GODREJCP,EQ,680331,499494,73.42
20,764,GODREJIND,EQ,502787,374502,74.49
20,765,GODREJPROP,EQ,860019,393503,45.76
20,766,GOKEX,EQ,55732,32208,57.79
20,767,GOKULAGRO,EQ,284682,159760,56.12
20,768,GOLD1,EQ,293916,191615,65.19
20,769,GOLDBEES,EQ,12070503,7749589,64.20
20,770,GOLDCASE,EQ,609001,394749,64.82
20,771,GOLDETF,EQ,372785,213112,57.17
20,772,GOLDETFADD,EQ,502707,489185,97.31
20,773,GOLDIAM,EQ,186347,105447,56.59
20,774,GOLDIETF,EQ,1042416,655421,62.88
20,775,GOLDSHARE,EQ,179320,115461,64.39
20,776,GOLDSTAR,SM,360000,213750,59.38
20,777,GOLDTECH,EQ,22999,14827,64.47
20,778,GOODLUCK,EQ,96817,59618,61.58
20,779,GOPAL,EQ,112557,65924,58.57
20,780,GOYALSALT,SM,93000,69000,74.19
20,781,GPIL,EQ,321237,137674,42.86
20,782,GPPL,EQ,5917670,1942441,32.82
20,783,GPTHEALTH,EQ,153362,68641,44.76
20,784,GPTINFRA,EQ,30074,18861,62.72
20,785,GRANULES,EQ,294332,87064,29.58
20,786,GRAPHISAD,SM,27600,24000,86.96
20,787,GRAPHITE,EQ,1551543,465024,29.97
20,788,GRASIM,EQ,1823447,730722,40.07
20,789,GRASIMPP,E1,93690,84144,89.81
20,790,GRAVITA,EQ,159915,135731,84.88
20,791,GREAVESCOT,EQ,596719,256098,42.92
20,792,GREENCHEF,SM,14400,12000,83.33
20,793,GREENLAM,EQ,36381,18440,50.69
20,794,GREENPANEL,EQ,297072,209517,70.53
20,795,GREENPLY,EQ,130720,62400,47.74
20,796,GRINDWELL,EQ,11246,5611,49.89
20,797,GRINFRA,EQ,47704,25409,53.26
20,798,GRMOVER,EQ,88299,40482,45.85
20,799,GROBTEA,EQ,1038,798,76.88
20,800,GRPLTD,EQ,81,53,65.43
20,801,GRSE,EQ,7171326,1570639,21.90
20,802,GRWRHITECH,EQ,32618,20493,62.83
20,803,GSEC10IETF,EQ,1220,1220,100.00
20,804,GSEC10YEAR,EQ,119,56,47.06
20,805,GSEC5IETF,EQ,140,89,63.57
20,806,GSFC,EQ,3739845,1286029,34.39
20,807,GSLSU,EQ,157206,75613,48.10
20,808,GSPL,EQ,27963216,8594383,30.73
20,809,GSS,EQ,57879,32310,55.82
20,810,GSTL,SM,13000,9000,69.23
20,811,GTLINFRA,EQ,20283904,15966450,78.71
20,812,GTPL,EQ,89724,38288,42.67
20,813,GUFICBIO,EQ,386107,154552,40.03
20,814,GUJALKALI,EQ,62519,24301,38.87
20,815,GUJAPOLLO,EQ,5854,4632,79.13
20,816,GUJGASLTD,EQ,579037,211287,36.49
20,817,GULFOILLUB,EQ,67542,37953,56.19
20,818,GULFPETRO,EQ,276069,127088,46.03
20,819,GULPOLY,EQ,93908,48387,51.53
20,820,GVPTECH,EQ,85599,80900,94.51
20,821,HAL,EQ,1321429,543632,41.14
20,822,HAPPSTMNDS,EQ,205061,110470,53.87
20,823,HAPPYFORGE,EQ,239309,184590,77.13
20,824,HARDWYN,EQ,371362,236759,63.75
20,825,HARIOMPIPE,EQ,568218,185725,32.69
20,826,HARRMALAYA,EQ,20909,12082,57.78
20,827,HARSHA,EQ,85205,35616,41.80
20,828,HATHWAY,EQ,10256208,3516283,34.28
20,829,HATSUN,EQ,1534272,119221,7.77
20,830,HAVELLS,EQ,966466,458899,47.48
20,831,HAVISHA,EQ,90049,74628,82.87
20,832,HBLPOWER,EQ,1161357,544829,46.91
20,833,HBSL,EQ,18859,14340,76.04
20,834,HCC,EQ,8459447,5078612,60.03
20,835,HCG,EQ,99352,60746,61.14
20,836,HCLTECH,EQ,2783858,1726335,62.01
20,837,HDFCAMC,EQ,329932,158036,47.90
20,838,HDFCBANK,EQ,13413530,8515775,63.49
20,839,HDFCBSE500,EQ,21301,13105,61.52
20,840,HDFCGOLD,EQ,1215738,907209,74.62
20,841,HDFCGROWTH,EQ,2036,1376,67.58
20,842,HDFCLIFE,EQ,4527775,2956524,65.30
20,843,HDFCLIQUID,EQ,1581,820,51.87
20,844,HDFCLOWVOL,EQ,12959,11637,89.80
20,845,HDFCMID150,EQ,112247,82119,73.16
20,846,HDFCMOMENT,EQ,59911,42911,71.62
20,847,HDFCNEXT50,EQ,12023,6867,57.12
20,848,HDFCNIF100,EQ,21210,20371,96.04
20,849,HDFCNIFBAN,EQ,29031,28533,98.28
20,850,HDFCNIFIT,EQ,15326,13740,89.65
20,851,HDFCNIFTY,EQ,167199,127982,76.54
20,852,HDFCPSUBK,EQ,4306,2289,53.16
20,853,HDFCPVTBAN,EQ,14119,11793,83.53
20,854,HDFCQUAL,EQ,8049,7848,97.50
20,855,HDFCSENSEX,EQ,9533,8365,87.75
20,856,HDFCSILVER,EQ,1062489,930234,87.55
20,857,HDFCSML250,EQ,252938,208742,82.53
20,858,HDFCVALUE,EQ,13065,11162,85.43
20,859,HEALTHADD,EQ,261,162,62.07
20,860,HEALTHIETF,EQ,33629,25239,75.05
20,861,HEALTHY,EQ,449316,386216,85.96
20,862,HECPROJECT,EQ,22355,17028,76.17
20,863,HEG,EQ,465120,100602,21.63
20,864,HEIDELBERG,EQ,636320,359282,56.46
20,865,HEMIPROP,EQ,962462,444804,46.22
20,866,HERANBA,EQ,43536,29200,67.07
20,867,HERCULES,EQ,101542,34090,33.57
20,868,HERITGFOOD,EQ,442592,247460,55.91
20,869,HEROMOTOCO,EQ,547228,302431,55.27
20,870,HESTERBIO,EQ,6709,4128,61.53
20,871,HEUBACHIND,EQ,1095142,371942,33.96
20,872,HEXATRADEX,EQ,3271,1908,58.33
20,873,HFCL,EQ,25074452,8130568,32.43
20,874,HGINFRA,EQ,104894,45690,43.56
20,875,HGS,EQ,10937,5548,50.73
20,876,HIGREEN,SM,153600,91200,59.38
20,877,HIKAL,EQ,1631718,559170,34.27
20,878,HIL,EQ,8966,5163,57.58
20,879,HILTON,EQ,220036,103118,46.86
20,880,HIMATSEIDE,EQ,95226,54124,56.84
20,881,HINDALCO,EQ,6154126,3331539,54.14
20,882,HINDCOMPOS,EQ,6493,3982,61.33
20,883,HINDCOPPER,EQ,8476391,2976135,35.11
20,884,HINDMOTORS,EQ,10697973,5031308,47.03
20,885,HINDOILEXP,EQ,1367623,581172,42.50
20,886,HINDPETRO,EQ,4872382,2277987,46.75
20,887,HINDUNILVR,EQ,1991778,1418462,71.22
20,888,HINDWAREAP,EQ,197108,136141,69.07
20,889,HINDZINC,EQ,1716625,931164,54.24
20,890,HIRECT,EQ,85369,48759,57.12
20,891,HISARMETAL,EQ,11209,6577,58.68
20,892,HITECH,EQ,416872,225965,54.20
20,893,HITECHCORP,EQ,129730,94709,73.00
20,894,HITECHGEAR,EQ,190780,118304,62.01
20,895,HLEGLAS,EQ,216377,71400,33.00
20,896,HMAAGRO,EQ,680218,431573,63.45
20,897,HMVL,EQ,135711,78938,58.17
20,898,HNDFDS,EQ,30085,16942,56.31
20,899,HNGSNGBEES,EQ,54688,34670,63.40
20,900,HOMEFIRST,EQ,176205,130317,73.96
20,901,HOMESFY,ST,29700,27900,93.94
20,902,HONASA,EQ,4557537,739128,16.22
20,903,HONAUT,EQ,3185,993,31.18
20,904,HONDAPOWER,EQ,6835,3587,52.48
20,905,HPAL,EQ,162876,78365,48.11
20,906,HPIL,EQ,4941,2669,54.02
20,907,HPL,EQ,2958976,716180,24.20
20,908,HRHNEXT,SM,24000,21000,87.50
20,909,HTMEDIA,EQ,651437,449340,68.98
20,910,HUDCO,EQ,9209141,3130858,34.00
20,911,HUDCO,N2,21,21,100.00
20,912,HUDCO,N7,10,5,50.00
20,913,HUDCO,N8,625,625,100.00
20,914,HUDCO,N9,200,200,100.00
20,915,HUDCO,NB,500,500,100.00
20,916,HUDCO,ND,203,203,100.00
20,917,HUDCO,NE,437,320,73.23
20,918,HUHTAMAKI,EQ,353532,164551,46.54
20,919,HYBRIDFIN,EQ,2420,2219,91.69
20,920,IBLFL,SM,90000,56000,62.22
20,921,IBREALEST,EQ,28508102,9348931,32.79
20,922,IBUCCREDIT,NB,58,58,100.00
20,923,IBUCCREDIT,NH,1044,524,50.19
20,924,IBUCCREDIT,NJ,7,7,100.00
20,925,IBUCCREDIT,NK,1,1,100.00
20,926,IBUCCREDIT,NZ,1,1,100.00
20,927,IBULHSG,ND,10,10,100.00
20,928,IBULHSG,Y1,22,22,100.00
20,929,IBULHSG,Y3,5,5,100.00
20,930,IBULHSG,YC,250,250,100.00
20,931,IBULHSG,YK,5,5,100.00
20,932,IBULHSG,YO,21,21,100.00
20,933,IBULHSGFIN,AB,1,1,100.00
20,934,IBULHSGFIN,EQ,8113552,3273367,40.34
20,935,IBULHSGFIN,N0,22,22,100.00
20,936,IBULHSGFIN,N9,100,100,100.00
20,937,IBULHSGFIN,NA,136,136,100.00
20,938,IBULHSGFIN,NE,396,396,100.00
20,939,IBULHSGFIN,NN,10,10,100.00
20,940,IBULHSGFIN,ZB,15,15,100.00
20,941,IBULHSGFIN,ZF,9,9,100.00
20,942,IBULHSGFIN,ZW,15,15,100.00
20,943,IBULHSGFIN,ZX,25,25,100.00
20,944,IBULPP,E1,2378507,1750273,73.59
20,945,ICEMAKE,EQ,35561,18950,53.29
20,946,ICICIB22,EQ,1008921,840132,83.27
20,947,ICICIBANK,EQ,9848215,6022904,61.16
20,948,ICICIGI,EQ,635621,350557,55.15
20,949,ICICIPRULI,EQ,3049206,1432737,46.99
20,950,ICIL,EQ,240101,124182,51.72
20,951,ICRA,EQ,3144,1673,53.21
20,952,IDBI,EQ,13461282,3488997,25.92
20,953,IDEA,EQ,2715391639,755326826,27.82
20,954,IDEAFORGE,EQ,196047,120373,61.40
20,955,IDFC,EQ,4222729,1916487,45.39
20,956,IDFCFIRSTB,EQ,23682190,9407654,39.72
20,957,IDFNIFTYET,EQ,257,153,59.53
20,958,IEL,EQ,297112,164617,55.41
20,959,IEX,EQ,14225923,5304689,37.29
20,960,IFBAGRO,EQ,2146,1108,51.63
20,961,IFBIND,EQ,64642,24534,37.95
20,962,IFCI,EQ,27766452,11408475,41.09
20,963,IFCI,NH,365,364,99.73
20,964,IFCI,NI,75,75,100.00
20,965,IFCI,NL,135,135,100.00
20,966,IFGLEXPOR,EQ,9110,5235,57.46
20,967,IGARASHI,EQ,43316,18065,41.71
20,968,IGL,EQ,3184029,1508114,47.36
20,969,IGPL,EQ,34363,22815,66.39
20,970,IIFCL,N1,200,200,100.00
20,971,IIFCL,N3,10,4,40.00
20,972,IIFCL,N4,1,1,100.00
20,973,IIFL,EQ,945619,467471,49.44
20,974,IIFL,N6,568,568,100.00
20,975,IIFL,NC,10,10,100.00
20,976,IIFL,NF,2202,2142,97.28
20,977,IIFL,NG,116,116,100.00
20,978,IIFL,NL,1309,1309,100.00
20,979,IIFL,NO,270,270,100.00
20,980,IIFL,NQ,100,100,100.00
20,981,IIFL,NR,150,150,100.00
20,982,IIFL,NS,357,356,99.72
20,983,IIFL,NV,296,276,93.24
20,984,IIFL,NW,10,10,100.00
20,985,IIFL,NX,1500,1500,100.00
20,986,IIFL,NZ,393,248,63.10
20,987,IIFL,Y0,152,152,100.00
20,988,IIFLSAMFIN,N0,4,4,100.00
20,989,IIFLSAMFIN,N1,19,19,100.00
20,990,IIFLSAMFIN,N2,53,53,100.00
20,991,IIFLSAMFIN,N4,510,510,100.00
20,992,IIFLSAMFIN,N5,244,244,100.00
20,993,IIFLSEC,EQ,491721,326132,66.32
20,994,IIHFL,N4,5,5,100.00
20,995,IIHFL,N5,541,504,93.16
20,996,IIHFL,N7,279,279,100.00
20,997,IIHFL,N9,100,100,100.00
20,998,IIHFL,NC,932,932,100.00
20,999,IIHFL,ND,61,61,100.00
20,1000,IIHFL,NE,430,330,76.74
20,1001,IITL,EQ,1907,1462,76.66
20,1002,IKIO,EQ,122971,61163,49.74
20,1003,IMAGICAA,EQ,1273731,575586,45.19
20,1004,IMC1,N0,47,47,100.00
20,1005,IMC1,N1,731,731,100.00
20,1006,IMC1,N2,250,250,100.00
20,1007,IMFA,EQ,116735,44896,38.46
20,1008,IMPAL,EQ,1566,1088,69.48
20,1009,INCREDFIN,N4,2,2,100.00
20,1010,INCREDIBLE,EQ,2385,2135,89.52
20,1011,INDBANK,EQ,393882,144460,36.68
20,1012,INDHOTEL,EQ,2926476,1350272,46.14
20,1013,INDIACEM,EQ,2495701,760942,30.49
20,1014,INDIAGLYCO,EQ,35914,18827,52.42
20,1015,INDIAMART,EQ,169429,62982,37.17
20,1016,INDIANB,EQ,1072431,411854,38.40
20,1017,INDIANCARD,EQ,3143,2312,73.56
20,1018,INDIANHUME,EQ,112984,64310,56.92
20,1019,INDIASHLTR,EQ,96717,43290,44.76
20,1020,INDIFRA,SM,62000,54000,87.10
20,1021,INDIGO,EQ,518205,223798,43.19
20,1022,INDIGOPNTS,EQ,68358,52552,76.88
20,1023,INDIGRID,IV,131706,121181,92.01
20,1024,INDIGRID,NH,1,1,100.00
20,1025,INDIGRID,NJ,505,505,100.00
20,1026,INDNIPPON,EQ,29309,12186,41.58
20,1027,INDOAMIN,EQ,117618,60808,51.70
20,1028,INDOBORAX,EQ,160618,71720,44.65
20,1029,INDOCO,EQ,46917,28366,60.46
20,1030,INDORAMA,EQ,274682,94504,34.40
20,1031,INDOSTAR,EQ,226241,112494,49.72
20,1032,INDOTHAI,EQ,4014,2999,74.71
20,1033,INDOWIND,EQ,180004,117687,65.38
20,1034,INDRAMEDCO,EQ,2711250,1367687,50.44
20,1035,INDSWFTLAB,EQ,1329560,651955,49.04
20,1036,INDTERRAIN,EQ,83951,47115,56.12
20,1037,INDUSINDBK,EQ,1206443,631415,52.34
20,1038,INDUSTOWER,EQ,27662734,8504028,30.74
20,1039,INFIBEAM,EQ,21035353,7060997,33.57
20,1040,INFINIUM,SM,4000,3500,87.50
20,1041,INFOBEAN,EQ,9146,4704,51.43
20,1042,INFOLLION,SM,57600,22400,38.89
20,1043,INFRABEES,EQ,26532,15170,57.18
20,1044,INFRAIETF,EQ,54218,29992,55.32
20,1045,INFY,EQ,4856174,3368597,69.37
20,1046,INGERRAND,EQ,10507,5199,49.48
20,1047,INM,SM,4800,3600,75.00
20,1048,INNOVACAP,EQ,25137,12338,49.08
20,1049,INNOVANA,SM,1600,1600,100.00
20,1050,INNOVATIVE,SM,18000,18000,100.00
20,1051,INOXGREEN,EQ,740735,694781,93.80
20,1052,INOXINDIA,EQ,1224073,374643,30.61
20,1053,INOXWIND,EQ,3493280,1432107,41.00
20,1054,INSECTICID,EQ,21939,9883,45.05
20,1055,INSPIRE,SM,142000,96000,67.61
20,1056,INTELLECT,EQ,137510,55340,40.24
20,1057,INTLCONV,EQ,151808,98529,64.90
20,1058,IOB,EQ,11000303,3553281,32.30
20,1059,IOC,EQ,19730937,9638607,48.85
20,1060,IOLCP,EQ,162359,66153,40.74
20,1061,IONEXCHANG,EQ,200962,91239,45.40
20,1062,IPCALAB,EQ,260533,127889,49.09
20,1063,IPL,EQ,465752,197374,42.38
20,1064,IRB,EQ,18131130,6799466,37.50
20,1065,IRBINVIT,IV,461429,438079,94.94
20,1066,IRCON,EQ,8776551,2563653,29.21
20,1067,IRCTC,EQ,1744634,555918,31.86
20,1068,IREDA,EQ,26323408,10147322,38.55
20,1069,IREDA,N5,1,1,100.00
20,1070,IREDA,N6,235,235,100.00
20,1071,IREDA,N7,584,502,85.96
20,1072,IRFC,EQ,41842082,11255612,26.90
20,1073,IRFC,NA,698,698,100.00
20,1074,IRFC,NC,651,651,100.00
20,1075,IRFC,NE,107,102,95.33
20,1076,IRFC,NJ,81,81,100.00
20,1077,IRFC,NK,2,0,0.00
20,1078,IRFC,NO,2000,2000,100.00
20,1079,IRIS,EQ,49123,30385,61.85
20,1080,IRISDOREME,EQ,59816,36409,60.87
20,1081,IRMENERGY,EQ,392170,131919,33.64
20,1082,ISEC,EQ,1062591,682082,64.19
20,1083,ISFT,EQ,534996,214030,40.01
20,1084,ISGEC,EQ,75029,36643,48.84
20,1085,ISHAN,SM,384000,336000,87.50
20,1086,ISMTLTD,EQ,917605,390270,42.53
20,1087,IT,EQ,111759,92906,83.13
20,1088,ITALIANE,SM,30000,22000,73.33
20,1089,ITBEES,EQ,4983145,4127562,82.83
20,1090,ITC,EQ,12021404,7291868,60.66
20,1091,ITDC,EQ,60742,26760,44.06
20,1092,ITDCEM,EQ,392577,272744,69.48
20,1093,ITETF,EQ,53978,42509,78.75
20,1094,ITETFADD,EQ,39310,15318,38.97
20,1095,ITI,EQ,29556348,1934897,6.55
20,1096,ITIETF,EQ,247743,171088,69.06
20,1097,IVC,EQ,354407,253393,71.50
20,1098,IVZINGOLD,EQ,462,363,78.57
20,1099,IVZINNIFTY,EQ,48,47,97.92
20,1100,IZMO,EQ,267496,139284,52.07
20,1101,JAGRAN,EQ,165296,96503,58.38
20,1102,JAGSNPHARM,EQ,18009,10705,59.44
20,1103,JAICORPLTD,EQ,1249037,460439,36.86
20,1104,JAINAM,SM,12000,11000,91.67
20,1105,JALAN,SM,27000,27000,100.00
20,1106,JAMNAAUTO,EQ,3746515,1440140,38.44
20,1107,JASH,EQ,86111,46941,54.51
20,1108,JAYAGROGN,EQ,23353,15964,68.36
20,1109,JAYBARMARU,EQ,170814,89979,52.68
20,1110,JAYNECOIND,EQ,279941,193508,69.12
20,1111,JAYSREETEA,EQ,32626,18931,58.02
20,1112,JBCHEPHARM,EQ,113740,60629,53.30
20,1113,JBMA,EQ,61942,38544,62.23
20,1114,JCHAC,EQ,67097,31434,46.85
20,1115,JETFREIGHT,EQ,127493,85044,66.70
20,1116,JFLLIFE,SM,10000,8000,80.00
20,1117,JGCHEM,EQ,494793,222280,44.92
20,1118,JINDALPHOT,EQ,20185,10221,50.64
20,1119,JINDALPOLY,EQ,36111,15239,42.20
20,1120,JINDALSAW,EQ,563990,385559,68.36
20,1121,JINDALSTEL,EQ,1014238,233204,22.99
20,1122,JINDRILL,EQ,617857,212023,34.32
20,1123,JINDWORLD,EQ,32872,12221,37.18
20,1124,JIOFIN,EQ,35550933,13072495,36.77
20,1125,JISLDVREQS,EQ,41181,22407,54.41
20,1126,JISLJALEQS,EQ,5035404,2249474,44.67
20,1127,JIWANRAM,SM,30000,30000,100.00
20,1128,J&KBANK,EQ,2009878,1191339,59.27
20,1129,JKCEMENT,EQ,98713,60612,61.40
20,1130,JKIL,EQ,167374,86548,51.71
20,1131,JKLAKSHMI,EQ,221861,165367,74.54
20,1132,JKPAPER,EQ,247166,146028,59.08
20,1133,JKTYRE,EQ,868911,658791,75.82
20,1134,JLHL,EQ,111946,98856,88.31
20,1135,JMFINANCIL,EQ,1891944,1164324,61.54
20,1136,JOCIL,EQ,7345,4114,56.01
20,1137,JPASSOCIAT,EQ,16366047,6068248,37.08
20,1138,JPOLYINVST,EQ,17231,8287,48.09
20,1139,JSFB,EQ,704963,321011,45.54
20,1140,JSL,EQ,1747763,851576,48.72
20,1141,JSLL,ST,12420,11880,95.65
20,1142,JSWENERGY,EQ,3430025,1515618,44.19
20,1143,JSWHL,EQ,2085,807,38.71
20,1144,JSWINFRA,EQ,4163872,2054744,49.35
20,1145,JSWSTEEL,EQ,1755588,738368,42.06
20,1146,JTEKTINDIA,EQ,461899,191516,41.46
20,1147,JTLIND,EQ,941560,324676,34.48
20,1148,JUBLFOOD,EQ,1287615,568773,44.17
20,1149,JUBLINDS,EQ,7479,5029,67.24
20,1150,JUBLINGREA,EQ,351315,113511,32.31
20,1151,JUBLPHARMA,EQ,233991,76928,32.88
20,1152,JUNIORBEES,EQ,162258,128699,79.32
20,1153,JUNIPER,EQ,105109,58007,55.19
20,1154,JUSTDIAL,EQ,1886647,415364,22.02
20,1155,JWL,EQ,1142079,572360,50.12
20,1156,JYOTHYLAB,EQ,229489,99959,43.56
20,1157,JYOTICNC,EQ,856568,618205,72.17
20,1158,K2INFRA,ST,190800,187200,98.11
20,1159,KABRAEXTRU,EQ,595732,134560,22.59
20,1160,KAJARIACER,EQ,495144,456403,92.18
20,1161,KAKATCEM,EQ,6447,4021,62.37
20,1162,KALAMANDIR,EQ,161843,90243,55.76
20,1163,KALYANIFRG,EQ,2985,1715,57.45
20,1164,KALYANKJIL,EQ,1815454,829382,45.68
20,1165,KAMATHOTEL,EQ,28387,18930,66.69
20,1166,KAMDHENU,EQ,65992,40529,61.42
20,1167,KAMOPAINTS,EQ,1254698,233274,18.59
20,1168,KANDARP,SM,16000,16000,100.00
20,1169,KANORICHEM,EQ,41270,19370,46.93
20,1170,KANPRPLA,EQ,6141,3863,62.91
20,1171,KANSAINER,EQ,226367,140161,61.92
20,1172,KAPSTON,EQ,7078,3854,54.45
20,1173,KARNIKA,SM,25600,24000,93.75
20,1174,KARURVYSYA,EQ,1064919,489305,45.95
20,1175,KAUSHALYA,EQ,1263,1009,79.89
20,1176,KAVVERITEL,EQ,50916,35033,68.81
20,1177,KAYA,EQ,16505,13004,78.79
20,1178,KAYNES,EQ,164472,114643,69.70
20,1179,KBCGLOBAL,EQ,3999293,2963860,74.11
20,1180,KCEIL,SM,100000,60000,60.00
20,1181,KCK,SM,56000,40000,71.43
20,1182,KCP,EQ,500236,260644,52.10
20,1183,KCPSUGIND,EQ,385536,153326,39.77
20,1184,KDDL,EQ,13711,6103,44.51
20,1185,KDL,SM,6000,6000,100.00
20,1186,KEC,EQ,395954,169171,42.72
20,1187,KECL,EQ,621878,305350,49.10
20,1188,KEEPLEARN,EQ,22752,19752,86.81
20,1189,KEI,EQ,487913,216193,44.31
20,1190,KEL,SM,8400,8400,100.00
20,1191,KELLTONTEC,EQ,761281,303175,39.82
20,1192,KERNEX,EQ,22598,16802,74.35
20,1193,KESORAMIND,EQ,1219542,371887,30.49
20,1194,KFINTECH,EQ,353173,172518,48.85
20,1195,KHADIM,EQ,10648,6017,56.51
20,1196,KHAICHEM,EQ,200110,101363,50.65
20,1197,KHAITANLTD,EQ,10433,6756,64.76
20,1198,KHANDSE,EQ,3809,2906,76.29
20,1199,KHFM,SM,21700,12400,57.14
20,1200,KICL,EQ,23555,11545,49.01
20,1201,KILITCH,EQ,4598,2570,55.89
20,1202,KIMS,EQ,53730,17601,32.76
20,1203,KINGFA,EQ,4064,3134,77.12
20,1204,KIOCL,EQ,177383,54548,30.75
20,1205,KIRIINDUS,EQ,585815,174017,29.71
20,1206,KIRLOSBROS,EQ,88757,40912,46.09
20,1207,KIRLOSENG,EQ,296755,142722,48.09
20,1208,KIRLOSIND,EQ,2588,1494,57.73
20,1209,KIRLPNU,EQ,361940,224617,62.06
20,1210,KITEX,EQ,131770,54080,41.04
20,1211,KKCL,EQ,41724,27085,64.91
20,1212,KLL,SM,102400,59200,57.81
20,1213,KMSUGAR,EQ,5069868,2548155,50.26
20,1214,KNAGRI,SM,8800,7200,81.82
20,1215,KNRCON,EQ,329373,163847,49.75
20,1216,KODYTECH,SM,16800,12800,76.19
20,1217,KOHINOOR,EQ,116145,65301,56.22
20,1218,KOKUYOCMLN,EQ,656125,309581,47.18
20,1219,KOLTEPATIL,EQ,446384,128405,28.77
20,1220,KONSTELEC,SM,124000,86000,69.35
20,1221,KONTOR,SM,37200,27600,74.19
20,1222,KOPRAN,EQ,177928,81854,46.00
20,1223,KORE,SM,3500,3000,85.71
20,1224,KOTAKBANK,EQ,5956005,4574902,76.81
20,1225,KOTARISUG,EQ,152695,79561,52.10
20,1226,KOTHARIPET,EQ,52744,31110,58.98
20,1227,KOTHARIPRO,EQ,6671,4842,72.58
20,1228,KOTYARK,SM,26200,17600,67.18
20,1229,KPIGREEN,EQ,202716,139974,69.05
20,1230,KPIL,EQ,101919,46748,45.87
20,1231,KPITTECH,EQ,1157542,733830,63.40
20,1232,KPRMILL,EQ,315067,170753,54.20
20,1233,KRBL,EQ,539626,290630,53.86
20,1234,KREBSBIO,EQ,2758,2593,94.02
20,1235,KRISHANA,EQ,35460,21316,60.11
20,1236,KRISHCA,SM,14500,11500,79.31
20,1237,KRISHNADEF,SM,13500,7500,55.56
20,1238,KRITI,EQ,57204,33914,59.29
20,1239,KRITINUT,EQ,60262,11468,19.03
20,1240,KRSNAA,EQ,103163,74569,72.28
20,1241,KRYSTAL,EQ,926121,163333,17.64
20,1242,KSB,EQ,93314,63536,68.09
20,1243,KSCL,EQ,315077,103322,32.79
20,1244,KSL,EQ,27349,15997,58.49
20,1245,KSOLVES,EQ,16062,9629,59.95
20,1246,KTKBANK,EQ,1001083,624059,62.34
20,1247,KTL,SM,39000,27000,69.23
20,1248,KUANTUM,EQ,175504,90170,51.38
20,1249,LALPATHLAB,EQ,175334,85527,48.78
20,1250,LAMBODHARA,EQ,21451,11472,53.48
20,1251,LANCORHOL,EQ,81594,57839,70.89
20,1252,LANDMARK,EQ,68371,39778,58.18
20,1253,LAOPALA,EQ,98743,65130,65.96
20,1254,LASA,EQ,86823,55448,63.86
20,1255,LAURUSLABS,EQ,1185359,345941,29.18
20,1256,LAWSIKHO,SM,21000,16000,76.19
20,1257,LAXMICOT,EQ,120361,64718,53.77
20,1258,LAXMIMACH,EQ,3401,1499,44.08
20,1259,LEMERITE,SM,12800,9600,75.00
20,1260,LEMONTREE,EQ,1397957,718093,51.37
20,1261,LEXUS,EQ,50247,26675,53.09
20,1262,LGBBROSLTD,EQ,27969,14687,52.51
20,1263,LGBFORGE,EQ,77959,55617,71.34
20,1264,LIBAS,EQ,154294,114198,74.01
20,1265,LIBERTSHOE,EQ,34503,24669,71.50
20,1266,LICHSGFIN,EQ,4555962,1885010,41.37
20,1267,LICI,EQ,4958541,1561170,31.48
20,1268,LICMFGOLD,EQ,1045,813,77.80
20,1269,LICNETFGSC,EQ,28637,21264,74.25
20,1270,LICNETFN50,EQ,623,361,57.95
20,1271,LICNETFSEN,EQ,82,76,92.68
20,1272,LICNFNHGP,EQ,322,159,49.38
20,1273,LICNMID100,EQ,6913,5645,81.66
20,1274,LIKHITHA,EQ,294818,153079,51.92
20,1275,LINC,EQ,21044,10438,49.60
20,1276,LINCOLN,EQ,34696,18943,54.60
20,1277,LINDEINDIA,EQ,102871,38502,37.43
20,1278,LIQUID,EQ,65343,36507,55.87
20,1279,LIQUID1,EQ,7527,5409,71.86
20,1280,LIQUIDADD,EQ,169254,169254,100.00
20,1281,LIQUIDBEES,EQ,2648333,1938002,73.18
20,1282,LIQUIDCASE,EQ,1947511,1635297,83.97
20,1283,LIQUIDETF,EQ,344456,210126,61.00
20,1284,LIQUIDIETF,EQ,542254,319355,58.89
20,1285,LIQUIDSBI,EQ,5074,4846,95.51
20,1286,LLOYDS,SM,26000,21000,80.77
20,1287,LLOYDSENGG,EQ,23588342,7655464,32.45
20,1288,LLOYDSME,EQ,382737,228020,59.58
20,1289,LODHA,EQ,2063669,1466189,71.05
20,1290,LOVABLE,EQ,75918,28139,37.06
20,1291,LOWVOL,EQ,18,18,100.00
20,1292,LOWVOL1,EQ,13731,9513,69.28
20,1293,LOWVOLIETF,EQ,211611,170008,80.34
20,1294,LOYALTEX,EQ,800,333,41.63
20,1295,LPDC,EQ,460465,298820,64.90
20,1296,LRRPL,SM,6000,6000,100.00
20,1297,LT,EQ,1434580,909676,63.41
20,1298,LTF,EQ,3303800,1699936,51.45
20,1299,LTF,N5,800,800,100.00
20,1300,LTF,NH,3,3,100.00
20,1301,LTF,NJ,50,50,100.00
20,1302,LTF,NL,12,12,100.00
20,1303,LTF,NN,409,300,73.35
20,1304,LTFOODS,EQ,2426456,920008,37.92
20,1305,LTGILTBEES,EQ,1477540,1177538,79.70
20,1306,LTIM,EQ,298146,161122,54.04
20,1307,LTTS,EQ,125963,58549,46.48
20,1308,LUMAXIND,EQ,5419,2297,42.39
20,1309,LUMAXTECH,EQ,91987,58000,63.05
20,1310,LUPIN,EQ,849166,594274,69.98
20,1311,LUXIND,EQ,1046904,279705,26.72
20,1312,LXCHEM,EQ,1019010,485946,47.69
20,1313,LYKALABS,EQ,80215,43587,54.34
20,1314,LYPSAGEMS,EQ,446390,207862,46.57
20,1315,MAANALU,EQ,98951,66526,67.23
20,1316,MADHAVBAUG,SM,6800,4000,58.82
20,1317,MADHUSUDAN,SM,28000,24000,85.71
20,1318,MADRASFERT,EQ,244778,86651,35.40
20,1319,MAFANG,EQ,519170,503594,97.00
20,1320,MAGADSUGAR,EQ,8863,5280,59.57
20,1321,MAGNUM,EQ,499000,354215,70.98
20,1322,MAGSON,SM,8000,8000,100.00
20,1323,MAHABANK,EQ,17940319,6308945,35.17
20,1324,MAHAPEXLTD,EQ,3477,2067,59.45
20,1325,MAHEPC,EQ,612112,151443,24.74
20,1326,MAHESHWARI,EQ,8412,5098,60.60
20,1327,MAHKTECH,EQ,567895,442421,77.91
20,1328,MAHLIFE,EQ,767414,289027,37.66
20,1329,MAHLOG,EQ,769233,289645,37.65
20,1330,MAHSCOOTER,EQ,8099,4493,55.48
20,1331,MAHSEAMLES,EQ,81943,47369,57.81
20,1332,MAITHANALL,EQ,62546,32366,51.75
20,1333,MAITREYA,SM,81600,36800,45.10
20,1334,MAKEINDIA,EQ,35197,31836,90.45
20,1335,MAKS,SM,4500,3000,66.67
20,1336,MAL,SM,54400,54400,100.00
20,1337,MALLCOM,EQ,1768,1094,61.88
20,1338,MANAKCOAT,EQ,843301,526665,62.45
20,1339,MANAKSIA,EQ,241395,119264,49.41
20,1340,MANALIPETC,EQ,599883,288844,48.15
20,1341,MANAPPURAM,EQ,3428627,1000641,29.18
20,1342,MANAV,SM,4000,4000,100.00
20,1343,MANGALAM,EQ,39805,24814,62.34
20,1344,MANGCHEFER,EQ,149457,76437,51.14
20,1345,MANGLMCEM,EQ,75714,40227,53.13
20,1346,MANINFRA,EQ,479733,274908,57.30
20,1347,MANKIND,EQ,700375,424693,60.64
20,1348,MANOMAY,EQ,28556,18322,64.16
20,1349,MANORG,EQ,97250,65625,67.48
20,1350,MANUGRAPH,EQ,10102,8157,80.75
20,1351,MANYAVAR,EQ,117306,60733,51.77
20,1352,MAPMYINDIA,EQ,419889,142602,33.96
20,1353,MARALOVER,EQ,53942,26746,49.58
20,1354,MARATHON,EQ,56147,31707,56.47
20,1355,MARCO,SM,15000,12000,80.00
20,1356,MARICO,EQ,860942,571250,66.35
20,1357,MARINE,EQ,159123,107495,67.55
20,1358,MARINETRAN,SM,16000,12000,75.00
20,1359,MARKSANS,EQ,1703066,464182,27.26
20,1360,MARUTI,EQ,397281,178167,44.85
20,1361,MASFIN,EQ,111509,58932,52.85
20,1362,MASKINVEST,EQ,305,305,100.00
20,1363,MASPTOP50,EQ,778594,317361,40.76
20,1364,MASTEK,EQ,159331,29010,18.21
20,1365,MATRIMONY,EQ,25147,11756,46.75
20,1366,MAWANASUG,EQ,84715,44477,52.50
20,1367,MAXESTATES,EQ,64997,39553,60.85
20,1368,MAXHEALTH,EQ,2056157,1661562,80.81
20,1369,MAXIND,EQ,77121,55222,71.60
20,1370,MAXPOSURE,SM,40000,28000,70.00
20,1371,MAYURUNIQ,EQ,73743,51748,70.17
20,1372,MAZDA,EQ,9627,3261,33.87
20,1373,MAZDOCK,EQ,4413391,910194,20.62
20,1374,MBAPL,EQ,35425,23959,67.63
20,1375,MBECL,EQ,466996,415803,89.04
20,1376,MBLINFRA,EQ,90012,63713,70.78
20,1377,MCDOWELL-N,EQ,1001198,606067,60.53
20,1378,MCL,EQ,115452,98573,85.38
20,1379,MCON,SM,1000,1000,100.00
20,1380,MCX,EQ,1902890,683069,35.90
20,1381,MDL,SM,42000,40000,95.24
20,1382,MEDANTA,EQ,218410,181198,82.96
20,1383,MEDIASSIST,EQ,137971,75801,54.94
20,1384,MEDICAMEQ,EQ,15737,9679,61.50
20,1385,MEDPLUS,EQ,43156,26010,60.27
20,1386,MEGAFLEX,SM,12000,6000,50.00
20,1387,MEGASOFT,EQ,557990,251643,45.10
20,1388,MEGASTAR,EQ,3009,1739,57.79
20,1389,MEGATHERM,SM,63600,42000,66.04
20,1390,MENONBE,EQ,48503,23799,49.07
20,1391,METROBRAND,EQ,179818,88371,49.14
20,1392,METROPOLIS,EQ,745663,242678,32.55
20,1393,MFSL,EQ,3824095,2200863,57.55
20,1394,MGEL,EQ,226073,124263,54.97
20,1395,MGL,EQ,258226,63022,24.41
20,1396,MHHL,SM,6000,6000,100.00
20,1397,MHRIL,EQ,395420,202729,51.27
20,1398,MICEL,EQ,1675477,863613,51.54
20,1399,MID150BEES,EQ,378895,236820,62.50
20,1400,MIDCAP,EQ,16637,8471,50.92
20,1401,MIDCAPETF,EQ,485550,307991,63.43
20,1402,MIDCAPIETF,EQ,49147,28103,57.18
20,1403,MIDHANI,EQ,3008440,952160,31.65
20,1404,MIDQ50ADD,EQ,10393,9630,92.66
20,1405,MIDSELIETF,EQ,10779,10419,96.66
20,1406,MILTON,SM,4400,4400,100.00
20,1407,MINDACORP,EQ,199324,107025,53.69
20,1408,MINDSPACE,RR,48339,41031,84.88
20,1409,MINDTECK,EQ,189328,100426,53.04
20,1410,MIRCELECTR,EQ,289444,203358,70.26
20,1411,MIRZAINT,EQ,190240,123317,64.82
20,1412,M&M,EQ,2886136,2005569,69.49
20,1413,M&MFIN,EQ,26515192,8695600,32.79
20,1414,M&MFIN,N2,215,215,100.00
20,1415,MMFL,EQ,90122,49718,55.17
20,1416,MMP,EQ,44548,30321,68.06
20,1417,MMTC,EQ,4235972,1276433,30.13
20,1418,MNC,EQ,15004,11927,79.49
20,1419,MOGSEC,EQ,5955,4332,72.75
20,1420,MOHEALTH,EQ,44749,41697,93.18
20,1421,MOHITIND,EQ,17930,14545,81.12
20,1422,MOIL,EQ,15391103,3250790,21.12
20,1423,MOL,EQ,932412,459311,49.26
20,1424,MOLDTECH,EQ,148747,71708,48.21
20,1425,MOLDTKPAC,EQ,19684,13251,67.32
20,1426,MOLOWVOL,EQ,71842,71351,99.32
20,1427,MOM100,EQ,324430,204900,63.16
20,1428,MOM30IETF,EQ,634939,506384,79.75
20,1429,MOM50,EQ,807,689,85.38
20,1430,MOMENTUM,EQ,94503,86935,91.99
20,1431,MOMOMENTUM,EQ,48546,36529,75.25
20,1432,MON100,EQ,802743,527767,65.75
20,1433,MONARCH,EQ,34764,21307,61.29
20,1434,MONIFTY500,EQ,200234,124416,62.14
20,1435,MONOPHARMA,SM,4000,4000,100.00
20,1436,MONQ50,EQ,47468,18617,39.22
20,1437,MONTECARLO,EQ,39128,20117,51.41
20,1438,MOQUALITY,EQ,121,71,58.68
20,1439,MOREALTY,EQ,83823,67381,80.38
20,1440,MOREPENLAB,EQ,4598605,1919286,41.74
20,1441,MOS,SM,72000,44800,62.22
20,1442,MOSMALL250,EQ,176875,153234,86.63
20,1443,MOTHERSON,EQ,13382804,6012115,44.92
20,1444,MOTILALOFS,EQ,246575,117661,47.72
20,1445,MOTISONS,EQ,252816,209392,82.82
20,1446,MOTOGENFIN,EQ,16840,10511,62.42
20,1447,MOVALUE,EQ,60499,43438,71.80
20,1448,MPHASIS,EQ,475017,328479,69.15
20,1449,MPSLTD,EQ,9262,4998,53.96
20,1450,MPTODAY,SM,6000,4000,66.67
20,1451,MRF,EQ,5398,1809,33.51
20,1452,MRO-TEK,EQ,148848,53547,35.97
20,1453,MRPL,EQ,1921727,442273,23.01
20,1454,MSPL,EQ,373490,257565,68.96
20,1455,MSTCLTD,EQ,95862,34958,36.47
20,1456,MSUMI,EQ,12651886,5848740,46.23
20,1457,MTARTECH,EQ,301902,115317,38.20
20,1458,MTNL,EQ,9864281,2754264,27.92
20,1459,MUFIN,EQ,29993,29992,100.00
20,1460,MUFTI,EQ,144644,57476,39.74
20,1461,MUKANDLTD,EQ,143970,70433,48.92
20,1462,MUKKA,EQ,765127,469625,61.38
20,1463,MUKTAARTS,EQ,4551,4248,93.34
20,1464,MUNJALAU,EQ,64192,41877,65.24
20,1465,MUNJALSHOW,EQ,47506,27379,57.63
20,1466,MURUDCERA,EQ,38335,20721,54.05
20,1467,MUTHOOTCAP,EQ,11888,6743,56.72
20,1468,MUTHOOTFIN,EQ,691937,275814,39.86
20,1469,MUTHOOTMF,EQ,293606,173178,58.98
20,1470,MVGJL,EQ,58497,38839,66.39
20,1471,MVKAGRO,SM,26400,22800,86.36
20,1472,MWL,SM,411600,247200,60.06
20,1473,NABARD,N2,618,589,95.31
20,1474,NACLIND,EQ,186657,120701,64.66
20,1475,NAGAFERT,EQ,441442,320457,72.59
20,1476,NAGREEKCAP,EQ,5252,5251,99.98
20,1477,NAGREEKEXP,EQ,24836,21380,86.08
20,1478,NAHARCAP,EQ,14904,11910,79.91
20,1479,NAHARINDUS,EQ,59352,37079,62.47
20,1480,NAHARPOLY,EQ,14956,11466,76.66
20,1481,NAHARSPING,EQ,30905,16468,53.29
20,1482,NAMAN,SM,172800,94400,54.63
20,1483,NAM-INDIA,EQ,1329774,707275,53.19
20,1484,NATCOPHARM,EQ,639513,259107,40.52
20,1485,NATHBIOGEN,EQ,81220,38617,47.55
20,1486,NATIONALUM,EQ,17127399,6185744,36.12
20,1487,NAUKRI,EQ,240671,157577,65.47
20,1488,NAVA,EQ,159940,77869,48.69
20,1489,NAVIFIN,N0,395,395,100.00
20,1490,NAVIFIN,N5,1,1,100.00
20,1491,NAVIFIN,N7,292,292,100.00
20,1492,NAVIFIN,N9,20,20,100.00
20,1493,NAVIFIN,NC,692,692,100.00
20,1494,NAVIFIN,ND,40,20,50.00
20,1495,NAVINFLUOR,EQ,537626,231568,43.07
20,1496,NAVINIFTY,EQ,941,580,61.64
20,1497,NAVKARCORP,EQ,881496,332713,37.74
20,1498,NAVNETEDUL,EQ,201687,117495,58.26
20,1499,NAZARA,EQ,191842,89075,46.43
20,1500,NBCC,EQ,32113418,10819309,33.69
20,1501,NBIFIN,EQ,2070,1428,68.99
20,1502,NCC,EQ,4305751,1407637,32.69
20,1503,NCLIND,EQ,145338,81865,56.33
20,1504,NDGL,EQ,211,117,55.45
20,1505,NDL,EQ,1586209,1274761,80.37
20,1506,NDLVENTURE,EQ,31088,12902,41.50
20,1507,NDRAUTO,EQ,4139,2332,56.34
20,1508,NDTV,EQ,212123,88860,41.89
20,1509,NECCLTD,EQ,460885,336374,72.98
20,1510,NECLIFE,EQ,157876,110852,70.21
20,1511,NELCAST,EQ,105399,39029,37.03
20,1512,NELCO,EQ,1100768,260681,23.68
20,1513,NEOGEN,EQ,78342,23833,30.42
20,1514,NESCO,EQ,38285,18194,47.52
20,1515,NESTLEIND,EQ,1124409,564999,50.25
20,1516,NETF,EQ,829,648,78.17
20,1517,NETWEB,EQ,31918,17533,54.93
20,1518,NETWORK18,EQ,737414,509419,69.08
20,1519,NEULANDLAB,EQ,15116,8622,57.04
20,1520,NEWGEN,EQ,106681,61402,57.56
20,1521,NEWJAISA,SM,63000,51000,80.95
20,1522,NEXT50,EQ,777,487,62.68
20,1523,NEXT50IETF,EQ,88776,50753,57.17
20,1524,NEXTMEDIA,EQ,212274,180846,85.19
20,1525,NFL,EQ,2727303,863879,31.68
20,1526,NGIL,EQ,145047,21969,15.15
20,1527,NGLFINE,EQ,9784,4667,47.70
20,1528,NH,EQ,273737,203264,74.26
20,1529,NHAI,N2,633,624,98.58
20,1530,NHAI,N5,799,799,100.00
20,1531,NHAI,N6,1360,1210,88.97
20,1532,NHAI,N8,198,198,100.00
20,1533,NHAI,NA,2724,2100,77.09
20,1534,NHAI,NC,57,50,87.72
20,1535,NHAI,NE,1,1,100.00
20,1536,NHBTF2014,N5,4,4,100.00
20,1537,NHBTF2014,N6,40,40,100.00
20,1538,NHBTF2023,N6,38,38,100.00
20,1539,NHIT,N1,940,940,100.00
20,1540,NHIT,N2,940,940,100.00
20,1541,NHIT,N3,1350,950,70.37
20,1542,NHPC,EQ,42558278,16135569,37.91
20,1543,NHPC,N5,6,3,50.00
20,1544,NHPC,N6,1,1,100.00
20,1545,NIACL,EQ,556016,169615,30.51
20,1546,NIBL,EQ,15404,9535,61.90
20,1547,NIDAN,SM,11000,8000,72.73
20,1548,NIDO,N6,1357,1357,100.00
20,1549,NIDO,N7,208,157,75.48
20,1550,NIF100BEES,EQ,11966,8807,73.60
20,1551,NIF100IETF,EQ,6391,4977,77.88
20,1552,NIF10GETF,EQ,277,187,67.51
20,1553,NIFITETF,EQ,1607,1409,87.68
20,1554,NIFMID150,EQ,166,162,97.59
20,1555,NIFTY1,EQ,106335,91561,86.11
20,1556,NIFTY50ADD,EQ,4684,2780,59.35
20,1557,NIFTYBEES,EQ,3366922,2408652,71.54
20,1558,NIFTYBETF,EQ,105,102,97.14
20,1559,NIFTYETF,EQ,26992,16521,61.21
20,1560,NIFTYIETF,EQ,383475,252452,65.83
20,1561,NIFTYQLITY,EQ,28010,24661,88.04
20,1562,NIITLTD,EQ,412357,235091,57.01
20,1563,NIITMTS,EQ,64960,38786,59.71
20,1564,NILASPACES,EQ,2204990,1340290,60.78
20,1565,NILKAMAL,EQ,15315,9078,59.28
20,1566,NINSYS,EQ,2232,1713,76.75
20,1567,NIPPOBATRY,EQ,71132,29887,42.02
20,1568,NIRAJ,EQ,19522,17511,89.70
20,1569,NIRMAN,SM,33600,16800,50.00
20,1570,NITINSPIN,EQ,44765,27339,61.07
20,1571,NITIRAJ,EQ,5164,3734,72.31
20,1572,NKIND,EQ,242,226,93.39
20,1573,NLCINDIA,EQ,3354940,1326551,39.54
20,1574,NMDC,EQ,7298431,3316538,45.44
20,1575,NOCIL,EQ,2537651,1065194,41.98
20,1576,NORBTEAEXP,EQ,4507,4139,91.83
20,1577,NOVAAGRI,EQ,518390,244394,47.14
20,1578,NPBET,EQ,965,756,78.34
20,1579,NPST,SM,48600,37800,77.78
20,1580,NRAIL,EQ,3645,2099,57.59
20,1581,NRBBEARING,EQ,237058,118618,50.04
20,1582,NRL,EQ,86707,46467,53.59
20,1583,NSIL,EQ,4697,2497,53.16
20,1584,NSLNISP,EQ,29466415,8964662,30.42
20,1585,NTPC,EQ,14651106,8118438,55.41
20,1586,NTPC,N3,337,327,97.03
20,1587,NTPC,N6,116,111,95.69
20,1588,NTPC,N7,148986,148817,99.89
20,1589,NTPC,NB,159,159,100.00
20,1590,NTPC,ND,78,78,100.00
20,1591,NUCLEUS,EQ,74603,32625,43.73
20,1592,NURECA,EQ,50383,19046,37.80
20,1593,NUVAMA,EQ,33546,21219,63.25
20,1594,NUVOCO,EQ,822716,340592,41.40
20,1595,NV20,EQ,7797,5098,65.38
20,1596,NV20BEES,EQ,13126,11402,86.87
20,1597,NV20IETF,EQ,384274,185464,48.26
20,1598,NXST,RR,39130,29999,76.66
20,1599,NYKAA,EQ,4501888,1830062,40.65
20,1600,OAL,EQ,253784,78649,30.99
20,1601,OBCL,EQ,60623,30565,50.42
20,1602,OBEROIRLTY,EQ,912714,305449,33.47
20,1603,OCCL,EQ,10788,6149,57.00
20,1604,OFSS,EQ,423409,150846,35.63
20,1605,OIL,EQ,2281506,981656,43.03
20,1606,OLECTRA,EQ,795711,322217,40.49
20,1607,OLIL,SM,6000,4800,80.00
20,1608,OMAXE,EQ,426387,273461,64.13
20,1609,OMFURN,SM,31200,24000,76.92
20,1610,OMINFRAL,EQ,1561621,827321,52.98
20,1611,ONDOOR,SM,4200,3600,85.71
20,1612,ONEPOINT,EQ,271925,196921,72.42
20,1613,ONGC,EQ,8799147,3911706,44.46
20,1614,ONMOBILE,EQ,525828,191265,36.37
20,1615,ONWARDTEC,EQ,36999,20153,54.47
20,1616,OPTIEMUS,EQ,107605,48214,44.81
20,1617,ORBTEXP,EQ,4946,2531,51.17
20,1618,ORCHPHARMA,EQ,59388,37853,63.74
20,1619,ORIANA,SM,90300,52800,58.47
20,1620,ORICONENT,EQ,1287629,495107,38.45
20,1621,ORIENTBELL,EQ,21473,12663,58.97
20,1622,ORIENTCEM,EQ,561677,362028,64.45
20,1623,ORIENTCER,EQ,66834,39447,59.02
20,1624,ORIENTELEC,EQ,646059,267471,41.40
20,1625,ORIENTHOT,EQ,1040729,624400,60.00
20,1626,ORIENTLTD,EQ,29799,16264,54.58
20,1627,ORIENTPPR,EQ,6300751,3899295,61.89
20,1628,ORISSAMINE,EQ,7211,2940,40.77
20,1629,ORTINLAB,EQ,6350,5181,81.59
20,1630,OSWALAGRO,EQ,85256,66152,77.59
20,1631,OSWALGREEN,EQ,318247,149879,47.10
20,1632,OWAIS,SM,11200,11200,100.00
20,1633,PAGEIND,EQ,16953,8550,50.43
20,1634,PAISALO,EQ,1019919,693387,67.98
20,1635,PAKKA,EQ,322879,170819,52.90
20,1636,PALASHSECU,EQ,98082,47758,48.69
20,1637,PANACEABIO,EQ,66640,39166,58.77
20,1638,PANACHE,EQ,8157,6761,82.89
20,1639,PANAMAPET,EQ,41302,20990,50.82
20,1640,PANSARI,EQ,1121,522,46.57
20,1641,PAR,EQ,77486,28953,37.37
20,1642,PARADEEP,EQ,1030788,504746,48.97
20,1643,PARAGMILK,EQ,2687987,1139549,42.39
20,1644,PARAGON,SM,7200,7200,100.00
20,1645,PARAS,EQ,1341786,361558,26.95
20,1646,PARIN,SM,4000,4000,100.00
20,1647,PARKHOTELS,EQ,633299,351528,55.51
20,1648,PARSVNATH,EQ,651081,404498,62.13
20,1649,PARTYCRUS,SM,2000,2000,100.00
20,1650,PASHUPATI,SM,96000,72000,75.00
20,1651,PASUPTAC,EQ,215154,71043,33.02
20,1652,PATANJALI,EQ,593233,249344,42.03
20,1653,PATELENG,EQ,9009809,4624426,51.33
20,1654,PATINTLOG,EQ,432203,216451,50.08
20,1655,PATTECH,SM,33000,31500,95.45
20,1656,PAVNAIND,EQ,19263,15887,82.47
20,1657,PAYTM,EQ,1509139,1019086,67.53
20,1658,PCBL,EQ,1389328,640222,46.08
20,1659,PCHFL,N6,5,5,100.00
20,1660,PCJEWELLER,EQ,1733269,927634,53.52
20,1661,PDMJEPAPER,EQ,393719,242387,61.56
20,1662,PDSL,EQ,38447,20219,52.59
20,1663,PEARLPOLY,EQ,125252,60266,48.12
20,1664,PEL,EQ,1010165,428513,42.42
20,1665,PEL,N2,100,100,100.00
20,1666,PENIND,EQ,1088098,433353,39.83
20,1667,PENINLAND,EQ,1049443,553097,52.70
20,1668,PENTAGON,SM,8000,7000,87.50
20,1669,PERFECT,SM,42000,30000,71.43
20,1670,PERSISTENT,EQ,1623128,760741,46.87
20,1671,PETRONET,EQ,6524361,3769382,57.77
20,1672,PFC,EQ,7401920,4085824,55.20
20,1673,PFC,N3,45,45,100.00
20,1674,PFC,N8,180,180,100.00
20,1675,PFIZER,EQ,7554,4690,62.09
20,1676,PFOCUS,EQ,56383,35845,63.57
20,1677,PGEL,EQ,145009,71495,49.30
20,1678,PGHH,EQ,2239,1542,68.87
20,1679,PGHL,EQ,7406,3412,46.07
20,1680,PGIL,EQ,41092,32735,79.66
20,1681,PGINVIT,IV,330516,307033,92.90
20,1682,PHANTOMFX,SM,33300,25800,77.48
20,1683,PHARMABEES,EQ,5366089,3589841,66.90
20,1684,PHOENIXLTD,EQ,657333,371145,56.46
20,1685,PIDILITIND,EQ,379694,298858,78.71
20,1686,PIIND,EQ,241564,174920,72.41
20,1687,PILANIINVS,EQ,8961,4198,46.85
20,1688,PIONEEREMB,EQ,57833,46787,80.90
20,1689,PITTIENG,EQ,29549,14785,50.04
20,1690,PIXTRANS,EQ,9463,5671,59.93
20,1691,PKTEA,EQ,192,155,80.73
20,1692,PLADAINFO,SM,12000,12000,100.00
20,1693,PLASTIBLEN,EQ,13933,9523,68.35
20,1694,PLATIND,EQ,2711267,936148,34.53
20,1695,PLAZACABLE,EQ,92286,50902,55.16
20,1696,PNB,EQ,28249840,7339001,25.98
20,1697,PNBGILTS,EQ,551782,221546,40.15
20,1698,PNBHOUSING,EQ,330858,128998,38.99
20,1699,PNC,EQ,14108,7066,50.09
20,1700,PNCINFRA,EQ,290084,186743,64.38
20,1701,POCL,EQ,68361,40449,59.17
20,1702,PODDARMENT,EQ,20137,10419,51.74
20,1703,POKARNA,EQ,46721,26309,56.31
20,1704,POLICYBZR,EQ,2265085,1686976,74.48
20,1705,POLYCAB,EQ,406322,157175,38.68
20,1706,POLYMED,EQ,50186,27161,54.12
20,1707,POLYPLEX,EQ,66549,34231,51.44
20,1708,POLYSIL,SM,82000,56000,68.29
20,1709,PONNIERODE,EQ,27142,10292,37.92
20,1710,POONAWALLA,EQ,1734671,1265065,72.93
20,1711,POWERGRID,EQ,11464036,7033922,61.36
20,1712,POWERINDIA,EQ,43871,18052,41.15
20,1713,POWERMECH,EQ,27558,15388,55.84
20,1714,PPAP,EQ,13966,9059,64.86
20,1715,PPL,EQ,32727,21079,64.41
20,1716,PPLPHARMA,EQ,2182261,1227997,56.27
20,1717,PRAJIND,EQ,863126,366672,42.48
20,1718,PRAKASH,EQ,295724,183501,62.05
20,1719,PRATHAM,SM,35200,35200,100.00
20,1720,PRECAM,EQ,83431,48822,58.52
20,1721,PRECISION,SM,10000,10000,100.00
20,1722,PRECWIRE,EQ,2407591,815747,33.88
20,1723,PREMEXPLN,EQ,170623,81325,47.66
20,1724,PREMIERPOL,EQ,116533,45016,38.63
20,1725,PRESSTONIC,SM,59200,43200,72.97
20,1726,PRESTIGE,EQ,573231,396949,69.25
20,1727,PRICOLLTD,EQ,1043467,518732,49.71
20,1728,PRIMESECU,EQ,84228,57786,68.61
20,1729,PRINCEPIPE,EQ,124730,56194,45.05
20,1730,PRITI,EQ,25228,18890,74.88
20,1731,PRITIKA,SM,12000,12000,100.00
20,1732,PRIVISCL,EQ,27661,15037,54.36
20,1733,PROLIFE,SM,1000,1000,100.00
20,1734,PROPEQUITY,SM,5400,5400,100.00
20,1735,PROZONER,EQ,533207,276616,51.88
20,1736,PRSMJOHNSN,EQ,194100,85925,44.27
20,1737,PRUDENT,EQ,97473,27976,28.70
20,1738,PSB,EQ,1389226,439987,31.67
20,1739,PSPPROJECT,EQ,590222,126920,21.50
20,1740,PSUBANK,EQ,7490,4322,57.70
20,1741,PSUBANKADD,EQ,10246,4076,39.78
20,1742,PSUBNKBEES,EQ,1670248,1014506,60.74
20,1743,PSUBNKIETF,EQ,179459,78188,43.57
20,1744,PTC,EQ,3052341,1164931,38.17
20,1745,PTCIL,EQ,6840,3412,49.88
20,1746,PTL,EQ,132854,83037,62.50
20,1747,PULZ,SM,4000,4000,100.00
20,1748,PUNJABCHEM,EQ,18989,10686,56.27
20,1749,PURVFLEXI,SM,16000,12800,80.00
20,1750,PVP,EQ,324268,243290,75.03
20,1751,PVRINOX,EQ,778335,535609,68.81
20,1752,PVSL,EQ,95096,55519,58.38
20,1753,PVTBANIETF,EQ,455725,389103,85.38
20,1754,PVTBANKADD,EQ,15182,13663,89.99
20,1755,PYRAMID,EQ,27259,15280,56.05
20,1756,QFIL,SM,2000,2000,100.00
20,1757,QGOLDHALF,EQ,91062,66726,73.28
20,1758,QMSMEDI,SM,12000,11000,91.67
20,1759,QNIFTY,EQ,277,231,83.39
20,1760,QUADPRO,SM,12000,12000,100.00
20,1761,QUAL30IETF,EQ,23846,23839,99.97
20,1762,QUESS,EQ,399331,195994,49.08
20,1763,QUICKHEAL,EQ,437885,193623,44.22
20,1764,QUICKTOUCH,SM,16500,10000,60.61
20,1765,RACE,EQ,17933,13695,76.37
20,1766,RADHIKAJWE,EQ,483305,240824,49.83
20,1767,RADIANTCMS,EQ,84311,53529,63.49
20,1768,RADICO,EQ,80803,37514,46.43
20,1769,RADIOCITY,EQ,533094,251862,47.25
20,1770,RADIOCITY,P1,6153,6153,100.00
20,1771,RADIOWALLA,SM,371200,196800,53.02
20,1772,RAILTEL,EQ,2917949,841396,28.84
20,1773,RAIN,EQ,2504852,1233445,49.24
20,1774,RAINBOW,EQ,79524,41454,52.13
20,1775,RAJESHEXPO,EQ,642770,220460,34.30
20,1776,RAJRATAN,EQ,69842,20626,29.53
20,1777,RAJSREESUG,EQ,111708,54365,48.67
20,1778,RALLIS,EQ,1662781,693389,41.70
20,1779,RAMANEWS,EQ,245867,203777,82.88
20,1780,RAMAPHO,EQ,6552,4021,61.37
20,1781,RAMASTEEL,EQ,50395206,19480463,38.66
20,1782,RAMCOCEM,EQ,638612,267114,41.83
20,1783,RAMCOIND,EQ,137837,60667,44.01
20,1784,RAMKY,EQ,77066,44737,58.05
20,1785,RAMRAT,EQ,147748,59432,40.23
20,1786,RANASUG,EQ,600834,200781,33.42
20,1787,RANEENGINE,EQ,17173,10034,58.43
20,1788,RANEHOLDIN,EQ,15833,8930,56.40
20,1789,RATEGAIN,EQ,369983,142906,38.63
20,1790,RATNAMANI,EQ,29370,19124,65.11
20,1791,RATNAVEER,EQ,322368,180777,56.08
20,1792,RAYMOND,EQ,303130,97106,32.03
20,1793,RBA,EQ,1330756,661281,49.69
20,1794,RBL,EQ,140942,42564,30.20
20,1795,RBLBANK,EQ,7126763,2312587,32.45
20,1796,RBMINFRA,SM,1000,1000,100.00
20,1797,RBS,ST,2168000,2168000,100.00
20,1798,RBZJEWEL,EQ,80897,60252,74.48
20,1799,RCDL,SM,48000,42000,87.50
20,1800,RCF,EQ,1675420,575106,34.33
20,1801,RECLTD,EQ,6371166,2342252,36.76
20,1802,RECLTD,N9,50,50,100.00
20,1803,RECLTD,NG,10,10,100.00
20,1804,RECLTD,NI,2,0,0.00
20,1805,REDINGTON,EQ,1434473,656201,45.75
20,1806,REDTAPE,EQ,89623,56948,63.54
20,1807,REFEX,EQ,494943,356341,72.00
20,1808,RELAXO,EQ,35101,17681,50.37
20,1809,RELCHEMQ,EQ,31619,5401,17.08
20,1810,RELIABLE,SM,2400,2400,100.00
20,1811,RELIANCE,EQ,7302777,3761791,51.51
20,1812,RELIGARE,EQ,655510,404556,61.72
20,1813,RELINFRA,EQ,2318679,1522066,65.64
20,1814,REMSONSIND,EQ,6609,6293,95.22
20,1815,REMUS,SM,8650,5300,61.27
20,1816,RENUKA,EQ,5828170,2001520,34.34
20,1817,REPCOHOME,EQ,271319,110243,40.63
20,1818,REPL,EQ,9134,6374,69.78
20,1819,REPRO,EQ,4104,2276,55.46
20,1820,RESPONIND,EQ,36630,13964,38.12
20,1821,REXPIPES,SM,12000,12000,100.00
20,1822,RGL,EQ,86811,40254,46.37
20,1823,RHIM,EQ,119924,48329,40.30
20,1824,RICHA,SM,1000,1000,100.00
20,1825,RICOAUTO,EQ,2792474,887367,31.78
20,1826,RIIL,EQ,246302,61305,24.89
20,1827,RILINFRA,SM,188000,97300,51.76
20,1828,RISHABH,EQ,132911,84576,63.63
20,1829,RITCO,EQ,148874,50224,33.74
20,1830,RITES,EQ,1208546,296821,24.56
20,1831,RKDL,EQ,64374,45219,70.24
20,1832,RKEC,EQ,73548,42985,58.44
20,1833,RKFORGE,EQ,720062,232229,32.25
20,1834,RKSWAMY,EQ,148378,72830,49.08
20,1835,RMDRIP,SM,8000,8000,100.00
20,1836,RML,EQ,73439,43174,58.79
20,1837,ROCKINGDCE,SM,7000,6000,85.71
20,1838,ROHLTD,EQ,130944,55780,42.60
20,1839,ROLEXRINGS,EQ,67205,56537,84.13
20,1840,ROML,EQ,20991,12862,61.27
20,1841,ROSSARI,EQ,43304,22789,52.63
20,1842,ROSSELLIND,EQ,49667,27933,56.24
20,1843,ROTO,EQ,118259,49064,41.49
20,1844,ROUTE,EQ,37963,22971,60.51
20,1845,ROXHITECH,SM,180800,108800,60.18
20,1846,RPGLIFE,EQ,7758,3703,47.73
20,1847,RPOWER,EQ,19235006,12422735,64.58
20,1848,RPSGVENT,EQ,39034,19917,51.02
20,1849,RPTECH,EQ,191635,97566,50.91
20,1850,RRKABEL,EQ,117988,49209,41.71
20,1851,RSWM,EQ,63404,39798,62.77
20,1852,RSYSTEMS,EQ,84530,46184,54.64
20,1853,RTNINDIA,EQ,4963577,1220240,24.58
20,1854,RUBYMILLS,EQ,15432,6088,39.45
20,1855,RUCHINFRA,EQ,143734,107309,74.66
20,1856,RUCHIRA,EQ,27912,15503,55.54
20,1857,RUPA,EQ,923591,349186,37.81
20,1858,RUSHIL,EQ,82583,53668,64.99
20,1859,RUSTOMJEE,EQ,53613,11902,22.20
20,1860,RVNL,EQ,33985045,11151083,32.81
20,1861,SAAKSHI,SM,88800,62400,70.27
20,1862,SABAR,SM,150000,150000,100.00
20,1863,SADHAV,SM,114000,73200,64.21
20,1864,SADHNANIQ,EQ,249422,138549,55.55
20,1865,SAFARI,EQ,25460,12070,47.41
20,1866,SAGARDEEP,EQ,9519,7643,80.29
20,1867,SAGCEM,EQ,150017,93073,62.04
20,1868,SAH,EQ,96539,33218,34.41
20,1869,SAHAJ,SM,4000,4000,100.00
20,1870,SAHANA,SM,14500,9500,65.52
20,1871,SAHYADRI,EQ,3825,2500,65.36
20,1872,SAIFL,SM,12000,8000,66.67
20,1873,SAIL,EQ,39973475,12145929,30.38
20,1874,SAKAR,EQ,11618,6667,57.39
20,1875,SAKHTISUG,EQ,814185,390307,47.94
20,1876,SAKSOFT,EQ,115176,63774,55.37
20,1877,SAKUMA,EQ,10369423,3212018,30.98
20,1878,SALASAR,EQ,3934737,2532192,64.35
20,1879,SALONA,EQ,14038,8185,58.31
20,1880,SALZERELEC,EQ,61604,36435,59.14
20,1881,SAMHI,EQ,1172267,641923,54.76
20,1882,SANDESH,EQ,913,636,69.66
20,1883,SANDHAR,EQ,74660,38913,52.12
20,1884,SANDUMA,EQ,629946,371672,59.00
20,1885,SANGAMIND,EQ,41521,24011,57.83
20,1886,SANGANI,SM,69000,57000,82.61
20,1887,SANGHIIND,EQ,708866,513935,72.50
20,1888,SANGHVIMOV,EQ,640739,210495,32.85
20,1889,SANOFI,EQ,17088,11669,68.29
20,1890,SANSERA,EQ,77350,42302,54.69
20,1891,SAPPHIRE,EQ,137389,92033,66.99
20,1892,SARDAEN,EQ,192796,88770,46.04
20,1893,SAREGAMA,EQ,421941,243792,57.78
20,1894,SARLAPOLY,EQ,107190,62449,58.26
20,1895,SAROJA,SM,6400,6400,100.00
20,1896,SARTELE,SM,152000,94000,61.84
20,1897,SASKEN,EQ,10386,4937,47.54
20,1898,SASTASUNDR,EQ,24480,12979,53.02
20,1899,SATIA,EQ,416788,185479,44.50
20,1900,SATIN,EQ,564724,299666,53.06
20,1901,SATINDLTD,EQ,288756,95939,33.22
20,1902,SAURASHCEM,EQ,129715,68618,52.90
20,1903,SBC,EQ,5580826,3103345,55.61
20,1904,SBCL,EQ,221219,74799,33.81
20,1905,SBFC,EQ,761806,348989,45.81
20,1906,SBGLP,EQ,750399,303122,40.39
20,1907,SBICARD,EQ,1406042,608832,43.30
20,1908,SBIETFCON,EQ,2121,1818,85.71
20,1909,SBIETFIT,EQ,7389,5874,79.50
20,1910,SBIETFPB,EQ,6626,4930,74.40
20,1911,SBIETFQLTY,EQ,910,804,88.35
20,1912,SBILIFE,EQ,1042729,682332,65.44
20,1913,SBIN,EQ,12292429,5472804,44.52
20,1914,SCHAEFFLER,EQ,160482,138204,86.12
20,1915,SCHAND,EQ,64644,40976,63.39
20,1916,SCI,EQ,4846230,1484505,30.63
20,1917,SCILAL,EQ,2048250,1326321,64.75
20,1918,SCML,SM,58000,44000,75.86
20,1919,SCPL,EQ,16812,9179,54.60
20,1920,SDBL,EQ,567473,264565,46.62
20,1921,SDL24BEES,EQ,740,479,64.73
20,1922,SDL26BEES,EQ,30726,30689,99.88
20,1923,SEAMECLTD,EQ,39833,37231,93.47
20,1924,SECL,SM,12500,12500,100.00
20,1925,SECURCRED,EQ,167726,94310,56.23
20,1926,SEL,SM,1600,1600,100.00
20,1927,SELAN,EQ,102372,41019,40.07
20,1928,SELMC,EQ,6308,3020,47.88
20,1929,SEMAC,EQ,3501,2330,66.55
20,1930,SENCO,EQ,772402,375760,48.65
20,1931,SENSEXADD,EQ,223,124,55.61
20,1932,SENSEXETF,EQ,6171,5264,85.30
20,1933,SENSEXIETF,EQ,1438,891,61.96
20,1934,SEPC,EQ,13716768,5274536,38.45
20,1935,SEQUENT,EQ,529800,237196,44.77
20,1936,SERVICE,SM,14000,8000,57.14
20,1937,SERVOTECH,EQ,526210,341173,64.84
20,1938,SESHAPAPER,EQ,43516,29263,67.25
20,1939,SETCO,EQ,81884,81884,100.00
20,1940,SETF10GILT,EQ,7179,6084,84.75
20,1941,SETFGOLD,EQ,2145560,1633238,76.12
20,1942,SETFNIF50,EQ,527868,353284,66.93
20,1943,SETFNIFBK,EQ,87185,74644,85.62
20,1944,SETFNN50,EQ,15908,13375,84.08
20,1945,SFL,EQ,109400,61704,56.40
20,1946,SGBAPR28I,GB,226,197,87.17
20,1947,SGBAUG24,GB,188,146,77.66
20,1948,SGBAUG27,GB,108,97,89.81
20,1949,SGBAUG28V,GB,1891,1238,65.47
20,1950,SGBAUG29V,GB,68,67,98.53
20,1951,SGBAUG30,GB,318,218,68.55
20,1952,SGBD29VIII,GB,257,178,69.26
20,1953,SGBDC27VII,GB,22,22,100.00
20,1954,SGBDE30III,GB,1450,917,63.24
20,1955,SGBDE31III,GB,6528,3896,59.68
20,1956,SGBDEC2513,GB,26,21,80.77
20,1957,SGBFEB28IX,GB,47,41,87.23
20,1958,SGBFEB29XI,GB,188,118,62.77
20,1959,SGBFEB32IV,GB,12780,10341,80.92
20,1960,SGBJ28VIII,GB,54,54,100.00
20,1961,SGBJAN26,GB,2,1,50.00
20,1962,SGBJAN29IX,GB,658,544,82.67
20,1963,SGBJAN29X,GB,265,206,77.74
20,1964,SGBJAN30IX,GB,175,122,69.71
20,1965,SGBJU29III,GB,502,469,93.43
20,1966,SGBJUL25,GB,51,40,78.43
20,1967,SGBJUL27,GB,60,55,91.67
20,1968,SGBJUL28IV,GB,602,538,89.37
20,1969,SGBJUL29IV,GB,1009,767,76.02
20,1970,SGBJUN27,GB,16,9,56.25
20,1971,SGBJUN28,GB,1022,700,68.49
20,1972,SGBJUN29II,GB,129,118,91.47
20,1973,SGBJUN30,GB,54,44,81.48
20,1974,SGBJUN31I,GB,1693,1225,72.36
20,1975,SGBMAR25,GB,56,56,100.00
20,1976,SGBMAR28X,GB,19,19,100.00
20,1977,SGBMAR30X,GB,159,147,92.45
20,1978,SGBMAR31IV,GB,757,522,68.96
20,1979,SGBMAY25,GB,61,56,91.80
20,1980,SGBMAY26,GB,33,33,100.00
20,1981,SGBMAY28,GB,246,184,74.80
20,1982,SGBMAY29I,GB,280,257,91.79
20,1983,SGBMR29XII,GB,372,292,78.49
20,1984,SGBN28VIII,GB,178,120,67.42
20,1985,SGBNOV24,GB,227,179,78.85
20,1986,SGBNOV25,GB,20,20,100.00
20,1987,SGBNOV25IX,GB,25,19,76.00
20,1988,SGBNOV25VI,GB,104,100,96.15
20,1989,SGBNOV26,GB,3,3,100.00
20,1990,SGBNV29VII,GB,402,299,74.38
20,1991,SGBOC28VII,GB,642,510,79.44
20,1992,SGBOCT25,GB,6,6,100.00
20,1993,SGBOCT25IV,GB,19,19,100.00
20,1994,SGBOCT27,GB,27,24,88.89
20,1995,SGBOCT27VI,GB,120,102,85.00
20,1996,SGBSEP24,GB,125,117,93.60
20,1997,SGBSEP27,GB,27,24,88.89
20,1998,SGBSEP28VI,GB,495,326,65.86
20,1999,SGBSEP29VI,GB,526,399,75.86
20,2000,SGBSEP31II,GB,1959,1719,87.75
20,2001,SGIL,EQ,27499,16626,60.46
20,2002,SGL,EQ,32859,19283,58.68
20,2003,SHAH,EQ,980653,584454,59.60
20,2004,SHAHALLOYS,EQ,15798,13483,85.35
20,2005,SHAILY,EQ,532866,162547,30.50
20,2006,SHAIVAL,ST,36000,36000,100.00
20,2007,SHALBY,EQ,102964,47546,46.18
20,2008,SHALPAINTS,EQ,257502,106314,41.29
20,2009,SHANKARA,EQ,52158,25652,49.18
20,2010,SHANTIGEAR,EQ,73409,33784,46.02
20,2011,SHARDACROP,EQ,105811,33393,31.56
20,2012,SHARDAMOTR,EQ,61854,43197,69.84
20,2013,SHAREINDIA,EQ,93724,38841,41.44
20,2014,SHAREINDIA,W1,1839,1696,92.22
20,2015,SHARIABEES,EQ,1365,971,71.14
20,2016,SHEETAL,ST,6000,6000,100.00
20,2017,SHEMAROO,EQ,29844,20179,67.61
20,2018,SHERA,SM,84000,62000,73.81
20,2019,SHILPAMED,EQ,284444,142906,50.24
20,2020,SHIVALIK,EQ,26698,14114,52.87
20,2021,SHIVAMAUTO,EQ,79131,51700,65.33
20,2022,SHIVAMILLS,EQ,12277,7576,61.71
20,2023,SHIVATEX,EQ,3377,3151,93.31
20,2024,SHK,EQ,3566979,1337605,37.50
20,2025,SHOPERSTOP,EQ,57635,31986,55.50
20,2026,SHRADHA,EQ,27590,16687,60.48
20,2027,SHREDIGCEM,EQ,662502,334542,50.50
20,2028,SHREECEM,EQ,18872,9990,52.94
20,2029,SHREEKARNI,SM,13800,11400,82.61
20,2030,SHREEOSFM,SM,6000,6000,100.00
20,2031,SHREEPUSHK,EQ,49007,26072,53.20
20,2032,SHRENIK,EQ,1596561,985808,61.75
20,2033,SHREYANIND,EQ,40308,28729,71.27
20,2034,SHREYAS,EQ,78461,46210,58.90
20,2035,SHRIPISTON,EQ,68163,38360,56.28
20,2036,SHRIRAMFIN,EQ,578517,315136,54.47
20,2037,SHRIRAMFIN,YI,3,3,100.00
20,2038,SHRIRAMFIN,YP,18,9,50.00
20,2039,SHRIRAMFIN,Z5,9,9,100.00
20,2040,SHRIRAMFIN,Z9,90,90,100.00
20,2041,SHRIRAMFIN,ZB,850,850,100.00
20,2042,SHRIRAMFIN,ZH,16,16,100.00
20,2043,SHRIRAMPPS,EQ,3421595,1296863,37.90
20,2044,SHRITECH,SM,6000,4000,66.67
20,2045,SHUBHLAXMI,SM,25000,22000,88.00
20,2046,SHYAMMETL,EQ,325530,217076,66.68
20,2047,SHYAMTEL,EQ,2683,2683,100.00
20,2048,SIEMENS,EQ,182762,85883,46.99
20,2049,SIGACHI,EQ,1627909,844204,51.86
20,2050,SIGIND,EQ,428470,211506,49.36
20,2051,SIGMA,EQ,4307,2493,57.88
20,2052,SIGNATURE,EQ,451593,71529,15.84
20,2053,SIGNORIA,SM,14000,12000,85.71
20,2054,SIGNPOST,EQ,102921,63924,62.11
20,2055,SIKKO,EQ,21958,11375,51.80
20,2056,SIL,EQ,63316,41044,64.82
20,2057,SILGO,EQ,185776,135521,72.95
20,2058,SILINV,EQ,7506,4190,55.82
20,2059,SILLYMONKS,EQ,6473,3467,53.56
20,2060,SILVER,EQ,171921,112687,65.55
20,2061,SILVER1,EQ,142444,136620,95.91
20,2062,SILVERADD,EQ,17775,15762,88.68
20,2063,SILVERBEES,EQ,15864651,14439151,91.01
20,2064,SILVERETF,EQ,294787,235961,80.04
20,2065,SILVERIETF,EQ,693673,549582,79.23
20,2066,SILVERTUC,EQ,21819,3877,17.77
20,2067,SILVRETF,EQ,31274,26480,84.67
20,2068,SIMBHALS,EQ,78531,46237,58.88
20,2069,SINCLAIR,EQ,44355,26992,60.85
20,2070,SINDHUTRAD,EQ,1160844,934971,80.54
20,2071,SINTERCOM,EQ,40630,35700,87.87
20,2072,SIRCA,EQ,120605,70417,58.39
20,2073,SIS,EQ,52267,28163,53.88
20,2074,SIYSIL,EQ,31442,16332,51.94
20,2075,SJLOGISTIC,SM,33000,29000,87.88
20,2076,SJS,EQ,35460,20903,58.95
20,2077,SJVN,EQ,16476180,4597101,27.90
20,2078,SKFINDIA,EQ,7622,4129,54.17
20,2079,SKIPPER,EQ,1299321,475639,36.61
20,2080,SKIPPERPP,E1,17389,15494,89.10
20,2081,SKMEGGPROD,EQ,65877,35812,54.36
20,2082,SKP,SM,10500,6500,61.90
20,2083,SMALLCAP,EQ,362693,296960,81.88
20,2084,SMARTLINK,EQ,985818,278984,28.30
20,2085,SMCGLOBAL,EQ,483811,225924,46.70
20,2086,SMLISUZU,EQ,116442,51992,44.65
20,2087,SMSLIFE,EQ,4863,2891,59.45
20,2088,SMSPHARMA,EQ,192959,106242,55.06
20,2089,SMVD,SM,4040,4040,100.00
20,2090,SNOWMAN,EQ,839478,332512,39.61
20,2091,SOBHA,EQ,938072,333133,35.51
20,2092,SOFTTECH,EQ,6597,6043,91.60
20,2093,SOLARA,EQ,576747,225954,39.18
20,2094,SOLARINDS,EQ,211017,91038,43.14
20,2095,SOLEX,SM,45800,34200,74.67
20,2096,SOMANYCERA,EQ,34286,22122,64.52
20,2097,SOMATEX,EQ,23096,23095,100.00
20,2098,SONACOMS,EQ,1516622,745008,49.12
20,2099,SONAMAC,SM,48000,30000,62.50
20,2100,SONAMLTD,EQ,6434,3556,55.27
20,2101,SONATSOFTW,EQ,316348,185371,58.60
20,2102,SONUINFRA,SM,3000,3000,100.00
20,2103,SOTAC,SM,3600,3600,100.00
20,2104,SOTL,EQ,747324,293309,39.25
20,2105,SOUTHBANK,EQ,29212389,11854874,40.58
20,2106,SOUTHWEST,EQ,49644,17904,36.06
20,2107,SPAL,EQ,7045,3968,56.32
20,2108,SPANDANA,EQ,99663,56249,56.44
20,2109,SPARC,EQ,119875,117375,97.91
20,2110,SPCENET,EQ,1640904,1111726,67.75
20,2111,SPECIALITY,EQ,46286,27170,58.70
20,2112,SPECTRUM,SM,10625,10375,97.65
20,2113,SPECTSTM,SM,21600,16000,74.07
20,2114,SPENCERS,EQ,387947,209652,54.04
20,2115,SPIC,EQ,636223,260120,40.89
20,2116,SPLIL,EQ,38144,19975,52.37
20,2117,SPLPETRO,EQ,44200,22751,51.47
20,2118,SPMLINFRA,EQ,46417,39465,85.02
20,2119,SPORTKING,EQ,9625,5614,58.33
20,2120,SPRL,ST,1600,1600,100.00
20,2121,SREEL,EQ,15290,7398,48.38
20,2122,SRF,EQ,697381,375846,53.89
20,2123,SRGHFL,EQ,11736,11536,98.30
20,2124,SRHHYPOLTD,EQ,23675,11636,49.15
20,2125,SRIVASAVI,SM,60000,46000,76.67
20,2126,SRM,EQ,103809,66272,63.84
20,2127,SSFL,SM,17000,11000,64.71
20,2128,SSWL,EQ,666004,471257,70.76
20,2129,STAR,EQ,877049,354315,40.40
20,2130,STARCEMENT,EQ,369605,207094,56.03
20,2131,STARHEALTH,EQ,222085,116294,52.36
20,2132,STARPAPER,EQ,18846,10428,55.33
20,2133,STCINDIA,EQ,242225,79518,32.83
20,2134,STEELCAS,EQ,6820,4755,69.72
20,2135,STEELCITY,EQ,404779,185364,45.79
20,2136,STEELXIND,EQ,4105815,1697209,41.34
20,2137,STEL,EQ,41915,18733,44.69
20,2138,STERTOOLS,EQ,72151,29584,41.00
20,2139,STLTECH,EQ,5175367,1698387,32.82
20,2140,STOVEKRAFT,EQ,105710,67027,63.41
20,2141,STYLAMIND,EQ,52870,29121,55.08
20,2142,STYRENIX,EQ,15926,10736,67.41
20,2143,SUBEXLTD,EQ,11845677,3786521,31.97
20,2144,SUBROS,EQ,151645,71897,47.41
20,2145,SUDARSCHEM,EQ,4936864,1051531,21.30
20,2146,SUKHJITS,EQ,11002,8053,73.20
20,2147,SULA,EQ,223950,115295,51.48
20,2148,SUMICHEM,EQ,240656,118994,49.45
20,2149,SUMMITSEC,EQ,10754,5768,53.64
20,2150,SUNCLAY,EQ,6445,3189,49.48
20,2151,SUNDARAM,EQ,3883063,2205633,56.80
20,2152,SUNDARMFIN,EQ,201385,82805,41.12
20,2153,SUNDARMHLD,EQ,90227,55183,61.16
20,2154,SUNDRMBRAK,EQ,1385,643,46.43
20,2155,SUNDRMFAST,EQ,32622,15204,46.61
20,2156,SUNFLAG,EQ,392086,170223,43.41
20,2157,SUNPHARMA,EQ,9160422,6782070,74.04
20,2158,SUNREST,SM,14400,14400,100.00
20,2159,SUNTECK,EQ,220766,103401,46.84
20,2160,SUNTV,EQ,680997,272825,40.06
20,2161,SUPERHOUSE,EQ,25943,12751,49.15
20,2162,SUPRAJIT,EQ,121792,78958,64.83
20,2163,SUPREMEIND,EQ,88694,46199,52.09
20,2164,SUPREMEPWR,SM,774000,456000,58.91
20,2165,SUPRIYA,EQ,855701,284164,33.21
20,2166,SURAJEST,EQ,577274,311039,53.88
20,2167,SURANI,SM,8800,6000,68.18
20,2168,SURYALAXMI,EQ,18815,12863,68.37
20,2169,SURYAROSNI,EQ,150455,95974,63.79
20,2170,SURYODAY,EQ,675722,287728,42.58
20,2171,SUTLEJTEX,EQ,443930,211380,47.62
20,2172,SUULD,EQ,153000,110332,72.11
20,2173,SUVEN,EQ,480657,386013,80.31
20,2174,SUVENPHAR,EQ,70579,29554,41.87
20,2175,SUZLON,EQ,69215858,46933591,67.81
20,2176,SVLL,EQ,901,557,61.82
20,2177,SVPGLOB,EQ,62787,49854,79.40
20,2178,SWANENERGY,EQ,1025008,546721,53.34
20,2179,SWARAJ,SM,34000,27000,79.41
20,2180,SWARAJENG,EQ,19092,9470,49.60
20,2181,SWASTIK,SM,16800,14400,85.71
20,2182,SWELECTES,EQ,10871,10871,100.00
20,2183,SWSOLAR,EQ,12689724,5300049,41.77
20,2184,SYMPHONY,EQ,66147,36596,55.33
20,2185,SYNCOMF,EQ,1521555,1304981,85.77
20,2186,SYNGENE,EQ,963364,513884,53.34
20,2187,SYNOPTICS,SM,10200,7800,76.47
20,2188,SYRMA,EQ,333199,195831,58.77
20,2189,SYSTANGO,SM,54400,43200,79.41
20,2190,TAC,SM,322800,212400,65.80
20,2191,TAINWALCHM,EQ,9372,5918,63.15
20,2192,TAJGVK,EQ,184453,100954,54.73
20,2193,TAKE,EQ,132970,77736,58.46
20,2194,TALBROAUTO,EQ,259040,156793,60.53
20,2195,TANLA,EQ,471842,171842,36.42
20,2196,TAPIFRUIT,SM,3000,2250,75.00
20,2197,TARC,EQ,348551,279869,80.29
20,2198,TARSONS,EQ,54380,29327,53.93
20,2199,TASTYBITE,EQ,3713,1710,46.05
20,2200,TATACAP,N6,56,51,91.07
20,2201,TATACAP,N8,89,60,67.42
20,2202,TATACAP,NA,1100,1000,90.91
20,2203,TATACAPHSG,N6,150,150,100.00
20,2204,TATACAPHSG,NA,1378,876,63.57
20,2205,TATACHEM,EQ,1354218,495098,36.56
20,2206,TATACOMM,EQ,821183,417709,50.87
20,2207,TATACONSUM,EQ,1930671,868379,44.98
20,2208,TATAELXSI,EQ,127264,86258,67.78
20,2209,TATAGOLD,EQ,3027605,2464587,81.40
20,2210,TATAMOTORS,EQ,7994116,3112766,38.94
20,2211,TATAMTRDVR,EQ,1652838,1159430,70.15
20,2212,TATAPOWER,EQ,9349694,3256511,34.83
20,2213,TATASTEEL,EQ,30295177,11678618,38.55
20,2214,TATATECH,EQ,1233965,527840,42.78
20,2215,TATSILV,EQ,682343,577606,84.65
20,2216,TATVA,EQ,10115,5033,49.76
20,2217,TBZ,EQ,183475,91085,49.64
20,2218,TCI,EQ,47999,30098,62.71
20,2219,TCIEXP,EQ,27816,16248,58.41
20,2220,TCL,SM,164800,110400,66.99
20,2221,TCLCONS,EQ,64318,55531,86.34
20,2222,TCNSBRANDS,EQ,1210367,396997,32.80
20,2223,TCPLPACK,EQ,4136,1880,45.45
20,2224,TCS,EQ,1807586,1225651,67.81
20,2225,TDPOWERSYS,EQ,3403760,1126472,33.09
20,2226,TEAMLEASE,EQ,26829,12096,45.09
20,2227,TECH,EQ,19713,17285,87.68
20,2228,TECHLABS,SM,40000,36000,90.00
20,2229,TECHM,EQ,1460983,929311,63.61
20,2230,TECHNOE,EQ,425889,190003,44.61
20,2231,TEGA,EQ,66798,32712,48.97
20,2232,TEJASNET,EQ,11997709,2488964,20.75
20,2233,TEMBO,EQ,331757,132733,40.01
20,2234,TEXINFRA,EQ,400913,175808,43.85
20,2235,TEXMOPIPES,EQ,98607,60912,61.77
20,2236,TEXRAIL,EQ,1322208,681679,51.56
20,2237,TFCILTD,EQ,1163607,606555,52.13
20,2238,TFL,EQ,65470,30237,46.18
20,2239,TGBHOTELS,EQ,128858,81485,63.24
20,2240,TGL,ST,39600,39600,100.00
20,2241,THANGAMAYL,EQ,20684,16487,79.71
20,2242,THEINVEST,EQ,16654,14234,85.47
20,2243,THEJO,EQ,26205,9661,36.87
20,2244,THEMISMED,EQ,51198,26204,51.18
20,2245,THERMAX,EQ,288963,172269,59.62
20,2246,THOMASCOOK,EQ,1705503,1055922,61.91
20,2247,THYROCARE,EQ,39106,18887,48.30
20,2248,TI,EQ,382837,189799,49.58
20,2249,TIDEWATER,EQ,17691,9569,54.09
20,2250,TIIL,EQ,8681,4605,53.05
20,2251,TIINDIA,EQ,113333,59527,52.52
20,2252,TIMETECHNO,EQ,847224,206550,24.38
20,2253,TIMKEN,EQ,101488,28531,28.11
20,2254,TIPSFILMS,EQ,1177,761,64.66
20,2255,TIPSINDLTD,EQ,187149,134103,71.66
20,2256,TIRUMALCHM,EQ,714329,280611,39.28
20,2257,TIRUPATIFL,EQ,496567,368043,74.12
20,2258,TITAGARH,EQ,529097,285228,53.91
20,2259,TITAN,EQ,769991,445801,57.90
20,2260,TMB,EQ,171384,68624,40.04
20,2261,TNIDETF,EQ,19708,13843,70.24
20,2262,TNPETRO,EQ,144403,88934,61.59
20,2263,TNPL,EQ,101514,57386,56.53
20,2264,TOKYOPLAST,EQ,9572,6502,67.93
20,2265,TORNTPHARM,EQ,286051,182216,63.70
20,2266,TORNTPOWER,EQ,793375,333007,41.97
20,2267,TOTAL,EQ,5858,4017,68.57
20,2268,TOUCHWOOD,EQ,1788,754,42.17
20,2269,TPLPLASTEH,EQ,1780469,743223,41.74
20,2270,TRACXN,EQ,311819,174665,56.01
20,2271,TRANSTEEL,SM,228000,162000,71.05
20,2272,TREL,EQ,279454,145331,52.01
20,2273,TRENT,EQ,626656,370100,59.06
20,2274,TRIDENT,EQ,12213712,3480466,28.50
20,2275,TRIDHYA,SM,69000,69000,100.00
20,2276,TRIGYN,EQ,71613,34495,48.17
20,2277,TRITURBINE,EQ,558722,334341,59.84
20,2278,TRIVENI,EQ,1270450,367325,28.91
20,2279,TRU,EQ,2619827,1593249,60.82
20,2280,TRUST,SM,1080000,483600,44.78
20,2281,TTKHLTCARE,EQ,4417,3330,75.39
20,2282,TTKPRESTIG,EQ,35729,20268,56.73
20,2283,TTL,EQ,29681,11146,37.55
20,2284,TTML,EQ,47570238,7205807,15.15
20,2285,TV18BRDCST,EQ,3721842,2849284,76.56
20,2286,TVSELECT,EQ,74259,17642,23.76
20,2287,TVSHLTD,EQ,2243,1184,52.79
20,2288,TVSMOTOR,EQ,1278413,655734,51.29
20,2289,TVSSCS,EQ,3349721,1396695,41.70
20,2290,TVSSRICHAK,EQ,5417,3102,57.26
20,2291,TVTODAY,EQ,75909,46211,60.88
20,2292,UBL,EQ,133309,53940,40.46
20,2293,UCAL,EQ,59188,32664,55.19
20,2294,UCOBANK,EQ,9908514,3025218,30.53
20,2295,UDAICEMENT,EQ,743369,509376,68.52
20,2296,UDS,EQ,123617,61330,49.61
20,2297,UFLEX,EQ,28696,16609,57.88
20,2298,UFO,EQ,157983,77974,49.36
20,2299,UGARSUGAR,EQ,244639,118878,48.59
20,2300,UGROCAP,EQ,309536,173119,55.93
20,2301,UGROCAP,N8,1,1,100.00
20,2302,UGROCAP,NB,30,30,100.00
20,2303,UGROCAP,NC,10,10,100.00
20,2304,UJJIVAN,EQ,2621147,1889179,72.07
20,2305,UJJIVANSFB,EQ,6345202,2649984,41.76
20,2306,ULTRACEMCO,EQ,317450,200569,63.18
20,2307,UMA,SM,8000,8000,100.00
20,2308,UMANGDAIRY,EQ,1198453,405655,33.85
20,2309,UMESLTD,EQ,33543,27464,81.88
20,2310,UNICHEMLAB,EQ,33346,16710,50.11
20,2311,UNIDT,EQ,13570,7720,56.89
20,2312,UNIENTER,EQ,9549,4823,50.51
20,2313,UNIHEALTH,SM,8000,4000,50.00
20,2314,UNIONBANK,EQ,18952074,9884637,52.16
20,2315,UNIPARTS,EQ,50990,28863,56.61
20,2316,UNITEDPOLY,EQ,4513,2326,51.54
20,2317,UNITEDTEA,EQ,2571,1728,67.21
20,2318,UNIVASTU,EQ,42089,30862,73.33
20,2319,UNIVCABLES,EQ,216405,66013,30.50
20,2320,UNIVPHOTO,EQ,872,603,69.15
20,2321,UNOMINDA,EQ,196495,93323,47.49
20,2322,UPL,EQ,3014860,1286707,42.68
20,2323,URAVI,EQ,18043,10077,55.85
20,2324,URBAN,SM,3600,2400,66.67
20,2325,USASEEDS,SM,600,600,100.00
20,2326,USHAMART,EQ,584215,278553,47.68
20,2327,UTIAMC,EQ,295054,102553,34.76
20,2328,UTIBANKETF,EQ,22533,15496,68.77
20,2329,UTINEXT50,EQ,21487,18809,87.54
20,2330,UTINIFTETF,EQ,181652,117222,64.53
20,2331,UTISENSETF,EQ,891,743,83.39
20,2332,UTISXN50,EQ,1428,834,58.40
20,2333,UTKARSHBNK,EQ,7572363,3650000,48.20
20,2334,UTTAMSUGAR,EQ,177759,101501,57.10
20,2335,UWCSL,SM,2000,2000,100.00
20,2336,VADILALIND,EQ,9003,3647,40.51
20,2337,VAIBHAVGBL,EQ,382325,183856,48.09
20,2338,VAISHALI,EQ,182070,78914,43.34
20,2339,VAKRANGEE,EQ,15702763,5911749,37.65
20,2340,VALIANTLAB,EQ,34771,16741,48.15
20,2341,VALIANTORG,EQ,48989,23176,47.31
20,2342,VARDHACRLC,EQ,95212,51257,53.83
20,2343,VARROC,EQ,97991,47436,48.41
20,2344,VASCONEQ,EQ,4798904,1739996,36.26
20,2345,VBL,EQ,1554237,990691,63.74
20,2346,VEDL,EQ,14434838,6261935,43.38
20,2347,VEEKAYEM,SM,4000,2000,50.00
20,2348,VENKEYS,EQ,19549,7325,37.47
20,2349,VENUSPIPES,EQ,135611,58391,43.06
20,2350,VENUSREM,EQ,12338,6891,55.85
20,2351,VERANDA,EQ,135281,72836,53.84
20,2352,VERTEXPLUS,SM,1200,1200,100.00
20,2353,VESUVIUS,EQ,53987,34107,63.18
20,2354,VETO,EQ,179358,99899,55.70
20,2355,VGUARD,EQ,368993,174616,47.32
20,2356,VHL,EQ,1804,1312,72.73
20,2357,VIAZ,SM,14000,14000,100.00
20,2358,VIDHIING,EQ,30309,13222,43.62
20,2359,VIJAYA,EQ,158421,83573,52.75
20,2360,VIKASECO,EQ,7128659,2925506,41.04
20,2361,VIKASLIFE,EQ,26108632,18725450,71.72
20,2362,VILINBIO,SM,28000,24000,85.71
20,2363,VIMTALABS,EQ,13588,8821,64.92
20,2364,VINATIORGA,EQ,122627,79639,64.94
20,2365,VINDHYATEL,EQ,42332,18467,43.62
20,2366,VINNY,EQ,400691,337782,84.30
20,2367,VINSYS,SM,65500,52500,80.15
20,2368,VINYAS,SM,3200,3200,100.00
20,2369,VINYLINDIA,EQ,24401,11940,48.93
20,2370,VIPCLOTHNG,EQ,488452,249480,51.08
20,2371,VIPIND,EQ,243278,107223,44.07
20,2372,VIRINCHI,EQ,821874,485693,59.10
20,2373,VISAKAIND,EQ,195669,132527,67.73
20,2374,VISHNU,EQ,117535,77298,65.77
20,2375,VISHNUINFR,SM,18000,16000,88.89
20,2376,VISHWARAJ,EQ,940359,452458,48.12
20,2377,VISHWAS,SM,345600,209600,60.65
20,2378,VITAL,SM,13200,9600,72.73
20,2379,VIVIANA,SM,34000,21000,61.76
20,2380,VLSFINANCE,EQ,65404,36743,56.18
20,2381,VMARCIND,SM,12000,12000,100.00
20,2382,VMART,EQ,5504,2953,53.65
20,2383,VOLTAMP,EQ,86717,75821,87.43
20,2384,VOLTAS,EQ,2294024,972188,42.38
20,2385,VPRPL,EQ,491137,304917,62.08
20,2386,VR,SM,115200,73600,63.89
20,2387,VRLLOG,EQ,36162,22743,62.89
20,2388,VSSL,EQ,549726,231172,42.05
20,2389,VSTIND,EQ,30587,13313,43.53
20,2390,VSTL,EQ,115516,48144,41.68
20,2391,VSTTILLERS,EQ,3621,2112,58.33
20,2392,VTL,EQ,117394,65268,55.60
20,2393,WABAG,EQ,1015351,428709,42.22
20,2394,WANBURY,EQ,107081,81108,75.74
20,2395,WEALTH,EQ,3617,1834,50.71
20,2396,WEIZMANIND,EQ,25795,17620,68.31
20,2397,WELCORP,EQ,364849,171261,46.94
20,2398,WELENT,EQ,265751,140819,52.99
20,2399,WELINV,EQ,475,277,58.32
20,2400,WELSPUNLIV,EQ,8677703,2642385,30.45
20,2401,WENDT,EQ,2224,669,30.08
20,2402,WESTLIFE,EQ,37265,19706,52.88
20,2403,WHEELS,EQ,25551,13239,51.81
20,2404,WHIRLPOOL,EQ,1133489,604907,53.37
20,2405,WILLAMAGOR,EQ,23337,17720,75.93
20,2406,WINDLAS,EQ,56979,30072,52.78
20,2407,WINDMACHIN,EQ,214126,97925,45.73
20,2408,WIPL,EQ,707,706,99.86
20,2409,WIPRO,EQ,5161356,2091107,40.51
20,2410,WOMANCART,SM,14400,14400,100.00
20,2411,WONDERLA,EQ,50743,23244,45.81
20,2412,WORTH,EQ,5976,4407,73.74
20,2413,WSI,EQ,173879,103732,59.66
20,2414,WSTCSTPAPR,EQ,57714,28922,50.11
20,2415,WTICAB,SM,84000,58000,69.05
20,2416,XCHANGING,EQ,182639,110187,60.33
20,2417,XPROINDIA,EQ,50400,33897,67.26
20,2418,YASHO,EQ,17509,7048,40.25
20,2419,YASHOPTICS,ST,22400,22400,100.00
20,2420,YATHARTH,EQ,135042,81076,60.04
20,2421,YATRA,EQ,117606,45058,38.31
20,2422,YCCL,SM,36000,21000,58.33
20,2423,YESBANK,EQ,335943541,93067779,27.70
20,2424,YUDIZ,SM,16000,13600,85.00
20,2425,YUKEN,EQ,26550,12071,45.47
20,2426,ZAGGLE,EQ,1142477,467565,40.93
20,2427,ZEAL,SM,13800,10200,73.91
20,2428,ZEEL,EQ,5996412,2398638,40.00
20,2429,ZEEMEDIA,EQ,4064949,1518830,37.36
20,2430,ZENITHDRUG,SM,36800,30400,82.61
20,2431,ZENITHEXPO,EQ,704,393,55.82
20,2432,ZENITHSTL,EQ,507783,354371,69.79
20,2433,ZENSARTECH,EQ,377045,217720,57.74
20,2434,ZENTEC,EQ,171681,121189,70.59
20,2435,ZFCVINDIA,EQ,18734,12670,67.63
20,2436,ZIMLAB,EQ,3063170,690451,22.54
20,2437,ZODIACLOTH,EQ,54959,37868,68.90
20,2438,ZOMATO,EQ,35740731,25904047,72.48
20,2439,ZOTA,EQ,18170,10376,57.11
20,2440,ZUARI,EQ,116387,55391,47.59
20,2441,ZUARIIND,EQ,68484,30478,44.50
20,2442,ZYDUSLIFE,EQ,1094642,462063,42.21
20,2443,ZYDUSWELL,EQ,22097,14660,66.34
