Security Wise Delivery Position - Compulsory Rolling Settlement
10,MTO,14062024,2084694536,0002506
Trade Date <14-JUN-2024>,Settlement Type <N>
Record Type,Sr No,Name of Security,Quantity Traded,Deliverable Quantity(gross across client level),% of Deliverable Quantity to Traded Quantity
20,1,1003ICCL28,NX,12,12,100.00
20,2,1003ISFL28,N4,200,200,100.00
20,3,1015ECL29,NR,1,1,100.00
20,4,1018GS2026,GS,64471,64471,100.00
20,5,1025IHF34,Z8,14,10,71.43
20,6,1025NFL25,N5,10,10,100.00
20,7,1035UCL24,N6,50,50,100.00
20,8,1035UCL26,NA,100,100,100.00
20,9,1040UCL25,N4,204,165,80.88
20,10,1049DLS25A,Y5,50,50,100.00
20,11,1049DLSL25,NX,50,50,100.00
20,12,1050ISFL28,N5,10,10,100.00
20,13,1050NFL26,N7,60,60,100.00
20,14,105IIFL29,N7,65,65,100.00
20,15,1060ECL29,NS,400,400,100.00
20,16,1065NFL27,NC,226,226,100.00
20,17,1075IHF34,ZR,20,20,100.00
20,18,1075NFL25,N6,10,10,100.00
20,19,1075UCL25,N9,113,110,97.35
20,20,10CAGL27,N5,100,100,100.00
20,21,10IIFL28,N4,172,172,100.00
20,22,10IIFL28A,NE,30,30,100.00
20,23,10IIFL29,N6,72,72,100.00
20,24,10NIDO26,N6,608,603,99.18
20,25,1119NFL27,ND,10,10,100.00
20,26,182D031024,TB,500,500,100.00
20,27,182D040724,TB,700,700,100.00
20,28,182D050924,TB,1100,1100,100.00
20,29,182D080824,TB,4000,4000,100.00
20,30,182D141124,TB,2500,2000,80.00
20,31,182D180724,TB,900,900,100.00
20,32,182D190924,TB,100,100,100.00
20,33,182D200624,TB,200,200,100.00
20,34,182D221124,TB,300,300,100.00
20,35,182D270624,TB,600,600,100.00
20,36,182D281124,TB,1000,1000,100.00
20,37,182D290824,TB,700,700,100.00
20,38,20MICRONS,EQ,2368914,703848,29.71
20,39,360ONE,EQ,503805,255362,50.69
20,40,364D051224,TB,200,200,100.00
20,41,364D071124,TB,100,100,100.00
20,42,364D080525,TB,1100,1100,100.00
20,43,364D121224,TB,100,100,100.00
20,44,364D130325,TB,500,500,100.00
20,45,364D150525,TB,6000,3000,50.00
20,46,364D190924,TB,25000,25000,100.00
20,47,364D270924,TB,25000,25000,100.00
20,48,3IINFOLTD,EQ,912609,445601,48.83
20,49,3MINDIA,EQ,9355,3799,40.61
20,50,3PLAND,EQ,14885,9110,61.20
20,51,574GS2026,GS,2002,2001,99.95
20,52,5PAISA,EQ,29793,19716,66.18
20,53,610GS2031,GS,800,800,100.00
20,54,619GS2034,GS,90,90,100.00
20,55,63MOONS,EQ,92918,58927,63.42
20,56,654GS2032,GS,2000,2000,100.00
20,57,667GS2035,GS,3000,3000,100.00
20,58,667GS2050,GS,312,312,100.00
20,59,669GS2024,GS,8402,8402,100.00
20,60,676GS2061,GS,6000,6000,100.00
20,61,68GS2060,GS,9945,9945,100.00
20,62,695GS2061,GS,16869,12421,73.63
20,63,699GS2051,GS,34362,34362,100.00
20,64,702GS2027,GS,25300,25100,99.21
20,65,704GS2029,GS,300,300,100.00
20,66,706GS2028,GS,11000,11000,100.00
20,67,710GS2029,GS,49234,46735,94.92
20,68,717GS2030,GS,1100,1100,100.00
20,69,718GS2033,GS,1,1,100.00
20,70,718GS2037,GS,27900,20390,73.08
20,71,719GS2060,GS,100,100,100.00
20,72,723GS2039,GS,100,100,100.00
20,73,725GS2063,GS,39878,39767,99.72
20,74,726GS2032,GS,199,199,100.00
20,75,726GS2033,GS,5030,5030,100.00
20,76,732GS2030,GS,1600,1600,100.00
20,77,733GS2026,GS,200,200,100.00
20,78,734IRFC28,N4,537,537,100.00
20,79,736GS2052,GS,26103,24901,95.40
20,80,736PFCL28,N2,16,16,100.00
20,81,737GS2028,GS,1100,1100,100.00
20,82,737NTPC35C,NA,70,70,100.00
20,83,738GS2027,GS,192480,183866,95.52
20,84,738REC27TF,N2,71,71,100.00
20,85,739NHAI26,N8,247,247,100.00
20,86,739NHAI31A,ND,310,155,50.00
20,87,73GS2053,GS,1156,1156,100.00
20,88,741GS2036,GS,3554,3553,99.97
20,89,74GS2035,GS,1,1,100.00
20,90,74GS2062,GS,1,1,100.00
20,91,753IRFC30,NJ,1556,1556,100.00
20,92,754GS2036,GS,355065,322178,90.74
20,93,762GS2039,GS,1000,1000,100.00
20,94,762NTPC35F,ND,24,24,100.00
20,95,764HUDCO31,N8,1,1,100.00
20,96,764IRFC31,NO,33,33,100.00
20,97,764NABAR31,N2,350,335,95.71
20,98,765UP34,SG,100,100,100.00
20,99,768CG32,SG,100,100,100.00
20,100,769GS2043,GS,100,100,100.00
20,101,769HUDCO31,N9,1021,1021,100.00
20,102,769NHAI31,NE,895,895,100.00
20,103,76NHAI31,NA,355,355,100.00
20,104,772GS2049,GS,11,11,100.00
20,105,774IREDA31,N7,100,100,100.00
20,106,78ABFL33,N4,101,101,100.00
20,107,797IGT31,NL,1,1,100.00
20,108,79IGT28,NF,328,328,100.00
20,109,79NHIT35,N1,1960,1515,77.30
20,110,79NHIT40,N2,1115,1000,89.69
20,111,79NHIT47,N3,242,242,100.00
20,112,801TCH25,N4,25,25,100.00
20,113,810IRFC27,N2,1385,1360,98.19
20,114,820IIFL27,N9,162,155,95.68
20,115,824GS2027,GS,106,106,100.00
20,116,825IIFL25,N7,9,9,100.00
20,117,829LTF24,NL,9,9,100.00
20,118,82HUDCO27,N2,1,1,100.00
20,119,82IGT31,NJ,1165,1110,95.28
20,120,82IHFL24,NO,90,90,100.00
20,121,830NHAI27,N2,975,489,50.15
20,122,830PFCL27,N5,913,913,100.00
20,123,833IHFL24,YX,26,26,100.00
20,124,835IFL25,NV,570,250,43.86
20,125,835PCHF23,NN,140,140,100.00
20,126,83TCHF25,N6,25,25,100.00
20,127,840CIFCL28,N4,18,18,100.00
20,128,842IIFL26,NL,292,292,100.00
20,129,843IHFL29,NC,275,275,100.00
20,130,846REC28,N6,10,10,100.00
20,131,849NTPC25,N7,26199,23283,88.87
20,132,850IIFL27,NA,100,100,100.00
20,133,85IIFL24,NJ,10,10,100.00
20,134,85IIFL25,NO,110,110,100.00
20,135,85PCHFL24,N6,1,1,100.00
20,136,85TCAPS24,N6,1142,1142,100.00
20,137,862REC33,NA,1000,1000,100.00
20,138,863NHB34,N3,2,2,100.00
20,139,865IFL28,NZ,245,245,100.00
20,140,865IIFL28,NS,827,827,100.00
20,141,865IRFC29,NA,30,30,100.00
20,142,865LTF26,NN,110,100,90.91
20,143,865TCAPS27,N8,3,1,33.33
20,144,866IBHL25,YP,100,100,100.00
20,145,86LTF24,NJ,192,152,79.17
20,146,871REC28,N9,212,212,100.00
20,147,875IIFL26,NM,50,50,100.00
20,148,875IIFL26A,NQ,260,260,100.00
20,149,875NHAI29,N6,1104,724,65.58
20,150,876HUDCO28,ND,10,10,100.00
20,151,879NHPC28,N5,100,100,100.00
20,152,880IREDA34,N6,71,71,100.00
20,153,885IBHFL26,N9,104,104,100.00
20,154,885MOFSL26,N0,75,75,100.00
20,155,888ERFL28,N5,98,97,98.98
20,156,888IRFC29,NE,11,11,100.00
20,157,889IHFL28,NU,10,10,100.00
20,158,890ICCL23A,NZ,24,24,100.00
20,159,891NTPC33,N6,1778,1082,60.85
20,160,892NHPC33,N6,15,15,100.00
20,161,892PFCL33,N8,1100,1000,90.91
20,162,8ABFL26,N0,10,10,100.00
20,163,901HUDCO34,NE,122,116,95.08
20,164,901NHB34,N6,154,153,99.35
20,165,903SFL28,YI,60,60,100.00
20,166,905IH24,ZB,32,32,100.00
20,167,905LTF27,NF,38,38,100.00
20,168,910CAGL25,N7,14,14,100.00
20,169,910TCAP28,NA,252,156,61.90
20,170,91D020824,TB,600,600,100.00
20,171,91D040724,TB,400,400,100.00
20,172,91D080824,TB,6500,6500,100.00
20,173,91D120724,TB,100,100,100.00
20,174,91D150824,TB,1000,1000,100.00
20,175,91D190724,TB,100,100,100.00
20,176,91D200624,TB,100,100,100.00
20,177,91D230824,TB,1700,1700,100.00
20,178,91D250724,TB,200,200,100.00
20,179,91D290824,TB,4700,4700,100.00
20,180,91MOFSL27,N2,5,5,100.00
20,181,921ISFL25,N0,133,132,99.25
20,182,925CAGL26,N9,170,170,100.00
20,183,925ERFL28,N6,31,31,100.00
20,184,925IBHL27,YR,10,10,100.00
20,185,925IHFL25A,NH,672,500,74.40
20,186,925IHFL25B,Y3,1,1,100.00
20,187,925IHFL25C,AR,15,15,100.00
20,188,92GS2030,GS,18942,18942,100.00
20,189,931SFL26,Z5,15,15,100.00
20,190,93MOFSL34,N6,225,225,100.00
20,191,943ECL28,NJ,33,23,69.70
20,192,945IFSL25,N4,185,185,100.00
20,193,948ICCL25A,NG,50,50,100.00
20,194,94IFCI25,NL,50,50,100.00
20,195,94NFL24,N3,50,50,100.00
20,196,94SFL28,YL,171,171,100.00
20,197,957ISFL26,N2,375,375,100.00
20,198,965IHFL25C,N0,158,158,100.00
20,199,965IHFL25D,N7,90,90,100.00
20,200,965IHFL26,YO,10,10,100.00
20,201,965IHFL26A,ZB,350,200,57.14
20,202,96IIFL28,N5,400,339,84.75
20,203,96IIFL28A,NF,258,258,100.00
20,204,96SFL24,Z8,5,5,100.00
20,205,96SFL24A,NB,13,13,100.00
20,206,970CAGL28,ND,1300,1120,86.15
20,207,975NFL24,N4,200,10,5.00
20,208,975NFL25,N0,3,2,66.67
20,209,97SFL26,Z9,155,155,100.00
20,210,97SFL28,YS,50,50,100.00
20,211,97SFL29,YZ,452,250,55.31
20,212,980IHFL33D,YG,18,12,66.67
20,213,985ECL28,NK,211,210,99.53
20,214,985IIFL22,NC,1196,1196,100.00
20,215,990IHFL27,YT,19,19,100.00
20,216,9IBHFL26BA,NA,554,554,100.00
20,217,9IIFL28,Y0,27,26,96.30
20,218,AADHARHFC,EQ,4444304,2392984,53.84
20,219,AAKASH,EQ,653884,418281,63.97
20,220,AARON,EQ,9781,7783,79.57
20,221,AARTIDRUGS,EQ,279296,139273,49.87
20,222,AARTIIND,EQ,1044209,499115,47.80
20,223,AARTIPHARM,EQ,161379,76370,47.32
20,224,AARTISURF,EQ,19509,10587,54.27
20,225,AARVEEDEN,EQ,210482,95017,45.14
20,226,AARVI,EQ,8801,6592,74.90
20,227,AATMAJ,SM,32000,24000,75.00
20,228,AAVAS,EQ,217615,108707,49.95
20,229,ABB,EQ,1242412,228008,18.35
20,230,ABBOTINDIA,EQ,10397,6195,59.58
20,231,ABCAPITAL,EQ,7568250,2583057,34.13
20,232,ABCOTS,SM,2500,2500,100.00
20,233,ABFL28,N3,70,70,100.00
20,234,ABFRL,EQ,2917086,991230,33.98
20,235,ABMINTLLTD,EQ,5060,1205,23.81
20,236,ABSLAMC,EQ,2229473,1278733,57.36
20,237,ABSLBANETF,EQ,108013,61884,57.29
20,238,ABSLLIQUID,EQ,6450,4745,73.57
20,239,ABSLNN50ET,EQ,128103,111753,87.24
20,240,ABSLPSE,EQ,522018,374449,71.73
20,241,ABSMARINE,SM,285000,195000,68.42
20,242,ACC,EQ,706685,327080,46.28
20,243,ACCELYA,EQ,35628,17291,48.53
20,244,ACCENTMIC,SM,21500,15000,69.77
20,245,ACCORD,SM,2000,2000,100.00
20,246,ACCURACY,EQ,463160,463160,100.00
20,247,ACE,EQ,510872,244894,47.94
20,248,ACEINTEG,EQ,4514,3729,82.61
20,249,ACI,EQ,801151,307595,38.39
20,250,ACL,EQ,239116,146089,61.10
20,251,ACLGATI,EQ,6491811,2224466,34.27
20,252,ACSAL,SM,12000,9000,75.00
20,253,ADANIENSOL,EQ,702499,311873,44.39
20,254,ADANIENT,EQ,4224855,2361811,55.90
20,255,ADANIGREEN,EQ,1154364,670608,58.09
20,256,ADANIPORTS,EQ,5651491,2060950,36.47
20,257,ADANIPOWER,EQ,10638477,7385460,69.42
20,258,ADFFOODS,EQ,89171,46946,52.65
20,259,ADL,EQ,9981,4705,47.14
20,260,ADORWELD,EQ,31730,13244,41.74
20,261,ADROITINFO,EQ,53970,44140,81.79
20,262,ADSL,EQ,532901,222675,41.79
20,263,ADVANIHOTR,EQ,141302,71100,50.32
20,264,ADVENZYMES,EQ,614554,299394,48.72
20,265,AEGISLOG,EQ,736333,353459,48.00
20,266,AEROFLEX,EQ,1599200,768048,48.03
20,267,AETHER,EQ,57352,31480,54.89
20,268,AFFLE,EQ,172620,95263,55.19
20,269,AGARIND,EQ,364409,111813,30.68
20,270,AGARWALFT,ST,36000,36000,100.00
20,271,AGI,EQ,108495,68748,63.37
20,272,AGNI,SM,127500,112500,88.24
20,273,AGRITECH,EQ,3450,2311,66.99
20,274,AGROPHOS,EQ,77507,38286,49.40
20,275,AGSTRA,EQ,685235,452366,66.02
20,276,AGUL,SM,10000,8000,80.00
20,277,AHL,EQ,493563,209448,42.44
20,278,AHLEAST,EQ,25108,19859,79.09
20,279,AHLUCONT,EQ,197346,117586,59.58
20,280,AIAENG,EQ,144077,79577,55.23
20,281,AIIL,EQ,54532,23143,42.44
20,282,AILIMITED,ST,9000,9000,100.00
20,283,AIMTRON,ST,84800,84800,100.00
20,284,AIRAN,EQ,488891,280756,57.43
20,285,AIROLAM,EQ,19621,15001,76.45
20,286,AIRTELPP,E1,133666,97547,72.98
20,287,AJANTPHARM,EQ,49730,31595,63.53
20,288,AJMERA,EQ,50365,25185,50.00
20,289,AJOONI,EQ,1383505,656693,47.47
20,290,AKANKSHA,SM,650000,382000,58.77
20,291,AKASH,EQ,23041,17991,78.08
20,292,AKG,EQ,246054,217288,88.31
20,293,AKI,EQ,640909,454103,70.85
20,294,AKSHARCHEM,EQ,9152,6441,70.38
20,295,AKZOINDIA,EQ,16263,9577,58.89
20,296,ALANKIT,EQ,1153623,426374,36.96
20,297,ALBERTDAVD,EQ,14481,9349,64.56
20,298,ALEMBICLTD,EQ,804609,344482,42.81
20,299,ALICON,EQ,50141,18836,37.57
20,300,ALKALI,EQ,35843,18594,51.88
20,301,ALKEM,EQ,77862,41040,52.71
20,302,ALKYLAMINE,EQ,44790,17709,39.54
20,303,ALLCARGO,EQ,6920068,3447397,49.82
20,304,ALLETEC,SM,58000,36000,62.07
20,305,ALLSEC,EQ,38475,16311,42.39
20,306,ALMONDZ,EQ,91848,65401,71.21
20,307,ALOKINDS,EQ,7296462,3674747,50.36
20,308,ALPA,EQ,41094,27577,67.11
20,309,ALPEXSOLAR,SM,129200,107600,83.28
20,310,ALPHA,EQ,1611362,1166158,72.37
20,311,ALPHAETF,EQ,972749,731653,75.21
20,312,ALPHAGEO,EQ,136398,65731,48.19
20,313,ALPL30IETF,EQ,929665,801014,86.16
20,314,ALUWIND,SM,513000,507000,98.83
20,315,AMBER,EQ,159266,62063,38.97
20,316,AMBICAAGAR,EQ,12271,8788,71.62
20,317,AMBIKCO,EQ,11467,6451,56.26
20,318,AMBUJACEM,EQ,15699653,5362424,34.16
20,319,AMDIND,EQ,411444,236096,57.38
20,320,AMEYA,SM,366000,230000,62.84
20,321,AMIABLE,SM,1600,1600,100.00
20,322,AMIORG,EQ,382783,187516,48.99
20,323,AMJLAND,EQ,211140,131536,62.30
20,324,AMNPLST,EQ,634326,136220,21.47
20,325,AMRUTANJAN,EQ,26664,16341,61.28
20,326,ANANDRATHI,EQ,18171,11626,63.98
20,327,ANANTRAJ,EQ,1190208,731896,61.49
20,328,ANDHRAPAP,EQ,799140,277903,34.78
20,329,ANDHRSUGAR,EQ,3350288,1097738,32.77
20,330,ANGELONE,EQ,282439,158756,56.21
20,331,ANIKINDS,EQ,73690,54359,73.77
20,332,ANLON,SM,8800,7200,81.82
20,333,ANNAPURNA,SM,27500,22000,80.00
20,334,ANTGRAPHIC,EQ,1021688,652511,63.87
20,335,ANUP,EQ,19924,12561,63.04
20,336,ANURAS,EQ,135234,85686,63.36
20,337,ANZEN,IV,2600000,2600000,100.00
20,338,APARINDS,EQ,172872,74602,43.15
20,339,APCL,EQ,51984,33948,65.30
20,340,APCOTEXIND,EQ,40668,19552,48.08
20,341,APEX,EQ,79572,41323,51.93
20,342,APLAPOLLO,EQ,425321,239859,56.39
20,343,APLLTD,EQ,154091,73505,47.70
20,344,APOLLO,EQ,4110130,1936937,47.13
20,345,APOLLOHOSP,EQ,216573,135217,62.43
20,346,APOLLOPIPE,EQ,28433,13943,49.04
20,347,APOLLOTYRE,EQ,1748591,905632,51.79
20,348,APOLSINHOT,EQ,4730,2844,60.13
20,349,APS,SM,191500,99000,51.70
20,350,APTECHT,EQ,265518,125287,47.19
20,351,APTUS,EQ,3154337,2548585,80.80
20,352,ARABIAN,SM,22000,16000,72.73
20,353,ARCHIES,EQ,164375,99853,60.75
20,354,ARE&M,EQ,1495056,513397,34.34
20,355,ARENTERP,EQ,4954,2977,60.09
20,356,ARHAM,ST,42000,36000,85.71
20,357,ARIES,EQ,59145,32452,54.87
20,358,ARIHANTACA,SM,20000,19200,96.00
20,359,ARIHANTCAP,EQ,992345,526092,53.02
20,360,ARIHANTSUP,EQ,19140,11692,61.09
20,361,ARISTO,SM,12800,12800,100.00
20,362,ARMANFIN,EQ,26778,13340,49.82
20,363,AROGRANITE,EQ,58852,40148,68.22
20,364,ARROWGREEN,EQ,129057,50963,39.49
20,365,ARTEMISMED,EQ,64274,33246,51.73
20,366,ARTNIRMAN,EQ,12805,3502,27.35
20,367,ARVIND,EQ,402483,190090,47.23
20,368,ARVINDFASN,EQ,187605,107560,57.33
20,369,ARVSMART,EQ,48844,28963,59.30
20,370,ASAHIINDIA,EQ,115320,53135,46.08
20,371,ASAHISONG,EQ,61803,26587,43.02
20,372,ASAL,EQ,147009,57969,39.43
20,373,ASALCBR,EQ,199397,112782,56.56
20,374,ASHAPURMIN,EQ,340003,264828,77.89
20,375,ASHIANA,EQ,688598,200149,29.07
20,376,ASHIMASYN,EQ,2451701,1014811,41.39
20,377,ASHOKA,EQ,3207839,1244701,38.80
20,378,ASHOKAMET,EQ,316486,192339,60.77
20,379,ASHOKLEY,EQ,17009595,6549405,38.50
20,380,ASIANENE,EQ,96762,63437,65.56
20,381,ASIANPAINT,EQ,982815,657146,66.86
20,382,ASIANTILES,EQ,6021105,1868482,31.03
20,383,ASKAUTOLTD,EQ,1323362,632001,47.76
20,384,ASMS,EQ,222600,203171,91.27
20,385,ASPINWALL,EQ,11437,7411,64.80
20,386,ASPIRE,SM,14000,12000,85.71
20,387,ASTEC,EQ,125204,89342,71.36
20,388,ASTERDM,EQ,699552,437743,62.57
20,389,ASTRAL,EQ,658492,276555,42.00
20,390,ASTRAMICRO,EQ,1680947,643976,38.31
20,391,ASTRAZEN,EQ,14503,6193,42.70
20,392,ATFL,EQ,42246,30681,72.62
20,393,ATGL,EQ,784675,287905,36.69
20,394,ATL,EQ,1122538,556800,49.60
20,395,ATMASTCO,SM,138400,104800,75.72
20,396,ATUL,EQ,39027,22106,56.64
20,397,ATULAUTO,EQ,113179,59023,52.15
20,398,AUBANK,EQ,2852074,1443893,50.63
20,399,AURDIS,SM,7000,4000,57.14
20,400,AURIONPRO,EQ,61003,47401,77.70
20,401,AUROIMPEX,SM,17600,12800,72.73
20,402,AUROPHARMA,EQ,1525146,767032,50.29
20,403,AURUM,EQ,158546,97561,61.53
20,404,AURUMPP1,E1,6012,5702,94.84
20,405,AUTOAXLES,EQ,20403,14361,70.39
20,406,AUTOBEES,EQ,183232,111486,60.84
20,407,AUTOIETF,EQ,866563,489037,56.43
20,408,AUTOIND,EQ,310288,211902,68.29
20,409,AVADHSUGAR,EQ,200250,77301,38.60
20,410,AVALON,EQ,71341,38196,53.54
20,411,AVANTIFEED,EQ,460795,207364,45.00
20,412,AVG,EQ,35338,15801,44.71
20,413,AVONMORE,EQ,39495,26056,65.97
20,414,AVPINFRA,SM,729600,273600,37.50
20,415,AVROIND,EQ,26094,15058,57.71
20,416,AVTNPL,EQ,123029,76249,61.98
20,417,AWFIS,EQ,616614,275660,44.71
20,418,AWHCL,EQ,104580,54776,52.38
20,419,AWL,EQ,1071246,572264,53.42
20,420,AXISBANK,EQ,4451031,2273332,51.07
20,421,AXISBNKETF,EQ,839,752,89.63
20,422,AXISBPSETF,EQ,63894,49894,78.09
20,423,AXISCADES,EQ,1009269,378638,37.52
20,424,AXISCETF,EQ,4282,3031,70.78
20,425,AXISGOLD,EQ,109935,83753,76.18
20,426,AXISHCETF,EQ,8222,7056,85.82
20,427,AXISILVER,EQ,72726,63357,87.12
20,428,AXISNIFTY,EQ,1463,1165,79.63
20,429,AXISTECETF,EQ,2163,1693,78.27
20,430,AXITA,EQ,1660751,798226,48.06
20,431,AXSENSEX,EQ,1309,871,66.54
20,432,AYMSYNTEX,EQ,43285,28074,64.86
20,433,AZAD,EQ,424757,264839,62.35
20,434,BABAFP,SM,17600,12800,72.73
20,435,BAHETI,SM,7500,6750,90.00
20,436,BAIDFIN,EQ,2612359,438064,16.77
20,437,BAJAJ-AUTO,EQ,320933,150233,46.81
20,438,BAJAJCON,EQ,531107,272447,51.30
20,439,BAJAJELEC,EQ,115742,70079,60.55
20,440,BAJAJFINSV,EQ,681385,283064,41.54
20,441,BAJAJHCARE,EQ,194328,118904,61.19
20,442,BAJAJHIND,EQ,81926632,27176759,33.17
20,443,BAJAJHLDNG,EQ,37519,27711,73.86
20,444,BAJEL,EQ,2917783,1107509,37.96
20,445,BAJFINANCE,EQ,1187488,700800,59.02
20,446,BALAJITELE,EQ,297747,195513,65.66
20,447,BALAMINES,EQ,51172,26532,51.85
20,448,BALAXI,EQ,47015,26725,56.84
20,449,BALKRISHNA,EQ,323272,140931,43.60
20,450,BALKRISIND,EQ,142332,45946,32.28
20,451,BALMLAWRIE,EQ,706910,341349,48.29
20,452,BALPHARMA,EQ,32875,20350,61.90
20,453,BALRAMCHIN,EQ,7418060,2534751,34.17
20,454,BALUFORGE,EQ,380023,292948,77.09
20,455,BANARBEADS,EQ,293809,87521,29.79
20,456,BANARISUG,EQ,22249,14031,63.06
20,457,BANCOINDIA,EQ,63802,38921,61.00
20,458,BANDHANBNK,EQ,5128519,1626345,31.71
20,459,BANG,EQ,18280,14230,77.84
20,460,BANKBARODA,EQ,13911039,5338465,38.38
20,461,BANKBEES,EQ,403109,207020,51.36
20,462,BANKBETF,EQ,20022,12382,61.84
20,463,BANKETF,EQ,18658,17209,92.23
20,464,BANKETFADD,EQ,93813,91972,98.04
20,465,BANKIETF,EQ,121231,72742,60.00
20,466,BANKINDIA,EQ,11737543,6403736,54.56
20,467,BANKNIFTY1,EQ,34335,24190,70.45
20,468,BANSWRAS,EQ,56165,38871,69.21
20,469,BARBEQUE,EQ,114654,86207,75.19
20,470,BASF,EQ,43431,26231,60.40
20,471,BASILIC,SM,41700,27900,66.91
20,472,BASML,EQ,106659,68489,64.21
20,473,BATAINDIA,EQ,439642,331181,75.33
20,474,BAWEJA,SM,12800,8000,62.50
20,475,BAYERCROP,EQ,32483,13954,42.96
20,476,BBETF0432,EQ,2585,2504,96.87
20,477,BBL,EQ,187001,106211,56.80
20,478,BBNPPGOLD,EQ,253,184,72.73
20,479,BBOX,EQ,156370,92917,59.42
20,480,BBTC,EQ,24698,11028,44.65
20,481,BBTCL,EQ,5471,3318,60.65
20,482,BCLIND,EQ,2016045,988641,49.04
20,483,BCONCEPTS,EQ,9913,6065,61.18
20,484,BDL,EQ,9955913,2754959,27.67
20,485,BEACON,ST,38000,38000,100.00
20,486,BEARDSELL,EQ,56526,36559,64.68
20,487,BECTORFOOD,EQ,110185,74419,67.54
20,488,BEDMUTHA,EQ,16394,10448,63.73
20,489,BEL,EQ,67366844,22985617,34.12
20,490,BEML,EQ,4978296,730743,14.68
20,491,BEPL,EQ,1216088,544900,44.81
20,492,BERGEPAINT,EQ,851134,570464,67.02
20,493,BESTAGRO,EQ,28598,17756,62.09
20,494,BETA,SM,13100,8000,61.07
20,495,BEWLTD,SM,5250,3875,73.81
20,496,BFINVEST,EQ,151865,44754,29.47
20,497,BFSI,EQ,191340,161240,84.27
20,498,BFUTILITIE,EQ,645910,177030,27.41
20,499,BHAGCHEM,EQ,201764,134458,66.64
20,500,BHAGERIA,EQ,88750,58384,65.78
20,501,BHAGYANGR,EQ,91673,49206,53.68
20,502,BHANDARI,EQ,1699442,981214,57.74
20,503,BHARATFORG,EQ,3052519,863158,28.28
20,504,BHARATGEAR,EQ,103922,66623,64.11
20,505,BHARATRAS,EQ,63335,14113,22.28
20,506,BHARATWIRE,EQ,229980,152455,66.29
20,507,BHARTIARTL,EQ,3978442,2527839,63.54
20,508,BHARTIHEXA,EQ,346464,183334,52.92
20,509,BHEL,EQ,24901598,7035201,28.25
20,510,BHINVIT,IV,60571,49897,82.38
20,511,BIGBLOC,EQ,194367,72331,37.21
20,512,BIKAJI,EQ,841124,397062,47.21
20,513,BIOCON,EQ,5033189,2618869,52.03
20,514,BIOFILCHEM,EQ,44242,33023,74.64
20,515,BIRET,RR,66965,62226,92.92
20,516,BIRLACABLE,EQ,79977,29558,36.96
20,517,BIRLACORPN,EQ,583030,459922,78.88
20,518,BIRLAMONEY,EQ,354434,163186,46.04
20,519,BLAL,EQ,895290,281426,31.43
20,520,BLISSGVS,EQ,407985,180529,44.25
20,521,BLKASHYAP,EQ,1937801,1080310,55.75
20,522,BLS,EQ,2466413,564889,22.90
20,523,BLSE,EQ,189165,83613,44.20
20,524,BLUEDART,EQ,17246,9296,53.90
20,525,BLUEJET,EQ,107989,59491,55.09
20,526,BLUEPEBBLE,SM,2400,2400,100.00
20,527,BLUESTARCO,EQ,592090,326996,55.23
20,528,BMETRICS,SM,54800,34000,62.04
20,529,BODALCHEM,EQ,772222,387371,50.16
20,530,BOMDYEING,EQ,3458945,821353,23.75
20,531,BOROLTD,EQ,130850,69973,53.48
20,532,BORORENEW,EQ,275338,145955,53.01
20,533,BOSCHLTD,EQ,57427,28813,50.17
20,534,BPCL,EQ,7314322,3529867,48.26
20,535,BPL,EQ,574601,267444,46.54
20,536,BRIGADE,EQ,734758,236688,32.21
20,537,BRIGHT,SM,186000,165000,88.71
20,538,BRITANNIA,EQ,149569,76701,51.28
20,539,BSE,EQ,525154,274375,52.25
20,540,BSE500IETF,EQ,238892,201724,84.44
20,541,BSHSL,EQ,12598,7311,58.03
20,542,BSL,EQ,9019,5570,61.76
20,543,BSLGOLDETF,EQ,13147,7336,55.80
20,544,BSLNIFTY,EQ,168582,109960,65.23
20,545,BSLSENETFG,EQ,6354,1988,31.29
20,546,BSOFT,EQ,2187215,585638,26.78
20,547,BURNPUR,EQ,458637,288064,62.81
20,548,BUTTERFLY,EQ,32738,21231,64.85
20,549,BVCL,EQ,86135,57040,66.22
20,550,BYKE,EQ,170040,104171,61.26
20,551,CADSYS,ST,47500,44000,92.63
20,552,CAMLINFINE,EQ,818909,411797,50.29
20,553,CAMPUS,EQ,688789,322818,46.87
20,554,CAMS,EQ,188666,93460,49.54
20,555,CANARYS,SM,76000,64000,84.21
20,556,CANBK,EQ,32576803,14102797,43.29
20,557,CANFINHOME,EQ,1045330,492387,47.10
20,558,CANTABIL,EQ,1064927,375953,35.30
20,559,CAPACITE,EQ,1609338,717811,44.60
20,560,CAPITALSFB,EQ,44944,25598,56.96
20,561,CAPLIPOINT,EQ,91250,53372,58.49
20,562,CAPTRUST,EQ,4890,3105,63.50
20,563,CARBORUNIV,EQ,179433,92580,51.60
20,564,CAREERP,EQ,63012,38176,60.59
20,565,CARERATING,EQ,28445,14517,51.04
20,566,CARTRADE,EQ,411726,313828,76.22
20,567,CARYSIL,EQ,30837,17631,57.17
20,568,CASTROLIND,EQ,3189203,1207494,37.86
20,569,CCHHL,EQ,561686,287685,51.22
20,570,CCL,EQ,260778,152009,58.29
20,571,CDSL,EQ,767403,281293,36.66
20,572,CEATLTD,EQ,78895,44700,56.66
20,573,CELEBRITY,EQ,422335,322233,76.30
20,574,CELLECOR,SM,30600,22800,74.51
20,575,CELLO,EQ,193463,148518,76.77
20,576,CELLPOINT,SM,19200,12000,62.50
20,577,CENTENKA,EQ,51455,26995,52.46
20,578,CENTEXT,EQ,289757,201296,69.47
20,579,CENTRALBK,EQ,9793423,3316312,33.86
20,580,CENTRUM,EQ,859418,346803,40.35
20,581,CENTUM,EQ,58241,32102,55.12
20,582,CENTURYPLY,EQ,291783,142309,48.77
20,583,CENTURYTEX,EQ,502637,156785,31.19
20,584,CERA,EQ,13632,8588,63.00
20,585,CESC,EQ,3785962,2423746,64.02
20,586,CGCL,EQ,679031,316848,46.66
20,587,CGPOWER,EQ,4289392,2423080,56.49
20,588,CGRAPHICS,SM,472000,275200,58.31
20,589,CHALET,EQ,376544,131409,34.90
20,590,CHAMBLFERT,EQ,1348065,506425,37.57
20,591,CHAVDA,SM,775000,381000,49.16
20,592,CHEMBOND,EQ,69848,21980,31.47
20,593,CHEMCON,EQ,83011,40912,49.29
20,594,CHEMFAB,EQ,16301,9744,59.78
20,595,CHEMPLASTS,EQ,6606156,776972,11.76
20,596,CHENNPETRO,EQ,1186448,340866,28.73
20,597,CHEVIOT,EQ,10531,3965,37.65
20,598,CHOICEIN,EQ,741261,100776,13.60
20,599,CHOLAFIN,EQ,1636769,829785,50.70
20,600,CHOLAHLDNG,EQ,436171,348633,79.93
20,601,CIEINDIA,EQ,295182,137855,46.70
20,602,CIGNITITEC,EQ,140437,97687,69.56
20,603,CINELINE,EQ,146363,92301,63.06
20,604,CIPLA,EQ,1845043,1273129,69.00
20,605,CLEAN,EQ,99630,55515,55.72
20,606,CLEDUCATE,EQ,111962,90534,80.86
20,607,CLOUD,SM,79000,79000,100.00
20,608,CLSEL,EQ,141889,61319,43.22
20,609,CLSL,SM,20000,12000,60.00
20,610,CMMIPL,ST,180000,168000,93.33
20,611,CMNL,SM,21000,16500,78.57
20,612,CMRSL,SM,32800,31200,95.12
20,613,CMSINFO,EQ,739992,465518,62.91
20,614,COALINDIA,EQ,5974636,2940871,49.22
20,615,COASTCORP,EQ,53353,37994,71.21
20,616,COCHINSHIP,EQ,12077353,2289497,18.96
20,617,COFFEEDAY,EQ,1870052,950910,50.85
20,618,COFORGE,EQ,354469,143338,40.44
20,619,COLPAL,EQ,251796,134004,53.22
20,620,COMMITTED,SM,16000,12800,80.00
20,621,COMMOIETF,EQ,192011,115021,59.90
20,622,COMPUSOFT,EQ,216056,108781,50.35
20,623,COMSYN,EQ,44209,7612,17.22
20,624,CONCOR,EQ,2423581,1337982,55.21
20,625,CONCORDBIO,EQ,221609,117768,53.14
20,626,CONFIPET,EQ,896436,455495,50.81
20,627,CONS,EQ,2584,2178,84.29
20,628,CONSOFINVT,EQ,26078,20299,77.84
20,629,CONSUMBEES,EQ,66173,53031,80.14
20,630,CONSUMIETF,EQ,7324,4038,55.13
20,631,CONTROLPR,EQ,22883,11557,50.50
20,632,COOLCAPS,SM,3500,3500,100.00
20,633,CORALFINAC,EQ,44639,22715,50.89
20,634,CORDSCABLE,EQ,105581,58108,55.04
20,635,COROMANDEL,EQ,581505,231839,39.87
20,636,COSMOFIRST,EQ,137397,84842,61.75
20,637,COUNCODOS,EQ,198298,169680,85.57
20,638,CPS,ST,2400,1800,75.00
20,639,CPSEETF,EQ,4199242,2506238,59.68
20,640,CRAFTSMAN,EQ,384889,259832,67.51
20,641,CRAYONS,SM,28000,24000,85.71
20,642,CREATIVE,EQ,12002,4918,40.98
20,643,CREDITACC,EQ,230291,159421,69.23
20,644,CREST,EQ,135579,88745,65.46
20,645,CRISIL,EQ,25506,16676,65.38
20,646,CROMPTON,EQ,2452871,1489514,60.73
20,647,CSBBANK,EQ,517274,422485,81.68
20,648,CSLFINANCE,EQ,72252,37062,51.30
20,649,CUB,EQ,2896525,1282818,44.29
20,650,CUMMINSIND,EQ,1397955,745171,53.30
20,651,CYBERTECH,EQ,68545,38757,56.54
20,652,CYIENT,EQ,167754,84408,50.32
20,653,CYIENTDLM,EQ,422184,248354,58.83
20,654,DABUR,EQ,1975440,1038333,52.56
20,655,DALBHARAT,EQ,324946,115693,35.60
20,656,DALMIASUG,EQ,410486,166031,40.45
20,657,DAMODARIND,EQ,25443,17709,69.60
20,658,DANGEE,EQ,140964,103061,73.11
20,659,DATAMATICS,EQ,76623,40103,52.34
20,660,DATAPATTNS,EQ,1636012,365018,22.31
20,661,DAVANGERE,EQ,14482830,7569537,52.27
20,662,DBCORP,EQ,428844,318704,74.32
20,663,DBL,EQ,1288194,480440,37.30
20,664,DBOL,EQ,263084,165483,62.90
20,665,DBREALTY,EQ,2506782,1235635,49.29
20,666,DBSTOCKBRO,EQ,45101,26181,58.05
20,667,DCAL,EQ,488637,271519,55.57
20,668,DCBBANK,EQ,3592420,1584435,44.10
20,669,DCG,SM,80400,58800,73.13
20,670,DCM,EQ,49664,28552,57.49
20,671,DCMNVL,EQ,44131,29704,67.31
20,672,DCMSHRIRAM,EQ,362830,147951,40.78
20,673,DCMSRIND,EQ,762421,334343,43.85
20,674,DCW,EQ,10177823,4060868,39.90
20,675,DCXINDIA,EQ,8907666,2911006,32.68
20,676,DECCANCE,EQ,184345,76965,41.75
20,677,DEEM,SM,26000,22000,84.62
20,678,DEEPAKFERT,EQ,928612,470074,50.62
20,679,DEEPAKNTR,EQ,450097,288804,64.16
20,680,DEEPENR,EQ,15313,10417,68.03
20,681,DEEPINDS,EQ,75338,45337,60.18
20,682,DELAPLEX,SM,12600,10200,80.95
20,683,DELHIVERY,EQ,4059146,2394739,59.00
20,684,DELTACORP,EQ,9801841,3144267,32.08
20,685,DELTAMAGNT,EQ,6099,3694,60.57
20,686,DEN,EQ,4322363,1463100,33.85
20,687,DENEERS,SM,4800,4200,87.50
20,688,DENORA,EQ,20016,10634,53.13
20,689,DENTALKART,SM,10750,8750,81.40
20,690,DEVIT,EQ,29081,18617,64.02
20,691,DEVYANI,EQ,1660818,1032082,62.14
20,692,DHAMPURSUG,EQ,1117132,506801,45.37
20,693,DHANBANK,EQ,734119,548914,74.77
20,694,DHANI,EQ,8524442,3323586,38.99
20,695,DHANUKA,EQ,38192,19818,51.89
20,696,DHARMAJ,EQ,128397,62557,48.72
20,697,DHTL,SM,302400,228000,75.40
20,698,DHUNINV,EQ,1792,1321,73.72
20,699,DIAMINESQ,EQ,6921,3898,56.32
20,700,DIAMONDYD,EQ,26856,13515,50.32
20,701,DICIND,EQ,27099,16917,62.43
20,702,DIGIKORE,SM,11000,8200,74.55
20,703,DIGISPICE,EQ,589787,357783,60.66
20,704,DIL,EQ,2115115,1053635,49.81
20,705,DISHTV,EQ,22297406,6984418,31.32
20,706,DIVGIITTS,EQ,69978,52249,74.66
20,707,DIVISLAB,EQ,281968,142372,50.49
20,708,DIVOPPBEES,EQ,78063,63285,81.07
20,709,DIXON,EQ,1264875,259283,20.50
20,710,DKEGL,SM,6000,6000,100.00
20,711,DLF,EQ,3033968,1698429,55.98
20,712,DLINKINDIA,EQ,284322,111737,39.30
20,713,DLSL25A,Y4,10,10,100.00
20,714,DMART,EQ,258982,144581,55.83
20,715,DMCC,EQ,29031,17859,61.52
20,716,DNAMEDIA,EQ,297823,260721,87.54
20,717,DODLA,EQ,118193,51198,43.32
20,718,DOLATALGO,EQ,835313,506555,60.64
20,719,DOLLAR,EQ,209586,130512,62.27
20,720,DOLLEX,SM,76000,44000,57.89
20,721,DOMS,EQ,48957,24450,49.94
20,722,DONEAR,EQ,485470,244790,50.42
20,723,DPABHUSHAN,EQ,7730,4068,52.63
20,724,DPSCLTD,EQ,714361,448526,62.79
20,725,DPWIRES,EQ,24311,13627,56.05
20,726,DRCSYSTEMS,EQ,6730463,2535408,37.67
20,727,DREAMFOLKS,EQ,127571,89970,70.53
20,728,DREDGECORP,EQ,148860,88310,59.32
20,729,DRONE,SM,118000,114000,96.61
20,730,DRREDDY,EQ,397004,262593,66.14
20,731,DSSL,EQ,38199,23388,61.23
20,732,DTIL,EQ,67580,50456,74.66
20,733,DUCOL,SM,93600,63200,67.52
20,734,DUGLOBAL,SM,80000,52500,65.63
20,735,DVL,EQ,64385,28838,44.79
20,736,DWARKESH,EQ,8536661,2841444,33.29
20,737,DYCL,EQ,172520,84866,49.19
20,738,DYNAMATECH,EQ,11956,6795,56.83
20,739,DYNAMIC,SM,75000,46000,61.33
20,740,DYNPRO,EQ,21484,14405,67.05
20,741,EASEMYTRIP,EQ,5373127,3096426,57.63
20,742,EBBETF0425,EQ,2448,1835,74.96
20,743,EBBETF0430,EQ,2573,2470,96.00
20,744,EBBETF0431,EQ,7462,7398,99.14
20,745,EBBETF0433,EQ,2595,2036,78.46
20,746,ECLERX,EQ,36426,26975,74.05
20,747,EDELWEISS,EQ,2285523,1176418,51.47
20,748,EFACTOR,SM,261600,135200,51.68
20,749,EFORCE,SM,66000,52800,80.00
20,750,EGOLD,EQ,51272,51271,100.00
20,751,EICHERMOT,EQ,549131,208771,38.02
20,752,EIDPARRY,EQ,1601287,647074,40.41
20,753,EIFFL,EQ,20274,15570,76.80
20,754,EIHAHOTELS,EQ,638337,116412,18.24
20,755,EIHOTEL,EQ,1188870,494413,41.59
20,756,EKC,EQ,1159528,510319,44.01
20,757,ELDEHSG,EQ,6517,4487,68.85
20,758,ELECON,EQ,509015,219289,43.08
20,759,ELECTCAST,EQ,2340906,1295024,55.32
20,760,ELGIEQUIP,EQ,1627027,459475,28.24
20,761,ELIN,EQ,1915278,810765,42.33
20,762,EMAMILTD,EQ,242862,131940,54.33
20,763,EMAMIPAP,EQ,451841,235442,52.11
20,764,EMAMIREAL,EQ,86597,54291,62.69
20,765,EMBASSY,RR,572923,495414,86.47
20,766,EMIL,EQ,640796,405816,63.33
20,767,EMKAYTOOLS,SM,300,300,100.00
20,768,EMMBI,EQ,30155,20010,66.36
20,769,EMMIL,SM,580000,298000,51.38
20,770,EMSLIMITED,EQ,377162,197291,52.31
20,771,EMUDHRA,EQ,160535,69494,43.29
20,772,ENDURANCE,EQ,987066,236543,23.96
20,773,ENERGYDEV,EQ,107252,70223,65.47
20,774,ENFUSE,SM,32400,27600,85.19
20,775,ENGINERSIN,EQ,13054706,3654124,27.99
20,776,ENIL,EQ,153969,71443,46.40
20,777,ENSER,SM,162000,100000,61.73
20,778,ENTERO,EQ,38800,23347,60.17
20,779,EPACK,EQ,737986,398277,53.97
20,780,EPIGRAL,EQ,98029,52854,53.92
20,781,EPL,EQ,596031,309379,51.91
20,782,EQUAL50ADD,EQ,16599,13199,79.52
20,783,EQUITASBNK,EQ,6926191,3318475,47.91
20,784,ERIS,EQ,103201,64127,62.14
20,785,EROSMEDIA,EQ,402697,246282,61.16
20,786,ESABINDIA,EQ,17460,12806,73.34
20,787,ESAFSFB,EQ,1346455,750604,55.75
20,788,ESCONET,SM,68800,52000,75.58
20,789,ESCORTS,EQ,288391,106202,36.83
20,790,ESFL,SM,22800,19800,86.84
20,791,ESG,EQ,30419,28423,93.44
20,792,ESILVER,EQ,88282,87578,99.20
20,793,ESSARSHPNG,EQ,1522739,880768,57.84
20,794,ESTER,EQ,263699,133156,50.50
20,795,ETHOSLTD,EQ,15886,8247,51.91
20,796,EUROBOND,SM,6000,5000,83.33
20,797,EVEREADY,EQ,182552,113586,62.22
20,798,EVERESTIND,EQ,11665,4297,36.84
20,799,EXCELINDUS,EQ,244164,85546,35.04
20,800,EXICOM,EQ,1447492,543761,37.57
20,801,EXIDEIND,EQ,4633973,2097540,45.26
20,802,EXPLEOSOL,EQ,18121,9217,50.86
20,803,EXXARO,EQ,102437,55619,54.30
20,804,FACT,EQ,1108189,285436,25.76
20,805,FAIRCHEMOR,EQ,18238,11608,63.65
20,806,FAZE3Q,EQ,73575,42498,57.76
20,807,FCL,EQ,149853,78737,52.54
20,808,FCSSOFT,EQ,5967632,3119295,52.27
20,809,FDC,EQ,121438,58174,47.90
20,810,FEDERALBNK,EQ,11108163,4878707,43.92
20,811,FEDFINA,EQ,348133,253848,72.92
20,812,FELIX,SM,57500,37500,65.22
20,813,FIBERWEB,EQ,123091,68118,55.34
20,814,FIDEL,SM,30000,25000,83.33
20,815,FIEMIND,EQ,298336,181820,60.94
20,816,FILATEX,EQ,1046334,482916,46.15
20,817,FILATFASH,EQ,15601760,3659493,23.46
20,818,FINCABLES,EQ,291500,144575,49.60
20,819,FINEORG,EQ,49843,37238,74.71
20,820,FINIETF,EQ,406897,365278,89.77
20,821,FINOPB,EQ,42088,23111,54.91
20,822,FINPIPE,EQ,501937,287963,57.37
20,823,FIVESTAR,EQ,550842,320966,58.27
20,824,FLAIR,EQ,93413,60350,64.61
20,825,FLUOROCHEM,EQ,50464,31780,62.98
20,826,FMCGIETF,EQ,678320,550697,81.19
20,827,FMGOETZE,EQ,785167,351368,44.75
20,828,FMNL,EQ,164568,122427,74.39
20,829,FOCE,SM,200,200,100.00
20,830,FOCUS,EQ,554151,151725,27.38
20,831,FONEBOX,SM,10000,10000,100.00
20,832,FOODSIN,EQ,238092,142863,60.00
20,833,FORCEMOT,EQ,24252,11487,47.37
20,834,FORTIS,EQ,1542124,705580,45.75
20,835,FOSECOIND,EQ,5199,3005,57.80
20,836,FROG,SM,119200,77600,65.10
20,837,FSL,EQ,1315882,559361,42.51
20,838,FUSION,EQ,301149,187976,62.42
20,839,GABRIEL,EQ,351669,180250,51.26
20,840,GAEL,EQ,617027,357717,57.97
20,841,GAIL,EQ,32311984,10694845,33.10
20,842,GALAXYSURF,EQ,9053,5772,63.76
20,843,GANDHAR,EQ,1257379,525164,41.77
20,844,GANDHITUBE,EQ,7102,3958,55.73
20,845,GANECOS,EQ,36689,22375,60.99
20,846,GANESHBE,EQ,138852,73764,53.12
20,847,GANESHHOUC,EQ,74163,42008,56.64
20,848,GANGESSECU,EQ,17157,6503,37.90
20,849,GARFIBRES,EQ,11731,7363,62.77
20,850,GATEWAY,EQ,811873,466623,57.47
20,851,GEECEE,EQ,70446,18688,26.53
20,852,GEEKAYWIRE,EQ,106525,75511,70.89
20,853,GENCON,EQ,94407,80207,84.96
20,854,GENESYS,EQ,89693,50924,56.78
20,855,GENSOL,EQ,484968,264293,54.50
20,856,GENUSPAPER,EQ,2085596,768160,36.83
20,857,GENUSPOWER,EQ,688904,453978,65.90
20,858,GEOJITFSL,EQ,531839,204984,38.54
20,859,GEPIL,EQ,4329104,1132113,26.15
20,860,GESHIP,EQ,1727425,595449,34.47
20,861,GFLLIMITED,EQ,78240,57809,73.89
20,862,GHCL,EQ,155403,75131,48.35
20,863,GHCLTEXTIL,EQ,805185,444077,55.15
20,864,GICHSGFIN,EQ,788236,342739,43.48
20,865,GICL,SM,3000,3000,100.00
20,866,GICRE,EQ,3871107,1072213,27.70
20,867,GILLANDERS,EQ,18912,11181,59.12
20,868,GILLETTE,EQ,13519,7414,54.84
20,869,GILT5YBEES,EQ,230550,109888,47.66
20,870,GINNIFILA,EQ,86338,53766,62.27
20,871,GIPCL,EQ,2524089,1151648,45.63
20,872,GIRIRAJ,ST,8250,7000,84.85
20,873,GLAND,EQ,80642,47614,59.04
20,874,GLAXO,EQ,123918,69298,55.92
20,875,GLENMARK,EQ,647206,343312,53.05
20,876,GLOBALPET,SM,6000,6000,100.00
20,877,GLOBE,EQ,10867316,8786291,80.85
20,878,GLOBUSSPR,EQ,64333,35777,55.61
20,879,GLOSTERLTD,EQ,1549,1185,76.50
20,880,GLS,EQ,49189,25076,50.98
20,881,GMBREW,EQ,39217,26420,67.37
20,882,GMDCLTD,EQ,3056312,936985,30.66
20,883,GMMPFAUDLR,EQ,170336,91302,53.60
20,884,GMRINFRA,EQ,92400158,39604670,42.86
20,885,GMRP&UI,EQ,6272799,2624824,41.84
20,886,GNA,EQ,83232,40889,49.13
20,887,GNFC,EQ,446582,189652,42.47
20,888,GOACARBON,EQ,27238,14491,53.20
20,889,GOCLCORP,EQ,145978,73304,50.22
20,890,GOCOLORS,EQ,38112,15773,41.39
20,891,GODFRYPHLP,EQ,391865,83786,21.38
20,892,GODHA,EQ,23975187,10684414,44.56
20,893,GODIGIT,EQ,830449,654293,78.79
20,894,GODREJAGRO,EQ,118894,68323,57.47
20,895,GODREJCP,EQ,514175,302876,58.91
20,896,GODREJIND,EQ,362600,176805,48.76
20,897,GODREJPROP,EQ,680923,205896,30.24
20,898,GOKEX,EQ,79506,35546,44.71
20,899,GOKULAGRO,EQ,218440,81049,37.10
20,900,GOLD1,EQ,275494,243416,88.36
20,901,GOLDBEES,EQ,5729995,3674380,64.13
20,902,GOLDCASE,EQ,183823,163391,88.88
20,903,GOLDETF,EQ,43342,29693,68.51
20,904,GOLDETFADD,EQ,461128,457549,99.22
20,905,GOLDIAM,EQ,475519,292254,61.46
20,906,GOLDIETF,EQ,610635,505067,82.71
20,907,GOLDSHARE,EQ,93223,62990,67.57
20,908,GOLDSTAR,SM,258750,146250,56.52
20,909,GOLDTECH,EQ,14855,9297,62.58
20,910,GOODLUCK,EQ,68175,33757,49.52
20,911,GOPAL,EQ,197015,161981,82.22
20,912,GOYALSALT,SM,18600,18600,100.00
20,913,GPIL,EQ,498810,276054,55.34
20,914,GPPL,EQ,2645393,1106473,41.83
20,915,GPTHEALTH,EQ,165905,93377,56.28
20,916,GRANULES,EQ,559738,257141,45.94
20,917,GRAPHISAD,SM,24000,16800,70.00
20,918,GRAPHITE,EQ,527819,249622,47.29
20,919,GRASIM,EQ,1542911,473975,30.72
20,920,GRAVITA,EQ,330345,100449,30.41
20,921,GRCL,SM,2000,2000,100.00
20,922,GREAVESCOT,EQ,742306,411499,55.44
20,923,GREENCHEF,SM,33600,24800,73.81
20,924,GREENLAM,EQ,75149,33891,45.10
20,925,GREENPANEL,EQ,199034,126678,63.65
20,926,GREENPLY,EQ,236626,124616,52.66
20,927,GREENPOWER,EQ,5323581,3542429,66.54
20,928,GRINDWELL,EQ,85204,69017,81.00
20,929,GRINFRA,EQ,119447,72072,60.34
20,930,GRMOVER,EQ,427125,165336,38.71
20,931,GROBTEA,EQ,3455,1536,44.46
20,932,GRPLTD,EQ,1248,672,53.85
20,933,GRSE,EQ,11892498,1663676,13.99
20,934,GRWRHITECH,EQ,35854,22562,62.93
20,935,GSEC10IETF,EQ,55254,55253,100.00
20,936,GSEC10YEAR,EQ,5700,4501,78.96
20,937,GSEC5IETF,EQ,1280,1262,98.59
20,938,GSFC,EQ,1786874,741124,41.48
20,939,GSLSU,EQ,220817,130329,59.02
20,940,GSMFOILS,SM,752000,464000,61.70
20,941,GSPL,EQ,2446609,1533915,62.70
20,942,GSTL,SM,10000,10000,100.00
20,943,GTLINFRA,EQ,235674574,134723175,57.16
20,944,GTPL,EQ,62587,31849,50.89
20,945,GUFICBIO,EQ,146683,88173,60.11
20,946,GUJALKALI,EQ,74890,41141,54.94
20,947,GUJAPOLLO,EQ,10566,7744,73.29
20,948,GUJGASLTD,EQ,1745156,426053,24.41
20,949,GUJRAFFIA,EQ,22885,12520,54.71
20,950,GULFOILLUB,EQ,118364,60042,50.73
20,951,GULFPETRO,EQ,631496,361427,57.23
20,952,GULPOLY,EQ,261387,143760,55.00
20,953,HAL,EQ,6319680,2005580,31.74
20,954,HAPPSTMNDS,EQ,475204,260198,54.76
20,955,HAPPYFORGE,EQ,37975,21766,57.32
20,956,HARDWYN,EQ,1175747,617063,52.48
20,957,HARIOMPIPE,EQ,38359,24328,63.42
20,958,HARRMALAYA,EQ,834426,301745,36.16
20,959,HARSHA,EQ,214557,80001,37.29
20,960,HATHWAY,EQ,7187542,2917755,40.59
20,961,HATSUN,EQ,11388,5821,51.12
20,962,HAVELLS,EQ,2791525,1801012,64.52
20,963,HAVISHA,EQ,100484,88850,88.42
20,964,HBLPOWER,EQ,595136,345746,58.10
20,965,HBSL,EQ,32574,11324,34.76
20,966,HCC,EQ,37300899,15391536,41.26
20,967,HCG,EQ,332051,189818,57.17
20,968,HCLTECH,EQ,3065114,1746319,56.97
20,969,HDFCAMC,EQ,394196,158324,40.16
20,970,HDFCBANK,EQ,12770277,7875479,61.67
20,971,HDFCBSE500,EQ,28936,17806,61.54
20,972,HDFCGOLD,EQ,562812,454294,80.72
20,973,HDFCGROWTH,EQ,3417,3156,92.36
20,974,HDFCLIFE,EQ,7308942,4616497,63.16
20,975,HDFCLIQUID,EQ,11298,8828,78.14
20,976,HDFCLOWVOL,EQ,25179,22980,91.27
20,977,HDFCMID150,EQ,775532,422340,54.46
20,978,HDFCMOMENT,EQ,309536,244130,78.87
20,979,HDFCNEXT50,EQ,65148,44200,67.85
20,980,HDFCNIF100,EQ,69654,48762,70.01
20,981,HDFCNIFBAN,EQ,35320,32105,90.90
20,982,HDFCNIFIT,EQ,31580,21371,67.67
20,983,HDFCNIFTY,EQ,151291,131303,86.79
20,984,HDFCPSUBK,EQ,22701,19588,86.29
20,985,HDFCPVTBAN,EQ,87585,65498,74.78
20,986,HDFCQUAL,EQ,1615,1311,81.18
20,987,HDFCSENSEX,EQ,21360,18623,87.19
20,988,HDFCSILVER,EQ,424762,366562,86.30
20,989,HDFCSML250,EQ,754741,599801,79.47
20,990,HDFCVALUE,EQ,7197,5445,75.66
20,991,HEALTHADD,EQ,2817,2560,90.88
20,992,HEALTHIETF,EQ,72303,44201,61.13
20,993,HEALTHY,EQ,618605,567296,91.71
20,994,HECPROJECT,EQ,57780,44011,76.17
20,995,HEG,EQ,113036,47712,42.21
20,996,HEIDELBERG,EQ,230686,138807,60.17
20,997,HEMIPROP,EQ,823438,416674,50.60
20,998,HERANBA,EQ,410049,162353,39.59
20,999,HERCULES,EQ,95359,58269,61.10
20,1000,HERITGFOOD,EQ,5124981,2131922,41.60
20,1001,HEROMOTOCO,EQ,573273,312730,54.55
20,1002,HESTERBIO,EQ,3430,2140,62.39
20,1003,HEUBACHIND,EQ,36874,23407,63.48
20,1004,HEXATRADEX,EQ,4617,3235,70.07
20,1005,HFCL,EQ,100724538,25627040,25.44
20,1006,HGINFRA,EQ,132880,57345,43.16
20,1007,HGS,EQ,36295,16466,45.37
20,1008,HIGREEN,SM,60000,44800,74.67
20,1009,HIKAL,EQ,167867,84612,50.40
20,1010,HIL,EQ,20444,11874,58.08
20,1011,HILTON,EQ,895572,353998,39.53
20,1012,HIMATSEIDE,EQ,146865,81129,55.24
20,1013,HINDALCO,EQ,8326865,4660430,55.97
20,1014,HINDCOMPOS,EQ,26980,17019,63.08
20,1015,HINDCOPPER,EQ,4342044,1810494,41.70
20,1016,HINDMOTORS,EQ,1390352,882934,63.50
20,1017,HINDOILEXP,EQ,3103061,610103,19.66
20,1018,HINDPETRO,EQ,7630935,3020778,39.59
20,1019,HINDUNILVR,EQ,1729552,932757,53.93
20,1020,HINDWAREAP,EQ,60106,33253,55.32
20,1021,HINDZINC,EQ,1052979,610812,58.01
20,1022,HIRECT,EQ,11679,7216,61.79
20,1023,HISARMETAL,EQ,9491,6958,73.31
20,1024,HITECH,EQ,618467,336363,54.39
20,1025,HITECHCORP,EQ,10184,6150,60.39
20,1026,HLEGLAS,EQ,260336,65653,25.22
20,1027,HMAAGRO,EQ,366522,204357,55.76
20,1028,HMVL,EQ,40406,24004,59.41
20,1029,HNDFDS,EQ,109340,67942,62.14
20,1030,HNGSNGBEES,EQ,86281,58352,67.63
20,1031,HOACFOODS,SM,60000,36000,60.00
20,1032,HOLMARC,SM,40500,31500,77.78
20,1033,HOMEFIRST,EQ,842274,344201,40.87
20,1034,HOMESFY,ST,4500,4500,100.00
20,1035,HONASA,EQ,630361,447149,70.94
20,1036,HONAUT,EQ,26274,16761,63.79
20,1037,HONDAPOWER,EQ,248101,38516,15.52
20,1038,HPAL,EQ,143431,89862,62.65
20,1039,HPIL,EQ,2500,497,19.88
20,1040,HPL,EQ,304968,165364,54.22
20,1041,HRHNEXT,SM,21000,12000,57.14
20,1042,HSCL,EQ,812466,451793,55.61
20,1043,HTMEDIA,EQ,395191,174752,44.22
20,1044,HUDCO,EQ,15520181,4654747,29.99
20,1045,HUHTAMAKI,EQ,192125,82912,43.16
20,1046,HYBRIDFIN,EQ,28983,21350,73.66
20,1047,IBHF24A,ZS,1,1,100.00
20,1048,IBLFL,SM,50000,38000,76.00
20,1049,IBREALEST,EQ,14784058,5349896,36.19
20,1050,IBULHSGFIN,EQ,4551039,1796229,39.47
20,1051,IBULPP,E1,1518663,1008121,66.38
20,1052,ICEMAKE,EQ,76914,46971,61.07
20,1053,ICICIB22,EQ,1062230,700196,65.92
20,1054,ICICIBANK,EQ,11377979,6328869,55.62
20,1055,ICICIGI,EQ,5530486,3009549,54.42
20,1056,ICICIPRULI,EQ,2947635,1299590,44.09
20,1057,ICIL,EQ,410799,220072,53.57
20,1058,ICRA,EQ,3744,2183,58.31
20,1059,IDBI,EQ,6201502,2512379,40.51
20,1060,IDEA,EQ,1100749585,314246341,28.55
20,1061,IDEAFORGE,EQ,4796824,1305251,27.21
20,1062,IDFC,EQ,3853870,2178856,56.54
20,1063,IDFCFIRSTB,EQ,35980148,15979975,44.41
20,1064,IDFNIFTYET,EQ,302,243,80.46
20,1065,IEL,EQ,281491,210563,74.80
20,1066,IEML,SM,231000,148000,64.07
20,1067,IEX,EQ,20595360,5761972,27.98
20,1068,IFBAGRO,EQ,13219,8281,62.64
20,1069,IFBIND,EQ,171191,77186,45.09
20,1070,IFCI,EQ,32637847,8464022,25.93
20,1071,IFCIZC24,NI,66,66,100.00
20,1072,IFGLEXPOR,EQ,12083,8298,68.67
20,1073,IGARASHI,EQ,97448,69677,71.50
20,1074,IGL,EQ,1609258,613914,38.15
20,1075,IGPL,EQ,150567,80608,53.54
20,1076,IHF310524,ZF,20,20,100.00
20,1077,IIFL,EQ,1928172,451662,23.42
20,1078,IIFLSEC,EQ,1119199,665231,59.44
20,1079,IIFLZC24,NK,15,15,100.00
20,1080,IIFLZC25,ND,6,6,100.00
20,1081,IIFLZC25A,NP,10,10,100.00
20,1082,IIFLZC26A,NR,166,108,65.06
20,1083,IIFLZC26B,NY,25,25,100.00
20,1084,IIFLZC28,NG,52,52,100.00
20,1085,IIFLZC28C,N6,1,1,100.00
20,1086,IITL,EQ,108100,104343,96.52
20,1087,IKIO,EQ,197580,109552,55.45
20,1088,IMAGICAA,EQ,1603427,456593,28.48
20,1089,IMC1,N0,50,34,68.00
20,1090,IMC1,N1,124,124,100.00
20,1091,IMC1,N2,38,19,50.00
20,1092,IMC1,N3,83,83,100.00
20,1093,IMFA,EQ,131913,69776,52.90
20,1094,IMPAL,EQ,10309,8035,77.94
20,1095,INCREDIBLE,EQ,27713,13070,47.16
20,1096,INDBANK,EQ,162929,64027,39.30
20,1097,INDGN,EQ,943490,552763,58.59
20,1098,INDHOTEL,EQ,9597845,3556474,37.05
20,1099,INDIACEM,EQ,4100515,1593606,38.86
20,1100,INDIAGLYCO,EQ,107523,55751,51.85
20,1101,INDIAMART,EQ,71024,26542,37.37
20,1102,INDIANB,EQ,832775,492034,59.08
20,1103,INDIANCARD,EQ,5714,4513,78.98
20,1104,INDIANHUME,EQ,1426663,390554,27.38
20,1105,INDIASHLTR,EQ,367460,227536,61.92
20,1106,INDIFRA,SM,6000,6000,100.00
20,1107,INDIGO,EQ,1243397,827221,66.53
20,1108,INDIGOPNTS,EQ,44794,28621,63.89
20,1109,INDIGRID,IV,464810,443282,95.37
20,1110,INDNIPPON,EQ,207989,97127,46.70
20,1111,INDOAMIN,EQ,230826,102256,44.30
20,1112,INDOBORAX,EQ,48471,27566,56.87
20,1113,INDOCO,EQ,83963,51074,60.83
20,1114,INDORAMA,EQ,306724,129601,42.25
20,1115,INDOSTAR,EQ,274501,138235,50.36
20,1116,INDOTHAI,EQ,10092,6438,63.79
20,1117,INDOWIND,EQ,611805,364080,59.51
20,1118,INDRAMEDCO,EQ,282331,209415,74.17
20,1119,INDSWFTLAB,EQ,196442,81493,41.48
20,1120,INDTERRAIN,EQ,99329,38338,38.60
20,1121,INDUSINDBK,EQ,2706742,1319418,48.75
20,1122,INDUSTOWER,EQ,12332822,4732353,38.37
20,1123,INFIBEAM,EQ,21151770,7159286,33.85
20,1124,INFINIUM,SM,18000,11000,61.11
20,1125,INFOBEAN,EQ,138901,65996,47.51
20,1126,INFOLLION,SM,9600,8000,83.33
20,1127,INFOMEDIA,EQ,44726,44676,99.89
20,1128,INFRABEES,EQ,18033,10981,60.89
20,1129,INFRAIETF,EQ,176859,138192,78.14
20,1130,INFY,EQ,4237727,2508255,59.19
20,1131,INGERRAND,EQ,7960,3839,48.23
20,1132,INM,SM,19800,16200,81.82
20,1133,INNOVACAP,EQ,23580,12632,53.57
20,1134,INNOVANA,SM,1200,1200,100.00
20,1135,INNOVATIVE,SM,141000,99000,70.21
20,1136,INOXGREEN,EQ,4073642,2306751,56.63
20,1137,INOXINDIA,EQ,156914,75273,47.97
20,1138,INOXWIND,EQ,5905026,3098091,52.47
20,1139,INSECTICID,EQ,47014,28113,59.80
20,1140,INSPIRE,SM,22000,20000,90.91
20,1141,INTELLECT,EQ,673858,350224,51.97
20,1142,INTENTECH,EQ,225536,121652,53.94
20,1143,INTLCONV,EQ,743848,410112,55.13
20,1144,INVENTURE,EQ,2687933,1651788,61.45
20,1145,IOB,EQ,9550000,2797429,29.29
20,1146,IOC,EQ,22000973,9313559,42.33
20,1147,IOLCP,EQ,1374799,483630,35.18
20,1148,IONEXCHANG,EQ,710719,266062,37.44
20,1149,IPCALAB,EQ,285975,144098,50.39
20,1150,IPL,EQ,803952,403088,50.14
20,1151,IPSL,SM,10000,7000,70.00
20,1152,IRB,EQ,72458465,28018197,38.67
20,1153,IRBINVIT,IV,270341,230648,85.32
20,1154,IRCON,EQ,7934260,2758694,34.77
20,1155,IRCTC,EQ,1511522,640596,42.38
20,1156,IREDA,EQ,15913225,5743404,36.09
20,1157,IRFC,EQ,28398761,8843346,31.14
20,1158,IRISDOREME,EQ,102437,49022,47.86
20,1159,IRMENERGY,EQ,153705,90960,59.18
20,1160,ISEC,EQ,195718,126407,64.59
20,1161,ISFT,EQ,21673,13418,61.91
20,1162,ISGEC,EQ,108994,46519,42.68
20,1163,ISHAN,SM,480000,384000,80.00
20,1164,ISMTLTD,EQ,344373,170076,49.39
20,1165,IT,EQ,50234,43253,86.10
20,1166,ITALIANE,SM,44000,36000,81.82
20,1167,ITBEES,EQ,5402488,3967843,73.44
20,1168,ITC,EQ,9217804,5264710,57.11
20,1169,ITDC,EQ,693120,160980,23.23
20,1170,ITDCEM,EQ,949904,476446,50.16
20,1171,ITETF,EQ,83314,60226,72.29
20,1172,ITETFADD,EQ,21701,16838,77.59
20,1173,ITI,EQ,1334756,348902,26.14
20,1174,ITIETF,EQ,711123,441637,62.10
20,1175,IVC,EQ,871622,543609,62.37
20,1176,IVP,EQ,769124,208778,27.14
20,1177,IVZINGOLD,EQ,61,30,49.18
20,1178,IVZINNIFTY,EQ,77,51,66.23
20,1179,IZMO,EQ,55436,32056,57.83
20,1180,JAGRAN,EQ,1192778,635205,53.25
20,1181,JAGSNPHARM,EQ,41771,34423,82.41
20,1182,JAICORPLTD,EQ,1422474,432607,30.41
20,1183,JAINAM,SM,30000,23000,76.67
20,1184,JAMNAAUTO,EQ,1311566,629788,48.02
20,1185,JASH,EQ,24596,16314,66.33
20,1186,JAYAGROGN,EQ,609123,280733,46.09
20,1187,JAYBARMARU,EQ,154915,71656,46.26
20,1188,JAYNECOIND,EQ,294682,157522,53.45
20,1189,JAYSREETEA,EQ,466601,200341,42.94
20,1190,JBCHEPHARM,EQ,85383,56196,65.82
20,1191,JBMA,EQ,229655,85626,37.28
20,1192,JCHAC,EQ,84986,57489,67.65
20,1193,JETFREIGHT,EQ,136533,80182,58.73
20,1194,JFLLIFE,SM,4000,2000,50.00
20,1195,JGCHEM,EQ,86224,50580,58.66
20,1196,JINDALPHOT,EQ,12637,6914,54.71
20,1197,JINDALPOLY,EQ,87392,34821,39.84
20,1198,JINDALSAW,EQ,1252049,732172,58.48
20,1199,JINDALSTEL,EQ,2722106,1710987,62.86
20,1200,JINDRILL,EQ,65868,34627,52.57
20,1201,JINDWORLD,EQ,114913,63455,55.22
20,1202,JIOFIN,EQ,19858187,12080123,60.83
20,1203,JISLDVREQS,EQ,214864,147795,68.79
20,1204,JISLJALEQS,EQ,4877932,2554530,52.37
20,1205,JITFINFRA,EQ,99075,64765,65.37
20,1206,JIWANRAM,SM,18000,12000,66.67
20,1207,J&KBANK,EQ,1943533,965794,49.69
20,1208,JKCEMENT,EQ,199121,95632,48.03
20,1209,JKIL,EQ,256563,107479,41.89
20,1210,JKLAKSHMI,EQ,261073,162072,62.08
20,1211,JKPAPER,EQ,14737505,1999742,13.57
20,1212,JKTYRE,EQ,914962,580633,63.46
20,1213,JLHL,EQ,17053,8446,49.53
20,1214,JMA,EQ,111198,70776,63.65
20,1215,JMFINANCIL,EQ,5634441,2420136,42.95
20,1216,JNKINDIA,EQ,238272,94846,39.81
20,1217,JOCIL,EQ,38110,23872,62.64
20,1218,JPOLYINVST,EQ,3616,1822,50.39
20,1219,JPPOWER,EQ,51047773,29356752,57.51
20,1220,JSFB,EQ,196213,95269,48.55
20,1221,JSL,EQ,1189571,620817,52.19
20,1222,JSLL,ST,33660,31860,94.65
20,1223,JSWENERGY,EQ,4521695,1714657,37.92
20,1224,JSWHL,EQ,6539,2215,33.87
20,1225,JSWINFRA,EQ,11606983,6069056,52.29
20,1226,JSWSTEEL,EQ,2625892,1252903,47.71
20,1227,JTEKTINDIA,EQ,3274678,1172896,35.82
20,1228,JTLIND,EQ,485680,238061,49.02
20,1229,JUBLFOOD,EQ,1170512,322835,27.58
20,1230,JUBLINDS,EQ,4554,4554,100.00
20,1231,JUBLINGREA,EQ,135666,80544,59.37
20,1232,JUBLPHARMA,EQ,166172,97282,58.54
20,1233,JUNIORBEES,EQ,265979,123683,46.50
20,1234,JUNIPER,EQ,299149,128910,43.09
20,1235,JUSTDIAL,EQ,236501,92207,38.99
20,1236,JWL,EQ,2736332,1137677,41.58
20,1237,JYOTHYLAB,EQ,601451,257796,42.86
20,1238,JYOTICNC,EQ,305888,129485,42.33
20,1239,JYOTISTRUC,EQ,3200487,2379459,74.35
20,1240,K2INFRA,SM,115200,94800,82.29
20,1241,KABRAEXTRU,EQ,105995,41628,39.27
20,1242,KAJARIACER,EQ,234629,187053,79.72
20,1243,KAKATCEM,EQ,18631,11000,59.04
20,1244,KALAMANDIR,EQ,150507,77710,51.63
20,1245,KALYANIFRG,EQ,7156,4916,68.70
20,1246,KALYANKJIL,EQ,1260917,785079,62.26
20,1247,KAMATHOTEL,EQ,117441,74979,63.84
20,1248,KAMDHENU,EQ,141271,66411,47.01
20,1249,KAMOPAINTS,EQ,22442791,5984617,26.67
20,1250,KANANIIND,EQ,15922962,10841742,68.09
20,1251,KANDARP,SM,40000,24000,60.00
20,1252,KANORICHEM,EQ,87337,48559,55.60
20,1253,KANPRPLA,EQ,27764,12530,45.13
20,1254,KANSAINER,EQ,272671,189297,69.42
20,1255,KAPSTON,EQ,8006,3469,43.33
20,1256,KARMAENG,EQ,29221,12691,43.43
20,1257,KARNIKA,SM,10400,6800,65.38
20,1258,KARURVYSYA,EQ,1171542,505190,43.12
20,1259,KAUSHALYA,EQ,1011,561,55.49
20,1260,KAYA,EQ,3456865,485912,14.06
20,1261,KAYNES,EQ,319605,145871,45.64
20,1262,KBCGLOBAL,EQ,22100819,13647113,61.75
20,1263,KCEIL,SM,39500,32500,82.28
20,1264,KCK,ST,12000,12000,100.00
20,1265,KCP,EQ,1045116,541183,51.78
20,1266,KCPSUGIND,EQ,3623355,1084976,29.94
20,1267,KDDL,EQ,14924,8054,53.97
20,1268,KDL,SM,17400,14100,81.03
20,1269,KEC,EQ,4091712,777014,18.99
20,1270,KECL,EQ,2053899,883137,43.00
20,1271,KEI,EQ,531231,170628,32.12
20,1272,KEL,SM,12000,9600,80.00
20,1273,KELLTONTEC,EQ,816413,306628,37.56
20,1274,KERNEX,EQ,57136,35882,62.80
20,1275,KESORAMIND,EQ,818851,309572,37.81
20,1276,KFINTECH,EQ,346262,195165,56.36
20,1277,KHADIM,EQ,35048,27176,77.54
20,1278,KHAICHEM,EQ,197718,98427,49.78
20,1279,KHAITANLTD,EQ,17504,11693,66.80
20,1280,KHANDSE,EQ,34069,16772,49.23
20,1281,KHFM,SM,18600,9300,50.00
20,1282,KICL,EQ,10168,5418,53.28
20,1283,KILITCH,EQ,22649,12715,56.14
20,1284,KIMS,EQ,158554,131593,83.00
20,1285,KINGFA,EQ,64497,24497,37.98
20,1286,KIOCL,EQ,485067,170512,35.15
20,1287,KIRIINDUS,EQ,603575,224366,37.17
20,1288,KIRLOSBROS,EQ,269308,107965,40.09
20,1289,KIRLOSENG,EQ,353707,215787,61.01
20,1290,KIRLOSIND,EQ,10332,5313,51.42
20,1291,KIRLPNU,EQ,225370,120343,53.40
20,1292,KITEX,EQ,125852,70305,55.86
20,1293,KKCL,EQ,67823,35070,51.71
20,1294,KLL,SM,12800,12800,100.00
20,1295,KMSUGAR,EQ,12855753,3044443,23.68
20,1296,KNAGRI,SM,12800,10400,81.25
20,1297,KNRCON,EQ,1921338,931950,48.51
20,1298,KODYTECH,SM,48800,30500,62.50
20,1299,KOHINOOR,EQ,1058600,524764,49.57
20,1300,KOKUYOCMLN,EQ,124781,62070,49.74
20,1301,KOLTEPATIL,EQ,627536,409257,65.22
20,1302,KONSTELEC,SM,45000,36000,80.00
20,1303,KONTOR,SM,31200,20400,65.38
20,1304,KOPRAN,EQ,611339,282596,46.23
20,1305,KORE,SM,57000,43500,76.32
20,1306,KOTAKBANK,EQ,3153666,1813124,57.49
20,1307,KOTARISUG,EQ,535960,271462,50.65
20,1308,KOTHARIPET,EQ,81312,46529,57.22
20,1309,KOTHARIPRO,EQ,16255,7964,48.99
20,1310,KOTYARK,SM,29200,21400,73.29
20,1311,KPIGREEN,EQ,161296,93394,57.90
20,1312,KPIL,EQ,299822,202273,67.46
20,1313,KPITTECH,EQ,619161,328942,53.13
20,1314,KPRMILL,EQ,196865,132766,67.44
20,1315,KRBL,EQ,8454557,3674057,43.46
20,1316,KREBSBIO,EQ,23708,15091,63.65
20,1317,KRISHANA,EQ,95027,70460,74.15
20,1318,KRISHCA,SM,104500,84500,80.86
20,1319,KRISHNADEF,SM,133000,74000,55.64
20,1320,KRITI,EQ,1063269,440696,41.45
20,1321,KRITIKA,EQ,712099,622958,87.48
20,1322,KRITINUT,EQ,90916,57296,63.02
20,1323,KRSNAA,EQ,121977,78154,64.07
20,1324,KRYSTAL,EQ,48441,28644,59.13
20,1325,KSB,EQ,28039,13250,47.26
20,1326,KSCL,EQ,277280,118394,42.70
20,1327,KSHITIJPOL,EQ,7311502,5001920,68.41
20,1328,KSL,EQ,28904,18956,65.58
20,1329,KSOLVES,EQ,25476,15181,59.59
20,1330,KTKBANK,EQ,1025061,687168,67.04
20,1331,KTL,SM,57000,51000,89.47
20,1332,KUANTUM,EQ,257262,120433,46.81
20,1333,LAL,EQ,55353,40109,72.46
20,1334,LALPATHLAB,EQ,236472,136247,57.62
20,1335,LAMBODHARA,EQ,31130,26074,83.76
20,1336,LANCORHOL,EQ,228271,143039,62.66
20,1337,LANDMARK,EQ,183830,93565,50.90
20,1338,LAOPALA,EQ,1017110,415044,40.81
20,1339,LASA,EQ,49047,38278,78.04
20,1340,LAURUSLABS,EQ,1179968,731693,62.01
20,1341,LAWSIKHO,SM,44500,34500,77.53
20,1342,LAXMICOT,EQ,48525,27758,57.20
20,1343,LAXMIMACH,EQ,3679,1766,48.00
20,1344,LEMERITE,SM,176000,144000,81.82
20,1345,LEMONTREE,EQ,6973395,3105691,44.54
20,1346,LEXUS,EQ,21420,15262,71.25
20,1347,LFIC,EQ,5743,1996,34.76
20,1348,LGBBROSLTD,EQ,22930,13736,59.90
20,1349,LGBFORGE,EQ,181953,118435,65.09
20,1350,LIBAS,EQ,106436,65028,61.10
20,1351,LIBERTSHOE,EQ,36838,21301,57.82
20,1352,LICHSGFIN,EQ,2561548,1242946,48.52
20,1353,LICI,EQ,12499063,5031111,40.25
20,1354,LICMFGOLD,EQ,90,71,78.89
20,1355,LICNETFGSC,EQ,44861,29807,66.44
20,1356,LICNETFN50,EQ,2806,2715,96.76
20,1357,LICNETFSEN,EQ,14,8,57.14
20,1358,LICNFNHGP,EQ,12497,8913,71.32
20,1359,LICNMID100,EQ,9116,6954,76.28
20,1360,LIKHITHA,EQ,347166,139272,40.12
20,1361,LINC,EQ,14180,9490,66.93
20,1362,LINCOLN,EQ,75835,34150,45.03
20,1363,LINDEINDIA,EQ,121241,47113,38.86
20,1364,LIQUID,EQ,105553,59480,56.35
20,1365,LIQUID1,EQ,3171,2504,78.97
20,1366,LIQUIDADD,EQ,450748,253127,56.16
20,1367,LIQUIDBEES,EQ,5852060,5155904,88.10
20,1368,LIQUIDBETF,EQ,5030,2510,49.90
20,1369,LIQUIDCASE,EQ,6226450,5813386,93.37
20,1370,LIQUIDETF,EQ,270719,166116,61.36
20,1371,LIQUIDIETF,EQ,1392230,928682,66.70
20,1372,LIQUIDSBI,EQ,913,715,78.31
20,1373,LLOYDS,SM,23000,18000,78.26
20,1374,LLOYDSENGG,EQ,12999407,4409599,33.92
20,1375,LLOYDSME,EQ,169837,91278,53.74
20,1376,LODHA,EQ,1136761,752251,66.17
20,1377,LOTUSEYE,EQ,45461,31249,68.74
20,1378,LOVABLE,EQ,41864,28434,67.92
20,1379,LOWVOL,EQ,179,161,89.94
20,1380,LOWVOL1,EQ,67512,65255,96.66
20,1381,LOWVOLIETF,EQ,3308965,2673086,80.78
20,1382,LOYALTEX,EQ,1386,800,57.72
20,1383,LPDC,EQ,204086,113534,55.63
20,1384,LRRPL,SM,9000,9000,100.00
20,1385,LT,EQ,1746508,884829,50.66
20,1386,LTF,EQ,37292621,16429406,44.06
20,1387,LTFOODS,EQ,2372594,1180407,49.75
20,1388,LTGILTBEES,EQ,1608713,1207244,75.04
20,1389,LTIM,EQ,278048,140410,50.50
20,1390,LTTS,EQ,188153,111575,59.30
20,1391,LUMAXIND,EQ,5429,2440,44.94
20,1392,LUMAXTECH,EQ,328863,182129,55.38
20,1393,LUPIN,EQ,923928,458575,49.63
20,1394,LUXIND,EQ,52344,28801,55.02
20,1395,LXCHEM,EQ,598753,304162,50.80
20,1396,LYKALABS,EQ,106258,76727,72.21
20,1397,LYPSAGEMS,EQ,41656,36748,88.22
20,1398,MAANALU,EQ,232442,146670,63.10
20,1399,MADHAVBAUG,SM,2800,2800,100.00
20,1400,MADHUSUDAN,SM,32000,19000,59.38
20,1401,MADRASFERT,EQ,884452,280133,31.67
20,1402,MAFANG,EQ,304742,182541,59.90
20,1403,MAGADSUGAR,EQ,44927,19935,44.37
20,1404,MAGNUM,EQ,172885,111174,64.31
20,1405,MAGSON,SM,2000,2000,100.00
20,1406,MAHABANK,EQ,12515577,4539341,36.27
20,1407,MAHAPEXLTD,EQ,47791,21096,44.14
20,1408,MAHASTEEL,EQ,56532,39360,69.62
20,1409,MAHEPC,EQ,425849,173904,40.84
20,1410,MAHESHWARI,EQ,31401,19312,61.50
20,1411,MAHICKRA,SM,1500,1500,100.00
20,1412,MAHKTECH,EQ,3703140,2361150,63.76
20,1413,MAHLIFE,EQ,462114,298531,64.60
20,1414,MAHLOG,EQ,198073,95113,48.02
20,1415,MAHSCOOTER,EQ,9800,4902,50.02
20,1416,MAHSEAMLES,EQ,291090,176473,60.62
20,1417,MAITHANALL,EQ,224083,87920,39.24
20,1418,MAITREYA,SM,2400,2400,100.00
20,1419,MAKEINDIA,EQ,105721,73438,69.46
20,1420,MAKS,SM,4500,4500,100.00
20,1421,MAL,SM,11200,6400,57.14
20,1422,MALLCOM,EQ,9946,5702,57.33
20,1423,MANAKALUCO,EQ,147338,88293,59.93
20,1424,MANAKSIA,EQ,116510,74673,64.09
20,1425,MANALIPETC,EQ,1591163,686933,43.17
20,1426,MANAPPURAM,EQ,5815330,1556040,26.76
20,1427,MANDEEP,SM,192000,154000,80.21
20,1428,MANGALAM,EQ,181614,98044,53.98
20,1429,MANGCHEFER,EQ,285957,161555,56.50
20,1430,MANGLMCEM,EQ,84402,45398,53.79
20,1431,MANINDS,EQ,939993,542200,57.68
20,1432,MANINFRA,EQ,464561,220145,47.39
20,1433,MANKIND,EQ,373904,221391,59.21
20,1434,MANOMAY,EQ,4685,3307,70.59
20,1435,MANUGRAPH,EQ,155559,89605,57.60
20,1436,MANYAVAR,EQ,181097,116416,64.28
20,1437,MAPMYINDIA,EQ,63108,33988,53.86
20,1438,MARALOVER,EQ,46931,29682,63.25
20,1439,MARATHON,EQ,471198,189436,40.20
20,1440,MARCO,SM,18000,12000,66.67
20,1441,MARICO,EQ,2504833,1329489,53.08
20,1442,MARINE,EQ,1683692,828095,49.18
20,1443,MARINETRAN,SM,20000,20000,100.00
20,1444,MARKSANS,EQ,1223011,557561,45.59
20,1445,MARUTI,EQ,216967,117837,54.31
20,1446,MASFIN,EQ,264307,126830,47.99
20,1447,MASKINVEST,EQ,273,241,88.28
20,1448,MASPTOP50,EQ,270498,171599,63.44
20,1449,MASTEK,EQ,50096,24811,49.53
20,1450,MASTER,SM,9000,6000,66.67
20,1451,MATRIMONY,EQ,92631,43630,47.10
20,1452,MAWANASUG,EQ,1075609,434542,40.40
20,1453,MAXESTATES,EQ,251332,127865,50.87
20,1454,MAXHEALTH,EQ,3458123,1670638,48.31
20,1455,MAXIND,EQ,89447,55121,61.62
20,1456,MAXPOSURE,SM,100000,60000,60.00
20,1457,MAYURUNIQ,EQ,818460,353811,43.23
20,1458,MAZDA,EQ,12601,4892,38.82
20,1459,MAZDOCK,EQ,13989472,1519652,10.86
20,1460,MBAPL,EQ,11194,5957,53.22
20,1461,MBLINFRA,EQ,403545,245015,60.72
20,1462,MCL,EQ,23827,16991,71.31
20,1463,MCLEODRUSS,EQ,2202220,1209244,54.91
20,1464,MCON,SM,10000,7000,70.00
20,1465,MCX,EQ,477709,152831,31.99
20,1466,MEDANTA,EQ,1187900,480744,40.47
20,1467,MEDIASSIST,EQ,248218,107149,43.17
20,1468,MEDICAMEQ,EQ,12010,7202,59.97
20,1469,MEDPLUS,EQ,117026,76595,65.45
20,1470,MEGASOFT,EQ,230518,162276,70.40
20,1471,MEGASTAR,EQ,8075,5807,71.91
20,1472,MEGATHERM,SM,281200,160400,57.04
20,1473,MENONBE,EQ,111283,66613,59.86
20,1474,METROBRAND,EQ,624550,525605,84.16
20,1475,METROPOLIS,EQ,181644,82334,45.33
20,1476,MFSL,EQ,1017821,644896,63.36
20,1477,MGEL,EQ,124816,70171,56.22
20,1478,MGL,EQ,439566,191907,43.66
20,1479,MHHL,SM,9000,7500,83.33
20,1480,MHLXMIRU,EQ,16005,10269,64.16
20,1481,MHRIL,EQ,301989,202198,66.96
20,1482,MICEL,EQ,692728,452731,65.35
20,1483,MID150BEES,EQ,396802,233231,58.78
20,1484,MIDCAP,EQ,42618,29337,68.84
20,1485,MIDCAPETF,EQ,1384239,910524,65.78
20,1486,MIDCAPIETF,EQ,448752,351775,78.39
20,1487,MIDHANI,EQ,4094618,1364417,33.32
20,1488,MIDQ50ADD,EQ,4550,3192,70.15
20,1489,MIDSELIETF,EQ,226574,190225,83.96
20,1490,MIDSMALL,EQ,658214,649858,98.73
20,1491,MINDACORP,EQ,626537,283563,45.26
20,1492,MINDSPACE,RR,2614733,2598626,99.38
20,1493,MINDTECK,EQ,92375,49741,53.85
20,1494,MIRCELECTR,EQ,446482,313990,70.33
20,1495,MIRZAINT,EQ,193302,130781,67.66
20,1496,MITCON,EQ,52693,39885,75.69
20,1497,MITTAL,EQ,1439850,1040473,72.26
20,1498,M&M,EQ,3515019,1494586,42.52
20,1499,M&MFIN,EQ,4666536,3215913,68.91
20,1500,MMFL,EQ,88031,46857,53.23
20,1501,MMP,EQ,18220,13684,75.10
20,1502,MMTC,EQ,3575580,1377261,38.52
20,1503,MNC,EQ,87254,72831,83.47
20,1504,MOGSEC,EQ,3544,3327,93.88
20,1505,MOHEALTH,EQ,127719,90846,71.13
20,1506,MOHITIND,EQ,37262,28545,76.61
20,1507,MOIL,EQ,3329654,969019,29.10
20,1508,MOL,EQ,2229676,1012686,45.42
20,1509,MOLDTECH,EQ,132896,70305,52.90
20,1510,MOLDTKPAC,EQ,30540,18251,59.76
20,1511,MOLOWVOL,EQ,114912,113090,98.41
20,1512,MOM100,EQ,352506,208962,59.28
20,1513,MOM30IETF,EQ,1139192,752990,66.10
20,1514,MOM50,EQ,6645,5509,82.90
20,1515,MOMENTUM,EQ,207720,188524,90.76
20,1516,MOMOMENTUM,EQ,163896,109680,66.92
20,1517,MON100,EQ,300983,189832,63.07
20,1518,MONARCH,EQ,81412,65412,80.35
20,1519,MONIFTY500,EQ,736021,606652,82.42
20,1520,MONQ50,EQ,24346,16014,65.78
20,1521,MONTECARLO,EQ,58592,32082,54.75
20,1522,MOQUALITY,EQ,2404,2316,96.34
20,1523,MOREALTY,EQ,172047,145046,84.31
20,1524,MOREPENLAB,EQ,35376754,10240000,28.95
20,1525,MOS,SM,48800,36000,73.77
20,1526,MOSMALL250,EQ,391552,306873,78.37
20,1527,MOTHERSON,EQ,26692447,10152925,38.04
20,1528,MOTILALOFS,EQ,262413,132923,50.65
20,1529,MOTISONS,EQ,726604,583397,80.29
20,1530,MOTOGENFIN,EQ,89272,59598,66.76
20,1531,MOVALUE,EQ,287851,202052,70.19
20,1532,MPHASIS,EQ,1251250,663344,53.01
20,1533,MPSLTD,EQ,27120,16906,62.34
20,1534,MRF,EQ,5958,1701,28.55
20,1535,MRPL,EQ,3180985,1081054,33.98
20,1536,MSPL,EQ,1021372,670938,65.69
20,1537,MSTCLTD,EQ,333490,136715,41.00
20,1538,MSUMI,EQ,33930446,14184487,41.80
20,1539,MTARTECH,EQ,1007647,434054,43.08
20,1540,MTNL,EQ,4304615,1508280,35.04
20,1541,MUFIN,EQ,142594,77489,54.34
20,1542,MUFTI,EQ,426399,213394,50.05
20,1543,MUKANDLTD,EQ,173291,75812,43.75
20,1544,MUKKA,EQ,1161271,483145,41.60
20,1545,MUKTAARTS,EQ,70266,18354,26.12
20,1546,MUNJALAU,EQ,155635,82033,52.71
20,1547,MUNJALSHOW,EQ,160816,78852,49.03
20,1548,MURUDCERA,EQ,105028,69868,66.52
20,1549,MUTHOOTCAP,EQ,71016,60558,85.27
20,1550,MUTHOOTFIN,EQ,517872,288862,55.78
20,1551,MUTHOOTMF,EQ,242257,134156,55.38
20,1552,MVGJL,EQ,34290,19155,55.86
20,1553,MVKAGRO,SM,44400,32400,72.97
20,1554,MWL,SM,123600,84000,67.96
20,1555,NACLIND,EQ,385112,236457,61.40
20,1556,NAGAFERT,EQ,4148159,2583777,62.29
20,1557,NAGREEKCAP,EQ,11964,11931,99.72
20,1558,NAGREEKEXP,EQ,33474,24799,74.08
20,1559,NAHARCAP,EQ,21267,7496,35.25
20,1560,NAHARINDUS,EQ,59980,35681,59.49
20,1561,NAHARPOLY,EQ,136810,100807,73.68
20,1562,NAHARSPING,EQ,50062,35688,71.29
20,1563,NAMAN,SM,12800,12800,100.00
20,1564,NAM-INDIA,EQ,637255,375813,58.97
20,1565,NATCOPHARM,EQ,1725937,658822,38.17
20,1566,NATHBIOGEN,EQ,51551,28280,54.86
20,1567,NATIONALUM,EQ,31594777,8383454,26.53
20,1568,NAUKRI,EQ,256060,142568,55.68
20,1569,NAVA,EQ,228901,137226,59.95
20,1570,NAVINFLUOR,EQ,138042,54209,39.27
20,1571,NAVINIFTY,EQ,596,476,79.87
20,1572,NAVKARCORP,EQ,419602,231624,55.20
20,1573,NAVNETEDUL,EQ,618438,288517,46.65
20,1574,NAZARA,EQ,459642,148502,32.31
20,1575,NBCC,EQ,55164601,18623268,33.76
20,1576,NBIFIN,EQ,277,223,80.51
20,1577,NCC,EQ,5496103,1914642,34.84
20,1578,NCLIND,EQ,645288,320697,49.70
20,1579,NDGL,EQ,189,106,56.08
20,1580,NDL,EQ,2992768,1494013,49.92
20,1581,NDLVENTURE,EQ,37370,24277,64.96
20,1582,NDRAUTO,EQ,16533,14505,87.73
20,1583,NDTV,EQ,230928,106985,46.33
20,1584,NECCLTD,EQ,573415,369506,64.44
20,1585,NECLIFE,EQ,216750,113192,52.22
20,1586,NELCAST,EQ,74630,41508,55.62
20,1587,NELCO,EQ,199294,72930,36.59
20,1588,NEOGEN,EQ,37194,19291,51.87
20,1589,NESCO,EQ,162950,75012,46.03
20,1590,NESTLEIND,EQ,429472,194073,45.19
20,1591,NETF,EQ,3263,2055,62.98
20,1592,NETWEB,EQ,236061,100073,42.39
20,1593,NETWORK18,EQ,2031310,1011018,49.77
20,1594,NEULANDLAB,EQ,23660,16607,70.19
20,1595,NEWGEN,EQ,122181,76654,62.74
20,1596,NEWJAISA,SM,84000,76500,91.07
20,1597,NEXT50,EQ,18606,12740,68.47
20,1598,NEXT50IETF,EQ,397325,321174,80.83
20,1599,NEXTMEDIA,EQ,13812,11378,82.38
20,1600,NFL,EQ,12967399,4190051,32.31
20,1601,NGIL,EQ,462964,155365,33.56
20,1602,NGLFINE,EQ,4568,2738,59.94
20,1603,NH,EQ,309375,181304,58.60
20,1604,NHIT,IV,1600000,1600000,100.00
20,1605,NHPC,EQ,47910765,13770412,28.74
20,1606,NIACL,EQ,3642952,938500,25.76
20,1607,NIBL,EQ,22939,9964,43.44
20,1608,NIDAN,SM,15000,11000,73.33
20,1609,NIDOZC26,N7,5,5,100.00
20,1610,NIF100BEES,EQ,27457,17729,64.57
20,1611,NIF100IETF,EQ,93356,65743,70.42
20,1612,NIF10GETF,EQ,2221,1288,57.99
20,1613,NIF5GETF,EQ,283,281,99.29
20,1614,NIFITETF,EQ,889,659,74.13
20,1615,NIFMID150,EQ,2940,1431,48.67
20,1616,NIFTY1,EQ,102774,91814,89.34
20,1617,NIFTY50ADD,EQ,11515,10627,92.29
20,1618,NIFTYBEES,EQ,3245931,2372518,73.09
20,1619,NIFTYBETF,EQ,1217,838,68.86
20,1620,NIFTYETF,EQ,566821,530935,93.67
20,1621,NIFTYIETF,EQ,200306,116843,58.33
20,1622,NIFTYQLITY,EQ,54914,43415,79.06
20,1623,NIITLTD,EQ,337311,159010,47.14
20,1624,NIITMTS,EQ,76044,45097,59.30
20,1625,NILAINFRA,EQ,754740,450312,59.66
20,1626,NILKAMAL,EQ,7847,5286,67.36
20,1627,NINSYS,EQ,7645,5999,78.47
20,1628,NIPPOBATRY,EQ,17873,10207,57.11
20,1629,NIRAJ,EQ,235484,134687,57.20
20,1630,NIRMAN,SM,25800,18600,72.09
20,1631,NITINSPIN,EQ,61877,47754,77.18
20,1632,NKIND,EQ,19959,2257,11.31
20,1633,NLCINDIA,EQ,1665248,755863,45.39
20,1634,NMDC,EQ,6373405,2957994,46.41
20,1635,NOCIL,EQ,746411,316519,42.41
20,1636,NORBTEAEXP,EQ,19659,18643,94.83
20,1637,NOVAAGRI,EQ,1511393,910992,60.27
20,1638,NPBET,EQ,331,162,48.94
20,1639,NPST,SM,13700,8800,64.23
20,1640,NRAIL,EQ,30571,19592,64.09
20,1641,NRBBEARING,EQ,497846,255112,51.24
20,1642,NRL,EQ,86128,33547,38.95
20,1643,NSIL,EQ,2920,1670,57.19
20,1644,NSLNISP,EQ,8330795,3002403,36.04
20,1645,NTPC,EQ,10298434,5394866,52.39
20,1646,NUCLEUS,EQ,85138,42814,50.29
20,1647,NURECA,EQ,24571,15579,63.40
20,1648,NUVAMA,EQ,26933,14781,54.88
20,1649,NUVOCO,EQ,2215843,823965,37.19
20,1650,NV20,EQ,23069,16107,69.82
20,1651,NV20BEES,EQ,26594,24123,90.71
20,1652,NV20IETF,EQ,671631,524985,78.17
20,1653,NXST,RR,101785,81345,79.92
20,1654,NYKAA,EQ,17862791,6792284,38.02
20,1655,OAL,EQ,114145,54666,47.89
20,1656,OBCL,EQ,34608,22137,63.96
20,1657,OBEROIRLTY,EQ,615383,324031,52.66
20,1658,OCCL,EQ,211632,92128,43.53
20,1659,OFSS,EQ,770138,188322,24.45
20,1660,OIL,EQ,6951310,2284363,32.86
20,1661,OLECTRA,EQ,469793,151150,32.17
20,1662,OLIL,SM,2400,2400,100.00
20,1663,OMAXE,EQ,85378,49588,58.08
20,1664,OMFURN,SM,4800,4800,100.00
20,1665,OMINFRAL,EQ,1690081,899436,53.22
20,1666,ONDOOR,SM,72600,45600,62.81
20,1667,ONEPOINT,EQ,1447835,876177,60.52
20,1668,ONGC,EQ,10642648,5631206,52.91
20,1669,ONGC,T0,50,50,100.00
20,1670,ONMOBILE,EQ,640456,259738,40.56
20,1671,ONWARDTEC,EQ,73631,43948,59.69
20,1672,OPTIEMUS,EQ,204038,107192,52.54
20,1673,ORBTEXP,EQ,20346,13235,65.05
20,1674,ORCHPHARMA,EQ,42395,27753,65.46
20,1675,ORIANA,SM,126900,79350,62.53
20,1676,ORICONENT,EQ,1089671,397228,36.45
20,1677,ORIENTALTL,EQ,148941,83058,55.77
20,1678,ORIENTBELL,EQ,34031,22840,67.12
20,1679,ORIENTCEM,EQ,1468769,759940,51.74
20,1680,ORIENTCER,EQ,143453,72815,50.76
20,1681,ORIENTELEC,EQ,477554,222811,46.66
20,1682,ORIENTHOT,EQ,448081,244112,54.48
20,1683,ORIENTLTD,EQ,30718,21820,71.03
20,1684,ORIENTPPR,EQ,8001344,2132031,26.65
20,1685,ORISSAMINE,EQ,15603,6675,42.78
20,1686,ORTINLAB,EQ,38513,28081,72.91
20,1687,OSWALAGRO,EQ,62093,38051,61.28
20,1688,OSWALGREEN,EQ,302313,167919,55.54
20,1689,OWAIS,SM,19200,17600,91.67
20,1690,PAGEIND,EQ,30606,12123,39.61
20,1691,PAISALO,EQ,7719049,5180928,67.12
20,1692,PAKKA,EQ,227344,90771,39.93
20,1693,PALASHSECU,EQ,7572,2390,31.56
20,1694,PANACEABIO,EQ,85767,45065,52.54
20,1695,PANACHE,EQ,115403,62660,54.30
20,1696,PANAMAPET,EQ,788445,296372,37.59
20,1697,PANSARI,EQ,4722,3617,76.60
20,1698,PAR,EQ,13924,10393,74.64
20,1699,PARADEEP,EQ,2508908,1019998,40.66
20,1700,PARAGMILK,EQ,545934,310291,56.84
20,1701,PARAGON,SM,46800,30000,64.10
20,1702,PARAS,EQ,14668367,2156019,14.70
20,1703,PARIN,SM,2000,2000,100.00
20,1704,PARKHOTELS,EQ,746663,522172,69.93
20,1705,PARSVNATH,EQ,626861,421371,67.22
20,1706,PARTYCRUS,SM,3000,3000,100.00
20,1707,PASHUPATI,SM,800,800,100.00
20,1708,PASUPTAC,EQ,179836,112126,62.35
20,1709,PATANJALI,EQ,289893,156899,54.12
20,1710,PATELENG,EQ,18758639,8360471,44.57
20,1711,PATINTLOG,EQ,1249796,610719,48.87
20,1712,PATTECH,ST,48000,48000,100.00
20,1713,PAVNAIND,EQ,5038,2322,46.09
20,1714,PAYTM,EQ,5490425,2315475,42.17
20,1715,PCBL,EQ,1679306,883797,52.63
20,1716,PCJEWELLER,EQ,2172240,1365675,62.87
20,1717,PDMJEPAPER,EQ,4695606,1260798,26.85
20,1718,PDSL,EQ,116055,65429,56.38
20,1719,PEL,EQ,1247110,489390,39.24
20,1720,PENIND,EQ,737240,362371,49.15
20,1721,PENINLAND,EQ,2915325,1265824,43.42
20,1722,PENTAGON,SM,5000,5000,100.00
20,1723,PERFECT,SM,171000,108000,63.16
20,1724,PERSISTENT,EQ,555850,262527,47.23
20,1725,PETRONET,EQ,3762574,1686555,44.82
20,1726,PFC,EQ,13048015,4807849,36.85
20,1727,PFIZER,EQ,9661,5379,55.68
20,1728,PFOCUS,EQ,293991,174990,59.52
20,1729,PFS,EQ,906767,530257,58.48
20,1730,PGEL,EQ,122933,55441,45.10
20,1731,PGHH,EQ,2816,1363,48.40
20,1732,PGHL,EQ,7927,4909,61.93
20,1733,PGIL,EQ,35980,27947,77.67
20,1734,PGINVIT,IV,857797,790478,92.15
20,1735,PHANTOMFX,SM,74700,48000,64.26
20,1736,PHARMABEES,EQ,3762573,2982340,79.26
20,1737,PHOENIXLTD,EQ,378720,221845,58.58
20,1738,PIDILITIND,EQ,366384,220519,60.19
20,1739,PIIND,EQ,296027,170631,57.64
20,1740,PILANIINVS,EQ,6427,3813,59.33
20,1741,PILITA,EQ,276908,140710,50.81
20,1742,PIONEEREMB,EQ,52095,21251,40.79
20,1743,PITTIENG,EQ,149985,83632,55.76
20,1744,PIXTRANS,EQ,13387,7039,52.58
20,1745,PKTEA,EQ,1251,795,63.55
20,1746,PLASTIBLEN,EQ,24798,13932,56.18
20,1747,PLATIND,EQ,602340,308763,51.26
20,1748,PLAZACABLE,EQ,101164,55514,54.88
20,1749,PNB,EQ,38637971,15038192,38.92
20,1750,PNBGILTS,EQ,669351,269875,40.32
20,1751,PNBHOUSING,EQ,1181295,594946,50.36
20,1752,PNC,EQ,24263,17486,72.07
20,1753,PNCINFRA,EQ,1194881,779194,65.21
20,1754,POCL,EQ,37147,19837,53.40
20,1755,PODDARMENT,EQ,7177,4020,56.01
20,1756,POKARNA,EQ,77603,37405,48.20
20,1757,POLICYBZR,EQ,1475020,823671,55.84
20,1758,POLYCAB,EQ,409053,132295,32.34
20,1759,POLYMED,EQ,172415,77505,44.95
20,1760,POLYPLEX,EQ,85691,50114,58.48
20,1761,POLYSIL,SM,4000,2000,50.00
20,1762,PONNIERODE,EQ,329533,171163,51.94
20,1763,POONAWALLA,EQ,1084141,602188,55.55
20,1764,POWERGRID,EQ,14159988,6750879,47.68
20,1765,POWERINDIA,EQ,102921,67291,65.38
20,1766,POWERMECH,EQ,101102,44120,43.64
20,1767,PPAP,EQ,11130,6292,56.53
20,1768,PPL,EQ,122892,57260,46.59
20,1769,PPLPHARMA,EQ,3997135,1747753,43.73
20,1770,PRAJIND,EQ,3969775,1212778,30.55
20,1771,PRAKASH,EQ,1126366,625663,55.55
20,1772,PRAMARA,SM,16000,14000,87.50
20,1773,PRATHAM,SM,97600,56000,57.38
20,1774,PRECAM,EQ,370343,191770,51.78
20,1775,PRECISION,SM,24000,18000,75.00
20,1776,PRECOT,EQ,8391,6859,81.74
20,1777,PRECWIRE,EQ,1028130,493836,48.03
20,1778,PREMEXPLN,EQ,130965,57784,44.12
20,1779,PREMIERPOL,EQ,139266,71208,51.13
20,1780,PRESSTONIC,SM,36000,24800,68.89
20,1781,PRESTIGE,EQ,1887272,547388,29.00
20,1782,PRICOLLTD,EQ,352609,150235,42.61
20,1783,PRIMESECU,EQ,35299,21191,60.03
20,1784,PRINCEPIPE,EQ,177372,77734,43.83
20,1785,PRITI,EQ,27563,18650,67.66
20,1786,PRITIKA,SM,12000,10000,83.33
20,1787,PRITIKAUTO,EQ,218067,155900,71.49
20,1788,PRIVISCL,EQ,24489,10429,42.59
20,1789,PRLIND,SM,806000,476000,59.06
20,1790,PROLIFE,SM,1500,1500,100.00
20,1791,PROPEQUITY,SM,3600,3600,100.00
20,1792,PROV,SM,320,320,100.00
20,1793,PROZONER,EQ,2962851,1196150,40.37
20,1794,PRSMJOHNSN,EQ,667850,295095,44.19
20,1795,PRUDENT,EQ,17801,9297,52.23
20,1796,PSB,EQ,2287359,848877,37.11
20,1797,PSPPROJECT,EQ,47722,26716,55.98
20,1798,PSUBANK,EQ,25429,14847,58.39
20,1799,PSUBANKADD,EQ,9552,7066,73.97
20,1800,PSUBNKBEES,EQ,1910932,1140848,59.70
20,1801,PSUBNKIETF,EQ,222555,123268,55.39
20,1802,PTC,EQ,1760743,846716,48.09
20,1803,PTCIL,EQ,79446,31715,39.92
20,1804,PTL,EQ,112700,56778,50.38
20,1805,PULZ,SM,18000,15000,83.33
20,1806,PUNJABCHEM,EQ,8272,4697,56.78
20,1807,PURVFLEXI,SM,20800,17600,84.62
20,1808,PVP,EQ,1084289,587541,54.19
20,1809,PVRINOX,EQ,373526,167861,44.94
20,1810,PVSL,EQ,776707,450605,58.01
20,1811,PVTBANIETF,EQ,568566,397647,69.94
20,1812,PVTBANKADD,EQ,83358,61222,73.44
20,1813,PYRAMID,EQ,143661,99038,68.94
20,1814,QGOLDHALF,EQ,124081,62990,50.77
20,1815,QMSMEDI,SM,16000,12000,75.00
20,1816,QNIFTY,EQ,120,52,43.33
20,1817,QUAL30IETF,EQ,310512,304498,98.06
20,1818,QUESS,EQ,74144,38459,51.87
20,1819,QUESTLAB,SM,80400,61200,76.12
20,1820,QUICKHEAL,EQ,297986,135198,45.37
20,1821,QUICKTOUCH,SM,51500,46000,89.32
20,1822,RACE,EQ,29554,21596,73.07
20,1823,RADHIKAJWE,EQ,304047,132115,43.45
20,1824,RADIANTCMS,EQ,196221,126150,64.29
20,1825,RADICO,EQ,96202,50121,52.10
20,1826,RADIOCITY,EQ,356028,201120,56.49
20,1827,RADIOCITY,P1,1378,1378,100.00
20,1828,RADIOWALLA,SM,16000,11200,70.00
20,1829,RAILTEL,EQ,3830106,1046878,27.33
20,1830,RAIN,EQ,1176733,569276,48.38
20,1831,RAINBOW,EQ,245722,186544,75.92
20,1832,RAJESHEXPO,EQ,468846,177955,37.96
20,1833,RAJRATAN,EQ,39054,21267,54.46
20,1834,RAJSREESUG,EQ,692878,393088,56.73
20,1835,RALLIS,EQ,1302586,374446,28.75
20,1836,RAMANEWS,EQ,186163,106746,57.34
20,1837,RAMAPHO,EQ,12934,6778,52.40
20,1838,RAMASTEEL,EQ,4531160,2538568,56.02
20,1839,RAMCOCEM,EQ,1186767,428327,36.09
20,1840,RAMCOIND,EQ,130343,69211,53.10
20,1841,RAMKY,EQ,89995,52286,58.10
20,1842,RAMRAT,EQ,52522,27419,52.20
20,1843,RANASUG,EQ,5661756,2177395,38.46
20,1844,RANEENGINE,EQ,11580,7240,62.52
20,1845,RANEHOLDIN,EQ,10698,5229,48.88
20,1846,RATEGAIN,EQ,195309,114886,58.82
20,1847,RATNAMANI,EQ,20680,10181,49.23
20,1848,RATNAVEER,EQ,291356,180374,61.91
20,1849,RAYMOND,EQ,128944,60270,46.74
20,1850,RBA,EQ,9587153,5441367,56.76
20,1851,RBL,EQ,40336,14876,36.88
20,1852,RBLBANK,EQ,3414351,1259180,36.88
20,1853,RBMINFRA,SM,36600,31200,85.25
20,1854,RBS,SM,164800,147200,89.32
20,1855,RCDL,SM,12000,9000,75.00
20,1856,RCF,EQ,6114844,1651000,27.00
20,1857,RECLTD,EQ,15848193,4823302,30.43
20,1858,REDINGTON,EQ,3355880,1130003,33.67
20,1859,REDTAPE,EQ,165975,82013,49.41
20,1860,REFEX,EQ,451638,224549,49.72
20,1861,REFRACTORY,SM,272000,196000,72.06
20,1862,RELAXO,EQ,47743,27915,58.47
20,1863,RELCHEMQ,EQ,18453,11542,62.55
20,1864,RELIABLE,SM,7200,7200,100.00
20,1865,RELIANCE,EQ,4078999,2250406,55.17
20,1866,RELIGARE,EQ,5406553,4096360,75.77
20,1867,RELINFRA,EQ,14297358,4208901,29.44
20,1868,REMSONSIND,EQ,10850,8841,81.48
20,1869,REMUS,SM,1300,600,46.15
20,1870,RENUKA,EQ,96428953,18260712,18.94
20,1871,REPCOHOME,EQ,208130,103017,49.50
20,1872,REPL,EQ,26830,8312,30.98
20,1873,REPRO,EQ,6258,4108,65.64
20,1874,RESPONIND,EQ,502826,83747,16.66
20,1875,REXPIPES,SM,6000,6000,100.00
20,1876,RGL,EQ,120778,70439,58.32
20,1877,RHIM,EQ,404547,170915,42.25
20,1878,RHL,EQ,13441,4889,36.37
20,1879,RICHA,SM,7000,7000,100.00
20,1880,RICOAUTO,EQ,782274,357968,45.76
20,1881,RIIL,EQ,311135,58810,18.90
20,1882,RILINFRA,SM,165000,125800,76.24
20,1883,RISHABH,EQ,70827,47534,67.11
20,1884,RITCO,EQ,178741,92161,51.56
20,1885,RITES,EQ,5102517,1030965,20.21
20,1886,RKDL,EQ,60444,48850,80.82
20,1887,RKEC,EQ,179660,101141,56.30
20,1888,RKFORGE,EQ,340486,231685,68.05
20,1889,RKSWAMY,EQ,108026,56875,52.65
20,1890,RMDRIP,SM,38000,37000,97.37
20,1891,RML,EQ,41412,22372,54.02
20,1892,ROCKINGDCE,SM,68250,32250,47.25
20,1893,ROHLTD,EQ,139939,86110,61.53
20,1894,ROLEXRINGS,EQ,14831,7058,47.59
20,1895,ROSSARI,EQ,194843,95609,49.07
20,1896,ROSSELLIND,EQ,439915,123827,28.15
20,1897,ROTO,EQ,141184,68464,48.49
20,1898,ROUTE,EQ,28907,16150,55.87
20,1899,ROXHITECH,SM,41600,28800,69.23
20,1900,RPGLIFE,EQ,11829,5226,44.18
20,1901,RPOWER,EQ,76469832,37736188,49.35
20,1902,RPPL,EQ,88215,59528,67.48
20,1903,RPSGVENT,EQ,83555,46652,55.83
20,1904,RPTECH,EQ,167221,85560,51.17
20,1905,RRKABEL,EQ,147830,69829,47.24
20,1906,RSWM,EQ,74696,45658,61.13
20,1907,RSYSTEMS,EQ,366813,144479,39.39
20,1908,RTNINDIA,EQ,2463604,811955,32.96
20,1909,RUBYMILLS,EQ,24116,13827,57.34
20,1910,RUCHINFRA,EQ,258649,212242,82.06
20,1911,RUCHIRA,EQ,960424,291572,30.36
20,1912,RULKA,SM,55800,39000,69.89
20,1913,RUPA,EQ,508782,289884,56.98
20,1914,RUSHIL,EQ,43771,27116,61.95
20,1915,RUSTOMJEE,EQ,50405,37979,75.35
20,1916,RVHL,EQ,29598,14803,50.01
20,1917,RVNL,EQ,12323860,3918327,31.79
20,1918,SAAKSHI,SM,20400,16200,79.41
20,1919,SABAR,SM,220000,190000,86.36
20,1920,SADBHIN,EQ,194104,141493,72.90
20,1921,SADHAV,SM,201600,99600,49.40
20,1922,SADHNANIQ,EQ,210036,113073,53.84
20,1923,SAFARI,EQ,278698,237525,85.23
20,1924,SAGARDEEP,EQ,23934,20920,87.41
20,1925,SAGCEM,EQ,1860462,724686,38.95
20,1926,SAH,EQ,30881,9735,31.52
20,1927,SAHANA,SM,20500,14250,69.51
20,1928,SAHYADRI,EQ,9589,5881,61.33
20,1929,SAIFL,SM,5600,3200,57.14
20,1930,SAIL,EQ,30233323,12535881,41.46
20,1931,SAKAR,EQ,24664,14804,60.02
20,1932,SAKHTISUG,EQ,7405808,2058574,27.80
20,1933,SAKSOFT,EQ,607608,169669,27.92
20,1934,SAKUMA,EQ,43706541,11812594,27.03
20,1935,SALASAR,EQ,8613482,7728973,89.73
20,1936,SALONA,EQ,9620,4853,50.45
20,1937,SALZERELEC,EQ,179643,79683,44.36
20,1938,SAMBHAAV,EQ,113330,84608,74.66
20,1939,SAMHI,EQ,704952,341532,48.45
20,1940,SAMPANN,EQ,208035,139544,67.08
20,1941,SANDESH,EQ,5750,3910,68.00
20,1942,SANDHAR,EQ,72535,39406,54.33
20,1943,SANDUMA,EQ,378221,184400,48.75
20,1944,SANGAMIND,EQ,174861,115922,66.29
20,1945,SANGANI,SM,3000,3000,100.00
20,1946,SANGHIIND,EQ,5277274,2295187,43.49
20,1947,SANGHVIMOV,EQ,380078,211479,55.64
20,1948,SANGINITA,EQ,1324380,802932,60.63
20,1949,SANSERA,EQ,111326,55364,49.73
20,1950,SAPPHIRE,EQ,20576,13514,65.68
20,1951,SARDAEN,EQ,446700,208420,46.66
20,1952,SAREGAMA,EQ,439979,342577,77.86
20,1953,SARLAPOLY,EQ,1122432,356069,31.72
20,1954,SAROJA,SM,3200,3200,100.00
20,1955,SARTELE,SM,52500,34000,64.76
20,1956,SARVESHWAR,EQ,2636621,1667789,63.25
20,1957,SASKEN,EQ,24526,13922,56.76
20,1958,SASTASUNDR,EQ,110327,61126,55.40
20,1959,SATIA,EQ,2637264,1292758,49.02
20,1960,SATIN,EQ,520029,261884,50.36
20,1961,SATINDLTD,EQ,275627,124756,45.26
20,1962,SAURASHCEM,EQ,1450284,668540,46.10
20,1963,SBC,EQ,2830380,1253794,44.30
20,1964,SBCL,EQ,70169,34891,49.72
20,1965,SBFC,EQ,1617509,921586,56.98
20,1966,SBGLP,EQ,546645,156945,28.71
20,1967,SBICARD,EQ,1219385,641992,52.65
20,1968,SBIETFCON,EQ,19909,15608,78.40
20,1969,SBIETFIT,EQ,5908,5124,86.73
20,1970,SBIETFPB,EQ,7015,4542,64.75
20,1971,SBIETFQLTY,EQ,47413,46712,98.52
20,1972,SBILIFE,EQ,856835,485848,56.70
20,1973,SBIN,EQ,12903496,4397179,34.08
20,1974,SCHAEFFLER,EQ,335958,153874,45.80
20,1975,SCHAND,EQ,106180,72336,68.13
20,1976,SCHNEIDER,EQ,310356,166930,53.79
20,1977,SCI,EQ,16016827,4471927,27.92
20,1978,SCILAL,EQ,4993894,891659,17.85
20,1979,SCML,SM,62000,44000,70.97
20,1980,SCPL,EQ,51828,21895,42.25
20,1981,SDBL,EQ,1001070,546326,54.57
20,1982,SDL24BEES,EQ,6022,5648,93.79
20,1983,SDL26BEES,EQ,569,568,99.82
20,1984,SEAMECLTD,EQ,98703,67029,67.91
20,1985,SECL,SM,12500,12500,100.00
20,1986,SECURCRED,EQ,57005,43067,75.55
20,1987,SEL,SM,16800,11600,69.05
20,1988,SELAN,EQ,730351,186845,25.58
20,1989,SELMC,EQ,27545,16872,61.25
20,1990,SENCO,EQ,554450,245926,44.35
20,1991,SENSEXADD,EQ,2999,1296,43.21
20,1992,SENSEXETF,EQ,8558,7029,82.13
20,1993,SENSEXIETF,EQ,1731,1097,63.37
20,1994,SEPC,EQ,8620493,5175029,60.03
20,1995,SEQUENT,EQ,859568,455032,52.94
20,1996,SERVICE,SM,12000,8000,66.67
20,1997,SERVOTECH,EQ,632762,369215,58.35
20,1998,SESHAPAPER,EQ,349832,140286,40.10
20,1999,SETF10GILT,EQ,6199,6026,97.21
20,2000,SETFGOLD,EQ,575986,465846,80.88
20,2001,SETFNIF50,EQ,293872,210714,71.70
20,2002,SETFNIFBK,EQ,27228,10997,40.39
20,2003,SETFNN50,EQ,28528,21388,74.97
20,2004,SFL,EQ,124567,66885,53.69
20,2005,SFLZC24A,ZB,5,5,100.00
20,2006,SGBAPR28I,GB,204,123,60.29
20,2007,SGBAUG24,GB,71,43,60.56
20,2008,SGBAUG27,GB,59,59,100.00
20,2009,SGBAUG28V,GB,792,604,76.26
20,2010,SGBAUG29V,GB,124,124,100.00
20,2011,SGBAUG30,GB,178,136,76.40
20,2012,SGBD29VIII,GB,75,61,81.33
20,2013,SGBDE30III,GB,117,89,76.07
20,2014,SGBDE31III,GB,1282,1118,87.21
20,2015,SGBDEC25,GB,2,2,100.00
20,2016,SGBDEC2512,GB,1,1,100.00
20,2017,SGBDEC26,GB,1,1,100.00
20,2018,SGBFEB27,GB,33,31,93.94
20,2019,SGBFEB29XI,GB,1,1,100.00
20,2020,SGBFEB32IV,GB,1699,1384,81.46
20,2021,SGBJ28VIII,GB,2,2,100.00
20,2022,SGBJAN26,GB,15,15,100.00
20,2023,SGBJAN27,GB,2,2,100.00
20,2024,SGBJAN29IX,GB,29,27,93.10
20,2025,SGBJAN29X,GB,82,82,100.00
20,2026,SGBJAN30IX,GB,110,101,91.82
20,2027,SGBJU29III,GB,307,201,65.47
20,2028,SGBJUL27,GB,11,10,90.91
20,2029,SGBJUL28IV,GB,566,374,66.08
20,2030,SGBJUL29IV,GB,52,50,96.15
20,2031,SGBJUN27,GB,29,29,100.00
20,2032,SGBJUN28,GB,174,142,81.61
20,2033,SGBJUN29II,GB,232,193,83.19
20,2034,SGBJUN30,GB,80,62,77.50
20,2035,SGBJUN31I,GB,719,525,73.02
20,2036,SGBMAR25,GB,13,12,92.31
20,2037,SGBMAR28X,GB,34,20,58.82
20,2038,SGBMAR30X,GB,88,86,97.73
20,2039,SGBMAR31IV,GB,197,129,65.48
20,2040,SGBMAY25,GB,53,53,100.00
20,2041,SGBMAY26,GB,14,14,100.00
20,2042,SGBMAY28,GB,473,450,95.14
20,2043,SGBMAY29I,GB,4806,4253,88.49
20,2044,SGBMR29XII,GB,302,291,96.36
20,2045,SGBN28VIII,GB,334,275,82.34
20,2046,SGBNOV24,GB,39,39,100.00
20,2047,SGBNOV25IX,GB,10,10,100.00
20,2048,SGBNOV26,GB,6,6,100.00
20,2049,SGBNV29VII,GB,51,51,100.00
20,2050,SGBOC28VII,GB,41,30,73.17
20,2051,SGBOCT25,GB,22,20,90.91
20,2052,SGBOCT26,GB,2,2,100.00
20,2053,SGBOCT27VI,GB,9,9,100.00
20,2054,SGBSEP24,GB,38,35,92.11
20,2055,SGBSEP27,GB,1,1,100.00
20,2056,SGBSEP28VI,GB,73,73,100.00
20,2057,SGBSEP29VI,GB,53,34,64.15
20,2058,SGBSEP31II,GB,837,738,88.17
20,2059,SGIL,EQ,14931,10678,71.52
20,2060,SGL,EQ,84989,71940,84.65
20,2061,SHAH,EQ,530666,385448,72.63
20,2062,SHAHALLOYS,EQ,82170,56888,69.23
20,2063,SHAILY,EQ,102719,77889,75.83
20,2064,SHALBY,EQ,380571,169630,44.57
20,2065,SHALPAINTS,EQ,198168,136675,68.97
20,2066,SHANKARA,EQ,76079,40933,53.80
20,2067,SHANTHALA,SM,1200,1200,100.00
20,2068,SHANTIGEAR,EQ,35345,15886,44.95
20,2069,SHARDACROP,EQ,142217,92561,65.08
20,2070,SHARDAMOTR,EQ,299011,142938,47.80
20,2071,SHAREINDIA,EQ,166883,73769,44.20
20,2072,SHAREINDIA,W1,2827,2807,99.29
20,2073,SHARIABEES,EQ,2342,1522,64.99
20,2074,SHEETAL,ST,6000,6000,100.00
20,2075,SHEMAROO,EQ,29554,19457,65.84
20,2076,SHERA,SM,21000,19000,90.48
20,2077,SHIGAN,SM,7500,4500,60.00
20,2078,SHILPAMED,EQ,189304,95937,50.68
20,2079,SHIVALIK,EQ,17023,12099,71.07
20,2080,SHIVAMAUTO,EQ,174419,111917,64.17
20,2081,SHIVAMILLS,EQ,10920,6564,60.11
20,2082,SHIVATEX,EQ,20502,11783,57.47
20,2083,SHK,EQ,766323,363819,47.48
20,2084,SHOPERSTOP,EQ,34391,24688,71.79
20,2085,SHRADHA,EQ,86470,54538,63.07
20,2086,SHREDIGCEM,EQ,2420922,953298,39.38
20,2087,SHREECEM,EQ,37314,20094,53.85
20,2088,SHREEKARNI,SM,87600,54600,62.33
20,2089,SHREEOSFM,SM,95000,71000,74.74
20,2090,SHREEPUSHK,EQ,273020,159308,58.35
20,2091,SHRENIK,EQ,9041991,4632153,51.23
20,2092,SHREYANIND,EQ,199196,116598,58.53
20,2093,SHREYAS,EQ,281644,116072,41.21
20,2094,SHRIPISTON,EQ,77382,47440,61.31
20,2095,SHRIRAMFIN,EQ,3063685,2111772,68.93
20,2096,SHRIRAMPPS,EQ,1367239,756798,55.35
20,2097,SHRITECH,SM,20000,18000,90.00
20,2098,SHUBHLAXMI,SM,108000,83000,76.85
20,2099,SHYAMMETL,EQ,667912,500878,74.99
20,2100,SIDDHIKA,SM,3500,3500,100.00
20,2101,SIEMENS,EQ,1315733,347731,26.43
20,2102,SIGACHI,EQ,1030516,520303,50.49
20,2103,SIGIND,EQ,79904,44131,55.23
20,2104,SIGMA,EQ,9256,4758,51.40
20,2105,SIGNATURE,EQ,1354355,674881,49.83
20,2106,SIGNPOST,EQ,157014,87001,55.41
20,2107,SIKKO,EQ,442037,155206,35.11
20,2108,SIL,EQ,66695,42910,64.34
20,2109,SILGO,EQ,51674,33724,65.26
20,2110,SILINV,EQ,1162,826,71.08
20,2111,SILKFLEX,SM,14000,10000,71.43
20,2112,SILLYMONKS,EQ,13962,10681,76.50
20,2113,SILVER,EQ,193954,151212,77.96
20,2114,SILVER1,EQ,59596,57910,97.17
20,2115,SILVERADD,EQ,232599,227315,97.73
20,2116,SILVERBEES,EQ,13581199,10287237,75.75
20,2117,SILVERETF,EQ,167183,148834,89.02
20,2118,SILVERIETF,EQ,943590,727233,77.07
20,2119,SILVERTUC,EQ,24829,7065,28.45
20,2120,SILVRETF,EQ,19927,16345,82.02
20,2121,SIMBHALS,EQ,697598,428677,61.45
20,2122,SINCLAIR,EQ,53509,33968,63.48
20,2123,SINDHUTRAD,EQ,504992,355556,70.41
20,2124,SINTERCOM,EQ,5423,3372,62.18
20,2125,SIRCA,EQ,95940,59212,61.72
20,2126,SIS,EQ,59384,40903,68.88
20,2127,SIYSIL,EQ,43894,21364,48.67
20,2128,SJLOGISTIC,SM,62500,55000,88.00
20,2129,SJS,EQ,129214,72192,55.87
20,2130,SJVN,EQ,19486439,5743734,29.48
20,2131,SKFINDIA,EQ,409489,69691,17.02
20,2132,SKIPPER,EQ,2299578,764317,33.24
20,2133,SKIPPERPP,E1,49316,32872,66.66
20,2134,SKMEGGPROD,EQ,109445,64248,58.70
20,2135,SKP,SM,45000,32000,71.11
20,2136,SLONE,SM,62400,48000,76.92
20,2137,SMALLCAP,EQ,796961,705947,88.58
20,2138,SMCGLOBAL,EQ,495610,257619,51.98
20,2139,SMLISUZU,EQ,19445,10798,55.53
20,2140,SMLT,EQ,25859,14954,57.83
20,2141,SMSLIFE,EQ,2513,1759,70.00
20,2142,SMSPHARMA,EQ,172961,86562,50.05
20,2143,SNOWMAN,EQ,2658605,1185277,44.58
20,2144,SOBHA,EQ,113227,52431,46.31
20,2145,SOFTTECH,EQ,5813,5716,98.33
20,2146,SOLARA,EQ,78841,34362,43.58
20,2147,SOLARINDS,EQ,108116,37994,35.14
20,2148,SOLEX,SM,15400,8800,57.14
20,2149,SOMANYCERA,EQ,100109,50412,50.36
20,2150,SOMICONVEY,EQ,24948,13950,55.92
20,2151,SONACOMS,EQ,1704350,1022824,60.01
20,2152,SONAMAC,SM,125000,84000,67.20
20,2153,SONAMLTD,EQ,31927,19486,61.03
20,2154,SONATSOFTW,EQ,393118,182396,46.40
20,2155,SONUINFRA,SM,9000,9000,100.00
20,2156,SOTAC,SM,3600,3600,100.00
20,2157,SOTL,EQ,129744,71299,54.95
20,2158,SOUTHBANK,EQ,15382743,6915763,44.96
20,2159,SOUTHWEST,EQ,363324,257213,70.79
20,2160,SPAL,EQ,49104,27670,56.35
20,2161,SPANDANA,EQ,195663,114224,58.38
20,2162,SPARC,EQ,2616801,1290049,49.30
20,2163,SPCENET,EQ,7034352,4541883,64.57
20,2164,SPECIALITY,EQ,65195,42755,65.58
20,2165,SPECTRUM,SM,3000,2625,87.50
20,2166,SPECTSTM,SM,12800,8000,62.50
20,2167,SPENCERS,EQ,1842962,490100,26.59
20,2168,SPIC,EQ,873252,305560,34.99
20,2169,SPLIL,EQ,64541,49239,76.29
20,2170,SPLPETRO,EQ,78680,35038,44.53
20,2171,SPMLINFRA,EQ,343397,215792,62.84
20,2172,SPORTKING,EQ,16220,9376,57.81
20,2173,SREEL,EQ,39416,20855,52.91
20,2174,SRF,EQ,405161,204812,50.55
20,2175,SRGHFL,EQ,18574,11832,63.70
20,2176,SRHHYPOLTD,EQ,34637,17010,49.11
20,2177,SRIVASAVI,SM,20000,18000,90.00
20,2178,SRM,EQ,110618,67740,61.24
20,2179,SSFL,SM,36500,27000,73.97
20,2180,SSWL,EQ,947817,411824,43.45
20,2181,STAR,EQ,1166874,463500,39.72
20,2182,STARCEMENT,EQ,1109897,452864,40.80
20,2183,STARHEALTH,EQ,848092,516027,60.85
20,2184,STARPAPER,EQ,344631,138416,40.16
20,2185,STCINDIA,EQ,91282,37185,40.74
20,2186,STEELCAS,EQ,14994,10612,70.77
20,2187,STEELCITY,EQ,82943,42101,50.76
20,2188,STEELXIND,EQ,11641486,6169301,52.99
20,2189,STEL,EQ,6430,3873,60.23
20,2190,STERTOOLS,EQ,106565,65840,61.78
20,2191,STLTECH,EQ,2722463,960653,35.29
20,2192,STOVEKRAFT,EQ,89888,59153,65.81
20,2193,STYLAMIND,EQ,56599,41358,73.07
20,2194,STYRENIX,EQ,88023,35717,40.58
20,2195,SUBEXLTD,EQ,32302343,11464843,35.49
20,2196,SUBROS,EQ,90918,43072,47.37
20,2197,SUDARSCHEM,EQ,364729,201313,55.20
20,2198,SUKHJITS,EQ,14348,8255,57.53
20,2199,SULA,EQ,209034,128221,61.34
20,2200,SUMICHEM,EQ,727572,374084,51.42
20,2201,SUMMITSEC,EQ,8628,5809,67.33
20,2202,SUNCLAY,EQ,4506,2580,57.26
20,2203,SUNDARAM,EQ,1720948,965367,56.10
20,2204,SUNDARMFIN,EQ,160223,118940,74.23
20,2205,SUNDARMHLD,EQ,177644,125780,70.80
20,2206,SUNDRMBRAK,EQ,5841,3820,65.40
20,2207,SUNDRMFAST,EQ,232512,183634,78.98
20,2208,SUNFLAG,EQ,304886,132604,43.49
20,2209,SUNPHARMA,EQ,937490,505312,53.90
20,2210,SUNREST,SM,1600,1600,100.00
20,2211,SUNTECK,EQ,516266,230454,44.64
20,2212,SUNTV,EQ,1049101,295060,28.13
20,2213,SUPERHOUSE,EQ,12229,6775,55.40
20,2214,SUPERSPIN,EQ,2094828,1143309,54.58
20,2215,SUPRAJIT,EQ,417115,236036,56.59
20,2216,SUPREMEIND,EQ,188087,68684,36.52
20,2217,SUPREMEPWR,SM,302000,158000,52.32
20,2218,SUPRIYA,EQ,1087337,430822,39.62
20,2219,SURAJEST,EQ,520384,211690,40.68
20,2220,SURANAT&P,EQ,224069,156476,69.83
20,2221,SURANI,SM,5200,3600,69.23
20,2222,SURYALAXMI,EQ,18196,12415,68.23
20,2223,SURYAROSNI,EQ,162103,72984,45.02
20,2224,SURYODAY,EQ,323505,184009,56.88
20,2225,SUTLEJTEX,EQ,320117,199381,62.28
20,2226,SUULD,EQ,1286767,526235,40.90
20,2227,SUVEN,EQ,197305,130106,65.94
20,2228,SUVENPHAR,EQ,1115165,331837,29.76
20,2229,SUVIDHAA,EQ,514313,351913,68.42
20,2230,SUZLON,EQ,85029862,41758431,49.11
20,2231,SVLL,EQ,15284,7291,47.70
20,2232,SVPGLOB,EQ,111682,88668,79.39
20,2233,SWANENERGY,EQ,2364389,1114919,47.15
20,2234,SWARAJ,SM,11000,11000,100.00
20,2235,SWARAJENG,EQ,32417,15677,48.36
20,2236,SWASTIK,SM,8400,4800,57.14
20,2237,SWELECTES,EQ,51776,26597,51.37
20,2238,SWSOLAR,EQ,599549,343154,57.24
20,2239,SYMPHONY,EQ,249531,90521,36.28
20,2240,SYNCOMF,EQ,2247820,1322587,58.84
20,2241,SYNGENE,EQ,824741,433016,52.50
20,2242,SYNOPTICS,SM,3600,3600,100.00
20,2243,SYRMA,EQ,413856,170215,41.13
20,2244,SYSTANGO,SM,22000,16800,76.36
20,2245,TAC,SM,213600,130800,61.24
20,2246,TAJGVK,EQ,439114,208939,47.58
20,2247,TAKE,EQ,221583,137209,61.92
20,2248,TALBROAUTO,EQ,319685,173689,54.33
20,2249,TANLA,EQ,1133662,355176,31.33
20,2250,TAPIFRUIT,SM,1500,750,50.00
20,2251,TARC,EQ,2348617,1328822,56.58
20,2252,TARSONS,EQ,239316,77225,32.27
20,2253,TASTYBITE,EQ,15980,6181,38.68
20,2254,TATACHEM,EQ,1024057,484594,47.32
20,2255,TATACOMM,EQ,276056,153049,55.44
20,2256,TATACONSUM,EQ,1107470,522726,47.20
20,2257,TATAELXSI,EQ,168944,55690,32.96
20,2258,TATAGOLD,EQ,1989508,1509632,75.88
20,2259,TATAINVEST,EQ,51634,33078,64.06
20,2260,TATAMOTORS,EQ,11591421,5976273,51.56
20,2261,TATAMTRDVR,EQ,1964624,1003311,51.07
20,2262,TATAPOWER,EQ,7858446,4037616,51.38
20,2263,TATASTEEL,EQ,28509237,11218481,39.35
20,2264,TATATECH,EQ,1146052,854760,74.58
20,2265,TATSILV,EQ,1194701,1139435,95.37
20,2266,TATVA,EQ,56899,35264,61.98
20,2267,TBI,ST,760800,684000,89.91
20,2268,TBOTEK,EQ,262154,137701,52.53
20,2269,TBZ,EQ,122062,67742,55.50
20,2270,TCI,EQ,32098,20104,62.63
20,2271,TCIEXP,EQ,85775,51281,59.79
20,2272,TCL,SM,598400,340000,56.82
20,2273,TCLCONS,EQ,323976,230295,71.08
20,2274,TCNSBRANDS,EQ,724468,533910,73.70
20,2275,TCPLPACK,EQ,12912,7993,61.90
20,2276,TCS,EQ,1860730,1101634,59.20
20,2277,TDPOWERSYS,EQ,1525442,604311,39.62
20,2278,TEAMLEASE,EQ,17401,10418,59.87
20,2279,TECH,EQ,27151,21464,79.05
20,2280,TECHLABS,SM,16000,10500,65.63
20,2281,TECHM,EQ,1733356,746523,43.07
20,2282,TECILCHEM,EQ,10206,9601,94.07
20,2283,TEGA,EQ,36042,12959,35.96
20,2284,TEJASNET,EQ,1297973,525931,40.52
20,2285,TEMBO,EQ,39766,10647,26.77
20,2286,TERASOFT,EQ,207126,107302,51.81
20,2287,TEXINFRA,EQ,2992153,1051604,35.15
20,2288,TEXMOPIPES,EQ,73859,44301,59.98
20,2289,TEXRAIL,EQ,3095540,1602672,51.77
20,2290,TFCILTD,EQ,2192190,806952,36.81
20,2291,TGBHOTELS,EQ,303556,202621,66.75
20,2292,TGL,SM,513600,291600,56.78
20,2293,THANGAMAYL,EQ,30755,18222,59.25
20,2294,THEINVEST,EQ,24030,19117,79.55
20,2295,THEJO,EQ,19604,8775,44.76
20,2296,THEMISMED,EQ,73219,48704,66.52
20,2297,THERMAX,EQ,123318,75524,61.24
20,2298,THOMASCOOK,EQ,798976,567701,71.05
20,2299,THYROCARE,EQ,42676,26517,62.14
20,2300,TI,EQ,620253,341466,55.05
20,2301,TIDEWATER,EQ,34313,17767,51.78
20,2302,TIIL,EQ,48242,28225,58.51
20,2303,TIINDIA,EQ,458806,335437,73.11
20,2304,TIMESCAN,SM,2000,2000,100.00
20,2305,TIMETECHNO,EQ,4064666,866089,21.31
20,2306,TIMKEN,EQ,696312,244602,35.13
20,2307,TIPSFILMS,EQ,3920,2836,72.35
20,2308,TIPSINDLTD,EQ,241946,104047,43.00
20,2309,TIRUMALCHM,EQ,1720058,828036,48.14
20,2310,TIRUPATI,SM,2750,2500,90.91
20,2311,TIRUPATIFL,EQ,780801,533737,68.36
20,2312,TITAGARH,EQ,6613167,1488501,22.51
20,2313,TITAN,EQ,2346892,1552483,66.15
20,2314,TMB,EQ,80469,55641,69.15
20,2315,TNIDETF,EQ,63215,45978,72.73
20,2316,TNPETRO,EQ,1356006,645372,47.59
20,2317,TNPL,EQ,988393,349199,35.33
20,2318,TOKYOPLAST,EQ,23979,19639,81.90
20,2319,TORNTPHARM,EQ,125792,54278,43.15
20,2320,TORNTPOWER,EQ,410344,305190,74.37
20,2321,TOTAL,EQ,118765,84652,71.28
20,2322,TOUCHWOOD,EQ,14566,11218,77.01
20,2323,TPHQ,EQ,5714888,3089975,54.07
20,2324,TPLPLASTEH,EQ,372966,52330,14.03
20,2325,TRACXN,EQ,350223,207130,59.14
20,2326,TRANSTEEL,SM,54000,42000,77.78
20,2327,TREEHOUSE,EQ,57615,34992,60.73
20,2328,TREL,EQ,503436,244522,48.57
20,2329,TRENT,EQ,1424125,444659,31.22
20,2330,TRIDENT,EQ,13962076,5585674,40.01
20,2331,TRIDHYA,SM,12000,9000,75.00
20,2332,TRIGYN,EQ,329217,145365,44.15
20,2333,TRITURBINE,EQ,1294986,934901,72.19
20,2334,TRIVENI,EQ,1951408,794892,40.73
20,2335,TRU,EQ,4004940,1230444,30.72
20,2336,TRUST,SM,212400,157200,74.01
20,2337,TTKHLTCARE,EQ,6186,4524,73.13
20,2338,TTKPRESTIG,EQ,54410,31176,57.30
20,2339,TTL,EQ,29858,24040,80.51
20,2340,TTML,EQ,5303491,1829164,34.49
20,2341,TV18BRDCST,EQ,9947647,5176224,52.03
20,2342,TVSELECT,EQ,199030,59822,30.06
20,2343,TVSHLTD,EQ,6841,3395,49.63
20,2344,TVSMOTOR,EQ,813619,298978,36.75
20,2345,TVSSCS,EQ,1638703,974783,59.49
20,2346,TVSSRICHAK,EQ,4480,2429,54.22
20,2347,TVTODAY,EQ,348528,211455,60.67
20,2348,UBL,EQ,148313,102327,68.99
20,2349,UCAL,EQ,20597,14195,68.92
20,2350,UCOBANK,EQ,7897385,2511524,31.80
20,2351,UDAICEMENT,EQ,1362203,681410,50.02
20,2352,UDS,EQ,86957,45998,52.90
20,2353,UFLEX,EQ,56721,36756,64.80
20,2354,UFO,EQ,152995,67309,43.99
20,2355,UGARSUGAR,EQ,1352067,569506,42.12
20,2356,UGROCAP,EQ,236579,128061,54.13
20,2357,UJJIVANSFB,EQ,7230362,4315737,59.69
20,2358,ULTRACEMCO,EQ,305318,167926,55.00
20,2359,UMA,SM,36000,28000,77.78
20,2360,UMANGDAIRY,EQ,126036,61187,48.55
20,2361,UMESLTD,EQ,34051,23895,70.17
20,2362,UNICHEMLAB,EQ,24111,16915,70.15
20,2363,UNIDT,EQ,16943,9608,56.71
20,2364,UNIENTER,EQ,9160,4718,51.51
20,2365,UNIHEALTH,SM,7000,6000,85.71
20,2366,UNIINFO,EQ,74732,50114,67.06
20,2367,UNIONBANK,EQ,8892430,3446945,38.76
20,2368,UNIPARTS,EQ,101943,50981,50.01
20,2369,UNITDSPR,EQ,1574896,1121709,71.22
20,2370,UNITEDPOLY,EQ,12034,8311,69.06
20,2371,UNITEDTEA,EQ,83350,45321,54.37
20,2372,UNIVCABLES,EQ,141154,86089,60.99
20,2373,UNIVPHOTO,EQ,777,614,79.02
20,2374,UNOMINDA,EQ,1327678,550780,41.48
20,2375,UPL,EQ,2022269,835376,41.31
20,2376,URBAN,SM,15200,11600,76.32
20,2377,URJA,EQ,3048937,2046537,67.12
20,2378,USASEEDS,SM,4200,3600,85.71
20,2379,USHAMART,EQ,1772804,623606,35.18
20,2380,USK,EQ,781682,420982,53.86
20,2381,UTIAMC,EQ,297947,96565,32.41
20,2382,UTIBANKETF,EQ,78275,47950,61.26
20,2383,UTINEXT50,EQ,55223,32327,58.54
20,2384,UTINIFTETF,EQ,45702,43406,94.98
20,2385,UTISENSETF,EQ,1694,1429,84.36
20,2386,UTISXN50,EQ,4856,4541,93.51
20,2387,UTKARSHBNK,EQ,1927430,1190869,61.79
20,2388,UTTAMSUGAR,EQ,517670,205864,39.77
20,2389,VADILALIND,EQ,6961,3905,56.10
20,2390,VAIBHAVGBL,EQ,345793,176844,51.14
20,2391,VAISHALI,EQ,36288,27929,76.96
20,2392,VAKRANGEE,EQ,26672140,7788119,29.20
20,2393,VALIANTLAB,EQ,101777,16814,16.52
20,2394,VALIANTORG,EQ,49164,20519,41.74
20,2395,VARDHACRLC,EQ,44300,29492,66.57
20,2396,VARDMNPOLY,EQ,472103,324320,68.70
20,2397,VARROC,EQ,2047068,423447,20.69
20,2398,VASCONEQ,EQ,1657178,663865,40.06
20,2399,VBL,EQ,3257768,1922523,59.01
20,2400,VEDL,EQ,9634670,3737620,38.79
20,2401,VEEKAYEM,SM,2500,500,20.00
20,2402,VELS,SM,1200,1200,100.00
20,2403,VENKEYS,EQ,31663,15761,49.78
20,2404,VENUSPIPES,EQ,57776,29254,50.63
20,2405,VENUSREM,EQ,106958,48578,45.42
20,2406,VERANDA,EQ,215246,113578,52.77
20,2407,VERITAAS,SM,31200,25200,80.77
20,2408,VERTEXPLUS,ST,600,600,100.00
20,2409,VERTOZ,EQ,38658,8211,21.24
20,2410,VESUVIUS,EQ,46863,29943,63.89
20,2411,VETO,EQ,86673,45847,52.90
20,2412,VGUARD,EQ,557339,261643,46.95
20,2413,VHL,EQ,2027,1598,78.84
20,2414,VIAZ,SM,20000,20000,100.00
20,2415,VIDHIING,EQ,85704,62952,73.45
20,2416,VIJAYA,EQ,292780,154055,52.62
20,2417,VIKASECO,EQ,8742231,3669276,41.97
20,2418,VIKASLIFE,EQ,7900615,4585681,58.04
20,2419,VILAS,ST,223000,209000,93.72
20,2420,VIMTALABS,EQ,19013,9968,52.43
20,2421,VINATIORGA,EQ,186347,150461,80.74
20,2422,VINDHYATEL,EQ,29972,17483,58.33
20,2423,VINEETLAB,EQ,19862,10251,51.61
20,2424,VINNY,EQ,529330,395390,74.70
20,2425,VINSYS,SM,6000,4000,66.67
20,2426,VINYAS,SM,21200,13200,62.26
20,2427,VINYLINDIA,EQ,258165,96930,37.55
20,2428,VIPCLOTHNG,EQ,145298,95232,65.54
20,2429,VIPIND,EQ,431093,240518,55.79
20,2430,VIRINCHI,EQ,442228,245192,55.44
20,2431,VISAKAIND,EQ,723090,377066,52.15
20,2432,VISHNU,EQ,227021,142542,62.79
20,2433,VISHNUINFR,SM,23500,22500,95.74
20,2434,VISHWARAJ,EQ,3413174,1735424,50.84
20,2435,VISHWAS,SM,9600,8000,83.33
20,2436,VITAL,SM,28800,18000,62.50
20,2437,VIVIANA,SM,39500,31500,79.75
20,2438,VIVO,SM,1600,1600,100.00
20,2439,VLSFINANCE,EQ,74893,39686,52.99
20,2440,VMARCIND,SM,103000,80000,77.67
20,2441,VMART,EQ,12198,7606,62.35
20,2442,VOLTAMP,EQ,45457,24826,54.61
20,2443,VOLTAS,EQ,1792373,760276,42.42
20,2444,VPRPL,EQ,1038991,527916,50.81
20,2445,VR,SM,44800,20800,46.43
20,2446,VRLLOG,EQ,58784,26179,44.53
20,2447,VSCL,ST,9000,9000,100.00
20,2448,VSSL,EQ,59994,33517,55.87
20,2449,VSTIND,EQ,42177,15583,36.95
20,2450,VSTTILLERS,EQ,15786,8017,50.79
20,2451,VTL,EQ,120322,71390,59.33
20,2452,WABAG,EQ,415204,153098,36.87
20,2453,WALCHANNAG,EQ,521511,253869,48.68
20,2454,WALPAR,SM,2000,1000,50.00
20,2455,WANBURY,EQ,97510,48198,49.43
20,2456,WEALTH,EQ,6429,4320,67.20
20,2457,WEIZMANIND,EQ,6344,4508,71.06
20,2458,WELCORP,EQ,3689629,3125253,84.70
20,2459,WELENT,EQ,182588,108171,59.24
20,2460,WELINV,EQ,811,624,76.94
20,2461,WELSPUNLIV,EQ,2606335,1228872,47.15
20,2462,WENDT,EQ,776,307,39.56
20,2463,WESTLIFE,EQ,196906,182742,92.81
20,2464,WHEELS,EQ,335772,190492,56.73
20,2465,WHIRLPOOL,EQ,111358,47915,43.03
20,2466,WILLAMAGOR,EQ,60107,46061,76.63
20,2467,WINDLAS,EQ,92760,47361,51.06
20,2468,WINDMACHIN,EQ,415344,163875,39.46
20,2469,WINSOL,SM,760000,337600,44.42
20,2470,WIPL,EQ,15617,2962,18.97
20,2471,WIPRO,EQ,5661298,2365395,41.78
20,2472,WOCKPHARMA,EQ,281199,178055,63.32
20,2473,WOMANCART,SM,3200,3200,100.00
20,2474,WONDERLA,EQ,75628,38231,50.55
20,2475,WORTH,EQ,31620,23909,75.61
20,2476,WSI,EQ,249873,154092,61.67
20,2477,WSTCSTPAPR,EQ,1040466,348043,33.45
20,2478,WTICAB,SM,259000,142000,54.83
20,2479,XCHANGING,EQ,570374,256086,44.90
20,2480,XPROINDIA,EQ,23620,13031,55.17
20,2481,YASHO,EQ,12567,9366,74.53
20,2482,YASHOPTICS,SM,163200,139200,85.29
20,2483,YATHARTH,EQ,83292,51013,61.25
20,2484,YATRA,EQ,598312,447447,74.78
20,2485,YCCL,SM,15000,12000,80.00
20,2486,YESBANK,EQ,85042765,32801420,38.57
20,2487,YUDIZ,SM,14400,11200,77.78
20,2488,YUKEN,EQ,58016,44203,76.19
20,2489,ZAGGLE,EQ,867073,454221,52.39
20,2490,ZEAL,SM,11400,10200,89.47
20,2491,ZEEL,EQ,11681310,4497398,38.50
20,2492,ZEEMEDIA,EQ,9906468,4128962,41.68
20,2493,ZENITHDRUG,SM,51200,35200,68.75
20,2494,ZENITHSTL,EQ,463310,300132,64.78
20,2495,ZENSARTECH,EQ,838693,445339,53.10
20,2496,ZENTEC,EQ,1376393,673408,48.93
20,2497,ZFCVINDIA,EQ,7312,2048,28.01
20,2498,ZIMLAB,EQ,133857,69488,51.91
20,2499,ZODIACLOTH,EQ,33291,20682,62.12
20,2500,ZOMATO,EQ,29823712,18535476,62.15
20,2501,ZOTA,EQ,498875,228551,45.81
20,2502,ZTECH,ST,68400,68400,100.00
20,2503,ZUARI,EQ,188530,108161,57.37
20,2504,ZUARIIND,EQ,136690,79068,57.84
20,2505,ZYDUSLIFE,EQ,1100418,588048,53.44
20,2506,ZYDUSWELL,EQ,25844,13564,52.48
