Security Wise Delivery Position - Compulsory Rolling Settlement
10,MTO,03062024,2816491972,0002524
Trade Date <03-JUN-2024>,Settlement Type <N>
Record Type,Sr No,Name of Security,Quantity Traded,Deliverable Quantity(gross across client level),% of Deliverable Quantity to Traded Quantity
20,1,1003ISFL28,N4,115,115,100.00
20,2,1015ECL29,NR,190,180,94.74
20,3,1018GS2026,GS,6185,6184,99.98
20,4,1025IHF34,Z8,366,356,97.27
20,5,1035UCL26,NA,95,95,100.00
20,6,1040NFL26,NA,80,80,100.00
20,7,1049DLS25A,Y5,479,479,100.00
20,8,1049DLSL25,NX,100,100,100.00
20,9,1050ISFL28,N5,130,130,100.00
20,10,1050NFL26,N7,127,127,100.00
20,11,1050UCL25,N7,10,10,100.00
20,12,105IIFL29,N7,10,10,100.00
20,13,105UCL2026,NB,80,80,100.00
20,14,1060ECL29,NS,9,9,100.00
20,15,1065NFL27,NC,230,230,100.00
20,16,10CAGL27,N5,603,603,100.00
20,17,10IHFL30A,BV,51,51,100.00
20,18,10IIFL28,N4,15,15,100.00
20,19,10IIFL29,N6,63,63,100.00
20,20,10NIDO26,N6,1155,1155,100.00
20,21,182D010824,TB,200,200,100.00
20,22,182D031024,TB,400,400,100.00
20,23,182D050924,TB,400,400,100.00
20,24,182D060624,TB,1200,700,58.33
20,25,182D080824,TB,5100,5100,100.00
20,26,182D120924,TB,500,500,100.00
20,27,182D130624,TB,100,100,100.00
20,28,182D150824,TB,200,200,100.00
20,29,182D190924,TB,100,100,100.00
20,30,182D200624,TB,600,600,100.00
20,31,182D220824,TB,500,500,100.00
20,32,182D221124,TB,500,500,100.00
20,33,182D250724,TB,100,100,100.00
20,34,182D270624,TB,100,100,100.00
20,35,182D281124,TB,100,100,100.00
20,36,182D290824,TB,100,100,100.00
20,37,20MICRONS,EQ,223671,125553,56.13
20,38,360ONE,EQ,758635,563027,74.22
20,39,364D020125,TB,900,900,100.00
20,40,364D020525,TB,10000,10000,100.00
20,41,364D160125,TB,100,100,100.00
20,42,364D200225,TB,100,100,100.00
20,43,364D200624,TB,100,100,100.00
20,44,364D220824,TB,1000,1000,100.00
20,45,364D230525,TB,200,200,100.00
20,46,364D240425,TB,300,300,100.00
20,47,364D290525,TB,1200,1200,100.00
20,48,3IINFOLTD,EQ,898043,583698,65.00
20,49,3MINDIA,EQ,12641,7392,58.48
20,50,3PLAND,EQ,15753,11525,73.16
20,51,515GS2025,GS,200,200,100.00
20,52,563GS2026,GS,450,300,66.67
20,53,574GS2026,GS,663,650,98.04
20,54,5PAISA,EQ,59434,33621,56.57
20,55,610GS2031,GS,12,12,100.00
20,56,618GS2024,GS,4,4,100.00
20,57,63MOONS,EQ,188636,127641,67.67
20,58,645GS2029,GS,4,4,100.00
20,59,654GS2032,GS,10,10,100.00
20,60,667GS2035,GS,49,40,81.63
20,61,667GS2050,GS,2000,2000,100.00
20,62,669GS2024,GS,460,400,86.96
20,63,676GS2061,GS,502,502,100.00
20,64,689GS2025,GS,21,21,100.00
20,65,68GS2060,GS,1239,1139,91.93
20,66,695GS2061,GS,2902,2802,96.55
20,67,699GS2026,GS,6078,5978,98.35
20,68,699GS2051,GS,894,894,100.00
20,69,702GS2027,GS,1,1,100.00
20,70,704IRFC28,N6,5,5,100.00
20,71,706GS2028,GS,18454,15494,83.96
20,72,710GS2029,GS,120400,120100,99.75
20,73,714NHAI26,N7,1125,1125,100.00
20,74,717GS2030,GS,300,300,100.00
20,75,718GS2033,GS,2000,2000,100.00
20,76,718GS2037,GS,211350,203100,96.10
20,77,719HUDCO28,N7,10,10,100.00
20,78,71GS2034,GS,200,200,100.00
20,79,725GS2063,GS,11614,11614,100.00
20,80,726GS2032,GS,2000,2000,100.00
20,81,727GS2026,GS,200,200,100.00
20,82,729NHAI26,NC,360,360,100.00
20,83,732GS2030,GS,5309,5309,100.00
20,84,733GS2026,GS,11499,7499,65.21
20,85,733TN52,SG,200,200,100.00
20,86,734GS2064,GS,279,264,94.62
20,87,734IRFC28,N4,1,1,100.00
20,88,735PFCL35,N1,45,45,100.00
20,89,736GS2052,GS,713886,690584,96.74
20,90,736NTPC25D,NB,1,1,100.00
20,91,737GS2028,GS,2519243,2519243,100.00
20,92,737NTPC35C,NA,10,10,100.00
20,93,738GS2027,GS,200635,200535,99.95
20,94,738REC27TF,N2,450,450,100.00
20,95,739NHAI26,N8,2,2,100.00
20,96,739NHAI31A,ND,4390,4390,100.00
20,97,73GS2053,GS,1699,1504,88.52
20,98,740IIFCL33,N1,50,50,100.00
20,99,741GS2036,GS,730,730,100.00
20,100,743REC35,NH,200,200,100.00
20,101,746GS2073,GS,391,391,100.00
20,102,74GS2062,GS,18097,18091,99.97
20,103,750IRFC35,NK,1186,1051,88.62
20,104,751HUDCO28,N5,315,315,100.00
20,105,753IRFC30,NJ,2500,2500,100.00
20,106,754GS2036,GS,208388,197278,94.67
20,107,758GJ32,SG,100,100,100.00
20,108,762NTPC35F,ND,337,335,99.41
20,109,764HUDCO31,N8,60,60,100.00
20,110,764IRFC31,NO,44,44,100.00
20,111,764NABAR31,N2,580,555,95.69
20,112,769HUDCO31,N9,700,700,100.00
20,113,769NHAI31,NE,1425,1425,100.00
20,114,76NHAI31,NA,3793,3049,80.38
20,115,771AP37A,SG,100,100,100.00
20,116,771KL43,SG,100,100,100.00
20,117,774AP32A,SG,100,100,100.00
20,118,774MZ33,SG,100,100,100.00
20,119,77AP29A,SG,300,300,100.00
20,120,78ABFL33,N4,119,119,100.00
20,121,795GS2032,GS,1,1,100.00
20,122,797IGT31,NL,1,1,100.00
20,123,79NHIT35,N1,16,15,93.75
20,124,79NHIT40,N2,15,15,100.00
20,125,79NHIT47,N3,614,614,100.00
20,126,801TCH25,N4,264,260,98.48
20,127,810IRFC27,N2,7908,5089,64.35
20,128,812REC27,NI,50,50,100.00
20,129,81TCHF28,N8,376,376,100.00
20,130,820IIFL27,N9,510,510,100.00
20,131,824GS2027,GS,6336,6336,100.00
20,132,825IIFL25,N7,202,202,100.00
20,133,828GS2027,GS,1,1,100.00
20,134,829LTF24,NL,189,189,100.00
20,135,82HUDCO27,N2,200,100,50.00
20,136,82IGT31,NJ,99,99,100.00
20,137,830NHAI27,N2,8810,5314,60.32
20,138,830PFCL27,N5,566,566,100.00
20,139,835IFL25,NV,148,148,100.00
20,140,840CIFCL28,N4,1000,1000,100.00
20,141,842IIFL26,NL,270,185,68.52
20,142,843IHFL29,NC,25,25,100.00
20,143,846REC28,N6,500,500,100.00
20,144,849NTPC25,N7,134809,121750,90.31
20,145,84TCHF28,NA,9,9,100.00
20,146,851HUDCO28,NB,494,494,100.00
20,147,855IREDA29,N2,200,200,100.00
20,148,85IIFL24,NJ,6,6,100.00
20,149,85IIFL25,NO,341,275,80.65
20,150,860CIFCL28,NG,500,500,100.00
20,151,865IFL28,NZ,50,50,100.00
20,152,865IIFL28,NS,112,112,100.00
20,153,865IRFC29,NA,254,254,100.00
20,154,865TCAPS27,N8,996,876,87.95
20,155,86LTF24,NJ,2,2,100.00
20,156,875NHAI29,N6,552,552,100.00
20,157,875SFL27,ZF,12,12,100.00
20,158,876HUDCO28,ND,611,351,57.45
20,159,879NHPC28,N5,105,105,100.00
20,160,87LTF27,NH,153,153,100.00
20,161,880IREDA29,N5,45,45,100.00
20,162,885MOFSL26,N0,109,99,90.83
20,163,885TCAPS29,NC,25,25,100.00
20,164,886REC34,NG,170,170,100.00
20,165,888ERFL28,N5,287,287,100.00
20,166,888IHFL25F,NC,10,10,100.00
20,167,888IRFC29,NE,444,444,100.00
20,168,888NHB29,N5,3,3,100.00
20,169,889IHFL26,NS,50,50,100.00
20,170,891IIFCL34,N4,500,500,100.00
20,171,892PFCL33,N8,952,948,99.58
20,172,893NHB29,N6,193,192,99.48
20,173,897MOFSL29,N4,3145,3145,100.00
20,174,898LTF29,N7,150,150,100.00
20,175,8ABFL26,N0,35,35,100.00
20,176,901HUDCO34,NE,392,392,100.00
20,177,901NHB34,N6,5,3,60.00
20,178,903SFL28,YI,3,3,100.00
20,179,905PEL26,N1,146,146,100.00
20,180,915IBHFL26,NE,120,120,100.00
20,181,91D020824,TB,900,900,100.00
20,182,91D040724,TB,7400,7400,100.00
20,183,91D060624,TB,10600,6100,57.55
20,184,91D080824,TB,400,400,100.00
20,185,91D120724,TB,700,700,100.00
20,186,91D130624,TB,200,200,100.00
20,187,91D150824,TB,500,500,100.00
20,188,91D190724,TB,6500,6500,100.00
20,189,91D200624,TB,2900,2900,100.00
20,190,91D230824,TB,500,500,100.00
20,191,91D250724,TB,100,100,100.00
20,192,91D270624,TB,1900,1900,100.00
20,193,91SFL27,ZI,10,10,100.00
20,194,920PEL28,N2,72,72,100.00
20,195,925ERFL28,N6,100,100,100.00
20,196,925IHFL25D,N6,320,320,100.00
20,197,925IHFL26B,YQ,141,99,70.21
20,198,92GS2030,GS,7715,7715,100.00
20,199,92ICCL28,ND,215,215,100.00
20,200,931SFL26,Z5,3,3,100.00
20,201,935MOFSL29,N5,15,15,100.00
20,202,943ECL28,NJ,361,361,100.00
20,203,94SFL28,YL,250,250,100.00
20,204,955ICCL25A,NH,8,8,100.00
20,205,955IHFL27,Z5,1,1,100.00
20,206,957ISFL26,N2,50,50,100.00
20,207,957NIDO26,N5,767,753,98.17
20,208,965IHFL25B,Y1,10,10,100.00
20,209,965IHFL25C,N0,6,6,100.00
20,210,965IHFL25D,N7,20,20,100.00
20,211,96IIFL28,N5,662,657,99.24
20,212,96IIFL28A,NF,1157,887,76.66
20,213,96SFL24A,NB,39,37,94.87
20,214,970CAGL28,ND,80,50,62.50
20,215,975NFL25,N0,264,260,98.48
20,216,97MOFSL34,N7,65,65,100.00
20,217,97SFL26,Z9,50,50,100.00
20,218,985ECL28,NK,1468,1258,85.69
20,219,985IIFL22,NC,330,260,78.79
20,220,98IHFL27,ZX,202,202,100.00
20,221,990IHFL26,N7,1,1,100.00
20,222,990IHFL26A,NL,10,10,100.00
20,223,990IHFL27,YT,15,15,100.00
20,224,99IFCI24,NH,838,807,96.30
20,225,9IBHFL26BA,NA,205,205,100.00
20,226,9IIFL28,Y0,115,115,100.00
20,227,9IIFL28A,NT,264,246,93.18
20,228,9MMFSML,N2,153,153,100.00
20,229,9PEL25,N0,145,145,100.00
20,230,9SFL25A,ZH,150,150,100.00
20,231,AADHARHFC,EQ,1412802,900859,63.76
20,232,AAKASH,EQ,447187,395355,88.41
20,233,AARON,EQ,23883,8503,35.60
20,234,AARTIDRUGS,EQ,142890,60134,42.08
20,235,AARTIIND,EQ,1454778,706548,48.57
20,236,AARTIPHARM,EQ,252180,126032,49.98
20,237,AARTISURF,EQ,18287,11405,62.37
20,238,AARTISURF,P1,11,11,100.00
20,239,AARVEEDEN,EQ,25579,16353,63.93
20,240,AARVI,EQ,20930,11422,54.57
20,241,AATMAJ,SM,62000,54000,87.10
20,242,AAVAS,EQ,187627,125567,66.92
20,243,ABB,EQ,537121,205394,38.24
20,244,ABBOTINDIA,EQ,16412,6761,41.20
20,245,ABCAPITAL,EQ,7202590,3316729,46.05
20,246,ABCOTS,SM,1500,1500,100.00
20,247,ABFRL,EQ,3772643,1255278,33.27
20,248,ABINFRA,SM,4000,4000,100.00
20,249,ABMINTLLTD,EQ,19592,1148,5.86
20,250,ABSLAMC,EQ,1411126,899952,63.78
20,251,ABSLBANETF,EQ,1416966,1353793,95.54
20,252,ABSLLIQUID,EQ,1817,1539,84.70
20,253,ABSLNN50ET,EQ,68664,50963,74.22
20,254,ABSLPSE,EQ,1692506,1320747,78.03
20,255,ABSMARINE,ST,206000,180000,87.38
20,256,ACC,EQ,1017937,489331,48.07
20,257,ACCELYA,EQ,16028,9395,58.62
20,258,ACCENTMIC,SM,32000,19500,60.94
20,259,ACCURACY,EQ,356435,303735,85.21
20,260,ACE,EQ,341655,187493,54.88
20,261,ACEINTEG,EQ,7179,5666,78.92
20,262,ACI,EQ,383563,185767,48.43
20,263,ACL,EQ,62416,38323,61.40
20,264,ACLGATI,EQ,488925,268455,54.91
20,265,ACSAL,SM,12000,9000,75.00
20,266,ADANIENSOL,EQ,9453459,4671935,49.42
20,267,ADANIENT,EQ,8511359,2368641,27.83
20,268,ADANIGREEN,EQ,7236091,3321509,45.90
20,269,ADANIPORTS,EQ,23398347,8468980,36.19
20,270,ADANIPOWER,EQ,39973783,9596748,24.01
20,271,ADFFOODS,EQ,144998,73993,51.03
20,272,ADL,EQ,427,293,68.62
20,273,ADORWELD,EQ,31268,19893,63.62
20,274,ADROITINFO,EQ,74538,49076,65.84
20,275,ADSL,EQ,463785,164621,35.50
20,276,ADVANIHOTR,EQ,176060,79730,45.29
20,277,ADVENZYMES,EQ,810463,541165,66.77
20,278,AEGISCHEM,EQ,755260,244932,32.43
20,279,AEROFLEX,EQ,318916,112523,35.28
20,280,AETHER,EQ,84183,44310,52.64
20,281,AFFLE,EQ,248055,110847,44.69
20,282,AGARIND,EQ,98251,58784,59.83
20,283,AGARWALFT,ST,54000,48000,88.89
20,284,AGI,EQ,126397,75217,59.51
20,285,AGNI,SM,127500,102500,80.39
20,286,AGRITECH,EQ,12815,8081,63.06
20,287,AGROPHOS,EQ,59177,45418,76.75
20,288,AGSTRA,EQ,301282,215253,71.45
20,289,AGUL,SM,4000,4000,100.00
20,290,AHL,EQ,305630,172191,56.34
20,291,AHLEAST,EQ,10998,7469,67.91
20,292,AHLUCONT,EQ,205222,66869,32.58
20,293,AIAENG,EQ,505956,482298,95.32
20,294,AIIL,EQ,193245,74547,38.58
20,295,AILIMITED,ST,24000,21000,87.50
20,296,AIRAN,EQ,295796,226445,76.55
20,297,AIROLAM,EQ,19382,11882,61.30
20,298,AIRTELPP,E1,437977,344665,78.69
20,299,AISL,ST,2400,2400,100.00
20,300,AJANTPHARM,EQ,120363,58352,48.48
20,301,AJMERA,EQ,63689,32605,51.19
20,302,AJOONI,EQ,995863,543922,54.62
20,303,AKANKSHA,SM,110000,104000,94.55
20,304,AKASH,EQ,60029,34848,58.05
20,305,AKG,EQ,81572,62814,77.00
20,306,AKI,EQ,190723,143686,75.34
20,307,AKSHARCHEM,EQ,10189,6764,66.39
20,308,AKZOINDIA,EQ,15817,10542,66.65
20,309,ALANKIT,EQ,1673307,1107354,66.18
20,310,ALBERTDAVD,EQ,15319,11036,72.04
20,311,ALEMBICLTD,EQ,776804,391534,50.40
20,312,ALICON,EQ,28725,12670,44.11
20,313,ALKALI,EQ,24166,16142,66.80
20,314,ALKEM,EQ,730200,568665,77.88
20,315,ALKYLAMINE,EQ,33204,18116,54.56
20,316,ALLCARGO,EQ,1492606,828534,55.51
20,317,ALLETEC,SM,54000,32800,60.74
20,318,ALLSEC,EQ,24145,15779,65.35
20,319,ALMONDZ,EQ,60231,38663,64.19
20,320,ALOKINDS,EQ,7822230,4552372,58.20
20,321,ALPA,EQ,32661,22223,68.04
20,322,ALPEXSOLAR,SM,143600,88800,61.84
20,323,ALPHA,EQ,1468205,1012986,68.99
20,324,ALPHAETF,EQ,1005369,884896,88.02
20,325,ALPHAGEO,EQ,21925,11225,51.20
20,326,ALPL30IETF,EQ,1899194,1679028,88.41
20,327,ALUWIND,SM,36000,30000,83.33
20,328,AMBANIORG,SM,13000,9000,69.23
20,329,AMBER,EQ,221181,149507,67.59
20,330,AMBIKCO,EQ,8983,5583,62.15
20,331,AMBUJACEM,EQ,11189978,6380356,57.02
20,332,AMDIND,EQ,27978,19108,68.30
20,333,AMEYA,SM,234000,134000,57.26
20,334,AMIABLE,SM,1600,1600,100.00
20,335,AMIORG,EQ,150321,76895,51.15
20,336,AMJLAND,EQ,106048,73706,69.50
20,337,AMNPLST,EQ,34379,24196,70.38
20,338,AMRUTANJAN,EQ,37837,17659,46.67
20,339,ANANDRATHI,EQ,39728,23887,60.13
20,340,ANANTRAJ,EQ,1910120,1164863,60.98
20,341,ANDHRAPAP,EQ,56350,30930,54.89
20,342,ANDHRSUGAR,EQ,302072,191149,63.28
20,343,ANGELONE,EQ,588066,328615,55.88
20,344,ANIKINDS,EQ,14445,8196,56.74
20,345,ANLON,SM,12400,10400,83.87
20,346,ANMOL,EQ,181770,125433,69.01
20,347,ANNAPURNA,SM,105500,82000,77.73
20,348,ANTGRAPHIC,EQ,1843233,1101175,59.74
20,349,ANUP,EQ,31576,18801,59.54
20,350,ANURAS,EQ,185005,120250,65.00
20,351,APARINDS,EQ,145824,59567,40.85
20,352,APCL,EQ,17977,11915,66.28
20,353,APCOTEXIND,EQ,41202,22775,55.28
20,354,APEX,EQ,57245,38142,66.63
20,355,APLAPOLLO,EQ,817335,552417,67.59
20,356,APLLTD,EQ,61507,30004,48.78
20,357,APOLLO,EQ,777500,519821,66.86
20,358,APOLLOHOSP,EQ,804820,448914,55.78
20,359,APOLLOPIPE,EQ,166880,122545,73.43
20,360,APOLLOTYRE,EQ,2122390,1142658,53.84
20,361,APOLSINHOT,EQ,3734,2334,62.51
20,362,APS,SM,26000,26000,100.00
20,363,APTECHT,EQ,125108,70838,56.62
20,364,APTUS,EQ,1536585,996083,64.82
20,365,ARABIAN,SM,6000,6000,100.00
20,366,ARE&M,EQ,1226643,571764,46.61
20,367,ARENTERP,EQ,4474,3460,77.34
20,368,ARHAM,ST,39000,33000,84.62
20,369,ARIES,EQ,95734,52071,54.39
20,370,ARIHANTACA,SM,6400,4000,62.50
20,371,ARIHANTCAP,EQ,462706,290183,62.71
20,372,ARIHANTSUP,EQ,112031,71747,64.04
20,373,ARISTO,SM,1600,1600,100.00
20,374,ARMANFIN,EQ,92554,64233,69.40
20,375,AROGRANITE,EQ,95152,80758,84.87
20,376,ARROWGREEN,EQ,122758,44956,36.62
20,377,ARTEMISMED,EQ,198273,128889,65.01
20,378,ARTNIRMAN,EQ,9528,7461,78.31
20,379,ARVIND,EQ,1823705,1151068,63.12
20,380,ARVINDFASN,EQ,262603,148264,56.46
20,381,ARVSMART,EQ,41056,21542,52.47
20,382,ASAHIINDIA,EQ,90832,46373,51.05
20,383,ASAHISONG,EQ,147505,33740,22.87
20,384,ASAL,EQ,120454,54950,45.62
20,385,ASALCBR,EQ,65768,38435,58.44
20,386,ASHAPURMIN,EQ,492872,322435,65.42
20,387,ASHIANA,EQ,98491,55665,56.52
20,388,ASHIMASYN,EQ,1859929,984633,52.94
20,389,ASHOKA,EQ,6228859,3209260,51.52
20,390,ASHOKAMET,EQ,1892400,855462,45.21
20,391,ASHOKLEY,EQ,27249178,12361642,45.37
20,392,ASIANENE,EQ,86644,53464,61.71
20,393,ASIANPAINT,EQ,952701,571615,60.00
20,394,ASIANTILES,EQ,550160,346888,63.05
20,395,ASKAUTOLTD,EQ,189139,131096,69.31
20,396,ASMS,EQ,65188,48700,74.71
20,397,ASPINWALL,EQ,10940,3839,35.09
20,398,ASPIRE,SM,72000,68000,94.44
20,399,ASTEC,EQ,74348,53675,72.19
20,400,ASTERDM,EQ,1363977,753515,55.24
20,401,ASTRAL,EQ,756841,258297,34.13
20,402,ASTRAMICRO,EQ,681751,307893,45.16
20,403,ASTRAZEN,EQ,8461,3570,42.19
20,404,ATFL,EQ,22462,10900,48.53
20,405,ATGL,EQ,10556786,3083076,29.20
20,406,ATL,EQ,1036218,655535,63.26
20,407,ATMASTCO,SM,156800,112000,71.43
20,408,ATUL,EQ,38794,15989,41.22
20,409,ATULAUTO,EQ,408241,106973,26.20
20,410,AUBANK,EQ,7158268,1939615,27.10
20,411,AURDIS,SM,3500,2000,57.14
20,412,AURIONPRO,EQ,22213,16708,75.22
20,413,AUROIMPEX,SM,118400,81600,68.92
20,414,AUROPHARMA,EQ,1782095,731902,41.07
20,415,AURUM,EQ,346651,245767,70.90
20,416,AURUMPP1,E1,23300,19541,83.87
20,417,AUTOAXLES,EQ,21430,13632,63.61
20,418,AUTOBEES,EQ,223256,127207,56.98
20,419,AUTOIETF,EQ,625254,387994,62.05
20,420,AUTOIND,EQ,81122,44078,54.34
20,421,AVADHSUGAR,EQ,35716,13593,38.06
20,422,AVALON,EQ,164513,110390,67.10
20,423,AVANTIFEED,EQ,404073,198258,49.06
20,424,AVG,EQ,196394,102509,52.20
20,425,AVONMORE,EQ,63720,32532,51.05
20,426,AVPINFRA,SM,566400,404800,71.47
20,427,AVROIND,EQ,38044,23372,61.43
20,428,AVSL,ST,6000,5000,83.33
20,429,AVTNPL,EQ,289376,146605,50.66
20,430,AWFIS,EQ,1135227,668166,58.86
20,431,AWHCL,EQ,116123,76385,65.78
20,432,AWL,EQ,10215851,3902937,38.20
20,433,AXISBANK,EQ,22197339,10802930,48.67
20,434,AXISBNKETF,EQ,45039,42927,95.31
20,435,AXISBPSETF,EQ,2044967,2015441,98.56
20,436,AXISCADES,EQ,467659,209404,44.78
20,437,AXISCETF,EQ,1868,1302,69.70
20,438,AXISGOLD,EQ,186158,140849,75.66
20,439,AXISHCETF,EQ,6719,4469,66.51
20,440,AXISILVER,EQ,41980,32651,77.78
20,441,AXISNIFTY,EQ,19330,16296,84.30
20,442,AXISTECETF,EQ,8694,7958,91.53
20,443,AXITA,EQ,1020014,651511,63.87
20,444,AXSENSEX,EQ,7426,6482,87.29
20,445,AYMSYNTEX,EQ,303420,88271,29.09
20,446,AZAD,EQ,268104,165147,61.60
20,447,BABAFP,SM,19200,9600,50.00
20,448,BAHETI,SM,110250,91500,82.99
20,449,BAIDFIN,EQ,514067,130595,25.40
20,450,BAJAJ-AUTO,EQ,438422,201391,45.94
20,451,BAJAJCON,EQ,278114,156392,56.23
20,452,BAJAJELEC,EQ,810844,756454,93.29
20,453,BAJAJFINSV,EQ,1826290,1110021,60.78
20,454,BAJAJHCARE,EQ,70949,40182,56.64
20,455,BAJAJHIND,EQ,19123305,9539185,49.88
20,456,BAJAJHLDNG,EQ,28468,22087,77.59
20,457,BAJEL,EQ,484084,308382,63.70
20,458,BAJFINANCE,EQ,1148212,655450,57.08
20,459,BALAJITELE,EQ,265014,163414,61.66
20,460,BALAMINES,EQ,44299,24170,54.56
20,461,BALAXI,EQ,122419,75950,62.04
20,462,BALKRISHNA,EQ,91349,53212,58.25
20,463,BALKRISIND,EQ,462034,308812,66.84
20,464,BALMLAWRIE,EQ,1335130,559140,41.88
20,465,BALPHARMA,EQ,42920,27448,63.95
20,466,BALRAMCHIN,EQ,2137006,862352,40.35
20,467,BALUFORGE,EQ,414943,227656,54.86
20,468,BANARBEADS,EQ,12626,3297,26.11
20,469,BANARISUG,EQ,1630,1207,74.05
20,470,BANCOINDIA,EQ,72758,40036,55.03
20,471,BANDHANBNK,EQ,18181203,9385117,51.62
20,472,BANG,EQ,5039,3631,72.06
20,473,BANKBARODA,EQ,74818392,30912498,41.32
20,474,BANKBARODA,T0,50,50,100.00
20,475,BANKBEES,EQ,2934534,1929696,65.76
20,476,BANKBETF,EQ,72316,60908,84.22
20,477,BANKETF,EQ,75340,52391,69.54
20,478,BANKETFADD,EQ,10421319,10360082,99.41
20,479,BANKIETF,EQ,2389609,1511851,63.27
20,480,BANKINDIA,EQ,34037315,17809400,52.32
20,481,BANKNIFTY1,EQ,339878,279045,82.10
20,482,BANSWRAS,EQ,52976,35346,66.72
20,483,BARBEQUE,EQ,48107,23787,49.45
20,484,BASF,EQ,22781,7657,33.61
20,485,BASILIC,SM,73500,48900,66.53
20,486,BASML,EQ,67131,45844,68.29
20,487,BATAINDIA,EQ,527951,153169,29.01
20,488,BAWEJA,SM,39200,28000,71.43
20,489,BAYERCROP,EQ,16592,8096,48.79
20,490,BBETF0432,EQ,1597,1512,94.68
20,491,BBL,EQ,89156,65398,73.35
20,492,BBNPPGOLD,EQ,887,871,98.20
20,493,BBOX,EQ,125780,72966,58.01
20,494,BBTC,EQ,47466,23462,49.43
20,495,BBTCL,EQ,5378,2812,52.29
20,496,BCLIND,EQ,763402,432278,56.63
20,497,BCONCEPTS,EQ,16673,9217,55.28
20,498,BDL,EQ,3797720,1517024,39.95
20,499,BEARDSELL,EQ,86023,54914,63.84
20,500,BECTORFOOD,EQ,184137,104923,56.98
20,501,BEDMUTHA,EQ,28723,17300,60.23
20,502,BEL,EQ,67256146,26345386,39.17
20,503,BEML,EQ,1167647,321336,27.52
20,504,BEPL,EQ,381388,213969,56.10
20,505,BERGEPAINT,EQ,2352584,1127324,47.92
20,506,BESTAGRO,EQ,20895,13206,63.20
20,507,BETA,SM,8500,6500,76.47
20,508,BEWLTD,SM,375,375,100.00
20,509,BFINVEST,EQ,127698,61299,48.00
20,510,BFSI,EQ,970935,817850,84.23
20,511,BFUTILITIE,EQ,739970,230421,31.14
20,512,BHAGCHEM,EQ,133469,93131,69.78
20,513,BHAGERIA,EQ,66320,36329,54.78
20,514,BHAGYANGR,EQ,79913,46830,58.60
20,515,BHANDARI,EQ,629650,403157,64.03
20,516,BHARATFORG,EQ,1873076,632238,33.75
20,517,BHARATGEAR,EQ,31640,22142,69.98
20,518,BHARATRAS,EQ,19124,8167,42.71
20,519,BHARATWIRE,EQ,341399,186299,54.57
20,520,BHARTIARTL,EQ,6017122,3987543,66.27
20,521,BHARTIHEXA,EQ,555233,264781,47.69
20,522,BHEL,EQ,33744563,14324607,42.45
20,523,BHINVIT,IV,225504,149726,66.40
20,524,BIGBLOC,EQ,148950,74919,50.30
20,525,BIKAJI,EQ,891613,475553,53.34
20,526,BIOCON,EQ,5311869,1991168,37.49
20,527,BIOFILCHEM,EQ,98835,72694,73.55
20,528,BIRDYS,SM,18000,14400,80.00
20,529,BIRET,RR,188265,167976,89.22
20,530,BIRLACABLE,EQ,105593,52367,49.59
20,531,BIRLACORPN,EQ,248860,105197,42.27
20,532,BIRLAMONEY,EQ,153303,149873,97.76
20,533,BLAL,EQ,1042064,455088,43.67
20,534,BLISSGVS,EQ,277855,168534,60.66
20,535,BLKASHYAP,EQ,7037280,3755976,53.37
20,536,BLS,EQ,1699597,608691,35.81
20,537,BLSE,EQ,402334,159977,39.76
20,538,BLUEDART,EQ,7243,3482,48.07
20,539,BLUEJET,EQ,144755,102527,70.83
20,540,BLUEPEBBLE,SM,16800,12000,71.43
20,541,BLUESTARCO,EQ,196396,94608,48.17
20,542,BMETRICS,SM,38000,28800,75.79
20,543,BODALCHEM,EQ,381896,228432,59.82
20,544,BOMDYEING,EQ,1127600,503926,44.69
20,545,BOROLTD,EQ,200634,83443,41.59
20,546,BORORENEW,EQ,483471,201825,41.75
20,547,BOSCHLTD,EQ,44990,24001,53.35
20,548,BPCL,EQ,16914117,6506680,38.47
20,549,BPL,EQ,221309,107705,48.67
20,550,BRIGADE,EQ,547786,188249,34.37
20,551,BRIGHT,SM,405000,333000,82.22
20,552,BRITANNIA,EQ,199328,100541,50.44
20,553,BSE,EQ,1154936,672016,58.19
20,554,BSE500IETF,EQ,235601,146285,62.09
20,555,BSHSL,EQ,19111,13046,68.26
20,556,BSL,EQ,8080,4833,59.81
20,557,BSLGOLDETF,EQ,30252,17089,56.49
20,558,BSLNIFTY,EQ,3626234,3438501,94.82
20,559,BSLSENETFG,EQ,6606,6220,94.16
20,560,BSOFT,EQ,1290779,456434,35.36
20,561,BTML,EQ,1575968,847978,53.81
20,562,BURNPUR,EQ,595768,402633,67.58
20,563,BUTTERFLY,EQ,3351,1647,49.15
20,564,BVCL,EQ,34887,22328,64.00
20,565,BYKE,EQ,93916,75785,80.69
20,566,CADSYS,ST,1500,1500,100.00
20,567,CAMLINFINE,EQ,358606,228702,63.78
20,568,CAMPUS,EQ,2887217,626273,21.69
20,569,CAMS,EQ,320998,196625,61.25
20,570,CANARYS,SM,124000,92000,74.19
20,571,CANBK,EQ,93777898,46221411,49.29
20,572,CANFINHOME,EQ,753365,357737,47.49
20,573,CANTABIL,EQ,104623,44377,42.42
20,574,CAPACITE,EQ,1080082,567515,52.54
20,575,CAPITALSFB,EQ,55291,28269,51.13
20,576,CAPLIPOINT,EQ,69461,38224,55.03
20,577,CAPTRUST,EQ,10921,6815,62.40
20,578,CARBORUNIV,EQ,245941,176857,71.91
20,579,CAREERP,EQ,75350,51833,68.79
20,580,CARERATING,EQ,40426,23578,58.32
20,581,CARTRADE,EQ,180155,82445,45.76
20,582,CARYSIL,EQ,112540,49181,43.70
20,583,CASTROLIND,EQ,3738087,1726460,46.19
20,584,CCHHL,EQ,413201,313031,75.76
20,585,CCL,EQ,207248,150021,72.39
20,586,CDSL,EQ,1534941,685761,44.68
20,587,CEATLTD,EQ,89110,42526,47.72
20,588,CELEBRITY,EQ,438159,267520,61.06
20,589,CELLECOR,SM,37200,27000,72.58
20,590,CELLO,EQ,370759,232456,62.70
20,591,CELLPOINT,SM,57600,44400,77.08
20,592,CENTENKA,EQ,95670,43249,45.21
20,593,CENTEXT,EQ,199156,119504,60.01
20,594,CENTRALBK,EQ,95389337,31163198,32.67
20,595,CENTRUM,EQ,1071397,579451,54.08
20,596,CENTUM,EQ,30717,15966,51.98
20,597,CENTURYPLY,EQ,255804,170895,66.81
20,598,CENTURYTEX,EQ,270424,81445,30.12
20,599,CERA,EQ,72476,65370,90.20
20,600,CESC,EQ,8353049,3970350,47.53
20,601,CGCL,EQ,1561233,278136,17.82
20,602,CGPOWER,EQ,5283814,2512554,47.55
20,603,CGRAPHICS,SM,372800,260800,69.96
20,604,CHALET,EQ,280914,128765,45.84
20,605,CHAMBLFERT,EQ,1587585,615926,38.80
20,606,CHAVDA,SM,106000,82000,77.36
20,607,CHEMBOND,EQ,16026,11042,68.90
20,608,CHEMCON,EQ,34365,20553,59.81
20,609,CHEMFAB,EQ,11285,9294,82.36
20,610,CHEMPLASTS,EQ,139405,75696,54.30
20,611,CHENNPETRO,EQ,1156332,409066,35.38
20,612,CHEVIOT,EQ,14123,9771,69.19
20,613,CHOICEIN,EQ,721486,301098,41.73
20,614,CHOLAFIN,EQ,1873865,1032881,55.12
20,615,CHOLAHLDNG,EQ,293178,256301,87.42
20,616,CIEINDIA,EQ,368964,193712,52.50
20,617,CIFC26,NK,10,10,100.00
20,618,CIFCZC28,NH,10,10,100.00
20,619,CIGNITITEC,EQ,109800,85960,78.29
20,620,CINELINE,EQ,109098,88640,81.25
20,621,CIPLA,EQ,1335614,825476,61.80
20,622,CLEAN,EQ,86796,42851,49.37
20,623,CLEDUCATE,EQ,36222,25247,69.70
20,624,CLOUD,SM,467000,399000,85.44
20,625,CLSEL,EQ,198477,111950,56.40
20,626,CLSL,SM,8000,8000,100.00
20,627,CMMIPL,ST,75000,75000,100.00
20,628,CMNL,SM,46500,31500,67.74
20,629,CMRSL,SM,19200,16800,87.50
20,630,CMSINFO,EQ,1229433,784574,63.82
20,631,COALINDIA,EQ,24416215,10388378,42.55
20,632,COASTCORP,EQ,15142,10820,71.46
20,633,COCHINSHIP,EQ,4497698,1359539,30.23
20,634,COFFEEDAY,EQ,2398149,1062371,44.30
20,635,COFORGE,EQ,854826,451499,52.82
20,636,COLPAL,EQ,383418,232864,60.73
20,637,COMMITTED,SM,4800,4800,100.00
20,638,COMMOIETF,EQ,223873,202385,90.40
20,639,COMPUSOFT,EQ,89002,52657,59.16
20,640,COMSYN,EQ,13845,9586,69.24
20,641,CONCOR,EQ,7777140,3094472,39.79
20,642,CONCORDBIO,EQ,92182,41832,45.38
20,643,CONFIPET,EQ,3248960,1846866,56.84
20,644,CONS,EQ,656,501,76.37
20,645,CONSOFINVT,EQ,35208,21446,60.91
20,646,CONSUMBEES,EQ,110786,85218,76.92
20,647,CONSUMIETF,EQ,15446,13122,84.95
20,648,CONTI,SM,26664,19998,75.00
20,649,CONTROLPR,EQ,26825,13711,51.11
20,650,COOLCAPS,SM,2250,2000,88.89
20,651,CORALFINAC,EQ,116726,73337,62.83
20,652,CORDSCABLE,EQ,84940,59526,70.08
20,653,COROMANDEL,EQ,610996,303000,49.59
20,654,COSMOFIRST,EQ,53506,33359,62.35
20,655,COUNCODOS,EQ,135049,85769,63.51
20,656,CPS,ST,7200,6600,91.67
20,657,CPSEETF,EQ,36552225,26573718,72.70
20,658,CRAFTSMAN,EQ,34207,18647,54.51
20,659,CRAYONS,SM,44000,38000,86.36
20,660,CREATIVE,EQ,7687,4156,54.07
20,661,CREDITACC,EQ,364551,230379,63.20
20,662,CREST,EQ,21713,13288,61.20
20,663,CRISIL,EQ,51395,31718,61.71
20,664,CROMPTON,EQ,1995891,862460,43.21
20,665,CSBBANK,EQ,573530,351401,61.27
20,666,CSLFINANCE,EQ,66350,26741,40.30
20,667,CUB,EQ,3932154,1636495,41.62
20,668,CUMMINSIND,EQ,1219845,567538,46.53
20,669,CYBERTECH,EQ,46159,28094,60.86
20,670,CYIENT,EQ,284491,191898,67.45
20,671,CYIENTDLM,EQ,809305,515858,63.74
20,672,DABUR,EQ,2836670,1889997,66.63
20,673,DALBHARAT,EQ,847022,503751,59.47
20,674,DALMIASUG,EQ,62524,33637,53.80
20,675,DAMODARIND,EQ,19363,12809,66.15
20,676,DANGEE,EQ,626916,520883,83.09
20,677,DATAMATICS,EQ,177346,109362,61.67
20,678,DATAPATTNS,EQ,459103,201681,43.93
20,679,DAVANGERE,EQ,4212556,2471735,58.68
20,680,DBCORP,EQ,611083,539737,88.32
20,681,DBL,EQ,852733,352008,41.28
20,682,DBOL,EQ,261632,174095,66.54
20,683,DBREALTY,EQ,4856635,2174559,44.78
20,684,DBSTOCKBRO,EQ,21297,14727,69.15
20,685,DCAL,EQ,1347477,659957,48.98
20,686,DCBBANK,EQ,2162811,1122663,51.91
20,687,DCG,SM,102000,62400,61.18
20,688,DCM,EQ,25352,15895,62.70
20,689,DCMNVL,EQ,47999,35994,74.99
20,690,DCMSHRIRAM,EQ,39939,21583,54.04
20,691,DCMSRIND,EQ,288830,152449,52.78
20,692,DCW,EQ,1295322,671071,51.81
20,693,DCXINDIA,EQ,516464,270414,52.36
20,694,DECCANCE,EQ,14562,11409,78.35
20,695,DEEM,SM,115000,90000,78.26
20,696,DEEPAKFERT,EQ,616265,335583,54.45
20,697,DEEPAKNTR,EQ,270605,115090,42.53
20,698,DEEPENR,EQ,25334,13298,52.49
20,699,DEEPINDS,EQ,143187,65617,45.83
20,700,DELAPLEX,SM,10800,9000,83.33
20,701,DELHIVERY,EQ,1473107,1018101,69.11
20,702,DELPHIFX,EQ,46863,31753,67.76
20,703,DELTACORP,EQ,2022087,1023401,50.61
20,704,DELTAMAGNT,EQ,11506,6800,59.10
20,705,DEN,EQ,1129453,649838,57.54
20,706,DENEERS,SM,2400,2400,100.00
20,707,DENORA,EQ,18711,8828,47.18
20,708,DENTALKART,SM,15500,10750,69.35
20,709,DESTINY,ST,15000,15000,100.00
20,710,DEVIT,EQ,42582,25149,59.06
20,711,DEVYANI,EQ,2928833,1705986,58.25
20,712,DHAMPURSUG,EQ,283140,148253,52.36
20,713,DHANBANK,EQ,1559354,1188637,76.23
20,714,DHANI,EQ,4959786,2594480,52.31
20,715,DHANUKA,EQ,48042,27460,57.16
20,716,DHARMAJ,EQ,114295,71945,62.95
20,717,DHTL,SM,3200,3200,100.00
20,718,DHUNINV,EQ,2862,2111,73.76
20,719,DIAMINESQ,EQ,16959,10091,59.50
20,720,DIAMONDYD,EQ,40858,22903,56.06
20,721,DICIND,EQ,3459,2422,70.02
20,722,DIGIKORE,SM,28800,25400,88.19
20,723,DIGISPICE,EQ,118591,79034,66.64
20,724,DIL,EQ,1581799,972967,61.51
20,725,DISHTV,EQ,21468310,8167513,38.04
20,726,DIVGIITTS,EQ,61595,32413,52.62
20,727,DIVISLAB,EQ,515368,297498,57.73
20,728,DIVOPPBEES,EQ,101161,71241,70.42
20,729,DIXON,EQ,493881,132919,26.91
20,730,DKEGL,SM,13500,7500,55.56
20,731,DLF,EQ,9999975,5788101,57.88
20,732,DLINKINDIA,EQ,274919,98638,35.88
20,733,DLSLNIFT24,NH,26,26,100.00
20,734,DMART,EQ,279797,118118,42.22
20,735,DMCC,EQ,89789,48427,53.93
20,736,DNAMEDIA,EQ,325626,194563,59.75
20,737,DODLA,EQ,51915,27350,52.68
20,738,DOLATALGO,EQ,790309,406852,51.48
20,739,DOLLAR,EQ,161793,113238,69.99
20,740,DOLLEX,SM,36000,12000,33.33
20,741,DOMS,EQ,128633,54941,42.71
20,742,DONEAR,EQ,129951,89002,68.49
20,743,DPABHUSHAN,EQ,17466,5149,29.48
20,744,DPSCLTD,EQ,880920,600455,68.16
20,745,DPWIRES,EQ,49736,23487,47.22
20,746,DRCSYSTEMS,EQ,445453,305476,68.58
20,747,DREAMFOLKS,EQ,317450,168772,53.16
20,748,DREDGECORP,EQ,220473,134087,60.82
20,749,DRONE,SM,113000,82000,72.57
20,750,DRREDDY,EQ,417511,276263,66.17
20,751,DSSL,EQ,85397,39829,46.64
20,752,DTIL,EQ,8235,4411,53.56
20,753,DUCOL,SM,23200,18400,79.31
20,754,DUGLOBAL,SM,110000,75000,68.18
20,755,DVL,EQ,31329,19337,61.72
20,756,DWARKESH,EQ,813594,404069,49.66
20,757,DYCL,EQ,89360,47745,53.43
20,758,DYNAMATECH,EQ,11266,7037,62.46
20,759,DYNAMIC,SM,114000,85000,74.56
20,760,DYNPRO,EQ,21456,11276,52.55
20,761,EASEMYTRIP,EQ,14990409,6077395,40.54
20,762,EBBETF0425,EQ,3454,2417,69.98
20,763,EBBETF0430,EQ,4536,2756,60.76
20,764,EBBETF0431,EQ,11368,8797,77.38
20,765,EBBETF0433,EQ,4251,2535,59.63
20,766,ECLERX,EQ,47585,26700,56.11
20,767,EDELWEISS,EQ,5768784,2888645,50.07
20,768,EFACTOR,SM,145600,117600,80.77
20,769,EFORCE,SM,139200,100800,72.41
20,770,EGOLD,EQ,4048,3082,76.14
20,771,EICHERMOT,EQ,1070710,598784,55.92
20,772,EIDPARRY,EQ,585245,293950,50.23
20,773,EIFFL,EQ,31951,18248,57.11
20,774,EIHAHOTELS,EQ,21347,9806,45.94
20,775,EIHOTEL,EQ,900609,490546,54.47
20,776,EKC,EQ,539222,320755,59.48
20,777,ELDEHSG,EQ,3317,2265,68.28
20,778,ELECON,EQ,399593,263666,65.98
20,779,ELECTCAST,EQ,3229948,1952169,60.44
20,780,ELGIEQUIP,EQ,123351,67303,54.56
20,781,ELIN,EQ,372111,125570,33.75
20,782,EMAMILTD,EQ,1939673,721365,37.19
20,783,EMAMIPAP,EQ,49588,28585,57.64
20,784,EMAMIREAL,EQ,42467,28392,66.86
20,785,EMBASSY,RR,2051578,1930113,94.08
20,786,EMIL,EQ,805940,469932,58.31
20,787,EMKAY,EQ,62861,25532,40.62
20,788,EMKAYTOOLS,SM,3000,3000,100.00
20,789,EMMBI,EQ,65804,43928,66.76
20,790,EMMIL,SM,63000,49000,77.78
20,791,EMSLIMITED,EQ,359556,196935,54.77
20,792,EMUDHRA,EQ,152541,71130,46.63
20,793,ENDURANCE,EQ,369457,235734,63.81
20,794,ENERGYDEV,EQ,150124,117959,78.57
20,795,ENFUSE,SM,21600,14400,66.67
20,796,ENGINERSIN,EQ,15177765,5421271,35.72
20,797,ENIL,EQ,49815,27533,55.27
20,798,ENSER,SM,50000,36000,72.00
20,799,ENTERO,EQ,35960,21290,59.20
20,800,EPACK,EQ,683696,356382,52.13
20,801,EPIGRAL,EQ,52847,29702,56.20
20,802,EPL,EQ,1306365,893906,68.43
20,803,EQUAL50ADD,EQ,86942,75473,86.81
20,804,EQUITASBNK,EQ,2966643,1602399,54.01
20,805,ERIS,EQ,66221,34231,51.69
20,806,EROSMEDIA,EQ,477738,327139,68.48
20,807,ESABINDIA,EQ,18951,8503,44.87
20,808,ESAFSFB,EQ,807770,537769,66.57
20,809,ESCONET,SM,104800,92000,87.79
20,810,ESCORTS,EQ,196258,64549,32.89
20,811,ESFL,SM,38400,30000,78.13
20,812,ESG,EQ,44746,43758,97.79
20,813,ESILVER,EQ,15682,8743,55.75
20,814,ESSARSHPNG,EQ,1062729,436626,41.09
20,815,ESTER,EQ,265264,78169,29.47
20,816,ETHOSLTD,EQ,27452,14620,53.26
20,817,EUROBOND,SM,7000,6000,85.71
20,818,EVEREADY,EQ,100060,56698,56.66
20,819,EVERESTIND,EQ,14407,7605,52.79
20,820,EXCEL,EQ,25873019,15185827,58.69
20,821,EXCELINDUS,EQ,109426,22473,20.54
20,822,EXICOM,EQ,3234941,1332309,41.18
20,823,EXIDEIND,EQ,6117134,1850996,30.26
20,824,EXPLEOSOL,EQ,41210,28147,68.30
20,825,EXXARO,EQ,101901,60364,59.24
20,826,FACT,EQ,440417,106277,24.13
20,827,FAIRCHEMOR,EQ,22770,11179,49.10
20,828,FAZE3Q,EQ,14579,9320,63.93
20,829,FCL,EQ,407132,191164,46.95
20,830,FCSSOFT,EQ,5280201,3816051,72.27
20,831,FDC,EQ,411393,255100,62.01
20,832,FEDERALBNK,EQ,20720708,5702009,27.52
20,833,FEDFINA,EQ,207550,133279,64.22
20,834,FELIX,SM,43000,15000,34.88
20,835,FIBERWEB,EQ,151683,92491,60.98
20,836,FIDEL,SM,1000,1000,100.00
20,837,FIEMIND,EQ,1527650,1067246,69.86
20,838,FILATEX,EQ,1345615,603747,44.87
20,839,FILATFASH,EQ,13988771,6424923,45.93
20,840,FINCABLES,EQ,338800,217036,64.06
20,841,FINEORG,EQ,25981,12869,49.53
20,842,FINIETF,EQ,610748,557729,91.32
20,843,FINOPB,EQ,88771,51659,58.19
20,844,FINPIPE,EQ,3142916,1127881,35.89
20,845,FIVESTAR,EQ,493021,211954,42.99
20,846,FLAIR,EQ,77879,44409,57.02
20,847,FLUOROCHEM,EQ,46226,27336,59.14
20,848,FMCGIETF,EQ,279987,168034,60.01
20,849,FMGOETZE,EQ,720189,342267,47.52
20,850,FMNL,EQ,69807,63732,91.30
20,851,FOCE,SM,2200,2200,100.00
20,852,FOCUS,EQ,581686,51902,8.92
20,853,FONEBOX,SM,1000,1000,100.00
20,854,FOODSIN,EQ,335219,211280,63.03
20,855,FORCEMOT,EQ,29401,18032,61.33
20,856,FORTIS,EQ,1476514,836826,56.68
20,857,FOSECOIND,EQ,7067,3096,43.81
20,858,FROG,SM,141600,85200,60.17
20,859,FSL,EQ,1654781,857230,51.80
20,860,FUSION,EQ,473626,380876,80.42
20,861,GABRIEL,EQ,464790,256689,55.23
20,862,GAEL,EQ,1033284,507452,49.11
20,863,GAIL,EQ,106239940,46957401,44.20
20,864,GALAXYSURF,EQ,20654,10103,48.92
20,865,GANDHAR,EQ,532539,315997,59.34
20,866,GANDHITUBE,EQ,18714,9891,52.85
20,867,GANECOS,EQ,127163,74587,58.65
20,868,GANESHBE,EQ,276077,146907,53.21
20,869,GANESHHOUC,EQ,43345,43178,99.61
20,870,GANGESSECU,EQ,9581,6390,66.69
20,871,GARFIBRES,EQ,14633,7378,50.42
20,872,GATEWAY,EQ,922888,544929,59.05
20,873,GEECEE,EQ,112376,25565,22.75
20,874,GEEKAYWIRE,EQ,288591,163464,56.64
20,875,GENCON,EQ,71719,46353,64.63
20,876,GENESYS,EQ,156038,99736,63.92
20,877,GENSOL,EQ,152322,95838,62.92
20,878,GENUSPAPER,EQ,680645,398886,58.60
20,879,GENUSPOWER,EQ,1747914,1047805,59.95
20,880,GEOJITFSL,EQ,737433,405484,54.99
20,881,GEPIL,EQ,627313,261426,41.67
20,882,GESHIP,EQ,1320329,609154,46.14
20,883,GFLLIMITED,EQ,148596,102815,69.19
20,884,GHCL,EQ,423589,246841,58.27
20,885,GHCLTEXTIL,EQ,380115,237499,62.48
20,886,GICHSGFIN,EQ,523682,247860,47.33
20,887,GICRE,EQ,2487040,886317,35.64
20,888,GILLANDERS,EQ,14639,10582,72.29
20,889,GILLETTE,EQ,41887,29284,69.91
20,890,GILT5YBEES,EQ,244510,141862,58.02
20,891,GINNIFILA,EQ,168009,90060,53.60
20,892,GIPCL,EQ,7996068,2362875,29.55
20,893,GIRIRAJ,ST,250,250,100.00
20,894,GLAND,EQ,366071,294842,80.54
20,895,GLAXO,EQ,246756,115982,47.00
20,896,GLENMARK,EQ,466303,164850,35.35
20,897,GLOBALPET,SM,1500,1500,100.00
20,898,GLOBE,EQ,1407778,876616,62.27
20,899,GLOBUSSPR,EQ,110394,67698,61.32
20,900,GLOSTERLTD,EQ,2530,2162,85.45
20,901,GLS,EQ,94330,62404,66.15
20,902,GMBREW,EQ,78917,24782,31.40
20,903,GMDCLTD,EQ,1876899,741778,39.52
20,904,GMMPFAUDLR,EQ,344311,228180,66.27
20,905,GMRINFRA,EQ,58456620,29318854,50.15
20,906,GMRP&UI,EQ,6278019,4504186,71.75
20,907,GNA,EQ,68244,34656,50.78
20,908,GNFC,EQ,832118,332387,39.94
20,909,GOACARBON,EQ,50633,22377,44.19
20,910,GOCLCORP,EQ,54878,26562,48.40
20,911,GOCOLORS,EQ,45832,27772,60.60
20,912,GODFRYPHLP,EQ,154547,51296,33.19
20,913,GODHA,EQ,24316503,10872511,44.71
20,914,GODIGIT,EQ,706028,548350,77.67
20,915,GODREJAGRO,EQ,92772,51389,55.39
20,916,GODREJCP,EQ,825033,444485,53.87
20,917,GODREJIND,EQ,507832,261798,51.55
20,918,GODREJPROP,EQ,2080492,682789,32.82
20,919,GOKEX,EQ,129526,72127,55.69
20,920,GOKULAGRO,EQ,300707,120612,40.11
20,921,GOLD1,EQ,505959,406050,80.25
20,922,GOLDBEES,EQ,13340542,9924543,74.39
20,923,GOLDCASE,EQ,632843,427143,67.50
20,924,GOLDETF,EQ,93202,79454,85.25
20,925,GOLDETFADD,EQ,5129,4260,83.06
20,926,GOLDIAM,EQ,327621,178750,54.56
20,927,GOLDIETF,EQ,744519,613209,82.36
20,928,GOLDKART,ST,5000,5000,100.00
20,929,GOLDSHARE,EQ,111138,95618,86.04
20,930,GOLDSTAR,SM,213750,168750,78.95
20,931,GOLDTECH,EQ,27868,15167,54.42
20,932,GOODLUCK,EQ,101874,45246,44.41
20,933,GOPAL,EQ,118668,75344,63.49
20,934,GOYALSALT,SM,23400,18600,79.49
20,935,GPIL,EQ,645095,317231,49.18
20,936,GPPL,EQ,4510325,1528776,33.90
20,937,GPTHEALTH,EQ,182783,98416,53.84
20,938,GRANULES,EQ,2268069,801996,35.36
20,939,GRAPHISAD,SM,16800,14400,85.71
20,940,GRAPHITE,EQ,481934,206309,42.81
20,941,GRASIM,EQ,807692,464973,57.57
20,942,GRASIMPP,E1,29378,26240,89.32
20,943,GRAVITA,EQ,240796,80740,33.53
20,944,GRCL,SM,500,500,100.00
20,945,GREAVESCOT,EQ,1117077,595614,53.32
20,946,GREENCHEF,SM,59200,54400,91.89
20,947,GREENLAM,EQ,121322,52078,42.93
20,948,GREENPANEL,EQ,467829,331766,70.92
20,949,GREENPLY,EQ,235632,129170,54.82
20,950,GREENPOWER,EQ,7404468,5808774,78.45
20,951,GRETEX,ST,9000,9000,100.00
20,952,GRINDWELL,EQ,104465,56123,53.72
20,953,GRINFRA,EQ,74855,34932,46.67
20,954,GRMOVER,EQ,61998,33885,54.65
20,955,GROBTEA,EQ,525,292,55.62
20,956,GRPLTD,EQ,1004,608,60.56
20,957,GRSE,EQ,1117229,477016,42.70
20,958,GRWRHITECH,EQ,79300,50606,63.82
20,959,GSEC10IETF,EQ,25,24,96.00
20,960,GSEC10YEAR,EQ,2597,1296,49.90
20,961,GSEC5IETF,EQ,303,299,98.68
20,962,GSFC,EQ,2263433,1116878,49.34
20,963,GSLSU,EQ,75730,49116,64.86
20,964,GSMFOILS,ST,116000,116000,100.00
20,965,GSPL,EQ,4287348,2623364,61.19
20,966,GSTL,SM,9000,9000,100.00
20,967,GTLINFRA,EQ,14925487,14925407,100.00
20,968,GTPL,EQ,33931,18394,54.21
20,969,GUFICBIO,EQ,72138,37717,52.28
20,970,GUJALKALI,EQ,94491,53384,56.50
20,971,GUJAPOLLO,EQ,17296,8999,52.03
20,972,GUJGASLTD,EQ,2601074,692789,26.63
20,973,GUJRAFFIA,EQ,18543,13648,73.60
20,974,GULFOILLUB,EQ,164236,85655,52.15
20,975,GULFPETRO,EQ,122022,70905,58.11
20,976,GULPOLY,EQ,107275,56608,52.77
20,977,GVKPIL,EQ,2901294,2291615,78.99
20,978,GVPTECH,EQ,217196,217196,100.00
20,979,HAL,EQ,4619434,1752126,37.93
20,980,HAPPSTMNDS,EQ,319148,174772,54.76
20,981,HAPPYFORGE,EQ,108217,69390,64.12
20,982,HARDWYN,EQ,346622,174131,50.24
20,983,HARIOMPIPE,EQ,170145,59790,35.14
20,984,HARRMALAYA,EQ,29863,20144,67.45
20,985,HARSHA,EQ,231164,93191,40.31
20,986,HATHWAY,EQ,5989140,2712813,45.30
20,987,HATSUN,EQ,36202,18426,50.90
20,988,HAVELLS,EQ,1184715,621378,52.45
20,989,HAVISHA,EQ,57266,46323,80.89
20,990,HBLPOWER,EQ,1155578,647776,56.06
20,991,HBSL,EQ,19557,13303,68.02
20,992,HCC,EQ,29102632,15262694,52.44
20,993,HCG,EQ,111561,61117,54.78
20,994,HCLTECH,EQ,5384064,4217940,78.34
20,995,HDFCAMC,EQ,1475143,683038,46.30
20,996,HDFCBANK,EQ,36318628,20967682,57.73
20,997,HDFCBSE500,EQ,69003,46106,66.82
20,998,HDFCGOLD,EQ,1565618,1047096,66.88
20,999,HDFCGROWTH,EQ,24359,18309,75.16
20,1000,HDFCLIFE,EQ,9263670,6425402,69.36
20,1001,HDFCLIQUID,EQ,4913,4913,100.00
20,1002,HDFCLOWVOL,EQ,38733,31077,80.23
20,1003,HDFCMID150,EQ,388213,299238,77.08
20,1004,HDFCMOMENT,EQ,1242927,973872,78.35
20,1005,HDFCNEXT50,EQ,87954,67064,76.25
20,1006,HDFCNIF100,EQ,130997,82616,63.07
20,1007,HDFCNIFBAN,EQ,181345,109464,60.36
20,1008,HDFCNIFIT,EQ,84363,79082,93.74
20,1009,HDFCNIFTY,EQ,424719,364803,85.89
20,1010,HDFCPSUBK,EQ,214430,129715,60.49
20,1011,HDFCPVTBAN,EQ,553532,497154,89.81
20,1012,HDFCQUAL,EQ,5769,5134,88.99
20,1013,HDFCSENSEX,EQ,124065,94794,76.41
20,1014,HDFCSILVER,EQ,452324,329599,72.87
20,1015,HDFCSML250,EQ,765297,545490,71.28
20,1016,HDFCVALUE,EQ,10706,9233,86.24
20,1017,HEALTHADD,EQ,562,518,92.17
20,1018,HEALTHIETF,EQ,45838,28601,62.40
20,1019,HEALTHY,EQ,422056,303937,72.01
20,1020,HECPROJECT,EQ,8559,6076,70.99
20,1021,HEG,EQ,276413,93821,33.94
20,1022,HEIDELBERG,EQ,400798,241582,60.28
20,1023,HEMIPROP,EQ,1407926,645692,45.86
20,1024,HERANBA,EQ,38557,21295,55.23
20,1025,HERCULES,EQ,50710,28921,57.03
20,1026,HERITGFOOD,EQ,1971296,908628,46.09
20,1027,HEROMOTOCO,EQ,962485,550029,57.15
20,1028,HESTERBIO,EQ,2438,1816,74.49
20,1029,HEUBACHIND,EQ,66987,44280,66.10
20,1030,HEXATRADEX,EQ,10341,6158,59.55
20,1031,HFCL,EQ,20733216,9702615,46.80
20,1032,HGINFRA,EQ,434632,111434,25.64
20,1033,HGS,EQ,39775,24012,60.37
20,1034,HIGREEN,SM,47200,28000,59.32
20,1035,HIKAL,EQ,120237,63874,53.12
20,1036,HIL,EQ,7830,4574,58.42
20,1037,HILTON,EQ,301034,132326,43.96
20,1038,HIMATSEIDE,EQ,317281,192478,60.66
20,1039,HINDALCO,EQ,7081956,4048519,57.17
20,1040,HINDCOMPOS,EQ,7266,4085,56.22
20,1041,HINDCOPPER,EQ,13759533,5097141,37.04
20,1042,HINDMOTORS,EQ,2107088,1432015,67.96
20,1043,HINDOILEXP,EQ,1235861,572513,46.33
20,1044,HINDPETRO,EQ,19533213,6106664,31.26
20,1045,HINDUNILVR,EQ,1207445,724339,59.99
20,1046,HINDWAREAP,EQ,219366,142455,64.94
20,1047,HINDZINC,EQ,1661075,804418,48.43
20,1048,HIRECT,EQ,62929,36095,57.36
20,1049,HISARMETAL,EQ,20591,13615,66.12
20,1050,HITECH,EQ,365318,203152,55.61
20,1051,HITECHCORP,EQ,13592,9423,69.33
20,1052,HLEGLAS,EQ,60353,38049,63.04
20,1053,HMAAGRO,EQ,436165,280143,64.23
20,1054,HMVL,EQ,37872,23430,61.87
20,1055,HNDFDS,EQ,49077,30364,61.87
20,1056,HNGSNGBEES,EQ,134527,83510,62.08
20,1057,HOACFOODS,ST,45000,45000,100.00
20,1058,HOLMARC,SM,3000,3000,100.00
20,1059,HOMEFIRST,EQ,468324,355584,75.93
20,1060,HOMESFY,ST,8700,8400,96.55
20,1061,HONASA,EQ,592848,343908,58.01
20,1062,HONAUT,EQ,10138,6860,67.67
20,1063,HONDAPOWER,EQ,12110,6329,52.26
20,1064,HPAL,EQ,364727,245499,67.31
20,1065,HPIL,EQ,5005,2380,47.55
20,1066,HPL,EQ,913380,346006,37.88
20,1067,HRHNEXT,SM,21000,21000,100.00
20,1068,HSCL,EQ,554189,396246,71.50
20,1069,HTMEDIA,EQ,391440,218226,55.75
20,1070,HUBTOWN,EQ,76904,55572,72.26
20,1071,HUDCO,EQ,29107839,12061697,41.44
20,1072,HUHTAMAKI,EQ,74524,40512,54.36
20,1073,HYBRIDFIN,EQ,40819,35541,87.07
20,1074,IBHF24A,ZS,43,43,100.00
20,1075,IBHFZC25B,AT,30,30,100.00
20,1076,IBLFL,SM,48000,46000,95.83
20,1077,IBREALEST,EQ,13057210,6067303,46.47
20,1078,IBULHSGFIN,EQ,5934354,2697807,45.46
20,1079,IBULPP,E1,1116386,691777,61.97
20,1080,ICEMAKE,EQ,103415,57602,55.70
20,1081,ICICIB22,EQ,4985496,3701361,74.24
20,1082,ICICIBANK,EQ,25699977,10675854,41.54
20,1083,ICICIGI,EQ,817180,580328,71.02
20,1084,ICICIPRULI,EQ,1363318,776197,56.93
20,1085,ICIL,EQ,420562,208214,49.51
20,1086,ICRA,EQ,10106,5367,53.11
20,1087,IDBI,EQ,36774087,16881721,45.91
20,1088,IDEA,EQ,1334649435,422345452,31.64
20,1089,IDEAFORGE,EQ,283172,150683,53.21
20,1090,IDFC,EQ,4680220,1899903,40.59
20,1091,IDFCFIRSTB,EQ,69867394,18910748,27.07
20,1092,IDFNIFTYET,EQ,1813,1322,72.92
20,1093,IEL,EQ,212741,145966,68.61
20,1094,IEML,ST,107000,100000,93.46
20,1095,IEX,EQ,12225688,4793886,39.21
20,1096,IFBAGRO,EQ,4086,1949,47.70
20,1097,IFBIND,EQ,106259,39022,36.72
20,1098,IFCI,EQ,26001551,11584104,44.55
20,1099,IFCIZC24,NI,1050,1050,100.00
20,1100,IFGLEXPOR,EQ,13916,9326,67.02
20,1101,IGARASHI,EQ,39958,21079,52.75
20,1102,IGL,EQ,4744746,2033650,42.86
20,1103,IGPL,EQ,43991,20089,45.67
20,1104,IIFL,EQ,1255708,625761,49.83
20,1105,IIFLSEC,EQ,906469,522881,57.68
20,1106,IIFLZC25,ND,1,1,100.00
20,1107,IIFLZC25A,NP,123,80,65.04
20,1108,IIFLZC28,NG,48,48,100.00
20,1109,IIFLZC28B,Y1,20,20,100.00
20,1110,IITL,EQ,8969,3684,41.07
20,1111,IKIO,EQ,385022,246111,63.92
20,1112,IMAGICAA,EQ,1244402,640941,51.51
20,1113,IMFA,EQ,163839,82428,50.31
20,1114,IMPAL,EQ,3858,3082,79.89
20,1115,INCREDIBLE,EQ,8412,6559,77.97
20,1116,INDBANK,EQ,456963,229259,50.17
20,1117,INDGN,EQ,984470,679949,69.07
20,1118,INDHOTEL,EQ,6380437,3549219,55.63
20,1119,INDIACEM,EQ,4278551,1709530,39.96
20,1120,INDIAGLYCO,EQ,79922,33016,41.31
20,1121,INDIAMART,EQ,232868,107445,46.14
20,1122,INDIANB,EQ,9361401,5594023,59.76
20,1123,INDIANCARD,EQ,24479,12903,52.71
20,1124,INDIANHUME,EQ,161578,76831,47.55
20,1125,INDIASHLTR,EQ,108401,78137,72.08
20,1126,INDIFRA,SM,6000,4000,66.67
20,1127,INDIGO,EQ,775065,433943,55.99
20,1128,INDIGOPNTS,EQ,42932,23389,54.48
20,1129,INDIGRID,IV,785377,553163,70.43
20,1130,INDNIPPON,EQ,78187,35967,46.00
20,1131,INDOAMIN,EQ,75592,45829,60.63
20,1132,INDOBORAX,EQ,91406,46549,50.93
20,1133,INDOCO,EQ,58277,26305,45.14
20,1134,INDORAMA,EQ,152333,77873,51.12
20,1135,INDOSTAR,EQ,96433,55962,58.03
20,1136,INDOTHAI,EQ,16209,9800,60.46
20,1137,INDOWIND,EQ,386815,267912,69.26
20,1138,INDRAMEDCO,EQ,263657,156180,59.24
20,1139,INDSWFTLAB,EQ,295345,194540,65.87
20,1140,INDTERRAIN,EQ,121153,66447,54.85
20,1141,INDUSINDBK,EQ,8265525,4397953,53.21
20,1142,INDUSTOWER,EQ,29686486,12191457,41.07
20,1143,INFIBEAM,EQ,12917142,4697095,36.36
20,1144,INFINIUM,SM,23000,14000,60.87
20,1145,INFOBEAN,EQ,17279,9580,55.44
20,1146,INFOLLION,SM,5600,5600,100.00
20,1147,INFRABEES,EQ,406940,374314,91.98
20,1148,INFRAIETF,EQ,391358,252926,64.63
20,1149,INFY,EQ,10589244,7974682,75.31
20,1150,INGERRAND,EQ,24203,14657,60.56
20,1151,INNOVACAP,EQ,257335,228532,88.81
20,1152,INNOVANA,SM,1000,1000,100.00
20,1153,INNOVATIVE,SM,57000,36000,63.16
20,1154,INOXGREEN,EQ,1012928,818480,80.80
20,1155,INOXINDIA,EQ,525927,225559,42.89
20,1156,INOXWIND,EQ,12946497,7719780,59.63
20,1157,INSECTICID,EQ,45325,29918,66.01
20,1158,INSPIRE,SM,28000,26000,92.86
20,1159,INTELLECT,EQ,226900,117872,51.95
20,1160,INTENTECH,EQ,135561,79646,58.75
20,1161,INTLCONV,EQ,164799,106213,64.45
20,1162,INVENTURE,EQ,6641456,4267499,64.26
20,1163,IOB,EQ,60182377,17387987,28.89
20,1164,IOC,EQ,62214295,29201312,46.94
20,1165,IOLCP,EQ,122004,70571,57.84
20,1166,IONEXCHANG,EQ,197777,96538,48.81
20,1167,IPCALAB,EQ,1217343,659778,54.20
20,1168,IPL,EQ,834458,291051,34.88
20,1169,IRB,EQ,173742360,73285662,42.18
20,1170,IRBINVIT,IV,589073,504843,85.70
20,1171,IRCON,EQ,21551402,8816270,40.91
20,1172,IRCTC,EQ,3598463,1167991,32.46
20,1173,IREDA,EQ,45427419,19680032,43.32
20,1174,IRFC,EQ,112293004,37025087,32.97
20,1175,IRISDOREME,EQ,451898,112557,24.91
20,1176,IRMENERGY,EQ,95622,46980,49.13
20,1177,ISEC,EQ,1154754,660468,57.20
20,1178,ISFT,EQ,38144,24384,63.93
20,1179,ISGEC,EQ,229779,124553,54.21
20,1180,ISHAN,SM,240000,144000,60.00
20,1181,ISMTLTD,EQ,1067970,472337,44.23
20,1182,IT,EQ,189217,116725,61.69
20,1183,ITALIANE,SM,18000,18000,100.00
20,1184,ITBEES,EQ,8519567,6240881,73.25
20,1185,ITC,EQ,15519148,10120207,65.21
20,1186,ITDC,EQ,109786,40733,37.10
20,1187,ITDCEM,EQ,2377625,1039793,43.73
20,1188,ITETF,EQ,212752,168079,79.00
20,1189,ITETFADD,EQ,34161,25094,73.46
20,1190,ITI,EQ,1968021,477246,24.25
20,1191,ITIETF,EQ,392862,254478,64.78
20,1192,IVC,EQ,705745,377731,53.52
20,1193,IVP,EQ,10766,4615,42.87
20,1194,IVZINGOLD,EQ,248,196,79.03
20,1195,IVZINNIFTY,EQ,55,49,89.09
20,1196,IZMO,EQ,101574,72705,71.58
20,1197,JAGRAN,EQ,651403,440460,67.62
20,1198,JAGSNPHARM,EQ,20511,10967,53.47
20,1199,JAICORPLTD,EQ,655289,274921,41.95
20,1200,JAINAM,SM,11000,11000,100.00
20,1201,JALAN,SM,30000,27000,90.00
20,1202,JAMNAAUTO,EQ,1899419,912884,48.06
20,1203,JASH,EQ,24293,13094,53.90
20,1204,JAYAGROGN,EQ,67521,47840,70.85
20,1205,JAYBARMARU,EQ,145469,67727,46.56
20,1206,JAYNECOIND,EQ,331177,248695,75.09
20,1207,JAYSREETEA,EQ,40139,24300,60.54
20,1208,JBCHEPHARM,EQ,124373,73963,59.47
20,1209,JBMA,EQ,283014,118587,41.90
20,1210,JCHAC,EQ,136215,77449,56.86
20,1211,JETFREIGHT,EQ,162032,125995,77.76
20,1212,JFLLIFE,SM,6000,6000,100.00
20,1213,JGCHEM,EQ,121472,63610,52.37
20,1214,JINDALPHOT,EQ,25316,13436,53.07
20,1215,JINDALPOLY,EQ,35561,17998,50.61
20,1216,JINDALSAW,EQ,1375602,736090,53.51
20,1217,JINDALSTEL,EQ,2006398,1075186,53.59
20,1218,JINDRILL,EQ,93937,43964,46.80
20,1219,JINDWORLD,EQ,85236,31808,37.32
20,1220,JIOFIN,EQ,24058623,13392202,55.66
20,1221,JISLDVREQS,EQ,38186,16312,42.72
20,1222,JISLJALEQS,EQ,4389842,2208639,50.31
20,1223,JIWANRAM,SM,18000,12000,66.67
20,1224,J&KBANK,EQ,11964335,5156666,43.10
20,1225,JKCEMENT,EQ,207013,126908,61.30
20,1226,JKIL,EQ,1445103,418947,28.99
20,1227,JKLAKSHMI,EQ,280525,159146,56.73
20,1228,JKPAPER,EQ,670005,355581,53.07
20,1229,JKTYRE,EQ,692786,347058,50.10
20,1230,JLHL,EQ,28045,15883,56.63
20,1231,JMA,EQ,44312,30492,68.81
20,1232,JMFINANCIL,EQ,4841868,2425946,50.10
20,1233,JNKINDIA,EQ,196486,98086,49.92
20,1234,JOCIL,EQ,25906,14104,54.44
20,1235,JPASSOCIAT,EQ,53532807,31245798,58.37
20,1236,JPOLYINVST,EQ,15559,7219,46.40
20,1237,JPPOWER,EQ,83244969,43230218,51.93
20,1238,JSFB,EQ,135542,82372,60.77
20,1239,JSL,EQ,2919689,1573685,53.90
20,1240,JSLL,ST,25020,23940,95.68
20,1241,JSWENERGY,EQ,6599899,3114158,47.18
20,1242,JSWHL,EQ,2670,1612,60.37
20,1243,JSWINFRA,EQ,5475517,3112786,56.85
20,1244,JSWSTEEL,EQ,2541803,1231155,48.44
20,1245,JTEKTINDIA,EQ,337156,172172,51.07
20,1246,JTLIND,EQ,4406180,1328245,30.15
20,1247,JUBLFOOD,EQ,2677476,640608,23.93
20,1248,JUBLINDS,EQ,65283,44149,67.63
20,1249,JUBLINGREA,EQ,301291,139816,46.41
20,1250,JUBLPHARMA,EQ,373155,220620,59.12
20,1251,JUNIORBEES,EQ,434759,283913,65.30
20,1252,JUNIPER,EQ,243171,148243,60.96
20,1253,JUSTDIAL,EQ,508672,149641,29.42
20,1254,JWL,EQ,5089149,1547278,30.40
20,1255,JYOTHYLAB,EQ,2380434,1717234,72.14
20,1256,JYOTICNC,EQ,316850,207871,65.61
20,1257,K2INFRA,SM,62400,44400,71.15
20,1258,KABRAEXTRU,EQ,82212,41761,50.80
20,1259,KAJARIACER,EQ,125848,77053,61.23
20,1260,KAKATCEM,EQ,7657,3534,46.15
20,1261,KALAMANDIR,EQ,206560,124331,60.19
20,1262,KALYANIFRG,EQ,8918,4910,55.06
20,1263,KALYANKJIL,EQ,1233765,709187,57.48
20,1264,KAMATHOTEL,EQ,70930,48990,69.07
20,1265,KAMDHENU,EQ,85503,52913,61.88
20,1266,KAMOPAINTS,EQ,149367,95926,64.22
20,1267,KANANIIND,EQ,913912,536930,58.75
20,1268,KANDARP,SM,76000,60000,78.95
20,1269,KANORICHEM,EQ,36082,23161,64.19
20,1270,KANPRPLA,EQ,16163,13781,85.26
20,1271,KANSAINER,EQ,249040,129998,52.20
20,1272,KAPSTON,EQ,20486,7051,34.42
20,1273,KARNIKA,SM,14400,12400,86.11
20,1274,KARURVYSYA,EQ,2510150,1338776,53.33
20,1275,KAUSHALYA,EQ,558,359,64.34
20,1276,KAYA,EQ,22204,17201,77.47
20,1277,KAYNES,EQ,270254,138043,51.08
20,1278,KBCGLOBAL,EQ,20046403,19360058,96.58
20,1279,KCEIL,SM,101000,72000,71.29
20,1280,KCK,ST,12000,12000,100.00
20,1281,KCP,EQ,790291,428147,54.18
20,1282,KCPSUGIND,EQ,305663,184398,60.33
20,1283,KDDL,EQ,35774,17322,48.42
20,1284,KDL,SM,8600,6200,72.09
20,1285,KEC,EQ,350123,193546,55.28
20,1286,KECL,EQ,605744,256763,42.39
20,1287,KEI,EQ,161467,100032,61.95
20,1288,KEL,SM,38400,19200,50.00
20,1289,KELLTONTEC,EQ,879976,466915,53.06
20,1290,KERNEX,EQ,69245,50166,72.45
20,1291,KESORAMIND,EQ,918007,497661,54.21
20,1292,KFINTECH,EQ,1500142,880584,58.70
20,1293,KHADIM,EQ,12137,8816,72.64
20,1294,KHAICHEM,EQ,184672,118976,64.43
20,1295,KHAITANLTD,EQ,34740,25177,72.47
20,1296,KHANDSE,EQ,9796,9079,92.68
20,1297,KHFM,SM,182900,105400,57.63
20,1298,KICL,EQ,6590,3568,54.14
20,1299,KILITCH,EQ,16037,10293,64.18
20,1300,KIMS,EQ,94356,55288,58.60
20,1301,KINGFA,EQ,5790,3179,54.91
20,1302,KIOCL,EQ,225769,85477,37.86
20,1303,KIRIINDUS,EQ,242119,125628,51.89
20,1304,KIRLOSBROS,EQ,190765,73857,38.72
20,1305,KIRLOSENG,EQ,411091,249886,60.79
20,1306,KIRLOSIND,EQ,8278,3060,36.97
20,1307,KIRLPNU,EQ,138259,79488,57.49
20,1308,KITEX,EQ,205415,117416,57.16
20,1309,KKCL,EQ,88585,32800,37.03
20,1310,KLL,SM,67200,52800,78.57
20,1311,KMSUGAR,EQ,584188,260514,44.59
20,1312,KNAGRI,SM,23200,15200,65.52
20,1313,KNRCON,EQ,5353285,1896853,35.43
20,1314,KODYTECH,SM,27800,14200,51.08
20,1315,KOHINOOR,EQ,293063,152684,52.10
20,1316,KOKUYOCMLN,EQ,169507,86624,51.10
20,1317,KOLTEPATIL,EQ,395905,115530,29.18
20,1318,KONSTELEC,SM,102000,81000,79.41
20,1319,KONTOR,SM,12000,8400,70.00
20,1320,KOPRAN,EQ,227122,80337,35.37
20,1321,KORE,SM,12500,8500,68.00
20,1322,KOTAKBANK,EQ,9801071,5394893,55.04
20,1323,KOTARISUG,EQ,1874748,601414,32.08
20,1324,KOTHARIPET,EQ,95122,49187,51.71
20,1325,KOTHARIPRO,EQ,15642,7751,49.55
20,1326,KOTYARK,SM,48400,38200,78.93
20,1327,KPIGREEN,EQ,323142,183813,56.88
20,1328,KPIL,EQ,564976,268554,47.53
20,1329,KPITTECH,EQ,795009,407876,51.30
20,1330,KPRMILL,EQ,193209,138330,71.60
20,1331,KRBL,EQ,461374,307637,66.68
20,1332,KREBSBIO,EQ,14466,11193,77.37
20,1333,KRISHANA,EQ,318004,223709,70.35
20,1334,KRISHCA,SM,36500,31500,86.30
20,1335,KRISHIVAL,SM,3000,2000,66.67
20,1336,KRISHNADEF,SM,105000,70500,67.14
20,1337,KRITI,EQ,65655,37654,57.35
20,1338,KRITINUT,EQ,27123,17968,66.25
20,1339,KRSNAA,EQ,49594,34724,70.02
20,1340,KRYSTAL,EQ,134082,66061,49.27
20,1341,KSB,EQ,30448,14128,46.40
20,1342,KSCL,EQ,234760,76337,32.52
20,1343,KSHITIJPOL,EQ,487922,399202,81.82
20,1344,KSL,EQ,69540,33296,47.88
20,1345,KSOLVES,EQ,44427,24844,55.92
20,1346,KTKBANK,EQ,3155531,2101620,66.60
20,1347,KTL,SM,72000,72000,100.00
20,1348,KUANTUM,EQ,75309,43093,57.22
20,1349,LAL,EQ,111772,89773,80.32
20,1350,LALPATHLAB,EQ,127311,54296,42.65
20,1351,LAMBODHARA,EQ,42362,20884,49.30
20,1352,LANCORHOL,EQ,48743,34352,70.48
20,1353,LANDMARK,EQ,80332,44277,55.12
20,1354,LAOPALA,EQ,178294,91558,51.35
20,1355,LASA,EQ,73657,48227,65.48
20,1356,LAURUSLABS,EQ,3083913,1850734,60.01
20,1357,LAWSIKHO,SM,31000,24500,79.03
20,1358,LAXMICOT,EQ,34240,23318,68.10
20,1359,LAXMIMACH,EQ,4983,2871,57.62
20,1360,LEMERITE,SM,196800,152000,77.24
20,1361,LEMONTREE,EQ,3424788,1723021,50.31
20,1362,LEXUS,EQ,44285,29503,66.62
20,1363,LFIC,EQ,12584,5645,44.86
20,1364,LGBBROSLTD,EQ,40261,20382,50.62
20,1365,LGBFORGE,EQ,359133,231275,64.40
20,1366,LIBAS,EQ,342607,214937,62.74
20,1367,LIBERTSHOE,EQ,136924,74878,54.69
20,1368,LICHSGFIN,EQ,5954520,3046905,51.17
20,1369,LICI,EQ,8680378,3880828,44.71
20,1370,LICMFGOLD,EQ,305,249,81.64
20,1371,LICNETFGSC,EQ,29675,28395,95.69
20,1372,LICNETFN50,EQ,5147,4391,85.31
20,1373,LICNETFSEN,EQ,584,502,85.96
20,1374,LICNFNHGP,EQ,2334,1150,49.27
20,1375,LICNMID100,EQ,12054,8784,72.87
20,1376,LIKHITHA,EQ,302043,149849,49.61
20,1377,LINC,EQ,8394,4545,54.15
20,1378,LINCOLN,EQ,60577,42450,70.08
20,1379,LINDEINDIA,EQ,122945,44316,36.05
20,1380,LIQUID,EQ,145618,84003,57.69
20,1381,LIQUID1,EQ,1213,1054,86.89
20,1382,LIQUIDADD,EQ,351487,223358,63.55
20,1383,LIQUIDBEES,EQ,3192735,2524855,79.08
20,1384,LIQUIDBETF,EQ,100,50,50.00
20,1385,LIQUIDCASE,EQ,5882186,4102647,69.75
20,1386,LIQUIDETF,EQ,256246,179103,69.89
20,1387,LIQUIDIETF,EQ,681702,491455,72.09
20,1388,LIQUIDSBI,EQ,9988,6860,68.68
20,1389,LLOYDS,SM,24000,22000,91.67
20,1390,LLOYDSENGG,EQ,6510231,2465125,37.87
20,1391,LLOYDSME,EQ,350160,211878,60.51
20,1392,LODHA,EQ,1397491,772618,55.29
20,1393,LOVABLE,EQ,18706,11811,63.14
20,1394,LOWVOL,EQ,443,272,61.40
20,1395,LOWVOL1,EQ,33296,25178,75.62
20,1396,LOWVOLIETF,EQ,6100205,5758484,94.40
20,1397,LOYALTEX,EQ,1856,976,52.59
20,1398,LPDC,EQ,147601,78783,53.38
20,1399,LRRPL,SM,27000,18000,66.67
20,1400,LT,EQ,5767666,4070243,70.57
20,1401,LTF,EQ,5183145,2965313,57.21
20,1402,LTFOODS,EQ,1227323,644346,52.50
20,1403,LTGILTBEES,EQ,1529066,1281261,83.79
20,1404,LTIM,EQ,448138,241830,53.96
20,1405,LTTS,EQ,177248,95882,54.09
20,1406,LUMAXIND,EQ,18575,10401,55.99
20,1407,LUMAXTECH,EQ,353693,209482,59.23
20,1408,LUPIN,EQ,1672931,816396,48.80
20,1409,LUXIND,EQ,67298,32756,48.67
20,1410,LXCHEM,EQ,680033,391746,57.61
20,1411,LYKALABS,EQ,100506,78721,78.32
20,1412,LYPSAGEMS,EQ,39775,26017,65.41
20,1413,MAANALU,EQ,120234,74579,62.03
20,1414,MADHAVBAUG,SM,4000,2800,70.00
20,1415,MADHUSUDAN,SM,68000,49000,72.06
20,1416,MADRASFERT,EQ,624458,150732,24.14
20,1417,MAFANG,EQ,850425,544680,64.05
20,1418,MAGADSUGAR,EQ,14882,6865,46.13
20,1419,MAGNUM,EQ,150928,112979,74.86
20,1420,MAGSON,SM,12000,10000,83.33
20,1421,MAHABANK,EQ,75921042,27704348,36.49
20,1422,MAHAPEXLTD,EQ,131083,75230,57.39
20,1423,MAHASTEEL,EQ,21559,12495,57.96
20,1424,MAHEPC,EQ,58985,33175,56.24
20,1425,MAHESHWARI,EQ,27007,16872,62.47
20,1426,MAHKTECH,EQ,932101,674601,72.37
20,1427,MAHLIFE,EQ,301162,179099,59.47
20,1428,MAHLOG,EQ,137008,66261,48.36
20,1429,MAHSCOOTER,EQ,5009,2750,54.90
20,1430,MAHSEAMLES,EQ,530119,260456,49.13
20,1431,MAITHANALL,EQ,72048,34844,48.36
20,1432,MAITREYA,SM,16000,12000,75.00
20,1433,MAKEINDIA,EQ,195648,160687,82.13
20,1434,MAL,SM,14400,11200,77.78
20,1435,MALLCOM,EQ,6955,4719,67.85
20,1436,MANAKALUCO,EQ,137799,93090,67.55
20,1437,MANAKSIA,EQ,108054,70780,65.50
20,1438,MANALIPETC,EQ,1288993,628140,48.73
20,1439,MANAPPURAM,EQ,8868927,4696124,52.95
20,1440,MANDEEP,ST,38000,32000,84.21
20,1441,MANGALAM,EQ,49187,29715,60.41
20,1442,MANGCHEFER,EQ,439563,267873,60.94
20,1443,MANGLMCEM,EQ,299528,225209,75.19
20,1444,MANINDS,EQ,270424,201603,74.55
20,1445,MANINFRA,EQ,700187,324491,46.34
20,1446,MANKIND,EQ,393790,213060,54.10
20,1447,MANOMAY,EQ,4713,568,12.05
20,1448,MANUGRAPH,EQ,61480,43726,71.12
20,1449,MANYAVAR,EQ,138388,62566,45.21
20,1450,MAPMYINDIA,EQ,56101,27496,49.01
20,1451,MARALOVER,EQ,22376,14304,63.93
20,1452,MARATHON,EQ,153554,87224,56.80
20,1453,MARCO,SM,15000,15000,100.00
20,1454,MARICO,EQ,1859030,1170502,62.96
20,1455,MARINE,EQ,1597204,932409,58.38
20,1456,MARKSANS,EQ,5328014,2263934,42.49
20,1457,MARUTI,EQ,485936,272673,56.11
20,1458,MASFIN,EQ,109833,63613,57.92
20,1459,MASPTOP50,EQ,271643,191348,70.44
20,1460,MASTEK,EQ,42853,21469,50.10
20,1461,MASTER,SM,12000,9000,75.00
20,1462,MATRIMONY,EQ,271468,172808,63.66
20,1463,MAWANASUG,EQ,143352,90240,62.95
20,1464,MAXESTATES,EQ,160426,93969,58.57
20,1465,MAXHEALTH,EQ,1961060,1140696,58.17
20,1466,MAXIND,EQ,66017,50765,76.90
20,1467,MAXPOSURE,SM,104000,76000,73.08
20,1468,MAYURUNIQ,EQ,87673,48468,55.28
20,1469,MAZDA,EQ,7800,4277,54.83
20,1470,MAZDOCK,EQ,2596648,686592,26.44
20,1471,MBAPL,EQ,64639,54383,84.13
20,1472,MBLINFRA,EQ,103154,53949,52.30
20,1473,MCDOWELL-N,EQ,1322571,825139,62.39
20,1474,MCL,EQ,49203,39113,79.49
20,1475,MCLEODRUSS,EQ,208820,150132,71.90
20,1476,MCON,SM,5000,5000,100.00
20,1477,MCX,EQ,907531,500655,55.17
20,1478,MDL,SM,30000,26000,86.67
20,1479,MEDANTA,EQ,436590,196025,44.90
20,1480,MEDIASSIST,EQ,256001,178178,69.60
20,1481,MEDICAMEQ,EQ,32393,10409,32.13
20,1482,MEDPLUS,EQ,157805,70229,44.50
20,1483,MEGAFLEX,SM,3000,3000,100.00
20,1484,MEGASOFT,EQ,396969,274557,69.16
20,1485,MEGASTAR,EQ,16332,9477,58.03
20,1486,MEGATHERM,SM,82000,50400,61.46
20,1487,MENONBE,EQ,56240,39850,70.86
20,1488,METROBRAND,EQ,87777,34084,38.83
20,1489,METROPOLIS,EQ,60822,20010,32.90
20,1490,MFSL,EQ,819395,463392,56.55
20,1491,MGEL,EQ,259776,155578,59.89
20,1492,MGL,EQ,1336228,683218,51.13
20,1493,MHHL,SM,22500,15000,66.67
20,1494,MHLXMIRU,EQ,23936,18419,76.95
20,1495,MHRIL,EQ,223773,157316,70.30
20,1496,MICEL,EQ,655951,474390,72.32
20,1497,MICROPRO,SM,35200,27200,77.27
20,1498,MID150BEES,EQ,1532228,942674,61.52
20,1499,MIDCAP,EQ,54621,33842,61.96
20,1500,MIDCAPETF,EQ,1559656,1057174,67.78
20,1501,MIDCAPIETF,EQ,1188310,751524,63.24
20,1502,MIDHANI,EQ,833869,379162,45.47
20,1503,MIDQ50ADD,EQ,5399,3683,68.22
20,1504,MIDSELIETF,EQ,566739,488297,86.16
20,1505,MIDSMALL,EQ,1110905,1088091,97.95
20,1506,MILTON,SM,13200,8800,66.67
20,1507,MINDACORP,EQ,1769501,906093,51.21
20,1508,MINDSPACE,RR,92305,77492,83.95
20,1509,MINDTECK,EQ,112089,68900,61.47
20,1510,MIRCELECTR,EQ,550772,327688,59.50
20,1511,MIRZAINT,EQ,541923,360663,66.55
20,1512,MITCON,EQ,27593,17234,62.46
20,1513,MITTAL,EQ,5109442,3058765,59.86
20,1514,M&M,EQ,2701157,1519348,56.25
20,1515,M&MFIN,EQ,2522525,1228377,48.70
20,1516,MMFL,EQ,127281,74536,58.56
20,1517,MMP,EQ,32620,18853,57.80
20,1518,MMTC,EQ,2447937,1393170,56.91
20,1519,MNC,EQ,86378,73991,85.66
20,1520,MOGSEC,EQ,8136,6565,80.69
20,1521,MOHEALTH,EQ,52272,27939,53.45
20,1522,MOHITIND,EQ,20275,13937,68.74
20,1523,MOIL,EQ,4243865,1576233,37.14
20,1524,MOL,EQ,791193,408215,51.59
20,1525,MOLDTECH,EQ,185047,102699,55.50
20,1526,MOLDTKPAC,EQ,84109,52555,62.48
20,1527,MOLOWVOL,EQ,82871,80634,97.30
20,1528,MOM100,EQ,554091,294782,53.20
20,1529,MOM30IETF,EQ,3323218,2233121,67.20
20,1530,MOM50,EQ,3528,2725,77.24
20,1531,MOMENTUM,EQ,399142,298583,74.81
20,1532,MOMOMENTUM,EQ,387197,265494,68.57
20,1533,MON100,EQ,453068,287635,63.49
20,1534,MONARCH,EQ,141300,93383,66.09
20,1535,MONIFTY500,EQ,619062,469058,75.77
20,1536,MONOPHARMA,SM,4000,4000,100.00
20,1537,MONQ50,EQ,16185,12084,74.66
20,1538,MONTECARLO,EQ,89857,62735,69.82
20,1539,MOQUALITY,EQ,20159,17582,87.22
20,1540,MOREALTY,EQ,309564,263755,85.20
20,1541,MOREPENLAB,EQ,3017866,1304541,43.23
20,1542,MOS,SM,117600,100800,85.71
20,1543,MOSMALL250,EQ,302627,274588,90.73
20,1544,MOTHERSON,EQ,31432107,14853057,47.25
20,1545,MOTILALOFS,EQ,445022,277774,62.42
20,1546,MOTISONS,EQ,187676,109116,58.14
20,1547,MOTOGENFIN,EQ,8506,6525,76.71
20,1548,MOVALUE,EQ,393579,298719,75.90
20,1549,MOXSH,SM,2400,2400,100.00
20,1550,MPHASIS,EQ,461553,124317,26.93
20,1551,MPSLTD,EQ,83859,28155,33.57
20,1552,MRF,EQ,17642,9376,53.15
20,1553,MRPL,EQ,4637350,1289678,27.81
20,1554,MSPL,EQ,502912,341035,67.81
20,1555,MSTCLTD,EQ,310665,152635,49.13
20,1556,MSUMI,EQ,7910136,4269716,53.98
20,1557,MTARTECH,EQ,244335,117841,48.23
20,1558,MTNL,EQ,7948480,5001558,62.92
20,1559,MUFIN,EQ,77746,50517,64.98
20,1560,MUFTI,EQ,273804,171831,62.76
20,1561,MUKANDLTD,EQ,109839,62544,56.94
20,1562,MUKKA,EQ,1335018,931672,69.79
20,1563,MUKTAARTS,EQ,6241,4208,67.43
20,1564,MUNJALAU,EQ,93217,66067,70.87
20,1565,MUNJALSHOW,EQ,90404,47954,53.04
20,1566,MURUDCERA,EQ,84554,49435,58.47
20,1567,MUTHOOTCAP,EQ,64368,38179,59.31
20,1568,MUTHOOTFIN,EQ,760677,345767,45.46
20,1569,MUTHOOTMF,EQ,311213,173749,55.83
20,1570,MVGJL,EQ,62901,39886,63.41
20,1571,MVKAGRO,SM,33600,28800,85.71
20,1572,MWL,SM,6000,6000,100.00
20,1573,NACLIND,EQ,166737,104896,62.91
20,1574,NAGAFERT,EQ,2611195,1388324,53.17
20,1575,NAGREEKCAP,EQ,34622,27806,80.31
20,1576,NAGREEKEXP,EQ,13998,11246,80.34
20,1577,NAHARCAP,EQ,8381,6505,77.62
20,1578,NAHARINDUS,EQ,45874,28523,62.18
20,1579,NAHARPOLY,EQ,13507,7910,58.56
20,1580,NAHARSPING,EQ,44866,26411,58.87
20,1581,NAMAN,SM,25600,19200,75.00
20,1582,NAM-INDIA,EQ,1626429,1027418,63.17
20,1583,NATCOPHARM,EQ,1410126,1049898,74.45
20,1584,NATHBIOGEN,EQ,28687,16142,56.27
20,1585,NATIONALUM,EQ,24424876,12142679,49.71
20,1586,NAUKRI,EQ,411883,262914,63.83
20,1587,NAVA,EQ,522445,307361,58.83
20,1588,NAVINFLUOR,EQ,410020,81889,19.97
20,1589,NAVINIFTY,EQ,4668,3294,70.57
20,1590,NAVKARCORP,EQ,654767,323695,49.44
20,1591,NAVNETEDUL,EQ,363717,234857,64.57
20,1592,NAZARA,EQ,4034319,1013821,25.13
20,1593,NBCC,EQ,35729216,18191613,50.92
20,1594,NBIFIN,EQ,190,130,68.42
20,1595,NCC,EQ,14268599,5696736,39.92
20,1596,NCLIND,EQ,147498,87864,59.57
20,1597,NDGL,EQ,248,207,83.47
20,1598,NDL,EQ,1584979,702493,44.32
20,1599,NDLVENTURE,EQ,28870,16046,55.58
20,1600,NDRAUTO,EQ,13199,9590,72.66
20,1601,NDTV,EQ,2193006,694095,31.65
20,1602,NECCLTD,EQ,343149,233427,68.02
20,1603,NECLIFE,EQ,182770,108430,59.33
20,1604,NELCAST,EQ,86515,49594,57.32
20,1605,NELCO,EQ,74602,32377,43.40
20,1606,NEOGEN,EQ,24052,12319,51.22
20,1607,NESCO,EQ,57430,35811,62.36
20,1608,NESTLEIND,EQ,1072515,718770,67.02
20,1609,NETF,EQ,12827,11044,86.10
20,1610,NETWEB,EQ,194544,112494,57.82
20,1611,NETWORK18,EQ,1414423,960804,67.93
20,1612,NEULANDLAB,EQ,21908,12215,55.76
20,1613,NEWGEN,EQ,213168,111643,52.37
20,1614,NEWJAISA,SM,85500,73500,85.96
20,1615,NEXT50,EQ,20668,14903,72.11
20,1616,NEXT50IETF,EQ,716931,516873,72.10
20,1617,NEXTMEDIA,EQ,21692,14800,68.23
20,1618,NFL,EQ,5736384,2203019,38.40
20,1619,NGIL,EQ,114602,78802,68.76
20,1620,NGLFINE,EQ,3155,2331,73.88
20,1621,NH,EQ,889815,596509,67.04
20,1622,NHPC,EQ,160415834,60055412,37.44
20,1623,NIACL,EQ,1746530,504362,28.88
20,1624,NIBL,EQ,37559,22905,60.98
20,1625,NIDAN,SM,11000,11000,100.00
20,1626,NIF100BEES,EQ,150657,113819,75.55
20,1627,NIF100IETF,EQ,168433,124585,73.97
20,1628,NIF10GETF,EQ,7161,3865,53.97
20,1629,NIF5GETF,EQ,41,41,100.00
20,1630,NIFITETF,EQ,4472,3853,86.16
20,1631,NIFMID150,EQ,3439,2854,82.99
20,1632,NIFTY1,EQ,433099,378376,87.36
20,1633,NIFTY50ADD,EQ,2082449,2057157,98.79
20,1634,NIFTYBEES,EQ,12024096,8210017,68.28
20,1635,NIFTYBETF,EQ,5080,4491,88.41
20,1636,NIFTYETF,EQ,317826,251408,79.10
20,1637,NIFTYIETF,EQ,617837,459414,74.36
20,1638,NIFTYQLITY,EQ,108150,68415,63.26
20,1639,NIITLTD,EQ,283923,142200,50.08
20,1640,NIITMTS,EQ,325377,261950,80.51
20,1641,NILAINFRA,EQ,796205,566608,71.16
20,1642,NILKAMAL,EQ,5131,3054,59.52
20,1643,NINSYS,EQ,17689,8418,47.59
20,1644,NIPPOBATRY,EQ,24642,10876,44.14
20,1645,NIRAJ,EQ,65879,47346,71.87
20,1646,NIRMAN,SM,24600,13800,56.10
20,1647,NITINSPIN,EQ,276532,161161,58.28
20,1648,NKIND,EQ,1537,812,52.83
20,1649,NLCINDIA,EQ,8233297,3351446,40.71
20,1650,NMDC,EQ,15343724,7830808,51.04
20,1651,NOCIL,EQ,598098,312989,52.33
20,1652,NOIDATOLL,EQ,86829,85655,98.65
20,1653,NORBTEAEXP,EQ,6032,2418,40.09
20,1654,NOVAAGRI,EQ,566760,382100,67.42
20,1655,NPBET,EQ,8497,8122,95.59
20,1656,NPST,SM,17500,13600,77.71
20,1657,NRAIL,EQ,6177,4155,67.27
20,1658,NRBBEARING,EQ,520266,318292,61.18
20,1659,NRL,EQ,740917,568822,76.77
20,1660,NSIL,EQ,5584,2956,52.94
20,1661,NSLNISP,EQ,11067035,4718694,42.64
20,1662,NTPC,EQ,39261174,20138093,51.29
20,1663,NUCLEUS,EQ,25920,13990,53.97
20,1664,NURECA,EQ,35988,20664,57.42
20,1665,NUVAMA,EQ,72894,37828,51.89
20,1666,NUVOCO,EQ,434686,267738,61.59
20,1667,NV20,EQ,26675,14653,54.93
20,1668,NV20BEES,EQ,36279,27915,76.95
20,1669,NV20IETF,EQ,874258,592733,67.80
20,1670,NXST,RR,73502,51493,70.06
20,1671,NYKAA,EQ,7498838,4016714,53.56
20,1672,OAL,EQ,29341,10321,35.18
20,1673,OBCL,EQ,54836,33172,60.49
20,1674,OBEROIRLTY,EQ,968545,530017,54.72
20,1675,OCCL,EQ,34932,24520,70.19
20,1676,OFSS,EQ,88251,32394,36.71
20,1677,OIL,EQ,4926457,2363825,47.98
20,1678,OLECTRA,EQ,810735,405472,50.01
20,1679,OLIL,SM,12000,7200,60.00
20,1680,OMAXE,EQ,259479,124886,48.13
20,1681,OMFURN,SM,21600,21600,100.00
20,1682,OMINFRAL,EQ,307418,169838,55.25
20,1683,ONDOOR,SM,4200,4200,100.00
20,1684,ONEPOINT,EQ,685457,378503,55.22
20,1685,ONGC,EQ,30195397,13535522,44.83
20,1686,ONMOBILE,EQ,449172,175985,39.18
20,1687,ONWARDTEC,EQ,56592,33294,58.83
20,1688,OPTIEMUS,EQ,129057,83594,64.77
20,1689,ORBTEXP,EQ,12868,5184,40.29
20,1690,ORCHPHARMA,EQ,49357,29848,60.47
20,1691,ORIANA,SM,121350,88200,72.68
20,1692,ORICONENT,EQ,401604,246280,61.32
20,1693,ORIENTALTL,EQ,1338264,356472,26.64
20,1694,ORIENTBELL,EQ,9979,6116,61.29
20,1695,ORIENTCEM,EQ,549004,283733,51.68
20,1696,ORIENTCER,EQ,69798,42873,61.42
20,1697,ORIENTELEC,EQ,533968,216290,40.51
20,1698,ORIENTHOT,EQ,629510,313140,49.74
20,1699,ORIENTLTD,EQ,9885,4885,49.42
20,1700,ORIENTPPR,EQ,2318618,1089985,47.01
20,1701,ORISSAMINE,EQ,11389,5191,45.58
20,1702,ORTINLAB,EQ,43814,38291,87.39
20,1703,OSWALAGRO,EQ,107336,89946,83.80
20,1704,OSWALGREEN,EQ,885203,384836,43.47
20,1705,OWAIS,SM,43200,36800,85.19
20,1706,PAGEIND,EQ,33981,7817,23.00
20,1707,PAISALO,EQ,968632,609723,62.95
20,1708,PAKKA,EQ,212287,104034,49.01
20,1709,PALASHSECU,EQ,6552,2754,42.03
20,1710,PANACEABIO,EQ,103699,60556,58.40
20,1711,PANACHE,EQ,32894,27524,83.67
20,1712,PANAMAPET,EQ,197070,93712,47.55
20,1713,PANSARI,EQ,4004,1837,45.88
20,1714,PAR,EQ,23174,16385,70.70
20,1715,PARADEEP,EQ,2569544,1312899,51.09
20,1716,PARAGMILK,EQ,831206,451844,54.36
20,1717,PARAGON,SM,15600,10800,69.23
20,1718,PARAS,EQ,1428359,449547,31.47
20,1719,PARIN,SM,6000,5000,83.33
20,1720,PARKHOTELS,EQ,549098,334786,60.97
20,1721,PARSVNATH,EQ,222852,164897,73.99
20,1722,PARTYCRUS,SM,8000,8000,100.00
20,1723,PASHUPATI,SM,4000,3200,80.00
20,1724,PASUPTAC,EQ,162831,110473,67.85
20,1725,PATANJALI,EQ,716949,404447,56.41
20,1726,PATELENG,EQ,9661379,5974042,61.83
20,1727,PATINTLOG,EQ,400525,227779,56.87
20,1728,PATTECH,ST,4500,4500,100.00
20,1729,PAVNAIND,EQ,6107,4422,72.41
20,1730,PAYTM,EQ,7685575,3194354,41.56
20,1731,PCBL,EQ,3507618,1772525,50.53
20,1732,PCJEWELLER,EQ,1457731,915193,62.78
20,1733,PDMJEPAPER,EQ,641159,261327,40.76
20,1734,PDSL,EQ,58330,32337,55.44
20,1735,PEL,EQ,1143688,570437,49.88
20,1736,PENIND,EQ,821427,468050,56.98
20,1737,PENINLAND,EQ,975542,459487,47.10
20,1738,PENTAGON,SM,12000,11000,91.67
20,1739,PERFECT,SM,357000,285000,79.83
20,1740,PERSISTENT,EQ,855315,417172,48.77
20,1741,PETRONET,EQ,9208116,3486176,37.86
20,1742,PFC,EQ,44287988,14281798,32.25
20,1743,PFIZER,EQ,49037,27542,56.17
20,1744,PFOCUS,EQ,105692,57727,54.62
20,1745,PFS,EQ,2744600,1525072,55.57
20,1746,PGEL,EQ,275794,152985,55.47
20,1747,PGHH,EQ,5472,2517,46.00
20,1748,PGHL,EQ,5618,3531,62.85
20,1749,PGIL,EQ,34391,26797,77.92
20,1750,PGINVIT,IV,632766,511740,80.87
20,1751,PHANTOMFX,SM,99900,60300,60.36
20,1752,PHARMABEES,EQ,3039237,2093163,68.87
20,1753,PHOENIXLTD,EQ,759534,376150,49.52
20,1754,PIDILITIND,EQ,419140,291951,69.65
20,1755,PIIND,EQ,437923,182040,41.57
20,1756,PILANIINVS,EQ,7047,4442,63.03
20,1757,PILITA,EQ,351134,225475,64.21
20,1758,PIONEEREMB,EQ,47030,36771,78.19
20,1759,PITTIENG,EQ,187605,89173,47.53
20,1760,PIXTRANS,EQ,16216,10876,67.07
20,1761,PKTEA,EQ,1354,1129,83.38
20,1762,PLADAINFO,SM,21000,15000,71.43
20,1763,PLASTIBLEN,EQ,13290,7210,54.25
20,1764,PLATIND,EQ,367596,132374,36.01
20,1765,PLAZACABLE,EQ,276031,203080,73.57
20,1766,PNB,EQ,95948403,38642740,40.27
20,1767,PNBGILTS,EQ,706643,288862,40.88
20,1768,PNBHOUSING,EQ,2226627,1274996,57.26
20,1769,PNC,EQ,66185,31084,46.97
20,1770,PNCINFRA,EQ,1648279,580333,35.21
20,1771,POCL,EQ,27319,16296,59.65
20,1772,PODDARMENT,EQ,5529,4142,74.91
20,1773,POKARNA,EQ,42495,21320,50.17
20,1774,POLICYBZR,EQ,1246729,648766,52.04
20,1775,POLYCAB,EQ,571071,194562,34.07
20,1776,POLYMED,EQ,22519,10717,47.59
20,1777,POLYPLEX,EQ,94897,59508,62.71
20,1778,POLYSIL,SM,12000,10000,83.33
20,1779,PONNIERODE,EQ,26442,17341,65.58
20,1780,POONAWALLA,EQ,1405699,687367,48.90
20,1781,POWERGRID,EQ,55218939,29515877,53.45
20,1782,POWERINDIA,EQ,83602,46998,56.22
20,1783,POWERMECH,EQ,40140,18828,46.91
20,1784,PPAP,EQ,8465,5452,64.41
20,1785,PPL,EQ,117679,68601,58.30
20,1786,PPLPHARMA,EQ,5128758,2944564,57.41
20,1787,PRAJIND,EQ,2205258,1182894,53.64
20,1788,PRAKASH,EQ,616439,307192,49.83
20,1789,PRAMARA,SM,48000,36000,75.00
20,1790,PRATHAM,SM,284800,172800,60.67
20,1791,PRECAM,EQ,147440,68674,46.58
20,1792,PRECISION,SM,24000,20000,83.33
20,1793,PRECOT,EQ,11990,10329,86.15
20,1794,PRECWIRE,EQ,219595,128190,58.38
20,1795,PREMEXPLN,EQ,98678,51309,52.00
20,1796,PREMIERPOL,EQ,42344,24094,56.90
20,1797,PRESSTONIC,SM,59200,31200,52.70
20,1798,PRESTIGE,EQ,2148632,662819,30.85
20,1799,PRICOLLTD,EQ,283545,141951,50.06
20,1800,PRIMESECU,EQ,154520,91630,59.30
20,1801,PRINCEPIPE,EQ,97128,56162,57.82
20,1802,PRITI,EQ,58195,39219,67.39
20,1803,PRITIKA,SM,14000,8000,57.14
20,1804,PRITIKAUTO,EQ,340843,242992,71.29
20,1805,PRIVISCL,EQ,27307,17525,64.18
20,1806,PRLIND,SM,160000,106000,66.25
20,1807,PROLIFE,SM,1500,1500,100.00
20,1808,PROPEQUITY,SM,2400,2400,100.00
20,1809,PROV,SM,1600,1440,90.00
20,1810,PROZONER,EQ,412491,246914,59.86
20,1811,PRSMJOHNSN,EQ,226888,93503,41.21
20,1812,PRUDENT,EQ,27684,12262,44.29
20,1813,PSB,EQ,10266417,3413240,33.25
20,1814,PSPPROJECT,EQ,100877,63775,63.22
20,1815,PSUBANK,EQ,518063,414963,80.10
20,1816,PSUBANKADD,EQ,72119,58698,81.39
20,1817,PSUBNKBEES,EQ,19511547,13743972,70.44
20,1818,PSUBNKIETF,EQ,1075402,638031,59.33
20,1819,PTC,EQ,2280449,1039947,45.60
20,1820,PTCIL,EQ,161678,61266,37.89
20,1821,PTL,EQ,241311,157018,65.07
20,1822,PULZ,SM,133000,91000,68.42
20,1823,PUNJABCHEM,EQ,21124,10708,50.69
20,1824,PURVFLEXI,SM,28800,24000,83.33
20,1825,PVP,EQ,1281248,737497,57.56
20,1826,PVRINOX,EQ,272069,123447,45.37
20,1827,PVSL,EQ,128784,77933,60.51
20,1828,PVTBANIETF,EQ,2099692,1555951,74.10
20,1829,PVTBANKADD,EQ,257231,215747,83.87
20,1830,PYRAMID,EQ,57262,35895,62.69
20,1831,QGOLDHALF,EQ,46456,38495,82.86
20,1832,QMSMEDI,SM,23000,22000,95.65
20,1833,QNIFTY,EQ,3514,2862,81.45
20,1834,QUADPRO,SM,72000,48000,66.67
20,1835,QUAL30IETF,EQ,319882,285690,89.31
20,1836,QUESS,EQ,264513,162071,61.27
20,1837,QUESTLAB,ST,194400,172800,88.89
20,1838,QUICKHEAL,EQ,115824,57414,49.57
20,1839,QUICKTOUCH,SM,27000,25000,92.59
20,1840,RACE,EQ,38478,28986,75.33
20,1841,RADHIKAJWE,EQ,473790,244049,51.51
20,1842,RADIANTCMS,EQ,151441,97009,64.06
20,1843,RADICO,EQ,148487,71351,48.05
20,1844,RADIOCITY,EQ,318686,160569,50.38
20,1845,RADIOCITY,P1,6478,6478,100.00
20,1846,RADIOWALLA,SM,1600,1600,100.00
20,1847,RAILTEL,EQ,5572185,2271476,40.76
20,1848,RAIN,EQ,1940187,800529,41.26
20,1849,RAINBOW,EQ,195934,81389,41.54
20,1850,RAJESHEXPO,EQ,626947,312027,49.77
20,1851,RAJRATAN,EQ,81700,47148,57.71
20,1852,RAJSREESUG,EQ,97047,63357,65.28
20,1853,RALLIS,EQ,343056,166275,48.47
20,1854,RAMANEWS,EQ,46103,34913,75.73
20,1855,RAMAPHO,EQ,15595,12407,79.56
20,1856,RAMASTEEL,EQ,8162558,4933777,60.44
20,1857,RAMCOCEM,EQ,1118819,447526,40.00
20,1858,RAMCOIND,EQ,178879,92146,51.51
20,1859,RAMKY,EQ,163590,86147,52.66
20,1860,RAMRAT,EQ,52516,24196,46.07
20,1861,RANASUG,EQ,662090,376236,56.83
20,1862,RANEENGINE,EQ,4967,4010,80.73
20,1863,RANEHOLDIN,EQ,13542,7443,54.96
20,1864,RATEGAIN,EQ,352026,192806,54.77
20,1865,RATNAMANI,EQ,147314,108389,73.58
20,1866,RATNAVEER,EQ,489182,245438,50.17
20,1867,RAYMOND,EQ,180892,91783,50.74
20,1868,RBA,EQ,1054115,514623,48.82
20,1869,RBL,EQ,18968,8049,42.43
20,1870,RBLBANK,EQ,19552284,8245819,42.17
20,1871,RBMINFRA,SM,29000,23800,82.07
20,1872,RBS,SM,35200,28800,81.82
20,1873,RCDL,SM,63000,42000,66.67
20,1874,RCF,EQ,7695333,2795860,36.33
20,1875,RECLTD,EQ,42463764,12313057,29.00
20,1876,REDINGTON,EQ,1182833,649043,54.87
20,1877,REDTAPE,EQ,210730,130992,62.16
20,1878,REFEX,EQ,526401,316808,60.18
20,1879,REFRACTORY,SM,312000,264000,84.62
20,1880,RELAXO,EQ,60312,35188,58.34
20,1881,RELCHEMQ,EQ,26316,9824,37.33
20,1882,RELIABLE,SM,2400,2400,100.00
20,1883,RELIANCE,EQ,10763971,6199702,57.60
20,1884,RELIGARE,EQ,4861655,3764406,77.43
20,1885,RELINFRA,EQ,2948747,1671377,56.68
20,1886,REMSONSIND,EQ,33561,25617,76.33
20,1887,REMUS,SM,1875,1275,68.00
20,1888,RENUKA,EQ,5542324,2565426,46.29
20,1889,REPCOHOME,EQ,180514,103098,57.11
20,1890,REPL,EQ,14189,8055,56.77
20,1891,REPRO,EQ,6262,3334,53.24
20,1892,RESPONIND,EQ,195541,53976,27.60
20,1893,REXPIPES,SM,2000,2000,100.00
20,1894,RGL,EQ,177822,130191,73.21
20,1895,RHIM,EQ,470737,344693,73.22
20,1896,RICHA,SM,5000,5000,100.00
20,1897,RICOAUTO,EQ,1035573,447454,43.21
20,1898,RIIL,EQ,245269,83674,34.12
20,1899,RILINFRA,SM,157800,130700,82.83
20,1900,RISHABH,EQ,83605,42222,50.50
20,1901,RITCO,EQ,109720,53898,49.12
20,1902,RITES,EQ,1421072,569493,40.07
20,1903,RITEZONE,SM,4800,3200,66.67
20,1904,RKDL,EQ,66237,46074,69.56
20,1905,RKEC,EQ,55577,44430,79.94
20,1906,RKFORGE,EQ,936259,431313,46.07
20,1907,RKSWAMY,EQ,188397,96971,51.47
20,1908,RMDRIP,SM,6000,4000,66.67
20,1909,RML,EQ,14500,6598,45.50
20,1910,ROCKINGDCE,SM,16750,6750,40.30
20,1911,ROHLTD,EQ,155243,88721,57.15
20,1912,ROLEXRINGS,EQ,18127,8454,46.64
20,1913,ROSSARI,EQ,79364,42061,53.00
20,1914,ROSSELLIND,EQ,65762,39432,59.96
20,1915,ROTO,EQ,171022,97148,56.80
20,1916,ROUTE,EQ,73410,38423,52.34
20,1917,ROXHITECH,SM,243200,166400,68.42
20,1918,RPGLIFE,EQ,16587,11330,68.31
20,1919,RPOWER,EQ,26919726,18403339,68.36
20,1920,RPSGVENT,EQ,47051,25559,54.32
20,1921,RPTECH,EQ,179135,97340,54.34
20,1922,RRKABEL,EQ,360654,223479,61.96
20,1923,RSWM,EQ,82276,48019,58.36
20,1924,RSYSTEMS,EQ,56189,31019,55.20
20,1925,RTNINDIA,EQ,3309609,1530234,46.24
20,1926,RUBYMILLS,EQ,15926,13068,82.05
20,1927,RUCHINFRA,EQ,426135,194138,45.56
20,1928,RUCHIRA,EQ,78455,45791,58.37
20,1929,RULKA,ST,49800,45600,91.57
20,1930,RUPA,EQ,119818,73205,61.10
20,1931,RUSHIL,EQ,77207,41220,53.39
20,1932,RUSTOMJEE,EQ,54868,37665,68.65
20,1933,RVHL,EQ,52068,37356,71.74
20,1934,RVNL,EQ,63511113,17904068,28.19
20,1935,SAAKSHI,SM,81000,72000,88.89
20,1936,SABAR,SM,95000,80000,84.21
20,1937,SADBHIN,EQ,99949,85221,85.26
20,1938,SADHAV,SM,48000,30000,62.50
20,1939,SADHNANIQ,EQ,701364,340395,48.53
20,1940,SAFARI,EQ,111161,51575,46.40
20,1941,SAGARDEEP,EQ,21561,13800,64.00
20,1942,SAGCEM,EQ,282532,155103,54.90
20,1943,SAH,EQ,36332,5754,15.84
20,1944,SAHANA,SM,21500,15750,73.26
20,1945,SAHYADRI,EQ,18890,12546,66.42
20,1946,SAIFL,SM,10400,8800,84.62
20,1947,SAIL,EQ,33154820,13326948,40.20
20,1948,SAKAR,EQ,29933,14631,48.88
20,1949,SAKHTISUG,EQ,374696,197716,52.77
20,1950,SAKSOFT,EQ,198088,108194,54.62
20,1951,SAKUMA,EQ,13166055,4407752,33.48
20,1952,SALASAR,EQ,4765448,3027343,63.53
20,1953,SALONA,EQ,3502,1508,43.06
20,1954,SALZERELEC,EQ,101064,66732,66.03
20,1955,SAMHI,EQ,1409570,871409,61.82
20,1956,SAMPANN,EQ,34843,34738,99.70
20,1957,SANDESH,EQ,5000,3554,71.08
20,1958,SANDHAR,EQ,120495,75680,62.81
20,1959,SANDUMA,EQ,228790,148283,64.81
20,1960,SANGAMIND,EQ,34574,24955,72.18
20,1961,SANGANI,SM,6000,3000,50.00
20,1962,SANGHIIND,EQ,842234,481168,57.13
20,1963,SANGHVIMOV,EQ,387370,259279,66.93
20,1964,SANGINITA,EQ,27145,20534,75.65
20,1965,SANOFI,EQ,21210,13003,61.31
20,1966,SANSERA,EQ,196785,132102,67.13
20,1967,SAPPHIRE,EQ,53561,36505,68.16
20,1968,SARDAEN,EQ,511388,273351,53.45
20,1969,SAREGAMA,EQ,661417,413696,62.55
20,1970,SARLAPOLY,EQ,765487,392393,51.26
20,1971,SAROJA,SM,11200,9600,85.71
20,1972,SARTELE,SM,82500,62000,75.15
20,1973,SARVESHWAR,EQ,3297447,2296578,69.65
20,1974,SASKEN,EQ,16681,11015,66.03
20,1975,SASTASUNDR,EQ,41061,28710,69.92
20,1976,SATIA,EQ,335595,193259,57.59
20,1977,SATIN,EQ,250193,137048,54.78
20,1978,SATINDLTD,EQ,1713887,344916,20.12
20,1979,SAURASHCEM,EQ,287003,202564,70.58
20,1980,SBC,EQ,2700193,1487879,55.10
20,1981,SBCL,EQ,200352,92730,46.28
20,1982,SBFC,EQ,1401897,808273,57.66
20,1983,SBGLP,EQ,692336,183883,26.56
20,1984,SBICARD,EQ,1747460,1059441,60.63
20,1985,SBIETFCON,EQ,10635,7494,70.47
20,1986,SBIETFIT,EQ,32161,21118,65.66
20,1987,SBIETFPB,EQ,855713,831969,97.23
20,1988,SBIETFQLTY,EQ,5105,3976,77.88
20,1989,SBILIFE,EQ,870693,501241,57.57
20,1990,SBIN,EQ,64269020,28051367,43.65
20,1991,SCHAEFFLER,EQ,181239,104889,57.87
20,1992,SCHAND,EQ,91342,57879,63.37
20,1993,SCHNEIDER,EQ,361654,282223,78.04
20,1994,SCI,EQ,7746210,3285389,42.41
20,1995,SCILAL,EQ,3637464,2399428,65.96
20,1996,SCML,SM,32000,26000,81.25
20,1997,SCPL,EQ,77232,34889,45.17
20,1998,SDBL,EQ,2463925,1441311,58.50
20,1999,SDL24BEES,EQ,11370,10257,90.21
20,2000,SDL26BEES,EQ,938,839,89.45
20,2001,SEAMECLTD,EQ,39824,24039,60.36
20,2002,SECL,SM,18750,18750,100.00
20,2003,SEL,SM,11200,10800,96.43
20,2004,SELAN,EQ,63494,23367,36.80
20,2005,SELMC,EQ,30695,19219,62.61
20,2006,SENCO,EQ,197096,80738,40.96
20,2007,SENSEXADD,EQ,4757,3130,65.80
20,2008,SENSEXETF,EQ,19242,13428,69.78
20,2009,SENSEXIETF,EQ,14035,8641,61.57
20,2010,SEPC,EQ,7722890,3961201,51.29
20,2011,SEQUENT,EQ,548692,282934,51.57
20,2012,SERVICE,SM,6000,6000,100.00
20,2013,SERVOTECH,EQ,727387,539307,74.14
20,2014,SESHAPAPER,EQ,73864,48244,65.31
20,2015,SETF10GILT,EQ,5590,3617,64.70
20,2016,SETFGOLD,EQ,1398039,970830,69.44
20,2017,SETFNIF50,EQ,1745546,1071596,61.39
20,2018,SETFNIFBK,EQ,154012,108431,70.40
20,2019,SETFNN50,EQ,91178,50623,55.52
20,2020,SFL,EQ,92477,37673,40.74
20,2021,SFLZC24A,ZB,31,31,100.00
20,2022,SGBAPR28I,GB,127,86,67.72
20,2023,SGBAUG24,GB,352,246,69.89
20,2024,SGBAUG27,GB,11,9,81.82
20,2025,SGBAUG28V,GB,983,588,59.82
20,2026,SGBAUG29V,GB,94,82,87.23
20,2027,SGBAUG30,GB,753,532,70.65
20,2028,SGBD29VIII,GB,254,222,87.40
20,2029,SGBDC27VII,GB,15,15,100.00
20,2030,SGBDE30III,GB,310,223,71.94
20,2031,SGBDE31III,GB,2585,2339,90.48
20,2032,SGBDEC26,GB,11,11,100.00
20,2033,SGBFEB27,GB,13,13,100.00
20,2034,SGBFEB28IX,GB,25,25,100.00
20,2035,SGBFEB29XI,GB,118,98,83.05
20,2036,SGBFEB32IV,GB,2447,2070,84.59
20,2037,SGBJ28VIII,GB,39,37,94.87
20,2038,SGBJAN27,GB,95,95,100.00
20,2039,SGBJAN29IX,GB,234,110,47.01
20,2040,SGBJAN29X,GB,111,104,93.69
20,2041,SGBJAN30IX,GB,175,143,81.71
20,2042,SGBJU29III,GB,186,84,45.16
20,2043,SGBJUL25,GB,91,79,86.81
20,2044,SGBJUL27,GB,80,69,86.25
20,2045,SGBJUL28IV,GB,501,412,82.24
20,2046,SGBJUL29IV,GB,226,226,100.00
20,2047,SGBJUN27,GB,119,94,78.99
20,2048,SGBJUN28,GB,36,30,83.33
20,2049,SGBJUN29II,GB,990,951,96.06
20,2050,SGBJUN30,GB,241,178,73.86
20,2051,SGBJUN31I,GB,1160,752,64.83
20,2052,SGBMAR25,GB,274,163,59.49
20,2053,SGBMAR28X,GB,24,22,91.67
20,2054,SGBMAR30X,GB,6,6,100.00
20,2055,SGBMAR31IV,GB,131,95,72.52
20,2056,SGBMAY25,GB,291,159,54.64
20,2057,SGBMAY26,GB,9,9,100.00
20,2058,SGBMAY28,GB,223,169,75.78
20,2059,SGBMAY29I,GB,382,327,85.60
20,2060,SGBMR29XII,GB,344,269,78.20
20,2061,SGBN28VIII,GB,279,188,67.38
20,2062,SGBNOV24,GB,301,200,66.45
20,2063,SGBNOV258,GB,10,10,100.00
20,2064,SGBNOV25IX,GB,21,21,100.00
20,2065,SGBNV29VII,GB,108,97,89.81
20,2066,SGBOC28VII,GB,234,136,58.12
20,2067,SGBOCT25,GB,88,75,85.23
20,2068,SGBOCT25IV,GB,15,15,100.00
20,2069,SGBOCT25V,GB,1,1,100.00
20,2070,SGBOCT26,GB,29,29,100.00
20,2071,SGBOCT27,GB,10,7,70.00
20,2072,SGBOCT27VI,GB,5,5,100.00
20,2073,SGBSEP24,GB,234,133,56.84
20,2074,SGBSEP27,GB,116,116,100.00
20,2075,SGBSEP28VI,GB,848,464,54.72
20,2076,SGBSEP29VI,GB,773,587,75.94
20,2077,SGBSEP31II,GB,1455,1110,76.29
20,2078,SGIL,EQ,19720,11433,57.98
20,2079,SGL,EQ,29099,25425,87.37
20,2080,SHAH,EQ,2615764,2137001,81.70
20,2081,SHAHALLOYS,EQ,16045,14401,89.75
20,2082,SHAILY,EQ,37347,24949,66.80
20,2083,SHAKTIPUMP,EQ,261109,166763,63.87
20,2084,SHALBY,EQ,151142,82997,54.91
20,2085,SHALPAINTS,EQ,157711,84811,53.78
20,2086,SHANKARA,EQ,69531,35961,51.72
20,2087,SHANTHALA,SM,1200,1200,100.00
20,2088,SHANTIGEAR,EQ,40670,22867,56.23
20,2089,SHARDACROP,EQ,196706,103382,52.56
20,2090,SHARDAMOTR,EQ,79009,50218,63.56
20,2091,SHAREINDIA,EQ,134420,66400,49.40
20,2092,SHAREINDIA,W1,4743,4715,99.41
20,2093,SHARIABEES,EQ,4527,2985,65.94
20,2094,SHEETAL,ST,6000,6000,100.00
20,2095,SHEMAROO,EQ,35021,22266,63.58
20,2096,SHERA,SM,73000,58000,79.45
20,2097,SHIGAN,SM,10500,10500,100.00
20,2098,SHILPAMED,EQ,201907,115242,57.08
20,2099,SHIVALIK,EQ,21044,11216,53.30
20,2100,SHIVAMAUTO,EQ,138598,84982,61.32
20,2101,SHIVAMILLS,EQ,51401,19216,37.38
20,2102,SHIVATEX,EQ,74009,41315,55.82
20,2103,SHK,EQ,583837,290298,49.72
20,2104,SHOPERSTOP,EQ,17718,10838,61.17
20,2105,SHRADHA,EQ,139463,94243,67.58
20,2106,SHREDIGCEM,EQ,544952,317790,58.32
20,2107,SHREECEM,EQ,42209,23181,54.92
20,2108,SHREEKARNI,SM,45000,29400,65.33
20,2109,SHREEOSFM,SM,67000,53000,79.10
20,2110,SHREEPUSHK,EQ,99191,64954,65.48
20,2111,SHRENIK,EQ,2169185,1132968,52.23
20,2112,SHREYANIND,EQ,24040,15352,63.86
20,2113,SHREYAS,EQ,59733,30536,51.12
20,2114,SHRIPISTON,EQ,83432,48563,58.21
20,2115,SHRIRAMFIN,EQ,3032359,1838982,60.65
20,2116,SHRIRAMPPS,EQ,1703900,982897,57.69
20,2117,SHRITECH,SM,32000,24000,75.00
20,2118,SHUBHLAXMI,SM,58000,58000,100.00
20,2119,SHYAMMETL,EQ,358736,202435,56.43
20,2120,SIDDHIKA,SM,1000,1000,100.00
20,2121,SIEMENS,EQ,664800,405046,60.93
20,2122,SIGACHI,EQ,1053481,553425,52.53
20,2123,SIGIND,EQ,121937,74799,61.34
20,2124,SIGMA,EQ,20267,11950,58.96
20,2125,SIGNATURE,EQ,1293541,797546,61.66
20,2126,SIGNORIA,SM,4000,4000,100.00
20,2127,SIGNPOST,EQ,150562,78513,52.15
20,2128,SIKKO,EQ,66309,36716,55.37
20,2129,SIL,EQ,63798,54277,85.08
20,2130,SILGO,EQ,54358,40817,75.09
20,2131,SILINV,EQ,4651,3135,67.40
20,2132,SILKFLEX,SM,66000,64000,96.97
20,2133,SILLYMONKS,EQ,10855,8677,79.94
20,2134,SILVER,EQ,313117,236219,75.44
20,2135,SILVER1,EQ,94458,86278,91.34
20,2136,SILVERADD,EQ,36192,26750,73.91
20,2137,SILVERBEES,EQ,11074671,8152953,73.62
20,2138,SILVERETF,EQ,211936,158905,74.98
20,2139,SILVERIETF,EQ,1464478,1252563,85.53
20,2140,SILVERTUC,EQ,41970,14174,33.77
20,2141,SILVRETF,EQ,31888,30217,94.76
20,2142,SIMBHALS,EQ,167643,117139,69.87
20,2143,SINCLAIR,EQ,69146,48328,69.89
20,2144,SINDHUTRAD,EQ,1572073,1085316,69.04
20,2145,SINTERCOM,EQ,19813,2588,13.06
20,2146,SIRCA,EQ,77791,42769,54.98
20,2147,SIS,EQ,68492,38357,56.00
20,2148,SIYSIL,EQ,31683,19102,60.29
20,2149,SJLOGISTIC,SM,51500,36000,69.90
20,2150,SJS,EQ,112727,46946,41.65
20,2151,SJVN,EQ,47119535,18432751,39.12
20,2152,SKFINDIA,EQ,26611,10910,41.00
20,2153,SKIPPER,EQ,2986601,1279328,42.84
20,2154,SKIPPERPP,E1,19038,12535,65.84
20,2155,SKMEGGPROD,EQ,168190,82542,49.08
20,2156,SKP,SM,20500,14500,70.73
20,2157,SLONE,SM,46400,30400,65.52
20,2158,SMALLCAP,EQ,918688,787642,85.74
20,2159,SMCGLOBAL,EQ,1253330,782945,62.47
20,2160,SMLISUZU,EQ,27475,16303,59.34
20,2161,SMLT,EQ,32727,17529,53.56
20,2162,SMSLIFE,EQ,4549,1905,41.88
20,2163,SMSPHARMA,EQ,358112,207838,58.04
20,2164,SNOWMAN,EQ,1007776,444646,44.12
20,2165,SOBHA,EQ,148766,86733,58.30
20,2166,SOFTTECH,EQ,40793,36822,90.27
20,2167,SOLARA,EQ,137247,69832,50.88
20,2168,SOLARINDS,EQ,324563,140340,43.24
20,2169,SOLEX,SM,38200,29400,76.96
20,2170,SOMANYCERA,EQ,37315,23634,63.34
20,2171,SOMICONVEY,EQ,10364,6639,64.06
20,2172,SONACOMS,EQ,1400844,805998,57.54
20,2173,SONAMAC,SM,66000,46000,69.70
20,2174,SONAMLTD,EQ,21880,15651,71.53
20,2175,SONATSOFTW,EQ,1529224,787310,51.48
20,2176,SONUINFRA,SM,6000,6000,100.00
20,2177,SOTAC,SM,2400,1200,50.00
20,2178,SOTL,EQ,170347,92715,54.43
20,2179,SOUTHBANK,EQ,32058956,13062203,40.74
20,2180,SOUTHWEST,EQ,69948,26236,37.51
20,2181,SPAL,EQ,10493,5848,55.73
20,2182,SPANDANA,EQ,138029,82486,59.76
20,2183,SPARC,EQ,595956,427826,71.79
20,2184,SPCENET,EQ,3502586,2096328,59.85
20,2185,SPECIALITY,EQ,103447,68046,65.78
20,2186,SPECTRUM,SM,8875,8125,91.55
20,2187,SPECTSTM,SM,19200,9600,50.00
20,2188,SPENCERS,EQ,207652,118576,57.10
20,2189,SPIC,EQ,765001,378173,49.43
20,2190,SPLIL,EQ,62525,33295,53.25
20,2191,SPLPETRO,EQ,55854,35322,63.24
20,2192,SPMLINFRA,EQ,92483,72549,78.45
20,2193,SPORTKING,EQ,9887,7856,79.46
20,2194,SPRL,ST,5600,4800,85.71
20,2195,SREEL,EQ,16752,11649,69.54
20,2196,SRF,EQ,412116,216798,52.61
20,2197,SRGHFL,EQ,3237,1750,54.06
20,2198,SRHHYPOLTD,EQ,30308,20103,66.33
20,2199,SRIVASAVI,SM,18000,12000,66.67
20,2200,SRM,EQ,59251,40269,67.96
20,2201,SSFL,SM,34500,23500,68.12
20,2202,SSWL,EQ,430997,224110,52.00
20,2203,STAR,EQ,187487,110121,58.74
20,2204,STARCEMENT,EQ,357273,176615,49.43
20,2205,STARHEALTH,EQ,1587607,1368026,86.17
20,2206,STARPAPER,EQ,32273,16814,52.10
20,2207,STCINDIA,EQ,310710,128878,41.48
20,2208,STEELCAS,EQ,18507,10217,55.21
20,2209,STEELCITY,EQ,34995,20643,58.99
20,2210,STEELXIND,EQ,3284378,2025573,61.67
20,2211,STEL,EQ,24584,17346,70.56
20,2212,STERTOOLS,EQ,294557,69587,23.62
20,2213,STLTECH,EQ,1781363,794396,44.59
20,2214,STOVEKRAFT,EQ,153883,72033,46.81
20,2215,STYLAMIND,EQ,24379,13800,56.61
20,2216,STYRENIX,EQ,17149,8763,51.10
20,2217,SUBEXLTD,EQ,4254372,2167568,50.95
20,2218,SUBROS,EQ,99326,49347,49.68
20,2219,SUDARSCHEM,EQ,237370,114484,48.23
20,2220,SUKHJITS,EQ,17399,13387,76.94
20,2221,SULA,EQ,952461,446244,46.85
20,2222,SUMICHEM,EQ,1491310,362237,24.29
20,2223,SUMMITSEC,EQ,12240,8676,70.88
20,2224,SUNCLAY,EQ,6345,4145,65.33
20,2225,SUNDARAM,EQ,11657741,6224857,53.40
20,2226,SUNDARMFIN,EQ,288727,159645,55.29
20,2227,SUNDARMHLD,EQ,295862,173065,58.50
20,2228,SUNDRMBRAK,EQ,4225,2059,48.73
20,2229,SUNDRMFAST,EQ,216472,108105,49.94
20,2230,SUNFLAG,EQ,291489,159672,54.78
20,2231,SUNPHARMA,EQ,1855318,1118422,60.28
20,2232,SUNTECK,EQ,617936,342312,55.40
20,2233,SUNTV,EQ,997388,236440,23.71
20,2234,SUPERHOUSE,EQ,5129,3986,77.71
20,2235,SUPERSPIN,EQ,268405,170820,63.64
20,2236,SUPRAJIT,EQ,553517,346267,62.56
20,2237,SUPREMEIND,EQ,138837,60681,43.71
20,2238,SUPREMEPWR,SM,932000,526000,56.44
20,2239,SUPRIYA,EQ,274629,153969,56.06
20,2240,SURAJEST,EQ,147406,54108,36.71
20,2241,SURANAT&P,EQ,473655,415813,87.79
20,2242,SURANI,SM,4000,3200,80.00
20,2243,SURYALAXMI,EQ,47918,24493,51.11
20,2244,SURYAROSNI,EQ,289651,134123,46.31
20,2245,SURYODAY,EQ,510406,290291,56.87
20,2246,SUTLEJTEX,EQ,112178,73580,65.59
20,2247,SUULD,EQ,590259,410968,69.63
20,2248,SUVEN,EQ,171520,121326,70.74
20,2249,SUVENPHAR,EQ,441486,236368,53.54
20,2250,SUVIDHAA,EQ,325457,311056,95.58
20,2251,SVLL,EQ,3885,3600,92.66
20,2252,SVPGLOB,EQ,116585,84076,72.12
20,2253,SWANENERGY,EQ,4323788,2384098,55.14
20,2254,SWARAJ,SM,57000,40000,70.18
20,2255,SWARAJENG,EQ,12558,7652,60.93
20,2256,SWASTIK,SM,93600,84000,89.74
20,2257,SWELECTES,EQ,63847,38745,60.68
20,2258,SWSOLAR,EQ,376496,200122,53.15
20,2259,SYMPHONY,EQ,171771,79228,46.12
20,2260,SYNCOMF,EQ,3261212,2118700,64.97
20,2261,SYNGENE,EQ,1142222,827106,72.41
20,2262,SYNOPTICS,SM,18000,13200,73.33
20,2263,SYRMA,EQ,1761934,810399,45.99
20,2264,SYSTANGO,SM,40000,30800,77.00
20,2265,TAC,SM,54000,31200,57.78
20,2266,TAJGVK,EQ,765577,233502,30.50
20,2267,TAKE,EQ,272988,188688,69.12
20,2268,TALBROAUTO,EQ,155091,98415,63.46
20,2269,TANLA,EQ,314995,158650,50.37
20,2270,TAPIFRUIT,SM,750,750,100.00
20,2271,TARC,EQ,645383,387435,60.03
20,2272,TARSONS,EQ,50407,25218,50.03
20,2273,TASTYBITE,EQ,945,469,49.63
20,2274,TATACHEM,EQ,1408614,659584,46.83
20,2275,TATACOMM,EQ,1016552,633870,62.35
20,2276,TATACONSUM,EQ,1323788,729476,55.11
20,2277,TATAELXSI,EQ,189575,103754,54.73
20,2278,TATAGOLD,EQ,3830614,3065540,80.03
20,2279,TATAINVEST,EQ,27480,19322,70.31
20,2280,TATAMOTORS,EQ,12314329,5840267,47.43
20,2281,TATAMTRDVR,EQ,1818096,1078193,59.30
20,2282,TATAPOWER,EQ,25033120,13618125,54.40
20,2283,TATASTEEL,EQ,86397540,44156986,51.11
20,2284,TATATECH,EQ,806191,516854,64.11
20,2285,TATSILV,EQ,2328957,2048394,87.95
20,2286,TATVA,EQ,38198,21682,56.76
20,2287,TBOTEK,EQ,309370,204152,65.99
20,2288,TBZ,EQ,146614,91785,62.60
20,2289,TCI,EQ,73244,36482,49.81
20,2290,TCIEXP,EQ,76914,39652,51.55
20,2291,TCIFINANCE,EQ,19011,19011,100.00
20,2292,TCL,SM,114400,88800,77.62
20,2293,TCLCONS,EQ,95767,56047,58.52
20,2294,TCNSBRANDS,EQ,222430,86193,38.75
20,2295,TCPLPACK,EQ,5282,3478,65.85
20,2296,TCS,EQ,2156773,1485357,68.87
20,2297,TDPOWERSYS,EQ,555484,280520,50.50
20,2298,TEAMLEASE,EQ,30661,20676,67.43
20,2299,TECH,EQ,41593,29642,71.27
20,2300,TECHLABS,SM,33500,22500,67.16
20,2301,TECHM,EQ,1091287,566639,51.92
20,2302,TECHNOE,EQ,715806,359890,50.28
20,2303,TECILCHEM,EQ,1109,1109,100.00
20,2304,TEGA,EQ,30011,13807,46.01
20,2305,TEJASNET,EQ,575443,292291,50.79
20,2306,TEMBO,EQ,53029,14737,27.79
20,2307,TERASOFT,EQ,119039,86662,72.80
20,2308,TEXINFRA,EQ,1621035,808213,49.86
20,2309,TEXMOPIPES,EQ,145396,89112,61.29
20,2310,TEXRAIL,EQ,6098969,3290181,53.95
20,2311,TFCILTD,EQ,1173774,749970,63.89
20,2312,TGBHOTELS,EQ,136553,88050,64.48
20,2313,TGL,SM,16800,16800,100.00
20,2314,THANGAMAYL,EQ,24145,19270,79.81
20,2315,THEINVEST,EQ,18052,13064,72.37
20,2316,THEJO,EQ,20156,8762,43.47
20,2317,THEMISMED,EQ,47662,29459,61.81
20,2318,THERMAX,EQ,274033,185905,67.84
20,2319,THOMASCOOK,EQ,786905,447400,56.86
20,2320,THYROCARE,EQ,38809,24815,63.94
20,2321,TI,EQ,1214578,756203,62.26
20,2322,TIDEWATER,EQ,47360,22352,47.20
20,2323,TIIL,EQ,31840,16763,52.65
20,2324,TIINDIA,EQ,266777,141193,52.93
20,2325,TIMESCAN,SM,10000,10000,100.00
20,2326,TIMETECHNO,EQ,1705005,619874,36.36
20,2327,TIMKEN,EQ,175235,81714,46.63
20,2328,TIPSFILMS,EQ,4333,3004,69.33
20,2329,TIPSINDLTD,EQ,465981,268295,57.58
20,2330,TIRUMALCHM,EQ,258508,144724,55.98
20,2331,TIRUPATI,SM,500,500,100.00
20,2332,TIRUPATIFL,EQ,587455,448458,76.34
20,2333,TITAGARH,EQ,2650372,1183526,44.66
20,2334,TITAN,EQ,1378542,851879,61.80
20,2335,TMB,EQ,137872,78714,57.09
20,2336,TNIDETF,EQ,65475,49898,76.21
20,2337,TNPETRO,EQ,174053,100760,57.89
20,2338,TNPL,EQ,109909,53961,49.10
20,2339,TOKYOPLAST,EQ,14464,10069,69.61
20,2340,TORNTPHARM,EQ,224866,143589,63.86
20,2341,TORNTPOWER,EQ,785567,462963,58.93
20,2342,TOTAL,EQ,15337,9429,61.48
20,2343,TOUCHWOOD,EQ,2976,1762,59.21
20,2344,TPLPLASTEH,EQ,408232,90954,22.28
20,2345,TRACXN,EQ,487147,289911,59.51
20,2346,TRANSTEEL,SM,90000,64000,71.11
20,2347,TRANSWIND,SM,24000,24000,100.00
20,2348,TREEHOUSE,EQ,33635,30335,90.19
20,2349,TREL,EQ,1073831,675509,62.91
20,2350,TRENT,EQ,450140,191103,42.45
20,2351,TRIDENT,EQ,7997503,3852558,48.17
20,2352,TRIDHYA,SM,24000,18000,75.00
20,2353,TRIGYN,EQ,119339,56312,47.19
20,2354,TRITURBINE,EQ,1015022,362915,35.75
20,2355,TRIVENI,EQ,301947,162079,53.68
20,2356,TRU,EQ,5274110,2085165,39.54
20,2357,TRUST,SM,154800,102000,65.89
20,2358,TTKHLTCARE,EQ,5530,3592,64.95
20,2359,TTKPRESTIG,EQ,102024,68170,66.82
20,2360,TTL,EQ,13896,7807,56.18
20,2361,TTML,EQ,2495060,1302024,52.18
20,2362,TV18BRDCST,EQ,4917139,2973432,60.47
20,2363,TVSELECT,EQ,81345,32527,39.99
20,2364,TVSHLTD,EQ,13754,9254,67.28
20,2365,TVSMOTOR,EQ,895334,452248,50.51
20,2366,TVSSCS,EQ,579557,315536,54.44
20,2367,TVSSRICHAK,EQ,7449,4823,64.75
20,2368,TVTODAY,EQ,213020,111774,52.47
20,2369,UBL,EQ,163910,65459,39.94
20,2370,UCAL,EQ,42264,19662,46.52
20,2371,UCOBANK,EQ,64998905,19295451,29.69
20,2372,UDAICEMENT,EQ,557572,337845,60.59
20,2373,UDS,EQ,185250,101250,54.66
20,2374,UFLEX,EQ,54236,36200,66.75
20,2375,UFO,EQ,301650,155446,51.53
20,2376,UGARSUGAR,EQ,414359,243781,58.83
20,2377,UGROCAP,EQ,1825296,1021453,55.96
20,2378,UJJIVANSFB,EQ,16771739,9576706,57.10
20,2379,ULTRACEMCO,EQ,732632,471548,64.36
20,2380,UMA,SM,4000,4000,100.00
20,2381,UMANGDAIRY,EQ,32343,19551,60.45
20,2382,UMESLTD,EQ,40302,30298,75.18
20,2383,UNICHEMLAB,EQ,22429,12180,54.30
20,2384,UNIDT,EQ,16471,10307,62.58
20,2385,UNIENTER,EQ,11014,8107,73.61
20,2386,UNIHEALTH,SM,52000,48000,92.31
20,2387,UNIONBANK,EQ,37182648,19019101,51.15
20,2388,UNIPARTS,EQ,110723,75648,68.32
20,2389,UNITEDPOLY,EQ,5682,3078,54.17
20,2390,UNITEDTEA,EQ,1806,1570,86.93
20,2391,UNIVCABLES,EQ,79358,42019,52.95
20,2392,UNIVPHOTO,EQ,1838,1362,74.10
20,2393,UNOMINDA,EQ,500489,238148,47.58
20,2394,UPL,EQ,5297460,2427298,45.82
20,2395,URBAN,SM,36400,29600,81.32
20,2396,URJA,EQ,7197407,4752964,66.04
20,2397,USASEEDS,SM,300,300,100.00
20,2398,USHAMART,EQ,890647,516885,58.03
20,2399,USK,EQ,533326,338921,63.55
20,2400,UTIAMC,EQ,106262,59644,56.13
20,2401,UTIBANKETF,EQ,2620473,2439715,93.10
20,2402,UTINEXT50,EQ,252047,184415,73.17
20,2403,UTINIFTETF,EQ,108791,95248,87.55
20,2404,UTISENSETF,EQ,5878,4904,83.43
20,2405,UTISXN50,EQ,5089,3288,64.61
20,2406,UTKARSHBNK,EQ,3458551,1844051,53.32
20,2407,UTTAMSUGAR,EQ,164105,87375,53.24
20,2408,VADILALIND,EQ,9887,4893,49.49
20,2409,VAIBHAVGBL,EQ,629314,330513,52.52
20,2410,VAISHALI,EQ,45314,31353,69.19
20,2411,VAKRANGEE,EQ,8347679,2845125,34.08
20,2412,VALIANTLAB,EQ,220856,70876,32.09
20,2413,VALIANTORG,EQ,25452,14208,55.82
20,2414,VARDHACRLC,EQ,56976,40985,71.93
20,2415,VARDMNPOLY,EQ,334607,233145,69.68
20,2416,VARROC,EQ,220733,96287,43.62
20,2417,VASCONEQ,EQ,3952035,2154193,54.51
20,2418,VBL,EQ,1726623,1052607,60.96
20,2419,VEDL,EQ,14471274,5506201,38.05
20,2420,VEEKAYEM,SM,1000,1000,100.00
20,2421,VELS,SM,2400,2400,100.00
20,2422,VENKEYS,EQ,21207,10898,51.39
20,2423,VENUSPIPES,EQ,84179,46429,55.16
20,2424,VENUSREM,EQ,92201,51288,55.63
20,2425,VERANDA,EQ,130298,89165,68.43
20,2426,VERITAAS,ST,19200,19200,100.00
20,2427,VERTEXPLUS,ST,600,600,100.00
20,2428,VESUVIUS,EQ,26278,11963,45.52
20,2429,VETO,EQ,127901,80736,63.12
20,2430,VGUARD,EQ,1293328,1073487,83.00
20,2431,VHL,EQ,1063,566,53.25
20,2432,VIAZ,SM,4000,4000,100.00
20,2433,VIDHIING,EQ,102571,42996,41.92
20,2434,VIJAYA,EQ,139553,45985,32.95
20,2435,VIKASECO,EQ,17305603,7194432,41.57
20,2436,VIKASLIFE,EQ,11029137,8426528,76.40
20,2437,VILAS,ST,3230000,3219000,99.66
20,2438,VILINBIO,SM,12000,12000,100.00
20,2439,VIMTALABS,EQ,13309,7527,56.56
20,2440,VINATIORGA,EQ,82655,45862,55.49
20,2441,VINDHYATEL,EQ,16158,7881,48.77
20,2442,VINEETLAB,EQ,86391,42421,49.10
20,2443,VINNY,EQ,1246443,859682,68.97
20,2444,VINSYS,SM,9000,5500,61.11
20,2445,VINYAS,SM,38200,32600,85.34
20,2446,VINYLINDIA,EQ,23893,14262,59.69
20,2447,VIPCLOTHNG,EQ,276069,124514,45.10
20,2448,VIPIND,EQ,271596,137002,50.44
20,2449,VIRINCHI,EQ,1257293,820787,65.28
20,2450,VISAKAIND,EQ,173316,112856,65.12
20,2451,VISHNU,EQ,202025,136898,67.76
20,2452,VISHNUINFR,SM,37500,31000,82.67
20,2453,VISHWARAJ,EQ,738614,444387,60.16
20,2454,VISHWAS,SM,20800,19200,92.31
20,2455,VITAL,SM,19200,15600,81.25
20,2456,VIVIANA,SM,22500,21000,93.33
20,2457,VLSFINANCE,EQ,126107,63033,49.98
20,2458,VMARCIND,SM,49000,40000,81.63
20,2459,VMART,EQ,21098,9759,46.26
20,2460,VOLTAMP,EQ,26809,16395,61.15
20,2461,VOLTAS,EQ,1684565,528624,31.38
20,2462,VPRPL,EQ,1899191,858124,45.18
20,2463,VR,SM,76800,38400,50.00
20,2464,VRLLOG,EQ,48148,26979,56.03
20,2465,VSCL,ST,12000,12000,100.00
20,2466,VSSL,EQ,136038,75597,55.57
20,2467,VSTIND,EQ,18422,9942,53.97
20,2468,VSTTILLERS,EQ,28347,18288,64.51
20,2469,VTL,EQ,598945,399550,66.71
20,2470,WABAG,EQ,801438,387600,48.36
20,2471,WALCHANNAG,EQ,243246,174062,71.56
20,2472,WALPAR,SM,3000,3000,100.00
20,2473,WANBURY,EQ,50041,33609,67.16
20,2474,WEALTH,EQ,6212,3891,62.64
20,2475,WEIZMANIND,EQ,14408,8979,62.32
20,2476,WELCORP,EQ,2660182,1363486,51.26
20,2477,WELENT,EQ,622124,327887,52.70
20,2478,WELINV,EQ,966,765,79.19
20,2479,WELSPUNLIV,EQ,911889,486314,53.33
20,2480,WENDT,EQ,738,422,57.18
20,2481,WESTLIFE,EQ,77107,50091,64.96
20,2482,WHEELS,EQ,116661,59490,50.99
20,2483,WHIRLPOOL,EQ,811866,726462,89.48
20,2484,WILLAMAGOR,EQ,11180,6905,61.76
20,2485,WINDLAS,EQ,75011,41080,54.77
20,2486,WINDMACHIN,EQ,129109,78708,60.96
20,2487,WINSOL,SM,198400,121600,61.29
20,2488,WIPL,EQ,25933,5608,21.62
20,2489,WIPRO,EQ,4482212,2202807,49.15
20,2490,WOCKPHARMA,EQ,338463,245946,72.67
20,2491,WOMANCART,SM,153600,99200,64.58
20,2492,WONDERLA,EQ,78258,37611,48.06
20,2493,WORTH,EQ,11987,10377,86.57
20,2494,WSI,EQ,116444,72636,62.38
20,2495,WSTCSTPAPR,EQ,341445,174326,51.06
20,2496,WTICAB,SM,148000,116000,78.38
20,2497,XCHANGING,EQ,337717,219064,64.87
20,2498,XPROINDIA,EQ,37022,22456,60.66
20,2499,YASHO,EQ,11309,6108,54.01
20,2500,YASHOPTICS,SM,52800,44800,84.85
20,2501,YATHARTH,EQ,151260,81359,53.79
20,2502,YATRA,EQ,210638,116805,55.45
20,2503,YCCL,SM,42000,36000,85.71
20,2504,YESBANK,EQ,258942118,87987073,33.98
20,2505,YUDIZ,SM,25600,21600,84.38
20,2506,YUKEN,EQ,25194,20430,81.09
20,2507,ZAGGLE,EQ,1182886,574334,48.55
20,2508,ZEAL,SM,4800,4200,87.50
20,2509,ZEEL,EQ,30185715,11702320,38.77
20,2510,ZEEMEDIA,EQ,5295676,1915717,36.18
20,2511,ZENITHDRUG,SM,40000,30400,76.00
20,2512,ZENITHEXPO,EQ,2022,1409,69.68
20,2513,ZENITHSTL,EQ,358991,240765,67.07
20,2514,ZENSARTECH,EQ,1658679,755965,45.58
20,2515,ZENTEC,EQ,393708,286453,72.76
20,2516,ZFCVINDIA,EQ,10530,4419,41.97
20,2517,ZIMLAB,EQ,111062,63972,57.60
20,2518,ZODIACLOTH,EQ,15870,11175,70.42
20,2519,ZOMATO,EQ,53437123,33193911,62.12
20,2520,ZOTA,EQ,41070,27490,66.93
20,2521,ZUARI,EQ,127963,63851,49.90
20,2522,ZUARIIND,EQ,115784,68073,58.79
20,2523,ZYDUSLIFE,EQ,1142471,568147,49.73
20,2524,ZYDUSWELL,EQ,41264,23826,57.74
