Security Wise Delivery Position - Compulsory Rolling Settlement
10,MTO,02082024,2023117240,0002487
Trade Date <02-AUG-2024>,Settlement Type <N>
Record Type,Sr No,Name of Security,Quantity Traded,Deliverable Quantity(gross across client level),% of Deliverable Quantity to Traded Quantity
20,1,1003ISFL28,N4,225,225,100.00
20,2,1015ECL29,NR,323,315,97.52
20,3,1018GS2026,GS,1359,1359,100.00
20,4,1025ICCL26,NT,35,35,100.00
20,5,1025NFL25,N5,134,110,82.09
20,6,1025SCL34,Z8,431,431,100.00
20,7,1025UCL25,N8,10,10,100.00
20,8,1040UCL25,N4,505,505,100.00
20,9,1049DLSL25,NX,149,149,100.00
20,10,1060ECL29,NS,60,60,100.00
20,11,1065NFL27,NC,152,152,100.00
20,12,10CAGL27,N5,170,143,84.12
20,13,10IIFL28,N4,210,180,85.71
20,14,10IIFL28A,NE,96,96,100.00
20,15,10IIFL29,N6,240,240,100.00
20,16,10NFL25,N9,2,2,100.00
20,17,10NIDO26,N6,33,33,100.00
20,18,11DLSL25,NV,70,70,100.00
20,19,182D020125,TB,200,200,100.00
20,20,182D031024,TB,300,300,100.00
20,21,182D050924,TB,100,100,100.00
20,22,182D120924,TB,100,100,100.00
20,23,182D121224,TB,700,700,100.00
20,24,182D170125,TB,200,200,100.00
20,25,182D281124,TB,300,200,66.67
20,26,182D290824,TB,100,100,100.00
20,27,20MICRONS,EQ,1741393,484979,27.85
20,28,360ONE,EQ,580705,313800,54.04
20,29,364D071124,TB,100,100,100.00
20,30,364D100725,TB,200,200,100.00
20,31,364D110425,TB,1000,1000,100.00
20,32,364D180725,TB,900,900,100.00
20,33,364D290525,TB,100,100,100.00
20,34,364D311024,TB,100,100,100.00
20,35,3IINFOLTD,EQ,1040424,613474,58.96
20,36,3MINDIA,EQ,3363,1335,39.70
20,37,3PLAND,EQ,60311,9508,15.76
20,38,522GS2025,GS,2,1,50.00
20,39,574GS2026,GS,1,1,100.00
20,40,5PAISA,EQ,44701,27325,61.13
20,41,618GS2024,GS,1,1,100.00
20,42,63MOONS,EQ,356854,141868,39.76
20,43,654GS2032,GS,3,2,66.67
20,44,667GS2050,GS,10101,10101,100.00
20,45,676GS2061,GS,4780,4780,100.00
20,46,695GS2061,GS,2040,2040,100.00
20,47,699GS2026,GS,1100,1099,99.91
20,48,699GS2051,GS,50,50,100.00
20,49,702GS2027,GS,100,100,100.00
20,50,702GS2031,GS,4000,4000,100.00
20,51,704GS2029,GS,200,200,100.00
20,52,706GS2028,GS,8400,8400,100.00
20,53,710GS2029,GS,37750,36118,95.68
20,54,717GS2030,GS,100,100,100.00
20,55,718GS2033,GS,35100,35100,100.00
20,56,718GS2037,GS,17340,17340,100.00
20,57,71GS2034,GS,7025,5220,74.31
20,58,725GS2063,GS,212111,211911,99.91
20,59,726GS2032,GS,803,803,100.00
20,60,727GS2026,GS,1,1,100.00
20,61,732GS2030,GS,5000,5000,100.00
20,62,733GS2026,GS,1119,1119,100.00
20,63,734GS2064,GS,1600,1600,100.00
20,64,735NHAI31,N9,1,1,100.00
20,65,736GS2052,GS,4002,3999,99.93
20,66,736PFCL28,N2,1,1,100.00
20,67,737GS2028,GS,600,600,100.00
20,68,737NTPC35C,NA,56,56,100.00
20,69,738GS2027,GS,116481,113381,97.34
20,70,739NHAI26,N8,490,490,100.00
20,71,73GS2053,GS,404125,404125,100.00
20,72,741GS2036,GS,9001,9001,100.00
20,73,743REC35,NH,1,1,100.00
20,74,746GS2073,GS,2410,2410,100.00
20,75,750IRFC35,NK,101,101,100.00
20,76,751HUDCO28,N5,50,50,100.00
20,77,753IRFC30,NJ,159,158,99.37
20,78,753NTPC30E,NC,344,344,100.00
20,79,754GS2036,GS,360755,355415,98.52
20,80,760PFCL35,N3,179,179,100.00
20,81,762GS2039,GS,1000,1000,100.00
20,82,764HUDCO31,N8,96,96,100.00
20,83,764IRFC31,NO,1119,1010,90.26
20,84,764NABAR31,N2,373,373,100.00
20,85,769NHAI31,NE,886,886,100.00
20,86,76NHAI31,NA,4502,4502,100.00
20,87,773UP33A,SG,100,100,100.00
20,88,794TN32,SG,6000,6000,100.00
20,89,79NHIT35,N1,778,778,100.00
20,90,79NHIT40,N2,317,278,87.70
20,91,79NHIT47,N3,1378,1378,100.00
20,92,802WB37,SG,100,100,100.00
20,93,810IRFC27,N2,569,560,98.42
20,94,812REC27,NI,20,20,100.00
20,95,828GS2027,GS,930,930,100.00
20,96,829LTF24,NL,255,255,100.00
20,97,82HUDCO27,N2,87,87,100.00
20,98,82IGT31,NJ,210,210,100.00
20,99,830NHAI27,N2,891,784,87.99
20,100,830PFCL27,N5,5,5,100.00
20,101,833SCFL24,YX,4,4,100.00
20,102,835IFL25,NV,169,125,73.96
20,103,837REC33,N7,6,6,100.00
20,104,842IIFL26,NL,271,271,100.00
20,105,843IHFL29,NC,204,204,100.00
20,106,849NTPC25,N7,180631,163262,90.38
20,107,84TCHF28,NA,771,512,66.41
20,108,85IFL26,NX,10,10,100.00
20,109,85IIFL25,NO,10,10,100.00
20,110,865IFL28,NZ,20,20,100.00
20,111,865IIFL28,NS,1042,1042,100.00
20,112,865IRFC29,NA,710,710,100.00
20,113,865LTF26,NN,439,288,65.60
20,114,865TCAPS27,N8,109,109,100.00
20,115,86LTF24,NJ,1,1,100.00
20,116,871REC28,N9,1006,1006,100.00
20,117,875NHAI29,N6,137,136,99.27
20,118,875PCHFL26,N8,626,626,100.00
20,119,876HUDCO28,ND,1000,1000,100.00
20,120,87SCL24A,ZF,25,25,100.00
20,121,880IREDA29,N5,1,1,100.00
20,122,888IHFL25C,NR,160,160,100.00
20,123,888IRFC29,NE,116,116,100.00
20,124,888NHB29,N5,26,26,100.00
20,125,88SCFL25,YZ,19,19,100.00
20,126,891IIFCL34,N4,424,424,100.00
20,127,891NTPC33,N6,264,264,100.00
20,128,892NHPC33,N6,47,47,100.00
20,129,892PFCL33,N8,124,100,80.65
20,130,897MOFSL29,N4,661,661,100.00
20,131,901HUDCO34,NE,341,200,58.65
20,132,901NHB34,N6,35,35,100.00
20,133,903SFL28,YI,174,174,100.00
20,134,905LTF27,NF,88,51,57.95
20,135,910TCAP28,NA,90,90,100.00
20,136,915GS2024,GS,4787,4787,100.00
20,137,915SCL26,NE,600,600,100.00
20,138,91D031024,TB,200,200,100.00
20,139,91D080824,TB,600,600,100.00
20,140,91D101024,TB,300,200,66.67
20,141,91D120924,TB,20000,20000,100.00
20,142,91D150824,TB,100,100,100.00
20,143,91D190924,TB,200,200,100.00
20,144,91D311024,TB,100,100,100.00
20,145,922SFL24,Z4,130,130,100.00
20,146,925CAGL26,N9,79,79,100.00
20,147,925ERFL28,N6,151,151,100.00
20,148,925SCL25C,AR,100,100,100.00
20,149,925SCL28B,YC,10,10,100.00
20,150,92GS2030,GS,12063,12047,99.87
20,151,930SFL28,YP,201,201,100.00
20,152,93MOFSL34,N6,51,51,100.00
20,153,943ECL28,NJ,128,100,78.13
20,154,945IFSL25,N4,30,30,100.00
20,155,948SCL26,N9,5,5,100.00
20,156,948SCL26I,AX,10,0,0.00
20,157,94NFL24,N3,1,1,100.00
20,158,94SFL28,YL,585,585,100.00
20,159,955SCL27A,ZJ,12,12,100.00
20,160,957ICCL25,YW,287,284,98.95
20,161,965IFSL26,N6,6,6,100.00
20,162,965SCL25B,Y1,10,10,100.00
20,163,965SCL25C,N0,15,15,100.00
20,164,96IIFL28,N5,1402,1325,94.51
20,165,96IIFL28A,NF,71,71,100.00
20,166,96SFL24,Z8,240,240,100.00
20,167,96SFL24A,NB,6,6,100.00
20,168,970CAGL28,ND,20,20,100.00
20,169,971SCL28I,BC,1,1,100.00
20,170,975NFL25,N0,10,10,100.00
20,171,97SFL29,YZ,20,20,100.00
20,172,985ECL28,NK,27,25,92.59
20,173,985IIFL22,NC,270,260,96.30
20,174,98ICCL26,NU,230,230,100.00
20,175,98SCL27,ZX,10,10,100.00
20,176,990SCL26,N7,5,5,100.00
20,177,990SCL26I,AV,116,106,91.38
20,178,99IFCI24,NH,200,200,100.00
20,179,9IIFL28A,NT,26,26,100.00
20,180,9MMFSML,N2,1,1,100.00
20,181,AAATECH,EQ,58017,16134,27.81
20,182,AADHARHFC,EQ,436277,225095,51.59
20,183,AAREYDRUGS,EQ,69811,34986,50.12
20,184,AARON,EQ,13804,9213,66.74
20,185,AARTIDRUGS,EQ,116907,53546,45.80
20,186,AARTIIND,EQ,921991,280298,30.40
20,187,AARTIPHARM,EQ,586136,271354,46.30
20,188,AARTISURF,EQ,30982,17136,55.31
20,189,AARVEEDEN,EQ,131661,77587,58.93
20,190,AARVI,EQ,16641,7642,45.92
20,191,AATMAJ,SM,8000,8000,100.00
20,192,AAVAS,EQ,270782,212621,78.52
20,193,ABB,EQ,195829,73524,37.55
20,194,ABBOTINDIA,EQ,7719,1912,24.77
20,195,ABCAPITAL,EQ,9200005,3232147,35.13
20,196,ABDL,EQ,484277,236125,48.76
20,197,ABFL26,N1,10,10,100.00
20,198,ABFL28,N3,68,68,100.00
20,199,ABFRL,EQ,3681616,1084425,29.46
20,200,ABGSEC,EQ,2826,1021,36.13
20,201,ABINFRA,SM,16000,14000,87.50
20,202,ABSLAMC,EQ,211759,122330,57.77
20,203,ABSLBANETF,EQ,11338,7965,70.25
20,204,ABSLLIQUID,EQ,4946,4894,98.95
20,205,ABSLNN50ET,EQ,36643,28633,78.14
20,206,ABSLPSE,EQ,501238,288879,57.63
20,207,ABSMARINE,SM,84000,53000,63.10
20,208,ACC,EQ,674689,315293,46.73
20,209,ACCELYA,EQ,22674,11473,50.60
20,210,ACCENTMIC,SM,32000,23500,73.44
20,211,ACCORD,SM,12000,8000,66.67
20,212,ACE,EQ,261185,121932,46.68
20,213,ACEINTEG,EQ,28974,12256,42.30
20,214,ACI,EQ,569218,269834,47.40
20,215,ACL,EQ,79840,45943,57.54
20,216,ACLGATI,EQ,700506,333317,47.58
20,217,ACSAL,SM,54000,30000,55.56
20,218,ADANIENSOL,EQ,9602722,1725050,17.96
20,219,ADANIENT,EQ,3360209,1232985,36.69
20,220,ADANIGREEN,EQ,1827128,641101,35.09
20,221,ADANIPORTS,EQ,4313297,927027,21.49
20,222,ADANIPOWER,EQ,5669123,1712101,30.20
20,223,ADFFOODS,EQ,138280,74851,54.13
20,224,ADL,EQ,6475,1582,24.43
20,225,ADORWELD,EQ,19334,12906,66.75
20,226,ADROITINFO,EQ,35399,24220,68.42
20,227,ADROITPP1,E1,680,680,100.00
20,228,ADSL,EQ,650672,244322,37.55
20,229,ADVANIHOTR,EQ,591665,152228,25.73
20,230,ADVENZYMES,EQ,1013954,397005,39.15
20,231,AEGISLOG,EQ,391255,211716,54.11
20,232,AEROFLEX,EQ,451191,215163,47.69
20,233,AETHER,EQ,63184,30021,47.51
20,234,AFFLE,EQ,397301,186651,46.98
20,235,AFIL,EQ,313248,206372,65.88
20,236,AGARIND,EQ,55532,24863,44.77
20,237,AGARWALFT,ST,36000,33000,91.67
20,238,AGI,EQ,183223,106851,58.32
20,239,AGIIL,EQ,756,414,54.76
20,240,AGNI,SM,302500,162500,53.72
20,241,AGRITECH,EQ,60185,28106,46.70
20,242,AGROPHOS,EQ,72318,30710,42.47
20,243,AGSTRA,EQ,446718,191537,42.88
20,244,AHL,EQ,622574,72641,11.67
20,245,AHLEAST,EQ,13721,7767,56.61
20,246,AHLUCONT,EQ,44053,23844,54.13
20,247,AIAENG,EQ,17596,7922,45.02
20,248,AIIL,EQ,34079,15554,45.64
20,249,AILIMITED,ST,12000,12000,100.00
20,250,AIMTRON,ST,79200,66400,83.84
20,251,AIRAN,EQ,264799,159544,60.25
20,252,AIROLAM,EQ,20318,8322,40.96
20,253,AIRTELPP,E1,133438,81836,61.33
20,254,AJANTPHARM,EQ,312024,97987,31.40
20,255,AJOONI,EQ,2107844,1390354,65.96
20,256,AKANKSHA,ST,48000,46000,95.83
20,257,AKASH,EQ,51421,24077,46.82
20,258,AKG,EQ,640247,99733,15.58
20,259,AKI,EQ,29305,16376,55.88
20,260,AKIKO,SM,180800,158400,87.61
20,261,AKSHAR,EQ,1076190,624749,58.05
20,262,AKSHARCHEM,EQ,59126,28176,47.65
20,263,AKSHOPTFBR,EQ,164790,115926,70.35
20,264,AKZOINDIA,EQ,45104,16839,37.33
20,265,ALANKIT,EQ,2401354,974490,40.58
20,266,ALBERTDAVD,EQ,10604,6086,57.39
20,267,ALEMBICLTD,EQ,3411332,1203398,35.28
20,268,ALICON,EQ,34919,12793,36.64
20,269,ALKALI,EQ,42216,17289,40.95
20,270,ALKEM,EQ,82865,35421,42.75
20,271,ALKYLAMINE,EQ,86745,36828,42.46
20,272,ALLCARGO,EQ,1917934,808109,42.13
20,273,ALLETEC,SM,75600,48400,64.02
20,274,ALLSEC,EQ,16314,9552,58.55
20,275,ALMONDZ,EQ,4024065,2534548,62.98
20,276,ALOKINDS,EQ,6125501,2366889,38.64
20,277,ALPA,EQ,159047,64162,40.34
20,278,ALPEXSOLAR,ST,232400,213600,91.91
20,279,ALPHA,EQ,1037174,729558,70.34
20,280,ALPHAETF,EQ,2664963,1365532,51.24
20,281,ALPL30IETF,EQ,1241196,1100336,88.65
20,282,ALUWIND,ST,21000,18000,85.71
20,283,AMBANIORGO,SM,2000,2000,100.00
20,284,AMBER,EQ,699150,176162,25.20
20,285,AMBEY,SM,182000,132000,72.53
20,286,AMBICAAGAR,EQ,69906,14866,21.27
20,287,AMBIKCO,EQ,16914,12141,71.78
20,288,AMBUJACEM,EQ,3552731,1843947,51.90
20,289,AMDIND,EQ,46464,34590,74.44
20,290,AMEYA,SM,16000,14000,87.50
20,291,AMIORG,EQ,174984,85831,49.05
20,292,AMNPLST,EQ,41535,19450,46.83
20,293,AMRUTANJAN,EQ,31558,15278,48.41
20,294,ANANDRATHI,EQ,20394,14323,70.23
20,295,ANANTRAJ,EQ,1185201,551334,46.52
20,296,ANDHRAPAP,EQ,124636,77184,61.93
20,297,ANDHRSUGAR,EQ,272877,120005,43.98
20,298,ANGELONE,EQ,1213860,433093,35.68
20,299,ANLON,ST,8800,8000,90.91
20,300,ANNAPURNA,SM,92000,49000,53.26
20,301,ANTGRAPHIC,EQ,3036258,2290757,75.45
20,302,ANUP,EQ,30409,20168,66.32
20,303,ANURAS,EQ,212391,139804,65.82
20,304,APARINDS,EQ,124521,30609,24.58
20,305,APCL,EQ,26933,15937,59.17
20,306,APCOTEXIND,EQ,24579,14778,60.12
20,307,APEX,EQ,254073,108346,42.64
20,308,APLAPOLLO,EQ,287166,174453,60.75
20,309,APLLTD,EQ,300661,123736,41.15
20,310,APOLLO,EQ,2658577,1026345,38.61
20,311,APOLLOHOSP,EQ,587569,366740,62.42
20,312,APOLLOPIPE,EQ,62641,28646,45.73
20,313,APOLLOTYRE,EQ,2286266,790482,34.58
20,314,APOLSINHOT,EQ,2325,1628,70.02
20,315,APRAMEYA,ST,1222000,1110000,90.83
20,316,APS,ST,122000,90000,73.77
20,317,APTECHT,EQ,322399,135251,41.95
20,318,APTUS,EQ,711060,357698,50.30
20,319,ARABIAN,SM,14000,12000,85.71
20,320,ARCHIES,EQ,133063,70273,52.81
20,321,ARE&M,EQ,679802,306010,45.01
20,322,ARENTERP,EQ,24546,13534,55.14
20,323,ARHAM,SM,9000,8000,88.89
20,324,ARIES,EQ,199591,67651,33.89
20,325,ARIHANTACA,SM,1600,1600,100.00
20,326,ARIHANTCAP,EQ,483080,214260,44.35
20,327,ARIHANTSUP,EQ,32156,15495,48.19
20,328,ARISTO,SM,8000,6400,80.00
20,329,ARMANFIN,EQ,65532,25449,38.83
20,330,AROGRANITE,EQ,48510,25838,53.26
20,331,ARROWGREEN,EQ,289254,97908,33.85
20,332,ARTEMISMED,EQ,185641,126714,68.26
20,333,ARTNIRMAN,EQ,17683,11367,64.28
20,334,ARVIND,EQ,484010,254244,52.53
20,335,ARVINDFASN,EQ,519602,295406,56.85
20,336,ARVSMART,EQ,74907,28800,38.45
20,337,ASAHIINDIA,EQ,70703,39957,56.51
20,338,ASAHISONG,EQ,26837,14991,55.86
20,339,ASAL,EQ,54946,19880,36.18
20,340,ASALCBR,EQ,102536,44162,43.07
20,341,ASCOM,ST,500,500,100.00
20,342,ASHAPURMIN,EQ,162425,75410,46.43
20,343,ASHIANA,EQ,100493,48275,48.04
20,344,ASHIMASYN,EQ,571945,307199,53.71
20,345,ASHOKA,EQ,754977,294549,39.01
20,346,ASHOKAMET,EQ,72802,40542,55.69
20,347,ASHOKLEY,EQ,10065906,4191206,41.64
20,348,ASIANENE,EQ,59748,27713,46.38
20,349,ASIANHOTNR,EQ,8133,1100,13.53
20,350,ASIANPAINT,EQ,1348780,657006,48.71
20,351,ASIANTILES,EQ,14495712,6502961,44.86
20,352,ASKAUTOLTD,EQ,261521,121299,46.38
20,353,ASMS,EQ,2189540,2048609,93.56
20,354,ASPINWALL,EQ,32971,12716,38.57
20,355,ASPIRE,SM,106000,88000,83.02
20,356,ASTEC,EQ,27036,12728,47.08
20,357,ASTERDM,EQ,3236015,1279737,39.55
20,358,ASTRAL,EQ,210897,107190,50.83
20,359,ASTRAMICRO,EQ,210384,103880,49.38
20,360,ASTRAZEN,EQ,9235,3493,37.82
20,361,ATAM,EQ,514342,274465,53.36
20,362,ATFL,EQ,83062,43357,52.20
20,363,ATGL,EQ,2293304,856786,37.36
20,364,ATL,EQ,657978,279816,42.53
20,365,ATMASTCO,ST,81600,68000,83.33
20,366,ATUL,EQ,82806,43783,52.87
20,367,AUBANK,EQ,3036465,1305615,43.00
20,368,AURDIS,SM,4500,4000,88.89
20,369,AURIONPRO,EQ,192479,135993,70.65
20,370,AUROIMPEX,SM,30400,17600,57.89
20,371,AUROPHARMA,EQ,1187900,707265,59.54
20,372,AURUM,EQ,1031625,495816,48.06
20,373,AURUMPP1,E1,40533,33010,81.44
20,374,AUTOAXLES,EQ,20663,12600,60.98
20,375,AUTOBEES,EQ,661669,546062,82.53
20,376,AUTOIETF,EQ,2163476,1641928,75.89
20,377,AUTOIND,EQ,670336,197168,29.41
20,378,AVADHSUGAR,EQ,65550,24064,36.71
20,379,AVALON,EQ,46310,26075,56.31
20,380,AVANTEL,EQ,416358,236093,56.70
20,381,AVANTIFEED,EQ,909157,216046,23.76
20,382,AVG,EQ,11751,7501,63.83
20,383,AVPINFRA,SM,174400,116800,66.97
20,384,AVROIND,EQ,56859,37014,65.10
20,385,AVSL,ST,2000,2000,100.00
20,386,AVTNPL,EQ,99024,55314,55.86
20,387,AWFIS,EQ,119527,43752,36.60
20,388,AWHCL,EQ,228324,96878,42.43
20,389,AWL,EQ,26955054,10275669,38.12
20,390,AXISBANK,EQ,10581445,7412744,70.05
20,391,AXISBNKETF,EQ,5966,5535,92.78
20,392,AXISBPSETF,EQ,27364,21585,78.88
20,393,AXISCADES,EQ,63150,29242,46.31
20,394,AXISCETF,EQ,2166,1611,74.38
20,395,AXISGOLD,EQ,187556,138435,73.81
20,396,AXISHCETF,EQ,7370,2549,34.59
20,397,AXISILVER,EQ,24245,22281,91.90
20,398,AXISNIFTY,EQ,2573,2313,89.90
20,399,AXISTECETF,EQ,8361,5753,68.81
20,400,AXITA,EQ,9359745,2081434,22.24
20,401,AXSENSEX,EQ,875,701,80.11
20,402,AYMSYNTEX,EQ,200279,87810,43.84
20,403,AZAD,EQ,82966,47214,56.91
20,404,BABAFP,SM,6400,6400,100.00
20,405,BAIDFIN,EQ,2145412,658259,30.68
20,406,BAJAJ-AUTO,EQ,230615,130560,56.61
20,407,BAJAJCON,EQ,298875,122817,41.09
20,408,BAJAJELEC,EQ,26525,11619,43.80
20,409,BAJAJFINSV,EQ,1105569,600196,54.29
20,410,BAJAJHCARE,EQ,159994,57127,35.71
20,411,BAJAJHIND,EQ,18210491,5302339,29.12
20,412,BAJAJHLDNG,EQ,33863,16761,49.50
20,413,BAJEL,EQ,327049,164324,50.24
20,414,BAJFINANCE,EQ,622218,304157,48.88
20,415,BALAJITELE,EQ,741731,254988,34.38
20,416,BALAMINES,EQ,66008,30392,46.04
20,417,BALAXI,EQ,70079,30419,43.41
20,418,BALKRISHNA,EQ,68009,40205,59.12
20,419,BALKRISIND,EQ,167969,68745,40.93
20,420,BALMLAWRIE,EQ,492991,211158,42.83
20,421,BALPHARMA,EQ,33554,19199,57.22
20,422,BALRAMCHIN,EQ,2985921,966162,32.36
20,423,BALUFORGE,EQ,651675,307142,47.13
20,424,BANARBEADS,EQ,17960,8307,46.25
20,425,BANARISUG,EQ,2313,947,40.94
20,426,BANCOINDIA,EQ,204595,102754,50.22
20,427,BANDHANBNK,EQ,14184491,5792701,40.84
20,428,BANG,EQ,46453,19813,42.65
20,429,BANKBARODA,EQ,26445597,10366330,39.20
20,430,BANKBEES,EQ,529934,309299,58.37
20,431,BANKBETF,EQ,17220,14950,86.82
20,432,BANKETF,EQ,1548,1191,76.94
20,433,BANKETFADD,EQ,18763,17345,92.44
20,434,BANKIETF,EQ,1397192,1249635,89.44
20,435,BANKINDIA,EQ,14492663,7678162,52.98
20,436,BANKNIFTY1,EQ,207133,174926,84.45
20,437,BANSALWIRE,EQ,676581,300528,44.42
20,438,BANSWRAS,EQ,67346,36751,54.57
20,439,BARBEQUE,EQ,106090,50909,47.99
20,440,BASF,EQ,26824,10428,38.88
20,441,BASILIC,ST,34500,32100,93.04
20,442,BASML,EQ,633879,369846,58.35
20,443,BATAINDIA,EQ,569796,260658,45.75
20,444,BAWEJA,SM,30400,19200,63.16
20,445,BAYERCROP,EQ,16355,5861,35.84
20,446,BBETF0432,EQ,1618,1616,99.88
20,447,BBL,EQ,38980,21376,54.84
20,448,BBNPNBETF,EQ,923,647,70.10
20,449,BBNPPGOLD,EQ,4328,3248,75.05
20,450,BBTC,EQ,36472,17289,47.40
20,451,BBTCL,EQ,1738,1027,59.09
20,452,BCLIND,EQ,1500220,547080,36.47
20,453,BCONCEPTS,EQ,22861,13890,60.76
20,454,BDL,EQ,797569,331806,41.60
20,455,BEACON,SM,186000,116000,62.37
20,456,BEARDSELL,EQ,73097,37856,51.79
20,457,BECTORFOOD,EQ,333785,121305,36.34
20,458,BEDMUTHA,EQ,11810,5885,49.83
20,459,BEL,EQ,26155604,12883948,49.26
20,460,BEML,EQ,250780,78167,31.17
20,461,BEPL,EQ,1637525,667937,40.79
20,462,BERGEPAINT,EQ,570732,194886,34.15
20,463,BESTAGRO,EQ,40073,21458,53.55
20,464,BETA,SM,2300,1900,82.61
20,465,BEWLTD,SM,1250,1250,100.00
20,466,BFINVEST,EQ,41085,16121,39.24
20,467,BFSI,EQ,262822,174069,66.23
20,468,BFUTILITIE,EQ,101856,38641,37.94
20,469,BHAGCHEM,EQ,144349,70773,49.03
20,470,BHAGERIA,EQ,35632,14758,41.42
20,471,BHAGYANGR,EQ,70805,28509,40.26
20,472,BHANDARI,EQ,710608,420082,59.12
20,473,BHARATFORG,EQ,1338199,635453,47.49
20,474,BHARATGEAR,EQ,89507,55213,61.69
20,475,BHARATRAS,EQ,7111,3772,53.04
20,476,BHARATWIRE,EQ,476204,262426,55.11
20,477,BHARTIARTL,EQ,3335905,1715773,51.43
20,478,BHARTIHEXA,EQ,634889,485049,76.40
20,479,BHEL,EQ,16899884,4574767,27.07
20,480,BHINVIT,IV,265036,255480,96.39
20,481,BIGBLOC,EQ,127700,58221,45.59
20,482,BIKAJI,EQ,3993303,1038665,26.01
20,483,BINANIIND,EQ,38734,24760,63.92
20,484,BIOCON,EQ,3828727,926821,24.21
20,485,BIOFILCHEM,EQ,113560,33103,29.15
20,486,BIRDYS,ST,2400,2400,100.00
20,487,BIRET,RR,107053,87452,81.69
20,488,BIRLACABLE,EQ,234168,74616,31.86
20,489,BIRLACORPN,EQ,127887,81366,63.62
20,490,BIRLAMONEY,EQ,212027,103589,48.86
20,491,BLAL,EQ,251383,83762,33.32
20,492,BLISSGVS,EQ,384928,184160,47.84
20,493,BLKASHYAP,EQ,838891,388524,46.31
20,494,BLS,EQ,981477,353271,35.99
20,495,BLSE,EQ,321874,150083,46.63
20,496,BLUEDART,EQ,6365,3559,55.92
20,497,BLUEJET,EQ,681526,204526,30.01
20,498,BLUEPEBBLE,SM,20800,12000,57.69
20,499,BLUESTARCO,EQ,136180,63411,46.56
20,500,BMETRICS,SM,2800,1600,57.14
20,501,BODALCHEM,EQ,1846695,676723,36.65
20,502,BOMDYEING,EQ,2166257,628349,29.01
20,503,BOROLTD,EQ,189460,84598,44.65
20,504,BORORENEW,EQ,1051322,321183,30.55
20,505,BOROSCI,EQ,170155,65122,38.27
20,506,BOSCHLTD,EQ,28189,5000,17.74
20,507,BPCL,EQ,15120989,6830869,45.17
20,508,BRIGADE,EQ,241377,145504,60.28
20,509,BRIGHT,SZ,582000,549000,94.33
20,510,BRITANNIA,EQ,406998,159794,39.26
20,511,BROOKS,EQ,439644,185991,42.30
20,512,BSE,EQ,736612,367093,49.84
20,513,BSE500IETF,EQ,156856,129977,82.86
20,514,BSHSL,EQ,84222,41605,49.40
20,515,BSL,EQ,54006,24558,45.47
20,516,BSLGOLDETF,EQ,68289,61879,90.61
20,517,BSLNIFTY,EQ,626297,503611,80.41
20,518,BSLSENETFG,EQ,3553,2600,73.18
20,519,BSOFT,EQ,8573646,4362920,50.89
20,520,BUTTERFLY,EQ,12336,6448,52.27
20,521,BVCL,EQ,49951,21499,43.04
20,522,CADSYS,SM,38000,25000,65.79
20,523,CAGL28,NE,10,10,100.00
20,524,CALSOFT,EQ,15426,7386,47.88
20,525,CAMLINFINE,EQ,706358,298046,42.19
20,526,CAMPUS,EQ,724235,299447,41.35
20,527,CAMS,EQ,458252,147470,32.18
20,528,CANARYS,ST,116000,100000,86.21
20,529,CANBK,EQ,27944377,13711794,49.07
20,530,CANFINHOME,EQ,442892,197562,44.61
20,531,CANTABIL,EQ,140666,51072,36.31
20,532,CAPACITE,EQ,1631232,548808,33.64
20,533,CAPITALSFB,EQ,88857,65150,73.32
20,534,CAPLIPOINT,EQ,330143,107011,32.41
20,535,CAPTRUST,EQ,59537,20858,35.03
20,536,CARBORUNIV,EQ,148129,107318,72.45
20,537,CAREERP,EQ,39408,21966,55.74
20,538,CARERATING,EQ,72552,56327,77.64
20,539,CARTRADE,EQ,449727,194150,43.17
20,540,CARYSIL,EQ,33109,19760,59.68
20,541,CASTROLIND,EQ,10874067,1886991,17.35
20,542,CBAZAAR,SM,40000,32000,80.00
20,543,CCL,EQ,188391,63200,33.55
20,544,CDSL,EQ,964648,372560,38.62
20,545,CEATLTD,EQ,116138,44837,38.61
20,546,CELEBRITY,EQ,3772170,1780153,47.19
20,547,CELLECOR,SM,103800,63000,60.69
20,548,CELLO,EQ,63886,29652,46.41
20,549,CELLPOINT,SM,10800,9600,88.89
20,550,CENTENKA,EQ,23509,12561,53.43
20,551,CENTEXT,EQ,386486,197031,50.98
20,552,CENTRALBK,EQ,5993637,1890056,31.53
20,553,CENTRUM,EQ,855439,409951,47.92
20,554,CENTUM,EQ,28883,10805,37.41
20,555,CENTURYPLY,EQ,144021,43567,30.25
20,556,CENTURYTEX,EQ,91136,34445,37.80
20,557,CERA,EQ,5598,2182,38.98
20,558,CEREBRAINT,EQ,272666,224488,82.33
20,559,CESC,EQ,10289950,2913215,28.31
20,560,CGCL,EQ,613133,203115,33.13
20,561,CGPOWER,EQ,2535475,1246942,49.18
20,562,CGRAPHICS,SM,324800,184000,56.65
20,563,CHALET,EQ,46544,24968,53.64
20,564,CHAMBLFERT,EQ,8034271,2153349,26.80
20,565,CHAVDA,SM,106000,72000,67.92
20,566,CHEMBOND,EQ,13852,8714,62.91
20,567,CHEMCON,EQ,63217,32485,51.39
20,568,CHEMFAB,EQ,14281,10065,70.48
20,569,CHEMPLASTS,EQ,112878,52896,46.86
20,570,CHENNPETRO,EQ,456511,178139,39.02
20,571,CHETANA,ST,513600,444800,86.60
20,572,CHEVIOT,EQ,3235,1987,61.42
20,573,CHOICEIN,EQ,430803,91888,21.33
20,574,CHOLAFIN,EQ,730113,255242,34.96
20,575,CHOLAHLDNG,EQ,157567,74417,47.23
20,576,CIEINDIA,EQ,648664,570382,87.93
20,577,CIFCZC28A,N5,55,55,100.00
20,578,CIGNITITEC,EQ,69952,52794,75.47
20,579,CINELINE,EQ,38432,23522,61.20
20,580,CINEVISTA,EQ,13530,9766,72.18
20,581,CIPLA,EQ,1353707,734886,54.29
20,582,CLEAN,EQ,1151372,267970,23.27
20,583,CLEDUCATE,EQ,97059,55590,57.27
20,584,CLOUD,ST,218000,182000,83.49
20,585,CLSEL,EQ,522073,245519,47.03
20,586,CLSL,SM,14000,10000,71.43
20,587,CMMIPL,ST,27000,21000,77.78
20,588,CMNL,SM,48000,36000,75.00
20,589,CMRSL,SM,10400,9600,92.31
20,590,CMSINFO,EQ,875032,535950,61.25
20,591,COALINDIA,EQ,10985150,4749526,43.24
20,592,COASTCORP,EQ,56336,33083,58.72
20,593,COCHINSHIP,EQ,1016016,323344,31.82
20,594,COFFEEDAY,EQ,1460263,563766,38.61
20,595,COFORGE,EQ,248706,83313,33.50
20,596,COLPAL,EQ,335100,146964,43.86
20,597,COMMITTED,SM,44800,28800,64.29
20,598,COMMOIETF,EQ,119963,65362,54.49
20,599,COMPUSOFT,EQ,102307,57905,56.60
20,600,COMSYN,EQ,47681,21147,44.35
20,601,CONCOR,EQ,1186188,569418,48.00
20,602,CONCORDBIO,EQ,75538,46136,61.08
20,603,CONFIPET,EQ,1560585,630038,40.37
20,604,CONS,EQ,1628,1544,94.84
20,605,CONSOFINVT,EQ,22233,13078,58.82
20,606,CONSUMBEES,EQ,111250,68074,61.19
20,607,CONSUMIETF,EQ,16232,7423,45.73
20,608,CONTI,ST,169983,159984,94.12
20,609,CONTROLPR,EQ,18995,11981,63.07
20,610,COOLCAPS,SM,750,750,100.00
20,611,CORALFINAC,EQ,85061,54034,63.52
20,612,COROMANDEL,EQ,200833,75338,37.51
20,613,COSMOFIRST,EQ,254661,136933,53.77
20,614,COUNCODOS,EQ,354943,203517,57.34
20,615,CPS,SM,3600,3600,100.00
20,616,CPSEETF,EQ,7445008,4387872,58.94
20,617,CRAFTSMAN,EQ,49440,39290,79.47
20,618,CRAYONS,SM,38000,22000,57.89
20,619,CREATIVE,EQ,25849,15399,59.57
20,620,CREDITACC,EQ,177011,104114,58.82
20,621,CREST,EQ,75507,38648,51.18
20,622,CRISIL,EQ,31046,16602,53.48
20,623,CROMPTON,EQ,1544041,451892,29.27
20,624,CSBBANK,EQ,258175,138490,53.64
20,625,CSLFINANCE,EQ,52467,26366,50.25
20,626,CUB,EQ,6569213,4301206,65.48
20,627,CUMMINSIND,EQ,4800901,2478254,51.62
20,628,CYBERMEDIA,EQ,464219,178662,38.49
20,629,CYBERTECH,EQ,158450,72222,45.58
20,630,CYIENT,EQ,311067,215592,69.31
20,631,CYIENTDLM,EQ,186225,93869,50.41
20,632,DABUR,EQ,4123973,1746182,42.34
20,633,DALBHARAT,EQ,133225,54910,41.22
20,634,DALMIASUG,EQ,93745,40681,43.40
20,635,DAMODARIND,EQ,72067,40629,56.38
20,636,DANGEE,EQ,114987,74338,64.65
20,637,DATAMATICS,EQ,258365,106610,41.26
20,638,DATAPATTNS,EQ,241619,64052,26.51
20,639,DAVANGERE,EQ,14812973,7070476,47.73
20,640,DBCORP,EQ,144875,71795,49.56
20,641,DBL,EQ,365431,149121,40.81
20,642,DBOL,EQ,86337,48469,56.14
20,643,DBREALTY,EQ,6808804,3075731,45.17
20,644,DBSTOCKBRO,EQ,83461,24234,29.04
20,645,DCAL,EQ,3362691,788280,23.44
20,646,DCBBANK,EQ,1166925,660800,56.63
20,647,DCG,ST,55200,50400,91.30
20,648,DCM,EQ,101370,43221,42.64
20,649,DCMFINSERV,EQ,61991,27588,44.50
20,650,DCMSHRIRAM,EQ,135342,94620,69.91
20,651,DCMSRIND,EQ,134991,61618,45.65
20,652,DCW,EQ,5751696,2294354,39.89
20,653,DECCANCE,EQ,37544,22702,60.47
20,654,DEEDEV,EQ,212014,95443,45.02
20,655,DEEM,SM,33000,24000,72.73
20,656,DEEPAKFERT,EQ,3153233,669623,21.24
20,657,DEEPAKNTR,EQ,304664,72786,23.89
20,658,DEEPENR,EQ,34530,18381,53.23
20,659,DEEPINDS,EQ,801104,466381,58.22
20,660,DELAPLEX,SM,20400,16800,82.35
20,661,DELHIVERY,EQ,14404010,7787706,54.07
20,662,DELTACORP,EQ,1235698,477027,38.60
20,663,DELTAMAGNT,EQ,18152,4558,25.11
20,664,DEN,EQ,2185713,927405,42.43
20,665,DENEERS,SM,3000,3000,100.00
20,666,DENORA,EQ,15933,8039,50.46
20,667,DENTALKART,SM,14500,10500,72.41
20,668,DEVIT,EQ,47283,23939,50.63
20,669,DEVYANI,EQ,2202970,950391,43.14
20,670,DHAMPURSUG,EQ,488706,229573,46.98
20,671,DHANBANK,EQ,5208547,3653595,70.15
20,672,DHANI,EQ,4006218,1874946,46.80
20,673,DHANUKA,EQ,436654,87266,19.99
20,674,DHARMAJ,EQ,842774,732490,86.91
20,675,DHTL,SM,4800,3200,66.67
20,676,DHUNINV,EQ,3792,1832,48.31
20,677,DIAMINESQ,EQ,19515,10131,51.91
20,678,DIAMONDYD,EQ,75602,24205,32.02
20,679,DICIND,EQ,58800,7935,13.49
20,680,DIGIKORE,ST,9400,8600,91.49
20,681,DIL,EQ,407610,221845,54.43
20,682,DISHTV,EQ,14087038,3621994,25.71
20,683,DIVGIITTS,EQ,16361,10010,61.18
20,684,DIVISLAB,EQ,960970,475523,49.48
20,685,DIVOPPBEES,EQ,167479,151762,90.62
20,686,DIXON,EQ,486190,108319,22.28
20,687,DKEGL,SM,9000,7500,83.33
20,688,DLF,EQ,3305561,1285883,38.90
20,689,DLINKINDIA,EQ,144362,60960,42.23
20,690,DMART,EQ,486355,365235,75.10
20,691,DMCC,EQ,17368,10100,58.15
20,692,DNAMEDIA,EQ,726232,463834,63.87
20,693,DODLA,EQ,51093,33221,65.02
20,694,DOLATALGO,EQ,1736450,808284,46.55
20,695,DOLLAR,EQ,81345,40237,49.46
20,696,DOLLEX,SM,24000,24000,100.00
20,697,DOMS,EQ,146675,102807,70.09
20,698,DONEAR,EQ,963436,402849,41.81
20,699,DPABHUSHAN,EQ,14066,9313,66.21
20,700,DPEL,SM,117000,75000,64.10
20,701,DPSCLTD,EQ,2175107,828801,38.10
20,702,DPWIRES,EQ,22912,12260,53.51
20,703,DREAMFOLKS,EQ,171626,99096,57.74
20,704,DRONE,ST,269000,260000,96.65
20,705,DRREDDY,EQ,441989,224176,50.72
20,706,DSSL,EQ,39744,14234,35.81
20,707,DTIL,EQ,12911,7902,61.20
20,708,DTL,SM,80400,79200,98.51
20,709,DUCOL,ST,8000,7200,90.00
20,710,DUCON,EQ,368984,294383,79.78
20,711,DUGLOBAL,SM,3505000,3490000,99.57
20,712,DURLAX,SM,148000,90000,60.81
20,713,DVL,EQ,440233,127789,29.03
20,714,DWARKESH,EQ,1016773,445709,43.84
20,715,DYCL,EQ,53392,22618,42.36
20,716,DYNAMATECH,EQ,14518,6370,43.88
20,717,DYNAMIC,SM,30000,21000,70.00
20,718,EASEMYTRIP,EQ,21626612,3087123,14.27
20,719,EBBETF0425,EQ,1025,960,93.66
20,720,EBBETF0430,EQ,14243,10014,70.31
20,721,EBBETF0431,EQ,3236,3166,97.84
20,722,EBBETF0433,EQ,5957,4933,82.81
20,723,ECLERX,EQ,32620,19585,60.04
20,724,EDELWEISS,EQ,8284505,3064719,36.99
20,725,EFACTOR,SM,19200,15200,79.17
20,726,EFFWA,SM,1443200,635200,44.01
20,727,EFORCE,SM,43200,31200,72.22
20,728,EGOLD,EQ,939,802,85.41
20,729,EICHERMOT,EQ,2120560,1362006,64.23
20,730,EIDPARRY,EQ,879835,466233,52.99
20,731,EIFFL,EQ,31627,22210,70.22
20,732,EIHAHOTELS,EQ,26508,14348,54.13
20,733,EIHOTEL,EQ,784977,421787,53.73
20,734,EKC,EQ,1931837,659913,34.16
20,735,ELDEHSG,EQ,35724,9353,26.18
20,736,ELECON,EQ,721180,474129,65.74
20,737,ELECTCAST,EQ,3602682,1332755,36.99
20,738,ELGIEQUIP,EQ,230204,72051,31.30
20,739,ELIN,EQ,399981,164976,41.25
20,740,EMAMILTD,EQ,2271759,1484193,65.33
20,741,EMAMIPAP,EQ,74944,26104,34.83
20,742,EMAMIREAL,EQ,31223,13910,44.55
20,743,EMBASSY,RR,551580,502616,91.12
20,744,EMBDL,EQ,4626513,1808188,39.08
20,745,EMCURE,EQ,95697,51377,53.69
20,746,EMIL,EQ,315844,192846,61.06
20,747,EMKAYTOOLS,SM,3300,1800,54.55
20,748,EMMBI,EQ,31089,15529,49.95
20,749,EMMIL,SM,29000,25000,86.21
20,750,EMSLIMITED,EQ,744933,262529,35.24
20,751,EMUDHRA,EQ,236728,135872,57.40
20,752,ENDURANCE,EQ,67827,39901,58.83
20,753,ENERGYDEV,EQ,682590,448237,65.67
20,754,ENFUSE,ST,28800,24000,83.33
20,755,ENGINERSIN,EQ,2584519,1033576,39.99
20,756,ENIL,EQ,181172,49808,27.49
20,757,ENSER,SM,32000,24000,75.00
20,758,ENTERO,EQ,67926,31827,46.86
20,759,EPACK,EQ,962909,563713,58.54
20,760,EPIGRAL,EQ,279674,78540,28.08
20,761,EPL,EQ,621467,268713,43.24
20,762,EQUAL50ADD,EQ,21903,20343,92.88
20,763,EQUITASBNK,EQ,9571250,4916783,51.37
20,764,ERIS,EQ,339441,129661,38.20
20,765,EROSMEDIA,EQ,260550,118083,45.32
20,766,ESABINDIA,EQ,2839,1349,47.52
20,767,ESAFSFB,EQ,974577,601408,61.71
20,768,ESCONET,ST,28000,23200,82.86
20,769,ESCORTS,EQ,606891,171033,28.18
20,770,ESFL,SM,37200,32400,87.10
20,771,ESG,EQ,55424,39532,71.33
20,772,ESILVER,EQ,2401,2335,97.25
20,773,ESPRIT,ST,1412800,1412800,100.00
20,774,ESTER,EQ,365199,154934,42.42
20,775,ETHOSLTD,EQ,24075,12288,51.04
20,776,EUROBOND,SM,2000,2000,100.00
20,777,EUROTEXIND,EQ,24810,12958,52.23
20,778,EVEREADY,EQ,476118,199733,41.95
20,779,EVERESTIND,EQ,58295,28357,48.64
20,780,EVINDIA,EQ,1564292,1403223,89.70
20,781,EXCELINDUS,EQ,105918,43080,40.67
20,782,EXIDEIND,EQ,3858656,1325731,34.36
20,783,EXPLEOSOL,EQ,182592,63264,34.65
20,784,EXXARO,EQ,119805,72758,60.73
20,785,FACT,EQ,273573,80336,29.37
20,786,FAIRCHEMOR,EQ,27568,11538,41.85
20,787,FALCONTECH,SM,33600,28800,85.71
20,788,FAZE3Q,EQ,151795,64247,42.32
20,789,FCL,EQ,217509,88494,40.69
20,790,FCSSOFT,EQ,6010104,3501822,58.27
20,791,FDC,EQ,138502,51830,37.42
20,792,FEDERALBNK,EQ,5501380,2238601,40.69
20,793,FEDFINA,EQ,336679,214570,63.73
20,794,FELIX,SM,34500,21500,62.32
20,795,FIBERWEB,EQ,747166,321596,43.04
20,796,FIDEL,SM,38000,27000,71.05
20,797,FIEMIND,EQ,100156,55085,55.00
20,798,FILATEX,EQ,2115815,755794,35.72
20,799,FILATFASH,EQ,13987703,5815638,41.58
20,800,FINCABLES,EQ,105085,51285,48.80
20,801,FINEORG,EQ,32169,11479,35.68
20,802,FINIETF,EQ,98445,58161,59.08
20,803,FINOPB,EQ,1013535,424496,41.88
20,804,FINPIPE,EQ,308812,159853,51.76
20,805,FIVESTAR,EQ,420918,167545,39.80
20,806,FLAIR,EQ,99460,54916,55.21
20,807,FLUOROCHEM,EQ,74729,34028,45.54
20,808,FMCGIETF,EQ,328938,175382,53.32
20,809,FMGOETZE,EQ,196289,125251,63.81
20,810,FMNL,EQ,69389,39861,57.45
20,811,FOCE,SM,14200,9800,69.01
20,812,FOCUS,EQ,450131,249038,55.33
20,813,FONEBOX,SM,17000,12000,70.59
20,814,FOODSIN,EQ,579714,279908,48.28
20,815,FORCEMOT,EQ,27828,13731,49.34
20,816,FORTIS,EQ,2056545,1764509,85.80
20,817,FOSECOIND,EQ,52918,12502,23.63
20,818,FROG,SM,69200,45200,65.32
20,819,FSL,EQ,7585463,1998324,26.34
20,820,FUSION,EQ,223120,122892,55.08
20,821,GABRIEL,EQ,327630,121198,36.99
20,822,GAEL,EQ,456793,226148,49.51
20,823,GAIL,EQ,14930829,5884244,39.41
20,824,GALAXYSURF,EQ,19366,5671,29.28
20,825,GANDHAR,EQ,229818,107718,46.87
20,826,GANDHITUBE,EQ,20375,14003,68.73
20,827,GANECOS,EQ,38238,21938,57.37
20,828,GANESHBE,EQ,332774,167342,50.29
20,829,GANESHHOUC,EQ,57079,28264,49.52
20,830,GANGESSECU,EQ,26223,13458,51.32
20,831,GARFIBRES,EQ,4720,2627,55.66
20,832,GATECH,EQ,9395410,4474717,47.63
20,833,GATEWAY,EQ,492557,214720,43.59
20,834,GEECEE,EQ,9181,4617,50.29
20,835,GEEKAYWIRE,EQ,524142,212244,40.49
20,836,GENESYS,EQ,199380,91474,45.88
20,837,GENSOL,EQ,296768,188092,63.38
20,838,GENUSPAPER,EQ,892786,473709,53.06
20,839,GENUSPOWER,EQ,4992735,2300127,46.07
20,840,GEOJITFSL,EQ,828301,302110,36.47
20,841,GESHIP,EQ,843618,363682,43.11
20,842,GFLLIMITED,EQ,46657,20374,43.67
20,843,GGBL,SM,623400,294600,47.26
20,844,GHCL,EQ,8916525,1374396,15.41
20,845,GHCLTEXTIL,EQ,3941243,1251475,31.75
20,846,GICHSGFIN,EQ,409288,163391,39.92
20,847,GICL,SM,120000,117000,97.50
20,848,GICRE,EQ,2493549,632014,25.35
20,849,GILLANDERS,EQ,21497,5706,26.54
20,850,GILLETTE,EQ,56172,13613,24.23
20,851,GILT5YBEES,EQ,270389,257406,95.20
20,852,GINNIFILA,EQ,95116,59209,62.25
20,853,GIPCL,EQ,338699,150103,44.32
20,854,GKWLIMITED,EQ,413,320,77.48
20,855,GLAND,EQ,191983,101303,52.77
20,856,GLAXO,EQ,255497,108837,42.60
20,857,GLENMARK,EQ,492863,200380,40.66
20,858,GLOBALPET,SM,4500,4500,100.00
20,859,GLOBUSSPR,EQ,255450,110956,43.44
20,860,GLOSTERLTD,EQ,5308,2897,54.58
20,861,GLS,EQ,199931,142982,71.52
20,862,GMBREW,EQ,69381,36539,52.66
20,863,GMDCLTD,EQ,875410,355172,40.57
20,864,GMMPFAUDLR,EQ,44702,25512,57.07
20,865,GMRINFRA,EQ,28298007,8218188,29.04
20,866,GMRP&UI,EQ,2244408,1370731,61.07
20,867,GNA,EQ,50762,25449,50.13
20,868,GNFC,EQ,1761783,642727,36.48
20,869,GOACARBON,EQ,257715,55935,21.70
20,870,GOCLCORP,EQ,86538,38949,45.01
20,871,GOCOLORS,EQ,176490,127574,72.28
20,872,GODFRYPHLP,EQ,75083,26614,35.45
20,873,GODIGIT,EQ,288114,165851,57.56
20,874,GODREJAGRO,EQ,757714,225148,29.71
20,875,GODREJCP,EQ,1637737,937588,57.25
20,876,GODREJIND,EQ,348147,156154,44.85
20,877,GODREJPROP,EQ,1461740,730983,50.01
20,878,GOKEX,EQ,81163,34973,43.09
20,879,GOKUL,EQ,133293,38894,29.18
20,880,GOKULAGRO,EQ,781183,210518,26.95
20,881,GOLD1,EQ,1388360,1269030,91.40
20,882,GOLDBEES,EQ,14408631,11755780,81.59
20,883,GOLDCASE,EQ,389060,365421,93.92
20,884,GOLDETF,EQ,349507,191065,54.67
20,885,GOLDETFADD,EQ,579417,510517,88.11
20,886,GOLDIAM,EQ,282155,134684,47.73
20,887,GOLDIETF,EQ,4537119,4284188,94.43
20,888,GOLDKART,ST,1250,1250,100.00
20,889,GOLDSHARE,EQ,228429,188165,82.37
20,890,GOLDSTAR,SM,382500,292500,76.47
20,891,GOLDTECH,EQ,66467,44110,66.36
20,892,GOODLUCK,EQ,61623,39485,64.08
20,893,GOPAL,EQ,418077,147764,35.34
20,894,GOYALALUM,EQ,308800,198056,64.14
20,895,GOYALSALT,SM,25200,15000,59.52
20,896,GPECO,SM,334800,142800,42.65
20,897,GPIL,EQ,243002,111645,45.94
20,898,GPPL,EQ,2560198,1118740,43.70
20,899,GPTHEALTH,EQ,369957,205870,55.65
20,900,GRANULES,EQ,4020175,943219,23.46
20,901,GRAPHISAD,SM,15600,14400,92.31
20,902,GRAPHITE,EQ,1151980,535785,46.51
20,903,GRASIM,EQ,401105,208525,51.99
20,904,GRAVITA,EQ,203252,89011,43.79
20,905,GRCL,SM,1500,1500,100.00
20,906,GREAVESCOT,EQ,2805782,1157457,41.25
20,907,GREENCHEF,SM,18400,14400,78.26
20,908,GREENLAM,EQ,27359,8391,30.67
20,909,GREENPANEL,EQ,373081,164250,44.03
20,910,GREENPLY,EQ,678785,179369,26.43
20,911,GREENPOWER,EQ,8099539,4776054,58.97
20,912,GRETEX,ST,42000,42000,100.00
20,913,GRINDWELL,EQ,21778,11425,52.46
20,914,GRINFRA,EQ,150202,51821,34.50
20,915,GRMOVER,EQ,966424,332522,34.41
20,916,GROBTEA,EQ,224,183,81.70
20,917,GRSE,EQ,753818,247933,32.89
20,918,GRWRHITECH,EQ,88094,43694,49.60
20,919,GSEC10IETF,EQ,6,6,100.00
20,920,GSEC10YEAR,EQ,13706,2663,19.43
20,921,GSEC5IETF,EQ,19090,14073,73.72
20,922,GSFC,EQ,1321150,527684,39.94
20,923,GSLSU,EQ,86224,40214,46.64
20,924,GSMFOILS,ST,32000,32000,100.00
20,925,GSPL,EQ,1406968,964844,68.58
20,926,GSTL,SM,336000,224000,66.67
20,927,GTLINFRA,EQ,518847503,170171008,32.80
20,928,GTPL,EQ,39347,14931,37.95
20,929,GUFICBIO,EQ,38239,20203,52.83
20,930,GUJALKALI,EQ,70691,25399,35.93
20,931,GUJAPOLLO,EQ,7967,6018,75.54
20,932,GUJGASLTD,EQ,563647,137295,24.36
20,933,GUJRAFFIA,EQ,72134,3475,4.82
20,934,GULFOILLUB,EQ,122859,41828,34.05
20,935,GULFPETRO,EQ,296665,125045,42.15
20,936,GULPOLY,EQ,175540,117467,66.92
20,937,GVPTECH,EQ,125455,54516,43.45
20,938,HAL,EQ,3205399,1475436,46.03
20,939,HAPPSTMNDS,EQ,392389,219490,55.94
20,940,HAPPYFORGE,EQ,45648,31941,69.97
20,941,HARDWYN,EQ,154877,96217,62.12
20,942,HARIOMPIPE,EQ,70119,27081,38.62
20,943,HARRMALAYA,EQ,61782,28350,45.89
20,944,HARSHA,EQ,481871,160305,33.27
20,945,HATHWAY,EQ,6545602,2263477,34.58
20,946,HATSUN,EQ,251454,94735,37.67
20,947,HAVELLS,EQ,670205,417158,62.24
20,948,HAVISHA,EQ,88883,49050,55.18
20,949,HBLPOWER,EQ,1212245,464347,38.30
20,950,HCC,EQ,33169596,12602008,37.99
20,951,HCG,EQ,145278,104335,71.82
20,952,HCL-INSYS,EQ,251084,176886,70.45
20,953,HCLTECH,EQ,1692851,897635,53.03
20,954,HDFCAMC,EQ,809935,598637,73.91
20,955,HDFCBANK,EQ,22059619,12383195,56.14
20,956,HDFCBSE500,EQ,107119,92396,86.26
20,957,HDFCGOLD,EQ,6057532,4963404,81.94
20,958,HDFCGROWTH,EQ,13357,8793,65.83
20,959,HDFCLIFE,EQ,2710858,1292093,47.66
20,960,HDFCLIQUID,EQ,5072,4803,94.70
20,961,HDFCLOWVOL,EQ,27169,23735,87.36
20,962,HDFCMID150,EQ,385877,294396,76.29
20,963,HDFCMOMENT,EQ,292334,217453,74.39
20,964,HDFCNEXT50,EQ,40519,35284,87.08
20,965,HDFCNIF100,EQ,35888,33403,93.08
20,966,HDFCNIFBAN,EQ,27139,23155,85.32
20,967,HDFCNIFIT,EQ,45392,31833,70.13
20,968,HDFCNIFTY,EQ,198420,124280,62.63
20,969,HDFCPSUBK,EQ,28012,24122,86.11
20,970,HDFCPVTBAN,EQ,146787,126144,85.94
20,971,HDFCQUAL,EQ,20581,17670,85.86
20,972,HDFCSENSEX,EQ,40448,33116,81.87
20,973,HDFCSILVER,EQ,289342,267200,92.35
20,974,HDFCSML250,EQ,367232,221457,60.30
20,975,HDFCVALUE,EQ,11709,11046,94.34
20,976,HEADSUP,EQ,57305,37104,64.75
20,977,HEALTHADD,EQ,2564,2522,98.36
20,978,HEALTHIETF,EQ,39201,19779,50.46
20,979,HEALTHY,EQ,446792,332764,74.48
20,980,HEG,EQ,121387,48777,40.18
20,981,HEIDELBERG,EQ,228588,125367,54.84
20,982,HEMIPROP,EQ,896183,318536,35.54
20,983,HERANBA,EQ,86175,34235,39.73
20,984,HERCULES,EQ,40463,18463,45.63
20,985,HERITGFOOD,EQ,477532,291204,60.98
20,986,HEROMOTOCO,EQ,402666,149924,37.23
20,987,HESTERBIO,EQ,47623,10398,21.83
20,988,HEUBACHIND,EQ,30900,15046,48.69
20,989,HEXATRADEX,EQ,89099,54895,61.61
20,990,HFCL,EQ,47960008,12497347,26.06
20,991,HGINFRA,EQ,101942,34793,34.13
20,992,HGS,EQ,346259,325839,94.10
20,993,HIGREEN,SM,34400,24800,72.09
20,994,HIKAL,EQ,377482,147143,38.98
20,995,HIL,EQ,7965,5181,65.05
20,996,HILTON,EQ,96516,39283,40.70
20,997,HIMATSEIDE,EQ,969581,448869,46.30
20,998,HINDALCO,EQ,6717210,3708221,55.20
20,999,HINDCOMPOS,EQ,12237,6125,50.05
20,1000,HINDCOPPER,EQ,5220719,2138372,40.96
20,1001,HINDMOTORS,EQ,4249773,2006130,47.21
20,1002,HINDOILEXP,EQ,5190490,1559335,30.04
20,1003,HINDPETRO,EQ,12474802,5409628,43.36
20,1004,HINDUNILVR,EQ,1738872,685237,39.41
20,1005,HINDWAREAP,EQ,85615,43043,50.28
20,1006,HINDZINC,EQ,1155061,384629,33.30
20,1007,HIRECT,EQ,61356,38940,63.47
20,1008,HISARMETAL,EQ,3550,2316,65.24
20,1009,HITECH,EQ,954356,394349,41.32
20,1010,HITECHCORP,EQ,83510,55816,66.84
20,1011,HITECHGEAR,EQ,8473,6365,75.12
20,1012,HLEGLAS,EQ,44392,23713,53.42
20,1013,HLVLTD,EQ,549339,322070,58.63
20,1014,HMAAGRO,EQ,189098,116498,61.61
20,1015,HMVL,EQ,67642,31700,46.86
20,1016,HNDFDS,EQ,40816,23494,57.56
20,1017,HNGSNGBEES,EQ,136863,98172,71.73
20,1018,HOACFOODS,SM,9000,9000,100.00
20,1019,HOLMARC,SM,6000,3000,50.00
20,1020,HOMEFIRST,EQ,180512,103664,57.43
20,1021,HOMESFY,SM,600,600,100.00
20,1022,HONASA,EQ,179736,107052,59.56
20,1023,HONAUT,EQ,4137,1426,34.47
20,1024,HONDAPOWER,EQ,8172,3430,41.97
20,1025,HOVS,EQ,6582,3717,56.47
20,1026,HPAL,EQ,320794,131136,40.88
20,1027,HPIL,EQ,7567,3023,39.95
20,1028,HPL,EQ,873116,328132,37.58
20,1029,HRHNEXT,SM,9000,6000,66.67
20,1030,HSCL,EQ,3204417,1398249,43.64
20,1031,HTMEDIA,EQ,564228,217458,38.54
20,1032,HUBTOWN,EQ,828432,501269,60.51
20,1033,HUDCO,EQ,10251946,2700179,26.34
20,1034,HUHTAMAKI,EQ,573876,286275,49.88
20,1035,HYBRIDFIN,EQ,99109,67572,68.18
20,1036,IBLFL,SM,6000,4000,66.67
20,1037,ICEMAKE,EQ,190865,85596,44.85
20,1038,ICICIB22,EQ,2324248,2069690,89.05
20,1039,ICICIBANK,EQ,10735395,6615453,61.62
20,1040,ICICIGI,EQ,238801,133793,56.03
20,1041,ICICIPRULI,EQ,1512837,950862,62.85
20,1042,ICIL,EQ,252801,148419,58.71
20,1043,ICRA,EQ,17655,16180,91.65
20,1044,IDBI,EQ,30175986,5650674,18.73
20,1045,IDEA,EQ,475279605,183079672,38.52
20,1046,IDEAFORGE,EQ,519009,154977,29.86
20,1047,IDFC,EQ,7541895,3706247,49.14
20,1048,IDFCFIRSTB,EQ,22069106,11226745,50.87
20,1049,IDFNIFTYET,EQ,1002,522,52.10
20,1050,IEL,EQ,2070983,1337402,64.58
20,1051,IEML,SM,28000,23000,82.14
20,1052,IEX,EQ,33779275,8527364,25.24
20,1053,IFBIND,EQ,227459,75980,33.40
20,1054,IFCI,EQ,33937915,9096556,26.80
20,1055,IFGLEXPOR,EQ,8977,4012,44.69
20,1056,IGARASHI,EQ,130447,54960,42.13
20,1057,IGL,EQ,571093,257085,45.02
20,1058,IGPL,EQ,50099,21593,43.10
20,1059,IIFL,EQ,1875542,445106,23.73
20,1060,IIFLSEC,EQ,2078741,1192912,57.39
20,1061,IIFLZC24,NK,299,299,100.00
20,1062,IIFLZC25B,NW,100,100,100.00
20,1063,IIFLZC25C,N8,30,30,100.00
20,1064,IIFLZC28,NG,27,27,100.00
20,1065,IIFLZC28A,NU,50,50,100.00
20,1066,IIFLZC28C,N6,1028,1000,97.28
20,1067,IITL,EQ,1288428,1146634,88.99
20,1068,IKIO,EQ,481090,270088,56.14
20,1069,IMAGICAA,EQ,1785596,820224,45.94
20,1070,IMC1,N0,17,17,100.00
20,1071,IMFA,EQ,63937,37370,58.45
20,1072,IMPAL,EQ,6508,3555,54.63
20,1073,INCREDIBLE,EQ,29663,19771,66.65
20,1074,INDBANK,EQ,224371,101381,45.18
20,1075,INDGN,EQ,837008,401046,47.91
20,1076,INDHOTEL,EQ,1814825,938255,51.70
20,1077,INDIACEM,EQ,5880176,2541531,43.22
20,1078,INDIAGLYCO,EQ,707247,203700,28.80
20,1079,INDIAMART,EQ,431280,79440,18.42
20,1080,INDIANB,EQ,1361169,694192,51.00
20,1081,INDIANCARD,EQ,6417,4288,66.82
20,1082,INDIANHUME,EQ,800254,157563,19.69
20,1083,INDIASHLTR,EQ,52927,28266,53.41
20,1084,INDIFRA,SM,2000,2000,100.00
20,1085,INDIGO,EQ,675767,428170,63.36
20,1086,INDIGOPNTS,EQ,63570,28778,45.27
20,1087,INDIGRID,IV,105448,98476,93.39
20,1088,INDNIPPON,EQ,34038,20098,59.05
20,1089,INDOAMIN,EQ,347649,138333,39.79
20,1090,INDOBORAX,EQ,44692,18537,41.48
20,1091,INDOCO,EQ,84644,53746,63.50
20,1092,INDORAMA,EQ,207296,91300,44.04
20,1093,INDOSTAR,EQ,119801,63469,52.98
20,1094,INDOTHAI,EQ,3562,3154,88.55
20,1095,INDRAMEDCO,EQ,312440,98896,31.65
20,1096,INDSWFTLAB,EQ,5610888,1269378,22.62
20,1097,INDSWFTLTD,EQ,494528,227685,46.04
20,1098,INDTERRAIN,EQ,355233,196415,55.29
20,1099,INDUSINDBK,EQ,3268026,1807252,55.30
20,1100,INDUSTOWER,EQ,7685638,4520005,58.81
20,1101,INFIBEAM,EQ,71375357,19605488,27.47
20,1102,INFINIUM,SM,30500,24000,78.69
20,1103,INFOBEAN,EQ,15434,8305,53.81
20,1104,INFOLLION,ST,4000,4000,100.00
20,1105,INFRABEES,EQ,20530,13304,64.80
20,1106,INFRAIETF,EQ,185619,105951,57.08
20,1107,INFY,EQ,7400938,4497093,60.76
20,1108,INGERRAND,EQ,15439,9804,63.50
20,1109,INNOVACAP,EQ,122785,76747,62.51
20,1110,INNOVANA,SM,5200,4200,80.77
20,1111,INOXGREEN,EQ,4498912,1631716,36.27
20,1112,INOXINDIA,EQ,190864,106960,56.04
20,1113,INOXWIND,EQ,11276291,3660835,32.46
20,1114,INSECTICID,EQ,116755,52315,44.81
20,1115,INSPIRE,SM,8000,6000,75.00
20,1116,INSPIRISYS,EQ,121454,62255,51.26
20,1117,INTELLECT,EQ,127858,67549,52.83
20,1118,INTLCONV,EQ,175084,72269,41.28
20,1119,INVENTURE,EQ,5362971,3065450,57.16
20,1120,IOB,EQ,15668574,3795680,24.22
20,1121,IOC,EQ,27097002,9933753,36.66
20,1122,IOLCP,EQ,289420,98310,33.97
20,1123,IONEXCHANG,EQ,392015,201673,51.45
20,1124,IPCALAB,EQ,714731,590920,82.68
20,1125,IPL,EQ,351472,147043,41.84
20,1126,IRB,EQ,23803383,12138362,50.99
20,1127,IRBINVIT,IV,196025,176844,90.22
20,1128,IRCON,EQ,7322309,2026420,27.67
20,1129,IRCTC,EQ,1102487,438419,39.77
20,1130,IREDA,EQ,15185550,5232924,34.46
20,1131,IRFC,EQ,41362024,8513076,20.58
20,1132,IRISDOREME,EQ,102690,44780,43.61
20,1133,IRMENERGY,EQ,65730,36330,55.27
20,1134,ISEC,EQ,214452,145842,68.01
20,1135,ISFT,EQ,48059,27611,57.45
20,1136,ISGEC,EQ,287345,229537,79.88
20,1137,ISHAN,SM,192000,192000,100.00
20,1138,ISMTLTD,EQ,1097834,435295,39.65
20,1139,IT,EQ,89684,60811,67.81
20,1140,ITALIANE,SM,18000,14000,77.78
20,1141,ITBEES,EQ,14057094,11787227,83.85
20,1142,ITC,EQ,21320064,6713121,31.49
20,1143,ITDC,EQ,150237,48250,32.12
20,1144,ITDCEM,EQ,736218,255593,34.72
20,1145,ITETF,EQ,156339,138483,88.58
20,1146,ITETFADD,EQ,25552,23179,90.71
20,1147,ITI,EQ,643764,199481,30.99
20,1148,ITIETF,EQ,858618,505292,58.85
20,1149,IVZINGOLD,EQ,141,79,56.03
20,1150,IWEL,EQ,10840,6668,61.51
20,1151,IXIGO,EQ,2725884,956328,35.08
20,1152,IZMO,EQ,49349,22284,45.16
20,1153,JAGRAN,EQ,724797,436601,60.24
20,1154,JAGSNPHARM,EQ,29958,15501,51.74
20,1155,JAICORPLTD,EQ,544004,207225,38.09
20,1156,JAINAM,SM,29000,25000,86.21
20,1157,JALAN,SM,24000,12000,50.00
20,1158,JAMNAAUTO,EQ,2746189,1099476,40.04
20,1159,JASH,EQ,16962,11863,69.94
20,1160,JAYAGROGN,EQ,113958,54922,48.19
20,1161,JAYBARMARU,EQ,376960,104847,27.81
20,1162,JAYNECOIND,EQ,950950,457956,48.16
20,1163,JAYSREETEA,EQ,248035,107721,43.43
20,1164,JBCHEPHARM,EQ,194311,49940,25.70
20,1165,JBMA,EQ,194042,95132,49.03
20,1166,JCHAC,EQ,62701,30843,49.19
20,1167,JETFREIGHT,EQ,140253,104270,74.34
20,1168,JFLLIFE,ST,116000,102000,87.93
20,1169,JGCHEM,EQ,766813,234383,30.57
20,1170,JINDALPHOT,EQ,49045,10839,22.10
20,1171,JINDALPOLY,EQ,56855,22424,39.44
20,1172,JINDALSAW,EQ,1907068,1084431,56.86
20,1173,JINDALSTEL,EQ,1982275,1041740,52.55
20,1174,JINDRILL,EQ,89563,34973,39.05
20,1175,JINDWORLD,EQ,97006,50425,51.98
20,1176,JIOFIN,EQ,7284359,4317028,59.26
20,1177,JISLDVREQS,EQ,52158,24304,46.60
20,1178,JISLJALEQS,EQ,4257609,1597583,37.52
20,1179,JITFINFRA,EQ,51817,30495,58.85
20,1180,JIWANRAM,SM,24000,18000,75.00
20,1181,J&KBANK,EQ,58317725,10958057,18.79
20,1182,JKCEMENT,EQ,98277,31761,32.32
20,1183,JKIL,EQ,147623,63501,43.02
20,1184,JKLAKSHMI,EQ,281117,154566,54.98
20,1185,JKPAPER,EQ,622903,229228,36.80
20,1186,JKTYRE,EQ,636112,300103,47.18
20,1187,JLHL,EQ,87675,73819,84.20
20,1188,JMA,EQ,47516,25204,53.04
20,1189,JMFINANCIL,EQ,2705045,1303551,48.19
20,1190,JOCIL,EQ,22581,13373,59.22
20,1191,JPOLYINVST,EQ,13798,6125,44.39
20,1192,JPPOWER,EQ,62121631,28969427,46.63
20,1193,JSFB,EQ,35236,16065,45.59
20,1194,JSL,EQ,512580,298332,58.20
20,1195,JSLL,SM,9000,7380,82.00
20,1196,JSWENERGY,EQ,1620560,609792,37.63
20,1197,JSWHL,EQ,1788,755,42.23
20,1198,JSWINFRA,EQ,1627395,811885,49.89
20,1199,JSWSTEEL,EQ,3306705,1632028,49.36
20,1200,JTEKTINDIA,EQ,427033,176607,41.36
20,1201,JTLIND,EQ,1026210,611015,59.54
20,1202,JUBLFOOD,EQ,3121946,1029366,32.97
20,1203,JUBLINDS,EQ,19656,12404,63.11
20,1204,JUBLINGREA,EQ,2988641,846376,28.32
20,1205,JUBLPHARMA,EQ,1115086,204169,18.31
20,1206,JUNIORBEES,EQ,339839,259371,76.32
20,1207,JUNIPER,EQ,187807,163780,87.21
20,1208,JUSTDIAL,EQ,369379,126529,34.25
20,1209,JWL,EQ,1541256,826062,53.60
20,1210,JYOTHYLAB,EQ,411629,118803,28.86
20,1211,JYOTICNC,EQ,173027,102121,59.02
20,1212,JYOTISTRUC,EQ,11266169,7927021,70.36
20,1213,K2INFRA,ST,51600,44400,86.05
20,1214,KABRAEXTRU,EQ,49408,26703,54.05
20,1215,KAJARIACER,EQ,62788,32339,51.51
20,1216,KAKATCEM,EQ,5627,2800,49.76
20,1217,KALAMANDIR,EQ,187301,114340,61.05
20,1218,KALYANKJIL,EQ,2733406,1306707,47.81
20,1219,KAMATHOTEL,EQ,48423,35479,73.27
20,1220,KAMDHENU,EQ,148635,35112,23.62
20,1221,KAMOPAINTS,EQ,4706475,724934,15.40
20,1222,KANANIIND,EQ,850634,491129,57.74
20,1223,KANDARP,SM,84000,56000,66.67
20,1224,KANORICHEM,EQ,44766,21221,47.40
20,1225,KANPRPLA,EQ,35990,19996,55.56
20,1226,KANSAINER,EQ,931771,412412,44.26
20,1227,KARNIKA,SM,4800,3200,66.67
20,1228,KARURVYSYA,EQ,1435866,772115,53.77
20,1229,KATARIA,ST,314400,307200,97.71
20,1230,KAYNES,EQ,152873,65189,42.64
20,1231,KCEIL,ST,56000,51500,91.96
20,1232,KCK,SM,22000,12000,54.55
20,1233,KCP,EQ,706694,321666,45.52
20,1234,KCPSUGIND,EQ,1323481,571053,43.15
20,1235,KDDL,EQ,7549,3515,46.56
20,1236,KDL,ST,2700,2700,100.00
20,1237,KEC,EQ,264603,132658,50.13
20,1238,KECL,EQ,459278,183064,39.86
20,1239,KEI,EQ,107588,57698,53.63
20,1240,KEL,SM,1200,1200,100.00
20,1241,KELLTONTEC,EQ,802847,394193,49.10
20,1242,KERNEX,EQ,272090,169157,62.17
20,1243,KESORAMIND,EQ,181262,89023,49.11
20,1244,KEYFINSERV,EQ,12782,7889,61.72
20,1245,KFINTECH,EQ,713048,265392,37.22
20,1246,KHADIM,EQ,99095,43360,43.76
20,1247,KHAICHEM,EQ,13032678,2190210,16.81
20,1248,KHAITANLTD,EQ,41822,19326,46.21
20,1249,KHANDSE,EQ,52416,10872,20.74
20,1250,KHFM,SM,37200,6200,16.67
20,1251,KILITCH,EQ,16855,8733,51.81
20,1252,KIMS,EQ,13219,6209,46.97
20,1253,KINGFA,EQ,52545,22731,43.26
20,1254,KIOCL,EQ,100871,45420,45.03
20,1255,KIRIINDUS,EQ,109881,52040,47.36
20,1256,KIRLOSBROS,EQ,170110,86202,50.67
20,1257,KIRLOSENG,EQ,237094,177974,75.06
20,1258,KIRLOSIND,EQ,2779,1350,48.58
20,1259,KIRLPNU,EQ,135114,86963,64.36
20,1260,KITEX,EQ,125989,55834,44.32
20,1261,KKCL,EQ,32561,17459,53.62
20,1262,KLL,SM,27200,22400,82.35
20,1263,KNAGRI,ST,4000,3200,80.00
20,1264,KNRCON,EQ,1438239,465575,32.37
20,1265,KODYTECH,SM,3000,2200,73.33
20,1266,KOHINOOR,EQ,99897,52917,52.97
20,1267,KOKUYOCMLN,EQ,1065908,365407,34.28
20,1268,KOLTEPATIL,EQ,174428,94788,54.34
20,1269,KONSTELEC,SM,42000,34000,80.95
20,1270,KONTOR,SM,55200,40800,73.91
20,1271,KOPRAN,EQ,168466,76151,45.20
20,1272,KORE,ST,6500,6500,100.00
20,1273,KOTAKBANK,EQ,3242589,1947618,60.06
20,1274,KOTARISUG,EQ,296237,56566,19.09
20,1275,KOTHARIPET,EQ,583330,168944,28.96
20,1276,KOTHARIPRO,EQ,39888,16532,41.45
20,1277,KOTYARK,SM,22000,16100,73.18
20,1278,KPIL,EQ,205621,114897,55.88
20,1279,KPITTECH,EQ,700480,269227,38.43
20,1280,KPRMILL,EQ,78220,36118,46.17
20,1281,KRBL,EQ,1031307,366186,35.51
20,1282,KRISHANA,EQ,45953,15638,34.03
20,1283,KRISHCA,ST,67000,66500,99.25
20,1284,KRISHIVAL,SM,1000,1000,100.00
20,1285,KRISHNADEF,ST,27000,23000,85.19
20,1286,KRITI,EQ,115484,64195,55.59
20,1287,KRITIKA,EQ,277706,184375,66.39
20,1288,KRITINUT,EQ,93838,49927,53.21
20,1289,KRONOX,EQ,180908,91089,50.35
20,1290,KRSNAA,EQ,44469,21548,48.46
20,1291,KRYSTAL,EQ,30741,16133,52.48
20,1292,KSB,EQ,136062,74218,54.55
20,1293,KSCL,EQ,185384,68654,37.03
20,1294,KSL,EQ,62524,30278,48.43
20,1295,KSOLVES,EQ,18950,11657,61.51
20,1296,KTKBANK,EQ,1598833,1118444,69.95
20,1297,KTL,SM,3000,3000,100.00
20,1298,KUANTUM,EQ,82067,58034,70.72
20,1299,LAGNAM,EQ,69443,51246,73.80
20,1300,LAL,EQ,59185,33619,56.80
20,1301,LALPATHLAB,EQ,93921,29927,31.86
20,1302,LAMBODHARA,EQ,235366,102360,43.49
20,1303,LANCORHOL,EQ,39025,28528,73.10
20,1304,LANDMARK,EQ,132640,78533,59.21
20,1305,LAOPALA,EQ,287861,161951,56.26
20,1306,LASA,EQ,62479,34256,54.83
20,1307,LATENTVIEW,EQ,344268,201505,58.53
20,1308,LAURUSLABS,EQ,2113511,789045,37.33
20,1309,LAWSIKHO,SM,24500,15500,63.27
20,1310,LAXMICOT,EQ,151554,31849,21.01
20,1311,LAXMIMACH,EQ,5147,2369,46.03
20,1312,LEMERITE,SM,65600,54400,82.93
20,1313,LEMONTREE,EQ,2379079,992361,41.71
20,1314,LEXUS,EQ,36747,16554,45.05
20,1315,LFIC,EQ,49689,23797,47.89
20,1316,LGBBROSLTD,EQ,47201,30403,64.41
20,1317,LGHL,EQ,947,551,58.18
20,1318,LIBAS,EQ,94895,69299,73.03
20,1319,LIBERTSHOE,EQ,81474,60353,74.08
20,1320,LICHSGFIN,EQ,2233217,978930,43.83
20,1321,LICI,EQ,3057586,867192,28.36
20,1322,LICMFGOLD,EQ,304,252,82.89
20,1323,LICNETFGSC,EQ,16760,15248,90.98
20,1324,LICNETFN50,EQ,13928,12666,90.94
20,1325,LICNETFSEN,EQ,43,33,76.74
20,1326,LICNFNHGP,EQ,891,708,79.46
20,1327,LICNMID100,EQ,8092,4139,51.15
20,1328,LIKHITHA,EQ,114309,49476,43.28
20,1329,LINC,EQ,9819,6154,62.67
20,1330,LINCOLN,EQ,54023,26735,49.49
20,1331,LINDEINDIA,EQ,55122,23824,43.22
20,1332,LIQUID,EQ,250269,208838,83.45
20,1333,LIQUID1,EQ,121336,71227,58.70
20,1334,LIQUIDADD,EQ,801914,671176,83.70
20,1335,LIQUIDBEES,EQ,3363646,3149379,93.63
20,1336,LIQUIDBETF,EQ,5002,2700,53.98
20,1337,LIQUIDCASE,EQ,7488454,7011127,93.63
20,1338,LIQUIDETF,EQ,300179,199978,66.62
20,1339,LIQUIDIETF,EQ,821310,474433,57.77
20,1340,LIQUIDSBI,EQ,18121,12126,66.92
20,1341,LIQUIDSHRI,EQ,217,179,82.49
20,1342,LLOYDS,SM,17000,13000,76.47
20,1343,LLOYDSENGG,EQ,6657654,1898105,28.51
20,1344,LLOYDSME,EQ,1297150,374013,28.83
20,1345,LODHA,EQ,1778456,1234713,69.43
20,1346,LOKESHMACH,EQ,19296,14445,74.86
20,1347,LOTUSEYE,EQ,74966,29799,39.75
20,1348,LOVABLE,EQ,82837,41784,50.44
20,1349,LOWVOL,EQ,239,235,98.33
20,1350,LOWVOL1,EQ,388165,383702,98.85
20,1351,LOWVOLIETF,EQ,2548905,2412977,94.67
20,1352,LOYALTEX,EQ,9574,5068,52.94
20,1353,LRRPL,SM,36000,36000,100.00
20,1354,LT,EQ,2512525,1309768,52.13
20,1355,LTF,EQ,9004437,4887581,54.28
20,1356,LTFOODS,EQ,1941722,570216,29.37
20,1357,LTGILTBEES,EQ,2477279,2282951,92.16
20,1358,LTIM,EQ,425166,229542,53.99
20,1359,LTTS,EQ,129670,29678,22.89
20,1360,LUMAXIND,EQ,3793,1744,45.98
20,1361,LUMAXTECH,EQ,77161,33326,43.19
20,1362,LUPIN,EQ,2018905,1041428,51.58
20,1363,LUXIND,EQ,226286,83726,37.00
20,1364,LXCHEM,EQ,471239,210058,44.58
20,1365,LYKALABS,EQ,132174,53385,40.39
20,1366,LYPSAGEMS,EQ,36932,26490,71.73
20,1367,MAANALU,EQ,94937,64513,67.95
20,1368,MACOBSTECH,ST,38400,36800,95.83
20,1369,MADHAV,EQ,14508,5918,40.79
20,1370,MADHAVBAUG,SM,20000,20000,100.00
20,1371,MADHUSUDAN,SM,66000,42000,63.64
20,1372,MADRASFERT,EQ,708303,233971,33.03
20,1373,MAFANG,EQ,681099,404227,59.35
20,1374,MAGADSUGAR,EQ,40194,15887,39.53
20,1375,MAGNUM,EQ,133433,60205,45.12
20,1376,MAGSON,SM,2000,2000,100.00
20,1377,MAHABANK,EQ,12005955,3394137,28.27
20,1378,MAHAPEXLTD,EQ,10455,6883,65.83
20,1379,MAHASTEEL,EQ,146008,67563,46.27
20,1380,MAHESHWARI,EQ,490133,276993,56.51
20,1381,MAHKTECH,EQ,653247,565160,86.52
20,1382,MAHLIFE,EQ,127185,68093,53.54
20,1383,MAHLOG,EQ,108688,41160,37.87
20,1384,MAHSCOOTER,EQ,6806,3916,57.54
20,1385,MAHSEAMLES,EQ,434166,260539,60.01
20,1386,MAITHANALL,EQ,37769,23524,62.28
20,1387,MAITREYA,SM,30400,28800,94.74
20,1388,MAKEINDIA,EQ,84781,74269,87.60
20,1389,MAL,SM,70400,16000,22.73
20,1390,MALLCOM,EQ,6310,4023,63.76
20,1391,MALUPAPER,EQ,87585,36217,41.35
20,1392,MANAKSIA,EQ,52940,30439,57.50
20,1393,MANAKSTEEL,EQ,56872,34750,61.10
20,1394,MANALIPETC,EQ,615588,249886,40.59
20,1395,MANAPPURAM,EQ,4357379,1092625,25.08
20,1396,MANDEEP,ST,16000,14000,87.50
20,1397,MANGALAM,EQ,151071,81020,53.63
20,1398,MANGCHEFER,EQ,632846,315271,49.82
20,1399,MANGLMCEM,EQ,161133,99362,61.66
20,1400,MANINDS,EQ,155359,91065,58.62
20,1401,MANINFRA,EQ,588497,300730,51.10
20,1402,MANKIND,EQ,578999,384121,66.34
20,1403,MANOMAY,EQ,293952,142642,48.53
20,1404,MANORAMA,EQ,41274,31684,76.77
20,1405,MANORG,EQ,43515,29104,66.88
20,1406,MANUGRAPH,EQ,38829,30831,79.40
20,1407,MANYAVAR,EQ,73522,29720,40.42
20,1408,MAPMYINDIA,EQ,73770,35188,47.70
20,1409,MARALOVER,EQ,190302,68248,35.86
20,1410,MARATHON,EQ,55478,32788,59.10
20,1411,MARCO,SM,36000,27000,75.00
20,1412,MARICO,EQ,959145,372015,38.79
20,1413,MARINETRAN,SM,16000,16000,100.00
20,1414,MARKSANS,EQ,2056993,550333,26.75
20,1415,MARUTI,EQ,1333355,748350,56.13
20,1416,MASFIN,EQ,142119,72136,50.76
20,1417,MASON,SM,248000,136000,54.84
20,1418,MASPTOP50,EQ,477498,321236,67.27
20,1419,MASTEK,EQ,115423,76586,66.35
20,1420,MASTER,ST,1000,1000,100.00
20,1421,MATRIMONY,EQ,214111,105705,49.37
20,1422,MAWANASUG,EQ,156580,63671,40.66
20,1423,MAXESTATES,EQ,92338,43102,46.68
20,1424,MAXHEALTH,EQ,813314,580217,71.34
20,1425,MAXIND,EQ,53305,36564,68.59
20,1426,MAXPOSURE,SM,198000,118000,59.60
20,1427,MAYURUNIQ,EQ,610704,184902,30.28
20,1428,MAZDA,EQ,4953,2658,53.66
20,1429,MAZDOCK,EQ,1146391,206989,18.06
20,1430,MBAPL,EQ,16724,9086,54.33
20,1431,MBECL,EQ,225858,193608,85.72
20,1432,MCL,EQ,39998,12638,31.60
20,1433,MCLEODRUSS,EQ,837086,559331,66.82
20,1434,MCX,EQ,537096,172785,32.17
20,1435,MDL,SM,18000,18000,100.00
20,1436,MEDANTA,EQ,99501,53255,53.52
20,1437,MEDIASSIST,EQ,127741,63066,49.37
20,1438,MEDICAMEQ,EQ,17479,7992,45.72
20,1439,MEDIORG,SM,96000,80000,83.33
20,1440,MEDPLUS,EQ,37055,17001,45.88
20,1441,MEGAFLEX,SM,15000,12000,80.00
20,1442,MEGASOFT,EQ,163597,106043,64.82
20,1443,MEGASTAR,EQ,6549,4967,75.84
20,1444,MEGATHERM,ST,40000,35200,88.00
20,1445,MENONBE,EQ,128053,54961,42.92
20,1446,METROBRAND,EQ,157073,41417,26.37
20,1447,METROPOLIS,EQ,73745,17225,23.36
20,1448,MFSL,EQ,336371,192065,57.10
20,1449,MGL,EQ,528477,228143,43.17
20,1450,MHHL,SM,85500,78000,91.23
20,1451,MHLXMIRU,EQ,37323,18322,49.09
20,1452,MHRIL,EQ,180111,84126,46.71
20,1453,MICROPRO,SM,32000,17600,55.00
20,1454,MID150BEES,EQ,540720,343039,63.44
20,1455,MID150CASE,EQ,213728,149982,70.17
20,1456,MIDCAP,EQ,50596,37262,73.65
20,1457,MIDCAPETF,EQ,5357833,4990334,93.14
20,1458,MIDCAPIETF,EQ,793545,431037,54.32
20,1459,MIDHANI,EQ,512157,203542,39.74
20,1460,MIDQ50ADD,EQ,5188,4500,86.74
20,1461,MIDSELIETF,EQ,313572,272325,86.85
20,1462,MIDSMALL,EQ,475936,405835,85.27
20,1463,MIEL,ST,2740000,2520000,91.97
20,1464,MILTON,SM,13200,13200,100.00
20,1465,MINDACORP,EQ,986136,400105,40.57
20,1466,MINDSPACE,RR,136800,120097,87.79
20,1467,MINDTECK,EQ,100204,48012,47.91
20,1468,MIRCELECTR,EQ,586894,389178,66.31
20,1469,MIRZAINT,EQ,176975,95996,54.24
20,1470,MITCON,EQ,13546,8133,60.04
20,1471,MITTAL,EQ,963632,684069,70.99
20,1472,M&M,EQ,3041513,1750251,57.55
20,1473,M&MFIN,EQ,1531887,546141,35.65
20,1474,MMFL,EQ,86104,50015,58.09
20,1475,MMP,EQ,81729,48274,59.07
20,1476,MMTC,EQ,11195465,2365671,21.13
20,1477,MNC,EQ,55393,46381,83.73
20,1478,MODIRUBBER,EQ,9519,2435,25.58
20,1479,MODISONLTD,EQ,82982,46622,56.18
20,1480,MOGSEC,EQ,16611,16573,99.77
20,1481,MOHEALTH,EQ,56782,30284,53.33
20,1482,MOIL,EQ,1088488,497710,45.72
20,1483,MOKSH,EQ,127401,90913,71.36
20,1484,MOL,EQ,2430289,1068135,43.95
20,1485,MOLDTECH,EQ,110258,55700,50.52
20,1486,MOLDTKPAC,EQ,174120,81303,46.69
20,1487,MOLOWVOL,EQ,9430,6280,66.60
20,1488,MOM100,EQ,316450,190590,60.23
20,1489,MOM30IETF,EQ,1672844,1094333,65.42
20,1490,MOM50,EQ,3328,2513,75.51
20,1491,MOMENTUM,EQ,207620,138409,66.66
20,1492,MOMOMENTUM,EQ,266886,223178,83.62
20,1493,MON100,EQ,2769864,2146323,77.49
20,1494,MONARCH,EQ,208026,93210,44.81
20,1495,MONIFTY500,EQ,295553,246099,83.27
20,1496,MONOPHARMA,SM,64000,38000,59.38
20,1497,MONQ50,EQ,1089952,894016,82.02
20,1498,MONTECARLO,EQ,50452,25956,51.45
20,1499,MOQUALITY,EQ,3414,2910,85.24
20,1500,MOREALTY,EQ,719236,639608,88.93
20,1501,MOREPENLAB,EQ,22845353,6584380,28.82
20,1502,MOS,SM,165600,115200,69.57
20,1503,MOSMALL250,EQ,1800145,1717866,95.43
20,1504,MOTHERSON,EQ,11712560,6186700,52.82
20,1505,MOTILALOFS,EQ,900979,488194,54.18
20,1506,MOTISONS,EQ,288100,208914,72.51
20,1507,MOTOGENFIN,EQ,47954,17296,36.07
20,1508,MOVALUE,EQ,397612,298273,75.02
20,1509,MOXSH,ST,800,800,100.00
20,1510,MPHASIS,EQ,457613,199433,43.58
20,1511,MPSLTD,EQ,15632,8749,55.97
20,1512,MPTODAY,SM,12000,12000,100.00
20,1513,MRF,EQ,6267,1269,20.25
20,1514,MRPL,EQ,3043392,1103366,36.25
20,1515,MSPL,EQ,10513507,5403990,51.40
20,1516,MSTCLTD,EQ,271829,88207,32.45
20,1517,MSUMI,EQ,5947130,3346614,56.27
20,1518,MTARTECH,EQ,100466,49856,49.62
20,1519,MTNL,EQ,920630,919750,99.90
20,1520,MUFIN,EQ,97084,59426,61.21
20,1521,MUFTI,EQ,131767,77957,59.16
20,1522,MUKANDLTD,EQ,221157,93786,42.41
20,1523,MUKKA,EQ,1438449,719693,50.03
20,1524,MUKTAARTS,EQ,41045,20576,50.13
20,1525,MUNJALAU,EQ,1876024,579704,30.90
20,1526,MUNJALSHOW,EQ,367190,141974,38.66
20,1527,MURUDCERA,EQ,176779,80978,45.81
20,1528,MUTHOOTCAP,EQ,36835,15187,41.23
20,1529,MUTHOOTFIN,EQ,686110,363730,53.01
20,1530,MUTHOOTMF,EQ,150291,80317,53.44
20,1531,MVGJL,EQ,237814,199398,83.85
20,1532,MVKAGRO,SM,22800,16800,73.68
20,1533,MWL,SM,22800,19200,84.21
20,1534,NACLIND,EQ,142056,81982,57.71
20,1535,NAGAFERT,EQ,847812,452148,53.33
20,1536,NAGREEKEXP,EQ,73151,33969,46.44
20,1537,NAHARCAP,EQ,7437,3745,50.36
20,1538,NAHARINDUS,EQ,236713,80486,34.00
20,1539,NAHARPOLY,EQ,37317,18072,48.43
20,1540,NAHARSPING,EQ,120608,44175,36.63
20,1541,NAMAN,SM,64000,51200,80.00
20,1542,NAM-INDIA,EQ,599317,345005,57.57
20,1543,NATCOPHARM,EQ,591168,295425,49.97
20,1544,NATIONALUM,EQ,17401939,6550442,37.64
20,1545,NAUKRI,EQ,1435112,480985,33.52
20,1546,NAVA,EQ,338689,146296,43.19
20,1547,NAVINFLUOR,EQ,266577,149994,56.27
20,1548,NAVINIFTY,EQ,730,505,69.18
20,1549,NAVKARCORP,EQ,569872,303809,53.31
20,1550,NAVNETEDUL,EQ,1427370,723850,50.71
20,1551,NAZARA,EQ,4981923,863733,17.34
20,1552,NBCC,EQ,20080298,6417856,31.96
20,1553,NCC,EQ,6391652,1541223,24.11
20,1554,NCLIND,EQ,144627,75824,52.43
20,1555,NDL,EQ,1374210,539272,39.24
20,1556,NDLVENTURE,EQ,31540,19977,63.34
20,1557,NDRAUTO,EQ,78273,22521,28.77
20,1558,NDTV,EQ,307531,113689,36.97
20,1559,NECLIFE,EQ,680743,275500,40.47
20,1560,NELCAST,EQ,70952,33064,46.60
20,1561,NELCO,EQ,181529,84874,46.76
20,1562,NEOGEN,EQ,19203,8119,42.28
20,1563,NEPHROCARE,SM,328000,276800,84.39
20,1564,NESCO,EQ,169573,65620,38.70
20,1565,NESTLEIND,EQ,1155474,625315,54.12
20,1566,NETF,EQ,4808,3965,82.47
20,1567,NETWEB,EQ,361723,142912,39.51
20,1568,NETWORK18,EQ,3908017,1410279,36.09
20,1569,NEULANDLAB,EQ,449228,140494,31.27
20,1570,NEWGEN,EQ,120512,64496,53.52
20,1571,NEWJAISA,SM,61500,45000,73.17
20,1572,NEXT50,EQ,4102,3408,83.08
20,1573,NEXT50IETF,EQ,536609,367829,68.55
20,1574,NEXTMEDIA,EQ,103124,94002,91.15
20,1575,NFL,EQ,5172219,1439656,27.83
20,1576,NGIL,EQ,48940,28996,59.25
20,1577,NGILPP,E1,17673,16349,92.51
20,1578,NGLFINE,EQ,11010,4688,42.58
20,1579,NH,EQ,222713,133161,59.79
20,1580,NHPC,EQ,24854216,9077398,36.52
20,1581,NIACL,EQ,3440484,794162,23.08
20,1582,NIBL,EQ,813334,221732,27.26
20,1583,NIDAN,SM,12000,12000,100.00
20,1584,NIF100BEES,EQ,18809,11382,60.51
20,1585,NIF100IETF,EQ,155441,105402,67.81
20,1586,NIF10GETF,EQ,695,606,87.19
20,1587,NIF5GETF,EQ,115,93,80.87
20,1588,NIFITETF,EQ,1587,1111,70.01
20,1589,NIFMID150,EQ,3828,2772,72.41
20,1590,NIFTY1,EQ,167105,139280,83.35
20,1591,NIFTY50ADD,EQ,11060,7832,70.81
20,1592,NIFTYBEES,EQ,4084372,3262284,79.87
20,1593,NIFTYBETF,EQ,1514,1384,91.41
20,1594,NIFTYETF,EQ,938183,923962,98.48
20,1595,NIFTYIETF,EQ,544830,427578,78.48
20,1596,NIFTYQLITY,EQ,151624,123368,81.36
20,1597,NIITLTD,EQ,3494495,602582,17.24
20,1598,NIITMTS,EQ,121788,88207,72.43
20,1599,NILAINFRA,EQ,857523,484665,56.52
20,1600,NILKAMAL,EQ,21346,14697,68.85
20,1601,NINSYS,EQ,6990,4213,60.27
20,1602,NIPPOBATRY,EQ,5636,2631,46.68
20,1603,NIRAJ,EQ,135669,58777,43.32
20,1604,NIRMAN,ST,24600,21600,87.80
20,1605,NITCO,EQ,1016925,754827,74.23
20,1606,NITINSPIN,EQ,218859,93095,42.54
20,1607,NKIND,EQ,1497,1014,67.74
20,1608,NLCINDIA,EQ,3330015,1446765,43.45
20,1609,NMDC,EQ,5617281,1875804,33.39
20,1610,NOCIL,EQ,2270484,930992,41.00
20,1611,NORBTEAEXP,EQ,3147,2118,67.30
20,1612,NOVAAGRI,EQ,2013274,813229,40.39
20,1613,NPBET,EQ,874,527,60.30
20,1614,NPST,SM,17100,12000,70.18
20,1615,NRAIL,EQ,8392,5294,63.08
20,1616,NRBBEARING,EQ,99396,42974,43.24
20,1617,NRL,EQ,83685,44523,53.20
20,1618,NSIL,EQ,2103,893,42.46
20,1619,NSLNISP,EQ,4313911,1623039,37.62
20,1620,NTPC,EQ,24233263,11756581,48.51
20,1621,NUCLEUS,EQ,51077,26022,50.95
20,1622,NURECA,EQ,31104,15212,48.91
20,1623,NUVAMA,EQ,78792,48114,61.06
20,1624,NUVOCO,EQ,368004,223467,60.72
20,1625,NV20,EQ,26981,14494,53.72
20,1626,NV20BEES,EQ,55764,43509,78.02
20,1627,NV20IETF,EQ,1082128,782844,72.34
20,1628,NXST,RR,55493,43656,78.67
20,1629,NYKAA,EQ,32105685,9661571,30.09
20,1630,OAL,EQ,25887,12801,49.45
20,1631,OBCL,EQ,29736,20085,67.54
20,1632,OBEROIRLTY,EQ,543407,283836,52.23
20,1633,OFSS,EQ,245538,94124,38.33
20,1634,OIL,EQ,10032774,3743640,37.31
20,1635,OILIETF,EQ,933363,520854,55.80
20,1636,OLECTRA,EQ,356505,165311,46.37
20,1637,OLIL,ST,2400,2400,100.00
20,1638,OMFURN,SM,4800,4800,100.00
20,1639,ONDOOR,SM,4200,2400,57.14
20,1640,ONEPOINT,EQ,1553874,433973,27.93
20,1641,ONGC,EQ,22939377,8491062,37.02
20,1642,ONMOBILE,EQ,1996337,535375,26.82
20,1643,ONWARDTEC,EQ,37869,18446,48.71
20,1644,OPTIEMUS,EQ,937445,356946,38.08
20,1645,ORBTEXP,EQ,81207,41187,50.72
20,1646,ORCHPHARMA,EQ,97221,56036,57.64
20,1647,ORIANA,SM,646200,265950,41.16
20,1648,ORICONENT,EQ,785406,303189,38.60
20,1649,ORIENTALTL,EQ,243660,61907,25.41
20,1650,ORIENTBELL,EQ,57103,26129,45.76
20,1651,ORIENTCEM,EQ,6147437,2058478,33.49
20,1652,ORIENTCER,EQ,228943,107687,47.04
20,1653,ORIENTELEC,EQ,559283,283913,50.76
20,1654,ORIENTHOT,EQ,214987,83567,38.87
20,1655,ORIENTLTD,EQ,3318,1669,50.30
20,1656,ORIENTPPR,EQ,1432851,516947,36.08
20,1657,ORISSAMINE,EQ,15092,5977,39.60
20,1658,ORTINLAB,EQ,50470,32004,63.41
20,1659,OSWALAGRO,EQ,223061,141389,63.39
20,1660,OSWALGREEN,EQ,1794616,576873,32.14
20,1661,OSWALSEEDS,EQ,49207,33220,67.51
20,1662,OWAIS,SM,17600,12800,72.73
20,1663,PAGEIND,EQ,18905,9427,49.87
20,1664,PAISALO,EQ,1192010,680554,57.09
20,1665,PAKKA,EQ,433974,164545,37.92
20,1666,PALASHSECU,EQ,6316,271,4.29
20,1667,PANACEABIO,EQ,98027,44884,45.79
20,1668,PANAMAPET,EQ,175530,89410,50.94
20,1669,PAR,EQ,9625,5406,56.17
20,1670,PARACABLES,EQ,1498908,612969,40.89
20,1671,PARADEEP,EQ,6981103,2915203,41.76
20,1672,PARAGMILK,EQ,751282,291743,38.83
20,1673,PARAGON,SM,40800,33600,82.35
20,1674,PARIN,SM,2000,1000,50.00
20,1675,PARKHOTELS,EQ,160105,84531,52.80
20,1676,PARSVNATH,EQ,9488389,5776157,60.88
20,1677,PARTYCRUS,SM,7000,7000,100.00
20,1678,PASHUPATI,SM,7200,3200,44.44
20,1679,PASUPTAC,EQ,179008,81459,45.51
20,1680,PATANJALI,EQ,632168,464000,73.40
20,1681,PATELENG,EQ,7254876,4564288,62.91
20,1682,PATINTLOG,EQ,3219341,1241391,38.56
20,1683,PATTECH,SM,7500,6000,80.00
20,1684,PAVNAIND,EQ,14457,3559,24.62
20,1685,PAYTM,EQ,13602639,4545356,33.42
20,1686,PCBL,EQ,35128581,6395729,18.21
20,1687,PCCL,SM,65600,52000,79.27
20,1688,PCJEWELLER,EQ,7183860,2933587,40.84
20,1689,PDMJEPAPER,EQ,663566,236154,35.59
20,1690,PDSL,EQ,252891,103341,40.86
20,1691,PEL,EQ,2275720,773584,33.99
20,1692,PENIND,EQ,938642,364867,38.87
20,1693,PENINLAND,EQ,714341,376360,52.69
20,1694,PENTAGON,SM,7000,5000,71.43
20,1695,PERFECT,ST,21000,21000,100.00
20,1696,PERSISTENT,EQ,354246,162210,45.79
20,1697,PETRONET,EQ,1677139,741896,44.24
20,1698,PFC,EQ,11584967,5073530,43.79
20,1699,PFIZER,EQ,11383,5533,48.61
20,1700,PFS,EQ,2836426,960238,33.85
20,1701,PGEL,EQ,696801,413140,59.29
20,1702,PGHH,EQ,9580,4175,43.58
20,1703,PGHL,EQ,4302,2535,58.93
20,1704,PGIL,EQ,100109,43384,43.34
20,1705,PGINVIT,IV,883325,782685,88.61
20,1706,PHANTOMFX,SM,91200,66900,73.36
20,1707,PHARMABEES,EQ,5099970,3081517,60.42
20,1708,PHOENIXLTD,EQ,359684,214391,59.61
20,1709,PIDILITIND,EQ,156599,58598,37.42
20,1710,PIIND,EQ,274124,167609,61.14
20,1711,PILANIINVS,EQ,4649,2101,45.19
20,1712,PILITA,EQ,393047,161898,41.19
20,1713,PIONEEREMB,EQ,40663,26213,64.46
20,1714,PITTIENG,EQ,157022,95984,61.13
20,1715,PIXTRANS,EQ,24022,10327,42.99
20,1716,PLADAINFO,SM,3000,3000,100.00
20,1717,PLASTIBLEN,EQ,26867,14143,52.64
20,1718,PLATIND,EQ,4850711,1498850,30.90
20,1719,PLAZACABLE,EQ,657362,272970,41.53
20,1720,PNB,EQ,29241484,10716855,36.65
20,1721,PNBGILTS,EQ,538912,237292,44.03
20,1722,PNBHOUSING,EQ,1802886,802525,44.51
20,1723,PNC,EQ,17933,11243,62.69
20,1724,PNCINFRA,EQ,380406,208218,54.74
20,1725,POCL,EQ,260583,109022,41.84
20,1726,PODDARMENT,EQ,9421,6287,66.73
20,1727,POKARNA,EQ,252309,111522,44.20
20,1728,POLICYBZR,EQ,1001534,519081,51.83
20,1729,POLYCAB,EQ,285579,113134,39.62
20,1730,POLYMED,EQ,323894,272968,84.28
20,1731,POLYPLEX,EQ,177588,74783,42.11
20,1732,POLYSIL,SM,16000,8000,50.00
20,1733,PONNIERODE,EQ,26074,11651,44.68
20,1734,POONAWALLA,EQ,2952287,1420055,48.10
20,1735,POWERGRID,EQ,13771470,6890968,50.04
20,1736,POWERINDIA,EQ,56046,23827,42.51
20,1737,POWERMECH,EQ,57150,33203,58.10
20,1738,PPAP,EQ,30903,14839,48.02
20,1739,PPL,EQ,130942,57216,43.70
20,1740,PPLPHARMA,EQ,3975037,1790567,45.05
20,1741,PRAENG,EQ,247941,137888,55.61
20,1742,PRAJIND,EQ,430836,179771,41.73
20,1743,PRAKASH,EQ,878260,369942,42.12
20,1744,PRAMARA,SM,14000,14000,100.00
20,1745,PRATHAM,SM,115200,60800,52.78
20,1746,PRECAM,EQ,173841,74509,42.86
20,1747,PRECISION,SM,66000,48000,72.73
20,1748,PRECWIRE,EQ,294872,136947,46.44
20,1749,PREMIERPOL,EQ,60941,33796,55.46
20,1750,PRESSTONIC,SM,31200,22400,71.79
20,1751,PRESTIGE,EQ,1919960,1267855,66.04
20,1752,PRICOLLTD,EQ,508634,202093,39.73
20,1753,PRIMESECU,EQ,77220,42211,54.66
20,1754,PRINCEPIPE,EQ,159698,73752,46.18
20,1755,PRITI,EQ,274637,126996,46.24
20,1756,PRITIKA,SM,360000,274000,76.11
20,1757,PRITIKAUTO,EQ,1475336,830104,56.27
20,1758,PRIVISCL,EQ,14473,7757,53.60
20,1759,PRIZOR,ST,312000,268800,86.15
20,1760,PRLIND,SM,62000,46000,74.19
20,1761,PROLIFE,SM,5000,5000,100.00
20,1762,PROPEQUITY,SM,25800,24000,93.02
20,1763,PROV,SM,960,960,100.00
20,1764,PROZONER,EQ,610508,302853,49.61
20,1765,PRSMJOHNSN,EQ,202516,72285,35.69
20,1766,PRUDENT,EQ,36902,19245,52.15
20,1767,PRUDMOULI,EQ,5717,4949,86.57
20,1768,PSB,EQ,5203590,1422425,27.34
20,1769,PSPPROJECT,EQ,661939,209897,31.71
20,1770,PSUBANK,EQ,37353,24230,64.87
20,1771,PSUBANKADD,EQ,46232,21020,45.47
20,1772,PSUBNKBEES,EQ,2766905,1805899,65.27
20,1773,PSUBNKIETF,EQ,213031,123212,57.84
20,1774,PTC,EQ,1960235,986053,50.30
20,1775,PTL,EQ,194571,103000,52.94
20,1776,PULZ,SM,32000,21000,65.63
20,1777,PUNJABCHEM,EQ,28243,15123,53.55
20,1778,PURVFLEXI,SM,12800,11200,87.50
20,1779,PVP,EQ,1736603,1147762,66.09
20,1780,PVRINOX,EQ,206704,59506,28.79
20,1781,PVSL,EQ,130083,69396,53.35
20,1782,PVTBANIETF,EQ,1384454,1077913,77.86
20,1783,PVTBANKADD,EQ,3975042,3950329,99.38
20,1784,PYRAMID,EQ,252524,132150,52.33
20,1785,QGOLDHALF,EQ,61919,43629,70.46
20,1786,QMSMEDI,SM,14000,11000,78.57
20,1787,QNIFTY,EQ,597,476,79.73
20,1788,QUADPRO,SM,12000,12000,100.00
20,1789,QUAL30IETF,EQ,194783,146067,74.99
20,1790,QUESS,EQ,221948,98402,44.34
20,1791,QUESTLAB,SM,13200,12000,90.91
20,1792,QUICKHEAL,EQ,143038,65702,45.93
20,1793,QUICKTOUCH,SM,10000,8500,85.00
20,1794,RACE,EQ,16735,6130,36.63
20,1795,RADHIKAJWE,EQ,4351251,1726993,39.69
20,1796,RADIANTCMS,EQ,292569,176659,60.38
20,1797,RADICO,EQ,107512,54158,50.37
20,1798,RADIOCITY,EQ,1127904,504990,44.77
20,1799,RADIOCITY,P1,1419,1419,100.00
20,1800,RADIOWALLA,SM,6400,6400,100.00
20,1801,RAILTEL,EQ,5675727,1187087,20.92
20,1802,RAIN,EQ,2196744,658017,29.95
20,1803,RAINBOW,EQ,89404,46848,52.40
20,1804,RAJESHEXPO,EQ,331530,152133,45.89
20,1805,RAJMET,EQ,1525134,860930,56.45
20,1806,RAJRATAN,EQ,53349,27155,50.90
20,1807,RAJSREESUG,EQ,254266,112454,44.23
20,1808,RALLIS,EQ,547243,288603,52.74
20,1809,RAMANEWS,EQ,100794,64522,64.01
20,1810,RAMAPHO,EQ,16533,8428,50.98
20,1811,RAMASTEEL,EQ,47981424,15824904,32.98
20,1812,RAMCOCEM,EQ,1755087,1282668,73.08
20,1813,RAMCOIND,EQ,75448,45050,59.71
20,1814,RAMCOSYS,EQ,38493,25502,66.25
20,1815,RAMKY,EQ,193124,80916,41.90
20,1816,RAMRAT,EQ,65378,29248,44.74
20,1817,RANASUG,EQ,678486,294752,43.44
20,1818,RANEENGINE,EQ,11639,5887,50.58
20,1819,RANEHOLDIN,EQ,43186,12981,30.06
20,1820,RATEGAIN,EQ,145694,71189,48.86
20,1821,RATNAMANI,EQ,20092,10086,50.20
20,1822,RATNAVEER,EQ,680589,268623,39.47
20,1823,RAYMOND,EQ,428631,377694,88.12
20,1824,RBA,EQ,5497018,1620181,29.47
20,1825,RBL,EQ,12119,4660,38.45
20,1826,RBLBANK,EQ,5849428,3308916,56.57
20,1827,RBMINFRA,SM,72800,46800,64.29
20,1828,RBS,SM,11200,9600,85.71
20,1829,RCDL,SM,72000,57000,79.17
20,1830,RCF,EQ,4700474,1250029,26.59
20,1831,RECLTD,EQ,12658405,5221871,41.25
20,1832,REDINGTON,EQ,878390,388960,44.28
20,1833,REDTAPE,EQ,255087,163621,64.14
20,1834,REFEX,EQ,715911,328901,45.94
20,1835,REFRACTORY,ST,28000,24000,85.71
20,1836,RELAXO,EQ,63798,31477,49.34
20,1837,RELCHEMQ,EQ,6645,3051,45.91
20,1838,RELIANCE,EQ,5134124,3186337,62.06
20,1839,RELIGARE,EQ,552626,331790,60.04
20,1840,RELINFRA,EQ,8524605,2540545,29.80
20,1841,RELTD,EQ,61977,39904,64.39
20,1842,REMSONSIND,EQ,27069,17585,64.96
20,1843,REMUS,SM,9000,6500,72.22
20,1844,RENUKA,EQ,14981482,3836230,25.61
20,1845,REPCOHOME,EQ,795893,491325,61.73
20,1846,REPL,EQ,18551,11442,61.68
20,1847,REPRO,EQ,73135,29739,40.66
20,1848,RESPONIND,EQ,246777,148374,60.12
20,1849,RGL,EQ,183001,102162,55.83
20,1850,RHIM,EQ,249240,184343,73.96
20,1851,RHL,EQ,37154,24726,66.55
20,1852,RICHA,SM,10000,9000,90.00
20,1853,RICOAUTO,EQ,1011859,453079,44.78
20,1854,RIIL,EQ,141545,38555,27.24
20,1855,RILINFRA,ST,68800,59600,86.63
20,1856,RISHABH,EQ,51113,23363,45.71
20,1857,RITCO,EQ,376054,142229,37.82
20,1858,RITES,EQ,1604774,386315,24.07
20,1859,RITEZONE,SM,1600,1600,100.00
20,1860,RKFORGE,EQ,5200543,802912,15.44
20,1861,RKSWAMY,EQ,367370,169029,46.01
20,1862,RMDRIP,SM,10000,10000,100.00
20,1863,RML,EQ,18958,7745,40.85
20,1864,RNFI,ST,27600,27600,100.00
20,1865,ROCKINGDCE,SM,95250,45750,48.03
20,1866,ROHLTD,EQ,48927,23577,48.19
20,1867,ROLEXRINGS,EQ,12391,4724,38.12
20,1868,ROSSARI,EQ,1801719,404444,22.45
20,1869,ROSSELLIND,EQ,114263,39077,34.20
20,1870,ROTO,EQ,331147,70495,21.29
20,1871,ROUTE,EQ,67853,34394,50.69
20,1872,ROXHITECH,SM,38400,32000,83.33
20,1873,RPGLIFE,EQ,31187,8553,27.42
20,1874,RPOWER,EQ,99408426,50443793,50.74
20,1875,RPPINFRA,EQ,1035814,391788,37.82
20,1876,RPPL,EQ,347791,210430,60.50
20,1877,RPSGVENT,EQ,343822,135213,39.33
20,1878,RPTECH,EQ,202298,88476,43.74
20,1879,RRKABEL,EQ,180044,124277,69.03
20,1880,RSWM,EQ,210437,93881,44.61
20,1881,RSYSTEMS,EQ,32448,17887,55.13
20,1882,RTNINDIA,EQ,1908632,745149,39.04
20,1883,RUBYMILLS,EQ,1610192,327586,20.34
20,1884,RUCHINFRA,EQ,554587,309915,55.88
20,1885,RUCHIRA,EQ,70961,16400,23.11
20,1886,RULKA,ST,14400,13200,91.67
20,1887,RUPA,EQ,435081,150682,34.63
20,1888,RUSHIL,EQ,1516979,698257,46.03
20,1889,RUSTOMJEE,EQ,25881,12658,48.91
20,1890,RVHL,EQ,218497,177108,81.06
20,1891,RVNL,EQ,11185800,3704266,33.12
20,1892,SAAKSHI,ST,11400,10800,94.74
20,1893,SABAR,SM,275000,215000,78.18
20,1894,SADBHAV,EQ,1956305,1483375,75.83
20,1895,SADBHIN,EQ,378502,284075,75.05
20,1896,SADHAV,SM,32400,19200,59.26
20,1897,SADHNANIQ,EQ,536490,196704,36.66
20,1898,SAFARI,EQ,316677,80213,25.33
20,1899,SAGCEM,EQ,77406,44854,57.95
20,1900,SAH,EQ,33992,10086,29.67
20,1901,SAHAJ,SM,32000,32000,100.00
20,1902,SAHAJSOLAR,SM,1387200,556000,40.08
20,1903,SAHANA,SM,10250,7250,70.73
20,1904,SAHYADRI,EQ,12323,10369,84.14
20,1905,SAIFL,SM,10400,7200,69.23
20,1906,SAIL,EQ,29660329,12517436,42.20
20,1907,SAKAR,EQ,24552,12404,50.52
20,1908,SAKHTISUG,EQ,538377,228764,42.49
20,1909,SAKSOFT,EQ,126919,63656,50.15
20,1910,SAKUMA,EQ,2400382,922918,38.45
20,1911,SALASAR,EQ,2266062,1416920,62.53
20,1912,SALONA,EQ,1990,1029,51.71
20,1913,SALZERELEC,EQ,62136,28530,45.92
20,1914,SAMBHAAV,EQ,150131,101013,67.28
20,1915,SAMHI,EQ,914501,523341,57.23
20,1916,SAMMAANCAP,EQ,4253405,1972885,46.38
20,1917,SANDESH,EQ,16031,8513,53.10
20,1918,SANDHAR,EQ,213196,74213,34.81
20,1919,SANDUMA,EQ,202473,108588,53.63
20,1920,SANGAMIND,EQ,21807,12914,59.22
20,1921,SANGANI,SM,6000,6000,100.00
20,1922,SANGHIIND,EQ,398811,257627,64.60
20,1923,SANGHVIMOV,EQ,225535,121487,53.87
20,1924,SANGINITA,EQ,73434,59518,81.05
20,1925,SANOFI,EQ,6636,3690,55.61
20,1926,SANSERA,EQ,254933,201995,79.23
20,1927,SANSTAR,EQ,7361572,3195780,43.41
20,1928,SAPPHIRE,EQ,92942,56945,61.27
20,1929,SARDAEN,EQ,497337,275979,55.49
20,1930,SAREGAMA,EQ,1071133,260600,24.33
20,1931,SARLAPOLY,EQ,869147,305374,35.13
20,1932,SAROJA,SM,9600,6400,66.67
20,1933,SARTELE,SM,811500,342500,42.21
20,1934,SARVESHWAR,EQ,2768406,1604429,57.95
20,1935,SASKEN,EQ,11035,6875,62.30
20,1936,SASTASUNDR,EQ,34141,16105,47.17
20,1937,SATECH,ST,508000,508000,100.00
20,1938,SATIA,EQ,156603,70628,45.10
20,1939,SATIN,EQ,402781,191621,47.57
20,1940,SATINDLTD,EQ,451340,193176,42.80
20,1941,SATIPOLY,ST,15000,14000,93.33
20,1942,SAURASHCEM,EQ,185178,96978,52.37
20,1943,SBC,EQ,1895607,504142,26.60
20,1944,SBCL,EQ,156428,51361,32.83
20,1945,SBFC,EQ,1398736,710157,50.77
20,1946,SBGLP,EQ,660992,290679,43.98
20,1947,SBICARD,EQ,1267000,872381,68.85
20,1948,SBIETFCON,EQ,7490,6302,84.14
20,1949,SBIETFIT,EQ,26943,16536,61.37
20,1950,SBIETFPB,EQ,10427,8856,84.93
20,1951,SBIETFQLTY,EQ,3154,2866,90.87
20,1952,SBILIFE,EQ,594517,250282,42.10
20,1953,SBIN,EQ,12609331,5063625,40.16
20,1954,SBINEQWETF,EQ,11489,9823,85.50
20,1955,SBISILVER,EQ,18916,16462,87.03
20,1956,SCHAEFFLER,EQ,178381,117290,65.75
20,1957,SCHAND,EQ,54560,27853,51.05
20,1958,SCHNEIDER,EQ,392852,258665,65.84
20,1959,SCI,EQ,3699944,1227619,33.18
20,1960,SCILAL,EQ,3465253,1132485,32.68
20,1961,SCL25,Y6,76,76,100.00
20,1962,SCL310524,ZF,12,12,100.00
20,1963,SCL310524A,ZK,10,10,100.00
20,1964,SCML,SM,10000,10000,100.00
20,1965,SCPL,EQ,17339,7270,41.93
20,1966,SDBL,EQ,1299642,698200,53.72
20,1967,SDL24BEES,EQ,788,556,70.56
20,1968,SDL26BEES,EQ,265,165,62.26
20,1969,SEAMECLTD,EQ,101415,50046,49.35
20,1970,SECMARK,EQ,307,278,90.55
20,1971,SECURKLOUD,EQ,25843,14621,56.58
20,1972,SEL,SM,12000,11200,93.33
20,1973,SELAN,EQ,3998809,341551,8.54
20,1974,SELMC,EQ,66052,57140,86.51
20,1975,SENCO,EQ,223863,135791,60.66
20,1976,SENSEXADD,EQ,2975,1278,42.96
20,1977,SENSEXETF,EQ,13788,12963,94.02
20,1978,SENSEXIETF,EQ,7090,4777,67.38
20,1979,SEPC,EQ,14890532,7221582,48.50
20,1980,SEQUENT,EQ,860242,363388,42.24
20,1981,SERVICE,SM,36000,32000,88.89
20,1982,SERVOTECH,EQ,2719042,1497333,55.07
20,1983,SESHAPAPER,EQ,52158,35390,67.85
20,1984,SETF10GILT,EQ,13787,12217,88.61
20,1985,SETFGOLD,EQ,1864841,1561292,83.72
20,1986,SETFNIF50,EQ,6173339,6136615,99.41
20,1987,SETFNIFBK,EQ,90323,62716,69.44
20,1988,SETFNN50,EQ,55654,38760,69.64
20,1989,SFL,EQ,73529,53028,72.12
20,1990,SFLZC24A,ZB,20,20,100.00
20,1991,SGBAPR28I,GB,145,137,94.48
20,1992,SGBAUG27,GB,64,40,62.50
20,1993,SGBAUG28V,GB,4885,3866,79.14
20,1994,SGBAUG29V,GB,959,605,63.09
20,1995,SGBAUG30,GB,226,191,84.51
20,1996,SGBD29VIII,GB,125,115,92.00
20,1997,SGBDC27VII,GB,17,13,76.47
20,1998,SGBDE30III,GB,258,193,74.81
20,1999,SGBDE31III,GB,3120,2320,74.36
20,2000,SGBDEC25,GB,2,2,100.00
20,2001,SGBFEB27,GB,6,6,100.00
20,2002,SGBFEB29XI,GB,294,251,85.37
20,2003,SGBFEB32IV,GB,1365,1077,78.90
20,2004,SGBJ28VIII,GB,15,15,100.00
20,2005,SGBJAN26,GB,33,22,66.67
20,2006,SGBJAN27,GB,10,10,100.00
20,2007,SGBJAN29IX,GB,898,718,79.96
20,2008,SGBJAN29X,GB,102,102,100.00
20,2009,SGBJAN30IX,GB,462,341,73.81
20,2010,SGBJU29III,GB,152,108,71.05
20,2011,SGBJUL25,GB,41,40,97.56
20,2012,SGBJUL27,GB,58,56,96.55
20,2013,SGBJUL28IV,GB,614,555,90.39
20,2014,SGBJUL29IV,GB,165,129,78.18
20,2015,SGBJUN27,GB,2,2,100.00
20,2016,SGBJUN28,GB,181,115,63.54
20,2017,SGBJUN29II,GB,613,535,87.28
20,2018,SGBJUN30,GB,308,270,87.66
20,2019,SGBJUN31I,GB,1346,1176,87.37
20,2020,SGBMAR25,GB,180,117,65.00
20,2021,SGBMAR28X,GB,6,6,100.00
20,2022,SGBMAR30X,GB,186,184,98.92
20,2023,SGBMAR31IV,GB,147,137,93.20
20,2024,SGBMAY25,GB,56,44,78.57
20,2025,SGBMAY26,GB,19,19,100.00
20,2026,SGBMAY28,GB,372,338,90.86
20,2027,SGBMAY29I,GB,1897,1805,95.15
20,2028,SGBMR29XII,GB,1243,915,73.61
20,2029,SGBN28VIII,GB,121,93,76.86
20,2030,SGBNOV24,GB,109,96,88.07
20,2031,SGBNOV25IX,GB,1,1,100.00
20,2032,SGBNOV25VI,GB,5,5,100.00
20,2033,SGBNV29VII,GB,526,466,88.59
20,2034,SGBOC28VII,GB,416,266,63.94
20,2035,SGBOCT25,GB,4,4,100.00
20,2036,SGBOCT27,GB,18,18,100.00
20,2037,SGBOCT27VI,GB,22,22,100.00
20,2038,SGBSEP24,GB,38,37,97.37
20,2039,SGBSEP27,GB,48,48,100.00
20,2040,SGBSEP28VI,GB,349,239,68.48
20,2041,SGBSEP29VI,GB,894,700,78.30
20,2042,SGBSEP31II,GB,2358,1889,80.11
20,2043,SGIL,EQ,11442,5420,47.37
20,2044,SGL,EQ,114597,71545,62.43
20,2045,SHAH,EQ,27386908,16649265,60.79
20,2046,SHAHALLOYS,EQ,16364,12769,78.03
20,2047,SHAILY,EQ,100819,57022,56.56
20,2048,SHAKTIPUMP,EQ,177874,102083,57.39
20,2049,SHALBY,EQ,130495,50462,38.67
20,2050,SHALPAINTS,EQ,220087,118669,53.92
20,2051,SHANKARA,EQ,48573,30917,63.65
20,2052,SHANTHALA,SM,27600,20400,73.91
20,2053,SHANTIGEAR,EQ,39363,20966,53.26
20,2054,SHARDACROP,EQ,168177,79812,47.46
20,2055,SHARDAMOTR,EQ,31638,20357,64.34
20,2056,SHAREINDIA,EQ,619821,455820,73.54
20,2057,SHAREINDIA,W1,112,112,100.00
20,2058,SHARIABEES,EQ,11847,5898,49.78
20,2059,SHEETAL,SM,50000,36000,72.00
20,2060,SHEMAROO,EQ,276712,81638,29.50
20,2061,SHERA,SM,105000,64000,60.95
20,2062,SHIGAN,SM,7500,7500,100.00
20,2063,SHILPAMED,EQ,301529,102503,33.99
20,2064,SHIVALIK,EQ,22208,7141,32.16
20,2065,SHIVAMAUTO,EQ,1508114,613611,40.69
20,2066,SHIVAMILLS,EQ,30780,16628,54.02
20,2067,SHIVATEX,EQ,16637,13602,81.76
20,2068,SHK,EQ,217483,127874,58.80
20,2069,SHOPERSTOP,EQ,132275,118604,89.66
20,2070,SHREDIGCEM,EQ,406278,202938,49.95
20,2071,SHREECEM,EQ,39746,19293,48.54
20,2072,SHREEKARNI,ST,3600,3000,83.33
20,2073,SHREEOSFM,SM,7000,4000,57.14
20,2074,SHREEPUSHK,EQ,418199,190447,45.54
20,2075,SHREYANIND,EQ,22104,10780,48.77
20,2076,SHREYAS,EQ,62361,27398,43.93
20,2077,SHRIPISTON,EQ,188621,99035,52.50
20,2078,SHRIRAMFIN,EQ,1781041,1029856,57.82
20,2079,SHRIRAMPPS,EQ,1032159,526950,51.05
20,2080,SHRITECH,SM,34000,22000,64.71
20,2081,SHUBHLAXMI,SM,15000,11000,73.33
20,2082,SHYAMCENT,EQ,167664,116955,69.76
20,2083,SHYAMMETL,EQ,500008,251993,50.40
20,2084,SIDDHIKA,SM,7000,7000,100.00
20,2085,SIEMENS,EQ,443854,191962,43.25
20,2086,SIGACHI,EQ,1597962,763757,47.80
20,2087,SIGIND,EQ,21337,13200,61.86
20,2088,SIGMA,EQ,3226,2337,72.44
20,2089,SIGNATURE,EQ,482448,48156,9.98
20,2090,SIGNORIA,SM,2000,2000,100.00
20,2091,SIGNPOST,EQ,39748,24470,61.56
20,2092,SILGO,EQ,81182,54270,66.85
20,2093,SILINV,EQ,48280,13055,27.04
20,2094,SILKFLEX,SM,16000,14000,87.50
20,2095,SILLYMONKS,EQ,69976,48840,69.80
20,2096,SILVER,EQ,144543,102486,70.90
20,2097,SILVER1,EQ,51721,38507,74.45
20,2098,SILVERADD,EQ,17016,15630,91.85
20,2099,SILVERBEES,EQ,6410077,5370298,83.78
20,2100,SILVERETF,EQ,109349,78280,71.59
20,2101,SILVERIETF,EQ,1403191,1310636,93.40
20,2102,SILVERTUC,EQ,21733,3808,17.52
20,2103,SILVRETF,EQ,25398,24656,97.08
20,2104,SIMPLEXINF,EQ,103292,68727,66.54
20,2105,SINCLAIR,EQ,52340,35587,67.99
20,2106,SINDHUTRAD,EQ,611447,359223,58.75
20,2107,SINTERCOM,EQ,29781,28766,96.59
20,2108,SIRCA,EQ,79930,45996,57.55
20,2109,SIS,EQ,162382,80701,49.70
20,2110,SIYSIL,EQ,43260,22267,51.47
20,2111,SJLOGISTIC,SM,151500,93000,61.39
20,2112,SJS,EQ,3131764,338851,10.82
20,2113,SJVN,EQ,11812640,4467493,37.82
20,2114,SKFINDIA,EQ,22465,12059,53.68
20,2115,SKIPPER,EQ,965840,341105,35.32
20,2116,SKIPPERPP,E1,3427,1569,45.78
20,2117,SKMEGGPROD,EQ,70425,33730,47.89
20,2118,SKP,SM,7500,6000,80.00
20,2119,SLONE,ST,57600,54400,94.44
20,2120,SMALLCAP,EQ,1616871,1060758,65.61
20,2121,SMCGLOBAL,EQ,380510,173697,45.65
20,2122,SMLISUZU,EQ,255965,69789,27.27
20,2123,SMLT,EQ,19926,13082,65.65
20,2124,SMSLIFE,EQ,2345,1113,47.46
20,2125,SMSPHARMA,EQ,463551,171035,36.90
20,2126,SNOWMAN,EQ,1806637,589190,32.61
20,2127,SOBHA,EQ,354620,267836,75.53
20,2128,SOBHAPP,E1,13197,12427,94.17
20,2129,SOFTTECH,EQ,2410,1603,66.51
20,2130,SOLARAPP,X1,15870,15299,96.40
20,2131,SOLARINDS,EQ,55081,37139,67.43
20,2132,SOLEX,SM,12800,8400,65.63
20,2133,SOMANYCERA,EQ,109622,61908,56.47
20,2134,SONACOMS,EQ,1217493,651964,53.55
20,2135,SONAMAC,SM,59000,48000,81.36
20,2136,SONAMLTD,EQ,56092,18965,33.81
20,2137,SONATSOFTW,EQ,1720390,303617,17.65
20,2138,SONUINFRA,ST,12000,9000,75.00
20,2139,SOTL,EQ,84935,43058,50.70
20,2140,SOUTHBANK,EQ,17854887,9590491,53.71
20,2141,SOUTHWEST,EQ,30718,13651,44.44
20,2142,SPAL,EQ,17844,8829,49.48
20,2143,SPANDANA,EQ,232175,156347,67.34
20,2144,SPARC,EQ,490633,238611,48.63
20,2145,SPCENET,EQ,14983105,4915584,32.81
20,2146,SPCL,SM,242400,104400,43.07
20,2147,SPECIALITY,EQ,36241,22743,62.75
20,2148,SPECTRUM,SM,1375,1125,81.82
20,2149,SPECTSTM,SM,18400,13600,73.91
20,2150,SPENCERS,EQ,245421,118713,48.37
20,2151,SPIC,EQ,711452,294058,41.33
20,2152,SPLIL,EQ,73235,24640,33.65
20,2153,SPLPETRO,EQ,64265,36534,56.85
20,2154,SPMLINFRA,EQ,65139,41720,64.05
20,2155,SPORTKING,EQ,54180,29211,53.91
20,2156,SPRL,ST,21600,13600,62.96
20,2157,SREEL,EQ,42690,16250,38.07
20,2158,SRF,EQ,460619,263070,57.11
20,2159,SRGHFL,EQ,6930,3559,51.36
20,2160,SRHHYPOLTD,EQ,30244,15791,52.21
20,2161,SRIVASAVI,SM,11000,8000,72.73
20,2162,SRM,EQ,271261,143241,52.81
20,2163,SSFL,SM,32500,18000,55.38
20,2164,SSWL,EQ,300931,171523,57.00
20,2165,STANLEY,EQ,210271,88278,41.98
20,2166,STAR,EQ,348677,228406,65.51
20,2167,STARCEMENT,EQ,290727,139018,47.82
20,2168,STARHEALTH,EQ,311873,144641,46.38
20,2169,STARPAPER,EQ,10835,5332,49.21
20,2170,STCINDIA,EQ,439026,107073,24.39
20,2171,STEELCAS,EQ,52583,31145,59.23
20,2172,STEELCITY,EQ,19337,11731,60.67
20,2173,STEELXIND,EQ,3755655,1698503,45.23
20,2174,STEL,EQ,24994,21248,85.01
20,2175,STERTOOLS,EQ,53637,28092,52.37
20,2176,STLTECH,EQ,3699391,1468416,39.69
20,2177,STOVEKRAFT,EQ,93228,65959,70.75
20,2178,STYLAMIND,EQ,19366,10237,52.86
20,2179,STYRENIX,EQ,43634,19617,44.96
20,2180,SUBEXLTD,EQ,11698067,3222619,27.55
20,2181,SUBROS,EQ,54674,25325,46.32
20,2182,SUDARSCHEM,EQ,217031,97573,44.96
20,2183,SUKHJITS,EQ,15206,9049,59.51
20,2184,SULA,EQ,151665,83457,55.03
20,2185,SUMICHEM,EQ,910323,607267,66.71
20,2186,SUMMITSEC,EQ,5037,2670,53.01
20,2187,SUNCLAY,EQ,9487,5327,56.15
20,2188,SUNDARMFIN,EQ,101764,52084,51.18
20,2189,SUNDARMHLD,EQ,319558,173535,54.30
20,2190,SUNDRMBRAK,EQ,2859,2119,74.12
20,2191,SUNDRMFAST,EQ,56833,25347,44.60
20,2192,SUNFLAG,EQ,578511,237839,41.11
20,2193,SUNPHARMA,EQ,2992406,1192563,39.85
20,2194,SUNTECK,EQ,221253,140617,63.55
20,2195,SUNTV,EQ,921501,268072,29.09
20,2196,SUPERHOUSE,EQ,12626,6451,51.09
20,2197,SUPERSPIN,EQ,99157,62500,63.03
20,2198,SUPRAJIT,EQ,125889,60526,48.08
20,2199,SUPREMEIND,EQ,79847,43704,54.73
20,2200,SUPREMEPWR,ST,102000,96000,94.12
20,2201,SUPRIYA,EQ,1306675,404700,30.97
20,2202,SURANASOL,EQ,279423,174651,62.50
20,2203,SURANI,SM,7600,6800,89.47
20,2204,SURYALAXMI,EQ,363671,197954,54.43
20,2205,SURYAROSNI,EQ,144805,70192,48.47
20,2206,SURYODAY,EQ,4892271,2402632,49.11
20,2207,SUTLEJTEX,EQ,293825,129540,44.09
20,2208,SUVEN,EQ,326718,177374,54.29
20,2209,SUVENPHAR,EQ,1638185,1326228,80.96
20,2210,SUVIDHAA,EQ,435522,220754,50.69
20,2211,SUZLON,EQ,131096033,70584217,53.84
20,2212,SVLL,EQ,3902,3376,86.52
20,2213,SVPGLOB,EQ,57481,43170,75.10
20,2214,SWANENERGY,EQ,1700314,596740,35.10
20,2215,SWARAJ,SM,44000,36000,81.82
20,2216,SWARAJENG,EQ,13757,6705,48.74
20,2217,SWASTIK,SM,63600,52800,83.02
20,2218,SWELECTES,EQ,28131,16092,57.20
20,2219,SWSOLAR,EQ,730037,432417,59.23
20,2220,SYLVANPLY,SM,142000,72000,50.70
20,2221,SYMPHONY,EQ,283503,91836,32.39
20,2222,SYNCOMF,EQ,4304348,2181254,50.68
20,2223,SYNGENE,EQ,360858,115822,32.10
20,2224,SYNOPTICS,SM,3000,2400,80.00
20,2225,SYRMA,EQ,929863,616061,66.25
20,2226,SYSTANGO,SM,39200,22400,57.14
20,2227,TAC,SM,21600,16800,77.78
20,2228,TAJGVK,EQ,231471,141531,61.14
20,2229,TAKE,EQ,156118,111167,71.21
20,2230,TALBROAUTO,EQ,309565,122059,39.43
20,2231,TANLA,EQ,842885,281718,33.42
20,2232,TAPIFRUIT,SM,1500,1500,100.00
20,2233,TARACHAND,EQ,54361,46277,85.13
20,2234,TARMAT,EQ,419605,184314,43.93
20,2235,TARSONS,EQ,41838,22907,54.75
20,2236,TASTYBITE,EQ,3006,1881,62.57
20,2237,TATACHEM,EQ,944709,390617,41.35
20,2238,TATACOMM,EQ,476193,228775,48.04
20,2239,TATACONSUM,EQ,1262150,404558,32.05
20,2240,TATAELXSI,EQ,51480,32652,63.43
20,2241,TATAGOLD,EQ,3225349,2388392,74.05
20,2242,TATAINVEST,EQ,15450,10010,64.79
20,2243,TATAMOTORS,EQ,21967812,10121121,46.07
20,2244,TATAMTRDVR,EQ,4276587,2807272,65.64
20,2245,TATAPOWER,EQ,27534299,7134741,25.91
20,2246,TATASTEEL,EQ,72427529,33397693,46.11
20,2247,TATATECH,EQ,355341,244190,68.72
20,2248,TATSILV,EQ,744215,690622,92.80
20,2249,TATVA,EQ,48786,29100,59.65
20,2250,TBI,ST,36000,28800,80.00
20,2251,TBOTEK,EQ,20079,9105,45.35
20,2252,TBZ,EQ,1030851,476658,46.24
20,2253,TCHF30,NB,260,160,61.54
20,2254,TCI,EQ,40063,15861,39.59
20,2255,TCIEXP,EQ,28678,15918,55.51
20,2256,TCL,SM,103200,65600,63.57
20,2257,TCNSBRANDS,EQ,94960,46041,48.48
20,2258,TCPLPACK,EQ,36762,10032,27.29
20,2259,TCS,EQ,2811282,1705592,60.67
20,2260,TDPOWERSYS,EQ,800316,190807,23.84
20,2261,TEAMLEASE,EQ,87107,69570,79.87
20,2262,TECH,EQ,30782,24366,79.16
20,2263,TECHLABS,ST,12000,10000,83.33
20,2264,TECHM,EQ,2894949,1875056,64.77
20,2265,TEGA,EQ,15082,6309,41.83
20,2266,TEJASNET,EQ,364340,231533,63.55
20,2267,TEMBO,EQ,19181,10435,54.40
20,2268,TEXINFRA,EQ,643085,309321,48.10
20,2269,TEXMOPIPES,EQ,115084,53393,46.39
20,2270,TEXRAIL,EQ,2799552,997675,35.64
20,2271,TFCILTD,EQ,1149097,602054,52.39
20,2272,TGBHOTELS,EQ,289177,171399,59.27
20,2273,TGL,ST,76800,69600,90.63
20,2274,THANGAMAYL,EQ,26049,16246,62.37
20,2275,THEJO,EQ,22837,9917,43.43
20,2276,THEMISMED,EQ,104696,48489,46.31
20,2277,THERMAX,EQ,280016,222740,79.55
20,2278,THOMASCOOK,EQ,3377896,1399496,41.43
20,2279,THYROCARE,EQ,166794,61502,36.87
20,2280,TI,EQ,346907,144863,41.76
20,2281,TIDEWATER,EQ,54725,20262,37.03
20,2282,TIIL,EQ,18848,10061,53.38
20,2283,TIINDIA,EQ,115859,64667,55.82
20,2284,TIMESCAN,SM,12000,12000,100.00
20,2285,TIMESGTY,EQ,3214,2781,86.53
20,2286,TIMETECHNO,EQ,943081,374853,39.75
20,2287,TIMKEN,EQ,146660,70182,47.85
20,2288,TIPSFILMS,EQ,10315,7652,74.18
20,2289,TIPSINDLTD,EQ,337395,161712,47.93
20,2290,TIRUMALCHM,EQ,527033,246446,46.76
20,2291,TIRUPATI,SM,6250,6250,100.00
20,2292,TITAGARH,EQ,2356879,898170,38.11
20,2293,TITAN,EQ,1168195,443814,37.99
20,2294,TMB,EQ,158974,96470,60.68
20,2295,TNIDETF,EQ,53734,46624,86.77
20,2296,TNPETRO,EQ,774454,272520,35.19
20,2297,TNPL,EQ,154155,95218,61.77
20,2298,TOKYOPLAST,EQ,26461,11633,43.96
20,2299,TOP100CASE,EQ,166609,141664,85.03
20,2300,TORNTPHARM,EQ,647028,376804,58.24
20,2301,TORNTPOWER,EQ,1829423,285412,15.60
20,2302,TOUCHWOOD,EQ,3144,480,15.27
20,2303,TPLPLASTEH,EQ,425633,208665,49.02
20,2304,TRACXN,EQ,1419262,501895,35.36
20,2305,TRANSTEEL,SM,48000,32000,66.67
20,2306,TREEHOUSE,EQ,61837,34343,55.54
20,2307,TREL,EQ,3671504,1403942,38.24
20,2308,TRENT,EQ,560989,257121,45.83
20,2309,TRIDENT,EQ,11198818,3756336,33.54
20,2310,TRIDHYA,SM,12000,12000,100.00
20,2311,TRITURBINE,EQ,375122,205983,54.91
20,2312,TRIVENI,EQ,1042158,319902,30.70
20,2313,TROM,ST,122400,122400,100.00
20,2314,TRU,EQ,2764373,568327,20.56
20,2315,TRUST,ST,78000,73200,93.85
20,2316,TTKHLTCARE,EQ,173726,39182,22.55
20,2317,TTKPRESTIG,EQ,651009,136128,20.91
20,2318,TTL,EQ,50053,26354,52.65
20,2319,TTML,EQ,31794638,6160988,19.38
20,2320,TUNWAL,ST,828000,708000,85.51
20,2321,TV18BRDCST,EQ,8977274,3722977,41.47
20,2322,TVSELECT,EQ,105098,27897,26.54
20,2323,TVSHLTD,EQ,3800,2372,62.42
20,2324,TVSMOTOR,EQ,907741,482983,53.21
20,2325,TVSSCS,EQ,861471,449865,52.22
20,2326,TVSSRICHAK,EQ,35725,30896,86.48
20,2327,TVTODAY,EQ,1988549,619107,31.13
20,2328,UBL,EQ,258639,84087,32.51
20,2329,UCAL,EQ,22384,12882,57.55
20,2330,UCL,SM,12000,6000,50.00
20,2331,UCOBANK,EQ,7563458,1962397,25.95
20,2332,UDAICEMENT,EQ,4276870,2322114,54.29
20,2333,UDS,EQ,65629,35291,53.77
20,2334,UFLEX,EQ,98499,42286,42.93
20,2335,UFO,EQ,805467,390427,48.47
20,2336,UGARSUGAR,EQ,189462,68625,36.22
20,2337,UGROCAP,EQ,176980,101992,57.63
20,2338,UJJIVANSFB,EQ,9600872,5403373,56.28
20,2339,ULTRACEMCO,EQ,273420,137703,50.36
20,2340,UMA,SM,52000,40000,76.92
20,2341,UMAEXPORTS,EQ,61935,31332,50.59
20,2342,UNICHEMLAB,EQ,38298,21076,55.03
20,2343,UNIDT,EQ,26456,12838,48.53
20,2344,UNIENTER,EQ,18308,11996,65.52
20,2345,UNIHEALTH,SM,5000,5000,100.00
20,2346,UNIINFO,EQ,120854,58467,48.38
20,2347,UNIONBANK,EQ,8343959,4434250,53.14
20,2348,UNIPARTS,EQ,156162,87731,56.18
20,2349,UNITDSPR,EQ,1436552,1029949,71.70
20,2350,UNITEDPOLY,EQ,27321,5463,20.00
20,2351,UNITEDTEA,EQ,13887,7918,57.02
20,2352,UNIVCABLES,EQ,94376,51363,54.42
20,2353,UNIVPHOTO,EQ,348,247,70.98
20,2354,UNOMINDA,EQ,505970,300914,59.47
20,2355,UPL,EQ,6452127,1820885,28.22
20,2356,URAVI,EQ,4991,3591,71.95
20,2357,URBAN,SM,42000,23600,56.19
20,2358,URJA,EQ,2626624,1422579,54.16
20,2359,USHAMART,EQ,721449,410625,56.92
20,2360,UTIAMC,EQ,158550,81500,51.40
20,2361,UTIBANKETF,EQ,36479,32436,88.92
20,2362,UTINEXT50,EQ,220669,163967,74.30
20,2363,UTINIFTETF,EQ,35649,29268,82.10
20,2364,UTISENSETF,EQ,2308,1400,60.66
20,2365,UTISXN50,EQ,3837,2280,59.42
20,2366,UTKARSHBNK,EQ,1504200,766104,50.93
20,2367,UTTAMSUGAR,EQ,107832,45280,41.99
20,2368,VADILALIND,EQ,7832,3768,48.11
20,2369,VAIBHAVGBL,EQ,1043871,418150,40.06
20,2370,VAISHALI,EQ,387811,194699,50.20
20,2371,VAKRANGEE,EQ,4861518,1633099,33.59
20,2372,VALIANTLAB,EQ,278031,221799,79.77
20,2373,VALIANTORG,EQ,44993,19711,43.81
20,2374,VARDHACRLC,EQ,85921,41557,48.37
20,2375,VARDMNPOLY,EQ,398001,280473,70.47
20,2376,VARROC,EQ,126057,57942,45.96
20,2377,VASCONEQ,EQ,2659313,1143791,43.01
20,2378,VASWANI,EQ,2306280,705183,30.58
20,2379,VBL,EQ,1260817,790037,62.66
20,2380,VEDL,EQ,13093052,6571508,50.19
20,2381,VENKEYS,EQ,109335,58589,53.59
20,2382,VENUSPIPES,EQ,41702,20486,49.12
20,2383,VENUSREM,EQ,118565,53415,45.05
20,2384,VERITAAS,SM,4800,3600,75.00
20,2385,VERTEXPLUS,ST,1800,1200,66.67
20,2386,VERTOZ,EQ,2517296,2056473,81.69
20,2387,VESUVIUS,EQ,20766,11350,54.66
20,2388,VETO,EQ,1004463,426446,42.46
20,2389,VGUARD,EQ,507381,172858,34.07
20,2390,VHL,EQ,3262,1928,59.10
20,2391,VIAZ,SM,4000,4000,100.00
20,2392,VIDHIING,EQ,97759,52371,53.57
20,2393,VIJAYA,EQ,57993,25468,43.92
20,2394,VIKASECO,EQ,29558308,11966528,40.48
20,2395,VIKASLIFE,EQ,8357642,4854865,58.09
20,2396,VILAS,ST,32000,31000,96.88
20,2397,VILINBIO,SM,4000,4000,100.00
20,2398,VIMTALABS,EQ,41280,25491,61.75
20,2399,VINATIORGA,EQ,72481,44389,61.24
20,2400,VINDHYATEL,EQ,52997,31541,59.51
20,2401,VINEETLAB,EQ,128777,69129,53.68
20,2402,VINNY,EQ,402628,296465,73.63
20,2403,VINSYS,SM,17500,14500,82.86
20,2404,VINYAS,ST,27400,25200,91.97
20,2405,VINYLINDIA,EQ,27840,15067,54.12
20,2406,VIPIND,EQ,519498,361380,69.56
20,2407,VIPULLTD,EQ,1482576,1066475,71.93
20,2408,VIRINCHI,EQ,741786,184300,24.85
20,2409,VISAKAIND,EQ,249702,114543,45.87
20,2410,VISAMAN,SM,27000,15000,55.56
20,2411,VISHNU,EQ,105445,58826,55.79
20,2412,VISHNUINFR,SM,21500,18500,86.05
20,2413,VISHWARAJ,EQ,1281272,549824,42.91
20,2414,VISHWAS,SM,12800,8000,62.50
20,2415,VITAL,ST,60000,56400,94.00
20,2416,VIVIANA,ST,19000,18000,94.74
20,2417,VLEGOV,EQ,367916,220784,60.01
20,2418,VLINFRA,ST,699000,699000,100.00
20,2419,VLSFINANCE,EQ,56097,31676,56.47
20,2420,VMARCIND,SM,144000,117000,81.25
20,2421,VMART,EQ,8198,3927,47.90
20,2422,VOLTAMP,EQ,14969,5832,38.96
20,2423,VOLTAS,EQ,532217,229390,43.10
20,2424,VPRPL,EQ,2783321,1213727,43.61
20,2425,VR,SM,17600,16000,90.91
20,2426,VRAJ,EQ,202659,115761,57.12
20,2427,VRLLOG,EQ,39762,19472,48.97
20,2428,VSCL,SM,12000,12000,100.00
20,2429,VSSL,EQ,98736,54540,55.24
20,2430,VSTIND,EQ,40154,23315,58.06
20,2431,VSTTILLERS,EQ,2565,1028,40.08
20,2432,VTL,EQ,162973,80452,49.37
20,2433,WABAG,EQ,260155,102459,39.38
20,2434,WALCHANNAG,EQ,1145561,605646,52.87
20,2435,WALPAR,SM,16000,13000,81.25
20,2436,WANBURY,EQ,305015,187731,61.55
20,2437,WEALTH,EQ,116673,51389,44.05
20,2438,WEL,EQ,60621,24625,40.62
20,2439,WELCORP,EQ,838057,341726,40.78
20,2440,WELENT,EQ,365889,148590,40.61
20,2441,WELINV,EQ,868,328,37.79
20,2442,WELSPUNLIV,EQ,3012308,1166839,38.74
20,2443,WENDT,EQ,211,158,74.88
20,2444,WESTLIFE,EQ,99019,54345,54.88
20,2445,WHEELS,EQ,77073,28157,36.53
20,2446,WHIRLPOOL,EQ,1420318,1374091,96.75
20,2447,WILLAMAGOR,EQ,34365,12195,35.49
20,2448,WINDLAS,EQ,62267,32957,52.93
20,2449,WINDMACHIN,EQ,157888,89903,56.94
20,2450,WINNY,SM,6000,4000,66.67
20,2451,WINSOL,SM,67200,46400,69.05
20,2452,WIPL,EQ,7206,6182,85.79
20,2453,WIPRO,EQ,7826114,3783930,48.35
20,2454,WOMANCART,ST,16000,16000,100.00
20,2455,WONDERLA,EQ,131245,95790,72.99
20,2456,WORTH,EQ,70088,34506,49.23
20,2457,WSI,EQ,171552,88732,51.72
20,2458,WSTCSTPAPR,EQ,179049,81305,45.41
20,2459,WTICAB,SM,59000,40000,67.80
20,2460,XCHANGING,EQ,595956,227981,38.25
20,2461,XELPMOC,EQ,10380,5780,55.68
20,2462,XPROINDIA,EQ,35525,22604,63.63
20,2463,YAARI,EQ,1225016,901965,73.63
20,2464,YASHO,EQ,79619,38000,47.73
20,2465,YASHOPTICS,SM,16000,14400,90.00
20,2466,YATHARTH,EQ,76871,39074,50.83
20,2467,YATRA,EQ,190671,98358,51.59
20,2468,YCCL,SM,48000,30000,62.50
20,2469,YESBANK,EQ,210174985,85533828,40.70
20,2470,YUDIZ,ST,10400,9600,92.31
20,2471,YUKEN,EQ,33616,24568,73.08
20,2472,ZAGGLE,EQ,3190429,1126945,35.32
20,2473,ZEAL,SM,19800,14400,72.73
20,2474,ZEEL,EQ,13396158,3908915,29.18
20,2475,ZEEMEDIA,EQ,6542506,2082088,31.82
20,2476,ZENITHDRUG,SM,76800,64000,83.33
20,2477,ZENSARTECH,EQ,1352152,313154,23.16
20,2478,ZENTEC,EQ,687925,380194,55.27
20,2479,ZFCVINDIA,EQ,13368,5897,44.11
20,2480,ZIMLAB,EQ,94770,43296,45.69
20,2481,ZOMATO,EQ,389060620,109324671,28.10
20,2482,ZOTA,EQ,677300,213875,31.58
20,2483,ZTECH,SM,102000,56400,55.29
20,2484,ZUARI,EQ,358324,138310,38.60
20,2485,ZUARIIND,EQ,93772,49835,53.14
20,2486,ZYDUSLIFE,EQ,1110657,496892,44.74
20,2487,ZYDUSWELL,EQ,311907,194392,62.32
