Security Wise Delivery Position - Compulsory Rolling Settlement
10,MTO,10072024,1827778208,0002537
Trade Date <10-JUL-2024>,Settlement Type <N>
Record Type,Sr No,Name of Security,Quantity Traded,Deliverable Quantity(gross across client level),% of Deliverable Quantity to Traded Quantity
20,1,0IHFL26,YR,6,6,100.00
20,2,1003ICCL28,NX,10,10,100.00
20,3,1003IIFL29,NC,83,83,100.00
20,4,1003ISFL28,N4,93,93,100.00
20,5,1015ECL29,NR,328,312,95.12
20,6,1018GS2026,GS,1815,1815,100.00
20,7,1025IHF34,Z8,14,14,100.00
20,8,1049DLS25A,Y5,145,145,100.00
20,9,1050NFL26,N7,25,25,100.00
20,10,1050UCL25,N7,73,73,100.00
20,11,105IIFL29,N7,46,46,100.00
20,12,1060ECL29,NS,88,88,100.00
20,13,1075IHF34,ZR,10,10,100.00
20,14,10CAGL27,N5,6600,6600,100.00
20,15,10IIFL28,N4,57,57,100.00
20,16,10IIFL28A,NE,270,270,100.00
20,17,10IIFL29,N6,209,200,95.69
20,18,10NIDO26,N6,780,777,99.62
20,19,1119NFL27,ND,100,100,100.00
20,20,11DLSL25,NV,50,50,100.00
20,21,182D020125,TB,100,100,100.00
20,22,182D071124,TB,1600,1600,100.00
20,23,182D120924,TB,200,200,100.00
20,24,182D150824,TB,1600,1600,100.00
20,25,182D181024,TB,400,400,100.00
20,26,182D261224,TB,300,300,100.00
20,27,182D290824,TB,100,100,100.00
20,28,20MICRONS,EQ,420616,155681,37.01
20,29,360ONE,EQ,732777,504542,68.85
20,30,364D020125,TB,300,300,100.00
20,31,364D020525,TB,100,100,100.00
20,32,364D031024,TB,100,100,100.00
20,33,364D050625,TB,100,100,100.00
20,34,364D060325,TB,500,500,100.00
20,35,364D071124,TB,100,100,100.00
20,36,364D101024,TB,100,100,100.00
20,37,364D110425,TB,500,500,100.00
20,38,364D120625,TB,200,200,100.00
20,39,364D121224,TB,1800,1800,100.00
20,40,364D130225,TB,11600,11600,100.00
20,41,364D141124,TB,900,900,100.00
20,42,364D171024,TB,100,100,100.00
20,43,364D180425,TB,500,500,100.00
20,44,364D240425,TB,100,100,100.00
20,45,364D260625,TB,100,100,100.00
20,46,364D261224,TB,200,200,100.00
20,47,364D270325,TB,100,100,100.00
20,48,364D270924,TB,5000,5000,100.00
20,49,364D300125,TB,100,100,100.00
20,50,3IINFOLTD,EQ,1006877,385137,38.25
20,51,3MINDIA,EQ,6583,2270,34.48
20,52,3PLAND,EQ,14757,9458,64.09
20,53,522GS2025,GS,850,850,100.00
20,54,563GS2026,GS,703,703,100.00
20,55,574GS2026,GS,1000,1000,100.00
20,56,577GS2030,GS,500,500,100.00
20,57,579GS2030,GS,200,200,100.00
20,58,5PAISA,EQ,57135,29541,51.70
20,59,610GS2031,GS,990,990,100.00
20,60,63MOONS,EQ,90825,48619,53.53
20,61,653KA30,SG,11600,11600,100.00
20,62,654GS2032,GS,1001,501,50.05
20,63,667GS2035,GS,520,260,50.00
20,64,667GS2050,GS,540,540,100.00
20,65,676GS2061,GS,10,10,100.00
20,66,689GS2025,GS,21,21,100.00
20,67,68GS2060,GS,631,631,100.00
20,68,695GS2061,GS,2000,2000,100.00
20,69,695RJ31,SG,19100,19100,100.00
20,70,699GS2026,GS,200,200,100.00
20,71,699GS2051,GS,37004,36004,97.30
20,72,702GS2027,GS,400,200,50.00
20,73,702GS2031,GS,11321,11321,100.00
20,74,704GS2029,GS,1294,1294,100.00
20,75,706GS2028,GS,4245,4245,100.00
20,76,710GS2029,GS,87599,55500,63.36
20,77,714NHAI26,N7,45,45,100.00
20,78,717GS2030,GS,2518,2517,99.96
20,79,718GS2033,GS,5,5,100.00
20,80,718GS2037,GS,410,410,100.00
20,81,723GS2039,GS,700,700,100.00
20,82,725GS2063,GS,69959,69959,100.00
20,83,726GS2029,GS,272,272,100.00
20,84,726GS2032,GS,32334,30534,94.43
20,85,726GS2033,GS,31594,31594,100.00
20,86,729IRFC26,NN,1000,1000,100.00
20,87,729NHAI26,NC,1000,1000,100.00
20,88,732GS2030,GS,9150,9050,98.91
20,89,733GS2026,GS,350,350,100.00
20,90,734GS2064,GS,790,610,77.22
20,91,734IRFC28,N4,1008,1008,100.00
20,92,735NHAI31,N9,150,150,100.00
20,93,736GS2052,GS,201,201,100.00
20,94,736NTPC25D,NB,156,78,50.00
20,95,736PFCL28,N2,1000,1000,100.00
20,96,737GS2028,GS,200,200,100.00
20,97,738GS2027,GS,37468,36378,97.09
20,98,739NHAI26,N8,11,11,100.00
20,99,73GS2053,GS,3600,2800,77.78
20,100,741GS2036,GS,3350,3350,100.00
20,101,744AP33,SG,400,200,50.00
20,102,744TS39A,SG,100,100,100.00
20,103,746GS2073,GS,10000,10000,100.00
20,104,749MH30,SG,1000,1000,100.00
20,105,74GS2035,GS,50,50,100.00
20,106,74GS2062,GS,19605,12002,61.22
20,107,753IRFC30,NJ,1622,831,51.23
20,108,753NTPC30E,NC,307,157,51.14
20,109,754GS2036,GS,286850,286842,100.00
20,110,757GS2033,GS,1000,1000,100.00
20,111,758GJ32,SG,700,700,100.00
20,112,75GS2034,GS,1000,1000,100.00
20,113,760PFCL35,N3,50,50,100.00
20,114,762GJ29,SG,1000,1000,100.00
20,115,762GS2039,GS,1000,1000,100.00
20,116,764HUDCO31,N8,22,22,100.00
20,117,764IRFC31,NO,2,2,100.00
20,118,764NABAR31,N2,685,671,97.96
20,119,766GJ30A,SG,3000,3000,100.00
20,120,767KA36,SG,100,100,100.00
20,121,769HUDCO31,N9,1146,1126,98.25
20,122,769NHAI31,NE,1324,1280,96.68
20,123,76NHAI31,NA,2015,1837,91.17
20,124,771AP31,SG,1000,1000,100.00
20,125,772GS2025,GS,27,27,100.00
20,126,774AP38,SG,1000,1000,100.00
20,127,774IREDA31,N7,817,638,78.09
20,128,774RJ49,SG,100,100,100.00
20,129,777PN36,SG,1000,1000,100.00
20,130,77MH33A,SG,800,800,100.00
20,131,77TS38,SG,1000,1000,100.00
20,132,78ABFL33,N4,50,49,98.00
20,133,79NHIT35,N1,200,200,100.00
20,134,79NHIT40,N2,399,399,100.00
20,135,79NHIT47,N3,41,41,100.00
20,136,801TCH25,N4,949,939,98.95
20,137,805ABFL28,N2,250,250,100.00
20,138,810IRFC27,N2,1475,1275,86.44
20,139,812REC27,NI,2000,2000,100.00
20,140,81TCHF28,N8,300,300,100.00
20,141,820IIFL27,N9,235,235,100.00
20,142,824GS2027,GS,1909,1409,73.81
20,143,825IIFL25,N7,865,865,100.00
20,144,828GS2027,GS,500,500,100.00
20,145,82HUDCO27,N2,4115,2615,63.55
20,146,82IGT31,NJ,2305,2303,99.91
20,147,82IHFL24,NO,50,50,100.00
20,148,830NHAI27,N2,575,575,100.00
20,149,830PFCL27,N5,11,11,100.00
20,150,842IIFL26,NL,500,500,100.00
20,151,843IHFL29,NC,1147,1147,100.00
20,152,849NTPC25,N7,17412,17402,99.94
20,153,84TCHF28,NA,100,100,100.00
20,154,850IIFL27,NA,133,133,100.00
20,155,855IREDA29,N2,10,10,100.00
20,156,85CIFC27,NL,3,3,100.00
20,157,85IFL26,NX,80,80,100.00
20,158,85IIFL25,NO,73,73,100.00
20,159,85TCAPS24,N6,493,493,100.00
20,160,865IBHFL26,N8,15,15,100.00
20,161,865IFL28,NZ,512,512,100.00
20,162,865IIFL28,NS,330,330,100.00
20,163,865IRFC29,NA,1300,1000,76.92
20,164,865LTF26,NN,590,402,68.14
20,165,865TCAPS27,N8,693,620,89.47
20,166,86LTF24,NJ,57,57,100.00
20,167,871REC28,N9,457,457,100.00
20,168,872MMFSL26,N1,164,164,100.00
20,169,873NTPC28,N5,1001,1001,100.00
20,170,875NHAI29,N6,306,250,81.70
20,171,875PCHFL26,N8,2,1,50.00
20,172,876HUDCO28,ND,612,562,91.83
20,173,879NHPC28,N5,1010,1010,100.00
20,174,87IHFL24A,ZF,1,1,100.00
20,175,87LTF27,NH,30,30,100.00
20,176,880IREDA29,N5,30,30,100.00
20,177,880IREDA34,N6,25,25,100.00
20,178,883GS2041,GS,10,10,100.00
20,179,885MOFSL26,N0,268,268,100.00
20,180,885TCAPS29,NC,600,300,50.00
20,181,888ERFL28,N5,77,77,100.00
20,182,888IHFL25E,N4,4,4,100.00
20,183,888IRFC29,NE,129,129,100.00
20,184,888NHB29,N5,231,150,64.94
20,185,888REC29,NF,44,44,100.00
20,186,889IHFL27,YC,5,5,100.00
20,187,890ICCL23A,NZ,442,382,86.43
20,188,891IIFCL34,N4,16,16,100.00
20,189,891NTPC33,N6,500,500,100.00
20,190,892NHPC33,N6,5,5,100.00
20,191,892PFCL33,N8,799,799,100.00
20,192,893NHB29,N6,106,102,96.23
20,193,894IHFL25,Z3,1,1,100.00
20,194,897MOFSL29,N4,1600,1600,100.00
20,195,8ABFL26,N0,50,50,100.00
20,196,901HUDCO34,NE,24,24,100.00
20,197,901NHB34,N6,147,147,100.00
20,198,903SFL28,YI,10,10,100.00
20,199,915IHFL27,Z7,1,1,100.00
20,200,91D020824,TB,600,500,83.33
20,201,91D080824,TB,200,200,100.00
20,202,91D120924,TB,800,800,100.00
20,203,91D150824,TB,100,100,100.00
20,204,91D190924,TB,18000,18000,100.00
20,205,91D250724,TB,2000,1000,50.00
20,206,91D290824,TB,300,200,66.67
20,207,91MOFSL27,N2,20,20,100.00
20,208,920IIFLS26,N8,3161,3161,100.00
20,209,925ERFL28,N6,200,200,100.00
20,210,925IBHFL25,AC,10,10,100.00
20,211,92GS2030,GS,61,31,50.82
20,212,930SFL28,YP,25,25,100.00
20,213,931SFL26,Z5,500,500,100.00
20,214,935LTF29,N5,380,350,92.11
20,215,93IHFL24A,ZN,10,0,0.00
20,216,93MOFSL34,N6,400,400,100.00
20,217,943ECL28,NJ,400,400,100.00
20,218,945IFSL25,N4,32,32,100.00
20,219,94NFL24,N3,65,65,100.00
20,220,94SFL28,YL,144,144,100.00
20,221,957NIDO26,N5,448,448,100.00
20,222,960CAGL25,N3,213,213,100.00
20,223,960ISFL25,N1,10,10,100.00
20,224,965IHFL25C,N0,100,100,100.00
20,225,965IHFL25D,N7,50,50,100.00
20,226,965IHFL26A,ZB,20,20,100.00
20,227,96IIFL28,N5,953,906,95.07
20,228,96IIFL28A,NF,2159,1558,72.16
20,229,970CAGL28,ND,111,111,100.00
20,230,975NFL25,N0,5,5,100.00
20,231,97SFL28,YS,310,310,100.00
20,232,97SFL29,YZ,257,201,78.21
20,233,985ECL28,NK,437,370,84.67
20,234,99IFCI24,NH,35,35,100.00
20,235,99IHFL27,ZH,10,10,100.00
20,236,9IBHFL26BA,NA,39,39,100.00
20,237,9IIFL28,Y0,103,103,100.00
20,238,9MMFSML,N2,95,60,63.16
20,239,9PCHFL31A,NA,29,29,100.00
20,240,9PEL25,N0,20,20,100.00
20,241,AADHARHFC,EQ,739036,400122,54.14
20,242,AARON,EQ,6015,3046,50.64
20,243,AARTIDRUGS,EQ,199806,87897,43.99
20,244,AARTIIND,EQ,733573,208888,28.48
20,245,AARTIPHARM,EQ,460947,132639,28.78
20,246,AARTISURF,EQ,78969,29763,37.69
20,247,AARTISURF,P1,12,12,100.00
20,248,AARVEEDEN,EQ,72465,44686,61.67
20,249,AARVI,EQ,27509,21052,76.53
20,250,AATMAJ,SM,12000,8000,66.67
20,251,AAVAS,EQ,245966,153405,62.37
20,252,ABB,EQ,178905,67401,37.67
20,253,ABBOTINDIA,EQ,6942,2355,33.92
20,254,ABCAPITAL,EQ,3143745,1062436,33.80
20,255,ABCOTS,SM,500,500,100.00
20,256,ABDL,EQ,2894014,1568743,54.21
20,257,ABFL26,N1,1,1,100.00
20,258,ABFRL,EQ,4210317,1681353,39.93
20,259,ABGSEC,EQ,95,85,89.47
20,260,ABINFRA,SM,14000,14000,100.00
20,261,ABSLAMC,EQ,429304,215348,50.16
20,262,ABSLBANETF,EQ,28342,26511,93.54
20,263,ABSLLIQUID,EQ,4623,3076,66.54
20,264,ABSLNN50ET,EQ,95454,89603,93.87
20,265,ABSLPSE,EQ,1677659,1274751,75.98
20,266,ABSMARINE,SM,499000,231000,46.29
20,267,ACC,EQ,348232,94961,27.27
20,268,ACCELYA,EQ,17412,8614,49.47
20,269,ACCENTMIC,SM,66000,45000,68.18
20,270,ACCORD,SM,28000,28000,100.00
20,271,ACE,EQ,369332,193617,52.42
20,272,ACEINTEG,EQ,4996,3609,72.24
20,273,ACI,EQ,709568,334597,47.16
20,274,ACL,EQ,41089,27212,66.23
20,275,ACLGATI,EQ,1659161,979719,59.05
20,276,ACSAL,SM,45000,30000,66.67
20,277,ADANIENSOL,EQ,640805,256523,40.03
20,278,ADANIENT,EQ,586710,161531,27.53
20,279,ADANIGREEN,EQ,438959,248218,56.55
20,280,ADANIPORTS,EQ,2082079,537467,25.81
20,281,ADANIPOWER,EQ,7194197,3712094,51.60
20,282,ADFFOODS,EQ,218863,124685,56.97
20,283,ADL,EQ,2390,1422,59.50
20,284,ADORWELD,EQ,65353,26326,40.28
20,285,ADROITINFO,EQ,13961,10241,73.35
20,286,ADSL,EQ,775484,379883,48.99
20,287,ADVANIHOTR,EQ,95236,49561,52.04
20,288,ADVENZYMES,EQ,168428,79175,47.01
20,289,AEGISLOG,EQ,520735,121317,23.30
20,290,AEROFLEX,EQ,766019,390771,51.01
20,291,AETHER,EQ,71543,43588,60.93
20,292,AFFLE,EQ,828300,322357,38.92
20,293,AFIL,EQ,513114,279820,54.53
20,294,AGARIND,EQ,55377,18592,33.57
20,295,AGARWALFT,ST,60000,60000,100.00
20,296,AGI,EQ,171812,90276,52.54
20,297,AGNI,SM,55000,30000,54.55
20,298,AGRITECH,EQ,21251,11317,53.25
20,299,AGROPHOS,EQ,238788,105175,44.05
20,300,AGSTRA,EQ,501936,283006,56.38
20,301,AGUL,SM,4000,4000,100.00
20,302,AHL,EQ,260504,79659,30.58
20,303,AHLEAST,EQ,11130,6838,61.44
20,304,AHLUCONT,EQ,87888,29626,33.71
20,305,AIAENG,EQ,59452,30202,50.80
20,306,AIIL,EQ,25991,9562,36.79
20,307,AILIMITED,ST,18000,18000,100.00
20,308,AIMTRON,SM,273600,137600,50.29
20,309,AIRAN,EQ,779639,288540,37.01
20,310,AIROLAM,EQ,2316,1230,53.11
20,311,AIRTELPP,E1,273565,221726,81.05
20,312,AISL,ST,20400,20400,100.00
20,313,AJANTPHARM,EQ,449201,362706,80.74
20,314,AJMERA,EQ,101991,48354,47.41
20,315,AJOONI,EQ,5201414,3126611,60.11
20,316,AKANKSHA,SM,136000,58000,42.65
20,317,AKASH,EQ,45800,24759,54.06
20,318,AKG,EQ,27103,19683,72.62
20,319,AKI,EQ,28197,14817,52.55
20,320,AKIKO,ST,46400,44800,96.55
20,321,AKSHAR,EQ,1189136,857036,72.07
20,322,AKSHARCHEM,EQ,15633,7963,50.94
20,323,AKSHOPTFBR,EQ,1355795,721135,53.19
20,324,AKZOINDIA,EQ,29755,10309,34.65
20,325,ALANKIT,EQ,2338698,999556,42.74
20,326,ALBERTDAVD,EQ,8809,5368,60.94
20,327,ALEMBICLTD,EQ,7760032,2654631,34.21
20,328,ALICON,EQ,27614,12563,45.50
20,329,ALKALI,EQ,58151,35967,61.85
20,330,ALKEM,EQ,303393,196219,64.67
20,331,ALKYLAMINE,EQ,36119,17367,48.08
20,332,ALLCARGO,EQ,2216375,1002741,45.24
20,333,ALLETEC,SM,26400,18400,69.70
20,334,ALLSEC,EQ,31010,14089,45.43
20,335,ALMONDZ,EQ,546662,281990,51.58
20,336,ALOKINDS,EQ,8147779,3422221,42.00
20,337,ALPA,EQ,93873,53611,57.11
20,338,ALPEXSOLAR,SM,287600,144400,50.21
20,339,ALPHA,EQ,1752586,1220989,69.67
20,340,ALPHAETF,EQ,490834,417495,85.06
20,341,ALPHAGEO,EQ,125776,54916,43.66
20,342,ALPL30IETF,EQ,1378550,1197151,86.84
20,343,ALUWIND,SM,36000,27000,75.00
20,344,AMBANIORG,SM,3000,3000,100.00
20,345,AMBER,EQ,143025,69187,48.37
20,346,AMBICAAGAR,EQ,6236,2341,37.54
20,347,AMBIKCO,EQ,20826,9847,47.28
20,348,AMBUJACEM,EQ,7590766,5313484,70.00
20,349,AMDIND,EQ,63273,39931,63.11
20,350,AMEYA,SM,106000,74000,69.81
20,351,AMIORG,EQ,241151,98644,40.91
20,352,AMJLAND,EQ,193528,101244,52.31
20,353,AMNPLST,EQ,58976,33086,56.10
20,354,AMRUTANJAN,EQ,42550,22258,52.31
20,355,ANANDRATHI,EQ,41798,25032,59.89
20,356,ANANTRAJ,EQ,2216893,1248361,56.31
20,357,ANDHRAPAP,EQ,159151,94096,59.12
20,358,ANDHRSUGAR,EQ,1083427,409105,37.76
20,359,ANGELONE,EQ,1069757,420038,39.26
20,360,ANIKINDS,EQ,169219,74854,44.23
20,361,ANLON,SM,26400,20000,75.76
20,362,ANNAPURNA,SM,27500,17500,63.64
20,363,ANTGRAPHIC,EQ,2875861,2058996,71.60
20,364,ANUP,EQ,30746,13363,43.46
20,365,ANURAS,EQ,80085,42714,53.34
20,366,APARINDS,EQ,48177,20459,42.47
20,367,APCL,EQ,26562,17314,65.18
20,368,APCOTEXIND,EQ,26621,10753,40.39
20,369,APEX,EQ,90503,37432,41.36
20,370,APLAPOLLO,EQ,590609,344263,58.29
20,371,APLLTD,EQ,212413,68677,32.33
20,372,APOLLO,EQ,1268585,755161,59.53
20,373,APOLLOHOSP,EQ,295890,113553,38.38
20,374,APOLLOPIPE,EQ,61706,32007,51.87
20,375,APOLLOTYRE,EQ,3199536,1106760,34.59
20,376,APOLSINHOT,EQ,1878,1288,68.58
20,377,APS,SM,296500,105500,35.58
20,378,APTECHT,EQ,221924,105621,47.59
20,379,APTUS,EQ,442776,275787,62.29
20,380,ARABIAN,SM,24000,18000,75.00
20,381,ARCHIES,EQ,40134,21692,54.05
20,382,ARE&M,EQ,1299890,600639,46.21
20,383,ARENTERP,EQ,5649,3116,55.16
20,384,ARHAM,ST,22000,18000,81.82
20,385,ARIES,EQ,270746,97274,35.93
20,386,ARIHANTACA,SM,19200,19200,100.00
20,387,ARIHANTCAP,EQ,786200,412066,52.41
20,388,ARIHANTSUP,EQ,74718,36053,48.25
20,389,ARISTO,SM,33600,19200,57.14
20,390,ARMANFIN,EQ,28012,19526,69.71
20,391,AROGRANITE,EQ,112481,76986,68.44
20,392,ARROWGREEN,EQ,79123,27651,34.95
20,393,ARTEMISMED,EQ,131929,78923,59.82
20,394,ARTNIRMAN,EQ,11512,4977,43.23
20,395,ARVIND,EQ,563065,214447,38.09
20,396,ARVINDFASN,EQ,427745,194773,45.53
20,397,ARVSMART,EQ,53539,22718,42.43
20,398,ASAHIINDIA,EQ,108221,54859,50.69
20,399,ASAHISONG,EQ,54147,18332,33.86
20,400,ASAL,EQ,67704,25791,38.09
20,401,ASALCBR,EQ,129770,44388,34.21
20,402,ASHAPURMIN,EQ,455028,288628,63.43
20,403,ASHIANA,EQ,102700,39258,38.23
20,404,ASHIMASYN,EQ,1377937,768173,55.75
20,405,ASHOKA,EQ,2050819,772436,37.66
20,406,ASHOKAMET,EQ,68382,45008,65.82
20,407,ASHOKLEY,EQ,10970675,5283315,48.16
20,408,ASIANENE,EQ,167957,80577,47.97
20,409,ASIANPAINT,EQ,2299950,917674,39.90
20,410,ASIANTILES,EQ,2658391,1121666,42.19
20,411,ASKAUTOLTD,EQ,397508,220323,55.43
20,412,ASMS,EQ,327665,307979,93.99
20,413,ASPINWALL,EQ,10626,6591,62.03
20,414,ASPIRE,SM,152000,114000,75.00
20,415,ASTEC,EQ,87333,38612,44.21
20,416,ASTERDM,EQ,961252,615120,63.99
20,417,ASTRAL,EQ,305366,120317,39.40
20,418,ASTRAMICRO,EQ,548660,289245,52.72
20,419,ASTRAZEN,EQ,8982,2918,32.49
20,420,ATFL,EQ,103421,59152,57.20
20,421,ATGL,EQ,729459,207633,28.46
20,422,ATL,EQ,421308,203712,48.35
20,423,ATMASTCO,SM,211200,103200,48.86
20,424,ATUL,EQ,39016,15813,40.53
20,425,ATULAUTO,EQ,239611,105394,43.99
20,426,AUBANK,EQ,6039883,3614961,59.85
20,427,AURDIS,SM,9500,7500,78.95
20,428,AURIONPRO,EQ,80254,51280,63.90
20,429,AUROIMPEX,SM,36800,25600,69.57
20,430,AUROPHARMA,EQ,1296174,663506,51.19
20,431,AURUM,EQ,102259,46512,45.48
20,432,AURUMPP1,E1,2664,2500,93.84
20,433,AUTOAXLES,EQ,30360,17342,57.12
20,434,AUTOBEES,EQ,496607,346718,69.82
20,435,AUTOIETF,EQ,1571161,1146909,73.00
20,436,AUTOIND,EQ,449092,278316,61.97
20,437,AVADHSUGAR,EQ,113274,46237,40.82
20,438,AVALON,EQ,239663,97125,40.53
20,439,AVANTIFEED,EQ,442426,157528,35.61
20,440,AVG,EQ,44565,24036,53.93
20,441,AVPINFRA,SM,243200,176000,72.37
20,442,AVROIND,EQ,18662,15189,81.39
20,443,AVTNPL,EQ,1677501,632583,37.71
20,444,AWFIS,EQ,668627,243520,36.42
20,445,AWHCL,EQ,401633,130787,32.56
20,446,AWL,EQ,992976,493507,49.70
20,447,AXISBANK,EQ,9020489,4807924,53.30
20,448,AXISBNKETF,EQ,4164,3519,84.51
20,449,AXISBPSETF,EQ,162169,126709,78.13
20,450,AXISCADES,EQ,300111,129317,43.09
20,451,AXISCETF,EQ,37396,30642,81.94
20,452,AXISGOLD,EQ,129645,106203,81.92
20,453,AXISHCETF,EQ,20166,18367,91.08
20,454,AXISILVER,EQ,15585,9402,60.33
20,455,AXISNIFTY,EQ,14878,8864,59.58
20,456,AXISTECETF,EQ,2128,1763,82.85
20,457,AXITA,EQ,641197,296144,46.19
20,458,AXSENSEX,EQ,2338,2115,90.46
20,459,AYMSYNTEX,EQ,146737,86388,58.87
20,460,AZAD,EQ,90396,47914,53.00
20,461,BABAFP,SM,40000,25600,64.00
20,462,BAHETI,SM,5250,5250,100.00
20,463,BAIDFIN,EQ,3223737,1976629,61.31
20,464,BAJAJ-AUTO,EQ,239607,102109,42.62
20,465,BAJAJCON,EQ,700592,383097,54.68
20,466,BAJAJELEC,EQ,52048,29419,56.52
20,467,BAJAJFINSV,EQ,1355610,862609,63.63
20,468,BAJAJHCARE,EQ,1274797,428262,33.59
20,469,BAJAJHIND,EQ,23906592,7824773,32.73
20,470,BAJAJHLDNG,EQ,46700,21300,45.61
20,471,BAJEL,EQ,1004853,237430,23.63
20,472,BAJFINANCE,EQ,809714,465004,57.43
20,473,BALAJITELE,EQ,949074,404970,42.67
20,474,BALAMINES,EQ,47473,22889,48.21
20,475,BALAXI,EQ,24754,16240,65.61
20,476,BALKRISHNA,EQ,83350,24453,29.34
20,477,BALKRISIND,EQ,156173,72667,46.53
20,478,BALMLAWRIE,EQ,781105,291088,37.27
20,479,BALPHARMA,EQ,37336,21877,58.59
20,480,BALRAMCHIN,EQ,2652951,1157286,43.62
20,481,BALUFORGE,EQ,636036,281315,44.23
20,482,BANARBEADS,EQ,71054,38277,53.87
20,483,BANARISUG,EQ,3339,1098,32.88
20,484,BANCOINDIA,EQ,156293,70831,45.32
20,485,BANDHANBNK,EQ,24679628,10680692,43.28
20,486,BANG,EQ,8364,6554,78.36
20,487,BANKBARODA,EQ,18117284,6923903,38.22
20,488,BANKBEES,EQ,587255,404383,68.86
20,489,BANKBETF,EQ,17272,15495,89.71
20,490,BANKETF,EQ,2135,1778,83.28
20,491,BANKETFADD,EQ,36473,32621,89.44
20,492,BANKIETF,EQ,421102,339678,80.66
20,493,BANKINDIA,EQ,12071610,5265421,43.62
20,494,BANKNIFTY1,EQ,51695,41936,81.12
20,495,BANSALWIRE,EQ,27300404,13945438,51.08
20,496,BANSWRAS,EQ,83520,42763,51.20
20,497,BARBEQUE,EQ,52103,29017,55.69
20,498,BASF,EQ,80435,37489,46.61
20,499,BASILIC,SM,221700,130200,58.73
20,500,BASML,EQ,337154,174686,51.81
20,501,BATAINDIA,EQ,904727,427097,47.21
20,502,BAWEJA,SM,12000,8000,66.67
20,503,BAYERCROP,EQ,22871,16028,70.08
20,504,BBETF0432,EQ,307,299,97.39
20,505,BBL,EQ,36826,23305,63.28
20,506,BBNPNBETF,EQ,3344,2392,71.53
20,507,BBNPPGOLD,EQ,401,389,97.01
20,508,BBOX,EQ,1252053,505050,40.34
20,509,BBTC,EQ,719123,118361,16.46
20,510,BBTCL,EQ,5283,3394,64.24
20,511,BCLIND,EQ,686520,372982,54.33
20,512,BCONCEPTS,EQ,23232,11133,47.92
20,513,BDL,EQ,2960122,1214175,41.02
20,514,BEACON,SM,224000,152000,67.86
20,515,BEARDSELL,EQ,99287,63904,64.36
20,516,BECTORFOOD,EQ,79065,46597,58.94
20,517,BEDMUTHA,EQ,25538,9607,37.62
20,518,BEL,EQ,46779965,17283435,36.95
20,519,BEML,EQ,826656,172487,20.87
20,520,BEPL,EQ,2469907,1069271,43.29
20,521,BERGEPAINT,EQ,4436823,1966194,44.32
20,522,BESTAGRO,EQ,49075,26718,54.44
20,523,BETA,SM,4200,3300,78.57
20,524,BEWLTD,SM,4375,3625,82.86
20,525,BFINVEST,EQ,49637,22204,44.73
20,526,BFSI,EQ,420645,336064,79.89
20,527,BFUTILITIE,EQ,193834,56890,29.35
20,528,BHAGCHEM,EQ,249990,140667,56.27
20,529,BHAGERIA,EQ,86908,49102,56.50
20,530,BHAGYANGR,EQ,214680,103999,48.44
20,531,BHANDARI,EQ,889993,427078,47.99
20,532,BHARATFORG,EQ,936230,443341,47.35
20,533,BHARATGEAR,EQ,30732,16465,53.58
20,534,BHARATRAS,EQ,7629,3647,47.80
20,535,BHARATWIRE,EQ,203110,115477,56.85
20,536,BHARTIARTL,EQ,3416762,1891028,55.35
20,537,BHARTIHEXA,EQ,738766,455063,61.60
20,538,BHEL,EQ,25392018,5904738,23.25
20,539,BHINVIT,IV,303533,292295,96.30
20,540,BIGBLOC,EQ,285411,108762,38.11
20,541,BIKAJI,EQ,282560,135358,47.90
20,542,BIOCON,EQ,4383222,2043046,46.61
20,543,BIOFILCHEM,EQ,84799,59897,70.63
20,544,BIRDYS,SM,7200,7200,100.00
20,545,BIRET,RR,144813,130246,89.94
20,546,BIRLACABLE,EQ,113930,42103,36.96
20,547,BIRLACORPN,EQ,128409,70254,54.71
20,548,BIRLAMONEY,EQ,341622,140249,41.05
20,549,BLAL,EQ,491864,200674,40.80
20,550,BLISSGVS,EQ,367306,158382,43.12
20,551,BLKASHYAP,EQ,3665735,1728108,47.14
20,552,BLS,EQ,11054367,3285791,29.72
20,553,BLSE,EQ,405482,165611,40.84
20,554,BLUEDART,EQ,9124,4216,46.21
20,555,BLUEJET,EQ,262855,116860,44.46
20,556,BLUEPEBBLE,SM,10400,7200,69.23
20,557,BLUESTARCO,EQ,1118108,339288,30.34
20,558,BMETRICS,SM,14400,10400,72.22
20,559,BODALCHEM,EQ,709818,303386,42.74
20,560,BOMDYEING,EQ,5967072,1647287,27.61
20,561,BOROLTD,EQ,374345,180282,48.16
20,562,BORORENEW,EQ,538145,230736,42.88
20,563,BOROSCI,EQ,207983,109470,52.63
20,564,BOSCHLTD,EQ,30144,14207,47.13
20,565,BPCL,EQ,12134270,5695502,46.94
20,566,BPL,EQ,340685,112293,32.96
20,567,BRIGADE,EQ,386313,103465,26.78
20,568,BRIGHT,SZ,162000,123000,75.93
20,569,BRITANNIA,EQ,526095,197277,37.50
20,570,BSE,EQ,2301227,1726918,75.04
20,571,BSE500IETF,EQ,288352,216559,75.10
20,572,BSHSL,EQ,27605,15041,54.49
20,573,BSL,EQ,10948,4894,44.70
20,574,BSLGOLDETF,EQ,25902,20515,79.20
20,575,BSLNIFTY,EQ,284350,195306,68.69
20,576,BSLSENETFG,EQ,1679,1298,77.31
20,577,BSOFT,EQ,2617578,1313783,50.19
20,578,BUTTERFLY,EQ,13754,7586,55.15
20,579,BVCL,EQ,34789,10309,29.63
20,580,CADSYS,ST,19500,18500,94.87
20,581,CAGL24,N2,83,83,100.00
20,582,CAGL25,N8,30,30,100.00
20,583,CAMLINFINE,EQ,452007,224453,49.66
20,584,CAMPUS,EQ,1148993,527512,45.91
20,585,CAMS,EQ,2013637,374456,18.60
20,586,CANARYS,SM,340000,200000,58.82
20,587,CANBK,EQ,22991042,9928515,43.18
20,588,CANFINHOME,EQ,443690,113433,25.57
20,589,CANTABIL,EQ,556798,384607,69.07
20,590,CAPACITE,EQ,818481,389056,47.53
20,591,CAPITALSFB,EQ,64654,39751,61.48
20,592,CAPLIPOINT,EQ,485012,178125,36.73
20,593,CAPTRUST,EQ,48814,15722,32.21
20,594,CARBORUNIV,EQ,96999,53700,55.36
20,595,CAREERP,EQ,31525,13564,43.03
20,596,CARERATING,EQ,61168,36807,60.17
20,597,CARTRADE,EQ,151034,70081,46.40
20,598,CARYSIL,EQ,134990,86497,64.08
20,599,CASTROLIND,EQ,12478875,3070737,24.61
20,600,CBAZAAR,SM,56000,40000,71.43
20,601,CCL,EQ,493313,142971,28.98
20,602,CDSL,EQ,875650,342591,39.12
20,603,CEATLTD,EQ,194903,96386,49.45
20,604,CELEBRITY,EQ,145015,98456,67.89
20,605,CELLECOR,SM,154200,91800,59.53
20,606,CELLO,EQ,161541,93642,57.97
20,607,CELLPOINT,SM,19200,10800,56.25
20,608,CENTENKA,EQ,52572,24189,46.01
20,609,CENTEXT,EQ,581938,345707,59.41
20,610,CENTRALBK,EQ,9777451,3265453,33.40
20,611,CENTRUM,EQ,856940,419202,48.92
20,612,CENTUM,EQ,33436,18707,55.95
20,613,CENTURYPLY,EQ,73970,27886,37.70
20,614,CENTURYTEX,EQ,585765,262049,44.74
20,615,CERA,EQ,51854,37317,71.97
20,616,CESC,EQ,18221608,6140783,33.70
20,617,CGCL,EQ,1058768,446729,42.19
20,618,CGPOWER,EQ,3242224,1587950,48.98
20,619,CGRAPHICS,SM,78400,49600,63.27
20,620,CHALET,EQ,47928,21744,45.37
20,621,CHAMBLFERT,EQ,6395142,1595544,24.95
20,622,CHAVDA,SM,139000,86000,61.87
20,623,CHEMBOND,EQ,17611,10518,59.72
20,624,CHEMCON,EQ,39449,19017,48.21
20,625,CHEMFAB,EQ,21197,12296,58.01
20,626,CHEMPLASTS,EQ,125106,47110,37.66
20,627,CHENNPETRO,EQ,1357515,449968,33.15
20,628,CHEVIOT,EQ,4819,2544,52.79
20,629,CHOICEIN,EQ,433478,94934,21.90
20,630,CHOLAFIN,EQ,912911,567851,62.20
20,631,CHOLAHLDNG,EQ,1283552,287561,22.40
20,632,CIEINDIA,EQ,338945,187311,55.26
20,633,CIGNITITEC,EQ,218888,149952,68.51
20,634,CINELINE,EQ,116834,63596,54.43
20,635,CIPLA,EQ,671042,324012,48.28
20,636,CLEAN,EQ,111929,54135,48.37
20,637,CLEDUCATE,EQ,156007,85681,54.92
20,638,CLOUD,SM,71000,71000,100.00
20,639,CLSEL,EQ,369563,113574,30.73
20,640,CLSL,SM,12000,10000,83.33
20,641,CMMIPL,ST,180000,180000,100.00
20,642,CMNL,SM,34500,28500,82.61
20,643,CMRSL,SM,800,800,100.00
20,644,CMSINFO,EQ,1260833,849060,67.34
20,645,COALINDIA,EQ,5981477,2738287,45.78
20,646,COASTCORP,EQ,64810,32914,50.79
20,647,COCHINSHIP,EQ,2789930,869109,31.15
20,648,COFFEEDAY,EQ,2172560,620838,28.58
20,649,COFORGE,EQ,203051,89393,44.02
20,650,COLPAL,EQ,596178,311701,52.28
20,651,COMMITTED,SM,20800,14400,69.23
20,652,COMMOIETF,EQ,78673,49968,63.51
20,653,COMPUSOFT,EQ,101163,48509,47.95
20,654,COMSYN,EQ,58111,21342,36.73
20,655,CONCOR,EQ,2061836,1042669,50.57
20,656,CONCORDBIO,EQ,142564,50671,35.54
20,657,CONFIPET,EQ,807437,398810,49.39
20,658,CONS,EQ,1769,1264,71.45
20,659,CONSOFINVT,EQ,24344,14839,60.96
20,660,CONSUMBEES,EQ,186714,132160,70.78
20,661,CONSUMIETF,EQ,15114,10551,69.81
20,662,CONTI,SM,19998,19998,100.00
20,663,CONTROLPR,EQ,21175,11707,55.29
20,664,CORALFINAC,EQ,190537,101677,53.36
20,665,COROMANDEL,EQ,380664,107003,28.11
20,666,COSMOFIRST,EQ,84777,54253,63.99
20,667,COUNCODOS,EQ,258472,150311,58.15
20,668,CPSEETF,EQ,4832844,1677584,34.71
20,669,CRAFTSMAN,EQ,41381,18270,44.15
20,670,CRAYONS,SM,40000,31000,77.50
20,671,CREATIVE,EQ,62745,31063,49.51
20,672,CREDITACC,EQ,679955,426416,62.71
20,673,CREST,EQ,22759,9653,42.41
20,674,CRISIL,EQ,22681,10518,46.37
20,675,CROMPTON,EQ,1758195,571945,32.53
20,676,CSBBANK,EQ,350782,197165,56.21
20,677,CSLFINANCE,EQ,26207,11111,42.40
20,678,CTE,EQ,83353,46000,55.19
20,679,CUB,EQ,3375868,930851,27.57
20,680,CUMMINSIND,EQ,333049,143615,43.12
20,681,CYBERTECH,EQ,108328,49286,45.50
20,682,CYIENT,EQ,269022,148968,55.37
20,683,CYIENTDLM,EQ,847696,495625,58.47
20,684,DABUR,EQ,2882570,1450744,50.33
20,685,DALBHARAT,EQ,477669,273169,57.19
20,686,DALMIASUG,EQ,112399,46575,41.44
20,687,DAMODARIND,EQ,30833,22443,72.79
20,688,DANGEE,EQ,162653,113539,69.80
20,689,DATAMATICS,EQ,162701,69489,42.71
20,690,DATAPATTNS,EQ,526191,140418,26.69
20,691,DAVANGERE,EQ,10268037,5038323,49.07
20,692,DBCORP,EQ,545415,321802,59.00
20,693,DBL,EQ,537912,195767,36.39
20,694,DBOL,EQ,179769,80429,44.74
20,695,DBREALTY,EQ,6776868,3024453,44.63
20,696,DBSTOCKBRO,EQ,18000,11937,66.32
20,697,DCAL,EQ,358744,171372,47.77
20,698,DCBBANK,EQ,1433497,706660,49.30
20,699,DCG,SM,319200,178800,56.02
20,700,DCM,EQ,191368,101902,53.25
20,701,DCMNVL,EQ,106476,50878,47.78
20,702,DCMSHRIRAM,EQ,71323,35226,49.39
20,703,DCMSRIND,EQ,291539,156086,53.54
20,704,DCW,EQ,1816921,730262,40.19
20,705,DCXINDIA,EQ,1632147,660792,40.49
20,706,DECCANCE,EQ,17549,8816,50.24
20,707,DEEDEV,EQ,1052734,277219,26.33
20,708,DEEM,SM,23000,14000,60.87
20,709,DEEPAKFERT,EQ,2031462,649665,31.98
20,710,DEEPAKNTR,EQ,655708,251675,38.38
20,711,DEEPENR,EQ,63546,36712,57.77
20,712,DEEPINDS,EQ,357680,182874,51.13
20,713,DELAPLEX,SM,26400,20400,77.27
20,714,DELHIVERY,EQ,5241819,2766698,52.78
20,715,DELTACORP,EQ,23754480,5471746,23.03
20,716,DELTAMAGNT,EQ,11376,7493,65.87
20,717,DEN,EQ,1704404,792983,46.53
20,718,DENEERS,SM,19800,11400,57.58
20,719,DENORA,EQ,26936,13999,51.97
20,720,DENTALKART,SM,30250,22250,73.55
20,721,DESTINY,ST,78000,78000,100.00
20,722,DEVIT,EQ,36926,21393,57.93
20,723,DEVYANI,EQ,922503,534326,57.92
20,724,DHAMPURSUG,EQ,829807,355092,42.79
20,725,DHANBANK,EQ,914638,581440,63.57
20,726,DHANI,EQ,5382219,1776181,33.00
20,727,DHANUKA,EQ,41559,14495,34.88
20,728,DHARMAJ,EQ,563323,281968,50.05
20,729,DHTL,SM,20000,13600,68.00
20,730,DHUNINV,EQ,2587,1407,54.39
20,731,DIAMINESQ,EQ,81388,50588,62.16
20,732,DIAMONDYD,EQ,22835,13685,59.93
20,733,DICIND,EQ,6713,2966,44.18
20,734,DIGIKORE,SM,17200,13000,75.58
20,735,DIGISPICE,EQ,742391,376571,50.72
20,736,DIL,EQ,617439,387630,62.78
20,737,DISHTV,EQ,13200939,3678562,27.87
20,738,DIVGIITTS,EQ,29391,14417,49.05
20,739,DIVISLAB,EQ,550188,285193,51.84
20,740,DIVOPPBEES,EQ,65531,49975,76.26
20,741,DIXON,EQ,315396,146874,46.57
20,742,DKEGL,SM,9000,7500,83.33
20,743,DLF,EQ,4948598,2137838,43.20
20,744,DLINKINDIA,EQ,8488736,760046,8.95
20,745,DMART,EQ,284146,115111,40.51
20,746,DMCC,EQ,17457,9081,52.02
20,747,DNAMEDIA,EQ,247711,122401,49.41
20,748,DODLA,EQ,127860,62888,49.19
20,749,DOLATALGO,EQ,844478,461538,54.65
20,750,DOLLAR,EQ,160836,86368,53.70
20,751,DOLLEX,SM,96000,76000,79.17
20,752,DOMS,EQ,93057,46171,49.62
20,753,DONEAR,EQ,180077,79620,44.21
20,754,DPABHUSHAN,EQ,15906,7976,50.14
20,755,DPEL,ST,1119000,1056000,94.37
20,756,DPSCLTD,EQ,1975531,809544,40.98
20,757,DPWIRES,EQ,38476,16798,43.66
20,758,DREAMFOLKS,EQ,124496,62742,50.40
20,759,DREDGECORP,EQ,136227,66998,49.18
20,760,DRONE,SM,271000,172000,63.47
20,761,DRREDDY,EQ,257510,139303,54.10
20,762,DSSL,EQ,57480,29277,50.93
20,763,DTIL,EQ,47707,29312,61.44
20,764,DTL,ST,7200,7200,100.00
20,765,DUCOL,SM,19200,12000,62.50
20,766,DUGLOBAL,SM,250000,45000,18.00
20,767,DURLAX,SM,998000,496000,49.70
20,768,DVL,EQ,53834,24639,45.77
20,769,DWARKESH,EQ,1312471,525995,40.08
20,770,DYCL,EQ,49501,24001,48.49
20,771,DYNAMATECH,EQ,5745,2684,46.72
20,772,DYNAMIC,SM,699000,434000,62.09
20,773,DYNPRO,EQ,78717,38565,48.99
20,774,EASEMYTRIP,EQ,5563203,2633480,47.34
20,775,EBBETF0425,EQ,1776,1720,96.85
20,776,EBBETF0430,EQ,9883,9346,94.57
20,777,EBBETF0431,EQ,6693,6149,91.87
20,778,EBBETF0433,EQ,2052,1636,79.73
20,779,ECLERX,EQ,61745,32243,52.22
20,780,EDELWEISS,EQ,10972210,4532869,41.31
20,781,EFACTOR,SM,24000,22400,93.33
20,782,EFORCE,SM,45600,28800,63.16
20,783,EGOLD,EQ,54069,53747,99.40
20,784,EICHERMOT,EQ,832007,388773,46.73
20,785,EIDPARRY,EQ,538085,257092,47.78
20,786,EIFFL,EQ,24294,16404,67.52
20,787,EIHAHOTELS,EQ,27240,15245,55.97
20,788,EIHOTEL,EQ,412680,232106,56.24
20,789,EKC,EQ,1545852,549623,35.55
20,790,ELDEHSG,EQ,4311,2146,49.78
20,791,ELECON,EQ,469350,208619,44.45
20,792,ELECTCAST,EQ,2508980,1380858,55.04
20,793,ELGIEQUIP,EQ,108782,54724,50.31
20,794,ELIN,EQ,578399,211208,36.52
20,795,EMAMILTD,EQ,1403456,590456,42.07
20,796,EMAMIPAP,EQ,202795,93790,46.25
20,797,EMAMIREAL,EQ,54356,34556,63.57
20,798,EMBASSY,RR,845572,756656,89.48
20,799,EMBDL,EQ,7966993,3700300,46.45
20,800,EMCURE,EQ,14007559,8715352,62.22
20,801,EMIL,EQ,744385,285085,38.30
20,802,EMKAYTOOLS,SM,2700,2700,100.00
20,803,EMMBI,EQ,56445,28847,51.11
20,804,EMMIL,SM,17000,15000,88.24
20,805,EMSLIMITED,EQ,481544,185717,38.57
20,806,EMUDHRA,EQ,365324,135762,37.16
20,807,ENDURANCE,EQ,118367,83115,70.22
20,808,ENERGYDEV,EQ,969204,534844,55.18
20,809,ENFUSE,SM,81600,54000,66.18
20,810,ENGINERSIN,EQ,6521442,1942098,29.78
20,811,ENIL,EQ,94179,52209,55.44
20,812,ENSER,SM,58000,50000,86.21
20,813,ENTERO,EQ,12015,4945,41.16
20,814,EPACK,EQ,654530,340841,52.07
20,815,EPIGRAL,EQ,77685,29005,37.34
20,816,EPL,EQ,1926031,808716,41.99
20,817,EQUAL50ADD,EQ,23632,19725,83.47
20,818,EQUITASBNK,EQ,2873909,1670610,58.13
20,819,ERIS,EQ,83247,38140,45.82
20,820,EROSMEDIA,EQ,347606,203117,58.43
20,821,ESABINDIA,EQ,3862,1773,45.91
20,822,ESAFSFB,EQ,761754,406329,53.34
20,823,ESCONET,SM,321600,142400,44.28
20,824,ESCORTS,EQ,155749,51682,33.18
20,825,ESFL,SM,9600,7200,75.00
20,826,ESG,EQ,48786,43930,90.05
20,827,ESILVER,EQ,7428,7202,96.96
20,828,ESSARSHPNG,EQ,625726,282969,45.22
20,829,ESTER,EQ,106999,54116,50.58
20,830,ETHOSLTD,EQ,98969,49610,50.13
20,831,EUROBOND,SM,35000,31000,88.57
20,832,EUROTEXIND,EQ,11293,5764,51.04
20,833,EVEREADY,EQ,753925,284150,37.69
20,834,EVERESTIND,EQ,10898,5514,50.60
20,835,EXCELINDUS,EQ,21939,11394,51.93
20,836,EXICOM,EQ,1330252,555673,41.77
20,837,EXIDEIND,EQ,6939639,2321468,33.45
20,838,EXPLEOSOL,EQ,13545,9053,66.84
20,839,EXXARO,EQ,63002,36226,57.50
20,840,FACT,EQ,1123778,350037,31.15
20,841,FAIRCHEMOR,EQ,14267,8767,61.45
20,842,FALCONTECH,SM,25200,15600,61.90
20,843,FAZE3Q,EQ,106026,63726,60.10
20,844,FCL,EQ,243700,108368,44.47
20,845,FCSSOFT,EQ,7981750,4559564,57.12
20,846,FDC,EQ,190891,80802,42.33
20,847,FEDERALBNK,EQ,16100830,6642018,41.25
20,848,FEDFINA,EQ,317248,167347,52.75
20,849,FELIX,SM,15000,13500,90.00
20,850,FIBERWEB,EQ,133288,66993,50.26
20,851,FIDEL,SM,10000,7000,70.00
20,852,FIEMIND,EQ,310458,117315,37.79
20,853,FILATEX,EQ,4878212,1300354,26.66
20,854,FILATFASH,EQ,11323539,5463346,48.25
20,855,FINCABLES,EQ,212661,86281,40.57
20,856,FINEORG,EQ,39325,21260,54.06
20,857,FINIETF,EQ,191873,86896,45.29
20,858,FINOPB,EQ,430200,178185,41.42
20,859,FINPIPE,EQ,396062,160374,40.49
20,860,FIVESTAR,EQ,1717148,489497,28.51
20,861,FLAIR,EQ,139654,63180,45.24
20,862,FLUOROCHEM,EQ,114645,61843,53.94
20,863,FMCGIETF,EQ,1367526,917174,67.07
20,864,FMGOETZE,EQ,158269,92096,58.19
20,865,FMNL,EQ,83298,55005,66.03
20,866,FOCE,SM,200,200,100.00
20,867,FOCUS,EQ,580886,309017,53.20
20,868,FONEBOX,SM,19000,15000,78.95
20,869,FOODSIN,EQ,264532,164662,62.25
20,870,FORCEMOT,EQ,9612,5575,58.00
20,871,FORTIS,EQ,1924549,849001,44.11
20,872,FOSECOIND,EQ,4224,1806,42.76
20,873,FROG,SM,124400,83600,67.20
20,874,FSL,EQ,4050981,1646399,40.64
20,875,FUSION,EQ,248650,156138,62.79
20,876,GABRIEL,EQ,299115,129691,43.36
20,877,GAEL,EQ,1149723,582587,50.67
20,878,GAIL,EQ,18643698,6795756,36.45
20,879,GALAXYSURF,EQ,16462,7957,48.34
20,880,GANDHAR,EQ,452780,257646,56.90
20,881,GANDHITUBE,EQ,5595,4129,73.80
20,882,GANECOS,EQ,200971,103570,51.53
20,883,GANESHBE,EQ,135051,76274,56.48
20,884,GANESHHOUC,EQ,142976,69313,48.48
20,885,GANGESSECU,EQ,17707,9829,55.51
20,886,GARFIBRES,EQ,9559,4257,44.53
20,887,GATEWAY,EQ,859334,483289,56.24
20,888,GEECEE,EQ,112357,42971,38.25
20,889,GEEKAYWIRE,EQ,279884,157393,56.24
20,890,GENCON,EQ,1579338,887173,56.17
20,891,GENESYS,EQ,256041,113116,44.18
20,892,GENSOL,EQ,141609,82702,58.40
20,893,GENUSPAPER,EQ,2452414,745041,30.38
20,894,GENUSPOWER,EQ,2614411,1225207,46.86
20,895,GEOJITFSL,EQ,968868,348774,36.00
20,896,GEPIL,EQ,4067320,836055,20.56
20,897,GESHIP,EQ,1595374,587579,36.83
20,898,GFLLIMITED,EQ,208545,126056,60.45
20,899,GHCL,EQ,680101,571685,84.06
20,900,GHCLTEXTIL,EQ,318764,148076,46.45
20,901,GICHSGFIN,EQ,805950,314200,38.99
20,902,GICL,SM,120000,21000,17.50
20,903,GICRE,EQ,2649947,655269,24.73
20,904,GILLANDERS,EQ,21586,11435,52.97
20,905,GILLETTE,EQ,15483,5972,38.57
20,906,GILT5YBEES,EQ,183366,124499,67.90
20,907,GINNIFILA,EQ,115035,57899,50.33
20,908,GIPCL,EQ,668927,362347,54.17
20,909,GIRIRAJ,ST,2250,2250,100.00
20,910,GLAND,EQ,346549,110045,31.75
20,911,GLAXO,EQ,102794,53598,52.14
20,912,GLENMARK,EQ,1093184,513697,46.99
20,913,GLOBALPET,SM,19500,18000,92.31
20,914,GLOBE,EQ,7726104,4499179,58.23
20,915,GLOBUSSPR,EQ,280045,131418,46.93
20,916,GLOSTERLTD,EQ,2866,1937,67.59
20,917,GLS,EQ,48989,25115,51.27
20,918,GMBREW,EQ,193306,86486,44.74
20,919,GMDCLTD,EQ,5756715,1359379,23.61
20,920,GMMPFAUDLR,EQ,101337,51442,50.76
20,921,GMRINFRA,EQ,21356245,6420645,30.06
20,922,GMRP&UI,EQ,4180152,2112078,50.53
20,923,GNA,EQ,92298,40346,43.71
20,924,GNFC,EQ,2013303,791719,39.32
20,925,GOACARBON,EQ,82603,30354,36.75
20,926,GOCLCORP,EQ,94648,45706,48.29
20,927,GOCOLORS,EQ,226186,208424,92.15
20,928,GODFRYPHLP,EQ,58157,26276,45.18
20,929,GODHA,EQ,5770866,5768803,99.96
20,930,GODIGIT,EQ,1630485,827950,50.78
20,931,GODREJAGRO,EQ,540704,391399,72.39
20,932,GODREJCP,EQ,1822861,905053,49.65
20,933,GODREJIND,EQ,367444,207369,56.44
20,934,GODREJPROP,EQ,504469,179955,35.67
20,935,GOKEX,EQ,205340,123131,59.96
20,936,GOKULAGRO,EQ,290514,152392,52.46
20,937,GOLD1,EQ,287909,246380,85.58
20,938,GOLDBEES,EQ,4476581,3237701,72.33
20,939,GOLDCASE,EQ,195349,174403,89.28
20,940,GOLDETF,EQ,43687,37273,85.32
20,941,GOLDETFADD,EQ,193892,191733,98.89
20,942,GOLDIAM,EQ,594069,287748,48.44
20,943,GOLDIETF,EQ,361401,283192,78.36
20,944,GOLDSHARE,EQ,100664,82376,81.83
20,945,GOLDSTAR,SM,371250,281250,75.76
20,946,GOLDTECH,EQ,79419,50743,63.89
20,947,GOODLUCK,EQ,164852,84300,51.14
20,948,GOPAL,EQ,92547,54614,59.01
20,949,GOYALSALT,SM,10800,9600,88.89
20,950,GPECO,SM,248400,134400,54.11
20,951,GPIL,EQ,496533,191242,38.52
20,952,GPPL,EQ,4496578,1647593,36.64
20,953,GPTHEALTH,EQ,225606,103841,46.03
20,954,GRANULES,EQ,775030,202689,26.15
20,955,GRAPHISAD,SM,19200,16800,87.50
20,956,GRAPHITE,EQ,679336,339404,49.96
20,957,GRASIM,EQ,1128000,487354,43.21
20,958,GRAVITA,EQ,229494,154429,67.29
20,959,GRCL,SM,1500,1500,100.00
20,960,GREAVESCOT,EQ,11390667,3938405,34.58
20,961,GREENCHEF,SM,18400,13600,73.91
20,962,GREENLAM,EQ,22583,8725,38.64
20,963,GREENPANEL,EQ,202322,98529,48.70
20,964,GREENPLY,EQ,247100,116759,47.25
20,965,GREENPOWER,EQ,10124691,6157525,60.82
20,966,GRETEX,ST,39000,39000,100.00
20,967,GRINDWELL,EQ,76707,43961,57.31
20,968,GRINFRA,EQ,55512,27805,50.09
20,969,GRMOVER,EQ,496156,194864,39.27
20,970,GROBTEA,EQ,3373,1554,46.07
20,971,GRSE,EQ,2128812,765630,35.97
20,972,GRWRHITECH,EQ,58355,27725,47.51
20,973,GSEC10IETF,EQ,211,208,98.58
20,974,GSEC10YEAR,EQ,15648,11153,71.27
20,975,GSEC5IETF,EQ,245,197,80.41
20,976,GSFC,EQ,4852854,1808394,37.26
20,977,GSLSU,EQ,420082,151847,36.15
20,978,GSMFOILS,ST,96000,84000,87.50
20,979,GSPL,EQ,1970780,1228917,62.36
20,980,GSTL,SM,29000,25000,86.21
20,981,GTLINFRA,EQ,29693380,29470334,99.25
20,982,GTPL,EQ,79159,41878,52.90
20,983,GUFICBIO,EQ,135054,65894,48.79
20,984,GUJALKALI,EQ,65751,24888,37.85
20,985,GUJAPOLLO,EQ,16587,8334,50.24
20,986,GUJGASLTD,EQ,1062133,257179,24.21
20,987,GUJRAFFIA,EQ,16153,5668,35.09
20,988,GULFOILLUB,EQ,539292,134238,24.89
20,989,GULFPETRO,EQ,255209,127144,49.82
20,990,GULPOLY,EQ,158834,84665,53.30
20,991,GVKPIL,EQ,2563830,1700017,66.31
20,992,GVPTECH,EQ,69122,50256,72.71
20,993,HAL,EQ,2121407,640633,30.20
20,994,HAPPSTMNDS,EQ,526498,270856,51.44
20,995,HAPPYFORGE,EQ,70875,46252,65.26
20,996,HARDWYN,EQ,135660,58348,43.01
20,997,HARIOMPIPE,EQ,67294,38257,56.85
20,998,HARRMALAYA,EQ,347002,139371,40.16
20,999,HARSHA,EQ,133861,60858,45.46
20,1000,HATHWAY,EQ,7081031,2310991,32.64
20,1001,HATSUN,EQ,36044,18835,52.26
20,1002,HAVELLS,EQ,692263,295607,42.70
20,1003,HAVISHA,EQ,116080,78236,67.40
20,1004,HBLPOWER,EQ,2368156,1030648,43.52
20,1005,HBSL,EQ,54720,27023,49.38
20,1006,HCC,EQ,125298800,30813560,24.59
20,1007,HCG,EQ,140263,72981,52.03
20,1008,HCLTECH,EQ,3507096,2248560,64.11
20,1009,HDFCAMC,EQ,322108,168196,52.22
20,1010,HDFCBANK,EQ,22753591,14977914,65.83
20,1011,HDFCBSE500,EQ,60556,38442,63.48
20,1012,HDFCGOLD,EQ,977102,885789,90.65
20,1013,HDFCGROWTH,EQ,15319,9412,61.44
20,1014,HDFCLIFE,EQ,6186968,2960224,47.85
20,1015,HDFCLIQUID,EQ,2966,2872,96.83
20,1016,HDFCLOWVOL,EQ,25458,15177,59.62
20,1017,HDFCMID150,EQ,580129,396284,68.31
20,1018,HDFCMOMENT,EQ,651090,466666,71.67
20,1019,HDFCNEXT50,EQ,67249,50971,75.79
20,1020,HDFCNIF100,EQ,38811,33136,85.38
20,1021,HDFCNIFBAN,EQ,112582,86945,77.23
20,1022,HDFCNIFIT,EQ,27628,25904,93.76
20,1023,HDFCNIFTY,EQ,93266,87906,94.25
20,1024,HDFCPSUBK,EQ,139132,116431,83.68
20,1025,HDFCPVTBAN,EQ,119373,104108,87.21
20,1026,HDFCQUAL,EQ,9041,7421,82.08
20,1027,HDFCSENSEX,EQ,75205,63814,84.85
20,1028,HDFCSILVER,EQ,200918,141031,70.19
20,1029,HDFCSML250,EQ,807218,557425,69.06
20,1030,HDFCVALUE,EQ,29757,23930,80.42
20,1031,HEALTHADD,EQ,1929,1520,78.80
20,1032,HEALTHIETF,EQ,36063,19667,54.54
20,1033,HEALTHY,EQ,612462,370021,60.42
20,1034,HEG,EQ,106405,42151,39.61
20,1035,HEIDELBERG,EQ,427661,158273,37.01
20,1036,HEMIPROP,EQ,8343312,2563527,30.73
20,1037,HERANBA,EQ,57631,29066,50.43
20,1038,HERCULES,EQ,75563,38085,50.40
20,1039,HERITGFOOD,EQ,1669461,757432,45.37
20,1040,HEROMOTOCO,EQ,354244,136145,38.43
20,1041,HESTERBIO,EQ,21718,12627,58.14
20,1042,HEUBACHIND,EQ,33550,17974,53.57
20,1043,HEXATRADEX,EQ,141684,73755,52.06
20,1044,HFCL,EQ,41380482,16236513,39.24
20,1045,HGINFRA,EQ,479020,160404,33.49
20,1046,HGS,EQ,33126,17545,52.96
20,1047,HIGREEN,SM,27200,20800,76.47
20,1048,HIKAL,EQ,441059,212313,48.14
20,1049,HIL,EQ,16143,11407,70.66
20,1050,HILTON,EQ,635116,343522,54.09
20,1051,HIMATSEIDE,EQ,383614,199705,52.06
20,1052,HINDALCO,EQ,5327276,2592570,48.67
20,1053,HINDCOMPOS,EQ,229209,36514,15.93
20,1054,HINDCOPPER,EQ,14441088,5340175,36.98
20,1055,HINDMOTORS,EQ,2357545,1095983,46.49
20,1056,HINDOILEXP,EQ,3425868,843574,24.62
20,1057,HINDPETRO,EQ,6833051,3526656,51.61
20,1058,HINDUNILVR,EQ,1764036,921710,52.25
20,1059,HINDWAREAP,EQ,228786,101256,44.26
20,1060,HINDZINC,EQ,545551,340625,62.44
20,1061,HIRECT,EQ,25544,12270,48.03
20,1062,HISARMETAL,EQ,68294,31070,45.49
20,1063,HITECH,EQ,6374834,1911751,29.99
20,1064,HITECHCORP,EQ,11283,6874,60.92
20,1065,HLEGLAS,EQ,155216,86563,55.77
20,1066,HMAAGRO,EQ,197900,121177,61.23
20,1067,HMVL,EQ,67427,35915,53.27
20,1068,HNDFDS,EQ,318347,166073,52.17
20,1069,HNGSNGBEES,EQ,99549,61323,61.60
20,1070,HOACFOODS,SM,60000,36000,60.00
20,1071,HOLMARC,SM,1500,1500,100.00
20,1072,HOMEFIRST,EQ,440293,130471,29.63
20,1073,HOMESFY,ST,7800,6900,88.46
20,1074,HONASA,EQ,937843,281596,30.03
20,1075,HONAUT,EQ,4421,1451,32.82
20,1076,HONDAPOWER,EQ,20594,10617,51.55
20,1077,HPAL,EQ,197407,104732,53.05
20,1078,HPIL,EQ,9092,4856,53.41
20,1079,HPL,EQ,727889,251445,34.54
20,1080,HRHNEXT,SM,174000,147000,84.48
20,1081,HSCL,EQ,3100267,1393872,44.96
20,1082,HTMEDIA,EQ,514178,250398,48.70
20,1083,HUDCO,EQ,22645799,6714753,29.65
20,1084,HUHTAMAKI,EQ,186231,74007,39.74
20,1085,HYBRIDFIN,EQ,4460,3263,73.16
20,1086,IBHF24A,ZS,50,50,100.00
20,1087,IBHF25B,BI,8,8,100.00
20,1088,IBHFZC25,YN,10,10,100.00
20,1089,IBHFZC25B,AT,20,10,50.00
20,1090,IBHFZC25F,Y5,10,10,100.00
20,1091,IBLFL,SM,34000,28000,82.35
20,1092,IBULHSGFIN,EQ,6393238,2375808,37.16
20,1093,IBULPP,E1,1002309,636883,63.54
20,1094,ICEMAKE,EQ,43209,20794,48.12
20,1095,ICICIB22,EQ,1202572,842741,70.08
20,1096,ICICIBANK,EQ,18226503,9100069,49.93
20,1097,ICICIGI,EQ,928915,600156,64.61
20,1098,ICICIPRULI,EQ,5187432,2202124,42.45
20,1099,ICIL,EQ,619264,291923,47.14
20,1100,ICRA,EQ,6671,3300,49.47
20,1101,IDBI,EQ,10532648,4300395,40.83
20,1102,IDEA,EQ,466478026,119525840,25.62
20,1103,IDEAFORGE,EQ,418177,185570,44.38
20,1104,IDFC,EQ,3359084,1737813,51.73
20,1105,IDFCFIRSTB,EQ,37403807,16649966,44.51
20,1106,IDFNIFTYET,EQ,431,376,87.24
20,1107,IEL,EQ,215846,165549,76.70
20,1108,IEML,SM,48000,35000,72.92
20,1109,IEX,EQ,31541545,10978454,34.81
20,1110,IFBAGRO,EQ,26731,20134,75.32
20,1111,IFBIND,EQ,31481,15155,48.14
20,1112,IFCI,EQ,20446131,7230959,35.37
20,1113,IFGLEXPOR,EQ,15707,9320,59.34
20,1114,IGARASHI,EQ,73984,50545,68.32
20,1115,IGL,EQ,4784575,1471201,30.75
20,1116,IGPL,EQ,72162,37182,51.53
20,1117,IIFL,EQ,1928365,737442,38.24
20,1118,IIFLHFZC27,NB,10,0,0.00
20,1119,IIFLSEC,EQ,1150450,518289,45.05
20,1120,IIFLZC25B,NW,51,51,100.00
20,1121,IIFLZC25C,N8,35,35,100.00
20,1122,IIFLZC26A,NR,73,73,100.00
20,1123,IIFLZC28,NG,368,302,82.07
20,1124,IIFLZC28B,Y1,197,184,93.40
20,1125,IITL,EQ,27908,15469,55.43
20,1126,IKIO,EQ,137955,66603,48.28
20,1127,IMAGICAA,EQ,1067709,475035,44.49
20,1128,IMC1,N0,788,647,82.11
20,1129,IMC1,N1,653,647,99.08
20,1130,IMC1,N2,3585,2938,81.95
20,1131,IMC1,N3,816,657,80.51
20,1132,IMFA,EQ,89287,49612,55.56
20,1133,IMPAL,EQ,4431,1657,37.40
20,1134,INCREDIBLE,EQ,22929,16247,70.86
20,1135,INDBANK,EQ,178383,76507,42.89
20,1136,INDGN,EQ,790909,360459,45.58
20,1137,INDHOTEL,EQ,1926862,716298,37.17
20,1138,INDIACEM,EQ,11456545,4465381,38.98
20,1139,INDIAGLYCO,EQ,363041,125837,34.66
20,1140,INDIAMART,EQ,249381,55937,22.43
20,1141,INDIANB,EQ,1791622,1067036,59.56
20,1142,INDIANCARD,EQ,7433,4486,60.35
20,1143,INDIANHUME,EQ,335700,125350,37.34
20,1144,INDIASHLTR,EQ,223096,115782,51.90
20,1145,INDIFRA,SM,266000,148000,55.64
20,1146,INDIGO,EQ,559022,280269,50.14
20,1147,INDIGOPNTS,EQ,1565733,240832,15.38
20,1148,INDIGRID,IV,203960,191117,93.70
20,1149,INDNIPPON,EQ,29631,12563,42.40
20,1150,INDOAMIN,EQ,227515,113374,49.83
20,1151,INDOBORAX,EQ,132271,70923,53.62
20,1152,INDOCO,EQ,181494,110886,61.10
20,1153,INDORAMA,EQ,340753,194033,56.94
20,1154,INDOSTAR,EQ,84313,34474,40.89
20,1155,INDOTHAI,EQ,12374,1651,13.34
20,1156,INDOWIND,EQ,559012,330185,59.07
20,1157,INDRAMEDCO,EQ,184055,98720,53.64
20,1158,INDSWFTLAB,EQ,399824,164922,41.25
20,1159,INDTERRAIN,EQ,482285,362887,75.24
20,1160,INDUSINDBK,EQ,3979121,1773378,44.57
20,1161,INDUSTOWER,EQ,16109267,8565385,53.17
20,1162,INFIBEAM,EQ,11124188,4544214,40.85
20,1163,INFINIUM,SM,51000,23000,45.10
20,1164,INFOBEAN,EQ,26149,14785,56.54
20,1165,INFOLLION,SM,55200,38400,69.57
20,1166,INFRABEES,EQ,32241,17716,54.95
20,1167,INFRAIETF,EQ,320596,237749,74.16
20,1168,INFY,EQ,9852770,6918154,70.22
20,1169,INGERRAND,EQ,17413,8795,50.51
20,1170,INM,SM,36600,34800,95.08
20,1171,INNOVACAP,EQ,78537,48071,61.21
20,1172,INNOVANA,SM,600,600,100.00
20,1173,INOXGREEN,EQ,1683036,756415,44.94
20,1174,INOXINDIA,EQ,278072,106067,38.14
20,1175,INOXWIND,EQ,6869891,2371555,34.52
20,1176,INSECTICID,EQ,85495,50409,58.96
20,1177,INSPIRE,SM,10000,10000,100.00
20,1178,INTELLECT,EQ,232851,135730,58.29
20,1179,INTENTECH,EQ,115565,52675,45.58
20,1180,INTLCONV,EQ,231118,132182,57.19
20,1181,INVENTURE,EQ,2702124,1610840,59.61
20,1182,IOB,EQ,13203592,2826700,21.41
20,1183,IOC,EQ,34673112,19430660,56.04
20,1184,IOLCP,EQ,242478,101716,41.95
20,1185,IONEXCHANG,EQ,1330649,479150,36.01
20,1186,IPCALAB,EQ,674743,295323,43.77
20,1187,IPL,EQ,531420,245330,46.16
20,1188,IPSL,SM,107000,107000,100.00
20,1189,IRB,EQ,136535604,62459955,45.75
20,1190,IRBINVIT,IV,208139,180030,86.50
20,1191,IRCON,EQ,35028228,6888689,19.67
20,1192,IRCTC,EQ,2295822,727543,31.69
20,1193,IREDA,EQ,70516062,14719163,20.87
20,1194,IRFC,EQ,171789924,31638039,18.42
20,1195,IRISDOREME,EQ,256277,93576,36.51
20,1196,IRMENERGY,EQ,109107,64025,58.68
20,1197,ISEC,EQ,597723,463894,77.61
20,1198,ISFT,EQ,118598,55434,46.74
20,1199,ISGEC,EQ,179727,87928,48.92
20,1200,ISHAN,SM,720000,384000,53.33
20,1201,ISMTLTD,EQ,975676,396588,40.65
20,1202,IT,EQ,167900,160086,95.35
20,1203,ITALIANE,SM,10000,6000,60.00
20,1204,ITBEES,EQ,10089182,8016192,79.45
20,1205,ITC,EQ,11618210,6587294,56.70
20,1206,ITDC,EQ,271307,84990,31.33
20,1207,ITDCEM,EQ,1735008,664108,38.28
20,1208,ITETF,EQ,4423794,4221377,95.42
20,1209,ITETFADD,EQ,37232,31673,85.07
20,1210,ITI,EQ,1270522,505429,39.78
20,1211,ITIETF,EQ,1570442,1389922,88.51
20,1212,IVC,EQ,817306,488171,59.73
20,1213,IVP,EQ,83386,43240,51.86
20,1214,IVZINGOLD,EQ,29,6,20.69
20,1215,IVZINNIFTY,EQ,3,3,100.00
20,1216,IWEL,EQ,11439,9372,81.93
20,1217,IXIGO,EQ,2048025,977482,47.73
20,1218,IZMO,EQ,1034155,283862,27.45
20,1219,JAGRAN,EQ,474791,228716,48.17
20,1220,JAGSNPHARM,EQ,43179,30282,70.13
20,1221,JAICORPLTD,EQ,1368081,422624,30.89
20,1222,JALAN,SM,18000,18000,100.00
20,1223,JAMNAAUTO,EQ,5760482,1743121,30.26
20,1224,JASH,EQ,43405,20514,47.26
20,1225,JAYAGROGN,EQ,119267,42725,35.82
20,1226,JAYBARMARU,EQ,477256,187947,39.38
20,1227,JAYNECOIND,EQ,634551,335352,52.85
20,1228,JAYSREETEA,EQ,790244,408195,51.65
20,1229,JBCHEPHARM,EQ,554802,257980,46.50
20,1230,JBMA,EQ,438251,122918,28.05
20,1231,JCHAC,EQ,44332,18697,42.17
20,1232,JETFREIGHT,EQ,88838,51784,58.29
20,1233,JFLLIFE,SM,50000,46000,92.00
20,1234,JGCHEM,EQ,149226,72400,48.52
20,1235,JINDALPHOT,EQ,19750,10347,52.39
20,1236,JINDALPOLY,EQ,89006,41587,46.72
20,1237,JINDALSAW,EQ,1096401,472250,43.07
20,1238,JINDALSTEL,EQ,2245736,997444,44.42
20,1239,JINDRILL,EQ,44167,26633,60.30
20,1240,JINDWORLD,EQ,45183,20816,46.07
20,1241,JIOFIN,EQ,11556794,6727870,58.22
20,1242,JISLDVREQS,EQ,253454,99540,39.27
20,1243,JISLJALEQS,EQ,11717904,3574104,30.50
20,1244,JITFINFRA,EQ,32881,22013,66.95
20,1245,JIWANRAM,SM,18000,12000,66.67
20,1246,J&KBANK,EQ,3979418,1974951,49.63
20,1247,JKCEMENT,EQ,250455,84995,33.94
20,1248,JKIL,EQ,253925,113408,44.66
20,1249,JKLAKSHMI,EQ,332388,134881,40.58
20,1250,JKPAPER,EQ,690018,308147,44.66
20,1251,JKTYRE,EQ,4040147,1189614,29.44
20,1252,JLHL,EQ,113607,56600,49.82
20,1253,JMA,EQ,18594,14282,76.81
20,1254,JMFINANCIL,EQ,9914712,5701191,57.50
20,1255,JNKINDIA,EQ,163033,104762,64.26
20,1256,JOCIL,EQ,38646,29258,75.71
20,1257,JPOLYINVST,EQ,7185,3494,48.63
20,1258,JPPOWER,EQ,28976599,14032425,48.43
20,1259,JSFB,EQ,210736,95062,45.11
20,1260,JSL,EQ,938248,491582,52.39
20,1261,JSLL,ST,17820,17640,98.99
20,1262,JSWENERGY,EQ,1544967,617319,39.96
20,1263,JSWHL,EQ,5129,1984,38.68
20,1264,JSWINFRA,EQ,2814410,1202218,42.72
20,1265,JSWSTEEL,EQ,1483892,659221,44.43
20,1266,JTEKTINDIA,EQ,591157,229239,38.78
20,1267,JTLIND,EQ,1192625,674215,56.53
20,1268,JUBLFOOD,EQ,2224568,930849,41.84
20,1269,JUBLINDS,EQ,16361,11118,67.95
20,1270,JUBLINGREA,EQ,1935862,366185,18.92
20,1271,JUBLPHARMA,EQ,145353,56176,38.65
20,1272,JUNIORBEES,EQ,303765,164487,54.15
20,1273,JUNIPER,EQ,60341,25048,41.51
20,1274,JUSTDIAL,EQ,340706,148205,43.50
20,1275,JWL,EQ,2039697,999972,49.03
20,1276,JYOTHYLAB,EQ,1301025,585598,45.01
20,1277,JYOTICNC,EQ,189919,92183,48.54
20,1278,K2INFRA,SM,105600,70800,67.05
20,1279,KABRAEXTRU,EQ,63908,30368,47.52
20,1280,KAJARIACER,EQ,110422,48811,44.20
20,1281,KAKATCEM,EQ,112342,61553,54.79
20,1282,KALAMANDIR,EQ,234729,126421,53.86
20,1283,KALYANKJIL,EQ,3284158,1479989,45.06
20,1284,KAMATHOTEL,EQ,64817,48106,74.22
20,1285,KAMDHENU,EQ,185003,65663,35.49
20,1286,KAMOPAINTS,EQ,2369090,592764,25.02
20,1287,KANANIIND,EQ,904978,614871,67.94
20,1288,KANDARP,SM,4000,4000,100.00
20,1289,KANORICHEM,EQ,131877,84724,64.24
20,1290,KANPRPLA,EQ,17035,9643,56.61
20,1291,KANSAINER,EQ,2365579,1002309,42.37
20,1292,KARMAENG,EQ,131869,85090,64.53
20,1293,KARNIKA,SM,21600,16400,75.93
20,1294,KARURVYSYA,EQ,1663826,758753,45.60
20,1295,KAUSHALYA,EQ,6829,4571,66.94
20,1296,KAYA,EQ,331508,160895,48.53
20,1297,KAYNES,EQ,289888,105957,36.55
20,1298,KBCGLOBAL,EQ,14799441,7111679,48.05
20,1299,KCEIL,SM,209500,111000,52.98
20,1300,KCK,ST,16000,16000,100.00
20,1301,KCP,EQ,1066456,495684,46.48
20,1302,KCPSUGIND,EQ,1610548,716260,44.47
20,1303,KDDL,EQ,97799,26761,27.36
20,1304,KDL,SM,7500,5600,74.67
20,1305,KEC,EQ,1227454,601928,49.04
20,1306,KECL,EQ,1081281,372072,34.41
20,1307,KEI,EQ,168596,90560,53.71
20,1308,KEL,SM,19200,12000,62.50
20,1309,KELLTONTEC,EQ,5910770,1810547,30.63
20,1310,KERNEX,EQ,86938,36771,42.30
20,1311,KESORAMIND,EQ,476034,212698,44.68
20,1312,KFINTECH,EQ,1220880,590497,48.37
20,1313,KHADIM,EQ,38688,28424,73.47
20,1314,KHAICHEM,EQ,656060,263505,40.16
20,1315,KHAITANLTD,EQ,7513,3502,46.61
20,1316,KHANDSE,EQ,53468,30002,56.11
20,1317,KHFM,SM,15500,12400,80.00
20,1318,KICL,EQ,6339,2619,41.32
20,1319,KILITCH,EQ,15477,6183,39.95
20,1320,KIMS,EQ,176456,57279,32.46
20,1321,KINGFA,EQ,23756,12071,50.81
20,1322,KIOCL,EQ,252242,93323,37.00
20,1323,KIRIINDUS,EQ,216852,69396,32.00
20,1324,KIRLOSBROS,EQ,176620,98266,55.64
20,1325,KIRLOSENG,EQ,127280,75018,58.94
20,1326,KIRLOSIND,EQ,11284,4462,39.54
20,1327,KIRLPNU,EQ,184267,123139,66.83
20,1328,KITEX,EQ,178871,72750,40.67
20,1329,KKCL,EQ,39507,23233,58.81
20,1330,KLL,SM,174400,123200,70.64
20,1331,KNAGRI,SM,42400,33600,79.25
20,1332,KNRCON,EQ,3456945,1018801,29.47
20,1333,KODYTECH,SM,14400,8900,61.81
20,1334,KOHINOOR,EQ,294675,153906,52.23
20,1335,KOKUYOCMLN,EQ,154696,76304,49.33
20,1336,KOLTEPATIL,EQ,322439,159005,49.31
20,1337,KONSTELEC,SM,95000,69000,72.63
20,1338,KONTOR,SM,121200,79200,65.35
20,1339,KOPRAN,EQ,672910,311011,46.22
20,1340,KORE,SM,14500,10500,72.41
20,1341,KOTAKBANK,EQ,5629789,3306247,58.73
20,1342,KOTARISUG,EQ,232962,122173,52.44
20,1343,KOTHARIPET,EQ,377117,173705,46.06
20,1344,KOTHARIPRO,EQ,165472,58670,35.46
20,1345,KOTYARK,SM,15100,10700,70.86
20,1346,KPIGREEN,EQ,197214,123506,62.63
20,1347,KPIL,EQ,1700753,460927,27.10
20,1348,KPITTECH,EQ,731828,314394,42.96
20,1349,KPRMILL,EQ,137615,59227,43.04
20,1350,KRBL,EQ,2100702,759492,36.15
20,1351,KREBSBIO,EQ,105003,59242,56.42
20,1352,KRISHANA,EQ,21768,8297,38.12
20,1353,KRISHCA,SM,153500,102000,66.45
20,1354,KRISHNADEF,SM,76500,72000,94.12
20,1355,KRITI,EQ,143095,79802,55.77
20,1356,KRITIKA,EQ,711047,429633,60.42
20,1357,KRITINUT,EQ,342643,152234,44.43
20,1358,KRONOX,EQ,320531,173570,54.15
20,1359,KRSNAA,EQ,107704,59301,55.06
20,1360,KRYSTAL,EQ,160346,105035,65.51
20,1361,KSB,EQ,20264,9489,46.83
20,1362,KSCL,EQ,148803,75369,50.65
20,1363,KSL,EQ,188621,84633,44.87
20,1364,KSOLVES,EQ,27615,15269,55.29
20,1365,KTKBANK,EQ,1275428,843224,66.11
20,1366,KTL,SM,396000,381000,96.21
20,1367,KUANTUM,EQ,301108,140143,46.54
20,1368,LAL,EQ,235968,123534,52.35
20,1369,LALPATHLAB,EQ,378508,258717,68.35
20,1370,LAMBODHARA,EQ,42409,24741,58.34
20,1371,LANCORHOL,EQ,138885,76840,55.33
20,1372,LANDMARK,EQ,124962,97528,78.05
20,1373,LAOPALA,EQ,149545,81744,54.66
20,1374,LASA,EQ,107018,44027,41.14
20,1375,LAURUSLABS,EQ,1620564,480567,29.65
20,1376,LAWSIKHO,SM,52500,43500,82.86
20,1377,LAXMICOT,EQ,26762,16011,59.83
20,1378,LAXMIMACH,EQ,4951,2766,55.87
20,1379,LEMERITE,SM,206400,145600,70.54
20,1380,LEMONTREE,EQ,2690661,1099034,40.85
20,1381,LEXUS,EQ,77886,44297,56.87
20,1382,LFIC,EQ,11006,4310,39.16
20,1383,LGBBROSLTD,EQ,53015,23556,44.43
20,1384,LIBAS,EQ,49370,34564,70.01
20,1385,LIBERTSHOE,EQ,80073,30130,37.63
20,1386,LICHSGFIN,EQ,1827229,636070,34.81
20,1387,LICI,EQ,7415472,3301159,44.52
20,1388,LICMFGOLD,EQ,413,298,72.15
20,1389,LICNETFGSC,EQ,47574,42142,88.58
20,1390,LICNETFN50,EQ,950,507,53.37
20,1391,LICNETFSEN,EQ,66,46,69.70
20,1392,LICNFNHGP,EQ,1157,773,66.81
20,1393,LICNMID100,EQ,10778,5402,50.12
20,1394,LIKHITHA,EQ,230353,82315,35.73
20,1395,LINC,EQ,49850,29868,59.92
20,1396,LINCOLN,EQ,49943,25698,51.45
20,1397,LINDEINDIA,EQ,110994,35543,32.02
20,1398,LIQUID,EQ,87579,58484,66.78
20,1399,LIQUID1,EQ,20392,11855,58.14
20,1400,LIQUIDADD,EQ,226455,208392,92.02
20,1401,LIQUIDBEES,EQ,3267087,2569806,78.66
20,1402,LIQUIDBETF,EQ,5220,2600,49.81
20,1403,LIQUIDCASE,EQ,3474533,3065505,88.23
20,1404,LIQUIDETF,EQ,331941,210486,63.41
20,1405,LIQUIDIETF,EQ,716262,441648,61.66
20,1406,LIQUIDSBI,EQ,5100,3466,67.96
20,1407,LIQUIDSHRI,EQ,5933,5922,99.81
20,1408,LLOYDS,SM,12000,10000,83.33
20,1409,LLOYDSENGG,EQ,17734140,5409313,30.50
20,1410,LLOYDSME,EQ,735985,393204,53.43
20,1411,LODHA,EQ,1069175,818640,76.57
20,1412,LOTUSEYE,EQ,27298,22073,80.86
20,1413,LOVABLE,EQ,50122,25973,51.82
20,1414,LOWVOL,EQ,2766,1724,62.33
20,1415,LOWVOL1,EQ,1456831,1451290,99.62
20,1416,LOWVOLIETF,EQ,1751698,1409796,80.48
20,1417,LOYALTEX,EQ,1526,723,47.38
20,1418,LRRPL,SM,159000,129000,81.13
20,1419,LT,EQ,2231438,1211321,54.28
20,1420,LTF,EQ,6401087,2762406,43.16
20,1421,LTFOODS,EQ,2843479,697835,24.54
20,1422,LTGILTBEES,EQ,1747461,1628032,93.17
20,1423,LTIM,EQ,300436,162899,54.22
20,1424,LTTS,EQ,81409,29418,36.14
20,1425,LUMAXIND,EQ,6525,3959,60.67
20,1426,LUMAXTECH,EQ,278136,127501,45.84
20,1427,LUPIN,EQ,1474195,677139,45.93
20,1428,LUXIND,EQ,871646,292094,33.51
20,1429,LXCHEM,EQ,2454012,938354,38.24
20,1430,LYKALABS,EQ,195240,122572,62.78
20,1431,LYPSAGEMS,EQ,146215,90141,61.65
20,1432,MAANALU,EQ,174023,80252,46.12
20,1433,MADHAVBAUG,SM,4400,3600,81.82
20,1434,MADHUSUDAN,SM,112000,72000,64.29
20,1435,MADRASFERT,EQ,3893360,1150766,29.56
20,1436,MAFANG,EQ,598503,431386,72.08
20,1437,MAGADSUGAR,EQ,36423,13093,35.95
20,1438,MAGNUM,EQ,224200,139988,62.44
20,1439,MAGSON,SM,36000,34000,94.44
20,1440,MAHABANK,EQ,13562473,5356351,39.49
20,1441,MAHAPEXLTD,EQ,16788,8340,49.68
20,1442,MAHASTEEL,EQ,32464,21321,65.68
20,1443,MAHESHWARI,EQ,66642,39729,59.62
20,1444,MAHICKRA,SM,133500,96750,72.47
20,1445,MAHKTECH,EQ,1177495,838259,71.19
20,1446,MAHLIFE,EQ,302407,186293,61.60
20,1447,MAHLOG,EQ,245712,98840,40.23
20,1448,MAHSCOOTER,EQ,8173,4646,56.85
20,1449,MAHSEAMLES,EQ,334433,170588,51.01
20,1450,MAITHANALL,EQ,51289,27511,53.64
20,1451,MAITREYA,SM,18400,16800,91.30
20,1452,MAKEINDIA,EQ,126171,112612,89.25
20,1453,MAKS,SM,10500,9000,85.71
20,1454,MAL,SM,19200,14400,75.00
20,1455,MALLCOM,EQ,52186,32385,62.06
20,1456,MANAKALUCO,EQ,1554468,571791,36.78
20,1457,MANAKSIA,EQ,142920,62865,43.99
20,1458,MANALIPETC,EQ,3511466,1282444,36.52
20,1459,MANAPPURAM,EQ,25732067,7456500,28.98
20,1460,MANDEEP,SM,86000,60000,69.77
20,1461,MANGALAM,EQ,39218,18684,47.64
20,1462,MANGCHEFER,EQ,851847,379627,44.57
20,1463,MANGLMCEM,EQ,148160,74819,50.50
20,1464,MANINDS,EQ,771026,252751,32.78
20,1465,MANINFRA,EQ,1858295,688898,37.07
20,1466,MANKIND,EQ,1909861,1010182,52.89
20,1467,MANOMAY,EQ,7363,6551,88.97
20,1468,MANUGRAPH,EQ,34599,21153,61.14
20,1469,MANYAVAR,EQ,106968,61199,57.21
20,1470,MAPMYINDIA,EQ,132570,45669,34.45
20,1471,MARALOVER,EQ,50447,23934,47.44
20,1472,MARATHON,EQ,155118,67162,43.30
20,1473,MARCO,SM,60000,39000,65.00
20,1474,MARICO,EQ,4021275,1370833,34.09
20,1475,MARINE,EQ,2610602,1070696,41.01
20,1476,MARINETRAN,SM,12000,12000,100.00
20,1477,MARKSANS,EQ,5323565,2019466,37.93
20,1478,MARUTI,EQ,2070520,548805,26.51
20,1479,MASFIN,EQ,340216,239873,70.51
20,1480,MASON,ST,502000,456000,90.84
20,1481,MASPTOP50,EQ,307459,253236,82.36
20,1482,MASTEK,EQ,57403,26362,45.92
20,1483,MASTER,SM,1000,1000,100.00
20,1484,MATRIMONY,EQ,42455,27115,63.87
20,1485,MAWANASUG,EQ,337238,124161,36.82
20,1486,MAXESTATES,EQ,445880,200787,45.03
20,1487,MAXHEALTH,EQ,1592036,753260,47.31
20,1488,MAXIND,EQ,268618,162847,60.62
20,1489,MAXPOSURE,SM,368000,174000,47.28
20,1490,MAYURUNIQ,EQ,371046,122069,32.90
20,1491,MAZDA,EQ,6492,2647,40.77
20,1492,MAZDOCK,EQ,2029592,575452,28.35
20,1493,MBAPL,EQ,11978,7180,59.94
20,1494,MBLINFRA,EQ,311589,154135,49.47
20,1495,MCL,EQ,30998,20472,66.04
20,1496,MCLEODRUSS,EQ,8906545,4962704,55.72
20,1497,MCON,SM,51000,42000,82.35
20,1498,MCX,EQ,1656236,881391,53.22
20,1499,MDL,SM,64000,58000,90.63
20,1500,MEDANTA,EQ,294731,214304,72.71
20,1501,MEDIASSIST,EQ,360614,182832,50.70
20,1502,MEDICAMEQ,EQ,34213,17469,51.06
20,1503,MEDIORG,ST,92000,72000,78.26
20,1504,MEDPLUS,EQ,172640,110495,64.00
20,1505,MEGAFLEX,SM,12000,12000,100.00
20,1506,MEGASOFT,EQ,206676,116982,56.60
20,1507,MEGASTAR,EQ,38325,27064,70.62
20,1508,MEGATHERM,SM,103600,62000,59.85
20,1509,MENONBE,EQ,288779,90602,31.37
20,1510,METROBRAND,EQ,409474,109393,26.72
20,1511,METROPOLIS,EQ,154920,49707,32.09
20,1512,MFSL,EQ,1714076,859476,50.14
20,1513,MGEL,EQ,1073136,574104,53.50
20,1514,MGL,EQ,2150783,296551,13.79
20,1515,MHHL,SM,22500,18000,80.00
20,1516,MHLXMIRU,EQ,103479,62915,60.80
20,1517,MHRIL,EQ,241022,103845,43.09
20,1518,MICROPRO,SM,6400,4800,75.00
20,1519,MID150BEES,EQ,615778,379566,61.64
20,1520,MID150CASE,EQ,343082,319231,93.05
20,1521,MIDCAP,EQ,62428,41280,66.12
20,1522,MIDCAPETF,EQ,1818443,1399960,76.99
20,1523,MIDCAPIETF,EQ,557684,379466,68.04
20,1524,MIDHANI,EQ,2021291,664347,32.87
20,1525,MIDQ50ADD,EQ,7589,6066,79.93
20,1526,MIDSELIETF,EQ,446385,349005,78.18
20,1527,MIDSMALL,EQ,575040,417342,72.58
20,1528,MINDACORP,EQ,178108,71912,40.38
20,1529,MINDSPACE,RR,230359,216606,94.03
20,1530,MINDTECK,EQ,144890,67879,46.85
20,1531,MIRCELECTR,EQ,430498,273940,63.63
20,1532,MIRZAINT,EQ,221202,122129,55.21
20,1533,MITCON,EQ,1357636,1306496,96.23
20,1534,MITTAL,EQ,1063232,707056,66.50
20,1535,M&M,EQ,14481615,7342210,50.70
20,1536,M&MFIN,EQ,2107925,545752,25.89
20,1537,MMFL,EQ,74691,34474,46.16
20,1538,MMP,EQ,434472,220118,50.66
20,1539,MMTC,EQ,4498448,1397865,31.07
20,1540,MNC,EQ,41942,25897,61.74
20,1541,MOGSEC,EQ,23032,22431,97.39
20,1542,MOHEALTH,EQ,72227,40371,55.89
20,1543,MOIL,EQ,1858536,692314,37.25
20,1544,MOL,EQ,1040397,534011,51.33
20,1545,MOLDTECH,EQ,250559,100786,40.22
20,1546,MOLDTKPAC,EQ,39141,24461,62.49
20,1547,MOLOWVOL,EQ,765458,760666,99.37
20,1548,MOM100,EQ,677083,277479,40.98
20,1549,MOM30IETF,EQ,1287192,687969,53.45
20,1550,MOM50,EQ,14540,12541,86.25
20,1551,MOMENTUM,EQ,160315,122039,76.12
20,1552,MOMOMENTUM,EQ,206172,135545,65.74
20,1553,MON100,EQ,257886,185472,71.92
20,1554,MONARCH,EQ,79011,40464,51.21
20,1555,MONIFTY500,EQ,1992733,1596448,80.11
20,1556,MONOPHARMA,SM,34000,28000,82.35
20,1557,MONQ50,EQ,44317,24543,55.38
20,1558,MONTECARLO,EQ,67011,24736,36.91
20,1559,MOQUALITY,EQ,2870,2690,93.73
20,1560,MOREALTY,EQ,192940,110422,57.23
20,1561,MOREPENLAB,EQ,7840786,2743744,34.99
20,1562,MOS,SM,828000,340800,41.16
20,1563,MOSMALL250,EQ,546550,435828,79.74
20,1564,MOTHERSON,EQ,17838550,9346054,52.39
20,1565,MOTILALOFS,EQ,539491,340160,63.05
20,1566,MOTISONS,EQ,336478,177193,52.66
20,1567,MOTOGENFIN,EQ,13651,8010,58.68
20,1568,MOVALUE,EQ,263938,205375,77.81
20,1569,MOXSH,SM,9600,7200,75.00
20,1570,MPHASIS,EQ,924472,509793,55.14
20,1571,MPSLTD,EQ,23423,9114,38.91
20,1572,MPTODAY,SM,12000,12000,100.00
20,1573,MRF,EQ,7283,1637,22.48
20,1574,MRPL,EQ,11372488,2508779,22.06
20,1575,MSPL,EQ,1313284,812579,61.87
20,1576,MSTCLTD,EQ,240371,122720,51.05
20,1577,MSUMI,EQ,15042765,10035652,66.71
20,1578,MTARTECH,EQ,266933,101321,37.96
20,1579,MTNL,EQ,5895724,1907375,32.35
20,1580,MUFIN,EQ,90762,48914,53.89
20,1581,MUFTI,EQ,135391,72885,53.83
20,1582,MUKANDLTD,EQ,187703,111042,59.16
20,1583,MUKKA,EQ,1553103,1114344,71.75
20,1584,MUKTAARTS,EQ,6982,5618,80.46
20,1585,MUNJALAU,EQ,228740,127050,55.54
20,1586,MUNJALSHOW,EQ,220326,74126,33.64
20,1587,MURUDCERA,EQ,85329,59136,69.30
20,1588,MUTHOOTCAP,EQ,38717,23667,61.13
20,1589,MUTHOOTFIN,EQ,645190,245681,38.08
20,1590,MUTHOOTMF,EQ,240396,128195,53.33
20,1591,MVGJL,EQ,26763,12684,47.39
20,1592,MVKAGRO,SM,45600,32400,71.05
20,1593,MWL,SM,18000,14400,80.00
20,1594,NACLIND,EQ,74039,40485,54.68
20,1595,NAGAFERT,EQ,2189729,1277737,58.35
20,1596,NAGREEKEXP,EQ,60886,20583,33.81
20,1597,NAHARCAP,EQ,15445,4510,29.20
20,1598,NAHARINDUS,EQ,89893,37624,41.85
20,1599,NAHARPOLY,EQ,99098,59995,60.54
20,1600,NAHARSPING,EQ,73408,27107,36.93
20,1601,NAMAN,SM,188800,128000,67.80
20,1602,NAM-INDIA,EQ,763581,475499,62.27
20,1603,NATCOPHARM,EQ,585277,300296,51.31
20,1604,NATHBIOGEN,EQ,200839,107760,53.65
20,1605,NATIONALUM,EQ,18248253,6834324,37.45
20,1606,NAUKRI,EQ,228088,113431,49.73
20,1607,NAVA,EQ,192400,102204,53.12
20,1608,NAVINFLUOR,EQ,231028,126087,54.58
20,1609,NAVINIFTY,EQ,764,713,93.32
20,1610,NAVKARCORP,EQ,7299655,2205827,30.22
20,1611,NAVNETEDUL,EQ,230224,128284,55.72
20,1612,NAZARA,EQ,397418,161849,40.73
20,1613,NBCC,EQ,26146457,8610486,32.93
20,1614,NBIFIN,EQ,1554,1025,65.96
20,1615,NCC,EQ,4451519,1405329,31.57
20,1616,NCLIND,EQ,303932,130419,42.91
20,1617,NDL,EQ,1344934,563029,41.86
20,1618,NDLVENTURE,EQ,5679,2513,44.25
20,1619,NDRAUTO,EQ,958183,120486,12.57
20,1620,NDTV,EQ,149683,64391,43.02
20,1621,NECCLTD,EQ,358447,180093,50.24
20,1622,NECLIFE,EQ,1131365,550979,48.70
20,1623,NELCAST,EQ,71131,34719,48.81
20,1624,NELCO,EQ,334488,121135,36.22
20,1625,NEOGEN,EQ,59590,30014,50.37
20,1626,NEPHROCARE,ST,43200,43200,100.00
20,1627,NESCO,EQ,115519,46382,40.15
20,1628,NESTLEIND,EQ,534990,314121,58.72
20,1629,NETF,EQ,2265,2033,89.76
20,1630,NETWEB,EQ,126025,69611,55.24
20,1631,NETWORK18,EQ,1311417,743611,56.70
20,1632,NEULANDLAB,EQ,69559,29895,42.98
20,1633,NEWGEN,EQ,139241,86592,62.19
20,1634,NEWJAISA,SM,363000,304500,83.88
20,1635,NEXT50,EQ,10522,7142,67.88
20,1636,NEXT50IETF,EQ,477161,334702,70.14
20,1637,NEXTMEDIA,EQ,17284,9065,52.45
20,1638,NFL,EQ,21259665,6583600,30.97
20,1639,NGIL,EQ,101640,41635,40.96
20,1640,NGLFINE,EQ,2461,1436,58.35
20,1641,NH,EQ,273548,131848,48.20
20,1642,NHIT,IV,600000,600000,100.00
20,1643,NHPC,EQ,134958277,38316174,28.39
20,1644,NIACL,EQ,3963664,857384,21.63
20,1645,NIBL,EQ,15227,8784,57.69
20,1646,NIDAN,SM,22000,11000,50.00
20,1647,NIF100BEES,EQ,78184,57211,73.17
20,1648,NIF100IETF,EQ,101159,81554,80.62
20,1649,NIF10GETF,EQ,1788,1579,88.31
20,1650,NIF5GETF,EQ,165,164,99.39
20,1651,NIFITETF,EQ,2014,1831,90.91
20,1652,NIFMID150,EQ,6154,4908,79.75
20,1653,NIFTY1,EQ,20810,16232,78.00
20,1654,NIFTY50ADD,EQ,6011,4924,81.92
20,1655,NIFTYBEES,EQ,3795056,2667934,70.30
20,1656,NIFTYBETF,EQ,3709,3599,97.03
20,1657,NIFTYETF,EQ,39451,28565,72.41
20,1658,NIFTYIETF,EQ,226605,153227,67.62
20,1659,NIFTYQLITY,EQ,62925,36271,57.64
20,1660,NIITLTD,EQ,843718,362605,42.98
20,1661,NIITMTS,EQ,70560,34628,49.08
20,1662,NILAINFRA,EQ,1083398,649140,59.92
20,1663,NILKAMAL,EQ,14501,9740,67.17
20,1664,NINSYS,EQ,4117,2450,59.51
20,1665,NIPPOBATRY,EQ,19916,11215,56.31
20,1666,NIRAJ,EQ,48258,25004,51.81
20,1667,NIRMAN,SM,103200,63600,61.63
20,1668,NITCO,EQ,136313,76880,56.40
20,1669,NITINSPIN,EQ,149748,84534,56.45
20,1670,NKIND,EQ,776,505,65.08
20,1671,NLCINDIA,EQ,20720522,5780788,27.90
20,1672,NMDC,EQ,12405644,5363606,43.24
20,1673,NOCIL,EQ,818021,359953,44.00
20,1674,NORBTEAEXP,EQ,12864,5267,40.94
20,1675,NOVAAGRI,EQ,2522551,1269637,50.33
20,1676,NPBET,EQ,1066,938,87.99
20,1677,NPST,SM,14500,10200,70.34
20,1678,NRAIL,EQ,16692,7606,45.57
20,1679,NRBBEARING,EQ,198400,78566,39.60
20,1680,NRL,EQ,396352,221025,55.76
20,1681,NSIL,EQ,5826,3173,54.46
20,1682,NSLNISP,EQ,12440009,3860931,31.04
20,1683,NTPC,EQ,17715196,7855675,44.34
20,1684,NUCLEUS,EQ,36041,21886,60.73
20,1685,NURECA,EQ,13776,7007,50.86
20,1686,NUVAMA,EQ,52353,22424,42.83
20,1687,NUVOCO,EQ,323990,166276,51.32
20,1688,NV20,EQ,24835,12501,50.34
20,1689,NV20BEES,EQ,77220,68983,89.33
20,1690,NV20IETF,EQ,794896,539663,67.89
20,1691,NXST,RR,2740042,2624989,95.80
20,1692,NYKAA,EQ,8600872,3285892,38.20
20,1693,OAL,EQ,56904,29087,51.12
20,1694,OBCL,EQ,22383,15686,70.08
20,1695,OBEROIRLTY,EQ,886851,368294,41.53
20,1696,OFSS,EQ,174464,76768,44.00
20,1697,OIL,EQ,2515806,1109855,44.12
20,1698,OLECTRA,EQ,1267500,419932,33.13
20,1699,OLIL,SM,208800,127200,60.92
20,1700,OMAXE,EQ,1902920,1081152,56.82
20,1701,OMFURN,SM,12000,12000,100.00
20,1702,ONDOOR,SM,31800,25800,81.13
20,1703,ONEPOINT,EQ,2537777,997763,39.32
20,1704,ONGC,EQ,19278800,8137762,42.21
20,1705,ONMOBILE,EQ,872037,455721,52.26
20,1706,ONWARDTEC,EQ,44771,21301,47.58
20,1707,OPTIEMUS,EQ,894615,365445,40.85
20,1708,ORBTEXP,EQ,6730,3717,55.23
20,1709,ORCHPHARMA,EQ,95813,46428,48.46
20,1710,ORIANA,SM,87450,46950,53.69
20,1711,ORICONENT,EQ,308069,155784,50.57
20,1712,ORIENTALTL,EQ,164158,69845,42.55
20,1713,ORIENTBELL,EQ,23940,8726,36.45
20,1714,ORIENTCEM,EQ,1438117,806875,56.11
20,1715,ORIENTCER,EQ,75551,43378,57.42
20,1716,ORIENTELEC,EQ,543348,280175,51.56
20,1717,ORIENTHOT,EQ,218941,95755,43.74
20,1718,ORIENTLTD,EQ,10317,6257,60.65
20,1719,ORIENTPPR,EQ,4867248,1938102,39.82
20,1720,ORISSAMINE,EQ,33082,14135,42.73
20,1721,ORTINLAB,EQ,13954,11516,82.53
20,1722,OSWALAGRO,EQ,125593,62502,49.77
20,1723,OSWALGREEN,EQ,367854,146820,39.91
20,1724,OWAIS,SM,25600,14400,56.25
20,1725,PAGEIND,EQ,11878,3934,33.12
20,1726,PAISALO,EQ,1006863,537757,53.41
20,1727,PAKKA,EQ,98557,59179,60.05
20,1728,PALASHSECU,EQ,4762,2290,48.09
20,1729,PANACEABIO,EQ,209837,75541,36.00
20,1730,PANAMAPET,EQ,219891,110942,50.45
20,1731,PANSARI,EQ,9370,5909,63.06
20,1732,PAR,EQ,16208,10466,64.57
20,1733,PARADEEP,EQ,5679953,1968039,34.65
20,1734,PARAGMILK,EQ,447112,176112,39.39
20,1735,PARAGON,SM,54000,37200,68.89
20,1736,PARAS,EQ,387043,160388,41.44
20,1737,PARIN,SM,8000,7000,87.50
20,1738,PARKHOTELS,EQ,626713,262022,41.81
20,1739,PARSVNATH,EQ,711263,515576,72.49
20,1740,PARTYCRUS,SM,6000,6000,100.00
20,1741,PASHUPATI,SM,800,800,100.00
20,1742,PASUPTAC,EQ,287700,139985,48.66
20,1743,PATANJALI,EQ,938818,523958,55.81
20,1744,PATELENG,EQ,13849149,7657349,55.29
20,1745,PATINTLOG,EQ,474271,228069,48.09
20,1746,PATTECH,ST,9000,9000,100.00
20,1747,PAVNAIND,EQ,18863,9436,50.02
20,1748,PAYTM,EQ,6211525,2947553,47.45
20,1749,PCBL,EQ,1303829,644617,49.44
20,1750,PCCL,ST,269600,261600,97.03
20,1751,PCJEWELLER,EQ,20153431,6658675,33.04
20,1752,PDMJEPAPER,EQ,394560,176859,44.82
20,1753,PDSL,EQ,87608,52725,60.18
20,1754,PEL,EQ,662890,267901,40.41
20,1755,PENIND,EQ,718602,261221,36.35
20,1756,PENINLAND,EQ,1586134,700555,44.17
20,1757,PENTAGON,SM,15000,12000,80.00
20,1758,PERFECT,SM,42000,39000,92.86
20,1759,PERSISTENT,EQ,535137,336137,62.81
20,1760,PETRONET,EQ,2353686,842675,35.80
20,1761,PFC,EQ,23340064,6500505,27.85
20,1762,PFIZER,EQ,229239,60461,26.37
20,1763,PFOCUS,EQ,317412,132321,41.69
20,1764,PFS,EQ,7105604,3285999,46.25
20,1765,PGEL,EQ,1551279,848305,54.68
20,1766,PGHH,EQ,11048,6906,62.51
20,1767,PGHL,EQ,7121,3505,49.22
20,1768,PGIL,EQ,67536,26092,38.63
20,1769,PGINVIT,IV,589557,546191,92.64
20,1770,PHANTOMFX,SM,87300,61800,70.79
20,1771,PHARMABEES,EQ,8081988,5103802,63.15
20,1772,PHOENIXLTD,EQ,378586,200792,53.04
20,1773,PIDILITIND,EQ,637183,305569,47.96
20,1774,PIIND,EQ,168976,70823,41.91
20,1775,PILANIINVS,EQ,10125,3852,38.04
20,1776,PILITA,EQ,273934,166456,60.77
20,1777,PIONEEREMB,EQ,125093,74333,59.42
20,1778,PITTIENG,EQ,131657,49868,37.88
20,1779,PIXTRANS,EQ,23773,12652,53.22
20,1780,PLASTIBLEN,EQ,23566,13331,56.57
20,1781,PLATIND,EQ,2030380,771358,37.99
20,1782,PLAZACABLE,EQ,82166,43739,53.23
20,1783,PNB,EQ,48724410,17871802,36.68
20,1784,PNBGILTS,EQ,1010711,396806,39.26
20,1785,PNBHOUSING,EQ,1256303,691613,55.05
20,1786,PNC,EQ,54663,24927,45.60
20,1787,PNCINFRA,EQ,1502972,492237,32.75
20,1788,POCL,EQ,101989,46631,45.72
20,1789,PODDARMENT,EQ,14486,6501,44.88
20,1790,POKARNA,EQ,45287,18776,41.46
20,1791,POLICYBZR,EQ,672931,342694,50.93
20,1792,POLYCAB,EQ,381571,156767,41.08
20,1793,POLYMED,EQ,159596,47833,29.97
20,1794,POLYPLEX,EQ,181485,80070,44.12
20,1795,POLYSIL,SM,20000,12000,60.00
20,1796,PONNIERODE,EQ,87985,36305,41.26
20,1797,POONAWALLA,EQ,7832047,3717810,47.47
20,1798,POWERGRID,EQ,10662609,4672974,43.83
20,1799,POWERINDIA,EQ,76245,40874,53.61
20,1800,POWERMECH,EQ,308042,85786,27.85
20,1801,PPAP,EQ,31280,10843,34.66
20,1802,PPL,EQ,159561,72340,45.34
20,1803,PPLPHARMA,EQ,2143256,1024594,47.81
20,1804,PRAENG,EQ,96983,52226,53.85
20,1805,PRAJIND,EQ,1328757,370831,27.91
20,1806,PRAKASH,EQ,2178786,895240,41.09
20,1807,PRAMARA,SM,8000,8000,100.00
20,1808,PRATHAM,SM,72000,44800,62.22
20,1809,PRECAM,EQ,156179,82232,52.65
20,1810,PRECISION,SM,12000,12000,100.00
20,1811,PRECOT,EQ,5908,3945,66.77
20,1812,PRECWIRE,EQ,662882,292464,44.12
20,1813,PREMIERPOL,EQ,123288,76525,62.07
20,1814,PRESSTONIC,SM,88800,47200,53.15
20,1815,PRESTIGE,EQ,810175,335743,41.44
20,1816,PRICOLLTD,EQ,660473,314394,47.60
20,1817,PRIMESECU,EQ,73168,34635,47.34
20,1818,PRINCEPIPE,EQ,325299,279358,85.88
20,1819,PRITI,EQ,28749,23600,82.09
20,1820,PRITIKA,SM,118000,70000,59.32
20,1821,PRITIKAUTO,EQ,221433,126415,57.09
20,1822,PRIVISCL,EQ,35762,16361,45.75
20,1823,PRLIND,SM,238000,140000,58.82
20,1824,PROLIFE,SM,500,500,100.00
20,1825,PROPEQUITY,SM,19200,19200,100.00
20,1826,PROV,SM,640,480,75.00
20,1827,PROZONER,EQ,411423,184192,44.77
20,1828,PRSMJOHNSN,EQ,3200039,348294,10.88
20,1829,PRUDENT,EQ,15734,8487,53.94
20,1830,PRUDMOULI,EQ,5865,3694,62.98
20,1831,PSB,EQ,2528967,744148,29.42
20,1832,PSPPROJECT,EQ,46016,22372,48.62
20,1833,PSUBANK,EQ,54436,33399,61.35
20,1834,PSUBANKADD,EQ,20641,17467,84.62
20,1835,PSUBNKBEES,EQ,4228770,2517352,59.53
20,1836,PSUBNKIETF,EQ,628597,435448,69.27
20,1837,PTC,EQ,1743983,700760,40.18
20,1838,PTCIL,EQ,28299,11263,39.80
20,1839,PTL,EQ,247296,138641,56.06
20,1840,PULZ,SM,11000,7000,63.64
20,1841,PUNJABCHEM,EQ,9353,4679,50.03
20,1842,PURVFLEXI,SM,20800,17600,84.62
20,1843,PVP,EQ,428111,302935,70.76
20,1844,PVRINOX,EQ,357524,142494,39.86
20,1845,PVSL,EQ,86359,43753,50.66
20,1846,PVTBANIETF,EQ,793521,599261,75.52
20,1847,PVTBANKADD,EQ,40637,29677,73.03
20,1848,PYRAMID,EQ,125985,50018,39.70
20,1849,QGOLDHALF,EQ,19485,12250,62.87
20,1850,QMSMEDI,SM,57000,43000,75.44
20,1851,QNIFTY,EQ,657,634,96.50
20,1852,QUADPRO,SM,72000,60000,83.33
20,1853,QUAL30IETF,EQ,106252,80454,75.72
20,1854,QUESS,EQ,329158,254042,77.18
20,1855,QUESTLAB,SM,48000,38400,80.00
20,1856,QUICKHEAL,EQ,170702,57212,33.52
20,1857,QUICKTOUCH,SM,24000,17500,72.92
20,1858,RACE,EQ,27578,17692,64.15
20,1859,RADHIKAJWE,EQ,549606,231754,42.17
20,1860,RADIANTCMS,EQ,337863,199448,59.03
20,1861,RADICO,EQ,105790,53091,50.19
20,1862,RADIOCITY,EQ,798786,457942,57.33
20,1863,RADIOCITY,P1,2635,2635,100.00
20,1864,RADIOWALLA,SM,14400,12800,88.89
20,1865,RAILTEL,EQ,10847725,1987676,18.32
20,1866,RAIN,EQ,3970935,1392930,35.08
20,1867,RAINBOW,EQ,80877,35731,44.18
20,1868,RAJESHEXPO,EQ,22800345,1810388,7.94
20,1869,RAJMET,EQ,2468381,1565124,63.41
20,1870,RAJRATAN,EQ,61060,27797,45.52
20,1871,RAJSREESUG,EQ,412561,185032,44.85
20,1872,RALLIS,EQ,667834,276761,41.44
20,1873,RAMANEWS,EQ,76323,40245,52.73
20,1874,RAMAPHO,EQ,27045,15486,57.26
20,1875,RAMASTEEL,EQ,8941686,3722295,41.63
20,1876,RAMCOCEM,EQ,690821,190764,27.61
20,1877,RAMCOIND,EQ,147172,63520,43.16
20,1878,RAMKY,EQ,191440,84089,43.92
20,1879,RAMRAT,EQ,106432,34041,31.98
20,1880,RANASUG,EQ,1076241,447514,41.58
20,1881,RANEENGINE,EQ,9054,4926,54.41
20,1882,RANEHOLDIN,EQ,22112,15874,71.79
20,1883,RATEGAIN,EQ,631342,384288,60.87
20,1884,RATNAMANI,EQ,30903,13024,42.14
20,1885,RATNAVEER,EQ,837008,449790,53.74
20,1886,RAYMOND,EQ,1558117,269868,17.32
20,1887,RBA,EQ,6508372,4151570,63.79
20,1888,RBL,EQ,34242,14536,42.45
20,1889,RBLBANK,EQ,9902203,3120580,31.51
20,1890,RBMINFRA,SM,34200,25400,74.27
20,1891,RBS,SM,30400,28800,94.74
20,1892,RCDL,SM,48000,36000,75.00
20,1893,RCF,EQ,18043004,5727260,31.74
20,1894,RECLTD,EQ,31225972,11780500,37.73
20,1895,REDINGTON,EQ,1267250,621429,49.04
20,1896,REDTAPE,EQ,167313,102341,61.17
20,1897,REFEX,EQ,2039744,844702,41.41
20,1898,REFRACTORY,SM,184000,140000,76.09
20,1899,RELAXO,EQ,86283,36081,41.82
20,1900,RELCHEMQ,EQ,59499,27124,45.59
20,1901,RELIABLE,EQ,3900,3900,100.00
20,1902,RELIANCE,EQ,3567289,1741440,48.82
20,1903,RELIGARE,EQ,1611653,901970,55.97
20,1904,RELINFRA,EQ,3595272,1826833,50.81
20,1905,REMSONSIND,EQ,35226,21913,62.21
20,1906,REMUS,SM,6200,3700,59.68
20,1907,RENUKA,EQ,18538114,4140054,22.33
20,1908,REPCOHOME,EQ,334850,157025,46.89
20,1909,REPL,EQ,7855,4120,52.45
20,1910,REPRO,EQ,14378,7524,52.33
20,1911,RESPONIND,EQ,1153643,203859,17.67
20,1912,RETAIL,EQ,288728,148610,51.47
20,1913,REXPIPES,SM,32000,32000,100.00
20,1914,RGL,EQ,188734,85895,45.51
20,1915,RHIM,EQ,181454,114963,63.36
20,1916,RHL,EQ,13562,9262,68.29
20,1917,RICOAUTO,EQ,2651670,883710,33.33
20,1918,RIIL,EQ,290289,83166,28.65
20,1919,RILINFRA,SM,37100,37100,100.00
20,1920,RISHABH,EQ,44071,23514,53.35
20,1921,RITCO,EQ,190757,72577,38.05
20,1922,RITES,EQ,3174470,783313,24.68
20,1923,RITEZONE,SM,9600,9600,100.00
20,1924,RKFORGE,EQ,669656,296254,44.24
20,1925,RKSWAMY,EQ,136650,85676,62.70
20,1926,RMDRIP,SM,45000,44000,97.78
20,1927,RML,EQ,10149,4998,49.25
20,1928,ROCKINGDCE,SM,30500,15250,50.00
20,1929,ROHLTD,EQ,141032,69654,49.39
20,1930,ROLEXRINGS,EQ,284416,56261,19.78
20,1931,ROSSARI,EQ,139520,62628,44.89
20,1932,ROSSELLIND,EQ,262829,91228,34.71
20,1933,ROTO,EQ,225111,96226,42.75
20,1934,ROUTE,EQ,206830,53223,25.73
20,1935,ROXHITECH,SM,94400,65600,69.49
20,1936,RPGLIFE,EQ,14074,7625,54.18
20,1937,RPOWER,EQ,18387825,9766688,53.11
20,1938,RPPINFRA,EQ,5690831,1103712,19.39
20,1939,RPPL,EQ,124526,44679,35.88
20,1940,RPSGVENT,EQ,98136,44727,45.58
20,1941,RPTECH,EQ,2567931,753584,29.35
20,1942,RRKABEL,EQ,186909,126075,67.45
20,1943,RSWM,EQ,140727,67917,48.26
20,1944,RSYSTEMS,EQ,77137,40322,52.27
20,1945,RTNINDIA,EQ,2790914,940674,33.70
20,1946,RTNPOWER,EQ,26011645,16009104,61.55
20,1947,RUBYMILLS,EQ,66521,37127,55.81
20,1948,RUCHINFRA,EQ,344217,214358,62.27
20,1949,RUCHIRA,EQ,105230,52490,49.88
20,1950,RULKA,SM,52200,26400,50.57
20,1951,RUPA,EQ,314659,127933,40.66
20,1952,RUSHIL,EQ,149055,71258,47.81
20,1953,RUSTOMJEE,EQ,163368,91020,55.71
20,1954,RVHL,EQ,60518,43411,71.73
20,1955,RVNL,EQ,211547060,21799191,10.30
20,1956,SAAKSHI,SM,33000,24600,74.55
20,1957,SABAR,SM,85000,85000,100.00
20,1958,SADBHIN,EQ,750592,542125,72.23
20,1959,SADHAV,SM,80400,48000,59.70
20,1960,SADHNANIQ,EQ,1418786,496007,34.96
20,1961,SAFARI,EQ,36213,11434,31.57
20,1962,SAGARDEEP,EQ,227511,170442,74.92
20,1963,SAGCEM,EQ,166312,59511,35.78
20,1964,SAH,EQ,232426,108684,46.76
20,1965,SAHANA,SM,17750,11250,63.38
20,1966,SAHYADRI,EQ,7010,4607,65.72
20,1967,SAIFL,SM,50400,36000,71.43
20,1968,SAIL,EQ,39898433,12517055,31.37
20,1969,SAKAR,EQ,44618,11849,26.56
20,1970,SAKHTISUG,EQ,942275,434496,46.11
20,1971,SAKSOFT,EQ,611724,227622,37.21
20,1972,SAKUMA,EQ,13630236,2228936,16.35
20,1973,SALASAR,EQ,3972867,2182068,54.92
20,1974,SALONA,EQ,5204,1813,34.84
20,1975,SALZERELEC,EQ,108637,51590,47.49
20,1976,SAMBHAAV,EQ,430054,218826,50.88
20,1977,SAMHI,EQ,989475,638114,64.49
20,1978,SANDESH,EQ,9253,6510,70.36
20,1979,SANDHAR,EQ,695388,281336,40.46
20,1980,SANDUMA,EQ,230552,95717,41.52
20,1981,SANGAMIND,EQ,54593,23298,42.68
20,1982,SANGHIIND,EQ,1125938,570760,50.69
20,1983,SANGHVIMOV,EQ,181369,63825,35.19
20,1984,SANGINITA,EQ,95487,57704,60.43
20,1985,SANOFI,EQ,12274,7586,61.81
20,1986,SANSERA,EQ,235163,129600,55.11
20,1987,SAPPHIRE,EQ,33166,16462,49.64
20,1988,SARDAEN,EQ,1615643,624683,38.66
20,1989,SAREGAMA,EQ,410974,216700,52.73
20,1990,SARLAPOLY,EQ,823385,314335,38.18
20,1991,SARTELE,SM,259000,167500,64.67
20,1992,SARVESHWAR,EQ,6414820,3413296,53.21
20,1993,SASKEN,EQ,18876,9407,49.84
20,1994,SASTASUNDR,EQ,76751,33296,43.38
20,1995,SATIA,EQ,683029,289667,42.41
20,1996,SATIN,EQ,332896,193415,58.10
20,1997,SATINDLTD,EQ,256830,107987,42.05
20,1998,SAURASHCEM,EQ,199769,98738,49.43
20,1999,SBC,EQ,2595251,986113,38.00
20,2000,SBCL,EQ,268611,137191,51.07
20,2001,SBFC,EQ,1785896,832095,46.59
20,2002,SBGLP,EQ,527277,322845,61.23
20,2003,SBICARD,EQ,2384876,1354943,56.81
20,2004,SBIETFCON,EQ,6824,5233,76.69
20,2005,SBIETFIT,EQ,12044,8818,73.21
20,2006,SBIETFPB,EQ,38820,33060,85.16
20,2007,SBIETFQLTY,EQ,29753,28533,95.90
20,2008,SBILIFE,EQ,1964480,1203539,61.27
20,2009,SBIN,EQ,17343236,6292509,36.28
20,2010,SBISILVER,EQ,1775642,1642835,92.52
20,2011,SCHAEFFLER,EQ,247505,126003,50.91
20,2012,SCHAND,EQ,100016,49090,49.08
20,2013,SCHNEIDER,EQ,301049,173139,57.51
20,2014,SCI,EQ,10382994,2542891,24.49
20,2015,SCILAL,EQ,4596545,1985197,43.19
20,2016,SCML,SM,28000,20000,71.43
20,2017,SCPL,EQ,100477,35043,34.88
20,2018,SDBL,EQ,764880,333439,43.59
20,2019,SDL24BEES,EQ,844973,844377,99.93
20,2020,SDL26BEES,EQ,6876,908,13.21
20,2021,SEAMECLTD,EQ,112244,49206,43.84
20,2022,SECL,SM,12500,6250,50.00
20,2023,SEL,SM,5600,5200,92.86
20,2024,SELAN,EQ,111687,48201,43.16
20,2025,SELMC,EQ,19923,10610,53.26
20,2026,SENCO,EQ,191361,129214,67.52
20,2027,SENSEXADD,EQ,981,836,85.22
20,2028,SENSEXETF,EQ,12845,8703,67.75
20,2029,SENSEXIETF,EQ,2668,1505,56.41
20,2030,SEPC,EQ,7919973,3901800,49.27
20,2031,SEQUENT,EQ,875171,366688,41.90
20,2032,SERVICE,SM,20000,18000,90.00
20,2033,SERVOTECH,EQ,2060493,975940,47.36
20,2034,SESHAPAPER,EQ,55507,25154,45.32
20,2035,SETF10GILT,EQ,35297,30295,85.83
20,2036,SETFGOLD,EQ,534603,468768,87.69
20,2037,SETFNIF50,EQ,739686,521851,70.55
20,2038,SETFNIFBK,EQ,25024,20633,82.45
20,2039,SETFNN50,EQ,33202,22035,66.37
20,2040,SFL,EQ,165977,90135,54.31
20,2041,SFLZC25A,ZK,18,18,100.00
20,2042,SFLZC26A,ZC,200,200,100.00
20,2043,SGBAPR28I,GB,85,59,69.41
20,2044,SGBAUG24,GB,137,97,70.80
20,2045,SGBAUG27,GB,111,103,92.79
20,2046,SGBAUG28V,GB,495,388,78.38
20,2047,SGBAUG29V,GB,52,44,84.62
20,2048,SGBAUG30,GB,162,139,85.80
20,2049,SGBD29VIII,GB,74,59,79.73
20,2050,SGBDC27VII,GB,37,19,51.35
20,2051,SGBDE30III,GB,355,163,45.92
20,2052,SGBDE31III,GB,2102,1922,91.44
20,2053,SGBFEB29XI,GB,66,36,54.55
20,2054,SGBFEB32IV,GB,1420,1015,71.48
20,2055,SGBJ28VIII,GB,4,4,100.00
20,2056,SGBJAN26,GB,2,2,100.00
20,2057,SGBJAN29IX,GB,139,103,74.10
20,2058,SGBJAN29X,GB,6,5,83.33
20,2059,SGBJAN30IX,GB,138,122,88.41
20,2060,SGBJU29III,GB,307,188,61.24
20,2061,SGBJUL25,GB,233,187,80.26
20,2062,SGBJUL27,GB,52,40,76.92
20,2063,SGBJUL28IV,GB,323,292,90.40
20,2064,SGBJUL29IV,GB,96,78,81.25
20,2065,SGBJUN27,GB,16,16,100.00
20,2066,SGBJUN28,GB,118,90,76.27
20,2067,SGBJUN29II,GB,51,46,90.20
20,2068,SGBJUN30,GB,71,57,80.28
20,2069,SGBJUN31I,GB,654,483,73.85
20,2070,SGBMAR25,GB,169,141,83.43
20,2071,SGBMAR28X,GB,7,7,100.00
20,2072,SGBMAR30X,GB,61,43,70.49
20,2073,SGBMAR31IV,GB,125,95,76.00
20,2074,SGBMAY25,GB,65,54,83.08
20,2075,SGBMAY28,GB,149,107,71.81
20,2076,SGBMAY29I,GB,376,257,68.35
20,2077,SGBMR29XII,GB,163,120,73.62
20,2078,SGBN28VIII,GB,143,96,67.13
20,2079,SGBNOV24,GB,189,141,74.60
20,2080,SGBNOV258,GB,1,1,100.00
20,2081,SGBNOV26,GB,66,45,68.18
20,2082,SGBNV29VII,GB,90,64,71.11
20,2083,SGBOC28VII,GB,396,207,52.27
20,2084,SGBOCT25IV,GB,81,49,60.49
20,2085,SGBOCT25V,GB,1,1,100.00
20,2086,SGBOCT27VI,GB,2,2,100.00
20,2087,SGBSEP24,GB,38,36,94.74
20,2088,SGBSEP27,GB,57,54,94.74
20,2089,SGBSEP28VI,GB,513,365,71.15
20,2090,SGBSEP29VI,GB,546,340,62.27
20,2091,SGBSEP31II,GB,856,683,79.79
20,2092,SGIL,EQ,48503,28262,58.27
20,2093,SGL,EQ,43793,25770,58.85
20,2094,SHAH,EQ,1363049,995391,73.03
20,2095,SHAHALLOYS,EQ,62751,47463,75.64
20,2096,SHAILY,EQ,191029,113745,59.54
20,2097,SHALBY,EQ,391067,174405,44.60
20,2098,SHALPAINTS,EQ,558922,242476,43.38
20,2099,SHANKARA,EQ,103737,58525,56.42
20,2100,SHANTHALA,SM,9600,7200,75.00
20,2101,SHANTIGEAR,EQ,124336,40488,32.56
20,2102,SHARDACROP,EQ,160414,65922,41.09
20,2103,SHARDAMOTR,EQ,178415,85038,47.66
20,2104,SHAREINDIA,EQ,654665,366514,55.98
20,2105,SHAREINDIA,W1,20740,20688,99.75
20,2106,SHARIABEES,EQ,3193,2211,69.25
20,2107,SHEETAL,ST,24000,24000,100.00
20,2108,SHEMAROO,EQ,54595,25851,47.35
20,2109,SHERA,SM,70000,44000,62.86
20,2110,SHIGAN,SM,6000,6000,100.00
20,2111,SHILPAMED,EQ,397343,162511,40.90
20,2112,SHIVALIK,EQ,75629,42476,56.16
20,2113,SHIVAMAUTO,EQ,83078,45846,55.18
20,2114,SHIVAMILLS,EQ,12826,8776,68.42
20,2115,SHIVATEX,EQ,30148,21179,70.25
20,2116,SHK,EQ,388744,227441,58.51
20,2117,SHOPERSTOP,EQ,1417608,146166,10.31
20,2118,SHREDIGCEM,EQ,788551,354425,44.95
20,2119,SHREECEM,EQ,42280,24167,57.16
20,2120,SHREEKARNI,SM,52800,34800,65.91
20,2121,SHREEOSFM,SM,22000,16000,72.73
20,2122,SHREEPUSHK,EQ,544693,264858,48.63
20,2123,SHREYANIND,EQ,105481,57955,54.94
20,2124,SHREYAS,EQ,55711,30068,53.97
20,2125,SHRIPISTON,EQ,67857,38120,56.18
20,2126,SHRIRAMFIN,EQ,1660147,1151579,69.37
20,2127,SHRIRAMPPS,EQ,1655715,775082,46.81
20,2128,SHRITECH,SM,38000,34000,89.47
20,2129,SHUBHLAXMI,SM,3000,3000,100.00
20,2130,SHYAMMETL,EQ,789726,370490,46.91
20,2131,SIEMENS,EQ,328691,114745,34.91
20,2132,SIGACHI,EQ,4761026,1300197,27.31
20,2133,SIGIND,EQ,105808,54293,51.31
20,2134,SIGMA,EQ,9211,5882,63.86
20,2135,SIGNATURE,EQ,570497,114415,20.06
20,2136,SIGNPOST,EQ,40393,20412,50.53
20,2137,SIL,EQ,232749,143702,61.74
20,2138,SILGO,EQ,55463,19655,35.44
20,2139,SILINV,EQ,17142,6770,39.49
20,2140,SILKFLEX,SM,42000,30000,71.43
20,2141,SILLYMONKS,EQ,58715,50429,85.89
20,2142,SILVER,EQ,91851,75176,81.85
20,2143,SILVER1,EQ,47753,39557,82.84
20,2144,SILVERADD,EQ,41041,30534,74.40
20,2145,SILVERBEES,EQ,3856274,2539973,65.87
20,2146,SILVERETF,EQ,127175,98488,77.44
20,2147,SILVERIETF,EQ,804818,778489,96.73
20,2148,SILVERTUC,EQ,26855,7263,27.05
20,2149,SILVRETF,EQ,4469,4129,92.39
20,2150,SINCLAIR,EQ,68472,43600,63.68
20,2151,SINDHUTRAD,EQ,656554,307110,46.78
20,2152,SINTERCOM,EQ,9555,7690,80.48
20,2153,SIRCA,EQ,412307,184571,44.77
20,2154,SIS,EQ,79892,36949,46.25
20,2155,SIYSIL,EQ,111152,52234,46.99
20,2156,SJLOGISTIC,SM,69000,56000,81.16
20,2157,SJS,EQ,101260,56952,56.24
20,2158,SJVN,EQ,31536147,9043413,28.68
20,2159,SKFINDIA,EQ,64614,40666,62.94
20,2160,SKIPPER,EQ,506281,205051,40.50
20,2161,SKIPPERPP,E1,190,127,66.84
20,2162,SKMEGGPROD,EQ,109142,47001,43.06
20,2163,SKP,SM,12500,8500,68.00
20,2164,SLONE,SM,94400,62400,66.10
20,2165,SMALLCAP,EQ,1643496,1433125,87.20
20,2166,SMCGLOBAL,EQ,266944,128247,48.04
20,2167,SMLISUZU,EQ,13539,7020,51.85
20,2168,SMLT,EQ,29459,17752,60.26
20,2169,SMSLIFE,EQ,3744,1834,48.99
20,2170,SMSPHARMA,EQ,604967,511914,84.62
20,2171,SMVD,ST,4040,4040,100.00
20,2172,SNOWMAN,EQ,1430041,639387,44.71
20,2173,SOBHA,EQ,84188,45410,53.94
20,2174,SOFTTECH,EQ,4886,2547,52.13
20,2175,SOLARA,EQ,409826,215807,52.66
20,2176,SOLARAPP,E1,58715,43655,74.35
20,2177,SOLARINDS,EQ,78031,36607,46.91
20,2178,SOLEX,SM,32400,23800,73.46
20,2179,SOMANYCERA,EQ,75062,23609,31.45
20,2180,SONACOMS,EQ,1838313,930069,50.59
20,2181,SONAMAC,SM,61000,43000,70.49
20,2182,SONAMLTD,EQ,9455,4478,47.36
20,2183,SONATSOFTW,EQ,264966,99668,37.62
20,2184,SONUINFRA,SM,75000,63000,84.00
20,2185,SOTAC,SM,22800,19200,84.21
20,2186,SOTL,EQ,220130,83848,38.09
20,2187,SOUTHBANK,EQ,21578098,11301961,52.38
20,2188,SOUTHWEST,EQ,172387,93558,54.27
20,2189,SPAL,EQ,31493,11420,36.26
20,2190,SPANDANA,EQ,224565,106546,47.45
20,2191,SPARC,EQ,585504,300581,51.34
20,2192,SPCENET,EQ,1456760,797523,54.75
20,2193,SPCL,ST,376800,360000,95.54
20,2194,SPECIALITY,EQ,104082,67622,64.97
20,2195,SPECTRUM,SM,10750,8375,77.91
20,2196,SPECTSTM,SM,116800,114400,97.95
20,2197,SPENCERS,EQ,419745,174335,41.53
20,2198,SPIC,EQ,1716970,643197,37.46
20,2199,SPLIL,EQ,129024,67202,52.08
20,2200,SPLPETRO,EQ,204782,109267,53.36
20,2201,SPMLINFRA,EQ,185560,112750,60.76
20,2202,SPORTKING,EQ,110941,40346,36.37
20,2203,SPRL,ST,57600,47200,81.94
20,2204,SREEL,EQ,16340,10131,62.00
20,2205,SRF,EQ,367639,157989,42.97
20,2206,SRGHFL,EQ,38287,17329,45.26
20,2207,SRHHYPOLTD,EQ,95055,43290,45.54
20,2208,SRIVASAVI,SM,16000,16000,100.00
20,2209,SRM,EQ,51881,27148,52.33
20,2210,SSFL,SM,16000,11000,68.75
20,2211,SSWL,EQ,372477,171346,46.00
20,2212,STANLEY,EQ,855804,348455,40.72
20,2213,STAR,EQ,148470,65267,43.96
20,2214,STARCEMENT,EQ,257563,122133,47.42
20,2215,STARHEALTH,EQ,890651,666921,74.88
20,2216,STARPAPER,EQ,50372,19586,38.88
20,2217,STARTECK,EQ,4459,2582,57.91
20,2218,STCINDIA,EQ,121598,48999,40.30
20,2219,STEELCAS,EQ,54933,21041,38.30
20,2220,STEELCITY,EQ,30892,18243,59.05
20,2221,STEELXIND,EQ,2904494,1352092,46.55
20,2222,STEL,EQ,10887,4688,43.06
20,2223,STERTOOLS,EQ,184264,78128,42.40
20,2224,STLTECH,EQ,1909788,794686,41.61
20,2225,STOVEKRAFT,EQ,177855,84671,47.61
20,2226,STYLAMIND,EQ,70460,40244,57.12
20,2227,STYRENIX,EQ,137208,69590,50.72
20,2228,SUBEXLTD,EQ,8800061,3239859,36.82
20,2229,SUBROS,EQ,197929,76352,38.58
20,2230,SUDARSCHEM,EQ,613154,240195,39.17
20,2231,SUKHJITS,EQ,8247,4493,54.48
20,2232,SULA,EQ,367083,179833,48.99
20,2233,SUMICHEM,EQ,639727,308165,48.17
20,2234,SUMMITSEC,EQ,13428,6164,45.90
20,2235,SUNCLAY,EQ,8028,4199,52.30
20,2236,SUNDARAM,EQ,12411831,5991855,48.28
20,2237,SUNDARMFIN,EQ,29551,15800,53.47
20,2238,SUNDARMHLD,EQ,133458,69608,52.16
20,2239,SUNDRMBRAK,EQ,1732,1337,77.19
20,2240,SUNDRMFAST,EQ,64142,41865,65.27
20,2241,SUNFLAG,EQ,914613,273622,29.92
20,2242,SUNPHARMA,EQ,1899956,1307457,68.82
20,2243,SUNREST,SM,1600,1600,100.00
20,2244,SUNTECK,EQ,964699,395121,40.96
20,2245,SUNTV,EQ,459765,91515,19.90
20,2246,SUPERHOUSE,EQ,30816,12085,39.22
20,2247,SUPERSPIN,EQ,129630,71891,55.46
20,2248,SUPRAJIT,EQ,828232,227591,27.48
20,2249,SUPREMEIND,EQ,266304,83150,31.22
20,2250,SUPREMEPWR,SM,275000,146000,53.09
20,2251,SUPRIYA,EQ,576955,266769,46.24
20,2252,SURAJEST,EQ,200814,101982,50.78
20,2253,SURANI,SM,11000,7000,63.64
20,2254,SURYALAXMI,EQ,74665,43266,57.95
20,2255,SURYAROSNI,EQ,292759,105281,35.96
20,2256,SURYODAY,EQ,471178,280527,59.54
20,2257,SUTLEJTEX,EQ,199414,93313,46.79
20,2258,SUVEN,EQ,353876,244756,69.16
20,2259,SUVENPHAR,EQ,262332,135444,51.63
20,2260,SUVIDHAA,EQ,210225,133513,63.51
20,2261,SUZLON,EQ,37727227,24764649,65.64
20,2262,SVLL,EQ,2469,1146,46.42
20,2263,SVPGLOB,EQ,94997,65172,68.60
20,2264,SWANENERGY,EQ,9650607,4464321,46.26
20,2265,SWARAJ,SM,23000,19000,82.61
20,2266,SWARAJENG,EQ,11741,4280,36.45
20,2267,SWASTIK,SM,21600,18000,83.33
20,2268,SWELECTES,EQ,94337,42964,45.54
20,2269,SWSOLAR,EQ,1272504,768345,60.38
20,2270,SYLVANPLY,ST,1230000,1066000,86.67
20,2271,SYMPHONY,EQ,49255,21879,44.42
20,2272,SYNCOMF,EQ,3392134,1558686,45.95
20,2273,SYNGENE,EQ,1452816,808494,55.65
20,2274,SYNOPTICS,SM,8400,7200,85.71
20,2275,SYRMA,EQ,265691,114844,43.22
20,2276,SYSTANGO,SM,34800,26400,75.86
20,2277,TAC,SM,190800,111600,58.49
20,2278,TAJGVK,EQ,96554,49084,50.84
20,2279,TAKE,EQ,152605,95741,62.74
20,2280,TALBROAUTO,EQ,4785745,1088381,22.74
20,2281,TANLA,EQ,256884,98476,38.33
20,2282,TAPIFRUIT,SM,9750,9750,100.00
20,2283,TARC,EQ,2507329,1459359,58.20
20,2284,TARSONS,EQ,57021,25582,44.86
20,2285,TASTYBITE,EQ,3393,1849,54.49
20,2286,TATACHEM,EQ,2550443,1325630,51.98
20,2287,TATACOMM,EQ,248412,76037,30.61
20,2288,TATACONSUM,EQ,1015150,483612,47.64
20,2289,TATAELXSI,EQ,225270,87664,38.92
20,2290,TATAGOLD,EQ,2288958,1812328,79.18
20,2291,TATAINVEST,EQ,18537,12739,68.72
20,2292,TATAMOTORS,EQ,13412206,7177447,53.51
20,2293,TATAMTRDVR,EQ,982057,468644,47.72
20,2294,TATAPOWER,EQ,8745713,3078114,35.20
20,2295,TATASTEEL,EQ,41525591,20789124,50.06
20,2296,TATATECH,EQ,902487,398596,44.17
20,2297,TATSILV,EQ,736142,556032,75.53
20,2298,TATVA,EQ,55908,28994,51.86
20,2299,TBI,SM,134400,85200,63.39
20,2300,TBOTEK,EQ,89236,43622,48.88
20,2301,TBZ,EQ,1706989,573397,33.59
20,2302,TCHF30,NB,170,164,96.47
20,2303,TCI,EQ,68385,47563,69.55
20,2304,TCIEXP,EQ,25069,14790,59.00
20,2305,TCL,SM,183200,136800,74.67
20,2306,TCLCONS,EQ,59507,36293,60.99
20,2307,TCNSBRANDS,EQ,130131,61154,46.99
20,2308,TCPLPACK,EQ,4029,1568,38.92
20,2309,TCS,EQ,2669716,1713731,64.19
20,2310,TDPOWERSYS,EQ,973362,425475,43.71
20,2311,TEAMLEASE,EQ,68189,29807,43.71
20,2312,TECH,EQ,24630,18479,75.03
20,2313,TECHLABS,SM,77000,37500,48.70
20,2314,TECHM,EQ,802718,385066,47.97
20,2315,TEGA,EQ,83480,20559,24.63
20,2316,TEJASNET,EQ,640666,344695,53.80
20,2317,TEMBO,EQ,60198,18768,31.18
20,2318,TEXINFRA,EQ,1389472,526083,37.86
20,2319,TEXMOPIPES,EQ,164298,110604,67.32
20,2320,TEXRAIL,EQ,11942067,3433451,28.75
20,2321,TFCILTD,EQ,1430364,668924,46.77
20,2322,TGBHOTELS,EQ,324952,196545,60.48
20,2323,TGL,SM,177600,108000,60.81
20,2324,THANGAMAYL,EQ,78104,27623,35.37
20,2325,THEINVEST,EQ,49262,32744,66.47
20,2326,THEJO,EQ,41265,16464,39.90
20,2327,THEMISMED,EQ,183682,87971,47.89
20,2328,THERMAX,EQ,99766,47025,47.14
20,2329,THOMASCOOK,EQ,829696,483160,58.23
20,2330,THYROCARE,EQ,255945,181704,70.99
20,2331,TI,EQ,673403,262480,38.98
20,2332,TIDEWATER,EQ,43775,16864,38.52
20,2333,TIIL,EQ,58037,46769,80.58
20,2334,TIINDIA,EQ,331361,169702,51.21
20,2335,TIMESCAN,SM,18000,12000,66.67
20,2336,TIMESGTY,EQ,6777,4763,70.28
20,2337,TIMETECHNO,EQ,1395182,446708,32.02
20,2338,TIMKEN,EQ,52924,25958,49.05
20,2339,TIPSFILMS,EQ,7832,4308,55.01
20,2340,TIPSINDLTD,EQ,1174773,493423,42.00
20,2341,TIRUMALCHM,EQ,922917,427550,46.33
20,2342,TIRUPATI,SM,16250,16250,100.00
20,2343,TITAGARH,EQ,1661268,853800,51.39
20,2344,TITAN,EQ,1437517,676720,47.08
20,2345,TMB,EQ,84998,51549,60.65
20,2346,TNIDETF,EQ,71242,52807,74.12
20,2347,TNPETRO,EQ,1103171,735800,66.70
20,2348,TNPL,EQ,192136,97661,50.83
20,2349,TOKYOPLAST,EQ,45208,27340,60.48
20,2350,TOP100CASE,EQ,235781,215366,91.34
20,2351,TORNTPHARM,EQ,232495,121750,52.37
20,2352,TORNTPOWER,EQ,767922,645978,84.12
20,2353,TOUCHWOOD,EQ,1701,931,54.73
20,2354,TPHQ,EQ,40211007,17144983,42.64
20,2355,TPLPLASTEH,EQ,265749,87425,32.90
20,2356,TRACXN,EQ,557592,248937,44.65
20,2357,TRANSTEEL,SM,44000,30000,68.18
20,2358,TREEHOUSE,EQ,66335,39259,59.18
20,2359,TREL,EQ,625881,270460,43.21
20,2360,TRENT,EQ,425869,224348,52.68
20,2361,TRIDENT,EQ,8232539,3518657,42.74
20,2362,TRIDHYA,SM,24000,18000,75.00
20,2363,TRITURBINE,EQ,429819,239502,55.72
20,2364,TRIVENI,EQ,1040482,304194,29.24
20,2365,TRU,EQ,13282039,1128586,8.50
20,2366,TRUST,SM,43200,34800,80.56
20,2367,TTKHLTCARE,EQ,5611,2816,50.19
20,2368,TTKPRESTIG,EQ,96001,48010,50.01
20,2369,TTL,EQ,61581,39520,64.18
20,2370,TTML,EQ,2565942,867912,33.82
20,2371,TV18BRDCST,EQ,6824465,3616470,52.99
20,2372,TVSELECT,EQ,81423,28662,35.20
20,2373,TVSHLTD,EQ,2452,1315,53.63
20,2374,TVSMOTOR,EQ,1400944,859401,61.34
20,2375,TVSSCS,EQ,1175004,476145,40.52
20,2376,TVSSRICHAK,EQ,34017,10787,31.71
20,2377,TVTODAY,EQ,807025,287790,35.66
20,2378,UBL,EQ,110845,36922,33.31
20,2379,UCAL,EQ,370701,160955,43.42
20,2380,UCL,SM,20000,14000,70.00
20,2381,UCOBANK,EQ,8337963,2857800,34.27
20,2382,UDAICEMENT,EQ,1388692,607910,43.78
20,2383,UDS,EQ,103473,53698,51.90
20,2384,UFLEX,EQ,156670,80099,51.13
20,2385,UFO,EQ,580374,227442,39.19
20,2386,UGARSUGAR,EQ,343810,168952,49.14
20,2387,UGROCAP,EQ,202059,108985,53.94
20,2388,UJJIVANSFB,EQ,16133562,8747810,54.22
20,2389,ULTRACEMCO,EQ,202406,94914,46.89
20,2390,UMA,SM,288000,152000,52.78
20,2391,UMAEXPORTS,EQ,200691,56724,28.26
20,2392,UMANGDAIRY,EQ,100548,53054,52.76
20,2393,UMESLTD,EQ,979381,646268,65.99
20,2394,UNICHEMLAB,EQ,31641,12616,39.87
20,2395,UNIDT,EQ,25089,18931,75.46
20,2396,UNIENTER,EQ,364057,355921,97.77
20,2397,UNIHEALTH,SM,4000,3000,75.00
20,2398,UNIINFO,EQ,12266,10094,82.29
20,2399,UNIONBANK,EQ,10287227,3927360,38.18
20,2400,UNIPARTS,EQ,103283,69109,66.91
20,2401,UNITDSPR,EQ,854243,514302,60.21
20,2402,UNITEDPOLY,EQ,36333,14792,40.71
20,2403,UNITEDTEA,EQ,25927,18411,71.01
20,2404,UNIVCABLES,EQ,174839,52905,30.26
20,2405,UNIVPHOTO,EQ,2023,1182,58.43
20,2406,UNOMINDA,EQ,1265638,603156,47.66
20,2407,UPL,EQ,2033444,814308,40.05
20,2408,URBAN,SM,35600,22400,62.92
20,2409,URJA,EQ,2981860,1802907,60.46
20,2410,USASEEDS,SM,8400,5700,67.86
20,2411,USHAMART,EQ,1230711,591977,48.10
20,2412,UTIAMC,EQ,232739,130531,56.08
20,2413,UTIBANKETF,EQ,87142,76319,87.58
20,2414,UTINEXT50,EQ,225033,139701,62.08
20,2415,UTINIFTETF,EQ,29560,28411,96.11
20,2416,UTISENSETF,EQ,2683,1612,60.08
20,2417,UTISXN50,EQ,2554,2388,93.50
20,2418,UTKARSHBNK,EQ,3167882,1945583,61.42
20,2419,UTTAMSUGAR,EQ,133456,64579,48.39
20,2420,VADILALIND,EQ,9016,5294,58.72
20,2421,VAIBHAVGBL,EQ,424697,210644,49.60
20,2422,VAISHALI,EQ,129069,95008,73.61
20,2423,VAKRANGEE,EQ,9972274,4604761,46.18
20,2424,VALIANTLAB,EQ,135388,59421,43.89
20,2425,VALIANTORG,EQ,45813,24463,53.40
20,2426,VARDHACRLC,EQ,129280,70575,54.59
20,2427,VARDMNPOLY,EQ,170960,146018,85.41
20,2428,VARROC,EQ,257741,96580,37.47
20,2429,VASA,SM,92000,72000,78.26
20,2430,VASCONEQ,EQ,1685750,842462,49.98
20,2431,VBL,EQ,1300758,906117,69.66
20,2432,VEDL,EQ,11556309,4667350,40.39
20,2433,VEEKAYEM,SM,4000,3500,87.50
20,2434,VELS,SM,10800,10800,100.00
20,2435,VENKEYS,EQ,26267,12817,48.80
20,2436,VENUSPIPES,EQ,259418,217565,83.87
20,2437,VENUSREM,EQ,76688,46349,60.44
20,2438,VERANDA,EQ,998975,710125,71.09
20,2439,VERITAAS,SM,31200,18000,57.69
20,2440,VERTEXPLUS,ST,1200,600,50.00
20,2441,VERTOZ,EQ,5405248,2423925,44.84
20,2442,VESUVIUS,EQ,25885,11153,43.09
20,2443,VETO,EQ,1228326,429016,34.93
20,2444,VGUARD,EQ,645762,233452,36.15
20,2445,VHL,EQ,5558,2701,48.60
20,2446,VIAZ,SM,26000,14000,53.85
20,2447,VIDHIING,EQ,24030,13273,55.24
20,2448,VIJAYA,EQ,818282,149230,18.24
20,2449,VIKASECO,EQ,10004779,4815949,48.14
20,2450,VIKASLIFE,EQ,11387062,5595533,49.14
20,2451,VILAS,SM,260000,163000,62.69
20,2452,VIMTALABS,EQ,17527,7885,44.99
20,2453,VINATIORGA,EQ,35511,16515,46.51
20,2454,VINDHYATEL,EQ,40261,19630,48.76
20,2455,VINEETLAB,EQ,250290,75999,30.36
20,2456,VINNY,EQ,249223,172834,69.35
20,2457,VINSYS,SM,36000,16500,45.83
20,2458,VINYAS,SM,4600,4400,95.65
20,2459,VINYLINDIA,EQ,38843,20421,52.57
20,2460,VIPCLOTHNG,EQ,1761638,660885,37.52
20,2461,VIPIND,EQ,542641,343035,63.22
20,2462,VIPULLTD,EQ,316915,114549,36.15
20,2463,VIRINCHI,EQ,659856,365225,55.35
20,2464,VISAKAIND,EQ,328989,181757,55.25
20,2465,VISAMAN,ST,54000,48000,88.89
20,2466,VISHNU,EQ,138111,86748,62.81
20,2467,VISHNUINFR,SM,72000,57500,79.86
20,2468,VISHWARAJ,EQ,1353462,602116,44.49
20,2469,VISHWAS,SM,22400,14400,64.29
20,2470,VITAL,SM,532800,289200,54.28
20,2471,VIVIANA,SM,5500,5500,100.00
20,2472,VLSFINANCE,EQ,559388,220307,39.38
20,2473,VMARCIND,SM,84000,70000,83.33
20,2474,VMART,EQ,33240,15268,45.93
20,2475,VOLTAMP,EQ,25645,11384,44.39
20,2476,VOLTAS,EQ,831731,358753,43.13
20,2477,VPRPL,EQ,1212964,613927,50.61
20,2478,VR,SM,1600,1600,100.00
20,2479,VRLLOG,EQ,84026,38282,45.56
20,2480,VSCL,ST,21000,18000,85.71
20,2481,VSSL,EQ,92783,39569,42.65
20,2482,VSTIND,EQ,12122,7445,61.42
20,2483,VSTTILLERS,EQ,6812,3532,51.85
20,2484,VTL,EQ,1621596,267198,16.48
20,2485,WABAG,EQ,762835,223276,29.27
20,2486,WALCHANNAG,EQ,3183121,1176451,36.96
20,2487,WALPAR,SM,5000,5000,100.00
20,2488,WANBURY,EQ,209263,136814,65.38
20,2489,WEALTH,EQ,6622,3796,57.32
20,2490,WELCORP,EQ,2042026,999133,48.93
20,2491,WELENT,EQ,1001949,351648,35.10
20,2492,WELINV,EQ,441,235,53.29
20,2493,WELSPUNLIV,EQ,9965160,3708308,37.21
20,2494,WENDT,EQ,1937,831,42.90
20,2495,WESTLIFE,EQ,235918,135250,57.33
20,2496,WHEELS,EQ,113408,46577,41.07
20,2497,WHIRLPOOL,EQ,359876,232044,64.48
20,2498,WILLAMAGOR,EQ,20693,8675,41.92
20,2499,WINDLAS,EQ,60754,24073,39.62
20,2500,WINDMACHIN,EQ,228886,109575,47.87
20,2501,WINNY,ST,54000,48000,88.89
20,2502,WINSOL,SM,100800,59200,58.73
20,2503,WIPL,EQ,10020,6921,69.07
20,2504,WIPRO,EQ,4616874,1897558,41.10
20,2505,WOCKPHARMA,EQ,1140212,434807,38.13
20,2506,WOMANCART,SM,20800,20800,100.00
20,2507,WONDERLA,EQ,63688,29363,46.10
20,2508,WORTH,EQ,53325,29783,55.85
20,2509,WSI,EQ,230801,105608,45.76
20,2510,WSTCSTPAPR,EQ,183390,88678,48.35
20,2511,WTICAB,SM,142000,92000,64.79
20,2512,XCHANGING,EQ,740288,264435,35.72
20,2513,XPROINDIA,EQ,20059,7648,38.13
20,2514,YASHO,EQ,24732,17624,71.26
20,2515,YASHOPTICS,SM,108800,67200,61.76
20,2516,YATHARTH,EQ,461707,280762,60.81
20,2517,YATRA,EQ,630607,474134,75.19
20,2518,YCCL,SM,30000,30000,100.00
20,2519,YESBANK,EQ,239758474,75239578,31.38
20,2520,YUDIZ,ST,1600,1600,100.00
20,2521,YUKEN,EQ,465905,164229,35.25
20,2522,ZAGGLE,EQ,903615,378101,41.84
20,2523,ZEAL,SM,25800,21000,81.40
20,2524,ZEEL,EQ,9702233,5235529,53.96
20,2525,ZEEMEDIA,EQ,9439417,3115462,33.00
20,2526,ZENITHDRUG,SM,102400,80000,78.13
20,2527,ZENSARTECH,EQ,619778,323537,52.20
20,2528,ZENTEC,EQ,380833,236287,62.04
20,2529,ZFCVINDIA,EQ,24158,11495,47.58
20,2530,ZIMLAB,EQ,192021,105365,54.87
20,2531,ZOMATO,EQ,29852043,13782988,46.17
20,2532,ZOTA,EQ,35143,20613,58.65
20,2533,ZTECH,SM,523200,211200,40.37
20,2534,ZUARI,EQ,598095,275722,46.10
20,2535,ZUARIIND,EQ,308330,149509,48.49
20,2536,ZYDUSLIFE,EQ,1576765,741128,47.00
20,2537,ZYDUSWELL,EQ,201459,104315,51.78
