Security Wise Delivery Position - Compulsory Rolling Settlement
10,MTO,19042024,1263468825,0002400
Trade Date <19-APR-2024>,Settlement Type <N>
Record Type,Sr No,Name of Security,Quantity Traded,Deliverable Quantity(gross across client level),% of Deliverable Quantity to Traded Quantity
20,1,182D031024,TB,2000,2000,100.00
20,2,182D060624,TB,100,100,100.00
20,3,182D111024,TB,100,100,100.00
20,4,182D130624,TB,100,100,100.00
20,5,182D160524,TB,100,100,100.00
20,6,182D180724,TB,100,100,100.00
20,7,182D190924,TB,500,500,100.00
20,8,182D200624,TB,200,200,100.00
20,9,182D220824,TB,700,500,71.43
20,10,182D230524,TB,1000,1000,100.00
20,11,182D270624,TB,100,100,100.00
20,12,20MICRONS,EQ,69517,21023,30.24
20,13,360ONE,EQ,957760,286574,29.92
20,14,364D110425,TB,16600,16500,99.40
20,15,364D121224,TB,100,100,100.00
20,16,364D141124,TB,300,300,100.00
20,17,364D200225,TB,100,100,100.00
20,18,364D200325,TB,100,100,100.00
20,19,364D211124,TB,100,100,100.00
20,20,364D250724,TB,100,100,100.00
20,21,3IINFOLTD,EQ,937264,504713,53.85
20,22,3MINDIA,EQ,1820,598,32.86
20,23,522GS2025,GS,98,98,100.00
20,24,563GS2026,GS,200,200,100.00
20,25,574GS2026,GS,39,39,100.00
20,26,579GS2030,GS,200,200,100.00
20,27,585GS2030,GS,1000,1000,100.00
20,28,5PAISA,EQ,154955,71542,46.17
20,29,63MOONS,EQ,70602,34661,49.09
20,30,654GS2032,GS,102363,92312,90.18
20,31,667GS2050,GS,902,902,100.00
20,32,669GS2024,GS,6604,3303,50.02
20,33,676GS2061,GS,3532,3532,100.00
20,34,689GS2025,GS,100,100,100.00
20,35,695GS2061,GS,97,94,96.91
20,36,699GS2026,GS,10000,10000,100.00
20,37,706GS2028,GS,80097,80097,100.00
20,38,710GS2029,GS,18921,16526,87.34
20,39,717GS2030,GS,17620,12762,72.43
20,40,718GS2033,GS,11956,11956,100.00
20,41,718GS2037,GS,8980,8880,98.89
20,42,725GS2063,GS,31921,27486,86.11
20,43,726GS2032,GS,72001,72001,100.00
20,44,726GS2033,GS,2750,2750,100.00
20,45,732GS2030,GS,4800,2400,50.00
20,46,733GS2026,GS,26800,26800,100.00
20,47,736GS2052,GS,11405,11405,100.00
20,48,737GS2028,GS,350,350,100.00
20,49,738GS2027,GS,48586,46887,96.50
20,50,73GS2053,GS,27958,27858,99.64
20,51,741GS2036,GS,6897,6897,100.00
20,52,746GS2073,GS,15201,15201,100.00
20,53,74GS2062,GS,4,4,100.00
20,54,754GS2036,GS,726270,723693,99.65
20,55,764KA39,SG,300,300,100.00
20,56,772GS2049,GS,2,2,100.00
20,57,77AP38,SG,100,100,100.00
20,58,77TS38,SG,100,100,100.00
20,59,817GS2044,GS,13,13,100.00
20,60,824GS2027,GS,4000,4000,100.00
20,61,832GS2032,GS,4574,4574,100.00
20,62,83GS2040,GS,8622,8622,100.00
20,63,897GS2030,GS,4897,4897,100.00
20,64,91D020524,TB,3500,3500,100.00
20,65,91D040724,TB,1400,1400,100.00
20,66,91D060624,TB,2200,2200,100.00
20,67,91D090524,TB,500,500,100.00
20,68,91D130624,TB,1600,1600,100.00
20,69,91D160524,TB,5900,5900,100.00
20,70,91D230524,TB,500,500,100.00
20,71,91D250424,TB,800,800,100.00
20,72,91D270624,TB,200,200,100.00
20,73,91D300524,TB,400,400,100.00
20,74,92GS2030,GS,1205,1199,99.50
20,75,AAATECH,EQ,1286941,375729,29.20
20,76,AAKASH,EQ,552195,369232,66.87
20,77,AARON,EQ,7444,5230,70.26
20,78,AARTECH,EQ,244627,131580,53.79
20,79,AARTIDRUGS,EQ,104914,45669,43.53
20,80,AARTIIND,EQ,1183477,387333,32.73
20,81,AARTIPHARM,EQ,252538,90722,35.92
20,82,AARTISURF,EQ,16990,6966,41.00
20,83,AARTISURF,P1,20,0,0.00
20,84,AARVEEDEN,EQ,13472,8144,60.45
20,85,AARVI,EQ,45279,29034,64.12
20,86,AATMAJ,SM,18000,14000,77.78
20,87,AAVAS,EQ,171601,69177,40.31
20,88,ABB,EQ,286043,105039,36.72
20,89,ABBOTINDIA,EQ,19821,9065,45.73
20,90,ABCAPITAL,EQ,4895460,934607,19.09
20,91,ABCOTS,SM,4000,4000,100.00
20,92,ABFRL,EQ,1702525,546872,32.12
20,93,ABINFRA,SM,4000,4000,100.00
20,94,ABMINTLLTD,EQ,385,142,36.88
20,95,ABSLAMC,EQ,132115,73614,55.72
20,96,ABSLBANETF,EQ,49975,34067,68.17
20,97,ABSLLIQUID,EQ,4569,2949,64.54
20,98,ABSLNN50ET,EQ,9170,7592,82.79
20,99,ACC,EQ,312710,137926,44.11
20,100,ACCELYA,EQ,48590,21255,43.74
20,101,ACCENTMIC,SM,19000,15000,78.95
20,102,ACE,EQ,292295,163532,55.95
20,103,ACEINTEG,EQ,9142,5267,57.61
20,104,ACI,EQ,796938,194920,24.46
20,105,ACL,EQ,43646,29258,67.03
20,106,ACLGATI,EQ,227581,104970,46.12
20,107,ACSAL,SM,6000,6000,100.00
20,108,ADANIENSOL,EQ,794936,299214,37.64
20,109,ADANIENT,EQ,1727317,684825,39.65
20,110,ADANIGREEN,EQ,665956,341063,51.21
20,111,ADANIPORTS,EQ,3899281,1665991,42.73
20,112,ADANIPOWER,EQ,2363186,985768,41.71
20,113,ADFFOODS,EQ,1761540,717590,40.74
20,114,ADL,EQ,1772,1229,69.36
20,115,ADORWELD,EQ,8439,4015,47.58
20,116,ADROITPP,X1,28068,28000,99.76
20,117,ADSL,EQ,413718,172738,41.75
20,118,ADVANIHOTR,EQ,130784,65847,50.35
20,119,ADVENZYMES,EQ,114421,50569,44.20
20,120,AEGISCHEM,EQ,1221020,243544,19.95
20,121,AEROFLEX,EQ,606178,203879,33.63
20,122,AETHER,EQ,31255,15356,49.13
20,123,AFFLE,EQ,166838,94519,56.65
20,124,AGARIND,EQ,51045,30800,60.34
20,125,AGARWALFT,SM,6000,6000,100.00
20,126,AGI,EQ,94532,46887,49.60
20,127,AGNI,ST,85000,85000,100.00
20,128,AGRITECH,EQ,12029,4737,39.38
20,129,AGROPHOS,EQ,66038,33902,51.34
20,130,AHL,EQ,200270,180138,89.95
20,131,AHLADA,EQ,54495,35593,65.31
20,132,AHLEAST,EQ,20485,11896,58.07
20,133,AHLUCONT,EQ,37101,22590,60.89
20,134,AIAENG,EQ,14797,6493,43.88
20,135,AILIMITED,SM,6000,6000,100.00
20,136,AIROLAM,EQ,24030,10375,43.18
20,137,AIRTELPP,E1,990410,870601,87.90
20,138,AISL,SM,6000,4800,80.00
20,139,AJANTPHARM,EQ,34465,20921,60.70
20,140,AJMERA,EQ,118173,30699,25.98
20,141,AJOONI,EQ,285773,151778,53.11
20,142,AKANKSHA,SM,60000,52000,86.67
20,143,AKASH,EQ,57286,40819,71.25
20,144,AKG,EQ,32501,26919,82.83
20,145,AKZOINDIA,EQ,9271,5037,54.33
20,146,ALBERTDAVD,EQ,2989,1777,59.45
20,147,ALEMBICLTD,EQ,520568,176840,33.97
20,148,ALICON,EQ,6267,2927,46.70
20,149,ALKALI,EQ,10864,5983,55.07
20,150,ALKEM,EQ,94277,47256,50.12
20,151,ALKYLAMINE,EQ,23662,10258,43.35
20,152,ALLCARGO,EQ,1031782,400666,38.83
20,153,ALLETEC,SM,28000,17600,62.86
20,154,ALLSEC,EQ,18915,10397,54.97
20,155,ALPA,EQ,90374,52733,58.35
20,156,ALPEXSOLAR,SM,258000,187200,72.56
20,157,ALPHA,EQ,691577,466776,67.49
20,158,ALPHAETF,EQ,114296,104289,91.24
20,159,ALPHAGEO,EQ,40764,21018,51.56
20,160,ALPL30IETF,EQ,180364,153154,84.91
20,161,ALUWIND,ST,231000,216000,93.51
20,162,AMBER,EQ,93866,23130,24.64
20,163,AMBICAAGAR,EQ,21958,14413,65.64
20,164,AMBIKCO,EQ,4601,2154,46.82
20,165,AMBUJACEM,EQ,2001911,670046,33.47
20,166,AMDIND,EQ,41761,14085,33.73
20,167,AMIABLE,SM,3200,1600,50.00
20,168,AMIORG,EQ,207877,131400,63.21
20,169,AMJLAND,EQ,43351,22331,51.51
20,170,AMNPLST,EQ,7839,5647,72.04
20,171,AMRUTANJAN,EQ,26791,13234,49.40
20,172,ANANDRATHI,EQ,124469,55378,44.49
20,173,ANANTRAJ,EQ,1124178,520804,46.33
20,174,ANDHRAPAP,EQ,70235,38939,55.44
20,175,ANDHRSUGAR,EQ,105050,48120,45.81
20,176,ANGELONE,EQ,1161724,577428,49.70
20,177,ANIKINDS,EQ,22294,17244,77.35
20,178,ANKITMETAL,EQ,45970,40877,88.92
20,179,ANLON,SM,4400,3200,72.73
20,180,ANMOL,EQ,1681342,829021,49.31
20,181,ANNAPURNA,SM,24000,16000,66.67
20,182,ANUP,EQ,19092,11273,59.05
20,183,ANURAS,EQ,337967,93242,27.59
20,184,APARINDS,EQ,62317,28227,45.30
20,185,APCL,EQ,24583,13577,55.23
20,186,APCOTEXIND,EQ,23458,11094,47.29
20,187,APEX,EQ,151817,68288,44.98
20,188,APLAPOLLO,EQ,303345,185141,61.03
20,189,APLLTD,EQ,69069,29617,42.88
20,190,APOLLO,EQ,602090,334454,55.55
20,191,APOLLOHOSP,EQ,560178,205997,36.77
20,192,APOLLOPIPE,EQ,34376,16392,47.68
20,193,APOLLOTYRE,EQ,1677526,438475,26.14
20,194,APOLSINHOT,EQ,1447,895,61.85
20,195,APS,SM,244000,126000,51.64
20,196,APTECHT,EQ,71193,29990,42.12
20,197,APTUS,EQ,100340,47267,47.11
20,198,ARABIAN,SM,2000,2000,100.00
20,199,ARCHIDPLY,EQ,108043,55561,51.42
20,200,ARE&M,EQ,6039615,887332,14.69
20,201,ARENTERP,EQ,14608,12448,85.21
20,202,ARHAM,SM,36000,32000,88.89
20,203,ARIES,EQ,62602,29765,47.55
20,204,ARIHANTACA,SM,1600,800,50.00
20,205,ARIHANTCAP,EQ,147654,97188,65.82
20,206,ARIHANTSUP,EQ,84698,56098,66.23
20,207,ARISTO,SM,9600,9600,100.00
20,208,ARMANFIN,EQ,32179,14498,45.05
20,209,AROGRANITE,EQ,43199,24769,57.34
20,210,ARROWGREEN,EQ,21914,14186,64.73
20,211,ARTEMISMED,EQ,54066,26898,49.75
20,212,ARVIND,EQ,314464,162055,51.53
20,213,ARVINDFASN,EQ,116538,56330,48.34
20,214,ARVSMART,EQ,57622,25676,44.56
20,215,ASAHIINDIA,EQ,70908,29622,41.78
20,216,ASAHISONG,EQ,6790,3100,45.66
20,217,ASAL,EQ,61767,33391,54.06
20,218,ASALCBR,EQ,81284,39552,48.66
20,219,ASHAPURMIN,EQ,57564,40304,70.02
20,220,ASHIANA,EQ,352872,89406,25.34
20,221,ASHIMASYN,EQ,363016,246176,67.81
20,222,ASHOKA,EQ,1385742,645813,46.60
20,223,ASHOKLEY,EQ,10957286,4256476,38.85
20,224,ASIANENE,EQ,13063,8303,63.56
20,225,ASIANPAINT,EQ,1337807,673503,50.34
20,226,ASIANTILES,EQ,361637,171720,47.48
20,227,ASKAUTOLTD,EQ,929663,469631,50.52
20,228,ASMS,EQ,61973,61973,100.00
20,229,ASPINWALL,EQ,11486,8452,73.59
20,230,ASPIRE,SM,752000,366000,48.67
20,231,ASTEC,EQ,45915,20775,45.25
20,232,ASTERDM,EQ,4698361,3107051,66.13
20,233,ASTRAL,EQ,494224,264961,53.61
20,234,ASTRAMICRO,EQ,407682,124928,30.64
20,235,ASTRAZEN,EQ,22305,17952,80.48
20,236,ATALREAL,EQ,1100656,714089,64.88
20,237,ATAM,EQ,55630,34184,61.45
20,238,ATFL,EQ,299074,277950,92.94
20,239,ATGL,EQ,982963,311447,31.68
20,240,ATL,EQ,213316,91220,42.76
20,241,ATLANTAA,EQ,1532827,459645,29.99
20,242,ATMASTCO,SM,153600,94400,61.46
20,243,ATUL,EQ,109761,72598,66.14
20,244,ATULAUTO,EQ,102916,37833,36.76
20,245,AUBANK,EQ,2304049,875958,38.02
20,246,AURDIS,SM,2500,2000,80.00
20,247,AUROIMPEX,SM,14400,12800,88.89
20,248,AUROPHARMA,EQ,1304443,592899,45.45
20,249,AUSOMENT,EQ,2907,1954,67.22
20,250,AUTOAXLES,EQ,18794,9435,50.20
20,251,AUTOBEES,EQ,1549637,1428279,92.17
20,252,AUTOIETF,EQ,236107,112970,47.85
20,253,AUTOIND,EQ,118858,53595,45.09
20,254,AVADHSUGAR,EQ,15424,6346,41.14
20,255,AVALON,EQ,90032,49167,54.61
20,256,AVANTIFEED,EQ,469658,82701,17.61
20,257,AVG,EQ,47609,23240,48.81
20,258,AVONMORE,EQ,27054,16167,59.76
20,259,AVPINFRA,SM,153600,108800,70.83
20,260,AVROIND,EQ,47703,24237,50.81
20,261,AVTNPL,EQ,144209,75716,52.50
20,262,AWHCL,EQ,125225,51619,41.22
20,263,AWL,EQ,847877,352839,41.61
20,264,AXISBANK,EQ,21598007,13302410,61.59
20,265,AXISBNKETF,EQ,3127,3045,97.38
20,266,AXISBPSETF,EQ,24468,15142,61.88
20,267,AXISCADES,EQ,33836,15976,47.22
20,268,AXISCETF,EQ,625,548,87.68
20,269,AXISGOLD,EQ,369563,190289,51.49
20,270,AXISHCETF,EQ,7726,6884,89.10
20,271,AXISILVER,EQ,8105,5524,68.16
20,272,AXISNIFTY,EQ,9599,8891,92.62
20,273,AXISTECETF,EQ,9594,8063,84.04
20,274,AXITA,EQ,1028603,468687,45.57
20,275,AXSENSEX,EQ,6178,785,12.71
20,276,AYMSYNTEX,EQ,42654,27585,64.67
20,277,AZAD,EQ,136131,60456,44.41
20,278,BABAFP,SM,16000,9600,60.00
20,279,BAHETI,SM,3000,3000,100.00
20,280,BAIDFIN,EQ,56064,38009,67.80
20,281,BAJAJ-AUTO,EQ,1385007,504865,36.45
20,282,BAJAJCON,EQ,178691,118946,66.57
20,283,BAJAJELEC,EQ,57076,20463,35.85
20,284,BAJAJFINSV,EQ,1242066,497630,40.06
20,285,BAJAJHCARE,EQ,89515,49821,55.66
20,286,BAJAJHIND,EQ,7092636,2307862,32.54
20,287,BAJAJHLDNG,EQ,31951,18224,57.04
20,288,BAJEL,EQ,5451354,1605999,29.46
20,289,BAJFINANCE,EQ,1218375,482523,39.60
20,290,BALAJITELE,EQ,115352,74994,65.01
20,291,BALAMINES,EQ,41342,17575,42.51
20,292,BALAXI,EQ,4082,2690,65.90
20,293,BALKRISIND,EQ,162894,64358,39.51
20,294,BALMLAWRIE,EQ,542599,235215,43.35
20,295,BALPHARMA,EQ,9789,7516,76.78
20,296,BALRAMCHIN,EQ,837182,351229,41.95
20,297,BANARBEADS,EQ,8377,1381,16.49
20,298,BANARISUG,EQ,220,110,50.00
20,299,BANCOINDIA,EQ,53004,23723,44.76
20,300,BANDHANBNK,EQ,9249379,3461665,37.43
20,301,BANKBARODA,EQ,9169415,1744395,19.02
20,302,BANKBEES,EQ,702079,347145,49.45
20,303,BANKBETF,EQ,150654,150367,99.81
20,304,BANKETF,EQ,3040,2131,70.10
20,305,BANKETFADD,EQ,2809,1362,48.49
20,306,BANKIETF,EQ,260555,211006,80.98
20,307,BANKINDIA,EQ,8745605,3589565,41.04
20,308,BANKNIFTY1,EQ,27417,22294,81.31
20,309,BANSWRAS,EQ,21145,12974,61.36
20,310,BARBEQUE,EQ,61555,25549,41.51
20,311,BASF,EQ,18879,7390,39.14
20,312,BASILIC,SM,67200,37200,55.36
20,313,BASML,EQ,126404,78784,62.33
20,314,BATAINDIA,EQ,866280,377113,43.53
20,315,BAWEJA,SM,9600,7200,75.00
20,316,BAYERCROP,EQ,63296,15903,25.12
20,317,BBETF0432,EQ,364,359,98.63
20,318,BBL,EQ,30118,14667,48.70
20,319,BBNPPGOLD,EQ,2836,2827,99.68
20,320,BBOX,EQ,101819,78214,76.82
20,321,BBTC,EQ,32446,14854,45.78
20,322,BBTCL,EQ,1282,827,64.51
20,323,BCG,EQ,12324889,3796050,30.80
20,324,BCLIND,EQ,876830,372723,42.51
20,325,BDL,EQ,1202397,297482,24.74
20,326,BEARDSELL,EQ,54264,35418,65.27
20,327,BECTORFOOD,EQ,171738,68553,39.92
20,328,BEL,EQ,27227241,8514254,31.27
20,329,BEML,EQ,163410,32578,19.94
20,330,BEPL,EQ,1811237,648355,35.80
20,331,BERGEPAINT,EQ,1587104,597625,37.66
20,332,BESTAGRO,EQ,16941,11398,67.28
20,333,BETA,SM,6400,6000,93.75
20,334,BFINVEST,EQ,23181,9742,42.03
20,335,BFSI,EQ,136195,90741,66.63
20,336,BFUTILITIE,EQ,192408,71134,36.97
20,337,BHAGCHEM,EQ,27501,9877,35.92
20,338,BHAGERIA,EQ,230161,69419,30.16
20,339,BHAGYANGR,EQ,194422,110578,56.88
20,340,BHANDARI,EQ,697579,388737,55.73
20,341,BHARATFORG,EQ,780402,373478,47.86
20,342,BHARATGEAR,EQ,15158,7630,50.34
20,343,BHARATRAS,EQ,2188,902,41.22
20,344,BHARTIARTL,EQ,13103862,6807919,51.95
20,345,BHARTIHEXA,EQ,5137294,1203244,23.42
20,346,BHEL,EQ,16875480,4401823,26.08
20,347,BHINVIT,IV,236341,189982,80.38
20,348,BIGBLOC,EQ,329342,261253,79.33
20,349,BIKAJI,EQ,161725,84619,52.32
20,350,BIL,EQ,5070,3216,63.43
20,351,BIOCON,EQ,5479033,1871843,34.16
20,352,BIOFILCHEM,EQ,56102,28182,50.23
20,353,BIRET,RR,213496,177982,83.37
20,354,BIRLACABLE,EQ,163823,58462,35.69
20,355,BIRLACORPN,EQ,130729,42322,32.37
20,356,BLAL,EQ,233695,64810,27.73
20,357,BLISSGVS,EQ,133763,65610,49.05
20,358,BLKASHYAP,EQ,522365,305755,58.53
20,359,BLS,EQ,1098705,285002,25.94
20,360,BLSE,EQ,276822,106795,38.58
20,361,BLUEDART,EQ,60449,14655,24.24
20,362,BLUEJET,EQ,159342,86118,54.05
20,363,BLUEPEBBLE,SM,104800,52800,50.38
20,364,BLUESTARCO,EQ,290949,158305,54.41
20,365,BMETRICS,SM,26400,22800,86.36
20,366,BODALCHEM,EQ,549995,235766,42.87
20,367,BOMDYEING,EQ,814139,309544,38.02
20,368,BOROLTD,EQ,83175,47417,57.01
20,369,BORORENEW,EQ,326498,126726,38.81
20,370,BOSCHLTD,EQ,22176,7195,32.44
20,371,BPCL,EQ,10498042,3206483,30.54
20,372,BPL,EQ,175660,56383,32.10
20,373,BRIGADE,EQ,399853,191481,47.89
20,374,BRIGHT,SM,99000,69000,69.70
20,375,BRITANNIA,EQ,424834,274699,64.66
20,376,BRITANNIA,N3,3432,3295,96.01
20,377,BSE,EQ,613565,233458,38.05
20,378,BSE500IETF,EQ,1680649,881942,52.48
20,379,BSHSL,EQ,10014,5439,54.31
20,380,BSL,EQ,6108,3784,61.95
20,381,BSLGOLDETF,EQ,39154,26867,68.62
20,382,BSLNIFTY,EQ,178984,93167,52.05
20,383,BSLSENETFG,EQ,563,436,77.44
20,384,BSOFT,EQ,2701126,932894,34.54
20,385,BTML,EQ,803864,418664,52.08
20,386,BURNPUR,EQ,314589,206526,65.65
20,387,BUTTERFLY,EQ,10038,5915,58.93
20,388,BYKE,EQ,58472,32645,55.83
20,389,CADSYS,SM,18000,9000,50.00
20,390,CALSOFT,EQ,35754,26795,74.94
20,391,CAMLINFINE,EQ,685053,301255,43.98
20,392,CAMPUS,EQ,436028,185216,42.48
20,393,CAMS,EQ,293276,120791,41.19
20,394,CANARYS,SM,1716000,1092000,63.64
20,395,CANBK,EQ,9468521,2847548,30.07
20,396,CANFINHOME,EQ,360337,177818,49.35
20,397,CANTABIL,EQ,83897,35230,41.99
20,398,CAPACITE,EQ,2960459,641049,21.65
20,399,CAPITALSFB,EQ,20749,10727,51.70
20,400,CAPLIPOINT,EQ,72593,36238,49.92
20,401,CAPTRUST,EQ,5632,2536,45.03
20,402,CARBORUNIV,EQ,76127,32902,43.22
20,403,CARERATING,EQ,45169,28091,62.19
20,404,CARTRADE,EQ,67950,24120,35.50
20,405,CARYSIL,EQ,54571,20939,38.37
20,406,CASTROLIND,EQ,4393356,1447187,32.94
20,407,CBAZAAR,SM,336000,320000,95.24
20,408,CCL,EQ,50937,25789,50.63
20,409,CDSL,EQ,1526773,523726,34.30
20,410,CEATLTD,EQ,94208,34880,37.02
20,411,CELEBRITY,EQ,1832316,807134,44.05
20,412,CELLECOR,SM,33600,12000,35.71
20,413,CELLO,EQ,219980,148310,67.42
20,414,CELLPOINT,SM,112800,98400,87.23
20,415,CENTENKA,EQ,47958,24515,51.12
20,416,CENTRALBK,EQ,10721240,1805091,16.84
20,417,CENTRUM,EQ,1321904,665079,50.31
20,418,CENTUM,EQ,53265,16747,31.44
20,419,CENTURYPLY,EQ,92807,60925,65.65
20,420,CENTURYTEX,EQ,345043,113055,32.77
20,421,CERA,EQ,9497,6100,64.23
20,422,CESC,EQ,3598242,1352861,37.60
20,423,CGCL,EQ,398342,93489,23.47
20,424,CGPOWER,EQ,3562646,1898744,53.30
20,425,CGRAPHICS,ST,577600,496000,85.87
20,426,CHALET,EQ,688087,227325,33.04
20,427,CHAMBLFERT,EQ,1238506,366668,29.61
20,428,CHAVDA,SM,326000,178000,54.60
20,429,CHEMBOND,EQ,7159,4289,59.91
20,430,CHEMCON,EQ,24107,12764,52.95
20,431,CHEMFAB,EQ,27316,11432,41.85
20,432,CHEMPLASTS,EQ,44167,17836,40.38
20,433,CHENNPETRO,EQ,1347513,286265,21.24
20,434,CHEVIOT,EQ,1653,921,55.72
20,435,CHOICEIN,EQ,789111,227316,28.81
20,436,CHOLAFIN,EQ,621126,375102,60.39
20,437,CHOLAFIN,N0,190,190,100.00
20,438,CHOLAFIN,N2,40,40,100.00
20,439,CHOLAFIN,N4,100,100,100.00
20,440,CHOLAFIN,N6,50,50,100.00
20,441,CHOLAFIN,N7,15,15,100.00
20,442,CHOLAFIN,NA,2,1,50.00
20,443,CHOLAFIN,NC,75,75,100.00
20,444,CHOLAFIN,ND,15,15,100.00
20,445,CHOLAFIN,NE,10,10,100.00
20,446,CHOLAHLDNG,EQ,123471,90883,73.61
20,447,CIEINDIA,EQ,343357,213403,62.15
20,448,CIGNITITEC,EQ,199965,91088,45.55
20,449,CINELINE,EQ,107204,68625,64.01
20,450,CINEVISTA,EQ,105541,51273,48.58
20,451,CIPLA,EQ,1173025,541226,46.14
20,452,CLEAN,EQ,157706,100668,63.83
20,453,CLEDUCATE,EQ,40101,15714,39.19
20,454,CLOUD,SM,257000,151000,58.75
20,455,CLSEL,EQ,88958,30477,34.26
20,456,CLSL,SM,26000,16000,61.54
20,457,CMMIPL,ST,81000,81000,100.00
20,458,CMNL,SM,16500,13500,81.82
20,459,CMRSL,SM,2400,2400,100.00
20,460,CMSINFO,EQ,840733,446987,53.17
20,461,COALINDIA,EQ,7628287,3018067,39.56
20,462,COASTCORP,EQ,14809,7089,47.87
20,463,COCHINSHIP,EQ,4930560,600843,12.19
20,464,COFFEEDAY,EQ,16753964,4683898,27.96
20,465,COFORGE,EQ,341489,163496,47.88
20,466,COLPAL,EQ,244143,146872,60.16
20,467,COMMITTED,SM,12800,8000,62.50
20,468,COMMOIETF,EQ,113012,38165,33.77
20,469,COMPUSOFT,EQ,102882,65367,63.54
20,470,COMSYN,EQ,30972,15918,51.39
20,471,CONCOR,EQ,1884184,796757,42.29
20,472,CONCORDBIO,EQ,237485,148501,62.53
20,473,CONFIPET,EQ,1215337,419872,34.55
20,474,CONS,EQ,634,332,52.37
20,475,CONSOFINVT,EQ,17897,10254,57.29
20,476,CONSUMBEES,EQ,25710,15792,61.42
20,477,CONSUMIETF,EQ,8047,5203,64.66
20,478,CONTI,SM,3333,3333,100.00
20,479,CONTROLPR,EQ,11915,6093,51.14
20,480,COOLCAPS,SM,750,750,100.00
20,481,COROMANDEL,EQ,312229,125463,40.18
20,482,COSMOFIRST,EQ,59215,26658,45.02
20,483,COUNCODOS,EQ,67477,46789,69.34
20,484,CPS,SM,3000,2400,80.00
20,485,CPSEETF,EQ,1990192,942141,47.34
20,486,CRAFTSMAN,EQ,21647,13558,62.63
20,487,CRAYONS,SM,21000,17000,80.95
20,488,CREATIVE,EQ,18569,10991,59.19
20,489,CREDITACC,EQ,183815,102542,55.79
20,490,CREDITACC,N1,17,17,100.00
20,491,CREDITACC,N5,30,30,100.00
20,492,CREST,EQ,18663,10521,56.37
20,493,CRISIL,EQ,79058,38757,49.02
20,494,CROMPTON,EQ,7287089,4559415,62.57
20,495,CSBBANK,EQ,279723,113012,40.40
20,496,CSLFINANCE,EQ,29484,13972,47.39
20,497,CUB,EQ,4600018,1967827,42.78
20,498,CUMMINSIND,EQ,402676,192625,47.84
20,499,CYBERTECH,EQ,39196,17119,43.68
20,500,CYIENT,EQ,280548,176096,62.77
20,501,CYIENTDLM,EQ,182584,104206,57.07
20,502,DABUR,EQ,2183936,1423626,65.19
20,503,DALBHARAT,EQ,225621,107771,47.77
20,504,DALMIASUG,EQ,26204,11086,42.31
20,505,DAMODARIND,EQ,24856,13750,55.32
20,506,DANGEE,EQ,148300,101792,68.64
20,507,DATAMATICS,EQ,65214,25134,38.54
20,508,DATAPATTNS,EQ,920556,138328,15.03
20,509,DAVANGERE,EQ,492929,381457,77.39
20,510,DBL,EQ,540629,171741,31.77
20,511,DBOL,EQ,104956,57322,54.62
20,512,DBREALTY,EQ,3426367,1793751,52.35
20,513,DBSTOCKBRO,EQ,3532,2590,73.33
20,514,DCAL,EQ,383540,140344,36.59
20,515,DCBBANK,EQ,1657180,694902,41.93
20,516,DCG,ST,321600,295200,91.79
20,517,DCI,EQ,25427,9168,36.06
20,518,DCM,EQ,16183,9295,57.44
20,519,DCMNVL,EQ,39598,23431,59.17
20,520,DCMSHRIRAM,EQ,23158,12508,54.01
20,521,DCMSRIND,EQ,211053,77812,36.87
20,522,DCW,EQ,3943266,775691,19.67
20,523,DCXINDIA,EQ,580322,213479,36.79
20,524,DECCANCE,EQ,8008,3993,49.86
20,525,DEEM,SM,78000,68000,87.18
20,526,DEEPAKFERT,EQ,647185,157836,24.39
20,527,DEEPAKNTR,EQ,202028,54061,26.76
20,528,DEEPENR,EQ,117188,30876,26.35
20,529,DEEPINDS,EQ,175626,67599,38.49
20,530,DELAPLEX,SM,19200,16200,84.38
20,531,DELHIVERY,EQ,1087730,549001,50.47
20,532,DELPHIFX,EQ,13773,11232,81.55
20,533,DELTACORP,EQ,1246646,420541,33.73
20,534,DELTAMAGNT,EQ,30979,24342,78.58
20,535,DEN,EQ,1628603,663569,40.74
20,536,DENEERS,SM,600,600,100.00
20,537,DENORA,EQ,12633,6836,54.11
20,538,DENTALKART,SM,12500,10000,80.00
20,539,DESTINY,SM,3000,3000,100.00
20,540,DEVIT,EQ,23530,14117,60.00
20,541,DEVYANI,EQ,1271482,567408,44.63
20,542,DGCONTENT,EQ,41984,38433,91.54
20,543,DHAMPURSUG,EQ,128373,48027,37.41
20,544,DHANI,EQ,23080077,4500118,19.50
20,545,DHANILOANS,NF,780,780,100.00
20,546,DHANILOANS,NG,1,1,100.00
20,547,DHANILOANS,NV,6,6,100.00
20,548,DHANILOANS,NZ,50,50,100.00
20,549,DHANILOANS,Y3,20,10,50.00
20,550,DHANUKA,EQ,84034,52725,62.74
20,551,DHARMAJ,EQ,66495,29939,45.02
20,552,DHTL,SM,24000,11200,46.67
20,553,DHUNINV,EQ,1076,753,69.98
20,554,DIAMINESQ,EQ,24320,11153,45.86
20,555,DIAMONDYD,EQ,33940,18353,54.07
20,556,DICIND,EQ,5367,3732,69.54
20,557,DIGIKORE,SM,10400,8800,84.62
20,558,DIGISPICE,EQ,49893,26607,53.33
20,559,DIL,EQ,647178,325763,50.34
20,560,DISHTV,EQ,24734495,5125397,20.72
20,561,DIVGIITTS,EQ,43892,17398,39.64
20,562,DIVISLAB,EQ,746223,515762,69.12
20,563,DIVOPPBEES,EQ,39574,24198,61.15
20,564,DIXON,EQ,556029,132870,23.90
20,565,DJML,EQ,209165,120812,57.76
20,566,DKEGL,SM,1500,1500,100.00
20,567,DLF,EQ,4474855,2184892,48.83
20,568,DLINKINDIA,EQ,99847,38283,38.34
20,569,DMART,EQ,778084,306831,39.43
20,570,DMCC,EQ,202879,99260,48.93
20,571,DODLA,EQ,76268,36366,47.68
20,572,DOLATALGO,EQ,1736989,603773,34.76
20,573,DOLLAR,EQ,59736,27021,45.23
20,574,DOLLEX,SM,20000,4000,20.00
20,575,DOMS,EQ,119063,84554,71.02
20,576,DONEAR,EQ,97534,60133,61.65
20,577,DPABHUSHAN,EQ,20459,9337,45.64
20,578,DPSCLTD,EQ,451192,289998,64.27
20,579,DPWIRES,EQ,85736,31115,36.29
20,580,DRCSYSTEMS,EQ,196257,125100,63.74
20,581,DREAMFOLKS,EQ,90821,45156,49.72
20,582,DRONE,SM,665000,370000,55.64
20,583,DRREDDY,EQ,342651,206670,60.32
20,584,DSSL,EQ,1077240,116380,10.80
20,585,DTIL,EQ,7506,6356,84.68
20,586,DUCOL,SM,1600,1600,100.00
20,587,DUGLOBAL,SM,50000,27500,55.00
20,588,DVL,EQ,21199,14032,66.19
20,589,DWARKESH,EQ,765787,322721,42.14
20,590,DYCL,EQ,943984,147981,15.68
20,591,DYNAMATECH,EQ,15158,4968,32.77
20,592,DYNAMIC,SM,123000,88000,71.54
20,593,DYNPRO,EQ,34577,14878,43.03
20,594,EASEMYTRIP,EQ,6249118,2254954,36.08
20,595,EBBETF0425,EQ,6436,6142,95.43
20,596,EBBETF0430,EQ,24868,24627,99.03
20,597,EBBETF0431,EQ,9873,9845,99.72
20,598,EBBETF0433,EQ,3508,3248,92.59
20,599,ECLERX,EQ,39748,24115,60.67
20,600,ECLFINANCE,NJ,20,20,100.00
20,601,ECLFINANCE,NK,768,691,89.97
20,602,ECLFINANCE,NR,550,550,100.00
20,603,EDELWEISS,EQ,7518689,1973716,26.25
20,604,EFACTOR,SM,25600,19200,75.00
20,605,EFORCE,SM,66000,37200,56.36
20,606,EGOLD,EQ,3398,2542,74.81
20,607,EICHERMOT,EQ,719002,313924,43.66
20,608,EIDPARRY,EQ,157896,92039,58.29
20,609,EIFFL,EQ,16361,13047,79.74
20,610,EIHAHOTELS,EQ,30497,17380,56.99
20,611,EIHOTEL,EQ,842968,555916,65.95
20,612,EKC,EQ,296737,120522,40.62
20,613,ELDEHSG,EQ,168193,50247,29.87
20,614,ELECON,EQ,2661426,641853,24.12
20,615,ELECTCAST,EQ,8752799,5486827,62.69
20,616,ELGIEQUIP,EQ,87983,34246,38.92
20,617,ELGIRUBCO,EQ,24043,18244,75.88
20,618,ELIN,EQ,2223986,647837,29.13
20,619,EMAMILTD,EQ,212160,92963,43.82
20,620,EMAMIPAP,EQ,27616,15281,55.33
20,621,EMAMIREAL,EQ,84178,42176,50.10
20,622,EMBASSY,RR,462432,337608,73.01
20,623,EMIL,EQ,178160,106694,59.89
20,624,EMKAY,EQ,332578,157947,47.49
20,625,EMKAYTOOLS,SM,1800,1500,83.33
20,626,EMMBI,EQ,50297,21025,41.80
20,627,EMSLIMITED,EQ,249114,123541,49.59
20,628,EMUDHRA,EQ,316909,144609,45.63
20,629,ENDURANCE,EQ,22519,14315,63.57
20,630,ENERGYDEV,EQ,164006,123806,75.49
20,631,ENFUSE,SM,121200,76800,63.37
20,632,ENGINERSIN,EQ,5478862,1756390,32.06
20,633,ENIL,EQ,140899,40141,28.49
20,634,ENSER,SM,68000,62000,91.18
20,635,ENTERO,EQ,68858,38846,56.41
20,636,EPACK,EQ,435767,180562,41.44
20,637,EPIGRAL,EQ,83019,29349,35.35
20,638,EPL,EQ,424869,226457,53.30
20,639,EQUAL50ADD,EQ,64478,59410,92.14
20,640,EQUITASBNK,EQ,1601830,810515,50.60
20,641,ERFLNCDI,N6,100,100,100.00
20,642,ERIS,EQ,149470,126664,84.74
20,643,EROSMEDIA,EQ,201555,73023,36.23
20,644,ESABINDIA,EQ,2730,1650,60.44
20,645,ESAFSFB,EQ,417133,204107,48.93
20,646,ESCONET,SM,28800,16000,55.56
20,647,ESCORTS,EQ,962091,151993,15.80
20,648,ESFL,SM,9600,7200,75.00
20,649,ESG,EQ,122704,115626,94.23
20,650,ESILVER,EQ,4320,3890,90.05
20,651,ESSARSHPNG,EQ,1942184,1039451,53.52
20,652,ESTER,EQ,54193,27322,50.42
20,653,ETHOSLTD,EQ,22464,13288,59.15
20,654,EUROBOND,SM,14000,9000,64.29
20,655,EVEREADY,EQ,233536,79924,34.22
20,656,EVERESTIND,EQ,19752,9197,46.56
20,657,EXCELINDUS,EQ,19576,8254,42.16
20,658,EXICOM,EQ,7772647,1364718,17.56
20,659,EXIDEIND,EQ,16828994,2612015,15.52
20,660,EXPLEOSOL,EQ,18480,8994,48.67
20,661,EXXARO,EQ,20579,11504,55.90
20,662,FACT,EQ,205796,57180,27.78
20,663,FAIRCHEMOR,EQ,11549,5945,51.48
20,664,FAZE3Q,EQ,20955,9838,46.95
20,665,FCL,EQ,280206,109551,39.10
20,666,FCSSOFT,EQ,8137092,3410726,41.92
20,667,FDC,EQ,111010,58523,52.72
20,668,FEDERALBNK,EQ,10378590,4012178,38.66
20,669,FEDFINA,EQ,214157,118499,55.33
20,670,FELIX,ST,26000,24000,92.31
20,671,FIBERWEB,EQ,37863,22988,60.71
20,672,FIDEL,SM,7000,7000,100.00
20,673,FIEMIND,EQ,63199,36843,58.30
20,674,FILATEX,EQ,1925659,694363,36.06
20,675,FINCABLES,EQ,82339,38470,46.72
20,676,FINEORG,EQ,21644,11814,54.58
20,677,FINIETF,EQ,60573,27102,44.74
20,678,FINOPB,EQ,81853,37198,45.44
20,679,FINPIPE,EQ,588646,260048,44.18
20,680,FIVESTAR,EQ,153514,58636,38.20
20,681,FLAIR,EQ,172880,86792,50.20
20,682,FLUOROCHEM,EQ,227600,141087,61.99
20,683,FMCGIETF,EQ,14405,9939,69.00
20,684,FMGOETZE,EQ,100499,51955,51.70
20,685,FOCE,SM,200,200,100.00
20,686,FOCUS,EQ,328735,103675,31.54
20,687,FONEBOX,SM,2000,2000,100.00
20,688,FOODSIN,EQ,1315557,414042,31.47
20,689,FORCEMOT,EQ,393324,74030,18.82
20,690,FORTIS,EQ,442141,249873,56.51
20,691,FOSECOIND,EQ,6421,3909,60.88
20,692,FROG,SM,10800,8400,77.78
20,693,FSL,EQ,833281,258867,31.07
20,694,FUSION,EQ,153639,104074,67.74
20,695,GABRIEL,EQ,172649,91265,52.86
20,696,GAEL,EQ,334294,187496,56.09
20,697,GAIL,EQ,22533995,7865791,34.91
20,698,GALAXYSURF,EQ,13840,7593,54.86
20,699,GANDHAR,EQ,249833,101646,40.69
20,700,GANDHITUBE,EQ,2790,1410,50.54
20,701,GANECOS,EQ,45644,26854,58.83
20,702,GANESHBE,EQ,301720,192166,63.69
20,703,GANESHHOUC,EQ,68847,39979,58.07
20,704,GANGESSECU,EQ,27424,11828,43.13
20,705,GARFIBRES,EQ,6938,3433,49.48
20,706,GATEWAY,EQ,885054,532355,60.15
20,707,GEECEE,EQ,8511,4301,50.53
20,708,GEEKAYWIRE,EQ,169043,105154,62.21
20,709,GENCON,EQ,26540,14036,52.89
20,710,GENESYS,EQ,199712,79340,39.73
20,711,GENSOL,EQ,151313,83413,55.13
20,712,GENUSPAPER,EQ,514812,186626,36.25
20,713,GENUSPOWER,EQ,1852093,997816,53.88
20,714,GEOJITFSL,EQ,606042,242279,39.98
20,715,GEPIL,EQ,277184,109085,39.35
20,716,GESHIP,EQ,415609,208009,50.05
20,717,GFLLIMITED,EQ,113748,69088,60.74
20,718,GHCL,EQ,187110,71550,38.24
20,719,GHCLTEXTIL,EQ,183309,100736,54.95
20,720,GICHSGFIN,EQ,208191,94912,45.59
20,721,GICL,SM,21000,12000,57.14
20,722,GICRE,EQ,622768,188623,30.29
20,723,GILLETTE,EQ,4030,2111,52.38
20,724,GILT5YBEES,EQ,165181,135999,82.33
20,725,GINNIFILA,EQ,40282,27120,67.33
20,726,GIPCL,EQ,333271,160452,48.14
20,727,GIRIRAJ,ST,500,500,100.00
20,728,GKWLIMITED,EQ,11757,7142,60.75
20,729,GLAND,EQ,96212,47678,49.56
20,730,GLAXO,EQ,49219,30505,61.98
20,731,GLENMARK,EQ,762705,460978,60.44
20,732,GLOBALPET,SM,1500,1500,100.00
20,733,GLOBUSSPR,EQ,125347,50572,40.35
20,734,GLS,EQ,76777,42811,55.76
20,735,GMBREW,EQ,75766,36302,47.91
20,736,GMDCLTD,EQ,1818098,452155,24.87
20,737,GMMPFAUDLR,EQ,86365,42452,49.15
20,738,GMRINFRA,EQ,17239317,3662907,21.25
20,739,GMRP&UI,EQ,2930839,2262043,77.18
20,740,GNA,EQ,59394,32328,54.43
20,741,GNFC,EQ,729328,220916,30.29
20,742,GOACARBON,EQ,90783,30347,33.43
20,743,GOCLCORP,EQ,67874,31007,45.68
20,744,GOCOLORS,EQ,13097,5265,40.20
20,745,GODFRYPHLP,EQ,46517,12174,26.17
20,746,GODREJAGRO,EQ,157018,81146,51.68
20,747,GODREJCP,EQ,927227,565393,60.98
20,748,GODREJIND,EQ,78856,28950,36.71
20,749,GODREJPROP,EQ,511488,232785,45.51
20,750,GOKEX,EQ,210628,63488,30.14
20,751,GOKULAGRO,EQ,168196,101826,60.54
20,752,GOLD1,EQ,1088626,1018871,93.59
20,753,GOLDBEES,EQ,6921253,4995929,72.18
20,754,GOLDCASE,EQ,322344,287847,89.30
20,755,GOLDETF,EQ,1438760,1318930,91.67
20,756,GOLDETFADD,EQ,32344,31345,96.91
20,757,GOLDIAM,EQ,258731,103077,39.84
20,758,GOLDIETF,EQ,884141,606170,68.56
20,759,GOLDSHARE,EQ,2536470,2442290,96.29
20,760,GOLDSTAR,SM,56250,56250,100.00
20,761,GOLDTECH,EQ,22075,14450,65.46
20,762,GOODLUCK,EQ,100392,42463,42.30
20,763,GOPAL,EQ,133659,64520,48.27
20,764,GOYALSALT,SM,57000,48000,84.21
20,765,GPIL,EQ,1060876,347861,32.79
20,766,GPPL,EQ,2918548,1029898,35.29
20,767,GPTHEALTH,EQ,167911,50000,29.78
20,768,GPTINFRA,EQ,57553,29568,51.38
20,769,GRANULES,EQ,588576,220993,37.55
20,770,GRAPHISAD,SM,15600,10800,69.23
20,771,GRAPHITE,EQ,2581730,587155,22.74
20,772,GRASIM,EQ,1061064,402862,37.97
20,773,GRASIMPP,E1,13943,8669,62.17
20,774,GRAVITA,EQ,116854,86110,73.69
20,775,GREAVESCOT,EQ,722422,293647,40.65
20,776,GREENCHEF,SM,48800,37600,77.05
20,777,GREENLAM,EQ,42672,14759,34.59
20,778,GREENPANEL,EQ,102059,53401,52.32
20,779,GREENPLY,EQ,333218,182306,54.71
20,780,GRINDWELL,EQ,77486,66646,86.01
20,781,GRINFRA,EQ,45470,20457,44.99
20,782,GRMOVER,EQ,274055,181969,66.40
20,783,GROBTEA,EQ,726,579,79.75
20,784,GRPLTD,EQ,368,311,84.51
20,785,GRSE,EQ,876663,137133,15.64
20,786,GRWRHITECH,EQ,15740,9192,58.40
20,787,GSEC10YEAR,EQ,3722,3553,95.46
20,788,GSEC5IETF,EQ,473,452,95.56
20,789,GSFC,EQ,2093619,727569,34.75
20,790,GSLSU,EQ,64826,29207,45.05
20,791,GSPL,EQ,763420,368763,48.30
20,792,GSTL,SM,13000,8000,61.54
20,793,GTLINFRA,EQ,97135371,53258426,54.83
20,794,GTPL,EQ,110776,39933,36.05
20,795,GUFICBIO,EQ,157093,98970,63.00
20,796,GUJALKALI,EQ,57148,23814,41.67
20,797,GUJGASLTD,EQ,1087066,217196,19.98
20,798,GULFOILLUB,EQ,166611,85696,51.43
20,799,GULFPETRO,EQ,111782,47846,42.80
20,800,GULPOLY,EQ,100533,48984,48.72
20,801,GVKPIL,EQ,2527394,1554695,61.51
20,802,GVPTECH,EQ,79682,56122,70.43
20,803,HAL,EQ,2256325,698213,30.94
20,804,HAPPSTMNDS,EQ,302830,115909,38.28
20,805,HAPPYFORGE,EQ,89293,58451,65.46
20,806,HARDWYN,EQ,255861,142319,55.62
20,807,HARIOMPIPE,EQ,137708,65163,47.32
20,808,HARRMALAYA,EQ,13693,8063,58.88
20,809,HARSHA,EQ,151905,46986,30.93
20,810,HATHWAY,EQ,13855234,5119803,36.95
20,811,HATSUN,EQ,15591,10166,65.20
20,812,HAVELLS,EQ,628014,249355,39.71
20,813,HBLPOWER,EQ,907164,432720,47.70
20,814,HBSL,EQ,19475,12327,63.30
20,815,HCC,EQ,9186337,4088136,44.50
20,816,HCG,EQ,71212,50958,71.56
20,817,HCL-INSYS,EQ,424534,288188,67.88
20,818,HCLTECH,EQ,5219506,3556402,68.14
20,819,HDFCAMC,EQ,486522,180078,37.01
20,820,HDFCBANK,EQ,17288217,9542891,55.20
20,821,HDFCBSE500,EQ,10911,6452,59.13
20,822,HDFCGOLD,EQ,1234417,974773,78.97
20,823,HDFCGROWTH,EQ,6689,5999,89.68
20,824,HDFCLIFE,EQ,10243493,6254300,61.06
20,825,HDFCLIQUID,EQ,499,348,69.74
20,826,HDFCLOWVOL,EQ,38063,34160,89.75
20,827,HDFCMID150,EQ,246335,141994,57.64
20,828,HDFCMOMENT,EQ,293383,204326,69.64
20,829,HDFCNEXT50,EQ,43043,22583,52.47
20,830,HDFCNIF100,EQ,109512,89670,81.88
20,831,HDFCNIFBAN,EQ,49610,36189,72.95
20,832,HDFCNIFIT,EQ,148142,112318,75.82
20,833,HDFCNIFTY,EQ,113549,83153,73.23
20,834,HDFCPSUBK,EQ,15808,7894,49.94
20,835,HDFCPVTBAN,EQ,35019,29640,84.64
20,836,HDFCQUAL,EQ,14464,9028,62.42
20,837,HDFCSENSEX,EQ,45620,42181,92.46
20,838,HDFCSILVER,EQ,340623,291466,85.57
20,839,HDFCSML250,EQ,354654,194733,54.91
20,840,HDFCVALUE,EQ,7783,7183,92.29
20,841,HEADSUP,EQ,107242,50957,47.52
20,842,HEALTHADD,EQ,1462,1403,95.96
20,843,HEALTHIETF,EQ,31234,24220,77.54
20,844,HEALTHY,EQ,454055,417086,91.86
20,845,HECPROJECT,EQ,7659,6492,84.76
20,846,HEG,EQ,629501,111076,17.65
20,847,HEIDELBERG,EQ,84789,40557,47.83
20,848,HEMIPROP,EQ,730859,321833,44.03
20,849,HERANBA,EQ,56253,31446,55.90
20,850,HERCULES,EQ,46876,16417,35.02
20,851,HERITGFOOD,EQ,314249,164542,52.36
20,852,HEROMOTOCO,EQ,674079,318547,47.26
20,853,HESTERBIO,EQ,5591,4042,72.29
20,854,HEUBACHIND,EQ,17964,10309,57.39
20,855,HEXATRADEX,EQ,5517,3189,57.80
20,856,HFCL,EQ,9279741,2892414,31.17
20,857,HGINFRA,EQ,169635,74032,43.64
20,858,HGS,EQ,15028,6062,40.34
20,859,HIGREEN,SM,76800,41600,54.17
20,860,HIKAL,EQ,239703,87113,36.34
20,861,HIL,EQ,8327,5104,61.29
20,862,HILTON,EQ,141174,35402,25.08
20,863,HIMATSEIDE,EQ,200412,116579,58.17
20,864,HINDALCO,EQ,6443897,3212821,49.86
20,865,HINDCOMPOS,EQ,17516,4706,26.87
20,866,HINDCOPPER,EQ,13850416,3284837,23.72
20,867,HINDMOTORS,EQ,20416093,6588028,32.27
20,868,HINDOILEXP,EQ,5685644,1433279,25.21
20,869,HINDPETRO,EQ,10594361,3740362,35.31
20,870,HINDUNILVR,EQ,2337694,1377531,58.93
20,871,HINDWAREAP,EQ,42427,20095,47.36
20,872,HINDZINC,EQ,3834728,1017204,26.53
20,873,HIRECT,EQ,113798,48729,42.82
20,874,HISARMETAL,EQ,5434,3874,71.29
20,875,HITECH,EQ,605661,276141,45.59
20,876,HITECHCORP,EQ,10689,6690,62.59
20,877,HITECHGEAR,EQ,346706,117066,33.77
20,878,HLEGLAS,EQ,146955,19829,13.49
20,879,HLVLTD,EQ,880875,457849,51.98
20,880,HMAAGRO,EQ,333612,188993,56.65
20,881,HMVL,EQ,253829,93800,36.95
20,882,HNDFDS,EQ,43548,22898,52.58
20,883,HNGSNGBEES,EQ,99850,76024,76.14
20,884,HOLMARC,SM,9000,9000,100.00
20,885,HOMEFIRST,EQ,95856,73730,76.92
20,886,HOMESFY,SM,20700,11400,55.07
20,887,HONASA,EQ,310207,169808,54.74
20,888,HONAUT,EQ,4963,1362,27.44
20,889,HONDAPOWER,EQ,3849,1955,50.79
20,890,HOVS,EQ,59066,33589,56.87
20,891,HPAL,EQ,299449,131763,44.00
20,892,HPL,EQ,250173,94601,37.81
20,893,HRHNEXT,SM,3000,3000,100.00
20,894,HSCL,EQ,1453688,890977,61.29
20,895,HTMEDIA,EQ,318524,180829,56.77
20,896,HUDCO,EQ,12272559,2478928,20.20
20,897,HUDCO,N2,1535,1435,93.49
20,898,HUDCO,N5,200,100,50.00
20,899,HUDCO,N8,325,323,99.38
20,900,HUDCO,N9,639,639,100.00
20,901,HUDCO,ND,275,275,100.00
20,902,HUHTAMAKI,EQ,50790,20884,41.12
20,903,IBLFL,SM,72000,58000,80.56
20,904,IBREALEST,EQ,16498619,4989842,30.24
20,905,IBUCCREDIT,NB,708,708,100.00
20,906,IBUCCREDIT,ND,10,10,100.00
20,907,IBUCCREDIT,NH,10,10,100.00
20,908,IBUCCREDIT,NJ,40,40,100.00
20,909,IBUCCREDIT,NS,46,46,100.00
20,910,IBUCCREDIT,NZ,50,50,100.00
20,911,IBULHSG,N2,298,298,100.00
20,912,IBULHSG,N4,80,80,100.00
20,913,IBULHSG,NH,10,10,100.00
20,914,IBULHSG,NT,10,10,100.00
20,915,IBULHSG,YI,52,52,100.00
20,916,IBULHSGFIN,AB,2,2,100.00
20,917,IBULHSGFIN,AZ,20,20,100.00
20,918,IBULHSGFIN,BF,67,67,100.00
20,919,IBULHSGFIN,EQ,5630487,2017127,35.83
20,920,IBULHSGFIN,N0,50,50,100.00
20,921,IBULHSGFIN,NA,620,614,99.03
20,922,IBULHSGFIN,NN,11,11,100.00
20,923,IBULHSGFIN,NT,68,63,92.65
20,924,IBULHSGFIN,Y5,50,50,100.00
20,925,IBULHSGFIN,YC,5,5,100.00
20,926,IBULHSGFIN,YT,26,26,100.00
20,927,IBULHSGFIN,YV,200,100,50.00
20,928,IBULHSGFIN,YZ,5,5,100.00
20,929,IBULHSGFIN,Z2,55,55,100.00
20,930,IBULHSGFIN,Z9,30,30,100.00
20,931,IBULHSGFIN,ZB,1,1,100.00
20,932,IBULPP,E1,1626551,1372230,84.36
20,933,ICEMAKE,EQ,20711,11918,57.54
20,934,ICICIB22,EQ,1258780,1016904,80.78
20,935,ICICIBANK,EQ,11284433,5943916,52.67
20,936,ICICIGI,EQ,896851,257757,28.74
20,937,ICICIPRULI,EQ,1813605,580133,31.99
20,938,ICIL,EQ,217952,112533,51.63
20,939,ICRA,EQ,9020,4488,49.76
20,940,IDBI,EQ,5800007,1991667,34.34
20,941,IDEA,EQ,721586766,206288329,28.59
20,942,IDEAFORGE,EQ,169771,73483,43.28
20,943,IDFC,EQ,5396738,2545401,47.17
20,944,IDFCFIRSTB,EQ,28627742,7834968,27.37
20,945,IDFNIFTYET,EQ,336,111,33.04
20,946,IEL,EQ,728987,403488,55.35
20,947,IEX,EQ,9692709,3012367,31.08
20,948,IFBAGRO,EQ,3779,2304,60.97
20,949,IFBIND,EQ,129366,58674,45.36
20,950,IFCI,EQ,9281163,3355482,36.15
20,951,IFCI,NH,877,877,100.00
20,952,IFCI,NI,850,850,100.00
20,953,IFGLEXPOR,EQ,29346,18917,64.46
20,954,IGARASHI,EQ,378697,80428,21.24
20,955,IGL,EQ,5765036,2350518,40.77
20,956,IGPL,EQ,47984,27295,56.88
20,957,IIFCL,N1,487,447,91.79
20,958,IIFCL,N4,508,508,100.00
20,959,IIFL,EQ,1010017,573351,56.77
20,960,IIFL,N6,60,60,100.00
20,961,IIFL,ND,39,37,94.87
20,962,IIFL,NE,207,107,51.69
20,963,IIFL,NF,1116,853,76.43
20,964,IIFL,NG,1215,1015,83.54
20,965,IIFL,NJ,75,75,100.00
20,966,IIFL,NK,55,55,100.00
20,967,IIFL,NL,1136,936,82.39
20,968,IIFL,NM,5,5,100.00
20,969,IIFL,NO,129,129,100.00
20,970,IIFL,NP,9,7,77.78
20,971,IIFL,NQ,237,237,100.00
20,972,IIFL,NR,150,150,100.00
20,973,IIFL,NS,193,193,100.00
20,974,IIFL,NV,30,30,100.00
20,975,IIFL,NX,600,600,100.00
20,976,IIFL,NZ,4,4,100.00
20,977,IIFL,Y0,295,295,100.00
20,978,IIFLSAMFIN,N0,22,22,100.00
20,979,IIFLSAMFIN,N2,147,100,68.03
20,980,IIFLSAMFIN,N3,55,55,100.00
20,981,IIFLSAMFIN,N4,130,130,100.00
20,982,IIFLSAMFIN,N5,720,720,100.00
20,983,IIFLSEC,EQ,635860,310019,48.76
20,984,IIHFL,N4,110,110,100.00
20,985,IIHFL,N5,1909,1909,100.00
20,986,IIHFL,N6,15,15,100.00
20,987,IIHFL,N9,200,100,50.00
20,988,IIHFL,NC,2,2,100.00
20,989,IIHFL,ND,80,80,100.00
20,990,IIHFL,NE,25,25,100.00
20,991,IITL,EQ,2398,1721,71.77
20,992,IKIO,EQ,150617,67409,44.76
20,993,IMAGICAA,EQ,1915195,750235,39.17
20,994,IMC1,N0,39,33,84.62
20,995,IMC1,N1,768,725,94.40
20,996,IMC1,N2,57,35,61.40
20,997,IMC1,N3,191,190,99.48
20,998,IMFA,EQ,342551,92913,27.12
20,999,IMPAL,EQ,2967,2722,91.74
20,1000,INCREDFIN,N4,30,30,100.00
20,1001,INDBANK,EQ,254038,90321,35.55
20,1002,INDHOTEL,EQ,3224498,1733938,53.77
20,1003,INDIACEM,EQ,2036302,495561,24.34
20,1004,INDIAGLYCO,EQ,58221,26914,46.23
20,1005,INDIAMART,EQ,208331,79879,38.34
20,1006,INDIANB,EQ,1043268,478972,45.91
20,1007,INDIANCARD,EQ,6427,3353,52.17
20,1008,INDIANHUME,EQ,71860,39295,54.68
20,1009,INDIASHLTR,EQ,363131,332695,91.62
20,1010,INDIFRA,SM,20000,10000,50.00
20,1011,INDIGO,EQ,1244645,503470,40.45
20,1012,INDIGOPNTS,EQ,63705,43890,68.90
20,1013,INDIGRID,IV,402340,332174,82.56
20,1014,INDIGRID,NB,32,32,100.00
20,1015,INDIGRID,NJ,760,760,100.00
20,1016,INDNIPPON,EQ,19473,9409,48.32
20,1017,INDOAMIN,EQ,199199,83531,41.93
20,1018,INDOBORAX,EQ,35877,15482,43.15
20,1019,INDOCO,EQ,37858,14077,37.18
20,1020,INDORAMA,EQ,103779,52181,50.28
20,1021,INDOSTAR,EQ,167676,77150,46.01
20,1022,INDOTECH,EQ,297324,150933,50.76
20,1023,INDRAMEDCO,EQ,184834,93068,50.35
20,1024,INDSWFTLAB,EQ,797633,331543,41.57
20,1025,INDTERRAIN,EQ,145567,66505,45.69
20,1026,INDUSINDBK,EQ,4311650,2638435,61.19
20,1027,INDUSTOWER,EQ,40376246,12477743,30.90
20,1028,INFIBEAM,EQ,30435092,9272053,30.47
20,1029,INFINIUM,SM,1000,1000,100.00
20,1030,INFOBEAN,EQ,21426,11866,55.38
20,1031,INFOLLION,SM,12000,12000,100.00
20,1032,INFRABEES,EQ,19482,9722,49.90
20,1033,INFRAIETF,EQ,75985,31719,41.74
20,1034,INFY,EQ,20603621,11459010,55.62
20,1035,INGERRAND,EQ,25808,10992,42.59
20,1036,INM,SM,3600,3000,83.33
20,1037,INNOVACAP,EQ,28520,14350,50.32
20,1038,INNOVANA,SM,200,200,100.00
20,1039,INNOVATIVE,ST,45000,45000,100.00
20,1040,INOXINDIA,EQ,720322,197766,27.46
20,1041,INOXWIND,EQ,1820119,649563,35.69
20,1042,INSECTICID,EQ,66469,38411,57.79
20,1043,INSPIRE,SM,12000,12000,100.00
20,1044,INTELLECT,EQ,253736,50685,19.98
20,1045,INTLCONV,EQ,231195,91634,39.63
20,1046,IOB,EQ,12671263,2916345,23.02
20,1047,IOC,EQ,28613815,8234611,28.78
20,1048,IOLCP,EQ,150400,69408,46.15
20,1049,IONEXCHANG,EQ,1338464,1073125,80.18
20,1050,IPCALAB,EQ,243803,92005,37.74
20,1051,IPL,EQ,652928,369545,56.60
20,1052,IRB,EQ,25533696,6982843,27.35
20,1053,IRBINVIT,IV,207316,183556,88.54
20,1054,IRCON,EQ,6534549,1875679,28.70
20,1055,IRCTC,EQ,3556149,946779,26.62
20,1056,IREDA,EQ,20720974,6652612,32.11
20,1057,IREDA,N2,1,1,100.00
20,1058,IRFC,EQ,28016383,7084151,25.29
20,1059,IRFC,N2,2378,2378,100.00
20,1060,IRFC,N4,2,1,50.00
20,1061,IRFC,N6,20,20,100.00
20,1062,IRFC,NA,60,60,100.00
20,1063,IRFC,NE,200,200,100.00
20,1064,IRFC,NI,40,40,100.00
20,1065,IRFC,NJ,1774,1602,90.30
20,1066,IRFC,NO,942,912,96.82
20,1067,IRIS,EQ,39149,28482,72.75
20,1068,IRISDOREME,EQ,64437,36358,56.42
20,1069,IRMENERGY,EQ,2125625,550387,25.89
20,1070,ISEC,EQ,2314428,907456,39.21
20,1071,ISFT,EQ,71005,25622,36.08
20,1072,ISGEC,EQ,118743,70109,59.04
20,1073,ISHAN,ST,288000,288000,100.00
20,1074,ISMTLTD,EQ,852736,325100,38.12
20,1075,IT,EQ,317215,200482,63.20
20,1076,ITALIANE,SM,6000,4000,66.67
20,1077,ITBEES,EQ,11424718,8080538,70.73
20,1078,ITC,EQ,16582634,7582651,45.73
20,1079,ITDC,EQ,194544,57187,29.40
20,1080,ITDCEM,EQ,725791,403503,55.59
20,1081,ITETF,EQ,137353,120013,87.38
20,1082,ITETFADD,EQ,107665,83775,77.81
20,1083,ITI,EQ,781923,145083,18.55
20,1084,ITIETF,EQ,2827008,2265404,80.13
20,1085,IVC,EQ,344607,239024,69.36
20,1086,IVZINGOLD,EQ,87,30,34.48
20,1087,IVZINNIFTY,EQ,28,22,78.57
20,1088,IZMO,EQ,40854,24658,60.36
20,1089,JAGRAN,EQ,393363,217853,55.38
20,1090,JAGSNPHARM,EQ,21550,11322,52.54
20,1091,JAICORPLTD,EQ,570703,168692,29.56
20,1092,JAINAM,SM,3000,3000,100.00
20,1093,JALAN,SM,84000,63000,75.00
20,1094,JAMNAAUTO,EQ,3577564,1027228,28.71
20,1095,JASH,EQ,7358,4376,59.47
20,1096,JAYAGROGN,EQ,70345,41008,58.30
20,1097,JAYBARMARU,EQ,364434,196520,53.92
20,1098,JAYNECOIND,EQ,212630,115065,54.12
20,1099,JAYSREETEA,EQ,32564,18288,56.16
20,1100,JBCHEPHARM,EQ,202911,172303,84.92
20,1101,JBMA,EQ,71353,29698,41.62
20,1102,JCHAC,EQ,25580,9099,35.57
20,1103,JETFREIGHT,EQ,89529,55609,62.11
20,1104,JETKNIT,SM,6000,6000,100.00
20,1105,JFLLIFE,SM,4000,4000,100.00
20,1106,JGCHEM,EQ,183127,83562,45.63
20,1107,JINDALPHOT,EQ,5797,2847,49.11
20,1108,JINDALPOLY,EQ,48969,15836,32.34
20,1109,JINDALSAW,EQ,803124,395362,49.23
20,1110,JINDALSTEL,EQ,3869393,670277,17.32
20,1111,JINDRILL,EQ,141976,56939,40.10
20,1112,JINDWORLD,EQ,14117,5980,42.36
20,1113,JIOFIN,EQ,39515729,17024797,43.08
20,1114,JISLDVREQS,EQ,27411,14659,53.48
20,1115,JISLJALEQS,EQ,5608177,2855120,50.91
20,1116,JIWANRAM,SM,6000,6000,100.00
20,1117,J&KBANK,EQ,3070583,1330301,43.32
20,1118,JKCEMENT,EQ,198809,146488,73.68
20,1119,JKIL,EQ,106856,42635,39.90
20,1120,JKLAKSHMI,EQ,126698,77391,61.08
20,1121,JKPAPER,EQ,483956,226656,46.83
20,1122,JKTYRE,EQ,242217,114765,47.38
20,1123,JLHL,EQ,23627,13207,55.90
20,1124,JMFINANCIL,EQ,2777626,916080,32.98
20,1125,JOCIL,EQ,5472,3975,72.64
20,1126,JPASSOCIAT,EQ,15992899,5610482,35.08
20,1127,JPOLYINVST,EQ,5803,3212,55.35
20,1128,JSFB,EQ,147791,60793,41.13
20,1129,JSL,EQ,1069195,511606,47.85
20,1130,JSLL,SM,11700,9180,78.46
20,1131,JSWENERGY,EQ,3564737,1006689,28.24
20,1132,JSWHL,EQ,4343,1611,37.09
20,1133,JSWINFRA,EQ,3028120,1622860,53.59
20,1134,JSWSTEEL,EQ,3157898,1154233,36.55
20,1135,JTEKTINDIA,EQ,193295,86139,44.56
20,1136,JTLIND,EQ,562509,237250,42.18
20,1137,JUBLFOOD,EQ,2635704,1486684,56.41
20,1138,JUBLINDS,EQ,15376,9065,58.96
20,1139,JUBLINGREA,EQ,950308,248880,26.19
20,1140,JUBLPHARMA,EQ,1015524,532816,52.47
20,1141,JUNIORBEES,EQ,233948,147751,63.16
20,1142,JUNIPER,EQ,159438,56049,35.15
20,1143,JUSTDIAL,EQ,8787485,1043542,11.88
20,1144,JWL,EQ,510138,273800,53.67
20,1145,JYOTHYLAB,EQ,174855,75726,43.31
20,1146,JYOTICNC,EQ,612944,442179,72.14
20,1147,K2INFRA,ST,34800,33600,96.55
20,1148,KABRAEXTRU,EQ,82580,29294,35.47
20,1149,KAJARIACER,EQ,138348,79460,57.43
20,1150,KAKATCEM,EQ,3524,1396,39.61
20,1151,KALAMANDIR,EQ,201539,77818,38.61
20,1152,KALYANIFRG,EQ,2306,1731,75.07
20,1153,KALYANKJIL,EQ,1984552,999730,50.38
20,1154,KAMATHOTEL,EQ,76374,40776,53.39
20,1155,KAMDHENU,EQ,22603,12355,54.66
20,1156,KAMOPAINTS,EQ,273957,83338,30.42
20,1157,KANDARP,SM,4000,4000,100.00
20,1158,KANORICHEM,EQ,24589,12528,50.95
20,1159,KANPRPLA,EQ,4692,3007,64.09
20,1160,KANSAINER,EQ,169697,90836,53.53
20,1161,KAPSTON,EQ,10019,5707,56.96
20,1162,KARNIKA,SM,1600,1600,100.00
20,1163,KARURVYSYA,EQ,1392435,508439,36.51
20,1164,KAUSHALYA,EQ,857,425,49.59
20,1165,KAVVERITEL,EQ,25053,14899,59.47
20,1166,KAYA,EQ,19416,12846,66.16
20,1167,KAYNES,EQ,161720,107348,66.38
20,1168,KBCGLOBAL,EQ,3382350,2482585,73.40
20,1169,KCEIL,SM,318000,176000,55.35
20,1170,KCK,ST,32000,32000,100.00
20,1171,KCP,EQ,312339,138349,44.29
20,1172,KCPSUGIND,EQ,340547,118470,34.79
20,1173,KDDL,EQ,27070,10143,37.47
20,1174,KDL,SM,23200,18800,81.03
20,1175,KEC,EQ,423635,172073,40.62
20,1176,KECL,EQ,203209,90263,44.42
20,1177,KEEPLEARN,EQ,39997,39897,99.75
20,1178,KEI,EQ,199296,76567,38.42
20,1179,KEL,SM,6000,4800,80.00
20,1180,KELLTONTEC,EQ,597965,221739,37.08
20,1181,KERNEX,EQ,13596,10412,76.58
20,1182,KESORAMIND,EQ,322879,141299,43.76
20,1183,KFINTECH,EQ,288699,170792,59.16
20,1184,KHADIM,EQ,31798,15107,47.51
20,1185,KHAICHEM,EQ,774742,257160,33.19
20,1186,KHAITANLTD,EQ,7205,4328,60.07
20,1187,KHANDSE,EQ,7942,5486,69.08
20,1188,KHFM,SM,24800,12400,50.00
20,1189,KICL,EQ,2968,1057,35.61
20,1190,KILITCH,EQ,5437,3455,63.55
20,1191,KIMS,EQ,149333,117590,78.74
20,1192,KINGFA,EQ,9004,6967,77.38
20,1193,KIOCL,EQ,182722,66669,36.49
20,1194,KIRIINDUS,EQ,209348,109877,52.49
20,1195,KIRLOSBROS,EQ,66334,19828,29.89
20,1196,KIRLOSENG,EQ,94877,58612,61.78
20,1197,KIRLOSIND,EQ,3083,1500,48.65
20,1198,KIRLPNU,EQ,117418,71625,61.00
20,1199,KITEX,EQ,122947,52983,43.09
20,1200,KKCL,EQ,29277,17106,58.43
20,1201,KLL,SM,72000,41600,57.78
20,1202,KMSUGAR,EQ,27243877,4765683,17.49
20,1203,KNAGRI,SM,12000,6400,53.33
20,1204,KNRCON,EQ,355547,145057,40.80
20,1205,KODYTECH,SM,6400,4800,75.00
20,1206,KOHINOOR,EQ,74409,51314,68.96
20,1207,KOKUYOCMLN,EQ,81769,52634,64.37
20,1208,KOLTEPATIL,EQ,155588,57856,37.19
20,1209,KONSTELEC,SM,48000,34000,70.83
20,1210,KONTOR,SM,3600,2400,66.67
20,1211,KOPRAN,EQ,276786,117388,42.41
20,1212,KORE,SM,4500,4500,100.00
20,1213,KOTAKBANK,EQ,3870380,2290832,59.19
20,1214,KOTARISUG,EQ,184474,93458,50.66
20,1215,KOTHARIPET,EQ,63526,25874,40.73
20,1216,KOTHARIPRO,EQ,12451,4937,39.65
20,1217,KOTYARK,SM,36200,25400,70.17
20,1218,KPIGREEN,EQ,596847,225227,37.74
20,1219,KPIL,EQ,307831,125223,40.68
20,1220,KPITTECH,EQ,723681,362764,50.13
20,1221,KPRMILL,EQ,283342,147091,51.91
20,1222,KRBL,EQ,463295,223401,48.22
20,1223,KREBSBIO,EQ,6182,3830,61.95
20,1224,KRISHANA,EQ,40897,29768,72.79
20,1225,KRISHCA,SM,21500,14500,67.44
20,1226,KRISHNADEF,SM,29000,15500,53.45
20,1227,KRITI,EQ,33760,16339,48.40
20,1228,KRITINUT,EQ,108780,43266,39.77
20,1229,KRSNAA,EQ,26359,14973,56.80
20,1230,KRYSTAL,EQ,1610664,365624,22.70
20,1231,KSB,EQ,173813,43688,25.14
20,1232,KSCL,EQ,2354908,278292,11.82
20,1233,KSL,EQ,75668,37934,50.13
20,1234,KSOLVES,EQ,31831,16940,53.22
20,1235,KTKBANK,EQ,916829,488369,53.27
20,1236,KTL,SM,132000,132000,100.00
20,1237,KUANTUM,EQ,71240,45638,64.06
20,1238,LALPATHLAB,EQ,245714,88730,36.11
20,1239,LAMBODHARA,EQ,14448,5478,37.92
20,1240,LANDMARK,EQ,65040,27470,42.24
20,1241,LAOPALA,EQ,59653,25473,42.70
20,1242,LASA,EQ,66209,46768,70.64
20,1243,LATENTVIEW,EQ,1033994,356691,34.50
20,1244,LAURUSLABS,EQ,1487447,666673,44.82
20,1245,LAWSIKHO,SM,109000,79000,72.48
20,1246,LAXMICOT,EQ,926571,347348,37.49
20,1247,LAXMIMACH,EQ,3853,1017,26.40
20,1248,LEMERITE,SM,28800,16000,55.56
20,1249,LEMONTREE,EQ,2246345,1061504,47.25
20,1250,LEXUS,EQ,48546,25406,52.33
20,1251,LGBBROSLTD,EQ,14051,7749,55.15
20,1252,LGBFORGE,EQ,115729,54687,47.25
20,1253,LGHL,EQ,3955,2309,58.38
20,1254,LIBAS,EQ,51451,30313,58.92
20,1255,LICHSGFIN,EQ,2471599,1026835,41.55
20,1256,LICI,EQ,2273800,913320,40.17
20,1257,LICMFGOLD,EQ,589,410,69.61
20,1258,LICNETFGSC,EQ,27120,25096,92.54
20,1259,LICNETFN50,EQ,288,166,57.64
20,1260,LICNETFSEN,EQ,84,82,97.62
20,1261,LICNFNHGP,EQ,51,36,70.59
20,1262,LICNMID100,EQ,1571,1289,82.05
20,1263,LIKHITHA,EQ,1751673,407008,23.24
20,1264,LINC,EQ,9917,5007,50.49
20,1265,LINCOLN,EQ,41688,22722,54.50
20,1266,LINDEINDIA,EQ,141046,35056,24.85
20,1267,LIQUID,EQ,40277,21412,53.16
20,1268,LIQUID1,EQ,16186,8505,52.55
20,1269,LIQUIDADD,EQ,126933,125443,98.83
20,1270,LIQUIDBEES,EQ,4344737,3358800,77.31
20,1271,LIQUIDCASE,EQ,2909696,2817891,96.84
20,1272,LIQUIDETF,EQ,231803,139587,60.22
20,1273,LIQUIDIETF,EQ,433692,193321,44.58
20,1274,LIQUIDSBI,EQ,10450,9396,89.91
20,1275,LLOYDS,SM,15000,13000,86.67
20,1276,LLOYDSENGG,EQ,4502798,1620548,35.99
20,1277,LLOYDSME,EQ,500599,250450,50.03
20,1278,LODHA,EQ,1087676,897888,82.55
20,1279,LOKESHMACH,EQ,222251,72967,32.83
20,1280,LOVABLE,EQ,17145,10510,61.30
20,1281,LOWVOL,EQ,2343,2334,99.62
20,1282,LOWVOL1,EQ,3025148,2218282,73.33
20,1283,LOWVOLIETF,EQ,1695827,1006724,59.36
20,1284,LOYALTEX,EQ,193,115,59.59
20,1285,LPDC,EQ,39348,27920,70.96
20,1286,LRRPL,SM,24000,21000,87.50
20,1287,LT,EQ,2759031,1449220,52.53
20,1288,L&TFH,EQ,6833098,3846723,56.30
20,1289,L&TFIN,NF,45,42,93.33
20,1290,L&TFIN,NH,10,10,100.00
20,1291,L&TFIN,NJ,15,15,100.00
20,1292,L&TFIN,NL,196,196,100.00
20,1293,L&TFIN,NN,100,100,100.00
20,1294,LTFOODS,EQ,1462204,834912,57.10
20,1295,LTGILTBEES,EQ,1637208,1079017,65.91
20,1296,LTIM,EQ,375613,184027,48.99
20,1297,LTTS,EQ,113259,37242,32.88
20,1298,LUMAXIND,EQ,13064,4505,34.48
20,1299,LUMAXTECH,EQ,129452,52122,40.26
20,1300,LUPIN,EQ,1186398,625431,52.72
20,1301,LUXIND,EQ,27755,14599,52.60
20,1302,LXCHEM,EQ,799541,327902,41.01
20,1303,LYKALABS,EQ,90964,44582,49.01
20,1304,LYPSAGEMS,EQ,222202,131512,59.19
20,1305,MAANALU,EQ,155165,68034,43.85
20,1306,MADHAVBAUG,SM,2800,2400,85.71
20,1307,MADHUSUDAN,SM,30000,20000,66.67
20,1308,MADRASFERT,EQ,235785,48013,20.36
20,1309,MAFANG,EQ,416767,225603,54.13
20,1310,MAGADSUGAR,EQ,9081,4853,53.44
20,1311,MAGNUM,EQ,79020,47668,60.32
20,1312,MAGSON,SM,12000,12000,100.00
20,1313,MAHABANK,EQ,19340620,3971961,20.54
20,1314,MAHAPEXLTD,EQ,3473,2664,76.71
20,1315,MAHEPC,EQ,81640,36305,44.47
20,1316,MAHESHWARI,EQ,19503,9737,49.93
20,1317,MAHICKRA,SM,6000,6000,100.00
20,1318,MAHKTECH,EQ,824175,635774,77.14
20,1319,MAHLIFE,EQ,333064,141305,42.43
20,1320,MAHLOG,EQ,131108,61107,46.61
20,1321,MAHSCOOTER,EQ,3865,2342,60.60
20,1322,MAHSEAMLES,EQ,84070,51238,60.95
20,1323,MAITHANALL,EQ,54442,25804,47.40
20,1324,MAITREYA,SM,6400,6400,100.00
20,1325,MAKEINDIA,EQ,28939,26949,93.12
20,1326,MAKS,ST,3000,1500,50.00
20,1327,MAL,SM,9600,8000,83.33
20,1328,MALLCOM,EQ,6095,3579,58.72
20,1329,MANAKCOAT,EQ,123411,73184,59.30
20,1330,MANAKSIA,EQ,96592,46167,47.80
20,1331,MANALIPETC,EQ,958782,472633,49.30
20,1332,MANAPPURAM,EQ,4275915,1428014,33.40
20,1333,MANAV,SM,8000,8000,100.00
20,1334,MANGALAM,EQ,18437,13314,72.21
20,1335,MANGCHEFER,EQ,362368,201315,55.56
20,1336,MANGLMCEM,EQ,117156,48016,40.98
20,1337,MANINFRA,EQ,227573,137367,60.36
20,1338,MANKIND,EQ,320168,171034,53.42
20,1339,MANORAMA,EQ,478199,323350,67.62
20,1340,MANORG,EQ,8650,4731,54.69
20,1341,MANYAVAR,EQ,191710,103814,54.15
20,1342,MAPMYINDIA,EQ,70723,31934,45.15
20,1343,MARALOVER,EQ,22002,14430,65.58
20,1344,MARATHON,EQ,34408,18368,53.38
20,1345,MARCO,SM,21000,12000,57.14
20,1346,MARICO,EQ,1090283,683385,62.68
20,1347,MARINE,EQ,215796,153123,70.96
20,1348,MARINETRAN,SM,28000,24000,85.71
20,1349,MARKSANS,EQ,4856047,1051653,21.66
20,1350,MARUTI,EQ,635535,210181,33.07
20,1351,MASFIN,EQ,104476,49443,47.32
20,1352,MASKINVEST,EQ,672,454,67.56
20,1353,MASPTOP50,EQ,431233,212392,49.25
20,1354,MASTEK,EQ,123104,34451,27.99
20,1355,MASTER,SM,5000,4000,80.00
20,1356,MATRIMONY,EQ,65237,27699,42.46
20,1357,MAWANASUG,EQ,45976,22840,49.68
20,1358,MAXESTATES,EQ,100241,56325,56.19
20,1359,MAXHEALTH,EQ,1911786,955836,50.00
20,1360,MAXPOSURE,SM,8000,8000,100.00
20,1361,MAYURUNIQ,EQ,100029,73593,73.57
20,1362,MAZDA,EQ,29525,4928,16.69
20,1363,MAZDOCK,EQ,1434327,263983,18.40
20,1364,MBAPL,EQ,15419,8712,56.50
20,1365,MBLINFRA,EQ,89523,59074,65.99
20,1366,MCDOWELL-N,EQ,1068784,685280,64.12
20,1367,MCX,EQ,717960,150391,20.95
20,1368,MDL,ST,32000,32000,100.00
20,1369,MEDANTA,EQ,154489,88500,57.29
20,1370,MEDIASSIST,EQ,334314,221435,66.24
20,1371,MEDICAMEQ,EQ,8466,4116,48.62
20,1372,MEDPLUS,EQ,70075,38545,55.01
20,1373,MEGASOFT,EQ,361896,230415,63.67
20,1374,MEGASTAR,EQ,6897,3632,52.66
20,1375,MEGATHERM,SM,97200,63600,65.43
20,1376,MENONBE,EQ,37235,19493,52.35
20,1377,METROBRAND,EQ,115799,55995,48.36
20,1378,METROPOLIS,EQ,336772,57677,17.13
20,1379,MFSL,EQ,1123130,538765,47.97
20,1380,MGEL,EQ,105219,58182,55.30
20,1381,MGL,EQ,307147,83998,27.35
20,1382,MHHL,SM,7500,7500,100.00
20,1383,MHRIL,EQ,163878,60956,37.20
20,1384,MICEL,EQ,318932,188389,59.07
20,1385,MICROPRO,SM,8000,4800,60.00
20,1386,MID150BEES,EQ,660047,387375,58.69
20,1387,MIDCAP,EQ,85698,64114,74.81
20,1388,MIDCAPETF,EQ,753112,547525,72.70
20,1389,MIDCAPIETF,EQ,46985,22797,48.52
20,1390,MIDHANI,EQ,739112,181290,24.53
20,1391,MIDQ50ADD,EQ,1606,1194,74.35
20,1392,MIDSELIETF,EQ,34015,16498,48.50
20,1393,MILTON,SM,8800,8800,100.00
20,1394,MINDACORP,EQ,160713,68356,42.53
20,1395,MINDSPACE,RR,160269,127262,79.41
20,1396,MINDTECK,EQ,463521,157171,33.91
20,1397,MIRCELECTR,EQ,265760,195417,73.53
20,1398,M&M,EQ,3253248,1699975,52.25
20,1399,M&MFIN,EQ,3353405,1732347,51.66
20,1400,MMFL,EQ,561605,208115,37.06
20,1401,MMP,EQ,169219,125313,74.05
20,1402,MMTC,EQ,2237168,568099,25.39
20,1403,MNC,EQ,8289,3704,44.69
20,1404,MODIRUBBER,EQ,21493,13680,63.65
20,1405,MODISONLTD,EQ,120944,62297,51.51
20,1406,MOGSEC,EQ,11391,11386,99.96
20,1407,MOHEALTH,EQ,15725,9832,62.52
20,1408,MOHITIND,EQ,10912,8244,75.55
20,1409,MOIL,EQ,1270910,272732,21.46
20,1410,MOL,EQ,2739471,996572,36.38
20,1411,MOLDTECH,EQ,86533,42045,48.59
20,1412,MOLDTKPAC,EQ,33281,16788,50.44
20,1413,MOLOWVOL,EQ,3132,2912,92.98
20,1414,MOM100,EQ,298228,178943,60.00
20,1415,MOM30IETF,EQ,1035311,688670,66.52
20,1416,MOM50,EQ,2911,2138,73.45
20,1417,MOMENTUM,EQ,76523,53446,69.84
20,1418,MOMOMENTUM,EQ,123300,79311,64.32
20,1419,MON100,EQ,783288,562365,71.80
20,1420,MONARCH,EQ,45686,27315,59.79
20,1421,MONIFTY500,EQ,305997,252596,82.55
20,1422,MONOPHARMA,SM,4000,4000,100.00
20,1423,MONQ50,EQ,15578,8827,56.66
20,1424,MONTECARLO,EQ,21051,12200,57.95
20,1425,MOQUALITY,EQ,607,544,89.62
20,1426,MOREALTY,EQ,48413,41955,86.66
20,1427,MOREPENLAB,EQ,8190384,3000656,36.64
20,1428,MOS,SM,235200,72000,30.61
20,1429,MOSMALL250,EQ,137002,103289,75.39
20,1430,MOTHERSON,EQ,19747475,5690014,28.81
20,1431,MOTILALOFS,EQ,917222,307146,33.49
20,1432,MOTISONS,EQ,158849,73998,46.58
20,1433,MOVALUE,EQ,87202,51612,59.19
20,1434,MPHASIS,EQ,504287,290261,57.56
20,1435,MPSLTD,EQ,17133,10520,61.40
20,1436,MRF,EQ,6377,1912,29.98
20,1437,MRO-TEK,EQ,34637,18794,54.26
20,1438,MRPL,EQ,4323901,970999,22.46
20,1439,MSPL,EQ,279431,210657,75.39
20,1440,MSTCLTD,EQ,139975,53894,38.50
20,1441,MSUMI,EQ,7012503,3013666,42.98
20,1442,MTARTECH,EQ,460793,253648,55.05
20,1443,MTNL,EQ,1889616,789471,41.78
20,1444,MUFIN,EQ,154641,90830,58.74
20,1445,MUFTI,EQ,108548,47502,43.76
20,1446,MUKANDLTD,EQ,183356,67476,36.80
20,1447,MUKKA,EQ,1132943,572517,50.53
20,1448,MUNJALAU,EQ,77441,56111,72.46
20,1449,MUNJALSHOW,EQ,49612,23440,47.25
20,1450,MURUDCERA,EQ,117855,51896,44.03
20,1451,MUTHOOTCAP,EQ,14224,7289,51.24
20,1452,MUTHOOTFIN,EQ,195684,55341,28.28
20,1453,MUTHOOTMF,EQ,314094,152720,48.62
20,1454,MVGJL,EQ,31795,17431,54.82
20,1455,MVKAGRO,SM,25200,16800,66.67
20,1456,MWL,SM,18000,16800,93.33
20,1457,NABARD,N2,279,279,100.00
20,1458,NACLIND,EQ,57534,25023,43.49
20,1459,NAGAFERT,EQ,557524,323060,57.95
20,1460,NAGREEKEXP,EQ,31168,21424,68.74
20,1461,NAHARCAP,EQ,5453,3729,68.38
20,1462,NAHARINDUS,EQ,15790,8588,54.39
20,1463,NAHARPOLY,EQ,6181,3166,51.22
20,1464,NAHARSPING,EQ,32380,14058,43.42
20,1465,NAMAN,SM,323200,102400,31.68
20,1466,NAM-INDIA,EQ,1607045,649129,40.39
20,1467,NATCOPHARM,EQ,534620,306182,57.27
20,1468,NATHBIOGEN,EQ,26145,14123,54.02
20,1469,NATIONALUM,EQ,27228605,7041198,25.86
20,1470,NAUKRI,EQ,268853,157605,58.62
20,1471,NAVA,EQ,189104,83271,44.03
20,1472,NAVIFIN,N3,50,50,100.00
20,1473,NAVIFIN,N5,374,374,100.00
20,1474,NAVIFIN,N7,14,14,100.00
20,1475,NAVIFIN,ND,60,60,100.00
20,1476,NAVINFLUOR,EQ,204308,104715,51.25
20,1477,NAVINIFTY,EQ,642,639,99.53
20,1478,NAVKARCORP,EQ,2089177,725469,34.73
20,1479,NAVNETEDUL,EQ,308634,153324,49.68
20,1480,NAZARA,EQ,395698,212587,53.72
20,1481,NBCC,EQ,18495795,4912374,26.56
20,1482,NBIFIN,EQ,536,455,84.89
20,1483,NCC,EQ,4208929,1295564,30.78
20,1484,NCLIND,EQ,264468,163623,61.87
20,1485,NDGL,EQ,128,102,79.69
20,1486,NDL,EQ,2004094,1020476,50.92
20,1487,NDLVENTURE,EQ,3295,2634,79.94
20,1488,NDRAUTO,EQ,5520,3934,71.27
20,1489,NDTV,EQ,149735,54423,36.35
20,1490,NECCLTD,EQ,383340,202561,52.84
20,1491,NECLIFE,EQ,172310,112736,65.43
20,1492,NELCAST,EQ,88176,47569,53.95
20,1493,NELCO,EQ,56844,26635,46.86
20,1494,NEOGEN,EQ,25565,10160,39.74
20,1495,NESCO,EQ,39905,20786,52.09
20,1496,NESTLEIND,EQ,1851012,884720,47.80
20,1497,NETF,EQ,10072,9230,91.64
20,1498,NETWEB,EQ,119042,59472,49.96
20,1499,NEULANDLAB,EQ,37535,17885,47.65
20,1500,NEWGEN,EQ,73480,42926,58.42
20,1501,NEWJAISA,SM,48000,42000,87.50
20,1502,NEXT50,EQ,25846,18957,73.35
20,1503,NEXT50IETF,EQ,297137,216914,73.00
20,1504,NEXTMEDIA,EQ,68464,39626,57.88
20,1505,NFL,EQ,2003743,500766,24.99
20,1506,NGIL,EQ,166378,43545,26.17
20,1507,NGLFINE,EQ,51540,11775,22.85
20,1508,NH,EQ,174736,69660,39.87
20,1509,NHAI,N2,800,800,100.00
20,1510,NHAI,N6,406,402,99.01
20,1511,NHAI,N8,2623,2063,78.65
20,1512,NHAI,NA,1460,1435,98.29
20,1513,NHAI,NE,3870,2985,77.13
20,1514,NHBTF2014,N5,441,300,68.03
20,1515,NHBTF2014,N6,591,481,81.39
20,1516,NHBTF2023,N6,11,11,100.00
20,1517,NHIT,N1,382,381,99.74
20,1518,NHIT,N2,141,141,100.00
20,1519,NHIT,N3,664,595,89.61
20,1520,NHPC,EQ,74207139,33549357,45.21
20,1521,NHPC,N5,248,148,59.68
20,1522,NIACL,EQ,578213,182042,31.48
20,1523,NIBL,EQ,29017,21030,72.47
20,1524,NIDAN,SM,8000,8000,100.00
20,1525,NIDO,N6,35,35,100.00
20,1526,NIDO,N7,188,98,52.13
20,1527,NIF100BEES,EQ,127025,117287,92.33
20,1528,NIF100IETF,EQ,7488,4636,61.91
20,1529,NIF10GETF,EQ,2984,2129,71.35
20,1530,NIF5GETF,EQ,8,8,100.00
20,1531,NIFITETF,EQ,6517,4998,76.69
20,1532,NIFMID150,EQ,1898,1780,93.78
20,1533,NIFTY1,EQ,70496,52334,74.24
20,1534,NIFTY50ADD,EQ,33774,29034,85.97
20,1535,NIFTYBEES,EQ,5776197,4108416,71.13
20,1536,NIFTYBETF,EQ,29421,10009,34.02
20,1537,NIFTYETF,EQ,126003,102641,81.46
20,1538,NIFTYIETF,EQ,831651,760570,91.45
20,1539,NIFTYQLITY,EQ,45054,37195,82.56
20,1540,NIITLTD,EQ,296346,144536,48.77
20,1541,NIITMTS,EQ,130601,71744,54.93
20,1542,NILASPACES,EQ,2880831,1718379,59.65
20,1543,NILKAMAL,EQ,11100,5684,51.21
20,1544,NINSYS,EQ,3688,2159,58.54
20,1545,NIPPOBATRY,EQ,10978,5002,45.56
20,1546,NIRMAN,SM,17400,8400,48.28
20,1547,NITINSPIN,EQ,59572,35264,59.20
20,1548,NITIRAJ,EQ,12924,7174,55.51
20,1549,NLCINDIA,EQ,3378541,978243,28.95
20,1550,NMDC,EQ,11718178,3739063,31.91
20,1551,NMDC,T0,1,1,100.00
20,1552,NOCIL,EQ,320064,121249,37.88
20,1553,NORBTEAEXP,EQ,1121,964,85.99
20,1554,NOVAAGRI,EQ,209669,111804,53.32
20,1555,NPBET,EQ,1108,752,67.87
20,1556,NPST,SM,10200,8700,85.29
20,1557,NRAIL,EQ,13501,7486,55.45
20,1558,NRBBEARING,EQ,644246,141778,22.01
20,1559,NRL,EQ,121538,67869,55.84
20,1560,NSIL,EQ,2159,1119,51.83
20,1561,NSLNISP,EQ,30283457,4931582,16.28
20,1562,NTPC,EQ,12867942,5749484,44.68
20,1563,NTPC,N5,3240,2015,62.19
20,1564,NTPC,N6,1242,1162,93.56
20,1565,NTPC,N7,73933,73403,99.28
20,1566,NTPC,NB,257,157,61.09
20,1567,NTPC,ND,164,158,96.34
20,1568,NUCLEUS,EQ,36880,13379,36.28
20,1569,NURECA,EQ,16468,7969,48.39
20,1570,NUVAMA,EQ,26005,13281,51.07
20,1571,NUVOCO,EQ,1127188,483226,42.87
20,1572,NV20,EQ,59074,42856,72.55
20,1573,NV20BEES,EQ,21398,18899,88.32
20,1574,NV20IETF,EQ,571854,378669,66.22
20,1575,NXST,RR,122115,92430,75.69
20,1576,NYKAA,EQ,8101824,3628339,44.78
20,1577,OAL,EQ,5247,2528,48.18
20,1578,OBCL,EQ,67451,36272,53.78
20,1579,OBEROIRLTY,EQ,532840,247276,46.41
20,1580,OCCL,EQ,32673,14700,44.99
20,1581,OFSS,EQ,310748,110047,35.41
20,1582,OIL,EQ,4146618,1148374,27.69
20,1583,OLECTRA,EQ,482009,130863,27.15
20,1584,OMAXE,EQ,182263,123063,67.52
20,1585,OMFURN,SM,28800,21600,75.00
20,1586,OMINFRAL,EQ,268634,121040,45.06
20,1587,ONDOOR,SM,2400,1800,75.00
20,1588,ONGC,EQ,32658724,8988326,27.52
20,1589,ONMOBILE,EQ,436268,216581,49.64
20,1590,ONWARDTEC,EQ,58256,31020,53.25
20,1591,OPTIEMUS,EQ,84840,38022,44.82
20,1592,ORBTEXP,EQ,5272,4008,76.02
20,1593,ORCHPHARMA,EQ,50053,25727,51.40
20,1594,ORIANA,SM,155400,75300,48.46
20,1595,ORICONENT,EQ,5916987,1295465,21.89
20,1596,ORIENTBELL,EQ,9502,6220,65.46
20,1597,ORIENTCEM,EQ,406719,200958,49.41
20,1598,ORIENTCER,EQ,47483,31802,66.98
20,1599,ORIENTELEC,EQ,131217,55961,42.65
20,1600,ORIENTHOT,EQ,1134792,434099,38.25
20,1601,ORIENTLTD,EQ,11004,7181,65.26
20,1602,ORIENTPPR,EQ,511488,214342,41.91
20,1603,ORISSAMINE,EQ,9286,2318,24.96
20,1604,ORTINLAB,EQ,10020,5930,59.18
20,1605,OSWALAGRO,EQ,390285,205779,52.73
20,1606,OSWALGREEN,EQ,214430,107487,50.13
20,1607,OWAIS,SM,83200,60800,73.08
20,1608,PAGEIND,EQ,16410,5789,35.28
20,1609,PAISALO,EQ,1059050,789901,74.59
20,1610,PAKKA,EQ,125813,52349,41.61
20,1611,PALASHSECU,EQ,10645,3555,33.40
20,1612,PANACEABIO,EQ,99265,43762,44.09
20,1613,PANACHE,EQ,6241,3839,61.51
20,1614,PANAMAPET,EQ,110333,48795,44.23
20,1615,PANSARI,EQ,6835,4742,69.38
20,1616,PAR,EQ,1672082,274816,16.44
20,1617,PARACABLES,EQ,750936,391486,52.13
20,1618,PARADEEP,EQ,1220410,476899,39.08
20,1619,PARAGMILK,EQ,605647,224696,37.10
20,1620,PARAGON,SM,18000,12000,66.67
20,1621,PARAS,EQ,129460,50628,39.11
20,1622,PARKHOTELS,EQ,261916,104290,39.82
20,1623,PARSVNATH,EQ,343119,230441,67.16
20,1624,PARTYCRUS,SM,10000,8000,80.00
20,1625,PASHUPATI,SM,44000,44000,100.00
20,1626,PASUPTAC,EQ,137738,47419,34.43
20,1627,PATANJALI,EQ,527833,206467,39.12
20,1628,PATELENG,EQ,4087312,1788537,43.76
20,1629,PATINTLOG,EQ,250256,138543,55.36
20,1630,PATTECH,SM,25500,24000,94.12
20,1631,PAYTM,EQ,1590630,1114958,70.10
20,1632,PCBL,EQ,1371749,575842,41.98
20,1633,PCHFL,N6,150,150,100.00
20,1634,PCJEWELLER,EQ,1172219,588514,50.21
20,1635,PDMJEPAPER,EQ,259008,129957,50.17
20,1636,PDSL,EQ,25787,15384,59.66
20,1637,PEARLPOLY,EQ,29484,13908,47.17
20,1638,PEL,EQ,569849,218331,38.31
20,1639,PEL,N3,2,2,100.00
20,1640,PENIND,EQ,1284316,499430,38.89
20,1641,PENINLAND,EQ,1053123,457429,43.44
20,1642,PENTAGON,SM,2000,2000,100.00
20,1643,PERFECT,ST,36000,30000,83.33
20,1644,PERSISTENT,EQ,364067,186191,51.14
20,1645,PETRONET,EQ,6304046,1967018,31.20
20,1646,PFC,EQ,8788592,3450048,39.26
20,1647,PFC,N2,500,500,100.00
20,1648,PFC,N5,870,870,100.00
20,1649,PFC,N8,1421,1175,82.69
20,1650,PFIZER,EQ,12557,8077,64.32
20,1651,PFOCUS,EQ,119587,60862,50.89
20,1652,PGEL,EQ,113109,45781,40.48
20,1653,PGHH,EQ,1586,1067,67.28
20,1654,PGHL,EQ,8445,6528,77.30
20,1655,PGIL,EQ,9835,5072,51.57
20,1656,PGINVIT,IV,530435,483863,91.22
20,1657,PHANTOMFX,SM,45900,29700,64.71
20,1658,PHARMABEES,EQ,4321388,3319654,76.82
20,1659,PHOENIXLTD,EQ,578053,297321,51.43
20,1660,PIDILITIND,EQ,668800,498857,74.59
20,1661,PIIND,EQ,135250,63066,46.63
20,1662,PILANIINVS,EQ,10432,5792,55.52
20,1663,PITTIENG,EQ,70287,35900,51.08
20,1664,PIXTRANS,EQ,17411,8886,51.04
20,1665,PKTEA,EQ,159,115,72.33
20,1666,PLASTIBLEN,EQ,17031,8642,50.74
20,1667,PLATIND,EQ,214225,86462,40.36
20,1668,PLAZACABLE,EQ,79389,47048,59.26
20,1669,PNB,EQ,35611955,6992514,19.64
20,1670,PNBGILTS,EQ,455425,184810,40.58
20,1671,PNBHOUSING,EQ,634039,183083,28.88
20,1672,PNC,EQ,19186,13277,69.20
20,1673,PNCINFRA,EQ,356715,190318,53.35
20,1674,POCL,EQ,11836,6945,58.68
20,1675,PODDARMENT,EQ,4954,2283,46.08
20,1676,POKARNA,EQ,50408,16270,32.28
20,1677,POLICYBZR,EQ,1287456,935301,72.65
20,1678,POLYCAB,EQ,334073,137002,41.01
20,1679,POLYMED,EQ,90250,21477,23.80
20,1680,POLYPLEX,EQ,60805,25747,42.34
20,1681,POLYSIL,SM,12000,10000,83.33
20,1682,PONNIERODE,EQ,15062,9691,64.34
20,1683,POONAWALLA,EQ,1712524,650581,37.99
20,1684,POWERGRID,EQ,18755469,11087665,59.12
20,1685,POWERINDIA,EQ,182607,35655,19.53
20,1686,POWERMECH,EQ,13451,6349,47.20
20,1687,PPAP,EQ,7011,3770,53.77
20,1688,PPL,EQ,48347,30559,63.21
20,1689,PPLPHARMA,EQ,1922825,763839,39.72
20,1690,PRAJIND,EQ,349378,148493,42.50
20,1691,PRAKASH,EQ,415632,221265,53.24
20,1692,PRAMARA,SM,4000,4000,100.00
20,1693,PRATHAM,SM,576000,411200,71.39
20,1694,PRECAM,EQ,92715,46401,50.05
20,1695,PRECISION,SM,12000,12000,100.00
20,1696,PRECWIRE,EQ,200538,129109,64.38
20,1697,PREMEXPLN,EQ,360628,91451,25.36
20,1698,PREMIERPOL,EQ,17143,7932,46.27
20,1699,PRESSTONIC,SM,27200,24000,88.24
20,1700,PRESTIGE,EQ,448359,291746,65.07
20,1701,PRICOLLTD,EQ,774025,276587,35.73
20,1702,PRIMESECU,EQ,45403,28764,63.35
20,1703,PRINCEPIPE,EQ,114034,56316,49.39
20,1704,PRITI,EQ,17903,10080,56.30
20,1705,PRITIKA,SM,12000,10000,83.33
20,1706,PRIVISCL,EQ,13861,7110,51.30
20,1707,PROLIFE,SM,2500,2500,100.00
20,1708,PROPEQUITY,SM,5400,2400,44.44
20,1709,PROZONER,EQ,255280,120233,47.10
20,1710,PRSMJOHNSN,EQ,170427,69368,40.70
20,1711,PRUDENT,EQ,19978,8227,41.18
20,1712,PSB,EQ,2887800,589085,20.40
20,1713,PSPPROJECT,EQ,234320,67234,28.69
20,1714,PSUBANK,EQ,25031,17891,71.48
20,1715,PSUBANKADD,EQ,26298,4585,17.43
20,1716,PSUBNKBEES,EQ,2040055,840919,41.22
20,1717,PSUBNKIETF,EQ,188842,65669,34.77
20,1718,PTC,EQ,14650869,7622694,52.03
20,1719,PTCIL,EQ,13428,6967,51.88
20,1720,PTL,EQ,378225,183983,48.64
20,1721,PULZ,SM,20000,16000,80.00
20,1722,PUNJABCHEM,EQ,11253,4251,37.78
20,1723,PURVFLEXI,SM,16000,11200,70.00
20,1724,PVP,EQ,973616,675551,69.39
20,1725,PVRINOX,EQ,919512,545391,59.31
20,1726,PVSL,EQ,144665,72410,50.05
20,1727,PVTBANIETF,EQ,1330404,1016668,76.42
20,1728,PVTBANKADD,EQ,20420,17396,85.19
20,1729,PYRAMID,EQ,45719,23299,50.96
20,1730,QGOLDHALF,EQ,10967,6855,62.51
20,1731,QMSMEDI,SM,32000,25000,78.13
20,1732,QNIFTY,EQ,689,473,68.65
20,1733,QUAL30IETF,EQ,1202,869,72.30
20,1734,QUESS,EQ,998228,373047,37.37
20,1735,QUICKHEAL,EQ,60204,34735,57.70
20,1736,QUICKTOUCH,SM,8000,7000,87.50
20,1737,RACE,EQ,22168,14178,63.96
20,1738,RADHIKAJWE,EQ,342125,135599,39.63
20,1739,RADIANTCMS,EQ,475234,254427,53.54
20,1740,RADICO,EQ,189798,63755,33.59
20,1741,RADIOCITY,EQ,800445,242387,30.28
20,1742,RADIOCITY,P1,7,6,85.71
20,1743,RADIOWALLA,ST,174400,161600,92.66
20,1744,RAILTEL,EQ,2041788,559929,27.42
20,1745,RAIN,EQ,2949744,1158219,39.27
20,1746,RAINBOW,EQ,45079,19022,42.20
20,1747,RAJESHEXPO,EQ,558899,282970,50.63
20,1748,RAJRATAN,EQ,40325,18613,46.16
20,1749,RAJSREESUG,EQ,111261,68669,61.72
20,1750,RALLIS,EQ,596542,213048,35.71
20,1751,RAMANEWS,EQ,346575,225939,65.19
20,1752,RAMAPHO,EQ,7041,5145,73.07
20,1753,RAMASTEEL,EQ,5684018,2311691,40.67
20,1754,RAMCOCEM,EQ,360405,146759,40.72
20,1755,RAMCOIND,EQ,186282,80998,43.48
20,1756,RAMCOSYS,EQ,720274,192343,26.70
20,1757,RAMKY,EQ,74912,29896,39.91
20,1758,RAMRAT,EQ,253056,102277,40.42
20,1759,RANASUG,EQ,728698,295121,40.50
20,1760,RANEENGINE,EQ,22104,11507,52.06
20,1761,RANEHOLDIN,EQ,23374,9484,40.57
20,1762,RATEGAIN,EQ,406096,206435,50.83
20,1763,RATNAMANI,EQ,23430,10566,45.10
20,1764,RATNAVEER,EQ,537274,168296,31.32
20,1765,RAYMOND,EQ,1211332,254959,21.05
20,1766,RBA,EQ,1335033,544970,40.82
20,1767,RBL,EQ,21741,6260,28.79
20,1768,RBLBANK,EQ,9863401,2448840,24.83
20,1769,RBMINFRA,ST,7000,6000,85.71
20,1770,RBZJEWEL,EQ,82241,59561,72.42
20,1771,RCDL,SM,24000,24000,100.00
20,1772,RCF,EQ,2065488,579464,28.05
20,1773,RECLTD,EQ,7628906,2370727,31.08
20,1774,RECLTD,N2,62,62,100.00
20,1775,RECLTD,N6,300,300,100.00
20,1776,RECLTD,N9,1150,1150,100.00
20,1777,RECLTD,NG,10,10,100.00
20,1778,RECLTD,NH,250,250,100.00
20,1779,REDINGTON,EQ,1693510,778552,45.97
20,1780,REDTAPE,EQ,44310,23017,51.95
20,1781,REFEX,EQ,2273690,1179400,51.87
20,1782,RELAXO,EQ,36079,20505,56.83
20,1783,RELCHEMQ,EQ,27788,4587,16.51
20,1784,RELIANCE,EQ,7870889,3977520,50.53
20,1785,RELIGARE,EQ,796088,584543,73.43
20,1786,RELINFRA,EQ,3422493,1430737,41.80
20,1787,REMUS,SM,5000,2875,57.50
20,1788,RENUKA,EQ,4373734,1533051,35.05
20,1789,REPCOHOME,EQ,951680,293993,30.89
20,1790,REPL,EQ,6856,4533,66.12
20,1791,REPRO,EQ,5331,3320,62.28
20,1792,RESPONIND,EQ,45318,19578,43.20
20,1793,REXPIPES,SM,6000,6000,100.00
20,1794,RGL,EQ,119105,48258,40.52
20,1795,RHIM,EQ,339958,210213,61.83
20,1796,RICOAUTO,EQ,1720289,539224,31.34
20,1797,RIIL,EQ,299244,67294,22.49
20,1798,RILINFRA,SM,43900,30300,69.02
20,1799,RISHABH,EQ,90568,46854,51.73
20,1800,RITCO,EQ,628912,136433,21.69
20,1801,RITES,EQ,992235,272427,27.46
20,1802,RITEZONE,SM,1600,1600,100.00
20,1803,RKDL,EQ,21720,16751,77.12
20,1804,RKEC,EQ,101552,65262,64.26
20,1805,RKFORGE,EQ,2612146,606320,23.21
20,1806,RKSWAMY,EQ,121319,48303,39.81
20,1807,RMDRIP,SM,2000,2000,100.00
20,1808,RML,EQ,135320,38922,28.76
20,1809,ROCKINGDCE,SM,19000,13000,68.42
20,1810,ROHLTD,EQ,64083,27871,43.49
20,1811,ROLEXRINGS,EQ,17648,11525,65.30
20,1812,ROML,EQ,13006,10825,83.23
20,1813,ROSSARI,EQ,59277,25030,42.23
20,1814,ROSSELLIND,EQ,18397,8027,43.63
20,1815,ROTO,EQ,610158,247680,40.59
20,1816,ROUTE,EQ,44530,22276,50.02
20,1817,ROXHITECH,SM,187200,104000,55.56
20,1818,RPGLIFE,EQ,10619,7338,69.10
20,1819,RPSGVENT,EQ,31642,17358,54.86
20,1820,RPTECH,EQ,111724,50152,44.89
20,1821,RRKABEL,EQ,111225,66819,60.08
20,1822,RSWM,EQ,32112,17444,54.32
20,1823,RSYSTEMS,EQ,68025,35990,52.91
20,1824,RTNINDIA,EQ,2274781,772566,33.96
20,1825,RUBYMILLS,EQ,7227,4814,66.61
20,1826,RUCHINFRA,EQ,189546,128739,67.92
20,1827,RUCHIRA,EQ,73305,41760,56.97
20,1828,RUPA,EQ,73364,33461,45.61
20,1829,RUSHIL,EQ,47477,25848,54.44
20,1830,RUSTOMJEE,EQ,69136,27564,39.87
20,1831,RVNL,EQ,9991595,2421551,24.24
20,1832,SAAKSHI,SM,20400,15600,76.47
20,1833,SABTNL,EQ,121,121,100.00
20,1834,SADBHAV,EQ,1403090,902054,64.29
20,1835,SADHAV,SM,158400,86400,54.55
20,1836,SADHNANIQ,EQ,192014,104881,54.62
20,1837,SAFARI,EQ,81558,26204,32.13
20,1838,SAGCEM,EQ,110076,75732,68.80
20,1839,SAH,EQ,36001,6099,16.94
20,1840,SAHAJ,SM,8000,8000,100.00
20,1841,SAHANA,SM,24000,17500,72.92
20,1842,SAHYADRI,EQ,5824,3622,62.19
20,1843,SAIFL,SM,5600,4800,85.71
20,1844,SAIL,EQ,34742999,8129754,23.40
20,1845,SAKAR,EQ,11350,7280,64.14
20,1846,SAKHTISUG,EQ,256825,149156,58.08
20,1847,SAKSOFT,EQ,128043,55324,43.21
20,1848,SAKUMA,EQ,483308,344797,71.34
20,1849,SALASAR,EQ,3530740,1977754,56.02
20,1850,SALONA,EQ,2713,1742,64.21
20,1851,SALZERELEC,EQ,100174,57627,57.53
20,1852,SAMHI,EQ,1584720,774875,48.90
20,1853,SANDESH,EQ,1630,975,59.82
20,1854,SANDHAR,EQ,197082,77791,39.47
20,1855,SANDUMA,EQ,317894,132728,41.75
20,1856,SANGAMIND,EQ,21242,9083,42.76
20,1857,SANGANI,SM,18000,15000,83.33
20,1858,SANGHIIND,EQ,402273,200590,49.86
20,1859,SANGHVIMOV,EQ,145221,50989,35.11
20,1860,SANOFI,EQ,13179,7058,53.55
20,1861,SANSERA,EQ,109690,44522,40.59
20,1862,SAPPHIRE,EQ,48245,19377,40.16
20,1863,SARDAEN,EQ,275860,123339,44.71
20,1864,SAREGAMA,EQ,721085,396173,54.94
20,1865,SARLAPOLY,EQ,66861,35853,53.62
20,1866,SAROJA,SM,6400,4800,75.00
20,1867,SARTELE,SM,42000,22000,52.38
20,1868,SASKEN,EQ,17256,5995,34.74
20,1869,SASTASUNDR,EQ,57365,36207,63.12
20,1870,SATIA,EQ,2040402,833193,40.83
20,1871,SATIN,EQ,387393,177218,45.75
20,1872,SATINDLTD,EQ,315816,81855,25.92
20,1873,SAURASHCEM,EQ,472116,237178,50.24
20,1874,SBC,EQ,2588228,1301972,50.30
20,1875,SBCL,EQ,85057,38474,45.23
20,1876,SBFC,EQ,1385575,531779,38.38
20,1877,SBGLP,EQ,1232016,311896,25.32
20,1878,SBICARD,EQ,2012194,1327513,65.97
20,1879,SBIETFCON,EQ,5419,3727,68.78
20,1880,SBIETFIT,EQ,21769,17330,79.61
20,1881,SBIETFPB,EQ,63215,49589,78.44
20,1882,SBIETFQLTY,EQ,1393,1218,87.44
20,1883,SBILIFE,EQ,1129149,729097,64.57
20,1884,SBIN,EQ,10886554,3483310,32.00
20,1885,SCHAEFFLER,EQ,40175,17647,43.93
20,1886,SCHAND,EQ,56054,30726,54.81
20,1887,SCI,EQ,1383091,374734,27.09
20,1888,SCILAL,EQ,2013964,904252,44.90
20,1889,SCML,SM,340000,250000,73.53
20,1890,SCPL,EQ,18395,9974,54.22
20,1891,SDBL,EQ,527270,224330,42.55
20,1892,SDL24BEES,EQ,198,179,90.40
20,1893,SDL26BEES,EQ,22857,22856,100.00
20,1894,SECL,SM,62500,37500,60.00
20,1895,SECMARK,EQ,1469,1014,69.03
20,1896,SECURCRED,EQ,148331,77606,52.32
20,1897,SEL,ST,1600,1600,100.00
20,1898,SELAN,EQ,650610,84965,13.06
20,1899,SELMC,EQ,6723,3761,55.94
20,1900,SEMAC,EQ,1897,1053,55.51
20,1901,SENCO,EQ,726024,198870,27.39
20,1902,SENSEXADD,EQ,440,215,48.86
20,1903,SENSEXETF,EQ,9548,4381,45.88
20,1904,SENSEXIETF,EQ,4443,3244,73.01
20,1905,SEPC,EQ,8062908,3187302,39.53
20,1906,SEQUENT,EQ,815218,278623,34.18
20,1907,SERVICE,SM,8000,8000,100.00
20,1908,SERVOTECH,EQ,547606,376537,68.76
20,1909,SESHAPAPER,EQ,102523,40807,39.80
20,1910,SETCO,EQ,417900,251606,60.21
20,1911,SETF10GILT,EQ,8446,8136,96.33
20,1912,SETFGOLD,EQ,1411340,1262612,89.46
20,1913,SETFNIF50,EQ,587873,508224,86.45
20,1914,SETFNIFBK,EQ,108110,76643,70.89
20,1915,SETFNN50,EQ,33727,25610,75.93
20,1916,SFL,EQ,75192,35505,47.22
20,1917,SGBAPR28I,GB,183,147,80.33
20,1918,SGBAUG24,GB,123,81,65.85
20,1919,SGBAUG27,GB,98,69,70.41
20,1920,SGBAUG28V,GB,734,623,84.88
20,1921,SGBAUG29V,GB,130,102,78.46
20,1922,SGBAUG30,GB,641,402,62.71
20,1923,SGBD29VIII,GB,554,338,61.01
20,1924,SGBDC27VII,GB,5,5,100.00
20,1925,SGBDE30III,GB,1236,680,55.02
20,1926,SGBDE31III,GB,3524,2982,84.62
20,1927,SGBDEC2512,GB,7,7,100.00
20,1928,SGBDEC2513,GB,4,4,100.00
20,1929,SGBDEC26,GB,58,55,94.83
20,1930,SGBFEB27,GB,1,1,100.00
20,1931,SGBFEB29XI,GB,152,127,83.55
20,1932,SGBFEB32IV,GB,5653,4193,74.17
20,1933,SGBJAN26,GB,6,6,100.00
20,1934,SGBJAN27,GB,1,1,100.00
20,1935,SGBJAN29IX,GB,1838,1474,80.20
20,1936,SGBJAN29X,GB,9,7,77.78
20,1937,SGBJAN30IX,GB,75,65,86.67
20,1938,SGBJU29III,GB,583,541,92.80
20,1939,SGBJUL25,GB,7,7,100.00
20,1940,SGBJUL27,GB,6,6,100.00
20,1941,SGBJUL28IV,GB,1111,854,76.87
20,1942,SGBJUL29IV,GB,1124,789,70.20
20,1943,SGBJUN27,GB,28,28,100.00
20,1944,SGBJUN28,GB,68,55,80.88
20,1945,SGBJUN29II,GB,176,145,82.39
20,1946,SGBJUN30,GB,188,128,68.09
20,1947,SGBJUN31I,GB,1440,1166,80.97
20,1948,SGBMAR25,GB,166,135,81.33
20,1949,SGBMAR28X,GB,18,18,100.00
20,1950,SGBMAR30X,GB,202,91,45.05
20,1951,SGBMAR31IV,GB,406,365,89.90
20,1952,SGBMAY25,GB,336,244,72.62
20,1953,SGBMAY26,GB,40,40,100.00
20,1954,SGBMAY28,GB,71,60,84.51
20,1955,SGBMAY29I,GB,295,255,86.44
20,1956,SGBMR29XII,GB,340,242,71.18
20,1957,SGBN28VIII,GB,187,148,79.14
20,1958,SGBNOV24,GB,330,329,99.70
20,1959,SGBNOV258,GB,3,3,100.00
20,1960,SGBNOV25VI,GB,1,1,100.00
20,1961,SGBNOV26,GB,10,10,100.00
20,1962,SGBNV29VII,GB,1612,1447,89.76
20,1963,SGBOC28VII,GB,291,245,84.19
20,1964,SGBOCT25,GB,39,29,74.36
20,1965,SGBOCT25IV,GB,29,28,96.55
20,1966,SGBOCT26,GB,5,5,100.00
20,1967,SGBOCT27,GB,42,41,97.62
20,1968,SGBOCT27VI,GB,3,3,100.00
20,1969,SGBSEP24,GB,55,49,89.09
20,1970,SGBSEP27,GB,21,21,100.00
20,1971,SGBSEP28VI,GB,1241,792,63.82
20,1972,SGBSEP29VI,GB,295,202,68.47
20,1973,SGBSEP31II,GB,1725,1423,82.49
20,1974,SGIL,EQ,12565,6995,55.67
20,1975,SGL,EQ,45545,31453,69.06
20,1976,SHAH,EQ,2297048,1385792,60.33
20,1977,SHAILY,EQ,258291,148228,57.39
20,1978,SHALBY,EQ,84611,41002,48.46
20,1979,SHALPAINTS,EQ,323433,76293,23.59
20,1980,SHANKARA,EQ,92184,51743,56.13
20,1981,SHANTIGEAR,EQ,30271,13883,45.86
20,1982,SHARDACROP,EQ,60136,24345,40.48
20,1983,SHARDAMOTR,EQ,189301,102563,54.18
20,1984,SHAREINDIA,EQ,309649,94304,30.46
20,1985,SHAREINDIA,W1,322,218,67.70
20,1986,SHARIABEES,EQ,1887,1391,73.71
20,1987,SHEETAL,SM,60000,48000,80.00
20,1988,SHEMAROO,EQ,45882,25798,56.23
20,1989,SHERA,SM,75000,52000,69.33
20,1990,SHIGAN,SM,7500,6000,80.00
20,1991,SHILPAMED,EQ,514687,221303,43.00
20,1992,SHIVALIK,EQ,9159,6203,67.73
20,1993,SHIVAMAUTO,EQ,103486,65284,63.08
20,1994,SHIVAMILLS,EQ,8817,4419,50.12
20,1995,SHK,EQ,287491,127232,44.26
20,1996,SHOPERSTOP,EQ,55038,26632,48.39
20,1997,SHRADHA,EQ,20735,10699,51.60
20,1998,SHREDIGCEM,EQ,667027,319875,47.96
20,1999,SHREECEM,EQ,35614,21308,59.83
20,2000,SHREEKARNI,SM,28200,23400,82.98
20,2001,SHREEPUSHK,EQ,43767,23339,53.33
20,2002,SHRENIK,EQ,2376545,1671786,70.35
20,2003,SHREYANIND,EQ,21823,16046,73.53
20,2004,SHREYAS,EQ,27051,12373,45.74
20,2005,SHRIPISTON,EQ,94752,42752,45.12
20,2006,SHRIRAMFIN,EQ,959432,626123,65.26
20,2007,SHRIRAMFIN,YI,405,405,100.00
20,2008,SHRIRAMFIN,YL,232,232,100.00
20,2009,SHRIRAMFIN,YP,10,5,50.00
20,2010,SHRIRAMFIN,Z4,50,50,100.00
20,2011,SHRIRAMFIN,Z5,60,60,100.00
20,2012,SHRIRAMFIN,Z8,191,191,100.00
20,2013,SHRIRAMFIN,ZB,46,46,100.00
20,2014,SHRIRAMFIN,ZF,7,7,100.00
20,2015,SHRIRAMPPS,EQ,2694060,971991,36.08
20,2016,SHRITECH,SM,26000,22000,84.62
20,2017,SHUBHLAXMI,SM,4000,1000,25.00
20,2018,SHYAMMETL,EQ,259851,115805,44.57
20,2019,SHYAMTEL,EQ,4745,4545,95.79
20,2020,SIDDHIKA,SM,1000,1000,100.00
20,2021,SIEMENS,EQ,478594,270380,56.49
20,2022,SIGACHI,EQ,952313,549866,57.74
20,2023,SIGIND,EQ,20616,15355,74.48
20,2024,SIGMA,EQ,4970,2630,52.92
20,2025,SIGNATURE,EQ,446082,66533,14.91
20,2026,SIGNORIA,SM,18000,16000,88.89
20,2027,SIGNPOST,EQ,59513,32255,54.20
20,2028,SIKKO,EQ,13842,8037,58.06
20,2029,SIL,EQ,42821,28676,66.97
20,2030,SILINV,EQ,9874,6507,65.90
20,2031,SILLYMONKS,EQ,7622,4448,58.36
20,2032,SILVER,EQ,107362,69619,64.85
20,2033,SILVER1,EQ,23134,19996,86.44
20,2034,SILVERADD,EQ,4289,3251,75.80
20,2035,SILVERBEES,EQ,3107884,2188268,70.41
20,2036,SILVERETF,EQ,272054,101001,37.13
20,2037,SILVERIETF,EQ,678843,382548,56.35
20,2038,SILVERTUC,EQ,21514,3725,17.31
20,2039,SILVRETF,EQ,901158,899234,99.79
20,2040,SIMBHALS,EQ,88895,28000,31.50
20,2041,SINCLAIR,EQ,84891,58483,68.89
20,2042,SINDHUTRAD,EQ,2781989,1737710,62.46
20,2043,SINTERCOM,EQ,5561,3085,55.48
20,2044,SIRCA,EQ,91955,47055,51.17
20,2045,SIS,EQ,33935,16641,49.04
20,2046,SIYSIL,EQ,55026,26656,48.44
20,2047,SJLOGISTIC,SM,44000,30000,68.18
20,2048,SJS,EQ,139454,108845,78.05
20,2049,SJVN,EQ,23340179,8304481,35.58
20,2050,SKFINDIA,EQ,52059,42956,82.51
20,2051,SKIPPER,EQ,594165,255611,43.02
20,2052,SKIPPERPP,E1,710,626,88.17
20,2053,SKMEGGPROD,EQ,111921,45897,41.01
20,2054,SKP,SM,2000,2000,100.00
20,2055,SMALLCAP,EQ,480722,423362,88.07
20,2056,SMARTLINK,EQ,6978,4156,59.56
20,2057,SMCGLOBAL,EQ,421894,134567,31.90
20,2058,SMLISUZU,EQ,38322,17856,46.59
20,2059,SMSLIFE,EQ,3387,1960,57.87
20,2060,SMSPHARMA,EQ,435433,116898,26.85
20,2061,SMVD,SM,4040,4040,100.00
20,2062,SNOWMAN,EQ,1632652,566234,34.68
20,2063,SOBHA,EQ,100648,37848,37.60
20,2064,SOLARA,EQ,6454379,678957,10.52
20,2065,SOLARINDS,EQ,96371,50064,51.95
20,2066,SOLEX,SM,65800,43000,65.35
20,2067,SOMANYCERA,EQ,19331,8251,42.68
20,2068,SOMATEX,EQ,42742,42742,100.00
20,2069,SONACOMS,EQ,1542489,866468,56.17
20,2070,SONAMAC,SM,47000,34000,72.34
20,2071,SONAMLTD,EQ,4986,1741,34.92
20,2072,SONATSOFTW,EQ,1345911,986462,73.29
20,2073,SOTL,EQ,1674356,358413,21.41
20,2074,SOUTHBANK,EQ,26696838,7700751,28.85
20,2075,SOUTHWEST,EQ,58807,17040,28.98
20,2076,SPAL,EQ,14467,7308,50.51
20,2077,SPANDANA,EQ,77614,34982,45.07
20,2078,SPCENET,EQ,1955415,937721,47.96
20,2079,SPECIALITY,EQ,22384,12038,53.78
20,2080,SPECTRUM,SM,4375,3625,82.86
20,2081,SPECTSTM,SM,4000,4000,100.00
20,2082,SPENCERS,EQ,212694,91325,42.94
20,2083,SPIC,EQ,584245,232127,39.73
20,2084,SPLIL,EQ,13370,6561,49.07
20,2085,SPLPETRO,EQ,61860,34726,56.14
20,2086,SPMLINFRA,EQ,58590,42552,72.63
20,2087,SPORTKING,EQ,12706,8283,65.19
20,2088,SPRL,ST,9600,9600,100.00
20,2089,SREEL,EQ,8579,3387,39.48
20,2090,SRF,EQ,280298,113442,40.47
20,2091,SRGHFL,EQ,1888,1334,70.66
20,2092,SRHHYPOLTD,EQ,11758,4601,39.13
20,2093,SRIVASAVI,SM,23000,17000,73.91
20,2094,SRM,EQ,364543,142899,39.20
20,2095,SSFL,SM,82000,46000,56.10
20,2096,SSWL,EQ,188110,85589,45.50
20,2097,STAR,EQ,316272,115441,36.50
20,2098,STARCEMENT,EQ,688889,249931,36.28
20,2099,STARHEALTH,EQ,546206,380631,69.69
20,2100,STARPAPER,EQ,12462,5539,44.45
20,2101,STCINDIA,EQ,71081,20527,28.88
20,2102,STEELCAS,EQ,9355,3186,34.06
20,2103,STEELCITY,EQ,13941,8882,63.71
20,2104,STEELXIND,EQ,2189913,1169963,53.43
20,2105,STEL,EQ,30582,24594,80.42
20,2106,STERTOOLS,EQ,178264,48015,26.93
20,2107,STLTECH,EQ,8432009,3086459,36.60
20,2108,STOVEKRAFT,EQ,70446,39462,56.02
20,2109,STYLAMIND,EQ,29925,13250,44.28
20,2110,STYRENIX,EQ,15498,7928,51.15
20,2111,SUBEXLTD,EQ,6577597,2245775,34.14
20,2112,SUBROS,EQ,243044,95913,39.46
20,2113,SUDARSCHEM,EQ,234245,65622,28.01
20,2114,SUKHJITS,EQ,4919,2971,60.40
20,2115,SULA,EQ,307999,140253,45.54
20,2116,SUMICHEM,EQ,506094,185737,36.70
20,2117,SUMMITSEC,EQ,4930,3374,68.44
20,2118,SUNCLAY,EQ,16106,9488,58.91
20,2119,SUNDARAM,EQ,4966566,2803971,56.46
20,2120,SUNDARMFIN,EQ,106378,58548,55.04
20,2121,SUNDARMHLD,EQ,116090,72049,62.06
20,2122,SUNDRMBRAK,EQ,1059,713,67.33
20,2123,SUNDRMFAST,EQ,253996,226688,89.25
20,2124,SUNFLAG,EQ,542138,210317,38.79
20,2125,SUNPHARMA,EQ,2536516,1560104,61.51
20,2126,SUNTECK,EQ,212039,98761,46.58
20,2127,SUNTV,EQ,461871,123909,26.83
20,2128,SUPERHOUSE,EQ,9282,3976,42.84
20,2129,SUPRAJIT,EQ,104919,39905,38.03
20,2130,SUPREMEIND,EQ,167579,103796,61.94
20,2131,SUPREMEPWR,SM,184000,142000,77.17
20,2132,SUPRIYA,EQ,284851,111470,39.13
20,2133,SURAJEST,EQ,488859,241094,49.32
20,2134,SURANASOL,EQ,1313937,635670,48.38
20,2135,SURANI,SM,24000,20000,83.33
20,2136,SURYALAXMI,EQ,15628,11683,74.76
20,2137,SURYAROSNI,EQ,130734,51349,39.28
20,2138,SURYODAY,EQ,2505528,628973,25.10
20,2139,SUTLEJTEX,EQ,78981,37567,47.56
20,2140,SUULD,EQ,397464,257991,64.91
20,2141,SUVENPHAR,EQ,70598,30703,43.49
20,2142,SVPGLOB,EQ,41644,29130,69.95
20,2143,SWANENERGY,EQ,1129319,549989,48.70
20,2144,SWARAJ,SM,34000,29000,85.29
20,2145,SWARAJENG,EQ,28643,10846,37.87
20,2146,SWASTIK,SM,7200,7200,100.00
20,2147,SWELECTES,EQ,108810,73502,67.55
20,2148,SWSOLAR,EQ,3731839,1468635,39.35
20,2149,SYMPHONY,EQ,121735,72833,59.83
20,2150,SYNGENE,EQ,622211,209830,33.72
20,2151,SYNOPTICS,SM,10200,7200,70.59
20,2152,SYRMA,EQ,236723,117161,49.49
20,2153,SYSTANGO,SM,45600,30000,65.79
20,2154,TAC,ST,140400,130800,93.16
20,2155,TAINWALCHM,EQ,6697,4292,64.09
20,2156,TAJGVK,EQ,212484,90519,42.60
20,2157,TAKE,EQ,177033,112856,63.75
20,2158,TANLA,EQ,420969,106975,25.41
20,2159,TAPIFRUIT,SM,2250,1500,66.67
20,2160,TARACHAND,EQ,88315,54891,62.15
20,2161,TARSONS,EQ,79447,32757,41.23
20,2162,TASTYBITE,EQ,1193,482,40.40
20,2163,TATACAP,N8,674,674,100.00
20,2164,TATACAP,NA,35,35,100.00
20,2165,TATACAPHSG,N6,165,165,100.00
20,2166,TATACAPHSG,N8,4,4,100.00
20,2167,TATACAPHSG,NB,101,101,100.00
20,2168,TATACHEM,EQ,2126463,355085,16.70
20,2169,TATACOMM,EQ,2968937,1045064,35.20
20,2170,TATACONSUM,EQ,2160942,1143064,52.90
20,2171,TATAELXSI,EQ,97601,55240,56.60
20,2172,TATAGOLD,EQ,2930442,2179827,74.39
20,2173,TATAMOTORS,EQ,15381310,5574330,36.24
20,2174,TATAMTRDVR,EQ,1454630,815320,56.05
20,2175,TATAPOWER,EQ,17985425,3729750,20.74
20,2176,TATASTEEL,EQ,60078229,14016948,23.33
20,2177,TATATECH,EQ,853013,498559,58.45
20,2178,TATSILV,EQ,297081,206008,69.34
20,2179,TATVA,EQ,10192,4472,43.88
20,2180,TBZ,EQ,236346,115126,48.71
20,2181,TCI,EQ,33458,16983,50.76
20,2182,TCIEXP,EQ,41094,15072,36.68
20,2183,TCL,SM,211200,128000,60.61
20,2184,TCNSBRANDS,EQ,70843,30335,42.82
20,2185,TCPLPACK,EQ,3815,2926,76.70
20,2186,TCS,EQ,2957749,1731769,58.55
20,2187,TDPOWERSYS,EQ,219038,93209,42.55
20,2188,TEAMLEASE,EQ,13564,6808,50.19
20,2189,TECH,EQ,79719,71293,89.43
20,2190,TECHLABS,SM,64000,44000,68.75
20,2191,TECHM,EQ,2572144,1421312,55.26
20,2192,TECHNOE,EQ,738110,324941,44.02
20,2193,TEGA,EQ,52960,15615,29.48
20,2194,TEJASNET,EQ,263935,115048,43.59
20,2195,TEMBO,EQ,137591,56516,41.08
20,2196,TEXINFRA,EQ,577228,337079,58.40
20,2197,TEXMOPIPES,EQ,168790,122220,72.41
20,2198,TEXRAIL,EQ,1410175,759364,53.85
20,2199,TFCILTD,EQ,1352239,902478,66.74
20,2200,TFL,EQ,152395,133488,87.59
20,2201,TGBHOTELS,EQ,59328,35570,59.95
20,2202,TGL,ST,86400,86400,100.00
20,2203,THANGAMAYL,EQ,26407,17539,66.42
20,2204,THEJO,EQ,17788,7331,41.21
20,2205,THEMISMED,EQ,19330,10625,54.97
20,2206,THERMAX,EQ,332744,192866,57.96
20,2207,THOMASCOOK,EQ,2810974,2067020,73.53
20,2208,THYROCARE,EQ,357735,288845,80.74
20,2209,TI,EQ,307814,125233,40.68
20,2210,TIDEWATER,EQ,18952,8573,45.24
20,2211,TIIL,EQ,8919,4237,47.51
20,2212,TIINDIA,EQ,158811,111993,70.52
20,2213,TIMETECHNO,EQ,1042563,329402,31.60
20,2214,TIMKEN,EQ,563952,136339,24.18
20,2215,TIPSINDLTD,EQ,268261,161732,60.29
20,2216,TIRUMALCHM,EQ,677210,241476,35.66
20,2217,TIRUPATIFL,EQ,731953,430072,58.76
20,2218,TITAGARH,EQ,1258833,492152,39.10
20,2219,TITAN,EQ,1507940,783088,51.93
20,2220,TMB,EQ,75933,32049,42.21
20,2221,TNIDETF,EQ,50310,43772,87.00
20,2222,TNPETRO,EQ,224554,92072,41.00
20,2223,TNPL,EQ,77062,39432,51.17
20,2224,TOKYOPLAST,EQ,4914,3234,65.81
20,2225,TORNTPHARM,EQ,287483,207571,72.20
20,2226,TORNTPOWER,EQ,603619,201041,33.31
20,2227,TOTAL,EQ,8923,5948,66.66
20,2228,TOUCHWOOD,EQ,1000,461,46.10
20,2229,TPLPLASTEH,EQ,2136162,731391,34.24
20,2230,TRACXN,EQ,441597,181731,41.15
20,2231,TRANSTEEL,SM,18000,12000,66.67
20,2232,TRANSWIND,ST,20000,20000,100.00
20,2233,TREL,EQ,311413,146323,46.99
20,2234,TRENT,EQ,1180675,415527,35.19
20,2235,TRIDENT,EQ,11531372,2852863,24.74
20,2236,TRIDHYA,SM,12000,9000,75.00
20,2237,TRIGYN,EQ,108244,44871,41.45
20,2238,TRITURBINE,EQ,1931126,413742,21.42
20,2239,TRIVENI,EQ,191033,99248,51.95
20,2240,TRU,EQ,1076392,416230,38.67
20,2241,TRUST,ST,127200,127200,100.00
20,2242,TTKHLTCARE,EQ,5322,2627,49.36
20,2243,TTKPRESTIG,EQ,667689,633396,94.86
20,2244,TTL,EQ,13521,6103,45.14
20,2245,TTML,EQ,1891454,827620,43.76
20,2246,TVSELECT,EQ,352362,62343,17.69
20,2247,TVSHLTD,EQ,9474,8347,88.10
20,2248,TVSMOTOR,EQ,2046537,1144904,55.94
20,2249,TVSSCS,EQ,16085737,2554273,15.88
20,2250,TVSSRICHAK,EQ,7697,3924,50.98
20,2251,TVTODAY,EQ,85742,54361,63.40
20,2252,UBL,EQ,108830,33088,30.40
20,2253,UCAL,EQ,20991,11444,54.52
20,2254,UCOBANK,EQ,10567274,2404339,22.75
20,2255,UDS,EQ,131214,72756,55.45
20,2256,UFLEX,EQ,21668,13308,61.42
20,2257,UFO,EQ,961217,280777,29.21
20,2258,UGARSUGAR,EQ,167642,62569,37.32
20,2259,UGROCAP,EQ,157961,84818,53.70
20,2260,UGROCAP,N4,1,1,100.00
20,2261,UGROCAP,N7,514,418,81.32
20,2262,UJJIVAN,EQ,2395906,1175493,49.06
20,2263,UJJIVANSFB,EQ,8066857,3693380,45.78
20,2264,ULTRACEMCO,EQ,415558,235140,56.58
20,2265,UMA,SM,12000,12000,100.00
20,2266,UMANGDAIRY,EQ,94118,23803,25.29
20,2267,UNICHEMLAB,EQ,80067,19639,24.53
20,2268,UNIDT,EQ,26060,16213,62.21
20,2269,UNIENTER,EQ,5037,3332,66.15
20,2270,UNIHEALTH,SM,1000,1000,100.00
20,2271,UNIONBANK,EQ,16570593,7947579,47.96
20,2272,UNIPARTS,EQ,36029,18577,51.56
20,2273,UNITEDPOLY,EQ,6754,5306,78.56
20,2274,UNITEDTEA,EQ,2159,1830,84.76
20,2275,UNIVASTU,EQ,223935,104711,46.76
20,2276,UNIVCABLES,EQ,107298,55245,51.49
20,2277,UNIVPHOTO,EQ,441,295,66.89
20,2278,UNOMINDA,EQ,263882,159113,60.30
20,2279,UPL,EQ,3209153,724150,22.57
20,2280,URAVI,EQ,32052,17189,53.63
20,2281,URBAN,SM,27600,19200,69.57
20,2282,USHAMART,EQ,1254318,461078,36.76
20,2283,UTIAMC,EQ,80886,39912,49.34
20,2284,UTIBANKETF,EQ,155296,138061,88.90
20,2285,UTINEXT50,EQ,25172,18450,73.30
20,2286,UTINIFTETF,EQ,19608,14898,75.98
20,2287,UTISENSETF,EQ,903,814,90.14
20,2288,UTISXN50,EQ,801,747,93.26
20,2289,UTKARSHBNK,EQ,11139421,4904185,44.03
20,2290,UTTAMSUGAR,EQ,52208,20424,39.12
20,2291,VADILALIND,EQ,12837,5690,44.32
20,2292,VAIBHAVGBL,EQ,409360,161008,39.33
20,2293,VAISHALI,EQ,57771,42635,73.80
20,2294,VAKRANGEE,EQ,12356357,3913935,31.68
20,2295,VALIANTLAB,EQ,149088,52153,34.98
20,2296,VALIANTORG,EQ,65047,31871,49.00
20,2297,VARDHACRLC,EQ,54729,36537,66.76
20,2298,VARROC,EQ,160487,62133,38.72
20,2299,VASA,ST,4000,4000,100.00
20,2300,VASCONEQ,EQ,818532,297457,36.34
20,2301,VBL,EQ,1565029,839195,53.62
20,2302,VEDL,EQ,33307212,6845596,20.55
20,2303,VELS,SM,2400,2400,100.00
20,2304,VENKEYS,EQ,18886,6913,36.60
20,2305,VENUSPIPES,EQ,114668,65177,56.84
20,2306,VENUSREM,EQ,38623,22189,57.45
20,2307,VERANDA,EQ,246722,118883,48.19
20,2308,VERTEXPLUS,SM,600,600,100.00
20,2309,VESUVIUS,EQ,112064,60234,53.75
20,2310,VETO,EQ,665993,172754,25.94
20,2311,VGUARD,EQ,264600,108506,41.01
20,2312,VHL,EQ,365,235,64.38
20,2313,VIAZ,SM,2000,2000,100.00
20,2314,VIDHIING,EQ,281408,248969,88.47
20,2315,VIJAYA,EQ,41001,18178,44.34
20,2316,VIKASECO,EQ,6084008,2833845,46.58
20,2317,VILINBIO,SM,20000,12000,60.00
20,2318,VIMTALABS,EQ,24845,14495,58.34
20,2319,VINATIORGA,EQ,216999,118869,54.78
20,2320,VINDHYATEL,EQ,21268,9780,45.98
20,2321,VINSYS,SM,17500,12000,68.57
20,2322,VINYAS,SM,8000,5600,70.00
20,2323,VINYLINDIA,EQ,22610,8926,39.48
20,2324,VIPCLOTHNG,EQ,151095,90431,59.85
20,2325,VIPIND,EQ,230246,97556,42.37
20,2326,VIRINCHI,EQ,680274,385000,56.59
20,2327,VISAKAIND,EQ,377549,290228,76.87
20,2328,VISHNU,EQ,116317,64729,55.65
20,2329,VISHNUINFR,SM,14000,12000,85.71
20,2330,VISHWARAJ,EQ,841453,337871,40.15
20,2331,VISHWAS,SM,62400,35200,56.41
20,2332,VITAL,SM,13200,9600,72.73
20,2333,VIVIANA,ST,7000,7000,100.00
20,2334,VIVO,SM,1600,1600,100.00
20,2335,VLSFINANCE,EQ,49473,30939,62.54
20,2336,VMARCIND,SM,140000,108000,77.14
20,2337,VMART,EQ,5443,2616,48.06
20,2338,VOLTAMP,EQ,22951,12674,55.22
20,2339,VOLTAS,EQ,823264,332478,40.39
20,2340,VPRPL,EQ,1340186,403058,30.07
20,2341,VR,SM,22400,20800,92.86
20,2342,VRLLOG,EQ,34061,13002,38.17
20,2343,VSCL,SM,3000,3000,100.00
20,2344,VSSL,EQ,495967,238272,48.04
20,2345,VSTIND,EQ,91648,36399,39.72
20,2346,VSTL,EQ,111938,43963,39.27
20,2347,VSTTILLERS,EQ,15600,7438,47.68
20,2348,VTL,EQ,124855,55812,44.70
20,2349,WABAG,EQ,827016,258280,31.23
20,2350,WANBURY,EQ,189362,156760,82.78
20,2351,WEALTH,EQ,4740,2223,46.90
20,2352,WEIZMANIND,EQ,7580,3332,43.96
20,2353,WEL,EQ,46341,23402,50.50
20,2354,WELCORP,EQ,603955,310677,51.44
20,2355,WELENT,EQ,244991,130102,53.10
20,2356,WELINV,EQ,530,337,63.58
20,2357,WELSPUNLIV,EQ,936197,221429,23.65
20,2358,WENDT,EQ,247,153,61.94
20,2359,WESTLIFE,EQ,84261,38872,46.13
20,2360,WEWIN,EQ,74384,43893,59.01
20,2361,WHEELS,EQ,27021,13242,49.01
20,2362,WHIRLPOOL,EQ,129315,84898,65.65
20,2363,WILLAMAGOR,EQ,1594,1196,75.03
20,2364,WINDLAS,EQ,104758,43016,41.06
20,2365,WINDMACHIN,EQ,2136624,716981,33.56
20,2366,WIPRO,EQ,10235053,4126287,40.32
20,2367,WOMANCART,SM,11200,9600,85.71
20,2368,WONDERLA,EQ,58969,20712,35.12
20,2369,WORTH,EQ,9227,6638,71.94
20,2370,WSI,EQ,234571,132039,56.29
20,2371,WSTCSTPAPR,EQ,102957,49946,48.51
20,2372,WTICAB,SM,93000,52000,55.91
20,2373,XCHANGING,EQ,218797,97909,44.75
20,2374,XPROINDIA,EQ,40613,21517,52.98
20,2375,YASHO,EQ,14716,5655,38.43
20,2376,YASHOPTICS,ST,347200,332800,95.85
20,2377,YATHARTH,EQ,110153,55261,50.17
20,2378,YATRA,EQ,485907,233625,48.08
20,2379,YCCL,SM,18000,15000,83.33
20,2380,YESBANK,EQ,227501864,37151273,16.33
20,2381,YUDIZ,SM,39200,32800,83.67
20,2382,YUKEN,EQ,66664,35433,53.15
20,2383,ZAGGLE,EQ,838515,340478,40.60
20,2384,ZEAL,SM,28200,18600,65.96
20,2385,ZEEL,EQ,5270773,1901945,36.08
20,2386,ZEEMEDIA,EQ,4089437,1568318,38.35
20,2387,ZENITHDRUG,SM,43200,25600,59.26
20,2388,ZENITHEXPO,EQ,1886,1060,56.20
20,2389,ZENITHSTL,EQ,365078,212083,58.09
20,2390,ZENSARTECH,EQ,365792,150185,41.06
20,2391,ZENTEC,EQ,297146,171159,57.60
20,2392,ZFCVINDIA,EQ,4507,1615,35.83
20,2393,ZIMLAB,EQ,292348,198630,67.94
20,2394,ZODIACLOTH,EQ,31844,23630,74.21
20,2395,ZOMATO,EQ,34112204,21817249,63.96
20,2396,ZOTA,EQ,17611,8307,47.17
20,2397,ZUARI,EQ,200481,90550,45.17
20,2398,ZUARIIND,EQ,191272,72454,37.88
20,2399,ZYDUSLIFE,EQ,1482222,774994,52.29
20,2400,ZYDUSWELL,EQ,21311,13698,64.28
