Security Wise Delivery Position - Compulsory Rolling Settlement
10,MTO,11062024,2486699268,0002503
Trade Date <11-JUN-2024>,Settlement Type <N>
Record Type,Sr No,Name of Security,Quantity Traded,Deliverable Quantity(gross across client level),% of Deliverable Quantity to Traded Quantity
20,1,0MOFSL27,N3,500,500,100.00
20,2,1003ISFL28,N4,203,203,100.00
20,3,1015ECL29,NR,710,635,89.44
20,4,1018GS2026,GS,3775,3775,100.00
20,5,1025IHF34,Z8,415,410,98.80
20,6,1025UCL25,N8,4,2,50.00
20,7,1035UCL26,NA,319,319,100.00
20,8,1040NFL26,NA,79,79,100.00
20,9,1049DLS25A,Y5,50,50,100.00
20,10,1050UCL25,N7,81,81,100.00
20,11,105IIFL29,N7,40,40,100.00
20,12,1060ECL29,NS,15,15,100.00
20,13,1065NFL27,NC,928,928,100.00
20,14,10CAGL27,N5,30,30,100.00
20,15,10IIFL28,N4,106,106,100.00
20,16,10IIFL28A,NE,61,61,100.00
20,17,10NFL25,N9,20,20,100.00
20,18,11UCL26,NC,151,151,100.00
20,19,182D010824,TB,6100,6100,100.00
20,20,182D011124,TB,100,100,100.00
20,21,182D050924,TB,400,400,100.00
20,22,182D071124,TB,300,300,100.00
20,23,182D150824,TB,100,100,100.00
20,24,182D181024,TB,100,100,100.00
20,25,182D220824,TB,400,400,100.00
20,26,182D221124,TB,1000,1000,100.00
20,27,182D250724,TB,600,600,100.00
20,28,182D270624,TB,600,600,100.00
20,29,182D281124,TB,4600,4600,100.00
20,30,20MICRONS,EQ,155858,85354,54.76
20,31,360ONE,EQ,363545,220305,60.60
20,32,364D020525,TB,9100,9100,100.00
20,33,364D051224,TB,100,100,100.00
20,34,364D060225,TB,100,100,100.00
20,35,364D110425,TB,200,200,100.00
20,36,364D180425,TB,100,100,100.00
20,37,364D200225,TB,100,100,100.00
20,38,364D200325,TB,23400,23400,100.00
20,39,364D200624,TB,39900,39900,100.00
20,40,364D240425,TB,100,100,100.00
20,41,3IINFOLTD,EQ,2266353,717036,31.64
20,42,3MINDIA,EQ,26727,6815,25.50
20,43,3PLAND,EQ,13350,9423,70.58
20,44,515GS2025,GS,2,2,100.00
20,45,563GS2026,GS,1000,1000,100.00
20,46,574GS2026,GS,13,13,100.00
20,47,5PAISA,EQ,51291,26917,52.48
20,48,610GS2031,GS,2274,2187,96.17
20,49,63MOONS,EQ,97698,57736,59.10
20,50,654GS2032,GS,5000,5000,100.00
20,51,667GS2035,GS,1000,1000,100.00
20,52,669GS2024,GS,4460,4460,100.00
20,53,695GS2061,GS,100,100,100.00
20,54,699GS2026,GS,3000,3000,100.00
20,55,702GS2027,GS,1500,1500,100.00
20,56,704GS2029,GS,10,10,100.00
20,57,706GS2028,GS,22726,17726,78.00
20,58,710GS2029,GS,319122,318771,99.89
20,59,716GS2050,GS,2241,2241,100.00
20,60,717GS2030,GS,8521,8521,100.00
20,61,718GS2033,GS,19800,19800,100.00
20,62,718GS2037,GS,43812,39151,89.36
20,63,71GS2034,GS,3000,3000,100.00
20,64,723GS2039,GS,197,197,100.00
20,65,725GS2063,GS,145104,144908,99.86
20,66,726GS2032,GS,48551,38551,79.40
20,67,726GS2033,GS,200,200,100.00
20,68,732GS2030,GS,25676,23150,90.16
20,69,732IRFC25,NI,11,11,100.00
20,70,733GS2026,GS,1600,1600,100.00
20,71,734GS2064,GS,2445,2445,100.00
20,72,734IRFC28,N4,99,99,100.00
20,73,735PFCL35,N1,91,91,100.00
20,74,736GS2052,GS,74687,66146,88.56
20,75,736NTPC25D,NB,1,1,100.00
20,76,737GS2028,GS,102000,102000,100.00
20,77,737NTPC35C,NA,55,55,100.00
20,78,738GS2027,GS,68105,66498,97.64
20,79,738REC27TF,N2,111,111,100.00
20,80,739NHAI26,N8,162,162,100.00
20,81,73GS2053,GS,48983,46709,95.36
20,82,741GS2036,GS,53964,38003,70.42
20,83,743REC35,NH,314,314,100.00
20,84,746GS2073,GS,300,300,100.00
20,85,74GS2062,GS,8260,8160,98.79
20,86,750IRFC35,NK,40,40,100.00
20,87,751HUDCO28,N5,400,200,50.00
20,88,753IRFC30,NJ,627,627,100.00
20,89,753NTPC30E,NC,157,157,100.00
20,90,754GS2036,GS,717353,706847,98.54
20,91,758GJ32,SG,100,100,100.00
20,92,760PFCL35,N3,42,42,100.00
20,93,762NTPC35F,ND,79,79,100.00
20,94,764HUDCO31,N8,244,232,95.08
20,95,764IRFC31,NO,247,247,100.00
20,96,764NABAR31,N2,1185,1085,91.56
20,97,769HUDCO31,N9,78,78,100.00
20,98,769NHAI31,NE,880,880,100.00
20,99,76NHAI31,NA,831,828,99.64
20,100,774IREDA31,N7,117,117,100.00
20,101,777MN38,SG,100,100,100.00
20,102,778AS34,SG,100,100,100.00
20,103,779PN36,SG,100,100,100.00
20,104,785AP37,SG,500,500,100.00
20,105,78ABFL33,N4,142,142,100.00
20,106,79IGT28,NF,142,142,100.00
20,107,79NHIT35,N1,18308,18308,100.00
20,108,79NHIT40,N2,110,110,100.00
20,109,79NHIT47,N3,360,360,100.00
20,110,801TCH25,N4,15,15,100.00
20,111,810IRFC27,N2,351,350,99.72
20,112,820IIFL27,N9,14,12,85.71
20,113,824GS2027,GS,2000,2000,100.00
20,114,829LTF24,NL,4,4,100.00
20,115,82HUDCO27,N2,1023,523,51.12
20,116,82IGT31,NJ,4042,4042,100.00
20,117,830CIFC26,N2,20,20,100.00
20,118,830NHAI27,N2,23,23,100.00
20,119,835PCHF23,NN,10,10,100.00
20,120,83GS2040,GS,250,250,100.00
20,121,840CIFCL28,N4,5,5,100.00
20,122,840IRFC29,N8,205,205,100.00
20,123,842IIFL26,NL,339,229,67.55
20,124,843IHFL29,NC,100,100,100.00
20,125,849NTPC25,N7,35063,33527,95.62
20,126,84TCHF28,NA,900,900,100.00
20,127,85IFL26,NX,200,200,100.00
20,128,85IIFL24,NJ,50,50,100.00
20,129,85IIFL25,NO,193,193,100.00
20,130,865IFL28,NZ,728,728,100.00
20,131,865IIFL28,NS,1564,1564,100.00
20,132,865IRFC29,NA,726,726,100.00
20,133,865LTF26,NN,77,75,97.40
20,134,865TCAPS27,N8,20,20,100.00
20,135,866IBHL25,YP,19,19,100.00
20,136,86LTF24,NJ,13,10,76.92
20,137,871REC28,N9,1620,1455,89.81
20,138,872MMFSL26,N1,112,112,100.00
20,139,875IHFL26,NQ,35,35,100.00
20,140,875IIFL26,NM,134,134,100.00
20,141,875NHAI29,N6,1752,1048,59.82
20,142,875PCHFL26,N8,50,50,100.00
20,143,876HUDCO28,ND,500,500,100.00
20,144,87LTF27,NH,5,5,100.00
20,145,880IREDA29,N5,12,12,100.00
20,146,885MOFSL26,N0,20,20,100.00
20,147,888ERFL28,N5,133,131,98.50
20,148,888IRFC29,NE,701,501,71.47
20,149,889IBHL27,YT,23,23,100.00
20,150,890ICCL23A,NZ,499,474,94.99
20,151,891IIFCL34,N4,796,657,82.54
20,152,891NTPC33,N6,91,77,84.62
20,153,892NHPC33,N6,9,9,100.00
20,154,892PFCL33,N8,1204,1070,88.87
20,155,893NHB29,N6,2,2,100.00
20,156,894IHFL24,ZR,10,10,100.00
20,157,897MOFSL29,N4,50,50,100.00
20,158,901HUDCO34,NE,1009,1000,99.11
20,159,901NHB34,N6,80,75,93.75
20,160,915IBHFL26,NE,2,2,100.00
20,161,91D020824,TB,100,100,100.00
20,162,91D040724,TB,1500,1500,100.00
20,163,91D080824,TB,14500,14500,100.00
20,164,91D120724,TB,700,700,100.00
20,165,91D150824,TB,100,100,100.00
20,166,91D190724,TB,200,200,100.00
20,167,91D270624,TB,100,100,100.00
20,168,91D290824,TB,500,500,100.00
20,169,91MOFSL27,N2,10,10,100.00
20,170,921ISFL25,N0,30,20,66.67
20,171,922SFL24,Z4,27,27,100.00
20,172,925ERFL28,N6,110,100,90.91
20,173,925IHFL25,N5,38,38,100.00
20,174,925IHFL25B,Y3,59,59,100.00
20,175,92GS2030,GS,11302,11302,100.00
20,176,935LTF29,N5,325,310,95.38
20,177,935PEL33,N3,567,567,100.00
20,178,93MOFSL34,N6,10,8,80.00
20,179,943ECL28,NJ,119,100,84.03
20,180,948ICCL25A,NG,25,25,100.00
20,181,948IHFL26A,NN,231,221,95.67
20,182,948IHFL26I,AX,44,44,100.00
20,183,94IFCI25,NL,12,12,100.00
20,184,950NFL23A,AP,100,100,100.00
20,185,957ISFL26,N2,26,26,100.00
20,186,957NIDO26,N5,4,4,100.00
20,187,965IHFL25,AB,50,50,100.00
20,188,965IHFL25C,N0,116,116,100.00
20,189,965IHFL25F,NZ,10,10,100.00
20,190,965IHFL26A,ZB,28,28,100.00
20,191,96IIFL28,N5,2328,1885,80.97
20,192,96IIFL28A,NF,1687,1437,85.18
20,193,96SFL24A,NB,30,30,100.00
20,194,970CAGL28,ND,10,10,100.00
20,195,975NFL25,N0,23,23,100.00
20,196,97MOFSL34,N7,11,11,100.00
20,197,97SFL26,Z9,90,90,100.00
20,198,97SFL28,YS,100,100,100.00
20,199,980IHFL33,NX,34,34,100.00
20,200,985ECL28,NK,558,388,69.53
20,201,99IFCI24,NH,356,354,99.44
20,202,99IHFL27,ZH,10,10,100.00
20,203,9IBHFL26BA,NA,830,830,100.00
20,204,9IBHL25,YM,510,250,49.02
20,205,9MMFSML,N2,11,11,100.00
20,206,9PCHFL31A,NA,73,73,100.00
20,207,AADHARHFC,EQ,3261149,1659798,50.90
20,208,AAKASH,EQ,480461,291813,60.74
20,209,AARON,EQ,4669,3470,74.32
20,210,AARTIDRUGS,EQ,138559,64218,46.35
20,211,AARTIIND,EQ,2036599,873010,42.87
20,212,AARTIPHARM,EQ,103226,55329,53.60
20,213,AARTISURF,EQ,18690,10321,55.22
20,214,AARVEEDEN,EQ,20255,13310,65.71
20,215,AARVI,EQ,20837,9535,45.76
20,216,AATMAJ,SM,16000,16000,100.00
20,217,AAVAS,EQ,1820148,699531,38.43
20,218,ABB,EQ,434290,155867,35.89
20,219,ABBOTINDIA,EQ,21694,6713,30.94
20,220,ABCAPITAL,EQ,8600478,3350212,38.95
20,221,ABFL26,N1,10,10,100.00
20,222,ABFRL,EQ,4213661,1275720,30.28
20,223,ABINFRA,SM,336000,336000,100.00
20,224,ABMINTLLTD,EQ,19171,9382,48.94
20,225,ABSLAMC,EQ,1080360,695366,64.36
20,226,ABSLBANETF,EQ,11293,7834,69.37
20,227,ABSLLIQUID,EQ,6897,6132,88.91
20,228,ABSLNN50ET,EQ,23985,21294,88.78
20,229,ABSLPSE,EQ,427688,364563,85.24
20,230,ABSMARINE,SM,162000,113000,69.75
20,231,ACC,EQ,516274,301057,58.31
20,232,ACCELYA,EQ,11607,6736,58.03
20,233,ACCENTMIC,SM,61000,51000,83.61
20,234,ACCORD,SM,2000,2000,100.00
20,235,ACCURACY,EQ,324172,272977,84.21
20,236,ACE,EQ,1449438,660732,45.59
20,237,ACEINTEG,EQ,6436,6141,95.42
20,238,ACI,EQ,341443,183018,53.60
20,239,ACL,EQ,813889,508770,62.51
20,240,ACLGATI,EQ,1741151,994990,57.15
20,241,ACSAL,SM,18000,12000,66.67
20,242,ADANIENSOL,EQ,1113225,462957,41.59
20,243,ADANIENT,EQ,4173692,2169534,51.98
20,244,ADANIGREEN,EQ,666368,278696,41.82
20,245,ADANIPORTS,EQ,4122878,1705908,41.38
20,246,ADANIPOWER,EQ,3751359,1791313,47.75
20,247,ADFFOODS,EQ,205365,76284,37.15
20,248,ADL,EQ,396679,90717,22.87
20,249,ADORWELD,EQ,745377,454910,61.03
20,250,ADROITINFO,EQ,23894,20447,85.57
20,251,ADSL,EQ,304158,128051,42.10
20,252,ADVANIHOTR,EQ,232371,104285,44.88
20,253,ADVENZYMES,EQ,279837,196483,70.21
20,254,AEGISLOG,EQ,897864,377703,42.07
20,255,AEROFLEX,EQ,343563,124784,36.32
20,256,AETHER,EQ,40740,23870,58.59
20,257,AFFLE,EQ,803132,381811,47.54
20,258,AGARIND,EQ,276368,97066,35.12
20,259,AGARWALFT,ST,123000,105000,85.37
20,260,AGI,EQ,173620,101085,58.22
20,261,AGNI,SM,50000,37500,75.00
20,262,AGRITECH,EQ,16443,8874,53.97
20,263,AGROPHOS,EQ,109408,66834,61.09
20,264,AGSTRA,EQ,804038,378602,47.09
20,265,AGUL,SM,2000,2000,100.00
20,266,AHL,EQ,378093,104782,27.71
20,267,AHLEAST,EQ,14996,11408,76.07
20,268,AHLUCONT,EQ,99145,64302,64.86
20,269,AIAENG,EQ,81174,60287,74.27
20,270,AIIL,EQ,156421,60951,38.97
20,271,AILIMITED,ST,6000,6000,100.00
20,272,AIMTRON,ST,11200,11200,100.00
20,273,AIRAN,EQ,339901,194462,57.21
20,274,AIROLAM,EQ,8429,4824,57.23
20,275,AIRTELPP,E1,167721,94548,56.37
20,276,AISL,ST,4800,4800,100.00
20,277,AJANTPHARM,EQ,52675,23443,44.50
20,278,AJMERA,EQ,46549,20998,45.11
20,279,AJOONI,EQ,2069301,933085,45.09
20,280,AKANKSHA,SM,458000,232000,50.66
20,281,AKASH,EQ,17107,10987,64.23
20,282,AKG,EQ,44426,31694,71.34
20,283,AKI,EQ,188318,159846,84.88
20,284,AKSHARCHEM,EQ,8135,4626,56.87
20,285,AKZOINDIA,EQ,12102,7294,60.27
20,286,ALANKIT,EQ,1274839,854673,67.04
20,287,ALBERTDAVD,EQ,6980,4796,68.71
20,288,ALEMBICLTD,EQ,1348830,561755,41.65
20,289,ALICON,EQ,25792,12599,48.85
20,290,ALKALI,EQ,66513,33835,50.87
20,291,ALKEM,EQ,133269,77937,58.48
20,292,ALKYLAMINE,EQ,54083,25555,47.25
20,293,ALLCARGO,EQ,2695521,1331685,49.40
20,294,ALLETEC,SM,54000,40400,74.81
20,295,ALLSEC,EQ,33417,17472,52.28
20,296,ALMONDZ,EQ,523114,409796,78.34
20,297,ALOKINDS,EQ,14950982,5905535,39.50
20,298,ALPA,EQ,28402,20656,72.73
20,299,ALPEXSOLAR,SM,198000,106800,53.94
20,300,ALPHA,EQ,600801,448546,74.66
20,301,ALPHAETF,EQ,269138,240915,89.51
20,302,ALPHAGEO,EQ,58888,37003,62.84
20,303,ALPL30IETF,EQ,1256971,1091399,86.83
20,304,ALUWIND,SM,27000,21000,77.78
20,305,AMBANIORG,SM,34000,25000,73.53
20,306,AMBER,EQ,79849,42001,52.60
20,307,AMBICAAGAR,EQ,35937,21211,59.02
20,308,AMBIKCO,EQ,5440,3163,58.14
20,309,AMBUJACEM,EQ,2706589,1248907,46.14
20,310,AMDIND,EQ,57763,26952,46.66
20,311,AMEYA,SM,38000,26000,68.42
20,312,AMIORG,EQ,206061,121377,58.90
20,313,AMJLAND,EQ,67879,40907,60.26
20,314,AMNPLST,EQ,7937,5024,63.30
20,315,AMRUTANJAN,EQ,61200,29327,47.92
20,316,ANANDRATHI,EQ,18305,10701,58.46
20,317,ANANTRAJ,EQ,2415313,1107293,45.84
20,318,ANDHRAPAP,EQ,138493,78393,56.60
20,319,ANDHRSUGAR,EQ,2499296,700832,28.04
20,320,ANGELONE,EQ,335025,171792,51.28
20,321,ANIKINDS,EQ,8369,5662,67.65
20,322,ANLON,SM,28400,21600,76.06
20,323,ANNAPURNA,SM,49000,34500,70.41
20,324,ANTGRAPHIC,EQ,986270,605704,61.41
20,325,ANUP,EQ,19858,10026,50.49
20,326,ANURAS,EQ,111608,67588,60.56
20,327,APARINDS,EQ,127235,48954,38.48
20,328,APCL,EQ,58699,43221,73.63
20,329,APCOTEXIND,EQ,37657,16249,43.15
20,330,APEX,EQ,188175,88363,46.96
20,331,APLAPOLLO,EQ,291677,179248,61.45
20,332,APLLTD,EQ,79246,51465,64.94
20,333,APOLLO,EQ,1611897,1036995,64.33
20,334,APOLLOHOSP,EQ,521348,258866,49.65
20,335,APOLLOPIPE,EQ,82322,42385,51.49
20,336,APOLLOTYRE,EQ,2186575,1297400,59.33
20,337,APOLSINHOT,EQ,3615,2218,61.36
20,338,APS,SM,241000,129000,53.53
20,339,APTECHT,EQ,1034489,336546,32.53
20,340,APTUS,EQ,1694312,957915,56.54
20,341,ARABIAN,SM,40000,26000,65.00
20,342,ARCHIES,EQ,58415,39203,67.11
20,343,ARE&M,EQ,3783369,1039043,27.46
20,344,ARENTERP,EQ,3833,2153,56.17
20,345,ARHAM,ST,43000,37000,86.05
20,346,ARIES,EQ,127749,66649,52.17
20,347,ARIHANTACA,SM,3200,2400,75.00
20,348,ARIHANTCAP,EQ,302523,150146,49.63
20,349,ARIHANTSUP,EQ,59081,43129,73.00
20,350,ARISTO,SM,11200,8000,71.43
20,351,ARMANFIN,EQ,124468,108301,87.01
20,352,AROGRANITE,EQ,13304,9583,72.03
20,353,ARROWGREEN,EQ,74273,29593,39.84
20,354,ARTEMISMED,EQ,192594,117060,60.78
20,355,ARTNIRMAN,EQ,55538,32863,59.17
20,356,ARVIND,EQ,1535527,949893,61.86
20,357,ARVINDFASN,EQ,199804,123795,61.96
20,358,ARVSMART,EQ,311114,251121,80.72
20,359,ASAHIINDIA,EQ,364717,96240,26.39
20,360,ASAHISONG,EQ,51940,12088,23.27
20,361,ASAL,EQ,660928,181339,27.44
20,362,ASALCBR,EQ,162031,79327,48.96
20,363,ASHAPURMIN,EQ,478792,273399,57.10
20,364,ASHIANA,EQ,707610,187590,26.51
20,365,ASHIMASYN,EQ,5566868,2492842,44.78
20,366,ASHOKA,EQ,5207666,1577062,30.28
20,367,ASHOKAMET,EQ,696787,412237,59.16
20,368,ASHOKLEY,EQ,13553181,4578127,33.78
20,369,ASIANENE,EQ,199528,123968,62.13
20,370,ASIANPAINT,EQ,855430,465961,54.47
20,371,ASIANTILES,EQ,649343,304353,46.87
20,372,ASKAUTOLTD,EQ,89516,53451,59.71
20,373,ASMS,EQ,142109,96189,67.69
20,374,ASPINWALL,EQ,4787,3210,67.06
20,375,ASPIRE,SM,46000,40000,86.96
20,376,ASTEC,EQ,15838,8524,53.82
20,377,ASTERDM,EQ,778622,441770,56.74
20,378,ASTRAL,EQ,664660,308369,46.39
20,379,ASTRAMICRO,EQ,509343,185387,36.40
20,380,ASTRAZEN,EQ,11040,3038,27.52
20,381,ATFL,EQ,48490,32252,66.51
20,382,ATGL,EQ,1704568,617027,36.20
20,383,ATL,EQ,488991,247199,50.55
20,384,ATMASTCO,SM,28000,28000,100.00
20,385,ATUL,EQ,67549,25281,37.43
20,386,ATULAUTO,EQ,145665,64358,44.18
20,387,AUBANK,EQ,1936660,561046,28.97
20,388,AURDIS,SM,1000,1000,100.00
20,389,AURIONPRO,EQ,29679,26281,88.55
20,390,AUROIMPEX,SM,46400,36800,79.31
20,391,AUROPHARMA,EQ,659538,348052,52.77
20,392,AURUM,EQ,105325,65598,62.28
20,393,AURUMPP1,E1,4646,4346,93.54
20,394,AUTOAXLES,EQ,7836,5585,71.27
20,395,AUTOBEES,EQ,158489,102365,64.59
20,396,AUTOIETF,EQ,471618,352263,74.69
20,397,AUTOIND,EQ,132664,67309,50.74
20,398,AVADHSUGAR,EQ,212511,86334,40.63
20,399,AVALON,EQ,194590,128380,65.97
20,400,AVANTIFEED,EQ,1138269,396592,34.84
20,401,AVG,EQ,52289,29511,56.44
20,402,AVONMORE,EQ,101642,62003,61.00
20,403,AVPINFRA,SM,451200,297600,65.96
20,404,AVROIND,EQ,21076,10416,49.42
20,405,AVTNPL,EQ,200436,91699,45.75
20,406,AWFIS,EQ,695332,234108,33.67
20,407,AWHCL,EQ,123680,79952,64.64
20,408,AWL,EQ,1004598,537164,53.47
20,409,AXISBANK,EQ,9390212,5814782,61.92
20,410,AXISBNKETF,EQ,984,809,82.22
20,411,AXISBPSETF,EQ,52790,41682,78.96
20,412,AXISCADES,EQ,353038,204121,57.82
20,413,AXISCETF,EQ,3258,2839,87.14
20,414,AXISGOLD,EQ,79294,59165,74.61
20,415,AXISHCETF,EQ,6055,4582,75.67
20,416,AXISILVER,EQ,36471,33537,91.96
20,417,AXISNIFTY,EQ,13277,12615,95.01
20,418,AXISTECETF,EQ,2968,2048,69.00
20,419,AXITA,EQ,1074497,467063,43.47
20,420,AXSENSEX,EQ,1742,1621,93.05
20,421,AYMSYNTEX,EQ,45199,29698,65.70
20,422,AZAD,EQ,217208,120076,55.28
20,423,BABAFP,SM,19200,16000,83.33
20,424,BAHETI,SM,21000,18000,85.71
20,425,BAIDFIN,EQ,1275869,767862,60.18
20,426,BAJAJ-AUTO,EQ,457442,266259,58.21
20,427,BAJAJCON,EQ,972335,343298,35.31
20,428,BAJAJELEC,EQ,52311,29533,56.46
20,429,BAJAJFINSV,EQ,1184425,458839,38.74
20,430,BAJAJHCARE,EQ,226923,108188,47.68
20,431,BAJAJHIND,EQ,65742192,24139852,36.72
20,432,BAJAJHLDNG,EQ,35518,14545,40.95
20,433,BAJEL,EQ,2365085,682449,28.86
20,434,BAJFINANCE,EQ,1205213,594662,49.34
20,435,BALAJITELE,EQ,351173,205528,58.53
20,436,BALAMINES,EQ,29504,16062,54.44
20,437,BALAXI,EQ,16464,11624,70.60
20,438,BALKRISHNA,EQ,189461,105971,55.93
20,439,BALKRISIND,EQ,341546,149181,43.68
20,440,BALMLAWRIE,EQ,570157,223429,39.19
20,441,BALPHARMA,EQ,82256,48224,58.63
20,442,BALRAMCHIN,EQ,3035231,1195315,39.38
20,443,BALUFORGE,EQ,387591,235356,60.72
20,444,BANARBEADS,EQ,25205,2719,10.79
20,445,BANARISUG,EQ,6243,3775,60.47
20,446,BANCOINDIA,EQ,103877,59934,57.70
20,447,BANDHANBNK,EQ,7975438,2523901,31.65
20,448,BANG,EQ,14888,11083,74.44
20,449,BANKBARODA,EQ,13094039,6165216,47.08
20,450,BANKBEES,EQ,621125,343223,55.26
20,451,BANKBETF,EQ,64985,61619,94.82
20,452,BANKETF,EQ,7486,5442,72.70
20,453,BANKETFADD,EQ,5655,3746,66.24
20,454,BANKIETF,EQ,11364525,1268445,11.16
20,455,BANKINDIA,EQ,11182412,4874440,43.59
20,456,BANKNIFTY1,EQ,19685,16131,81.95
20,457,BANSWRAS,EQ,45743,26207,57.29
20,458,BARBEQUE,EQ,139458,81880,58.71
20,459,BASF,EQ,113542,51956,45.76
20,460,BASILIC,SM,32700,26100,79.82
20,461,BASML,EQ,60919,38260,62.80
20,462,BATAINDIA,EQ,383699,138629,36.13
20,463,BAWEJA,SM,10400,7200,69.23
20,464,BAYERCROP,EQ,46737,22280,47.67
20,465,BBETF0432,EQ,2599,2299,88.46
20,466,BBL,EQ,42415,27110,63.92
20,467,BBNPPGOLD,EQ,111,110,99.10
20,468,BBOX,EQ,398457,181812,45.63
20,469,BBTC,EQ,189523,63428,33.47
20,470,BBTCL,EQ,4981,3132,62.88
20,471,BCLIND,EQ,2949746,1310778,44.44
20,472,BCONCEPTS,EQ,18789,11397,60.66
20,473,BDL,EQ,1605710,662822,41.28
20,474,BEACON,ST,328000,282000,85.98
20,475,BEARDSELL,EQ,66288,48322,72.90
20,476,BECTORFOOD,EQ,193238,99180,51.33
20,477,BEDMUTHA,EQ,10699,7986,74.64
20,478,BEL,EQ,32269277,14424912,44.70
20,479,BEML,EQ,831608,240719,28.95
20,480,BEPL,EQ,957885,521452,54.44
20,481,BERGEPAINT,EQ,2543671,1635104,64.28
20,482,BESTAGRO,EQ,67586,33997,50.30
20,483,BETA,SM,5600,4100,73.21
20,484,BEWLTD,SM,25125,17125,68.16
20,485,BFINVEST,EQ,185360,58424,31.52
20,486,BFSI,EQ,235286,167196,71.06
20,487,BFUTILITIE,EQ,956784,194935,20.37
20,488,BHAGCHEM,EQ,726398,413712,56.95
20,489,BHAGERIA,EQ,19468,11190,57.48
20,490,BHAGYANGR,EQ,69150,39460,57.06
20,491,BHANDARI,EQ,438424,297025,67.75
20,492,BHARATFORG,EQ,788578,293751,37.25
20,493,BHARATGEAR,EQ,27066,17687,65.35
20,494,BHARATRAS,EQ,5095,2876,56.45
20,495,BHARATWIRE,EQ,922963,346506,37.54
20,496,BHARTIARTL,EQ,4416792,2943367,66.64
20,497,BHARTIHEXA,EQ,364656,149916,41.11
20,498,BHEL,EQ,29060221,9105542,31.33
20,499,BHINVIT,IV,144014,128883,89.49
20,500,BIGBLOC,EQ,146353,70298,48.03
20,501,BIKAJI,EQ,1646286,542145,32.93
20,502,BIOCON,EQ,7100803,2226498,31.36
20,503,BIOFILCHEM,EQ,45814,31568,68.90
20,504,BIRDYS,SM,18000,16800,93.33
20,505,BIRET,RR,67810,60669,89.47
20,506,BIRLACABLE,EQ,404581,125525,31.03
20,507,BIRLACORPN,EQ,118874,66400,55.86
20,508,BIRLAMONEY,EQ,1515857,537259,35.44
20,509,BLAL,EQ,4586776,583047,12.71
20,510,BLISSGVS,EQ,172223,73538,42.70
20,511,BLKASHYAP,EQ,6951479,2663885,38.32
20,512,BLS,EQ,3010752,697205,23.16
20,513,BLSE,EQ,390577,123677,31.67
20,514,BLUEDART,EQ,32217,11999,37.24
20,515,BLUEJET,EQ,130127,88867,68.29
20,516,BLUEPEBBLE,SM,11200,8000,71.43
20,517,BLUESTARCO,EQ,450052,204263,45.39
20,518,BMETRICS,SM,32400,23600,72.84
20,519,BODALCHEM,EQ,525397,275904,52.51
20,520,BOMDYEING,EQ,2051499,707675,34.50
20,521,BOROLTD,EQ,214601,137863,64.24
20,522,BORORENEW,EQ,191254,93789,49.04
20,523,BOSCHLTD,EQ,39791,10848,27.26
20,524,BPCL,EQ,13513772,5191769,38.42
20,525,BPL,EQ,187401,91149,48.64
20,526,BRIGADE,EQ,497237,231674,46.59
20,527,BRIGHT,SM,294000,258000,87.76
20,528,BRITANNIA,EQ,476899,263071,55.16
20,529,BSE,EQ,747784,624523,83.52
20,530,BSE500IETF,EQ,233336,105971,45.42
20,531,BSHSL,EQ,14404,8134,56.47
20,532,BSL,EQ,44025,28846,65.52
20,533,BSLGOLDETF,EQ,43751,36640,83.75
20,534,BSLNIFTY,EQ,144288,92927,64.40
20,535,BSLSENETFG,EQ,2410,1046,43.40
20,536,BSOFT,EQ,1862250,1024585,55.02
20,537,BURNPUR,EQ,99604,75372,75.67
20,538,BUTTERFLY,EQ,23466,17565,74.85
20,539,BVCL,EQ,28291,16181,57.19
20,540,BYKE,EQ,149416,111955,74.93
20,541,CADSYS,ST,3500,3500,100.00
20,542,CAGL27A,N6,10,10,100.00
20,543,CAMLINFINE,EQ,1097722,574330,52.32
20,544,CAMPUS,EQ,923917,415807,45.00
20,545,CAMS,EQ,132604,55697,42.00
20,546,CANARYS,SM,80000,64000,80.00
20,547,CANBK,EQ,37514599,16390254,43.69
20,548,CANFINHOME,EQ,1269109,632429,49.83
20,549,CANTABIL,EQ,175709,90707,51.62
20,550,CAPACITE,EQ,1555502,593923,38.18
20,551,CAPITALSFB,EQ,22041,13690,62.11
20,552,CAPLIPOINT,EQ,106410,46296,43.51
20,553,CAPTRUST,EQ,9898,5436,54.92
20,554,CARBORUNIV,EQ,87242,35177,40.32
20,555,CAREERP,EQ,35489,25681,72.36
20,556,CARERATING,EQ,27614,17957,65.03
20,557,CARTRADE,EQ,488382,338733,69.36
20,558,CARYSIL,EQ,88676,42774,48.24
20,559,CASTROLIND,EQ,2555176,1232615,48.24
20,560,CBAZAAR,SM,48000,48000,100.00
20,561,CCHHL,EQ,389975,244101,62.59
20,562,CCL,EQ,209975,91134,43.40
20,563,CDSL,EQ,651675,286656,43.99
20,564,CEATLTD,EQ,85452,41538,48.61
20,565,CELEBRITY,EQ,93848,48284,51.45
20,566,CELLECOR,SM,30600,21600,70.59
20,567,CELLO,EQ,172659,120680,69.89
20,568,CELLPOINT,SM,7200,6000,83.33
20,569,CENTENKA,EQ,72316,40592,56.13
20,570,CENTEXT,EQ,164077,119164,72.63
20,571,CENTRALBK,EQ,10449934,3252044,31.12
20,572,CENTRUM,EQ,1154626,593803,51.43
20,573,CENTUM,EQ,48285,17314,35.86
20,574,CENTURYPLY,EQ,79417,45570,57.38
20,575,CENTURYTEX,EQ,322855,114502,35.47
20,576,CERA,EQ,25267,10932,43.27
20,577,CESC,EQ,4086646,2668587,65.30
20,578,CGCL,EQ,127552,65780,51.57
20,579,CGPOWER,EQ,2360936,1205821,51.07
20,580,CGRAPHICS,SM,118400,118400,100.00
20,581,CHALET,EQ,170727,87204,51.08
20,582,CHAMBLFERT,EQ,2840002,703856,24.78
20,583,CHAVDA,SM,53000,35000,66.04
20,584,CHEMBOND,EQ,17354,8673,49.98
20,585,CHEMCON,EQ,57161,32213,56.35
20,586,CHEMFAB,EQ,34261,26505,77.36
20,587,CHEMPLASTS,EQ,408271,104541,25.61
20,588,CHENNPETRO,EQ,864171,214075,24.77
20,589,CHEVIOT,EQ,16596,10541,63.52
20,590,CHOICEIN,EQ,461982,65122,14.10
20,591,CHOLAFIN,EQ,1135533,467604,41.18
20,592,CHOLAHLDNG,EQ,368227,287089,77.97
20,593,CIEINDIA,EQ,574860,435416,75.74
20,594,CIGNITITEC,EQ,251706,199253,79.16
20,595,CINELINE,EQ,42909,27956,65.15
20,596,CIPLA,EQ,1699446,889655,52.35
20,597,CLEAN,EQ,244705,91560,37.42
20,598,CLEDUCATE,EQ,177736,133649,75.20
20,599,CLOUD,SM,59000,59000,100.00
20,600,CLSEL,EQ,82714,46564,56.30
20,601,CLSL,SM,2000,2000,100.00
20,602,CMMIPL,ST,99000,99000,100.00
20,603,CMNL,SM,13500,7500,55.56
20,604,CMRSL,SM,6400,6400,100.00
20,605,CMSINFO,EQ,1005985,706108,70.19
20,606,COALINDIA,EQ,11169021,6155772,55.11
20,607,COASTCORP,EQ,97551,62055,63.61
20,608,COCHINSHIP,EQ,1848739,713962,38.62
20,609,COFFEEDAY,EQ,4815299,1641514,34.09
20,610,COFORGE,EQ,374015,173510,46.39
20,611,COLPAL,EQ,314112,122580,39.02
20,612,COMMITTED,SM,1600,1600,100.00
20,613,COMMOIETF,EQ,55091,37512,68.09
20,614,COMPUSOFT,EQ,418639,242783,57.99
20,615,COMSYN,EQ,21925,5643,25.74
20,616,CONCOR,EQ,4660360,2399218,51.48
20,617,CONCORDBIO,EQ,51485,35859,69.65
20,618,CONFIPET,EQ,1036744,380491,36.70
20,619,CONS,EQ,1348,1177,87.31
20,620,CONSOFINVT,EQ,21233,13243,62.37
20,621,CONSUMBEES,EQ,87251,72755,83.39
20,622,CONSUMIETF,EQ,21561,11764,54.56
20,623,CONTI,SM,19998,16665,83.33
20,624,CONTROLPR,EQ,29777,17727,59.53
20,625,COOLCAPS,SM,500,500,100.00
20,626,CORALFINAC,EQ,73176,35173,48.07
20,627,CORDSCABLE,EQ,319814,134837,42.16
20,628,COROMANDEL,EQ,638822,235118,36.80
20,629,COSMOFIRST,EQ,227294,146597,64.50
20,630,COUNCODOS,EQ,109368,75844,69.35
20,631,CPSEETF,EQ,6487510,4227306,65.16
20,632,CRAFTSMAN,EQ,33152,23205,70.00
20,633,CRAYONS,SM,149000,115000,77.18
20,634,CREATIVE,EQ,13961,7887,56.49
20,635,CREDITACC,EQ,132809,86310,64.99
20,636,CREST,EQ,13873,9779,70.49
20,637,CRISIL,EQ,27704,13698,49.44
20,638,CROMPTON,EQ,2571903,904309,35.16
20,639,CSBBANK,EQ,252254,134896,53.48
20,640,CSLFINANCE,EQ,14805,8074,54.54
20,641,CUB,EQ,3577609,1007430,28.16
20,642,CUMMINSIND,EQ,397111,226440,57.02
20,643,CYBERTECH,EQ,38215,18119,47.41
20,644,CYIENT,EQ,244394,149652,61.23
20,645,CYIENTDLM,EQ,414890,327046,78.83
20,646,DABUR,EQ,3728825,2459493,65.96
20,647,DALBHARAT,EQ,448525,252577,56.31
20,648,DALMIASUG,EQ,309632,116783,37.72
20,649,DAMODARIND,EQ,16883,9942,58.89
20,650,DANGEE,EQ,298471,126407,42.35
20,651,DATAMATICS,EQ,165566,78462,47.39
20,652,DATAPATTNS,EQ,430848,142119,32.99
20,653,DAVANGERE,EQ,8997423,7228117,80.34
20,654,DBCORP,EQ,276635,225334,81.46
20,655,DBL,EQ,349359,143042,40.94
20,656,DBOL,EQ,400016,231311,57.83
20,657,DBREALTY,EQ,3071637,1352673,44.04
20,658,DBSTOCKBRO,EQ,37530,28074,74.80
20,659,DCAL,EQ,561563,294070,52.37
20,660,DCBBANK,EQ,1296052,716348,55.27
20,661,DCG,SM,148800,123600,83.06
20,662,DCM,EQ,61079,37975,62.17
20,663,DCMNVL,EQ,38584,23059,59.76
20,664,DCMSHRIRAM,EQ,30092,18101,60.15
20,665,DCMSRIND,EQ,171860,93180,54.22
20,666,DCW,EQ,5093689,1792221,35.19
20,667,DCXINDIA,EQ,1600662,677190,42.31
20,668,DECCANCE,EQ,58522,37897,64.76
20,669,DEEM,SM,17000,16000,94.12
20,670,DEEPAKFERT,EQ,917136,515055,56.16
20,671,DEEPAKNTR,EQ,340586,149187,43.80
20,672,DEEPENR,EQ,24440,14581,59.66
20,673,DEEPINDS,EQ,222373,101344,45.57
20,674,DELAPLEX,SM,4800,4200,87.50
20,675,DELHIVERY,EQ,1291365,865701,67.04
20,676,DELTACORP,EQ,1479912,706000,47.71
20,677,DELTAMAGNT,EQ,58086,30182,51.96
20,678,DEN,EQ,6375630,1654860,25.96
20,679,DENEERS,SM,12600,8400,66.67
20,680,DENORA,EQ,91040,29839,32.78
20,681,DENTALKART,SM,27750,20500,73.87
20,682,DEVIT,EQ,32202,18754,58.24
20,683,DEVYANI,EQ,1987120,1131327,56.93
20,684,DHAMPURSUG,EQ,986153,330580,33.52
20,685,DHANBANK,EQ,855855,641334,74.93
20,686,DHANI,EQ,1715152,643759,37.53
20,687,DHANUKA,EQ,217302,53050,24.41
20,688,DHARMAJ,EQ,336570,247211,73.45
20,689,DHTL,SM,800,800,100.00
20,690,DHUNINV,EQ,2427,1837,75.69
20,691,DIAMINESQ,EQ,4317,2358,54.62
20,692,DIAMONDYD,EQ,48655,26352,54.16
20,693,DICIND,EQ,7068,5781,81.79
20,694,DIGIKORE,SM,8600,7200,83.72
20,695,DIGISPICE,EQ,107508,51613,48.01
20,696,DIL,EQ,872262,503646,57.74
20,697,DISHTV,EQ,20442301,5671477,27.74
20,698,DIVGIITTS,EQ,16399,8535,52.05
20,699,DIVISLAB,EQ,264078,132694,50.25
20,700,DIVOPPBEES,EQ,35066,20949,59.74
20,701,DIXON,EQ,229467,89037,38.80
20,702,DKEGL,SM,4500,3000,66.67
20,703,DLF,EQ,3639409,1753653,48.19
20,704,DLINKINDIA,EQ,1827801,508263,27.81
20,705,DLSL25A,Y4,1,1,100.00
20,706,DMART,EQ,266806,161726,60.62
20,707,DMCC,EQ,38431,24472,63.68
20,708,DNAMEDIA,EQ,46873,33413,71.28
20,709,DODLA,EQ,401146,227317,56.67
20,710,DOLATALGO,EQ,1035110,372103,35.95
20,711,DOLLAR,EQ,54002,36212,67.06
20,712,DOLLEX,SM,56000,32000,57.14
20,713,DOMS,EQ,107181,54540,50.89
20,714,DONEAR,EQ,3707377,1237333,33.37
20,715,DPABHUSHAN,EQ,5188,3079,59.35
20,716,DPSCLTD,EQ,645678,510078,79.00
20,717,DPWIRES,EQ,80919,34541,42.69
20,718,DRCSYSTEMS,EQ,185834,102705,55.27
20,719,DREAMFOLKS,EQ,183153,90844,49.60
20,720,DREDGECORP,EQ,337033,138446,41.08
20,721,DRONE,SM,108000,102000,94.44
20,722,DRREDDY,EQ,516362,346100,67.03
20,723,DSSL,EQ,21192,13371,63.09
20,724,DTIL,EQ,4881,3001,61.48
20,725,DUCOL,SM,78400,48000,61.22
20,726,DUGLOBAL,SM,45000,45000,100.00
20,727,DVL,EQ,41633,19696,47.31
20,728,DWARKESH,EQ,4564582,1399868,30.67
20,729,DYCL,EQ,490099,173519,35.40
20,730,DYNAMATECH,EQ,4757,2480,52.13
20,731,DYNAMIC,SM,20000,20000,100.00
20,732,DYNPRO,EQ,43395,22586,52.05
20,733,EASEMYTRIP,EQ,4876845,2315430,47.48
20,734,EBBETF0425,EQ,7270,4307,59.24
20,735,EBBETF0430,EQ,4253,3147,73.99
20,736,EBBETF0431,EQ,5618,5302,94.38
20,737,EBBETF0433,EQ,1466,1348,91.95
20,738,ECLERX,EQ,73991,46544,62.90
20,739,EDELWEISS,EQ,4655533,2039264,43.80
20,740,EFACTOR,SM,22400,21600,96.43
20,741,EFORCE,SM,46800,33600,71.79
20,742,EGOLD,EQ,320,309,96.56
20,743,EICHERMOT,EQ,733966,503273,68.57
20,744,EIDPARRY,EQ,404234,213054,52.71
20,745,EIFFL,EQ,22199,16814,75.74
20,746,EIHAHOTELS,EQ,124177,43011,34.64
20,747,EIHOTEL,EQ,684085,378038,55.26
20,748,EKC,EQ,857378,404294,47.15
20,749,ELDEHSG,EQ,2887,2327,80.60
20,750,ELECON,EQ,197949,122806,62.04
20,751,ELECTCAST,EQ,1078223,550117,51.02
20,752,ELGIEQUIP,EQ,228511,159774,69.92
20,753,ELIN,EQ,375187,237613,63.33
20,754,EMAMILTD,EQ,739817,399909,54.06
20,755,EMAMIPAP,EQ,109304,67112,61.40
20,756,EMAMIREAL,EQ,40510,22411,55.32
20,757,EMBASSY,RR,1246416,1176340,94.38
20,758,EMIL,EQ,1798209,1015229,56.46
20,759,EMKAY,EQ,927061,178580,19.26
20,760,EMKAYTOOLS,SM,1200,1200,100.00
20,761,EMMBI,EQ,25943,13603,52.43
20,762,EMMIL,SM,46000,33000,71.74
20,763,EMSLIMITED,EQ,457348,240617,52.61
20,764,EMUDHRA,EQ,1439330,461810,32.09
20,765,ENDURANCE,EQ,167376,120734,72.13
20,766,ENERGYDEV,EQ,69112,43374,62.76
20,767,ENFUSE,SM,15600,9600,61.54
20,768,ENGINERSIN,EQ,20554612,4907851,23.88
20,769,ENIL,EQ,115932,67576,58.29
20,770,ENSER,SM,16000,14000,87.50
20,771,ENTERO,EQ,41957,32194,76.73
20,772,EPACK,EQ,3608483,1669391,46.26
20,773,EPIGRAL,EQ,37818,19147,50.63
20,774,EPL,EQ,1267730,664657,52.43
20,775,EQUAL50ADD,EQ,3047,1993,65.41
20,776,EQUITASBNK,EQ,3740686,2048145,54.75
20,777,ERIS,EQ,338387,236601,69.92
20,778,EROSMEDIA,EQ,396767,215398,54.29
20,779,ESABINDIA,EQ,7418,4484,60.45
20,780,ESAFSFB,EQ,928201,604371,65.11
20,781,ESCONET,SM,140800,99200,70.45
20,782,ESCORTS,EQ,372033,104188,28.01
20,783,ESFL,SM,10800,9000,83.33
20,784,ESG,EQ,154882,141188,91.16
20,785,ESILVER,EQ,13875,13323,96.02
20,786,ESSARSHPNG,EQ,12105857,3595042,29.70
20,787,ESTER,EQ,110471,47934,43.39
20,788,ETHOSLTD,EQ,21122,11492,54.41
20,789,EUROBOND,SM,216000,73000,33.80
20,790,EVEREADY,EQ,101587,47123,46.39
20,791,EVERESTIND,EQ,13263,6149,46.36
20,792,EXCELINDUS,EQ,32114,16247,50.59
20,793,EXICOM,EQ,1291618,521851,40.40
20,794,EXIDEIND,EQ,6050148,2036363,33.66
20,795,EXPLEOSOL,EQ,16746,9885,59.03
20,796,EXXARO,EQ,144415,91452,63.33
20,797,FACT,EQ,1809814,363972,20.11
20,798,FAIRCHEMOR,EQ,13271,7157,53.93
20,799,FAZE3Q,EQ,34541,16914,48.97
20,800,FCL,EQ,172964,91932,53.15
20,801,FCSSOFT,EQ,4045955,2606515,64.42
20,802,FDC,EQ,56690,29761,52.50
20,803,FEDERALBNK,EQ,11979407,4593187,38.34
20,804,FEDFINA,EQ,287862,180206,62.60
20,805,FELIX,SM,15000,8500,56.67
20,806,FIBERWEB,EQ,125638,45733,36.40
20,807,FIDEL,SM,12000,12000,100.00
20,808,FIEMIND,EQ,227716,147962,64.98
20,809,FILATEX,EQ,1159691,511210,44.08
20,810,FILATFASH,EQ,2709088,1137900,42.00
20,811,FINCABLES,EQ,545139,367627,67.44
20,812,FINEORG,EQ,57054,24980,43.78
20,813,FINIETF,EQ,149016,87646,58.82
20,814,FINOPB,EQ,98523,60554,61.46
20,815,FINPIPE,EQ,834171,458390,54.95
20,816,FIVESTAR,EQ,477694,323780,67.78
20,817,FLAIR,EQ,103098,62147,60.28
20,818,FLUOROCHEM,EQ,107415,53900,50.18
20,819,FMCGIETF,EQ,2131690,2080450,97.60
20,820,FMGOETZE,EQ,640816,338199,52.78
20,821,FMNL,EQ,138072,75091,54.39
20,822,FOCE,SM,200,200,100.00
20,823,FOCUS,EQ,1016114,605507,59.59
20,824,FONEBOX,SM,7000,7000,100.00
20,825,FOODSIN,EQ,113236,58550,51.71
20,826,FORCEMOT,EQ,56268,26421,46.96
20,827,FORTIS,EQ,2665188,2326316,87.29
20,828,FOSECOIND,EQ,2701,1518,56.20
20,829,FROG,SM,84800,41200,48.58
20,830,FSL,EQ,1162257,553515,47.62
20,831,FUSION,EQ,304805,146444,48.05
20,832,GABRIEL,EQ,2317377,817038,35.26
20,833,GAEL,EQ,894725,392070,43.82
20,834,GAIL,EQ,58491135,23881063,40.83
20,835,GALAXYSURF,EQ,38524,33533,87.04
20,836,GANDHAR,EQ,185769,96375,51.88
20,837,GANDHITUBE,EQ,3894,2343,60.17
20,838,GANECOS,EQ,88259,53873,61.04
20,839,GANESHBE,EQ,268291,177160,66.03
20,840,GANESHHOUC,EQ,147129,65409,44.46
20,841,GANGESSECU,EQ,38778,17331,44.69
20,842,GARFIBRES,EQ,24301,9100,37.45
20,843,GATEWAY,EQ,541207,219812,40.62
20,844,GEECEE,EQ,52239,26832,51.36
20,845,GEEKAYWIRE,EQ,95848,48572,50.68
20,846,GENCON,EQ,40596,27817,68.52
20,847,GENESYS,EQ,97408,54373,55.82
20,848,GENSOL,EQ,125891,84345,67.00
20,849,GENUSPAPER,EQ,336285,127333,37.86
20,850,GENUSPOWER,EQ,1314358,727488,55.35
20,851,GEOJITFSL,EQ,1071164,320533,29.92
20,852,GEPIL,EQ,532486,218945,41.12
20,853,GESHIP,EQ,877183,324987,37.05
20,854,GFLLIMITED,EQ,105881,66393,62.71
20,855,GHCL,EQ,418641,181950,43.46
20,856,GHCLTEXTIL,EQ,329525,216498,65.70
20,857,GICHSGFIN,EQ,3601952,1028980,28.57
20,858,GICL,SM,3000,3000,100.00
20,859,GICRE,EQ,3866420,1133122,29.31
20,860,GILLANDERS,EQ,11598,7112,61.32
20,861,GILLETTE,EQ,64914,37017,57.02
20,862,GILT5YBEES,EQ,1521322,1414602,92.99
20,863,GINNIFILA,EQ,143358,98318,68.58
20,864,GIPCL,EQ,1489035,742315,49.85
20,865,GIRIRAJ,ST,1000,1000,100.00
20,866,GLAND,EQ,170816,102019,59.72
20,867,GLAXO,EQ,277457,192416,69.35
20,868,GLENMARK,EQ,902103,576043,63.86
20,869,GLOBALPET,SM,1500,1500,100.00
20,870,GLOBE,EQ,5905917,3508098,59.40
20,871,GLOBUSSPR,EQ,449184,217468,48.41
20,872,GLOSTERLTD,EQ,2487,2017,81.10
20,873,GLS,EQ,59972,30054,50.11
20,874,GMBREW,EQ,49712,28252,56.83
20,875,GMDCLTD,EQ,1201171,368082,30.64
20,876,GMMPFAUDLR,EQ,90715,59822,65.94
20,877,GMRINFRA,EQ,140719522,35994073,25.58
20,878,GMRP&UI,EQ,2774242,2086398,75.21
20,879,GNA,EQ,43668,27448,62.86
20,880,GNFC,EQ,2239167,700534,31.29
20,881,GOACARBON,EQ,42497,17254,40.60
20,882,GOCLCORP,EQ,63861,30137,47.19
20,883,GOCOLORS,EQ,18909,8875,46.94
20,884,GODFRYPHLP,EQ,60470,28541,47.20
20,885,GODHA,EQ,8264657,3943474,47.71
20,886,GODIGIT,EQ,259022,129946,50.17
20,887,GODREJAGRO,EQ,319821,161633,50.54
20,888,GODREJCP,EQ,625008,400840,64.13
20,889,GODREJIND,EQ,298766,249366,83.47
20,890,GODREJPROP,EQ,673048,315860,46.93
20,891,GOKEX,EQ,131789,71292,54.10
20,892,GOKULAGRO,EQ,489370,166606,34.04
20,893,GOLD1,EQ,292609,265503,90.74
20,894,GOLDBEES,EQ,4138814,2907276,70.24
20,895,GOLDCASE,EQ,1264160,1184939,93.73
20,896,GOLDETF,EQ,36190,30388,83.97
20,897,GOLDETFADD,EQ,11211,10729,95.70
20,898,GOLDIAM,EQ,428466,202332,47.22
20,899,GOLDIETF,EQ,516478,430707,83.39
20,900,GOLDSHARE,EQ,50730,38695,76.28
20,901,GOLDSTAR,SM,56250,56250,100.00
20,902,GOLDTECH,EQ,21057,14379,68.29
20,903,GOODLUCK,EQ,64910,34370,52.95
20,904,GOPAL,EQ,229898,118617,51.60
20,905,GOYALSALT,SM,4200,3600,85.71
20,906,GPIL,EQ,387036,224653,58.04
20,907,GPPL,EQ,3120368,1253067,40.16
20,908,GPTHEALTH,EQ,118769,59893,50.43
20,909,GRANULES,EQ,1371334,373383,27.23
20,910,GRAPHISAD,SM,36000,28800,80.00
20,911,GRAPHITE,EQ,543807,195838,36.01
20,912,GRASIM,EQ,531924,263499,49.54
20,913,GRASIMPP,E1,14915,11819,79.24
20,914,GRAVITA,EQ,268519,141434,52.67
20,915,GRCL,SM,5000,5000,100.00
20,916,GREAVESCOT,EQ,569181,263584,46.31
20,917,GREENCHEF,SM,31200,22400,71.79
20,918,GREENLAM,EQ,25455,12667,49.76
20,919,GREENPANEL,EQ,241857,132382,54.74
20,920,GREENPLY,EQ,584973,284289,48.60
20,921,GREENPOWER,EQ,4734952,2898075,61.21
20,922,GRINDWELL,EQ,30082,15351,51.03
20,923,GRINFRA,EQ,190211,88805,46.69
20,924,GRMOVER,EQ,54760,28335,51.74
20,925,GROBTEA,EQ,710,428,60.28
20,926,GRPLTD,EQ,3570,2094,58.66
20,927,GRSE,EQ,1075126,418077,38.89
20,928,GRWRHITECH,EQ,104831,50818,48.48
20,929,GSEC10IETF,EQ,333,310,93.09
20,930,GSEC10YEAR,EQ,1045,990,94.74
20,931,GSEC5IETF,EQ,4054,4032,99.46
20,932,GSFC,EQ,3898096,1361970,34.94
20,933,GSLSU,EQ,182837,81412,44.53
20,934,GSMFOILS,ST,160000,144000,90.00
20,935,GSPL,EQ,1542096,888315,57.60
20,936,GSTL,SM,30000,26000,86.67
20,937,GTLINFRA,EQ,246994035,106848243,43.26
20,938,GTPL,EQ,38993,18235,46.76
20,939,GUFICBIO,EQ,845909,219476,25.95
20,940,GUJALKALI,EQ,87233,29597,33.93
20,941,GUJAPOLLO,EQ,7539,3046,40.40
20,942,GUJGASLTD,EQ,2351156,691997,29.43
20,943,GUJRAFFIA,EQ,21733,8445,38.86
20,944,GULFOILLUB,EQ,72721,35718,49.12
20,945,GULFPETRO,EQ,417599,196940,47.16
20,946,GULPOLY,EQ,405982,175011,43.11
20,947,HAL,EQ,2718189,978329,35.99
20,948,HAPPSTMNDS,EQ,1068618,385277,36.05
20,949,HAPPYFORGE,EQ,66819,42596,63.75
20,950,HARDWYN,EQ,193057,98381,50.96
20,951,HARIOMPIPE,EQ,37931,22936,60.47
20,952,HARRMALAYA,EQ,16489,9475,57.46
20,953,HARSHA,EQ,686988,239533,34.87
20,954,HATHWAY,EQ,9924444,4150951,41.83
20,955,HATSUN,EQ,26461,12997,49.12
20,956,HAVELLS,EQ,1206884,813772,67.43
20,957,HAVISHA,EQ,102392,100579,98.23
20,958,HBLPOWER,EQ,750349,417678,55.66
20,959,HBSL,EQ,25514,15090,59.14
20,960,HCC,EQ,273620461,85289132,31.17
20,961,HCG,EQ,310450,235304,75.79
20,962,HCLTECH,EQ,2269082,1526783,67.29
20,963,HDFCAMC,EQ,586984,187762,31.99
20,964,HDFCBANK,EQ,14772663,8360761,56.60
20,965,HDFCBSE500,EQ,29326,22572,76.97
20,966,HDFCGOLD,EQ,3377976,3066298,90.77
20,967,HDFCGROWTH,EQ,6923,4438,64.11
20,968,HDFCLIFE,EQ,6417670,4095003,63.81
20,969,HDFCLIQUID,EQ,6352,5055,79.58
20,970,HDFCLOWVOL,EQ,21597,18229,84.41
20,971,HDFCMID150,EQ,221506,166435,75.14
20,972,HDFCMOMENT,EQ,278120,203769,73.27
20,973,HDFCNEXT50,EQ,91967,63029,68.53
20,974,HDFCNIF100,EQ,30862,22073,71.52
20,975,HDFCNIFBAN,EQ,17974,11270,62.70
20,976,HDFCNIFIT,EQ,41753,36666,87.82
20,977,HDFCNIFTY,EQ,111918,87333,78.03
20,978,HDFCPSUBK,EQ,28641,17660,61.66
20,979,HDFCPVTBAN,EQ,54544,44072,80.80
20,980,HDFCQUAL,EQ,15265,8955,58.66
20,981,HDFCSENSEX,EQ,19271,14365,74.54
20,982,HDFCSILVER,EQ,467751,361248,77.23
20,983,HDFCSML250,EQ,739104,531414,71.90
20,984,HDFCVALUE,EQ,3229,2805,86.87
20,985,HEALTHADD,EQ,1117,690,61.77
20,986,HEALTHIETF,EQ,33024,17523,53.06
20,987,HEALTHY,EQ,546884,336700,61.57
20,988,HECPROJECT,EQ,250087,159099,63.62
20,989,HEG,EQ,171609,51016,29.73
20,990,HEIDELBERG,EQ,210979,122359,58.00
20,991,HEMIPROP,EQ,1394961,567164,40.66
20,992,HERANBA,EQ,127660,40468,31.70
20,993,HERCULES,EQ,151938,68862,45.32
20,994,HERITGFOOD,EQ,3676236,1939191,52.75
20,995,HEROMOTOCO,EQ,1015127,542336,53.43
20,996,HESTERBIO,EQ,7433,5014,67.46
20,997,HEUBACHIND,EQ,53941,33136,61.43
20,998,HEXATRADEX,EQ,5045,3266,64.74
20,999,HFCL,EQ,68533806,21673517,31.62
20,1000,HGINFRA,EQ,2315874,290886,12.56
20,1001,HGS,EQ,14687,9145,62.27
20,1002,HIGREEN,SM,28800,25600,88.89
20,1003,HIKAL,EQ,531937,205278,38.59
20,1004,HIL,EQ,17009,9915,58.29
20,1005,HILTON,EQ,317025,144642,45.62
20,1006,HIMATSEIDE,EQ,188156,108889,57.87
20,1007,HINDALCO,EQ,5157918,3016290,58.48
20,1008,HINDCOMPOS,EQ,7631,2412,31.61
20,1009,HINDCOPPER,EQ,10963290,3893176,35.51
20,1010,HINDMOTORS,EQ,2277132,1779987,78.17
20,1011,HINDOILEXP,EQ,1272688,619084,48.64
20,1012,HINDPETRO,EQ,6719762,2180725,32.45
20,1013,HINDUNILVR,EQ,1402423,986022,70.31
20,1014,HINDWAREAP,EQ,82290,38021,46.20
20,1015,HINDZINC,EQ,1993799,921381,46.21
20,1016,HIRECT,EQ,11110,7379,66.42
20,1017,HISARMETAL,EQ,7182,4395,61.19
20,1018,HITECH,EQ,868407,382639,44.06
20,1019,HITECHCORP,EQ,19297,16057,83.21
20,1020,HLEGLAS,EQ,117475,32480,27.65
20,1021,HMAAGRO,EQ,782915,465064,59.40
20,1022,HMVL,EQ,58130,33436,57.52
20,1023,HNDFDS,EQ,70840,39153,55.27
20,1024,HNGSNGBEES,EQ,98798,70458,71.32
20,1025,HOACFOODS,SM,171000,120000,70.18
20,1026,HOLMARC,SM,3000,3000,100.00
20,1027,HOMEFIRST,EQ,3003065,650435,21.66
20,1028,HOMESFY,ST,2100,2100,100.00
20,1029,HONASA,EQ,3897975,1609329,41.29
20,1030,HONAUT,EQ,8621,6470,75.05
20,1031,HONDAPOWER,EQ,22520,10275,45.63
20,1032,HPAL,EQ,512257,223416,43.61
20,1033,HPIL,EQ,1686,1352,80.19
20,1034,HPL,EQ,372070,158420,42.58
20,1035,HRHNEXT,SM,15000,15000,100.00
20,1036,HSCL,EQ,804108,541023,67.28
20,1037,HTMEDIA,EQ,466885,214967,46.04
20,1038,HUBTOWN,EQ,304955,211962,69.51
20,1039,HUDCO,EQ,47711695,12230020,25.63
20,1040,HUHTAMAKI,EQ,123763,84883,68.59
20,1041,HYBRIDFIN,EQ,46956,38967,82.99
20,1042,IBHF25B,BI,256,129,50.39
20,1043,IBLFL,SM,22000,16000,72.73
20,1044,IBREALEST,EQ,9492343,4216599,44.42
20,1045,IBULHSGFIN,EQ,5184964,2259560,43.58
20,1046,IBULPP,E1,1004958,734845,73.12
20,1047,ICEMAKE,EQ,69966,16573,23.69
20,1048,ICICIB22,EQ,1735810,1422046,81.92
20,1049,ICICIBANK,EQ,12250002,5176869,42.26
20,1050,ICICIGI,EQ,622014,347716,55.90
20,1051,ICICIPRULI,EQ,1992856,1115482,55.97
20,1052,ICIL,EQ,124513,64634,51.91
20,1053,ICRA,EQ,11368,4402,38.72
20,1054,IDBI,EQ,7836241,2438749,31.12
20,1055,IDEA,EQ,1168313898,400602105,34.29
20,1056,IDEAFORGE,EQ,203375,86625,42.59
20,1057,IDFC,EQ,6440401,4437026,68.89
20,1058,IDFCFIRSTB,EQ,13534774,4872055,36.00
20,1059,IDFNIFTYET,EQ,1386,1205,86.94
20,1060,IEL,EQ,223492,168525,75.41
20,1061,IEML,SM,31000,21000,67.74
20,1062,IEX,EQ,31422594,11868471,37.77
20,1063,IFBAGRO,EQ,5339,2543,47.63
20,1064,IFBIND,EQ,254412,104116,40.92
20,1065,IFCI,EQ,111889023,30970611,27.68
20,1066,IFGLEXPOR,EQ,19849,8575,43.20
20,1067,IGARASHI,EQ,38410,20154,52.47
20,1068,IGL,EQ,5727192,3239250,56.56
20,1069,IGPL,EQ,99147,56092,56.57
20,1070,IIFL,EQ,6135846,1082812,17.65
20,1071,IIFLSEC,EQ,1498774,778005,51.91
20,1072,IIFLZC24,NK,138,138,100.00
20,1073,IIFLZC25A,NP,10,10,100.00
20,1074,IIFLZC25B,NW,2005,2005,100.00
20,1075,IIFLZC26,NN,285,285,100.00
20,1076,IIFLZC28,NG,36,36,100.00
20,1077,IIFLZC28C,N6,74,22,29.73
20,1078,IITL,EQ,13663,10566,77.33
20,1079,IKIO,EQ,150904,83765,55.51
20,1080,IMAGICAA,EQ,1020254,504391,49.44
20,1081,IMC1,N0,5,5,100.00
20,1082,IMC1,N1,10,10,100.00
20,1083,IMC1,N2,10,10,100.00
20,1084,IMC1,N3,10,10,100.00
20,1085,IMFA,EQ,3366344,705399,20.95
20,1086,IMPAL,EQ,11855,9730,82.08
20,1087,INCREDIBLE,EQ,10129,4679,46.19
20,1088,INDBANK,EQ,177777,109798,61.76
20,1089,INDGN,EQ,1314694,787422,59.89
20,1090,INDHOTEL,EQ,3691089,2719747,73.68
20,1091,INDIACEM,EQ,1920979,611219,31.82
20,1092,INDIAGLYCO,EQ,313187,107001,34.17
20,1093,INDIAMART,EQ,68395,24308,35.54
20,1094,INDIANB,EQ,1952083,1038441,53.20
20,1095,INDIANCARD,EQ,9098,5428,59.66
20,1096,INDIANHUME,EQ,152640,72586,47.55
20,1097,INDIASHLTR,EQ,325028,166098,51.10
20,1098,INDIFRA,SM,4000,4000,100.00
20,1099,INDIGO,EQ,4381077,1839375,41.98
20,1100,INDIGOPNTS,EQ,23077,14267,61.82
20,1101,INDIGRID,IV,617767,581882,94.19
20,1102,INDNIPPON,EQ,28429,20379,71.68
20,1103,INDOAMIN,EQ,141921,61978,43.67
20,1104,INDOBORAX,EQ,45934,27201,59.22
20,1105,INDOCO,EQ,62437,32317,51.76
20,1106,INDORAMA,EQ,126665,60349,47.64
20,1107,INDOSTAR,EQ,89832,52914,58.90
20,1108,INDOTHAI,EQ,5703,3478,60.99
20,1109,INDOWIND,EQ,283116,185039,65.36
20,1110,INDRAMEDCO,EQ,348356,192033,55.13
20,1111,INDSWFTLAB,EQ,750554,387223,51.59
20,1112,INDTERRAIN,EQ,67234,45148,67.15
20,1113,INDUSINDBK,EQ,1737873,955855,55.00
20,1114,INDUSTOWER,EQ,6964630,1516558,21.78
20,1115,INFIBEAM,EQ,12641207,4243855,33.57
20,1116,INFINIUM,SM,26500,19500,73.58
20,1117,INFOBEAN,EQ,27313,16514,60.46
20,1118,INFOLLION,SM,13600,8800,64.71
20,1119,INFOMEDIA,EQ,5374,5374,100.00
20,1120,INFRABEES,EQ,28438,17650,62.06
20,1121,INFRAIETF,EQ,160705,105516,65.66
20,1122,INFY,EQ,4853054,3309314,68.19
20,1123,INGERRAND,EQ,10459,4906,46.91
20,1124,INM,SM,4200,1800,42.86
20,1125,INNOVACAP,EQ,23617,12685,53.71
20,1126,INNOVANA,SM,1600,1200,75.00
20,1127,INNOVATIVE,SM,75000,57000,76.00
20,1128,INOXGREEN,EQ,1420937,945119,66.51
20,1129,INOXINDIA,EQ,390653,161774,41.41
20,1130,INOXWIND,EQ,2784349,1294953,46.51
20,1131,INSECTICID,EQ,134817,105479,78.24
20,1132,INSPIRE,SM,28000,26000,92.86
20,1133,INTELLECT,EQ,426321,134513,31.55
20,1134,INTENTECH,EQ,988644,449278,45.44
20,1135,INTLCONV,EQ,151385,81744,54.00
20,1136,INVENTURE,EQ,5711636,3061389,53.60
20,1137,IOB,EQ,11479045,3182039,27.72
20,1138,IOC,EQ,28559865,10497632,36.76
20,1139,IOLCP,EQ,139637,66167,47.39
20,1140,IONEXCHANG,EQ,261375,123916,47.41
20,1141,IPCALAB,EQ,542486,377689,69.62
20,1142,IPL,EQ,1108457,438816,39.59
20,1143,IRB,EQ,903995564,337071881,37.29
20,1144,IRBINVIT,IV,582977,430477,73.84
20,1145,IRCON,EQ,33027994,9396048,28.45
20,1146,IRCTC,EQ,8695834,2012659,23.15
20,1147,IREDA,EQ,16956779,6004331,35.41
20,1148,IRFC,EQ,66680300,17125417,25.68
20,1149,IRISDOREME,EQ,59199,20650,34.88
20,1150,IRMENERGY,EQ,131817,86769,65.83
20,1151,ISEC,EQ,263567,170327,64.62
20,1152,ISFT,EQ,49363,33620,68.11
20,1153,ISGEC,EQ,78706,35396,44.97
20,1154,ISHAN,SM,1392000,1056000,75.86
20,1155,ISMTLTD,EQ,530390,210415,39.67
20,1156,IT,EQ,58435,40480,69.27
20,1157,ITALIANE,SM,6000,6000,100.00
20,1158,ITBEES,EQ,6878129,4540325,66.01
20,1159,ITC,EQ,12670589,9034060,71.30
20,1160,ITDC,EQ,52944,22982,43.41
20,1161,ITDCEM,EQ,1340932,640770,47.79
20,1162,ITETF,EQ,41805,29747,71.16
20,1163,ITETFADD,EQ,23531,20097,85.41
20,1164,ITI,EQ,2749961,532891,19.38
20,1165,ITIETF,EQ,357049,176728,49.50
20,1166,IVC,EQ,1424707,850422,59.69
20,1167,IVP,EQ,38609,20604,53.37
20,1168,IVZINGOLD,EQ,85,48,56.47
20,1169,IZMO,EQ,87203,58292,66.85
20,1170,JAGRAN,EQ,243921,136464,55.95
20,1171,JAGSNPHARM,EQ,14346,7114,49.59
20,1172,JAICORPLTD,EQ,10008731,2529932,25.28
20,1173,JAINAM,SM,34000,30000,88.24
20,1174,JALAN,SM,6000,6000,100.00
20,1175,JAMNAAUTO,EQ,1777175,776349,43.68
20,1176,JASH,EQ,24556,14946,60.86
20,1177,JAYAGROGN,EQ,58602,34910,59.57
20,1178,JAYBARMARU,EQ,165363,77792,47.04
20,1179,JAYNECOIND,EQ,591750,334246,56.48
20,1180,JAYSREETEA,EQ,64949,39370,60.62
20,1181,JBCHEPHARM,EQ,119067,72858,61.19
20,1182,JBMA,EQ,685297,207176,30.23
20,1183,JCHAC,EQ,49337,30541,61.90
20,1184,JETFREIGHT,EQ,107078,70965,66.27
20,1185,JGCHEM,EQ,194453,105624,54.32
20,1186,JINDALPHOT,EQ,37042,16277,43.94
20,1187,JINDALPOLY,EQ,664141,115491,17.39
20,1188,JINDALSAW,EQ,719557,390906,54.33
20,1189,JINDALSTEL,EQ,1220832,484851,39.71
20,1190,JINDRILL,EQ,24510,13401,54.68
20,1191,JINDWORLD,EQ,195477,96921,49.58
20,1192,JIOFIN,EQ,12762033,7020685,55.01
20,1193,JISLDVREQS,EQ,608816,362907,59.61
20,1194,JISLJALEQS,EQ,21389210,7526314,35.19
20,1195,JITFINFRA,EQ,39320,29523,75.08
20,1196,JIWANRAM,SM,42000,36000,85.71
20,1197,J&KBANK,EQ,3142859,1751688,55.74
20,1198,JKCEMENT,EQ,94440,47224,50.00
20,1199,JKIL,EQ,309577,131752,42.56
20,1200,JKLAKSHMI,EQ,272781,152366,55.86
20,1201,JKPAPER,EQ,2001698,962253,48.07
20,1202,JKTYRE,EQ,772428,411827,53.32
20,1203,JLHL,EQ,15222,7309,48.02
20,1204,JMA,EQ,14137,10429,73.77
20,1205,JMFINANCIL,EQ,3244995,1865976,57.50
20,1206,JNKINDIA,EQ,169908,65954,38.82
20,1207,JOCIL,EQ,25871,14633,56.56
20,1208,JPOLYINVST,EQ,14574,6727,46.16
20,1209,JPPOWER,EQ,43405034,24892274,57.35
20,1210,JSFB,EQ,263521,109888,41.70
20,1211,JSL,EQ,935522,605942,64.77
20,1212,JSLL,ST,39600,38340,96.82
20,1213,JSWENERGY,EQ,1909258,788810,41.32
20,1214,JSWHL,EQ,1867,915,49.01
20,1215,JSWINFRA,EQ,4952269,2409921,48.66
20,1216,JSWSTEEL,EQ,2003998,1159803,57.87
20,1217,JTEKTINDIA,EQ,189613,98412,51.90
20,1218,JTLIND,EQ,896533,264633,29.52
20,1219,JUBLFOOD,EQ,2990672,1101390,36.83
20,1220,JUBLINDS,EQ,49646,25191,50.74
20,1221,JUBLINGREA,EQ,265981,137339,51.63
20,1222,JUBLPHARMA,EQ,117953,54649,46.33
20,1223,JUNIORBEES,EQ,178970,129912,72.59
20,1224,JUNIPER,EQ,144356,87992,60.95
20,1225,JUSTDIAL,EQ,906607,238962,26.36
20,1226,JWL,EQ,8037234,1770932,22.03
20,1227,JYOTHYLAB,EQ,686930,302297,44.01
20,1228,JYOTICNC,EQ,512813,216104,42.14
20,1229,JYOTISTRUC,EQ,2227725,1613960,72.45
20,1230,K2INFRA,SM,27600,22800,82.61
20,1231,KABRAEXTRU,EQ,687530,206669,30.06
20,1232,KAJARIACER,EQ,387756,245434,63.30
20,1233,KAKATCEM,EQ,49084,31515,64.21
20,1234,KALAMANDIR,EQ,198855,122885,61.80
20,1235,KALYANIFRG,EQ,2952,2332,79.00
20,1236,KALYANKJIL,EQ,724141,438848,60.60
20,1237,KAMATHOTEL,EQ,113000,72522,64.18
20,1238,KAMDHENU,EQ,829876,215105,25.92
20,1239,KAMOPAINTS,EQ,1132743,371479,32.79
20,1240,KANANIIND,EQ,1605614,1121582,69.85
20,1241,KANDARP,SM,20000,16000,80.00
20,1242,KANORICHEM,EQ,35352,21667,61.29
20,1243,KANPRPLA,EQ,11869,8463,71.30
20,1244,KANSAINER,EQ,435467,291665,66.98
20,1245,KAPSTON,EQ,3840,1819,47.37
20,1246,KARMAENG,EQ,7778,6528,83.93
20,1247,KARNIKA,SM,4800,4800,100.00
20,1248,KARURVYSYA,EQ,5085254,2130415,41.89
20,1249,KAUSHALYA,EQ,1129,521,46.15
20,1250,KAYA,EQ,185250,131576,71.03
20,1251,KAYNES,EQ,1034410,286536,27.70
20,1252,KBCGLOBAL,EQ,6196832,3442885,55.56
20,1253,KCEIL,SM,92500,63500,68.65
20,1254,KCK,ST,18000,18000,100.00
20,1255,KCP,EQ,3539953,1488071,42.04
20,1256,KCPSUGIND,EQ,1416078,481762,34.02
20,1257,KDDL,EQ,23670,16979,71.73
20,1258,KDL,SM,6400,5300,82.81
20,1259,KEC,EQ,1135256,509658,44.89
20,1260,KECL,EQ,895468,459359,51.30
20,1261,KEI,EQ,371758,145377,39.11
20,1262,KEL,SM,14400,10800,75.00
20,1263,KELLTONTEC,EQ,3204496,1200262,37.46
20,1264,KERNEX,EQ,88114,57008,64.70
20,1265,KESORAMIND,EQ,873736,324943,37.19
20,1266,KFINTECH,EQ,185581,97946,52.78
20,1267,KHADIM,EQ,49828,35084,70.41
20,1268,KHAICHEM,EQ,375019,222445,59.32
20,1269,KHAITANLTD,EQ,71615,35417,49.45
20,1270,KHANDSE,EQ,53206,30586,57.49
20,1271,KHFM,SM,43400,21700,50.00
20,1272,KICL,EQ,3928,2153,54.81
20,1273,KILITCH,EQ,23456,20342,86.72
20,1274,KIMS,EQ,187391,127753,68.17
20,1275,KINGFA,EQ,4496,2789,62.03
20,1276,KIOCL,EQ,338884,77773,22.95
20,1277,KIRIINDUS,EQ,238859,100968,42.27
20,1278,KIRLOSBROS,EQ,90544,41135,45.43
20,1279,KIRLOSENG,EQ,325335,272766,83.84
20,1280,KIRLOSIND,EQ,4928,3438,69.76
20,1281,KIRLPNU,EQ,336434,185800,55.23
20,1282,KITEX,EQ,254121,136041,53.53
20,1283,KKCL,EQ,40613,24271,59.76
20,1284,KLL,SM,46400,32000,68.97
20,1285,KMSUGAR,EQ,2802378,1018614,36.35
20,1286,KNAGRI,SM,12000,11200,93.33
20,1287,KNRCON,EQ,1203238,701437,58.30
20,1288,KODYTECH,SM,1200,1200,100.00
20,1289,KOHINOOR,EQ,84699,47512,56.10
20,1290,KOKUYOCMLN,EQ,175885,95610,54.36
20,1291,KOLTEPATIL,EQ,164883,81270,49.29
20,1292,KONSTELEC,SM,57000,40000,70.18
20,1293,KONTOR,SM,37200,37200,100.00
20,1294,KOPRAN,EQ,117325,63690,54.29
20,1295,KORE,SM,38000,32500,85.53
20,1296,KOTAKBANK,EQ,4105647,2349734,57.23
20,1297,KOTARISUG,EQ,1460897,561188,38.41
20,1298,KOTHARIPET,EQ,51708,31858,61.61
20,1299,KOTHARIPRO,EQ,14059,10853,77.20
20,1300,KOTYARK,SM,279700,118000,42.19
20,1301,KPIGREEN,EQ,179818,96321,53.57
20,1302,KPIL,EQ,280347,163779,58.42
20,1303,KPITTECH,EQ,856521,450534,52.60
20,1304,KPRMILL,EQ,129957,93337,71.82
20,1305,KRBL,EQ,1218565,928752,76.22
20,1306,KREBSBIO,EQ,81472,32371,39.73
20,1307,KRISHANA,EQ,153138,102330,66.82
20,1308,KRISHCA,SM,31000,25500,82.26
20,1309,KRISHIVAL,SM,1000,1000,100.00
20,1310,KRISHNADEF,SM,23500,17000,72.34
20,1311,KRITI,EQ,154571,73097,47.29
20,1312,KRITIKA,EQ,325313,243397,74.82
20,1313,KRITINUT,EQ,74978,44599,59.48
20,1314,KRSNAA,EQ,97945,73448,74.99
20,1315,KRYSTAL,EQ,51204,29625,57.86
20,1316,KSB,EQ,18810,8327,44.27
20,1317,KSCL,EQ,187448,107648,57.43
20,1318,KSHITIJPOL,EQ,367917,306381,83.27
20,1319,KSL,EQ,68159,28366,41.62
20,1320,KSOLVES,EQ,31612,19012,60.14
20,1321,KTKBANK,EQ,1199492,529914,44.18
20,1322,KTL,SM,3000,3000,100.00
20,1323,KUANTUM,EQ,38313,23749,61.99
20,1324,LAL,EQ,39349,24436,62.10
20,1325,LALPATHLAB,EQ,153449,76186,49.65
20,1326,LAMBODHARA,EQ,18778,10021,53.37
20,1327,LANCORHOL,EQ,72895,41244,56.58
20,1328,LANDMARK,EQ,320280,274853,85.82
20,1329,LAOPALA,EQ,213067,95123,44.64
20,1330,LASA,EQ,35573,24925,70.07
20,1331,LAURUSLABS,EQ,1546836,859122,55.54
20,1332,LAWSIKHO,SM,30500,27500,90.16
20,1333,LAXMICOT,EQ,141190,73978,52.40
20,1334,LAXMIMACH,EQ,912,517,56.69
20,1335,LEMERITE,SM,283200,216000,76.27
20,1336,LEMONTREE,EQ,4029597,1747199,43.36
20,1337,LEXUS,EQ,23425,12685,54.15
20,1338,LFIC,EQ,13433,3576,26.62
20,1339,LGBBROSLTD,EQ,16809,8683,51.66
20,1340,LGBFORGE,EQ,213449,166243,77.88
20,1341,LIBAS,EQ,115317,62628,54.31
20,1342,LIBERTSHOE,EQ,205695,124880,60.71
20,1343,LICHSGFIN,EQ,4311375,1756263,40.74
20,1344,LICI,EQ,2965921,1128168,38.04
20,1345,LICMFGOLD,EQ,403,326,80.89
20,1346,LICNETFGSC,EQ,26707,25286,94.68
20,1347,LICNETFN50,EQ,996,390,39.16
20,1348,LICNETFSEN,EQ,264,131,49.62
20,1349,LICNFNHGP,EQ,1670,783,46.89
20,1350,LICNMID100,EQ,15422,13331,86.44
20,1351,LIKHITHA,EQ,3081355,485496,15.76
20,1352,LINC,EQ,5737,3622,63.13
20,1353,LINCOLN,EQ,45393,27012,59.51
20,1354,LINDEINDIA,EQ,387187,80236,20.72
20,1355,LIQUID,EQ,31406,22699,72.28
20,1356,LIQUID1,EQ,1927,1805,93.67
20,1357,LIQUIDADD,EQ,315122,163503,51.89
20,1358,LIQUIDBEES,EQ,3751454,3125217,83.31
20,1359,LIQUIDBETF,EQ,14849,7300,49.16
20,1360,LIQUIDCASE,EQ,4139195,3994027,96.49
20,1361,LIQUIDETF,EQ,128871,91441,70.96
20,1362,LIQUIDIETF,EQ,951550,437007,45.93
20,1363,LIQUIDSBI,EQ,25149,14353,57.07
20,1364,LLOYDS,SM,4000,4000,100.00
20,1365,LLOYDSENGG,EQ,19712256,6448847,32.71
20,1366,LLOYDSME,EQ,233599,129344,55.37
20,1367,LODHA,EQ,871745,608638,69.82
20,1368,LOTUSEYE,EQ,38675,29623,76.59
20,1369,LOVABLE,EQ,21700,12739,58.71
20,1370,LOWVOL,EQ,1468,1183,80.59
20,1371,LOWVOL1,EQ,88244,73961,83.81
20,1372,LOWVOLIETF,EQ,3914993,3838408,98.04
20,1373,LOYALTEX,EQ,1218,520,42.69
20,1374,LPDC,EQ,62886,49043,77.99
20,1375,LRRPL,SM,33000,27000,81.82
20,1376,LT,EQ,2548176,1115060,43.76
20,1377,LTF,EQ,6986709,4184443,59.89
20,1378,LTFOODS,EQ,1596249,462634,28.98
20,1379,LTGILTBEES,EQ,3229169,2811156,87.06
20,1380,LTIM,EQ,268670,168905,62.87
20,1381,LTTS,EQ,207998,87922,42.27
20,1382,LUMAXIND,EQ,18962,10187,53.72
20,1383,LUMAXTECH,EQ,209892,142324,67.81
20,1384,LUPIN,EQ,838976,496337,59.16
20,1385,LUXIND,EQ,29477,16118,54.68
20,1386,LXCHEM,EQ,1207888,376253,31.15
20,1387,LYKALABS,EQ,57368,35374,61.66
20,1388,LYPSAGEMS,EQ,24688,20848,84.45
20,1389,MAANALU,EQ,119367,76869,64.40
20,1390,MADHAVBAUG,SM,13200,8800,66.67
20,1391,MADHUSUDAN,SM,25000,20000,80.00
20,1392,MADRASFERT,EQ,988583,388529,39.30
20,1393,MAFANG,EQ,435773,272265,62.48
20,1394,MAGADSUGAR,EQ,40183,16279,40.51
20,1395,MAGNUM,EQ,138029,73029,52.91
20,1396,MAGSON,SM,2000,2000,100.00
20,1397,MAHABANK,EQ,15558375,5017752,32.25
20,1398,MAHAPEXLTD,EQ,161310,93976,58.26
20,1399,MAHASTEEL,EQ,30996,23985,77.38
20,1400,MAHEPC,EQ,1105087,603680,54.63
20,1401,MAHESHWARI,EQ,67491,62617,92.78
20,1402,MAHKTECH,EQ,1264576,1046308,82.74
20,1403,MAHLIFE,EQ,335199,189051,56.40
20,1404,MAHLOG,EQ,227148,127045,55.93
20,1405,MAHSCOOTER,EQ,8121,4665,57.44
20,1406,MAHSEAMLES,EQ,347306,217606,62.66
20,1407,MAITHANALL,EQ,85113,41052,48.23
20,1408,MAITREYA,SM,8800,7200,81.82
20,1409,MAKEINDIA,EQ,593805,557924,93.96
20,1410,MAKS,SM,6000,6000,100.00
20,1411,MAL,SM,28800,20800,72.22
20,1412,MALLCOM,EQ,4098,2065,50.39
20,1413,MANAKALUCO,EQ,69606,54915,78.89
20,1414,MANAKSIA,EQ,87891,55351,62.98
20,1415,MANALIPETC,EQ,4121692,1768828,42.92
20,1416,MANAPPURAM,EQ,11885080,3327450,28.00
20,1417,MANDEEP,SM,34000,32000,94.12
20,1418,MANGALAM,EQ,66818,37216,55.70
20,1419,MANGCHEFER,EQ,927242,540916,58.34
20,1420,MANGLMCEM,EQ,66080,41729,63.15
20,1421,MANINDS,EQ,190802,113614,59.55
20,1422,MANINFRA,EQ,331189,181831,54.90
20,1423,MANKIND,EQ,300668,205727,68.42
20,1424,MANOMAY,EQ,4079,2563,62.83
20,1425,MANUGRAPH,EQ,42619,21139,49.60
20,1426,MANYAVAR,EQ,94645,54901,58.01
20,1427,MAPMYINDIA,EQ,46655,29685,63.63
20,1428,MARALOVER,EQ,30430,17070,56.10
20,1429,MARATHON,EQ,47842,28090,58.71
20,1430,MARCO,SM,21000,18000,85.71
20,1431,MARICO,EQ,1434087,839864,58.56
20,1432,MARINE,EQ,1556685,762573,48.99
20,1433,MARINETRAN,SM,4000,4000,100.00
20,1434,MARKSANS,EQ,902296,436720,48.40
20,1435,MARUTI,EQ,358807,185571,51.72
20,1436,MASFIN,EQ,132417,71834,54.25
20,1437,MASKINVEST,EQ,1316,1301,98.86
20,1438,MASPTOP50,EQ,90659,66161,72.98
20,1439,MASTEK,EQ,72229,24000,33.23
20,1440,MASTER,SM,57000,40000,70.18
20,1441,MATRIMONY,EQ,63770,33315,52.24
20,1442,MAWANASUG,EQ,514406,199999,38.88
20,1443,MAXESTATES,EQ,738760,253484,34.31
20,1444,MAXHEALTH,EQ,2174198,1505188,69.23
20,1445,MAXIND,EQ,232767,156224,67.12
20,1446,MAXPOSURE,SM,56000,38000,67.86
20,1447,MAYURUNIQ,EQ,218567,122723,56.15
20,1448,MAZDA,EQ,20395,13107,64.27
20,1449,MAZDOCK,EQ,2970451,662334,22.30
20,1450,MBAPL,EQ,41541,33624,80.94
20,1451,MBLINFRA,EQ,350198,127106,36.30
20,1452,MCL,EQ,27284,16688,61.16
20,1453,MCLEODRUSS,EQ,331590,207362,62.54
20,1454,MCON,SM,2000,2000,100.00
20,1455,MCX,EQ,469422,150722,32.11
20,1456,MDL,SM,2000,2000,100.00
20,1457,MEDANTA,EQ,791150,660997,83.55
20,1458,MEDIASSIST,EQ,688665,268726,39.02
20,1459,MEDICAMEQ,EQ,10639,4941,46.44
20,1460,MEDPLUS,EQ,55083,31570,57.31
20,1461,MEGASOFT,EQ,202327,136671,67.55
20,1462,MEGASTAR,EQ,4445,2688,60.47
20,1463,MEGATHERM,SM,53600,40400,75.37
20,1464,MENONBE,EQ,43912,24162,55.02
20,1465,METROBRAND,EQ,50621,23217,45.86
20,1466,METROPOLIS,EQ,120954,48071,39.74
20,1467,MFSL,EQ,672875,464611,69.05
20,1468,MGEL,EQ,341125,214160,62.78
20,1469,MGL,EQ,704407,285953,40.59
20,1470,MHHL,SM,7500,7500,100.00
20,1471,MHLXMIRU,EQ,16110,11996,74.46
20,1472,MHRIL,EQ,160077,81425,50.87
20,1473,MICEL,EQ,657600,523934,79.67
20,1474,MICROPRO,SM,8000,8000,100.00
20,1475,MID150BEES,EQ,488949,325437,66.56
20,1476,MIDCAP,EQ,52683,31316,59.44
20,1477,MIDCAPETF,EQ,1467367,1126465,76.77
20,1478,MIDCAPIETF,EQ,400759,255651,63.79
20,1479,MIDHANI,EQ,725279,301973,41.64
20,1480,MIDQ50ADD,EQ,2396,1619,67.57
20,1481,MIDSELIETF,EQ,112039,75378,67.28
20,1482,MIDSMALL,EQ,228463,220822,96.66
20,1483,MILTON,SM,52800,39600,75.00
20,1484,MINDACORP,EQ,503045,317186,63.05
20,1485,MINDSPACE,RR,76254,65578,86.00
20,1486,MINDTECK,EQ,100963,65199,64.58
20,1487,MIRCELECTR,EQ,477360,426008,89.24
20,1488,MIRZAINT,EQ,246395,123477,50.11
20,1489,MITCON,EQ,32605,24728,75.84
20,1490,MITTAL,EQ,3846668,2849740,74.08
20,1491,M&M,EQ,2298974,1371903,59.67
20,1492,M&MFIN,EQ,2981757,1388593,46.57
20,1493,MMFL,EQ,50566,27071,53.54
20,1494,MMP,EQ,22724,12719,55.97
20,1495,MMTC,EQ,4877107,1430383,29.33
20,1496,MNC,EQ,48104,38113,79.23
20,1497,MOGSEC,EQ,11967,11594,96.88
20,1498,MOHEALTH,EQ,40663,32305,79.45
20,1499,MOHITIND,EQ,28063,21381,76.19
20,1500,MOIL,EQ,6711800,2171752,32.36
20,1501,MOL,EQ,971488,496547,51.11
20,1502,MOLDTECH,EQ,292386,173729,59.42
20,1503,MOLDTKPAC,EQ,21752,12922,59.41
20,1504,MOLOWVOL,EQ,80385,78990,98.26
20,1505,MOM100,EQ,248069,154979,62.47
20,1506,MOM30IETF,EQ,1015417,725546,71.45
20,1507,MOM50,EQ,13079,9756,74.59
20,1508,MOMENTUM,EQ,98718,73052,74.00
20,1509,MOMOMENTUM,EQ,118115,95568,80.91
20,1510,MON100,EQ,265971,192963,72.55
20,1511,MONARCH,EQ,32356,16667,51.51
20,1512,MONIFTY500,EQ,362193,289709,79.99
20,1513,MONOPHARMA,SM,4000,4000,100.00
20,1514,MONQ50,EQ,24064,13551,56.31
20,1515,MONTECARLO,EQ,31849,17098,53.68
20,1516,MOQUALITY,EQ,4429,3473,78.41
20,1517,MOREALTY,EQ,616265,608184,98.69
20,1518,MOREPENLAB,EQ,6703032,2176226,32.47
20,1519,MOS,SM,340800,104000,30.52
20,1520,MOSMALL250,EQ,376690,264728,70.28
20,1521,MOTHERSON,EQ,21366903,8366250,39.16
20,1522,MOTILALOFS,EQ,1070436,384697,35.94
20,1523,MOTISONS,EQ,245563,146859,59.81
20,1524,MOTOGENFIN,EQ,5220,3402,65.17
20,1525,MOVALUE,EQ,165444,125505,75.86
20,1526,MOXSH,SM,800,800,100.00
20,1527,MPHASIS,EQ,783817,375257,47.88
20,1528,MPSLTD,EQ,29357,14309,48.74
20,1529,MPTODAY,SM,4000,4000,100.00
20,1530,MRF,EQ,4595,1683,36.63
20,1531,MRPL,EQ,6699297,1501731,22.42
20,1532,MSPL,EQ,336259,280062,83.29
20,1533,MSTCLTD,EQ,171200,67119,39.21
20,1534,MSUMI,EQ,5165550,2756715,53.37
20,1535,MTARTECH,EQ,393039,158440,40.31
20,1536,MTNL,EQ,20715571,5694100,27.49
20,1537,MUFIN,EQ,826298,490306,59.34
20,1538,MUFTI,EQ,128577,76725,59.67
20,1539,MUKANDLTD,EQ,145161,76313,52.57
20,1540,MUKKA,EQ,544159,288658,53.05
20,1541,MUKTAARTS,EQ,14274,8918,62.48
20,1542,MUNJALAU,EQ,209171,116281,55.59
20,1543,MUNJALSHOW,EQ,89781,50256,55.98
20,1544,MURUDCERA,EQ,57097,38157,66.83
20,1545,MUTHOOTCAP,EQ,40192,23222,57.78
20,1546,MUTHOOTFIN,EQ,622637,306799,49.27
20,1547,MUTHOOTMF,EQ,255188,140696,55.13
20,1548,MVGJL,EQ,36013,20012,55.57
20,1549,MVKAGRO,SM,21600,18000,83.33
20,1550,MWL,SM,80400,52800,65.67
20,1551,NACLIND,EQ,295381,160665,54.39
20,1552,NAGAFERT,EQ,4504154,2535569,56.29
20,1553,NAGREEKCAP,EQ,10668,7994,74.93
20,1554,NAGREEKEXP,EQ,18195,9876,54.28
20,1555,NAHARCAP,EQ,14432,11754,81.44
20,1556,NAHARINDUS,EQ,77797,51468,66.16
20,1557,NAHARPOLY,EQ,36843,28079,76.21
20,1558,NAHARSPING,EQ,23427,11995,51.20
20,1559,NAMAN,SM,20800,17600,84.62
20,1560,NAM-INDIA,EQ,853706,523264,61.29
20,1561,NATCOPHARM,EQ,2755097,1109202,40.26
20,1562,NATHBIOGEN,EQ,142352,76661,53.85
20,1563,NATIONALUM,EQ,16050502,5656420,35.24
20,1564,NAUKRI,EQ,238057,146142,61.39
20,1565,NAVA,EQ,1715738,508350,29.63
20,1566,NAVINFLUOR,EQ,470032,174397,37.10
20,1567,NAVINIFTY,EQ,970,762,78.56
20,1568,NAVKARCORP,EQ,1026460,416577,40.58
20,1569,NAVNETEDUL,EQ,340924,185904,54.53
20,1570,NAZARA,EQ,1307276,478881,36.63
20,1571,NBCC,EQ,117032681,32912040,28.12
20,1572,NBIFIN,EQ,504,439,87.10
20,1573,NCC,EQ,7682848,3206753,41.74
20,1574,NCLIND,EQ,548467,305995,55.79
20,1575,NDGL,EQ,103,80,77.67
20,1576,NDL,EQ,3445357,2309996,67.05
20,1577,NDLVENTURE,EQ,12667,8585,67.77
20,1578,NDRAUTO,EQ,9402,6231,66.27
20,1579,NDRINVIT,IV,400000,400000,100.00
20,1580,NDTV,EQ,363462,147567,40.60
20,1581,NECCLTD,EQ,379058,285205,75.24
20,1582,NECLIFE,EQ,400993,227113,56.64
20,1583,NELCAST,EQ,125098,49580,39.63
20,1584,NELCO,EQ,700749,192376,27.45
20,1585,NEOGEN,EQ,39728,18506,46.58
20,1586,NESCO,EQ,59720,37163,62.23
20,1587,NESTLEIND,EQ,569411,305674,53.68
20,1588,NETF,EQ,4722,3393,71.86
20,1589,NETWEB,EQ,194639,97702,50.20
20,1590,NETWORK18,EQ,2813112,1600625,56.90
20,1591,NEULANDLAB,EQ,45625,29144,63.88
20,1592,NEWGEN,EQ,105687,67306,63.68
20,1593,NEWJAISA,SM,27000,19500,72.22
20,1594,NEXT50,EQ,8751,6296,71.95
20,1595,NEXT50IETF,EQ,261200,177214,67.85
20,1596,NEXTMEDIA,EQ,10555,6769,64.13
20,1597,NFL,EQ,10829225,3530052,32.60
20,1598,NGIL,EQ,454755,119101,26.19
20,1599,NGLFINE,EQ,1760,1009,57.33
20,1600,NH,EQ,717578,479586,66.83
20,1601,NHPC,EQ,68234398,20187046,29.58
20,1602,NIACL,EQ,2888318,681072,23.58
20,1603,NIBL,EQ,25129,16595,66.04
20,1604,NIDAN,SM,11000,10000,90.91
20,1605,NIF100BEES,EQ,31261,25007,79.99
20,1606,NIF100IETF,EQ,242382,194816,80.38
20,1607,NIF10GETF,EQ,2010,1975,98.26
20,1608,NIF5GETF,EQ,1,1,100.00
20,1609,NIFITETF,EQ,701,585,83.45
20,1610,NIFMID150,EQ,705,442,62.70
20,1611,NIFTY1,EQ,155265,112737,72.61
20,1612,NIFTY50ADD,EQ,8206,5572,67.90
20,1613,NIFTYBEES,EQ,5202122,3048764,58.61
20,1614,NIFTYBETF,EQ,2008,1816,90.44
20,1615,NIFTYETF,EQ,392551,359299,91.53
20,1616,NIFTYIETF,EQ,271827,157646,57.99
20,1617,NIFTYQLITY,EQ,32733,26036,79.54
20,1618,NIITLTD,EQ,325755,116331,35.71
20,1619,NIITMTS,EQ,248054,170576,68.77
20,1620,NILAINFRA,EQ,364672,288729,79.17
20,1621,NILKAMAL,EQ,12184,7617,62.52
20,1622,NINSYS,EQ,13181,6749,51.20
20,1623,NIPPOBATRY,EQ,9770,5756,58.92
20,1624,NIRAJ,EQ,62476,27893,44.65
20,1625,NIRMAN,SM,23400,15000,64.10
20,1626,NITINSPIN,EQ,75413,43284,57.40
20,1627,NKIND,EQ,22389,1059,4.73
20,1628,NLCINDIA,EQ,3431946,1310061,38.17
20,1629,NMDC,EQ,6642572,2286483,34.42
20,1630,NOCIL,EQ,1062777,463660,43.63
20,1631,NOIDATOLL,EQ,774264,518829,67.01
20,1632,NORBTEAEXP,EQ,3874,2849,73.54
20,1633,NOVAAGRI,EQ,8868474,2704262,30.49
20,1634,NPBET,EQ,1119,701,62.65
20,1635,NPST,SM,65300,40700,62.33
20,1636,NRAIL,EQ,4676,2739,58.58
20,1637,NRBBEARING,EQ,341734,230500,67.45
20,1638,NRL,EQ,151723,89602,59.06
20,1639,NSIL,EQ,1294,839,64.84
20,1640,NSLNISP,EQ,6883947,2722258,39.55
20,1641,NTPC,EQ,11235777,5513242,49.07
20,1642,NUCLEUS,EQ,33412,18311,54.80
20,1643,NURECA,EQ,28292,15217,53.79
20,1644,NUVAMA,EQ,33899,17354,51.19
20,1645,NUVOCO,EQ,614022,175729,28.62
20,1646,NV20,EQ,14467,8243,56.98
20,1647,NV20BEES,EQ,43374,41585,95.88
20,1648,NV20IETF,EQ,420895,289727,68.84
20,1649,NXST,RR,206778,148746,71.94
20,1650,NYKAA,EQ,8030725,4638656,57.76
20,1651,OAL,EQ,28900,18701,64.71
20,1652,OBCL,EQ,43346,32254,74.41
20,1653,OBEROIRLTY,EQ,1352283,827857,61.22
20,1654,OCCL,EQ,50851,34344,67.54
20,1655,OFSS,EQ,118275,33294,28.15
20,1656,OIL,EQ,5641445,1455525,25.80
20,1657,OLECTRA,EQ,1046935,269051,25.70
20,1658,OMAXE,EQ,137992,75611,54.79
20,1659,OMINFRAL,EQ,2611667,2260686,86.56
20,1660,ONDOOR,SM,23400,12000,51.28
20,1661,ONEPOINT,EQ,967550,564623,58.36
20,1662,ONGC,EQ,47270206,14612161,30.91
20,1663,ONMOBILE,EQ,713646,330071,46.25
20,1664,ONWARDTEC,EQ,55258,30727,55.61
20,1665,OPTIEMUS,EQ,82975,42231,50.90
20,1666,ORBTEXP,EQ,11683,8019,68.64
20,1667,ORCHPHARMA,EQ,25816,17643,68.34
20,1668,ORIANA,SM,244650,123900,50.64
20,1669,ORICONENT,EQ,291342,126786,43.52
20,1670,ORIENTALTL,EQ,474393,190973,40.26
20,1671,ORIENTBELL,EQ,47324,33162,70.07
20,1672,ORIENTCEM,EQ,518079,242938,46.89
20,1673,ORIENTCER,EQ,160951,72504,45.05
20,1674,ORIENTELEC,EQ,1134323,723133,63.75
20,1675,ORIENTHOT,EQ,240350,101933,42.41
20,1676,ORIENTLTD,EQ,204326,118274,57.88
20,1677,ORIENTPPR,EQ,1226032,437577,35.69
20,1678,ORISSAMINE,EQ,30187,11127,36.86
20,1679,ORTINLAB,EQ,26473,22725,85.84
20,1680,OSWALAGRO,EQ,99071,59340,59.90
20,1681,OSWALGREEN,EQ,308041,158503,51.46
20,1682,OWAIS,SM,56000,46400,82.86
20,1683,PAGEIND,EQ,18652,10384,55.67
20,1684,PAISALO,EQ,1051008,650648,61.91
20,1685,PAKKA,EQ,127942,71595,55.96
20,1686,PALASHSECU,EQ,3888,2164,55.66
20,1687,PANACEABIO,EQ,109208,56670,51.89
20,1688,PANACHE,EQ,214938,109282,50.84
20,1689,PANAMAPET,EQ,85585,43382,50.69
20,1690,PANSARI,EQ,32702,17459,53.39
20,1691,PAR,EQ,20167,13831,68.58
20,1692,PARADEEP,EQ,4849953,1970128,40.62
20,1693,PARAGMILK,EQ,723945,189203,26.13
20,1694,PARAGON,SM,10800,7200,66.67
20,1695,PARAS,EQ,483988,176955,36.56
20,1696,PARIN,SM,48000,45000,93.75
20,1697,PARKHOTELS,EQ,832304,606456,72.86
20,1698,PARSVNATH,EQ,543729,376475,69.24
20,1699,PARTYCRUS,SM,12000,7000,58.33
20,1700,PASHUPATI,SM,81600,75200,92.16
20,1701,PASUPTAC,EQ,213400,85892,40.25
20,1702,PATANJALI,EQ,580933,274454,47.24
20,1703,PATELENG,EQ,17655937,7591336,43.00
20,1704,PATINTLOG,EQ,283942,143336,50.48
20,1705,PATTECH,ST,1500,1500,100.00
20,1706,PAVNAIND,EQ,22662,11356,50.11
20,1707,PAYTM,EQ,2837645,1430210,50.40
20,1708,PCBL,EQ,1445208,682535,47.23
20,1709,PCJEWELLER,EQ,1721356,915176,53.17
20,1710,PDMJEPAPER,EQ,2732102,700941,25.66
20,1711,PDSL,EQ,102072,48318,47.34
20,1712,PEL,EQ,1774541,720950,40.63
20,1713,PENIND,EQ,3279770,1114470,33.98
20,1714,PENINLAND,EQ,2605639,940178,36.08
20,1715,PERFECT,SM,330000,186000,56.36
20,1716,PERSISTENT,EQ,586636,304316,51.87
20,1717,PETRONET,EQ,10540526,4745563,45.02
20,1718,PFC,EQ,20122639,7981720,39.67
20,1719,PFIZER,EQ,19697,15984,81.15
20,1720,PFOCUS,EQ,107457,51325,47.76
20,1721,PFS,EQ,1404751,820721,58.42
20,1722,PGEL,EQ,133680,64981,48.61
20,1723,PGHH,EQ,3790,1872,49.39
20,1724,PGHL,EQ,5724,4127,72.10
20,1725,PGIL,EQ,10406,5520,53.05
20,1726,PGINVIT,IV,597446,536511,89.80
20,1727,PHANTOMFX,SM,20700,15000,72.46
20,1728,PHARMABEES,EQ,12150083,11188220,92.08
20,1729,PHOENIXLTD,EQ,296903,181665,61.19
20,1730,PIDILITIND,EQ,328933,204018,62.02
20,1731,PIIND,EQ,502872,327007,65.03
20,1732,PILANIINVS,EQ,2794,1901,68.04
20,1733,PILITA,EQ,313335,205905,65.71
20,1734,PIONEEREMB,EQ,52311,40261,76.96
20,1735,PITTIENG,EQ,87891,49861,56.73
20,1736,PIXTRANS,EQ,9136,4732,51.80
20,1737,PKTEA,EQ,185,114,61.62
20,1738,PLADAINFO,SM,3000,3000,100.00
20,1739,PLASTIBLEN,EQ,23091,14877,64.43
20,1740,PLATIND,EQ,350601,144741,41.28
20,1741,PLAZACABLE,EQ,154254,77327,50.13
20,1742,PNB,EQ,22932643,7715229,33.64
20,1743,PNBGILTS,EQ,4711665,890407,18.90
20,1744,PNBHOUSING,EQ,4061676,1593241,39.23
20,1745,PNC,EQ,49887,23831,47.77
20,1746,PNCINFRA,EQ,8525362,3726778,43.71
20,1747,POCL,EQ,38371,24689,64.34
20,1748,PODDARMENT,EQ,17470,10300,58.96
20,1749,POKARNA,EQ,148003,55818,37.71
20,1750,POLICYBZR,EQ,562593,365381,64.95
20,1751,POLYCAB,EQ,435671,169170,38.83
20,1752,POLYMED,EQ,250255,214090,85.55
20,1753,POLYPLEX,EQ,242920,115075,47.37
20,1754,POLYSIL,SM,12000,8000,66.67
20,1755,PONNIERODE,EQ,485668,137858,28.39
20,1756,POONAWALLA,EQ,6557336,2861004,43.63
20,1757,POWERGRID,EQ,12238518,6916441,56.51
20,1758,POWERINDIA,EQ,35729,18908,52.92
20,1759,POWERMECH,EQ,35877,22875,63.76
20,1760,PPAP,EQ,13276,9908,74.63
20,1761,PPL,EQ,130884,65711,50.21
20,1762,PPLPHARMA,EQ,5327435,2441907,45.84
20,1763,PRAJIND,EQ,2832949,1026763,36.24
20,1764,PRAKASH,EQ,599130,239758,40.02
20,1765,PRAMARA,SM,12000,10000,83.33
20,1766,PRATHAM,SM,206400,115200,55.81
20,1767,PRECAM,EQ,116024,57302,49.39
20,1768,PRECISION,SM,38000,32000,84.21
20,1769,PRECOT,EQ,11771,10548,89.61
20,1770,PRECWIRE,EQ,2647247,876219,33.10
20,1771,PREMEXPLN,EQ,202888,60899,30.02
20,1772,PREMIERPOL,EQ,24899,12792,51.38
20,1773,PRESSTONIC,SM,20800,14400,69.23
20,1774,PRESTIGE,EQ,979758,404831,41.32
20,1775,PRICOLLTD,EQ,218829,121893,55.70
20,1776,PRIMESECU,EQ,89163,52589,58.98
20,1777,PRINCEPIPE,EQ,513263,185174,36.08
20,1778,PRITI,EQ,41358,28727,69.46
20,1779,PRITIKA,SM,18000,14000,77.78
20,1780,PRITIKAUTO,EQ,306347,219787,71.74
20,1781,PRIVISCL,EQ,45029,33079,73.46
20,1782,PRLIND,SM,1160000,564000,48.62
20,1783,PROLIFE,SM,2000,2000,100.00
20,1784,PROPEQUITY,SM,5400,5400,100.00
20,1785,PROV,SM,1120,1120,100.00
20,1786,PROZONER,EQ,1124251,449380,39.97
20,1787,PRSMJOHNSN,EQ,204039,84125,41.23
20,1788,PRUDENT,EQ,58961,29337,49.76
20,1789,PSB,EQ,2128963,573280,26.93
20,1790,PSPPROJECT,EQ,286181,245818,85.90
20,1791,PSUBANK,EQ,42012,23413,55.73
20,1792,PSUBANKADD,EQ,27193,16745,61.58
20,1793,PSUBNKBEES,EQ,1900058,1114919,58.68
20,1794,PSUBNKIETF,EQ,192502,101873,52.92
20,1795,PTC,EQ,2943762,1422454,48.32
20,1796,PTCIL,EQ,16439,7596,46.21
20,1797,PTL,EQ,67485,47215,69.96
20,1798,PULZ,SM,6000,4000,66.67
20,1799,PUNJABCHEM,EQ,15116,8464,55.99
20,1800,PURVFLEXI,SM,3200,3200,100.00
20,1801,PVP,EQ,110760,110760,100.00
20,1802,PVRINOX,EQ,999571,533670,53.39
20,1803,PVSL,EQ,70363,42819,60.85
20,1804,PVTBANIETF,EQ,666042,439186,65.94
20,1805,PVTBANKADD,EQ,114156,86421,75.70
20,1806,PYRAMID,EQ,72558,41625,57.37
20,1807,QGOLDHALF,EQ,27122,18054,66.57
20,1808,QMSMEDI,SM,14000,9000,64.29
20,1809,QNIFTY,EQ,166,122,73.49
20,1810,QUADPRO,SM,24000,24000,100.00
20,1811,QUAL30IETF,EQ,327327,245110,74.88
20,1812,QUESS,EQ,162988,81530,50.02
20,1813,QUESTLAB,SM,68400,57600,84.21
20,1814,QUICKHEAL,EQ,95135,59528,62.57
20,1815,QUICKTOUCH,SM,8000,6500,81.25
20,1816,RACE,EQ,25250,18494,73.24
20,1817,RADHIKAJWE,EQ,414242,204518,49.37
20,1818,RADIANTCMS,EQ,184900,108857,58.87
20,1819,RADICO,EQ,137067,88981,64.92
20,1820,RADIOCITY,EQ,550912,249309,45.25
20,1821,RADIOCITY,P1,1218,1218,100.00
20,1822,RADIOWALLA,SM,27200,22400,82.35
20,1823,RAILTEL,EQ,17289442,3375897,19.53
20,1824,RAIN,EQ,1425207,614103,43.09
20,1825,RAINBOW,EQ,115858,71148,61.41
20,1826,RAJESHEXPO,EQ,382669,203809,53.26
20,1827,RAJRATAN,EQ,41858,23169,55.35
20,1828,RAJSREESUG,EQ,1399792,717642,51.27
20,1829,RALLIS,EQ,4285829,811875,18.94
20,1830,RAMANEWS,EQ,66456,39094,58.83
20,1831,RAMAPHO,EQ,17128,8721,50.92
20,1832,RAMASTEEL,EQ,16063800,5745994,35.77
20,1833,RAMCOCEM,EQ,3145688,1390203,44.19
20,1834,RAMCOIND,EQ,282811,132151,46.73
20,1835,RAMKY,EQ,197621,78316,39.63
20,1836,RAMRAT,EQ,57499,31206,54.27
20,1837,RANASUG,EQ,5234602,2093381,39.99
20,1838,RANEENGINE,EQ,17839,13435,75.31
20,1839,RANEHOLDIN,EQ,10713,6240,58.25
20,1840,RATEGAIN,EQ,213324,135429,63.49
20,1841,RATNAMANI,EQ,130039,113302,87.13
20,1842,RATNAVEER,EQ,308876,172661,55.90
20,1843,RAYMOND,EQ,289307,75577,26.12
20,1844,RBA,EQ,1473144,448716,30.46
20,1845,RBL,EQ,19906,8995,45.19
20,1846,RBLBANK,EQ,3570271,1053100,29.50
20,1847,RBMINFRA,SM,16200,11800,72.84
20,1848,RBS,SM,20800,17600,84.62
20,1849,RCDL,SM,45000,33000,73.33
20,1850,RCF,EQ,6859835,2358261,34.38
20,1851,RECLTD,EQ,21774755,6498946,29.85
20,1852,REDINGTON,EQ,2200798,698851,31.75
20,1853,REDTAPE,EQ,59871,31387,52.42
20,1854,REFEX,EQ,687579,285474,41.52
20,1855,REFRACTORY,SM,408000,212000,51.96
20,1856,RELAXO,EQ,55303,33867,61.24
20,1857,RELCHEMQ,EQ,7574,3178,41.96
20,1858,RELIABLE,SM,4800,4800,100.00
20,1859,RELIANCE,EQ,5887451,4001727,67.97
20,1860,RELIGARE,EQ,502297,230520,45.89
20,1861,RELINFRA,EQ,8021216,2222742,27.71
20,1862,REMSONSIND,EQ,1903,1072,56.33
20,1863,REMUS,SM,2400,2100,87.50
20,1864,RENUKA,EQ,30240741,7798561,25.79
20,1865,REPCOHOME,EQ,416584,205207,49.26
20,1866,REPL,EQ,14199,4974,35.03
20,1867,REPRO,EQ,12737,6975,54.76
20,1868,RESPONIND,EQ,202127,54149,26.79
20,1869,REXPIPES,SM,8000,8000,100.00
20,1870,RGL,EQ,98730,26855,27.20
20,1871,RHIM,EQ,147390,99121,67.25
20,1872,RHL,EQ,15710,6715,42.74
20,1873,RICHA,SM,1000,1000,100.00
20,1874,RICOAUTO,EQ,1959383,844072,43.08
20,1875,RIIL,EQ,2997382,450183,15.02
20,1876,RILINFRA,SM,505600,179700,35.54
20,1877,RISHABH,EQ,45043,20571,45.67
20,1878,RITCO,EQ,196538,85691,43.60
20,1879,RITES,EQ,2118089,601785,28.41
20,1880,RITEZONE,SM,12800,9600,75.00
20,1881,RKDL,EQ,45285,30187,66.66
20,1882,RKEC,EQ,105267,45085,42.83
20,1883,RKFORGE,EQ,321830,190268,59.12
20,1884,RKSWAMY,EQ,72039,38106,52.90
20,1885,RMDRIP,SM,58000,58000,100.00
20,1886,RML,EQ,11106,5554,50.01
20,1887,ROCKINGDCE,SM,16500,7000,42.42
20,1888,ROHLTD,EQ,83130,47917,57.64
20,1889,ROLEXRINGS,EQ,52711,43606,82.73
20,1890,ROSSARI,EQ,93426,54832,58.69
20,1891,ROSSELLIND,EQ,45463,24215,53.26
20,1892,ROTO,EQ,93678,51503,54.98
20,1893,ROUTE,EQ,53996,24144,44.71
20,1894,ROXHITECH,SM,112000,80000,71.43
20,1895,RPGLIFE,EQ,25573,12994,50.81
20,1896,RPOWER,EQ,140165379,58207237,41.53
20,1897,RPPL,EQ,137610,109802,79.79
20,1898,RPSGVENT,EQ,31097,14923,47.99
20,1899,RPTECH,EQ,205305,110949,54.04
20,1900,RRKABEL,EQ,60624,27808,45.87
20,1901,RSWM,EQ,57126,32026,56.06
20,1902,RSYSTEMS,EQ,107863,53976,50.04
20,1903,RTNINDIA,EQ,2607872,819432,31.42
20,1904,RUBYMILLS,EQ,8219,4716,57.38
20,1905,RUCHINFRA,EQ,137907,110425,80.07
20,1906,RUCHIRA,EQ,110922,64116,57.80
20,1907,RULKA,SM,156000,115200,73.85
20,1908,RUPA,EQ,76189,33744,44.29
20,1909,RUSHIL,EQ,60676,27630,45.54
20,1910,RUSTOMJEE,EQ,7834,4136,52.80
20,1911,RVHL,EQ,19776,13252,67.01
20,1912,RVNL,EQ,43435702,12679053,29.19
20,1913,SAAKSHI,SM,17400,16800,96.55
20,1914,SABAR,SM,10000,10000,100.00
20,1915,SADBHIN,EQ,329179,255807,77.71
20,1916,SADHAV,SM,25200,20400,80.95
20,1917,SADHNANIQ,EQ,258278,148073,57.33
20,1918,SAFARI,EQ,28533,15931,55.83
20,1919,SAGARDEEP,EQ,19882,14933,75.11
20,1920,SAGCEM,EQ,676965,303373,44.81
20,1921,SAH,EQ,77602,40763,52.53
20,1922,SAHAJ,SM,4000,4000,100.00
20,1923,SAHANA,SM,1250,1250,100.00
20,1924,SAHYADRI,EQ,37980,16962,44.66
20,1925,SAIFL,SM,16000,12800,80.00
20,1926,SAIL,EQ,20500708,8318765,40.58
20,1927,SAKAR,EQ,10506,4264,40.59
20,1928,SAKHTISUG,EQ,2108290,758238,35.96
20,1929,SAKSOFT,EQ,143140,85774,59.92
20,1930,SAKUMA,EQ,19105961,6119508,32.03
20,1931,SALASAR,EQ,5975230,4534143,75.88
20,1932,SALONA,EQ,10096,8778,86.95
20,1933,SALZERELEC,EQ,150827,49646,32.92
20,1934,SAMBHAAV,EQ,35692,25361,71.06
20,1935,SAMHI,EQ,767048,337722,44.03
20,1936,SAMPANN,EQ,21188,17003,80.25
20,1937,SANDESH,EQ,1969,1362,69.17
20,1938,SANDHAR,EQ,64295,37050,57.63
20,1939,SANDUMA,EQ,153201,73049,47.68
20,1940,SANGAMIND,EQ,20934,15123,72.24
20,1941,SANGANI,SM,6000,3000,50.00
20,1942,SANGHIIND,EQ,418827,270999,64.70
20,1943,SANGHVIMOV,EQ,236628,127846,54.03
20,1944,SANGINITA,EQ,3852067,1947290,50.55
20,1945,SANOFI,EQ,56117,22809,40.65
20,1946,SANSERA,EQ,1092180,639111,58.52
20,1947,SAPPHIRE,EQ,39121,25791,65.93
20,1948,SARDAEN,EQ,435102,210088,48.28
20,1949,SAREGAMA,EQ,228483,118616,51.91
20,1950,SARLAPOLY,EQ,592126,315416,53.27
20,1951,SAROJA,SM,8000,6400,80.00
20,1952,SARTELE,SM,155000,106500,68.71
20,1953,SARVESHWAR,EQ,2178466,1522952,69.91
20,1954,SASKEN,EQ,11338,5601,49.40
20,1955,SASTASUNDR,EQ,478435,199148,41.62
20,1956,SATIA,EQ,251429,145929,58.04
20,1957,SATIN,EQ,260765,124742,47.84
20,1958,SATINDLTD,EQ,462104,180583,39.08
20,1959,SAURASHCEM,EQ,248494,138513,55.74
20,1960,SBC,EQ,2228656,884878,39.70
20,1961,SBCL,EQ,179813,107244,59.64
20,1962,SBFC,EQ,1051895,436151,41.46
20,1963,SBGLP,EQ,292056,149633,51.23
20,1964,SBICARD,EQ,1119119,476147,42.55
20,1965,SBIETFCON,EQ,16047,11299,70.41
20,1966,SBIETFIT,EQ,12827,7143,55.69
20,1967,SBIETFPB,EQ,10538,9197,87.27
20,1968,SBIETFQLTY,EQ,3981,3724,93.54
20,1969,SBILIFE,EQ,991450,458751,46.27
20,1970,SBIN,EQ,14754408,5608419,38.01
20,1971,SCHAEFFLER,EQ,244416,115306,47.18
20,1972,SCHAND,EQ,75754,39036,51.53
20,1973,SCHNEIDER,EQ,101865,100052,98.22
20,1974,SCI,EQ,3652489,953600,26.11
20,1975,SCILAL,EQ,2190657,946269,43.20
20,1976,SCML,SM,24000,22000,91.67
20,1977,SCPL,EQ,983047,210825,21.45
20,1978,SDBL,EQ,717010,422535,58.93
20,1979,SDL24BEES,EQ,1986,1985,99.95
20,1980,SDL26BEES,EQ,1266,1234,97.47
20,1981,SEAMECLTD,EQ,61519,42392,68.91
20,1982,SECURCRED,EQ,682625,433707,63.54
20,1983,SEL,SM,20400,14000,68.63
20,1984,SELAN,EQ,47500,23946,50.41
20,1985,SELMC,EQ,32117,21369,66.53
20,1986,SENCO,EQ,126066,66477,52.73
20,1987,SENSEXADD,EQ,1193,727,60.94
20,1988,SENSEXETF,EQ,8904,5911,66.39
20,1989,SENSEXIETF,EQ,3389,2585,76.28
20,1990,SEPC,EQ,20676148,9245111,44.71
20,1991,SEQUENT,EQ,1475134,420402,28.50
20,1992,SERVICE,SM,2000,2000,100.00
20,1993,SERVOTECH,EQ,283191,195904,69.18
20,1994,SESHAPAPER,EQ,44748,26787,59.86
20,1995,SETF10GILT,EQ,8768,8529,97.27
20,1996,SETFGOLD,EQ,528687,335217,63.41
20,1997,SETFNIF50,EQ,767567,614452,80.05
20,1998,SETFNIFBK,EQ,126788,115575,91.16
20,1999,SETFNN50,EQ,22005,15165,68.92
20,2000,SFL,EQ,167828,89411,53.28
20,2001,SFLZC26A,ZC,17,17,100.00
20,2002,SGBAPR28I,GB,469,297,63.33
20,2003,SGBAUG24,GB,200,156,78.00
20,2004,SGBAUG27,GB,279,226,81.00
20,2005,SGBAUG28V,GB,1135,428,37.71
20,2006,SGBAUG29V,GB,34,33,97.06
20,2007,SGBAUG30,GB,160,119,74.38
20,2008,SGBD29VIII,GB,64,64,100.00
20,2009,SGBDC27VII,GB,22,22,100.00
20,2010,SGBDE30III,GB,119,86,72.27
20,2011,SGBDE31III,GB,3820,3010,78.80
20,2012,SGBFEB27,GB,1,1,100.00
20,2013,SGBFEB28IX,GB,62,32,51.61
20,2014,SGBFEB29XI,GB,32,20,62.50
20,2015,SGBFEB32IV,GB,1284,1122,87.38
20,2016,SGBJ28VIII,GB,111,111,100.00
20,2017,SGBJAN26,GB,2,2,100.00
20,2018,SGBJAN29IX,GB,587,383,65.25
20,2019,SGBJAN29X,GB,29,26,89.66
20,2020,SGBJAN30IX,GB,104,98,94.23
20,2021,SGBJU29III,GB,442,423,95.70
20,2022,SGBJUL25,GB,48,37,77.08
20,2023,SGBJUL27,GB,24,16,66.67
20,2024,SGBJUL28IV,GB,402,349,86.82
20,2025,SGBJUL29IV,GB,261,195,74.71
20,2026,SGBJUN28,GB,9,9,100.00
20,2027,SGBJUN29II,GB,145,139,95.86
20,2028,SGBJUN30,GB,100,86,86.00
20,2029,SGBJUN31I,GB,293,262,89.42
20,2030,SGBMAR25,GB,160,129,80.63
20,2031,SGBMAR28X,GB,37,37,100.00
20,2032,SGBMAR30X,GB,15,15,100.00
20,2033,SGBMAR31IV,GB,185,173,93.51
20,2034,SGBMAY25,GB,121,63,52.07
20,2035,SGBMAY26,GB,22,22,100.00
20,2036,SGBMAY28,GB,203,143,70.44
20,2037,SGBMAY29I,GB,2128,1646,77.35
20,2038,SGBMR29XII,GB,137,127,92.70
20,2039,SGBN28VIII,GB,44,32,72.73
20,2040,SGBNOV24,GB,41,28,68.29
20,2041,SGBNOV25,GB,6,6,100.00
20,2042,SGBNOV258,GB,2,2,100.00
20,2043,SGBNOV25IX,GB,9,9,100.00
20,2044,SGBNOV26,GB,2,2,100.00
20,2045,SGBNV29VII,GB,99,76,76.77
20,2046,SGBOC28VII,GB,59,51,86.44
20,2047,SGBOCT25,GB,13,13,100.00
20,2048,SGBOCT25V,GB,1,1,100.00
20,2049,SGBOCT27,GB,43,36,83.72
20,2050,SGBOCT27VI,GB,1,1,100.00
20,2051,SGBSEP24,GB,207,193,93.24
20,2052,SGBSEP28VI,GB,251,175,69.72
20,2053,SGBSEP29VI,GB,230,149,64.78
20,2054,SGBSEP31II,GB,1321,854,64.65
20,2055,SGIL,EQ,45903,28783,62.70
20,2056,SGL,EQ,53969,36770,68.13
20,2057,SHAH,EQ,1728607,1071994,62.01
20,2058,SHAHALLOYS,EQ,44385,26554,59.83
20,2059,SHAILY,EQ,25295,14097,55.73
20,2060,SHALBY,EQ,212117,107577,50.72
20,2061,SHALPAINTS,EQ,144391,94835,65.68
20,2062,SHANKARA,EQ,52795,32652,61.85
20,2063,SHANTIGEAR,EQ,22366,10595,47.37
20,2064,SHARDACROP,EQ,161889,85084,52.56
20,2065,SHARDAMOTR,EQ,89644,46875,52.29
20,2066,SHAREINDIA,EQ,90609,39852,43.98
20,2067,SHAREINDIA,W1,540,489,90.56
20,2068,SHARIABEES,EQ,4177,2857,68.40
20,2069,SHEETAL,ST,16000,16000,100.00
20,2070,SHEMAROO,EQ,29269,15096,51.58
20,2071,SHERA,SM,8000,8000,100.00
20,2072,SHIGAN,SM,4500,3000,66.67
20,2073,SHILPAMED,EQ,168988,89602,53.02
20,2074,SHIVALIK,EQ,9167,5012,54.67
20,2075,SHIVAMAUTO,EQ,705967,297070,42.08
20,2076,SHIVAMILLS,EQ,9466,5939,62.74
20,2077,SHIVATEX,EQ,56087,40012,71.34
20,2078,SHK,EQ,389461,227283,58.36
20,2079,SHOPERSTOP,EQ,12340,6203,50.27
20,2080,SHRADHA,EQ,88602,63926,72.15
20,2081,SHREDIGCEM,EQ,457700,258793,56.54
20,2082,SHREECEM,EQ,41867,23854,56.98
20,2083,SHREEKARNI,SM,211200,116400,55.11
20,2084,SHREEOSFM,SM,28000,25000,89.29
20,2085,SHREEPUSHK,EQ,128471,64693,50.36
20,2086,SHRENIK,EQ,4592686,2309464,50.29
20,2087,SHREYANIND,EQ,72895,53164,72.93
20,2088,SHREYAS,EQ,77055,30622,39.74
20,2089,SHRIPISTON,EQ,93964,52520,55.89
20,2090,SHRIRAMFIN,EQ,936270,467796,49.96
20,2091,SHRIRAMPPS,EQ,1609466,847603,52.66
20,2092,SHRITECH,SM,50000,34000,68.00
20,2093,SHUBHLAXMI,SM,92000,92000,100.00
20,2094,SHYAMMETL,EQ,351271,199776,56.87
20,2095,SIDDHIKA,SM,2000,2000,100.00
20,2096,SIEMENS,EQ,414459,192959,46.56
20,2097,SIGACHI,EQ,1418190,897074,63.25
20,2098,SIGIND,EQ,290174,138621,47.77
20,2099,SIGMA,EQ,8430,5356,63.53
20,2100,SIGNATURE,EQ,448926,39280,8.75
20,2101,SIGNORIA,SM,2000,2000,100.00
20,2102,SIGNPOST,EQ,168183,83114,49.42
20,2103,SIKKO,EQ,239085,94753,39.63
20,2104,SIL,EQ,149071,100665,67.53
20,2105,SILGO,EQ,17573,6372,36.26
20,2106,SILINV,EQ,3351,2767,82.57
20,2107,SILKFLEX,SM,82000,80000,97.56
20,2108,SILLYMONKS,EQ,3035,2065,68.04
20,2109,SILVER,EQ,260852,209584,80.35
20,2110,SILVER1,EQ,65737,60269,91.68
20,2111,SILVERADD,EQ,15529,13891,89.45
20,2112,SILVERBEES,EQ,10858960,8744743,80.53
20,2113,SILVERETF,EQ,268447,244404,91.04
20,2114,SILVERIETF,EQ,1257307,977854,77.77
20,2115,SILVERTUC,EQ,23584,5796,24.58
20,2116,SILVRETF,EQ,30472,28208,92.57
20,2117,SIMBHALS,EQ,473477,259403,54.79
20,2118,SINCLAIR,EQ,53853,29625,55.01
20,2119,SINDHUTRAD,EQ,398129,247256,62.10
20,2120,SINTERCOM,EQ,75646,63977,84.57
20,2121,SIRCA,EQ,67844,40064,59.05
20,2122,SIS,EQ,40972,20789,50.74
20,2123,SIYSIL,EQ,64964,36149,55.64
20,2124,SJLOGISTIC,SM,35500,31000,87.32
20,2125,SJS,EQ,108116,64611,59.76
20,2126,SJVN,EQ,12882797,4250084,32.99
20,2127,SKFINDIA,EQ,21299,8460,39.72
20,2128,SKIPPER,EQ,2766681,1224524,44.26
20,2129,SKIPPERPP,E1,80533,68037,84.48
20,2130,SKMEGGPROD,EQ,145541,54295,37.31
20,2131,SKP,SM,20500,16500,80.49
20,2132,SLONE,SM,131200,76800,58.54
20,2133,SMALLCAP,EQ,435095,348395,80.07
20,2134,SMCGLOBAL,EQ,464014,206412,44.48
20,2135,SMLISUZU,EQ,25988,14275,54.93
20,2136,SMLT,EQ,43142,28038,64.99
20,2137,SMSLIFE,EQ,4234,2736,64.62
20,2138,SMSPHARMA,EQ,117701,65417,55.58
20,2139,SNOWMAN,EQ,1036646,482549,46.55
20,2140,SOBHA,EQ,102801,43027,41.85
20,2141,SOFTTECH,EQ,7806,5169,66.22
20,2142,SOLARA,EQ,107957,49797,46.13
20,2143,SOLARINDS,EQ,110610,44128,39.90
20,2144,SOLEX,SM,20400,13400,65.69
20,2145,SOMANYCERA,EQ,62133,39760,63.99
20,2146,SOMICONVEY,EQ,51413,17367,33.78
20,2147,SONACOMS,EQ,506267,319908,63.19
20,2148,SONAMAC,SM,109000,71000,65.14
20,2149,SONAMLTD,EQ,95234,16515,17.34
20,2150,SONATSOFTW,EQ,333018,171534,51.51
20,2151,SONUINFRA,SM,66000,45000,68.18
20,2152,SOTL,EQ,159339,93023,58.38
20,2153,SOUTHBANK,EQ,16644872,7877126,47.32
20,2154,SOUTHWEST,EQ,213428,57054,26.73
20,2155,SPAL,EQ,25517,14419,56.51
20,2156,SPANDANA,EQ,180178,102251,56.75
20,2157,SPARC,EQ,1583834,816439,51.55
20,2158,SPCENET,EQ,1731468,1331115,76.88
20,2159,SPECIALITY,EQ,46729,30393,65.04
20,2160,SPECTRUM,SM,12375,9625,77.78
20,2161,SPECTSTM,SM,20800,12800,61.54
20,2162,SPENCERS,EQ,133999,69028,51.51
20,2163,SPIC,EQ,2563521,704340,27.48
20,2164,SPLIL,EQ,27833,18753,67.38
20,2165,SPLPETRO,EQ,336072,169056,50.30
20,2166,SPMLINFRA,EQ,129680,111230,85.77
20,2167,SPORTKING,EQ,6930,5251,75.77
20,2168,SPRL,ST,1600,1600,100.00
20,2169,SREEL,EQ,22477,9477,42.16
20,2170,SRF,EQ,329672,160151,48.58
20,2171,SRGHFL,EQ,9379,6085,64.88
20,2172,SRHHYPOLTD,EQ,29289,16007,54.65
20,2173,SRIVASAVI,SM,99000,66000,66.67
20,2174,SRM,EQ,35165,18094,51.45
20,2175,SSFL,SM,52000,30500,58.65
20,2176,SSWL,EQ,301852,205064,67.94
20,2177,STAR,EQ,525027,305444,58.18
20,2178,STARCEMENT,EQ,500710,285786,57.08
20,2179,STARHEALTH,EQ,1127807,711790,63.11
20,2180,STARPAPER,EQ,39354,21592,54.87
20,2181,STCINDIA,EQ,221596,71808,32.40
20,2182,STEELCAS,EQ,19440,13679,70.37
20,2183,STEELCITY,EQ,18018,13422,74.49
20,2184,STEELXIND,EQ,2487871,1457851,58.60
20,2185,STEL,EQ,46730,13741,29.41
20,2186,STERTOOLS,EQ,34548,18906,54.72
20,2187,STLTECH,EQ,2262690,680087,30.06
20,2188,STOVEKRAFT,EQ,205775,92102,44.76
20,2189,STYLAMIND,EQ,14803,8725,58.94
20,2190,STYRENIX,EQ,58779,31423,53.46
20,2191,SUBEXLTD,EQ,5850625,2168144,37.06
20,2192,SUBROS,EQ,71128,37638,52.92
20,2193,SUDARSCHEM,EQ,664067,493064,74.25
20,2194,SUKHJITS,EQ,10253,5476,53.41
20,2195,SULA,EQ,285753,149095,52.18
20,2196,SUMICHEM,EQ,658689,350795,53.26
20,2197,SUMMITSEC,EQ,2973,1460,49.11
20,2198,SUNCLAY,EQ,8257,6093,73.79
20,2199,SUNDARAM,EQ,6740513,2077007,30.81
20,2200,SUNDARMFIN,EQ,94125,67527,71.74
20,2201,SUNDARMHLD,EQ,185442,121530,65.54
20,2202,SUNDRMBRAK,EQ,6021,5041,83.72
20,2203,SUNDRMFAST,EQ,201320,166493,82.70
20,2204,SUNFLAG,EQ,142614,69646,48.84
20,2205,SUNPHARMA,EQ,1441589,931140,64.59
20,2206,SUNREST,SM,4800,3200,66.67
20,2207,SUNTECK,EQ,660435,312491,47.32
20,2208,SUNTV,EQ,2336124,1113308,47.66
20,2209,SUPERHOUSE,EQ,12292,3813,31.02
20,2210,SUPERSPIN,EQ,61127,43941,71.88
20,2211,SUPRAJIT,EQ,1186484,701655,59.14
20,2212,SUPREMEIND,EQ,258046,104793,40.61
20,2213,SUPREMEPWR,SM,151000,83000,54.97
20,2214,SUPRIYA,EQ,201629,110609,54.86
20,2215,SURAJEST,EQ,133295,86386,64.81
20,2216,SURANAT&P,EQ,192354,139810,72.68
20,2217,SURANI,SM,4400,2600,59.09
20,2218,SURYALAXMI,EQ,45965,11769,25.60
20,2219,SURYAROSNI,EQ,748409,300521,40.15
20,2220,SURYODAY,EQ,423496,214015,50.54
20,2221,SUTLEJTEX,EQ,168403,103496,61.46
20,2222,SUULD,EQ,2038961,1387799,68.06
20,2223,SUVEN,EQ,183135,120212,65.64
20,2224,SUVENPHAR,EQ,138007,99425,72.04
20,2225,SUVIDHAA,EQ,188312,100238,53.23
20,2226,SUZLON,EQ,47583387,30967657,65.08
20,2227,SVLL,EQ,19827,18756,94.60
20,2228,SVPGLOB,EQ,46883,35785,76.33
20,2229,SWANENERGY,EQ,1358342,831931,61.25
20,2230,SWARAJ,SM,41000,38000,92.68
20,2231,SWARAJENG,EQ,35688,16988,47.60
20,2232,SWASTIK,SM,14400,9600,66.67
20,2233,SWELECTES,EQ,217497,63151,29.04
20,2234,SWSOLAR,EQ,2695297,1336870,49.60
20,2235,SYMPHONY,EQ,472663,223544,47.29
20,2236,SYNCOMF,EQ,2438717,1282530,52.59
20,2237,SYNGENE,EQ,568458,246297,43.33
20,2238,SYNOPTICS,SM,7800,7200,92.31
20,2239,SYRMA,EQ,600075,373009,62.16
20,2240,SYSTANGO,SM,57600,36000,62.50
20,2241,TAC,SM,4800,4800,100.00
20,2242,TAJGVK,EQ,512558,198331,38.69
20,2243,TAKE,EQ,425284,236204,55.54
20,2244,TALBROAUTO,EQ,178008,96980,54.48
20,2245,TANLA,EQ,258498,136943,52.98
20,2246,TARC,EQ,1097044,715758,65.24
20,2247,TARSONS,EQ,38145,22652,59.38
20,2248,TASTYBITE,EQ,874,424,48.51
20,2249,TATACHEM,EQ,3432029,820991,23.92
20,2250,TATACOMM,EQ,573625,233792,40.76
20,2251,TATACONSUM,EQ,805013,418383,51.97
20,2252,TATAELXSI,EQ,77665,45025,57.97
20,2253,TATAGOLD,EQ,2442208,1898933,77.75
20,2254,TATAINVEST,EQ,18094,12885,71.21
20,2255,TATAMOTORS,EQ,14828702,7069049,47.67
20,2256,TATAMTRDVR,EQ,2287518,1219153,53.30
20,2257,TATAPOWER,EQ,9802063,4327326,44.15
20,2258,TATASTEEL,EQ,55555544,20459062,36.83
20,2259,TATATECH,EQ,854848,564654,66.05
20,2260,TATSILV,EQ,1956311,1826696,93.37
20,2261,TATVA,EQ,78045,48858,62.60
20,2262,TBI,ST,21600,21600,100.00
20,2263,TBOTEK,EQ,118196,55833,47.24
20,2264,TBZ,EQ,169045,106505,63.00
20,2265,TCI,EQ,24171,11495,47.56
20,2266,TCIEXP,EQ,122263,65467,53.55
20,2267,TCIFINANCE,EQ,11781,11781,100.00
20,2268,TCL,SM,154400,116000,75.13
20,2269,TCLCONS,EQ,686690,632064,92.05
20,2270,TCNSBRANDS,EQ,1582022,1273690,80.51
20,2271,TCPLPACK,EQ,6531,3468,53.10
20,2272,TCS,EQ,1419898,968128,68.18
20,2273,TDPOWERSYS,EQ,563488,311451,55.27
20,2274,TEAMLEASE,EQ,63437,42864,67.57
20,2275,TECH,EQ,40019,37439,93.55
20,2276,TECHLABS,SM,27500,20500,74.55
20,2277,TECHM,EQ,1465705,608255,41.50
20,2278,TECILCHEM,EQ,35490,17530,49.39
20,2279,TEGA,EQ,62957,19660,31.23
20,2280,TEJASNET,EQ,4474175,847911,18.95
20,2281,TEMBO,EQ,46577,17025,36.55
20,2282,TERASOFT,EQ,274963,146957,53.45
20,2283,TEXINFRA,EQ,1125381,452028,40.17
20,2284,TEXMOPIPES,EQ,81044,45195,55.77
20,2285,TEXRAIL,EQ,7179528,3588029,49.98
20,2286,TFCILTD,EQ,2848961,847941,29.76
20,2287,TGBHOTELS,EQ,94013,70730,75.23
20,2288,TGL,SM,1200,1200,100.00
20,2289,THANGAMAYL,EQ,55850,33384,59.77
20,2290,THEINVEST,EQ,10665,4913,46.07
20,2291,THEJO,EQ,35722,18540,51.90
20,2292,THEMISMED,EQ,73020,51347,70.32
20,2293,THERMAX,EQ,229218,169194,73.81
20,2294,THOMASCOOK,EQ,533800,425619,79.73
20,2295,THYROCARE,EQ,51439,36796,71.53
20,2296,TI,EQ,2027357,968533,47.77
20,2297,TIDEWATER,EQ,104604,44225,42.28
20,2298,TIIL,EQ,39179,25156,64.21
20,2299,TIINDIA,EQ,244267,152370,62.38
20,2300,TIMESCAN,SM,8000,8000,100.00
20,2301,TIMETECHNO,EQ,1173655,276651,23.57
20,2302,TIMKEN,EQ,100442,61834,61.56
20,2303,TIPSFILMS,EQ,4546,2491,54.80
20,2304,TIPSINDLTD,EQ,616518,416446,67.55
20,2305,TIRUMALCHM,EQ,698008,348401,49.91
20,2306,TIRUPATI,SM,1250,1250,100.00
20,2307,TIRUPATIFL,EQ,546117,371601,68.04
20,2308,TITAGARH,EQ,3631919,949815,26.15
20,2309,TITAN,EQ,1086157,746537,68.73
20,2310,TMB,EQ,112634,80646,71.60
20,2311,TNIDETF,EQ,709111,609558,85.96
20,2312,TNPETRO,EQ,375369,135307,36.05
20,2313,TNPL,EQ,210907,99703,47.27
20,2314,TOKYOPLAST,EQ,63921,35906,56.17
20,2315,TORNTPHARM,EQ,227961,126488,55.49
20,2316,TORNTPOWER,EQ,900866,699483,77.65
20,2317,TOTAL,EQ,76777,51350,66.88
20,2318,TOUCHWOOD,EQ,2730,1285,47.07
20,2319,TPHQ,EQ,10866247,5647516,51.97
20,2320,TPLPLASTEH,EQ,546877,125319,22.92
20,2321,TRACXN,EQ,378618,187903,49.63
20,2322,TRANSTEEL,SM,48000,32000,66.67
20,2323,TREEHOUSE,EQ,139130,98811,71.02
20,2324,TREL,EQ,405723,193622,47.72
20,2325,TRENT,EQ,512441,273033,53.28
20,2326,TRIDENT,EQ,15579253,5311466,34.09
20,2327,TRIDHYA,SM,24000,24000,100.00
20,2328,TRIGYN,EQ,131275,63318,48.23
20,2329,TRITURBINE,EQ,468941,262909,56.06
20,2330,TRIVENI,EQ,2890132,919938,31.83
20,2331,TRU,EQ,4047750,695245,17.18
20,2332,TRUST,SM,457200,266400,58.27
20,2333,TTKHLTCARE,EQ,8921,5913,66.28
20,2334,TTKPRESTIG,EQ,47762,25861,54.15
20,2335,TTL,EQ,11691,4934,42.20
20,2336,TTML,EQ,6116646,1656143,27.08
20,2337,TV18BRDCST,EQ,4951722,2694803,54.42
20,2338,TVSELECT,EQ,154826,73585,47.53
20,2339,TVSHLTD,EQ,7798,5073,65.06
20,2340,TVSMOTOR,EQ,937870,526454,56.13
20,2341,TVSSCS,EQ,849696,441087,51.91
20,2342,TVSSRICHAK,EQ,17936,7441,41.49
20,2343,TVTODAY,EQ,109451,62577,57.17
20,2344,UBL,EQ,180921,58408,32.28
20,2345,UCAL,EQ,32149,19624,61.04
20,2346,UCL,SM,2000,2000,100.00
20,2347,UCOBANK,EQ,10079346,2687983,26.67
20,2348,UDAICEMENT,EQ,715473,404757,56.57
20,2349,UDS,EQ,61894,35630,57.57
20,2350,UFLEX,EQ,279682,126788,45.33
20,2351,UFO,EQ,234927,140666,59.88
20,2352,UGARSUGAR,EQ,866969,324352,37.41
20,2353,UGROCAP,EQ,348950,175248,50.22
20,2354,UJJIVANSFB,EQ,8924068,4937443,55.33
20,2355,ULTRACEMCO,EQ,650137,406523,62.53
20,2356,UMA,SM,12000,8000,66.67
20,2357,UMANGDAIRY,EQ,169347,89665,52.95
20,2358,UMESLTD,EQ,29085,22600,77.70
20,2359,UNICHEMLAB,EQ,12216,6205,50.79
20,2360,UNIDT,EQ,14012,9408,67.14
20,2361,UNIENTER,EQ,44395,17649,39.75
20,2362,UNIHEALTH,SM,10000,9000,90.00
20,2363,UNIINFO,EQ,200215,113468,56.67
20,2364,UNIONBANK,EQ,16386567,7136124,43.55
20,2365,UNIPARTS,EQ,69989,44914,64.17
20,2366,UNITDSPR,EQ,625503,398293,63.68
20,2367,UNITEDPOLY,EQ,11175,8087,72.37
20,2368,UNITEDTEA,EQ,16617,13652,82.16
20,2369,UNIVCABLES,EQ,62395,28505,45.68
20,2370,UNIVPHOTO,EQ,896,626,69.87
20,2371,UNOMINDA,EQ,1465879,481337,32.84
20,2372,UPL,EQ,4059315,1278799,31.50
20,2373,URBAN,SM,10000,6400,64.00
20,2374,URJA,EQ,3268319,2068569,63.29
20,2375,USASEEDS,SM,900,900,100.00
20,2376,USHAMART,EQ,929779,469667,50.51
20,2377,USK,EQ,284877,170653,59.90
20,2378,UTIAMC,EQ,189564,102640,54.15
20,2379,UTIBANKETF,EQ,15053188,1093251,7.26
20,2380,UTINEXT50,EQ,47412,29721,62.69
20,2381,UTINIFTETF,EQ,46157,44108,95.56
20,2382,UTISENSETF,EQ,1725,1675,97.10
20,2383,UTISXN50,EQ,3196,2054,64.27
20,2384,UTKARSHBNK,EQ,2339890,1122420,47.97
20,2385,UTTAMSUGAR,EQ,268540,105092,39.13
20,2386,VADILALIND,EQ,9667,3715,38.43
20,2387,VAIBHAVGBL,EQ,276211,130820,47.36
20,2388,VAISHALI,EQ,437128,164777,37.70
20,2389,VAKRANGEE,EQ,9703907,2612970,26.93
20,2390,VALIANTLAB,EQ,99527,23880,23.99
20,2391,VALIANTORG,EQ,30971,18734,60.49
20,2392,VARDHACRLC,EQ,48775,33663,69.02
20,2393,VARDMNPOLY,EQ,785306,571777,72.81
20,2394,VARROC,EQ,8430674,1004120,11.91
20,2395,VASCONEQ,EQ,3748422,1618337,43.17
20,2396,VBL,EQ,1921109,1135942,59.13
20,2397,VEDL,EQ,10546091,4029398,38.21
20,2398,VEEKAYEM,SM,4500,2500,55.56
20,2399,VELS,SM,1200,1200,100.00
20,2400,VENKEYS,EQ,82985,46257,55.74
20,2401,VENUSPIPES,EQ,167891,87277,51.98
20,2402,VENUSREM,EQ,36253,19377,53.45
20,2403,VERANDA,EQ,102539,71295,69.53
20,2404,VERITAAS,SM,27600,21600,78.26
20,2405,VERTEXPLUS,ST,3000,2400,80.00
20,2406,VERTOZ,EQ,349038,116785,33.46
20,2407,VESUVIUS,EQ,22195,13554,61.07
20,2408,VETO,EQ,93865,55491,59.12
20,2409,VGUARD,EQ,1297624,695440,53.59
20,2410,VHL,EQ,748,364,48.66
20,2411,VIAZ,SM,16000,14000,87.50
20,2412,VIDHIING,EQ,119156,49431,41.48
20,2413,VIJAYA,EQ,91691,42373,46.21
20,2414,VIKASECO,EQ,7945432,4059270,51.09
20,2415,VIKASLIFE,EQ,8561818,5509210,64.35
20,2416,VILAS,ST,259000,254000,98.07
20,2417,VILINBIO,SM,8000,8000,100.00
20,2418,VIMTALABS,EQ,15195,7970,52.45
20,2419,VINATIORGA,EQ,121537,79266,65.22
20,2420,VINDHYATEL,EQ,71769,22420,31.24
20,2421,VINEETLAB,EQ,45567,22348,49.04
20,2422,VINNY,EQ,648664,457166,70.48
20,2423,VINSYS,SM,14500,10500,72.41
20,2424,VINYAS,SM,38600,26800,69.43
20,2425,VINYLINDIA,EQ,32794,11460,34.95
20,2426,VIPCLOTHNG,EQ,315335,260308,82.55
20,2427,VIPIND,EQ,375192,219360,58.47
20,2428,VIRINCHI,EQ,450391,252546,56.07
20,2429,VISAKAIND,EQ,679418,396347,58.34
20,2430,VISHNU,EQ,813377,422327,51.92
20,2431,VISHNUINFR,SM,54000,52000,96.30
20,2432,VISHWARAJ,EQ,2060138,891289,43.26
20,2433,VISHWAS,SM,4800,4800,100.00
20,2434,VITAL,SM,26400,18000,68.18
20,2435,VIVIANA,SM,13500,12000,88.89
20,2436,VLSFINANCE,EQ,35770,21346,59.68
20,2437,VMARCIND,SM,106000,59000,55.66
20,2438,VMART,EQ,40544,19113,47.14
20,2439,VOLTAMP,EQ,13824,7192,52.03
20,2440,VOLTAS,EQ,1079454,464848,43.06
20,2441,VPRPL,EQ,867460,514842,59.35
20,2442,VR,SM,8000,8000,100.00
20,2443,VRLLOG,EQ,389507,315381,80.97
20,2444,VSSL,EQ,76932,43894,57.06
20,2445,VSTIND,EQ,29804,15881,53.28
20,2446,VSTTILLERS,EQ,98355,58439,59.42
20,2447,VTL,EQ,135683,78904,58.15
20,2448,WABAG,EQ,1548169,558858,36.10
20,2449,WALCHANNAG,EQ,233517,188328,80.65
20,2450,WALPAR,SM,3000,2000,66.67
20,2451,WANBURY,EQ,50740,26588,52.40
20,2452,WEALTH,EQ,5154,3220,62.48
20,2453,WEIZMANIND,EQ,8111,4917,60.62
20,2454,WELCORP,EQ,914143,574454,62.84
20,2455,WELENT,EQ,302086,147413,48.80
20,2456,WELINV,EQ,484,137,28.31
20,2457,WELSPUNLIV,EQ,1385967,642106,46.33
20,2458,WENDT,EQ,1273,451,35.43
20,2459,WESTLIFE,EQ,132147,97468,73.76
20,2460,WHEELS,EQ,291728,152967,52.43
20,2461,WHIRLPOOL,EQ,461960,295285,63.92
20,2462,WILLAMAGOR,EQ,4302,2029,47.16
20,2463,WINDLAS,EQ,37381,20772,55.57
20,2464,WINDMACHIN,EQ,151518,55983,36.95
20,2465,WINSOL,SM,185600,112000,60.34
20,2466,WIPL,EQ,12455,448,3.60
20,2467,WIPRO,EQ,4685857,2099470,44.80
20,2468,WOCKPHARMA,EQ,484213,346347,71.53
20,2469,WOMANCART,SM,4800,3200,66.67
20,2470,WONDERLA,EQ,44742,22954,51.30
20,2471,WORTH,EQ,14548,10165,69.87
20,2472,WSI,EQ,191422,154820,80.88
20,2473,WSTCSTPAPR,EQ,184256,98658,53.54
20,2474,WTICAB,SM,77000,59000,76.62
20,2475,XCHANGING,EQ,763139,442928,58.04
20,2476,XPROINDIA,EQ,33134,19091,57.62
20,2477,YASHO,EQ,9706,6175,63.62
20,2478,YASHOPTICS,SM,25600,17600,68.75
20,2479,YATHARTH,EQ,128163,88722,69.23
20,2480,YATRA,EQ,160091,97077,60.64
20,2481,YCCL,SM,15000,12000,80.00
20,2482,YESBANK,EQ,164913524,59232414,35.92
20,2483,YUDIZ,SM,12000,12000,100.00
20,2484,YUKEN,EQ,29528,19133,64.80
20,2485,ZAGGLE,EQ,1463027,592968,40.53
20,2486,ZEAL,SM,4200,3600,85.71
20,2487,ZEEL,EQ,25093283,12997254,51.80
20,2488,ZEEMEDIA,EQ,17965921,8248287,45.91
20,2489,ZENITHDRUG,SM,24000,12800,53.33
20,2490,ZENITHEXPO,EQ,25197,18445,73.20
20,2491,ZENITHSTL,EQ,192094,120960,62.97
20,2492,ZENSARTECH,EQ,2530830,868424,34.31
20,2493,ZENTEC,EQ,196744,124544,63.30
20,2494,ZFCVINDIA,EQ,10852,4555,41.97
20,2495,ZIMLAB,EQ,260047,146850,56.47
20,2496,ZODIACLOTH,EQ,104877,63017,60.09
20,2497,ZOMATO,EQ,41803815,21654386,51.80
20,2498,ZOTA,EQ,81965,31396,38.30
20,2499,ZTECH,ST,67200,67200,100.00
20,2500,ZUARI,EQ,429310,209403,48.78
20,2501,ZUARIIND,EQ,129179,62587,48.45
20,2502,ZYDUSLIFE,EQ,1554675,1081855,69.59
20,2503,ZYDUSWELL,EQ,111450,77031,69.12
