Security Wise Delivery Position - Compulsory Rolling Settlement
10,MTO,22052024,1623139773,0002463
Trade Date <22-MAY-2024>,Settlement Type <N>
Record Type,Sr No,Name of Security,Quantity Traded,Deliverable Quantity(gross across client level),% of Deliverable Quantity to Traded Quantity
20,1,0IHFL26,YR,10,10,100.00
20,2,0MOFSL26,N1,80,80,100.00
20,3,1003ISFL28,N4,527,503,95.45
20,4,1013DLSL24,NF,500,500,100.00
20,5,1015ECL29,NR,233,233,100.00
20,6,1018GS2026,GS,241,241,100.00
20,7,1025NFL25,N5,121,121,100.00
20,8,1035UCL26,NA,145,143,98.62
20,9,1040UCL25,N4,538,468,86.99
20,10,1049DLS25A,Y5,27,27,100.00
20,11,1050ISFL28,N5,65,65,100.00
20,12,1050NFL26,N7,10,10,100.00
20,13,1050UCL25,N7,326,325,99.69
20,14,105IIFL29,N7,10,10,100.00
20,15,105UCL2026,NB,125,125,100.00
20,16,1065NFL27,NC,128,128,100.00
20,17,10CAGL27,N5,586,433,73.89
20,18,10IIFL28,N4,789,789,100.00
20,19,10IIFL28A,NE,50,50,100.00
20,20,10ISFL26,N3,200,200,100.00
20,21,10NIDO26,N6,442,442,100.00
20,22,1119NFL27,ND,15,15,100.00
20,23,11UCL26,NC,1,1,100.00
20,24,182D010824,TB,1400,1400,100.00
20,25,182D031024,TB,100,100,100.00
20,26,182D050924,TB,200,200,100.00
20,27,182D060624,TB,1200,1200,100.00
20,28,182D071124,TB,200,200,100.00
20,29,182D110724,TB,800,800,100.00
20,30,182D111024,TB,200,200,100.00
20,31,182D130624,TB,100,100,100.00
20,32,182D150824,TB,1000,1000,100.00
20,33,182D181024,TB,1000,1000,100.00
20,34,182D190924,TB,100,100,100.00
20,35,182D260924,TB,100,100,100.00
20,36,182D290824,TB,1200,1200,100.00
20,37,20MICRONS,EQ,156142,66430,42.54
20,38,360ONE,EQ,344761,198093,57.46
20,39,364D020525,TB,900,900,100.00
20,40,364D060325,TB,200,200,100.00
20,41,364D080525,TB,300,300,100.00
20,42,364D130325,TB,300,300,100.00
20,43,364D141124,TB,500,500,100.00
20,44,364D150525,TB,100,100,100.00
20,45,364D200225,TB,100,100,100.00
20,46,364D200325,TB,300,300,100.00
20,47,364D211124,TB,1900,1900,100.00
20,48,364D230125,TB,100,100,100.00
20,49,364D280624,TB,2600,2600,100.00
20,50,364D300524,TB,10000,10000,100.00
20,51,3IINFOLTD,EQ,439788,267494,60.82
20,52,3MINDIA,EQ,6537,4121,63.04
20,53,3PLAND,EQ,3792,2028,53.48
20,54,574GS2026,GS,13397,13397,100.00
20,55,5PAISA,EQ,35800,18883,52.75
20,56,63MOONS,EQ,53006,36930,69.67
20,57,654GS2032,GS,6,3,50.00
20,58,667GS2035,GS,1,1,100.00
20,59,667GS2050,GS,505,505,100.00
20,60,669GS2024,GS,1208,1208,100.00
20,61,689GS2025,GS,2832,2531,89.37
20,62,68GS2060,GS,4,2,50.00
20,63,695GS2061,GS,3051,3051,100.00
20,64,699GS2026,GS,2180,2180,100.00
20,65,699GS2051,GS,6078,4998,82.23
20,66,706GS2028,GS,8500,8500,100.00
20,67,710GS2029,GS,21636,21636,100.00
20,68,717GS2030,GS,1404,1403,99.93
20,69,718GS2033,GS,551,551,100.00
20,70,718GS2037,GS,10150,10100,99.51
20,71,723GS2039,GS,101,101,100.00
20,72,725GS2063,GS,4501,4501,100.00
20,73,726GS2032,GS,6731,5931,88.11
20,74,732GS2030,GS,11106,9037,81.37
20,75,732IRFC25,NI,791,791,100.00
20,76,733GS2026,GS,1810,1810,100.00
20,77,736GS2052,GS,217,217,100.00
20,78,736NTPC25D,NB,235,235,100.00
20,79,737GS2028,GS,2403,2403,100.00
20,80,737NTPC35C,NA,56,56,100.00
20,81,738GS2027,GS,159064,134662,84.66
20,82,738REC27TF,N2,300,300,100.00
20,83,739NHAI26,N8,5,5,100.00
20,84,73GS2053,GS,1650,1650,100.00
20,85,741GS2036,GS,31351,31351,100.00
20,86,746GS2073,GS,5354,5354,100.00
20,87,74GS2062,GS,5006,5006,100.00
20,88,750IRFC35,NK,292,292,100.00
20,89,753IRFC30,NJ,191,191,100.00
20,90,753NTPC30E,NC,8,8,100.00
20,91,754GS2036,GS,604037,591237,97.88
20,92,758GJ32,SG,300,300,100.00
20,93,759GS2026,GS,500,500,100.00
20,94,75AP28,SG,100,100,100.00
20,95,762NTPC35F,ND,36,36,100.00
20,96,764HUDCO31,N8,1,1,100.00
20,97,764IRFC31,NO,3049,2871,94.16
20,98,764NABAR31,N2,1700,1700,100.00
20,99,768KA37,SG,200,200,100.00
20,100,769HUDCO31,N9,100,100,100.00
20,101,769NHAI31,NE,205,196,95.61
20,102,76IGT26,ND,150,150,100.00
20,103,76NHAI31,NA,1275,1080,84.71
20,104,772GS2025,GS,2,2,100.00
20,105,772GS2055,GS,15000,15000,100.00
20,106,797IGT31,NL,109,109,100.00
20,107,79NHIT35,N1,2898,2453,84.64
20,108,79NHIT40,N2,2617,2097,80.13
20,109,79NHIT47,N3,2480,2480,100.00
20,110,810IRFC27,N2,133,133,100.00
20,111,81TCHF28,N8,114,114,100.00
20,112,829LTF24,NL,1,1,100.00
20,113,829PFL29,N6,5,5,100.00
20,114,82HUDCO27,N2,4924,4650,94.44
20,115,82IGT31,NJ,230,230,100.00
20,116,830NHAI27,N2,838,837,99.88
20,117,830PFCL27,N5,800,800,100.00
20,118,833IHFL24,YX,70,70,100.00
20,119,835IFL25,NV,150,150,100.00
20,120,835PCHF23,NN,150,150,100.00
20,121,83TCHF25,N6,662,431,65.11
20,122,842IIFL26,NL,1176,750,63.78
20,123,843IHFL29,NC,613,506,82.54
20,124,847IHFL25,Z2,36,28,77.78
20,125,849NTPC25,N7,11207,11198,99.92
20,126,85IIFL25,NO,5,5,100.00
20,127,85PCHFL24,N6,1,1,100.00
20,128,862REC33,NA,101,101,100.00
20,129,865IBHFL26,N8,16,16,100.00
20,130,865IFL28,NZ,611,608,99.51
20,131,865IIFL28,NS,168,158,94.05
20,132,865IRFC29,NA,380,380,100.00
20,133,865TCAPS27,N8,429,289,67.37
20,134,866IBHL25,YP,54,54,100.00
20,135,86LTF24,NJ,120,120,100.00
20,136,871REC28,N9,129,100,77.52
20,137,873NTPC28,N5,666,666,100.00
20,138,875IIFL26,NM,25,25,100.00
20,139,875NHAI29,N6,515,515,100.00
20,140,875PCHFL26,N8,130,130,100.00
20,141,876HUDCO28,ND,1,1,100.00
20,142,879NHPC28,N5,87,87,100.00
20,143,87IHFL27A,ZK,140,100,71.43
20,144,880IREDA29,N5,68,68,100.00
20,145,888ERFL28,N5,100,100,100.00
20,146,888IHFL25C,NR,10,10,100.00
20,147,888IRFC29,NE,1317,841,63.86
20,148,888REC29,NF,5,5,100.00
20,149,889IBHL27,YT,9,9,100.00
20,150,889IHFL27,YC,31,31,100.00
20,151,890ICCL23A,NZ,140,120,85.71
20,152,891IIFCL34,N4,4,4,100.00
20,153,891NTPC33,N6,20,20,100.00
20,154,892PFCL33,N8,1412,1412,100.00
20,155,894IHFL25,Z3,1,1,100.00
20,156,894IHFL27,ZY,10,10,100.00
20,157,897MOFSL29,N4,730,730,100.00
20,158,898LTF29,N7,286,276,96.50
20,159,901HUDCO34,NE,162,81,50.00
20,160,901NHB34,N6,92,72,78.26
20,161,905LTF27,NF,64,64,100.00
20,162,910TCAP28,NA,1000,1000,100.00
20,163,915IBHFL26,NE,132,132,100.00
20,164,915IHFL27A,ZL,6,6,100.00
20,165,91D020824,TB,500,400,80.00
20,166,91D040724,TB,1500,1500,100.00
20,167,91D060624,TB,400,300,75.00
20,168,91D080824,TB,1000,1000,100.00
20,169,91D120724,TB,200,200,100.00
20,170,91D130624,TB,400,400,100.00
20,171,91D150824,TB,400,400,100.00
20,172,91D190724,TB,200,200,100.00
20,173,91D200624,TB,600,600,100.00
20,174,91D250724,TB,500,500,100.00
20,175,91D270624,TB,200,200,100.00
20,176,91D300524,TB,900,900,100.00
20,177,91MOFSL27,N2,261,261,100.00
20,178,91SFL27,ZI,45,45,100.00
20,179,920PEL28,N2,10,10,100.00
20,180,921ISFL25,N0,93,83,89.25
20,181,925CAGL26,N9,670,670,100.00
20,182,925IBHFL25,AC,8,8,100.00
20,183,925IHFL25B,Y3,4,4,100.00
20,184,925IHFL26B,YQ,5,5,100.00
20,185,92GS2030,GS,501,501,100.00
20,186,930SFL28,YP,125,125,100.00
20,187,931SFL26,Z5,380,380,100.00
20,188,93IHFL24,ZP,20,20,100.00
20,189,943ECL28,NJ,40,40,100.00
20,190,948IHFL27,YV,10,10,100.00
20,191,94IFCI25,NL,112,107,95.54
20,192,94SFL28,YL,1000,500,50.00
20,193,950NFL23A,AP,10,10,100.00
20,194,955IHFL27,Z5,1,1,100.00
20,195,955IHFL27A,ZJ,15,15,100.00
20,196,965IBHFL25,AG,2,2,100.00
20,197,965IHFL25,AB,9,9,100.00
20,198,965IHFL25B,Y1,115,115,100.00
20,199,965IHFL25C,N0,1,1,100.00
20,200,965IHFL26,YO,10,10,100.00
20,201,96IIFL28,N5,1726,1454,84.24
20,202,96IIFL28A,NF,1182,1182,100.00
20,203,96SFL24,Z8,45,45,100.00
20,204,96SFL24A,NB,18,18,100.00
20,205,970CAGL28,ND,200,200,100.00
20,206,971IHFL28,AN,5,5,100.00
20,207,975NFL25,N0,173,173,100.00
20,208,97MOFSL34,N7,453,453,100.00
20,209,97SFL29,YZ,301,301,100.00
20,210,980IHFL33D,YG,5,5,100.00
20,211,985ECL28,NK,200,200,100.00
20,212,985IIFL22,NC,63,63,100.00
20,213,990IBHFL26,AJ,113,113,100.00
20,214,99IFCI24,NH,723,698,96.54
20,215,9IBHFL26BA,NA,121,121,100.00
20,216,9ICCL23A,N0,200,200,100.00
20,217,9IIFL28,Y0,50,50,100.00
20,218,9IIFL28A,NT,350,200,57.14
20,219,9MMFSML,N2,536,536,100.00
20,220,9SFL25A,ZH,10,10,100.00
20,221,AADHARHFC,EQ,2578275,1759130,68.23
20,222,AAKASH,EQ,521501,418667,80.28
20,223,AARON,EQ,12959,6648,51.30
20,224,AARTIDRUGS,EQ,89079,48667,54.63
20,225,AARTIIND,EQ,640224,223517,34.91
20,226,AARTIPHARM,EQ,2889058,1615557,55.92
20,227,AARTISURF,EQ,11143,7309,65.59
20,228,AARTISURF,P1,27,11,40.74
20,229,AARVEEDEN,EQ,23764,12489,52.55
20,230,AARVI,EQ,17107,10985,64.21
20,231,AATMAJ,SM,82000,74000,90.24
20,232,AAVAS,EQ,278280,149399,53.69
20,233,ABB,EQ,326374,124456,38.13
20,234,ABBOTINDIA,EQ,8311,4283,51.53
20,235,ABCAPITAL,EQ,5142404,1806349,35.13
20,236,ABCOTS,SM,1500,1000,66.67
20,237,ABFRL,EQ,11966754,6123031,51.17
20,238,ABINFRA,SM,14000,12000,85.71
20,239,ABMINTLLTD,EQ,1215,686,56.46
20,240,ABSLAMC,EQ,363948,254043,69.80
20,241,ABSLBANETF,EQ,37110,28155,75.87
20,242,ABSLLIQUID,EQ,4342,4312,99.31
20,243,ABSLNN50ET,EQ,19157,11011,57.48
20,244,ABSMARINE,ST,113000,113000,100.00
20,245,ACC,EQ,396208,228301,57.62
20,246,ACCELYA,EQ,13719,6872,50.09
20,247,ACCENTMIC,SM,115000,77500,67.39
20,248,ACCURACY,EQ,276359,229038,82.88
20,249,ACE,EQ,1610475,498564,30.96
20,250,ACEINTEG,EQ,7178,5927,82.57
20,251,ACI,EQ,169119,90481,53.50
20,252,ACL,EQ,45554,26248,57.62
20,253,ACLGATI,EQ,170057,106428,62.58
20,254,ADANIENSOL,EQ,1274103,600202,47.11
20,255,ADANIENT,EQ,3371077,2103912,62.41
20,256,ADANIGREEN,EQ,578311,276832,47.87
20,257,ADANIPORTS,EQ,1878562,735578,39.16
20,258,ADANIPOWER,EQ,10100567,2437727,24.13
20,259,ADFFOODS,EQ,90402,46987,51.98
20,260,ADL,EQ,2681,1227,45.77
20,261,ADORWELD,EQ,7179,3797,52.89
20,262,ADROITINFO,EQ,37234,24116,64.77
20,263,ADSL,EQ,895576,355055,39.65
20,264,ADVANIHOTR,EQ,123319,78628,63.76
20,265,ADVENZYMES,EQ,459201,377959,82.31
20,266,AEGISCHEM,EQ,535993,253404,47.28
20,267,AEROFLEX,EQ,256529,77864,30.35
20,268,AETHER,EQ,164173,93608,57.02
20,269,AFFLE,EQ,171323,78059,45.56
20,270,AGARIND,EQ,41969,24740,58.95
20,271,AGARWALFT,ST,6000,6000,100.00
20,272,AGI,EQ,170010,90990,53.52
20,273,AGNI,SM,122500,112500,91.84
20,274,AGRITECH,EQ,12244,6148,50.21
20,275,AGROPHOS,EQ,40705,31235,76.74
20,276,AGSTRA,EQ,177048,135586,76.58
20,277,AGUL,SM,4000,4000,100.00
20,278,AHL,EQ,383490,237131,61.83
20,279,AHLADA,EQ,68613,54660,79.66
20,280,AHLEAST,EQ,8688,5469,62.95
20,281,AHLUCONT,EQ,69821,32592,46.68
20,282,AIAENG,EQ,103648,53752,51.86
20,283,AIIL,EQ,12935,3095,23.93
20,284,AILIMITED,ST,3000,3000,100.00
20,285,AIRAN,EQ,78388,67208,85.74
20,286,AIROLAM,EQ,6316,4293,67.97
20,287,AIRTELPP,E1,110625,74089,66.97
20,288,AISL,ST,10800,10800,100.00
20,289,AJANTPHARM,EQ,45167,27588,61.08
20,290,AJMERA,EQ,114480,50942,44.50
20,291,AJOONI,EQ,3804032,2348359,61.73
20,292,AKANKSHA,SM,36000,30000,83.33
20,293,AKASH,EQ,21881,13755,62.86
20,294,AKG,EQ,39457,34092,86.40
20,295,AKI,EQ,113693,100087,88.03
20,296,AKSHARCHEM,EQ,17011,13969,82.12
20,297,AKZOINDIA,EQ,8654,4726,54.61
20,298,ALANKIT,EQ,2415388,1476445,61.13
20,299,ALBERTDAVD,EQ,3951,2517,63.71
20,300,ALEMBICLTD,EQ,2265815,863358,38.10
20,301,ALICON,EQ,340630,77895,22.87
20,302,ALKALI,EQ,14468,7484,51.73
20,303,ALKEM,EQ,166810,70180,42.07
20,304,ALKYLAMINE,EQ,27269,12800,46.94
20,305,ALLCARGO,EQ,697802,407989,58.47
20,306,ALLETEC,SM,32400,27600,85.19
20,307,ALLSEC,EQ,43622,16357,37.50
20,308,ALOKINDS,EQ,5603895,3045951,54.35
20,309,ALPA,EQ,21253,15951,75.05
20,310,ALPEXSOLAR,SM,353600,151600,42.87
20,311,ALPHA,EQ,860956,574122,66.68
20,312,ALPHAETF,EQ,506423,434209,85.74
20,313,ALPHAGEO,EQ,39799,19780,49.70
20,314,ALPL30IETF,EQ,2450822,2267430,92.52
20,315,ALUWIND,SM,141000,105000,74.47
20,316,AMBER,EQ,109397,57132,52.22
20,317,AMBICAAGAR,EQ,18821,11114,59.05
20,318,AMBIKCO,EQ,12014,7451,62.02
20,319,AMBUJACEM,EQ,2209062,1198485,54.25
20,320,AMDIND,EQ,15105,11263,74.56
20,321,AMEYA,SM,230000,162000,70.43
20,322,AMIABLE,SM,1600,1600,100.00
20,323,AMIORG,EQ,91779,48663,53.02
20,324,AMJLAND,EQ,80749,41594,51.51
20,325,AMNPLST,EQ,6307,4183,66.32
20,326,AMRUTANJAN,EQ,25646,16099,62.77
20,327,ANANDRATHI,EQ,49973,35406,70.85
20,328,ANANTRAJ,EQ,2227605,1516791,68.09
20,329,ANDHRAPAP,EQ,47474,30827,64.93
20,330,ANDHRSUGAR,EQ,70017,42302,60.42
20,331,ANGELONE,EQ,377871,206996,54.78
20,332,ANIKINDS,EQ,12205,7733,63.36
20,333,ANLON,SM,19600,18000,91.84
20,334,ANMOL,EQ,167663,111416,66.45
20,335,ANNAPURNA,SM,20000,15000,75.00
20,336,ANUP,EQ,23067,13194,57.20
20,337,ANURAS,EQ,68054,28957,42.55
20,338,APARINDS,EQ,157635,92687,58.80
20,339,APCL,EQ,6198,4270,68.89
20,340,APCOTEXIND,EQ,29302,14184,48.41
20,341,APEX,EQ,80243,28130,35.06
20,342,APLAPOLLO,EQ,384955,245902,63.88
20,343,APLLTD,EQ,67330,36078,53.58
20,344,APOLLO,EQ,1354270,877692,64.81
20,345,APOLLOHOSP,EQ,735701,560286,76.16
20,346,APOLLOPIPE,EQ,263437,143170,54.35
20,347,APOLLOTYRE,EQ,9506341,1731383,18.21
20,348,APOLSINHOT,EQ,2189,1568,71.63
20,349,APS,SM,315500,138500,43.90
20,350,APTECHT,EQ,219279,121276,55.31
20,351,APTUS,EQ,2181807,993247,45.52
20,352,ARABIAN,SM,10000,8000,80.00
20,353,ARE&M,EQ,643118,246970,38.40
20,354,ARENTERP,EQ,3599,2381,66.16
20,355,ARHAM,ST,35000,33000,94.29
20,356,ARIES,EQ,32820,17178,52.34
20,357,ARIHANTCAP,EQ,2080726,1077025,51.76
20,358,ARIHANTSUP,EQ,8100,4541,56.06
20,359,ARMANFIN,EQ,21454,11306,52.70
20,360,AROGRANITE,EQ,13984,10207,72.99
20,361,ARROWGREEN,EQ,69714,30469,43.71
20,362,ARTEMISMED,EQ,73379,36292,49.46
20,363,ARVIND,EQ,392388,253284,64.55
20,364,ARVINDFASN,EQ,344050,135614,39.42
20,365,ARVSMART,EQ,126668,62227,49.13
20,366,ASAHIINDIA,EQ,43319,21987,50.76
20,367,ASAHISONG,EQ,6059,4204,69.38
20,368,ASAL,EQ,57347,26196,45.68
20,369,ASALCBR,EQ,59672,36241,60.73
20,370,ASHAPURMIN,EQ,238377,136648,57.32
20,371,ASHIANA,EQ,85664,43281,50.52
20,372,ASHIMASYN,EQ,2337149,971913,41.59
20,373,ASHOKA,EQ,2156341,1013983,47.02
20,374,ASHOKLEY,EQ,11330579,5031351,44.41
20,375,ASIANENE,EQ,32824,23130,70.47
20,376,ASIANPAINT,EQ,933846,486246,52.07
20,377,ASIANTILES,EQ,534772,264400,49.44
20,378,ASKAUTOLTD,EQ,354698,200575,56.55
20,379,ASMS,EQ,81418,60518,74.33
20,380,ASPINWALL,EQ,6614,2896,43.79
20,381,ASPIRE,SM,74000,60000,81.08
20,382,ASTEC,EQ,21915,12541,57.23
20,383,ASTERDM,EQ,772495,488024,63.18
20,384,ASTRAL,EQ,996545,377589,37.89
20,385,ASTRAMICRO,EQ,665618,265453,39.88
20,386,ASTRAZEN,EQ,4265,1599,37.49
20,387,ATFL,EQ,14269,9345,65.49
20,388,ATGL,EQ,1075521,335034,31.15
20,389,ATL,EQ,384811,215579,56.02
20,390,ATMASTCO,SM,101600,68800,67.72
20,391,ATUL,EQ,16777,6750,40.23
20,392,ATULAUTO,EQ,85702,40081,46.77
20,393,AUBANK,EQ,4891339,2335244,47.74
20,394,AURDIS,SM,6500,4000,61.54
20,395,AUROIMPEX,SM,11200,11200,100.00
20,396,AUROPHARMA,EQ,1896537,1056458,55.70
20,397,AURUM,EQ,128335,87111,67.88
20,398,AURUMPP1,E1,13387,12063,90.11
20,399,AUSOMENT,EQ,141588,138770,98.01
20,400,AUTOAXLES,EQ,13006,7721,59.36
20,401,AUTOBEES,EQ,113088,80196,70.91
20,402,AUTOIETF,EQ,198181,127580,64.38
20,403,AUTOIND,EQ,71180,45417,63.81
20,404,AVADHSUGAR,EQ,54698,31043,56.75
20,405,AVALON,EQ,112889,77848,68.96
20,406,AVANTIFEED,EQ,868102,225317,25.96
20,407,AVG,EQ,38086,24989,65.61
20,408,AVONMORE,EQ,78022,35867,45.97
20,409,AVPINFRA,SM,121600,83200,68.42
20,410,AVROIND,EQ,48445,16456,33.97
20,411,AVTNPL,EQ,164682,94692,57.50
20,412,AWHCL,EQ,72506,39861,54.98
20,413,AWL,EQ,1386775,754567,54.41
20,414,AXISBANK,EQ,9094033,4494298,49.42
20,415,AXISBNKETF,EQ,2477,2179,87.97
20,416,AXISBPSETF,EQ,78594,78125,99.40
20,417,AXISCADES,EQ,333803,198151,59.36
20,418,AXISCETF,EQ,1398,1219,87.20
20,419,AXISGOLD,EQ,584347,572618,97.99
20,420,AXISHCETF,EQ,3382,2300,68.01
20,421,AXISILVER,EQ,26411,20708,78.41
20,422,AXISNIFTY,EQ,7648,7226,94.48
20,423,AXISTECETF,EQ,1353,921,68.07
20,424,AXITA,EQ,1072090,358734,33.46
20,425,AXSENSEX,EQ,1118,664,59.39
20,426,AYMSYNTEX,EQ,17828,11256,63.14
20,427,AZAD,EQ,486972,229672,47.16
20,428,BABAFP,SM,40000,30400,76.00
20,429,BAHETI,SM,38250,30750,80.39
20,430,BAIDFIN,EQ,2546372,841159,33.03
20,431,BAJAJ-AUTO,EQ,302838,177444,58.59
20,432,BAJAJCON,EQ,490992,227443,46.32
20,433,BAJAJELEC,EQ,306855,273624,89.17
20,434,BAJAJFINSV,EQ,578669,308707,53.35
20,435,BAJAJHCARE,EQ,33120,21256,64.18
20,436,BAJAJHIND,EQ,7969258,2993348,37.56
20,437,BAJAJHLDNG,EQ,15810,8427,53.30
20,438,BAJEL,EQ,963732,534562,55.47
20,439,BAJFINANCE,EQ,416046,217917,52.38
20,440,BALAJITELE,EQ,174684,115940,66.37
20,441,BALAMINES,EQ,34326,16275,47.41
20,442,BALAXI,EQ,2694,1741,64.63
20,443,BALKRISHNA,EQ,1949548,535123,27.45
20,444,BALKRISIND,EQ,1357297,338745,24.96
20,445,BALMLAWRIE,EQ,740977,294617,39.76
20,446,BALPHARMA,EQ,8409,5643,67.11
20,447,BALRAMCHIN,EQ,504163,257100,51.00
20,448,BALUFORGE,EQ,461380,322353,69.87
20,449,BANARBEADS,EQ,3547,2464,69.47
20,450,BANARISUG,EQ,1699,857,50.44
20,451,BANCOINDIA,EQ,55628,36592,65.78
20,452,BANDHANBNK,EQ,12798840,5635458,44.03
20,453,BANG,EQ,15381,12006,78.06
20,454,BANKBARODA,EQ,16912682,5890193,34.83
20,455,BANKBEES,EQ,1272334,868016,68.22
20,456,BANKBETF,EQ,7882,6467,82.05
20,457,BANKETF,EQ,6581,5546,84.27
20,458,BANKETFADD,EQ,161344,154168,95.55
20,459,BANKIETF,EQ,492980,179185,36.35
20,460,BANKINDIA,EQ,14805581,6522151,44.05
20,461,BANKNIFTY1,EQ,12693,10089,79.48
20,462,BANSWRAS,EQ,102274,62639,61.25
20,463,BARBEQUE,EQ,78594,30789,39.17
20,464,BASF,EQ,64603,32372,50.11
20,465,BASILIC,SM,77100,44400,57.59
20,466,BASML,EQ,54717,37422,68.39
20,467,BATAINDIA,EQ,211691,92243,43.57
20,468,BAWEJA,SM,12800,8800,68.75
20,469,BAYERCROP,EQ,44491,37739,84.82
20,470,BBETF0432,EQ,1649,1625,98.54
20,471,BBL,EQ,243741,120313,49.36
20,472,BBNPPGOLD,EQ,1479,1439,97.30
20,473,BBOX,EQ,111604,61760,55.34
20,474,BBTC,EQ,46503,16324,35.10
20,475,BBTCL,EQ,1987,1733,87.22
20,476,BCLIND,EQ,3167246,1586019,50.08
20,477,BCONCEPTS,EQ,49853,42953,86.16
20,478,BDL,EQ,4364291,918310,21.04
20,479,BEARDSELL,EQ,57852,32614,56.37
20,480,BECTORFOOD,EQ,112600,64610,57.38
20,481,BEDMUTHA,EQ,46265,37685,81.45
20,482,BEL,EQ,85801218,26414512,30.79
20,483,BEML,EQ,2898859,414017,14.28
20,484,BEPL,EQ,339328,178804,52.69
20,485,BERGEPAINT,EQ,1610062,899662,55.88
20,486,BESTAGRO,EQ,34382,18075,52.57
20,487,BETA,SM,5900,4100,69.49
20,488,BEWLTD,SM,500,500,100.00
20,489,BFINVEST,EQ,397226,56234,14.16
20,490,BFSI,EQ,423453,399157,94.26
20,491,BFUTILITIE,EQ,3186517,654812,20.55
20,492,BHAGCHEM,EQ,50433,32708,64.85
20,493,BHAGERIA,EQ,26034,14691,56.43
20,494,BHAGYANGR,EQ,259870,131593,50.64
20,495,BHANDARI,EQ,559776,289206,51.66
20,496,BHARATFORG,EQ,766715,393753,51.36
20,497,BHARATGEAR,EQ,17001,11926,70.15
20,498,BHARATRAS,EQ,932,481,51.61
20,499,BHARATWIRE,EQ,144751,93148,64.35
20,500,BHARTIARTL,EQ,3026723,1968366,65.03
20,501,BHARTIHEXA,EQ,463341,237031,51.16
20,502,BHEL,EQ,74932755,17360979,23.17
20,503,BHINVIT,IV,403791,389588,96.48
20,504,BIGBLOC,EQ,130584,68152,52.19
20,505,BIKAJI,EQ,105593,56820,53.81
20,506,BINANIIND,EQ,39009,34128,87.49
20,507,BIOCON,EQ,3666833,1614213,44.02
20,508,BIOFILCHEM,EQ,21028,14635,69.60
20,509,BIRDYS,SM,18000,15600,86.67
20,510,BIRET,RR,269301,246916,91.69
20,511,BIRLACABLE,EQ,60321,26085,43.24
20,512,BIRLACORPN,EQ,114253,81801,71.60
20,513,BIRLAMONEY,EQ,162339,92248,56.82
20,514,BLAL,EQ,676644,253023,37.39
20,515,BLISSGVS,EQ,111337,61228,54.99
20,516,BLKASHYAP,EQ,2060967,996667,48.36
20,517,BLS,EQ,2467855,601967,24.39
20,518,BLSE,EQ,141434,66650,47.12
20,519,BLUEDART,EQ,5908,2661,45.04
20,520,BLUEJET,EQ,100805,68805,68.26
20,521,BLUEPEBBLE,SM,58400,37600,64.38
20,522,BLUESTARCO,EQ,262005,157577,60.14
20,523,BMETRICS,SM,98800,65600,66.40
20,524,BODALCHEM,EQ,332623,184932,55.60
20,525,BOMDYEING,EQ,1781985,756170,42.43
20,526,BOROLTD,EQ,61704,33924,54.98
20,527,BORORENEW,EQ,298071,118486,39.75
20,528,BOSCHLTD,EQ,85634,49456,57.75
20,529,BPCL,EQ,7336905,2653206,36.16
20,530,BPL,EQ,148783,67578,45.42
20,531,BRIGADE,EQ,651119,469335,72.08
20,532,BRIGHT,SM,207000,126000,60.87
20,533,BRITANNIA,EQ,748236,308517,41.23
20,534,BSE,EQ,1100102,747901,67.98
20,535,BSE500IETF,EQ,252704,74922,29.65
20,536,BSHSL,EQ,22479,15506,68.98
20,537,BSL,EQ,3939,2079,52.78
20,538,BSLGOLDETF,EQ,322589,312474,96.86
20,539,BSLNIFTY,EQ,76473,42566,55.66
20,540,BSLSENETFG,EQ,4689,2676,57.07
20,541,BSOFT,EQ,3375934,1554998,46.06
20,542,BTML,EQ,2740367,1478856,53.97
20,543,BURNPUR,EQ,252326,216828,85.93
20,544,BUTTERFLY,EQ,10864,7271,66.93
20,545,BVCL,EQ,23756,19814,83.41
20,546,BYKE,EQ,49048,33088,67.46
20,547,CADSYS,ST,10500,10000,95.24
20,548,CAMLINFINE,EQ,1048888,671656,64.04
20,549,CAMPUS,EQ,1081980,529388,48.93
20,550,CAMS,EQ,602396,241852,40.15
20,551,CANARYS,SM,124000,84000,67.74
20,552,CANBK,EQ,32841192,19753641,60.15
20,553,CANFINHOME,EQ,301251,144779,48.06
20,554,CANTABIL,EQ,137449,59615,43.37
20,555,CAPACITE,EQ,1724910,584946,33.91
20,556,CAPITALSFB,EQ,38824,23985,61.78
20,557,CAPLIPOINT,EQ,60864,33488,55.02
20,558,CAPTRUST,EQ,11358,4571,40.24
20,559,CARBORUNIV,EQ,185628,50578,27.25
20,560,CAREERP,EQ,64699,38276,59.16
20,561,CARERATING,EQ,44836,29840,66.55
20,562,CARTRADE,EQ,340578,116599,34.24
20,563,CARYSIL,EQ,121593,62653,51.53
20,564,CASTROLIND,EQ,1435445,718551,50.06
20,565,CBAZAAR,SM,144000,120000,83.33
20,566,CCHHL,EQ,190833,115954,60.76
20,567,CCL,EQ,142364,65221,45.81
20,568,CDSL,EQ,1459651,557065,38.16
20,569,CEATLTD,EQ,103969,40319,38.78
20,570,CELEBRITY,EQ,219825,138453,62.98
20,571,CELLECOR,SM,45000,36600,81.33
20,572,CELLO,EQ,80025,47741,59.66
20,573,CELLPOINT,SM,10800,9600,88.89
20,574,CENTENKA,EQ,118525,52244,44.08
20,575,CENTRALBK,EQ,9273845,2921874,31.51
20,576,CENTRUM,EQ,1145613,562993,49.14
20,577,CENTUM,EQ,70565,44387,62.90
20,578,CENTURYPLY,EQ,66584,33480,50.28
20,579,CENTURYTEX,EQ,179501,96127,53.55
20,580,CERA,EQ,6860,2913,42.46
20,581,CESC,EQ,5444422,1772361,32.55
20,582,CGCL,EQ,155079,76496,49.33
20,583,CGPOWER,EQ,2386416,841815,35.28
20,584,CGRAPHICS,SM,104000,56000,53.85
20,585,CHALET,EQ,110404,53914,48.83
20,586,CHAMBLFERT,EQ,939166,249085,26.52
20,587,CHAVDA,SM,139000,82000,58.99
20,588,CHEMBOND,EQ,15389,7433,48.30
20,589,CHEMCON,EQ,33695,21839,64.81
20,590,CHEMFAB,EQ,31205,25359,81.27
20,591,CHEMPLASTS,EQ,86462,44635,51.62
20,592,CHENNPETRO,EQ,562493,184237,32.75
20,593,CHEVIOT,EQ,24256,13049,53.80
20,594,CHOICEIN,EQ,640248,124986,19.52
20,595,CHOLAFIN,EQ,730897,406958,55.68
20,596,CHOLAHLDNG,EQ,96583,65231,67.54
20,597,CIEINDIA,EQ,4450019,1171088,26.32
20,598,CIGNITITEC,EQ,189169,118939,62.87
20,599,CINELINE,EQ,797762,377385,47.31
20,600,CIPLA,EQ,4216347,1603684,38.03
20,601,CLEAN,EQ,375361,148177,39.48
20,602,CLEDUCATE,EQ,91048,64407,70.74
20,603,CLOUD,SM,51000,51000,100.00
20,604,CLSEL,EQ,72068,35242,48.90
20,605,CLSL,SM,8000,8000,100.00
20,606,CMMIPL,ST,111000,105000,94.59
20,607,CMNL,SM,22500,16500,73.33
20,608,CMRSL,SM,5600,5600,100.00
20,609,CMSINFO,EQ,1564377,826055,52.80
20,610,COALINDIA,EQ,28346931,8591842,30.31
20,611,COASTCORP,EQ,26542,8735,32.91
20,612,COCHINSHIP,EQ,9452432,1621298,17.15
20,613,COFFEEDAY,EQ,2719922,898070,33.02
20,614,COFORGE,EQ,1102680,473637,42.95
20,615,COLPAL,EQ,563903,271075,48.07
20,616,COMMOIETF,EQ,602347,529557,87.92
20,617,COMPUSOFT,EQ,131622,78875,59.93
20,618,COMSYN,EQ,6265,4698,74.99
20,619,CONCOR,EQ,1796314,780976,43.48
20,620,CONCORDBIO,EQ,82206,50515,61.45
20,621,CONFIPET,EQ,1133699,549746,48.49
20,622,CONS,EQ,593,329,55.48
20,623,CONSOFINVT,EQ,15690,10491,66.86
20,624,CONSUMBEES,EQ,35860,25699,71.66
20,625,CONSUMIETF,EQ,22360,12505,55.93
20,626,CONTROLPR,EQ,50968,30014,58.89
20,627,COOLCAPS,SM,3500,3250,92.86
20,628,CORDSCABLE,EQ,110960,58993,53.17
20,629,COROMANDEL,EQ,159853,59272,37.08
20,630,COSMOFIRST,EQ,38823,21084,54.31
20,631,COUNCODOS,EQ,108935,83297,76.46
20,632,CPS,ST,600,600,100.00
20,633,CPSEETF,EQ,4928669,2423273,49.17
20,634,CRAFTSMAN,EQ,111365,94681,85.02
20,635,CRAYONS,SM,8000,8000,100.00
20,636,CREATIVE,EQ,23808,18941,79.56
20,637,CREDITACC,EQ,82404,46283,56.17
20,638,CREST,EQ,26155,18095,69.18
20,639,CRISIL,EQ,13516,5981,44.25
20,640,CROMPTON,EQ,3717542,1840971,49.52
20,641,CSBBANK,EQ,305358,174116,57.02
20,642,CSLFINANCE,EQ,83314,53809,64.59
20,643,CUB,EQ,3711841,1575926,42.46
20,644,CUMMINSIND,EQ,479447,242982,50.68
20,645,CYBERTECH,EQ,52821,29182,55.25
20,646,CYIENT,EQ,116452,55465,47.63
20,647,CYIENTDLM,EQ,147855,100524,67.99
20,648,DABUR,EQ,4319988,1952669,45.20
20,649,DALBHARAT,EQ,131012,73665,56.23
20,650,DALMIASUG,EQ,90793,45309,49.90
20,651,DAMODARIND,EQ,24240,11754,48.49
20,652,DANGEE,EQ,189730,132403,69.78
20,653,DATAMATICS,EQ,75109,35705,47.54
20,654,DATAPATTNS,EQ,665765,259102,38.92
20,655,DAVANGERE,EQ,362939,177940,49.03
20,656,DBCORP,EQ,494783,233519,47.20
20,657,DBL,EQ,391605,209493,53.50
20,658,DBOL,EQ,79649,46174,57.97
20,659,DBREALTY,EQ,2797359,1537122,54.95
20,660,DBSTOCKBRO,EQ,14182,8048,56.75
20,661,DCAL,EQ,362239,186984,51.62
20,662,DCBBANK,EQ,1135719,609221,53.64
20,663,DCG,SM,62400,46800,75.00
20,664,DCM,EQ,25255,17491,69.26
20,665,DCMNVL,EQ,19731,12622,63.97
20,666,DCMSHRIRAM,EQ,46579,24092,51.72
20,667,DCMSRIND,EQ,571005,303286,53.11
20,668,DCW,EQ,869407,406058,46.71
20,669,DCXINDIA,EQ,690155,306990,44.48
20,670,DECCANCE,EQ,7140,3502,49.05
20,671,DEEM,SM,13000,12000,92.31
20,672,DEEPAKFERT,EQ,492028,238202,48.41
20,673,DEEPAKNTR,EQ,248335,109014,43.90
20,674,DEEPENR,EQ,20564,10685,51.96
20,675,DEEPINDS,EQ,112979,58555,51.83
20,676,DELAPLEX,SM,23400,20400,87.18
20,677,DELHIVERY,EQ,7735990,3856746,49.85
20,678,DELPHIFX,EQ,10260,8571,83.54
20,679,DELTACORP,EQ,835439,391059,46.81
20,680,DELTAMAGNT,EQ,11067,7108,64.23
20,681,DEN,EQ,1732631,738240,42.61
20,682,DENEERS,SM,16800,12000,71.43
20,683,DENORA,EQ,27243,13648,50.10
20,684,DENTALKART,SM,18750,15250,81.33
20,685,DESTINY,ST,9000,9000,100.00
20,686,DEVIT,EQ,24037,15210,63.28
20,687,DEVYANI,EQ,3440065,2800747,81.42
20,688,DHAMPURSUG,EQ,81704,41477,50.76
20,689,DHANI,EQ,3665281,1121561,30.60
20,690,DHANUKA,EQ,34549,14307,41.41
20,691,DHARMAJ,EQ,36022,20077,55.74
20,692,DHTL,SM,7200,6400,88.89
20,693,DHUNINV,EQ,1345,744,55.32
20,694,DIAMINESQ,EQ,18243,10637,58.31
20,695,DIAMONDYD,EQ,18090,8058,44.54
20,696,DICIND,EQ,4605,3188,69.23
20,697,DIGIKORE,SM,29600,25600,86.49
20,698,DIGISPICE,EQ,91449,63555,69.50
20,699,DIL,EQ,430256,247329,57.48
20,700,DISHTV,EQ,13326859,3228650,24.23
20,701,DIVGIITTS,EQ,25949,9452,36.43
20,702,DIVISLAB,EQ,398441,218751,54.90
20,703,DIVOPPBEES,EQ,45210,26432,58.46
20,704,DIXON,EQ,779953,154117,19.76
20,705,DLF,EQ,4576451,2164351,47.29
20,706,DLINKINDIA,EQ,890177,293810,33.01
20,707,DLSLNIFT24,NH,80,80,100.00
20,708,DMART,EQ,716981,378228,52.75
20,709,DMCC,EQ,47103,27974,59.39
20,710,DNAMEDIA,EQ,38938,38938,100.00
20,711,DODLA,EQ,218443,102556,46.95
20,712,DOLATALGO,EQ,1195542,547790,45.82
20,713,DOLLAR,EQ,1102087,505497,45.87
20,714,DOLLEX,SM,40000,24000,60.00
20,715,DOMS,EQ,64209,37598,58.56
20,716,DONEAR,EQ,126885,65346,51.50
20,717,DPABHUSHAN,EQ,101355,38666,38.15
20,718,DPSCLTD,EQ,533773,320015,59.95
20,719,DPWIRES,EQ,88605,16192,18.27
20,720,DRCSYSTEMS,EQ,248470,177962,71.62
20,721,DREAMFOLKS,EQ,105195,55361,52.63
20,722,DREDGECORP,EQ,452425,219047,48.42
20,723,DRONE,SM,123000,72000,58.54
20,724,DRREDDY,EQ,521022,257175,49.36
20,725,DSSL,EQ,158500,76799,48.45
20,726,DTIL,EQ,8418,5918,70.30
20,727,DUCOL,SM,16800,11200,66.67
20,728,DUGLOBAL,SM,50000,42500,85.00
20,729,DVL,EQ,123739,85112,68.78
20,730,DWARKESH,EQ,395135,210678,53.32
20,731,DYCL,EQ,96508,49098,50.87
20,732,DYNAMATECH,EQ,8534,4383,51.36
20,733,DYNAMIC,SM,118000,84000,71.19
20,734,DYNPRO,EQ,26296,11220,42.67
20,735,EASEMYTRIP,EQ,20269718,6586225,32.49
20,736,EBBETF0425,EQ,2043,1797,87.96
20,737,EBBETF0430,EQ,18903,18559,98.18
20,738,EBBETF0431,EQ,8233,7369,89.51
20,739,EBBETF0433,EQ,395,379,95.95
20,740,ECLERX,EQ,66055,37242,56.38
20,741,EDELWEISS,EQ,4459538,1633278,36.62
20,742,EFACTOR,SM,4000,4000,100.00
20,743,EFORCE,SM,16800,10800,64.29
20,744,EGOLD,EQ,105950,105672,99.74
20,745,EICHERMOT,EQ,201187,101931,50.66
20,746,EIDPARRY,EQ,1052744,408180,38.77
20,747,EIFFL,EQ,22539,16903,74.99
20,748,EIHAHOTELS,EQ,18843,9185,48.74
20,749,EIHOTEL,EQ,301644,171857,56.97
20,750,EIMCOELECO,EQ,6766,4847,71.64
20,751,EKC,EQ,371161,151404,40.79
20,752,ELDEHSG,EQ,3473,2793,80.42
20,753,ELECON,EQ,374187,218071,58.28
20,754,ELECTCAST,EQ,1200614,597890,49.80
20,755,ELGIEQUIP,EQ,82433,48546,58.89
20,756,ELGIRUBCO,EQ,701440,365319,52.08
20,757,ELIN,EQ,123586,75058,60.73
20,758,EMAMILTD,EQ,1214463,482069,39.69
20,759,EMAMIPAP,EQ,15513,8379,54.01
20,760,EMAMIREAL,EQ,53974,27275,50.53
20,761,EMBASSY,RR,1744993,1311259,75.14
20,762,EMIL,EQ,1211484,1107576,91.42
20,763,EMKAY,EQ,54868,25412,46.31
20,764,EMKAYTOOLS,SM,600,600,100.00
20,765,EMMBI,EQ,62968,31719,50.37
20,766,EMMIL,ST,331000,281000,84.89
20,767,EMSLIMITED,EQ,164362,91578,55.72
20,768,EMUDHRA,EQ,128422,81871,63.75
20,769,ENDURANCE,EQ,442374,228454,51.64
20,770,ENERGYDEV,EQ,72371,48175,66.57
20,771,ENFUSE,SM,33600,19200,57.14
20,772,ENGINERSIN,EQ,7290877,2664640,36.55
20,773,ENIL,EQ,116565,88554,75.97
20,774,ENSER,SM,144000,106000,73.61
20,775,ENTERO,EQ,76731,52110,67.91
20,776,EPACK,EQ,163902,94520,57.67
20,777,EPIGRAL,EQ,85844,30472,35.50
20,778,EPL,EQ,354135,172467,48.70
20,779,EQUAL50ADD,EQ,5103,4687,91.85
20,780,EQUITASBNK,EQ,1528370,997908,65.29
20,781,ERIS,EQ,177977,95909,53.89
20,782,EROSMEDIA,EQ,208812,98161,47.01
20,783,ESABINDIA,EQ,6222,2498,40.15
20,784,ESAFSFB,EQ,1119318,810144,72.38
20,785,ESCONET,SM,46400,32000,68.97
20,786,ESCORTS,EQ,223453,104410,46.73
20,787,ESFL,SM,38400,33600,87.50
20,788,ESG,EQ,20078,15843,78.91
20,789,ESILVER,EQ,10280,8141,79.19
20,790,ESSARSHPNG,EQ,205168,136811,66.68
20,791,ESTER,EQ,374761,156852,41.85
20,792,ETHOSLTD,EQ,25992,18427,70.89
20,793,EUROBOND,SM,8000,8000,100.00
20,794,EVEREADY,EQ,112974,55785,49.38
20,795,EVERESTIND,EQ,14005,5152,36.79
20,796,EXCEL,EQ,8473427,5320594,62.79
20,797,EXCELINDUS,EQ,30960,14890,48.09
20,798,EXICOM,EQ,479802,223752,46.63
20,799,EXIDEIND,EQ,3905977,1509511,38.65
20,800,EXPLEOSOL,EQ,12151,6400,52.67
20,801,EXXARO,EQ,989458,389451,39.36
20,802,FACT,EQ,188316,58424,31.02
20,803,FAIRCHEMOR,EQ,17139,8776,51.20
20,804,FAZE3Q,EQ,22592,10102,44.71
20,805,FCL,EQ,205050,83375,40.66
20,806,FCSSOFT,EQ,3907994,2425890,62.08
20,807,FDC,EQ,145248,72136,49.66
20,808,FEDERALBNK,EQ,15020638,5306227,35.33
20,809,FEDFINA,EQ,275253,167004,60.67
20,810,FELIX,SM,90500,49500,54.70
20,811,FIBERWEB,EQ,4542813,1038570,22.86
20,812,FIDEL,SM,4000,3000,75.00
20,813,FIEMIND,EQ,162425,73008,44.95
20,814,FILATEX,EQ,1149618,544898,47.40
20,815,FILATFASH,EQ,860000,429360,49.93
20,816,FINCABLES,EQ,3086420,454904,14.74
20,817,FINEORG,EQ,22770,12195,53.56
20,818,FINIETF,EQ,145683,115150,79.04
20,819,FINOPB,EQ,95846,51031,53.24
20,820,FINPIPE,EQ,1768723,652194,36.87
20,821,FIVESTAR,EQ,315548,231862,73.48
20,822,FLAIR,EQ,84548,57184,67.63
20,823,FLUOROCHEM,EQ,59769,29323,49.06
20,824,FMCGIETF,EQ,548329,479998,87.54
20,825,FMGOETZE,EQ,342348,231490,67.62
20,826,FOCE,SM,200,200,100.00
20,827,FOCUS,EQ,95643,42634,44.58
20,828,FONEBOX,SM,17000,16000,94.12
20,829,FOODSIN,EQ,248398,145326,58.51
20,830,FORCEMOT,EQ,24566,14617,59.50
20,831,FORTIS,EQ,4225384,2853896,67.54
20,832,FOSECOIND,EQ,4262,3046,71.47
20,833,FROG,SM,149600,82000,54.81
20,834,FSL,EQ,1163944,484437,41.62
20,835,FUSION,EQ,163967,89339,54.49
20,836,GABRIEL,EQ,324540,156802,48.32
20,837,GAEL,EQ,311709,145614,46.71
20,838,GAIL,EQ,36029532,20042892,55.63
20,839,GALAXYSURF,EQ,60454,45901,75.93
20,840,GANDHAR,EQ,980500,385767,39.34
20,841,GANDHITUBE,EQ,2223,1166,52.45
20,842,GANECOS,EQ,50318,22911,45.53
20,843,GANESHBE,EQ,132533,67463,50.90
20,844,GANESHHOUC,EQ,67852,40607,59.85
20,845,GANGESSECU,EQ,10854,5188,47.80
20,846,GARFIBRES,EQ,4824,3084,63.93
20,847,GATEWAY,EQ,336076,171789,51.12
20,848,GEECEE,EQ,460126,207213,45.03
20,849,GEEKAYWIRE,EQ,99831,63489,63.60
20,850,GENCON,EQ,13768,9345,67.87
20,851,GENESYS,EQ,80047,47488,59.33
20,852,GENSOL,EQ,219325,122683,55.94
20,853,GENUSPAPER,EQ,491940,179373,36.46
20,854,GENUSPOWER,EQ,580258,311478,53.68
20,855,GEOJITFSL,EQ,1544567,610788,39.54
20,856,GEPIL,EQ,3194483,884370,27.68
20,857,GESHIP,EQ,1085534,705872,65.03
20,858,GFLLIMITED,EQ,97792,61849,63.25
20,859,GHCL,EQ,145443,84503,58.10
20,860,GHCLTEXTIL,EQ,199135,118486,59.50
20,861,GICHSGFIN,EQ,1306805,436852,33.43
20,862,GICRE,EQ,15605191,2717926,17.42
20,863,GILLETTE,EQ,23816,12467,52.35
20,864,GILT5YBEES,EQ,231477,209923,90.69
20,865,GINNIFILA,EQ,213338,120699,56.58
20,866,GIPCL,EQ,254280,129473,50.92
20,867,GIRIRAJ,ST,500,500,100.00
20,868,GLAND,EQ,131943,64976,49.25
20,869,GLAXO,EQ,323420,184086,56.92
20,870,GLENMARK,EQ,256930,100542,39.13
20,871,GLOBALPET,SM,9000,7500,83.33
20,872,GLOBE,EQ,3526019,2956020,83.83
20,873,GLOBUSSPR,EQ,47795,24817,51.92
20,874,GLOSTERLTD,EQ,1821,721,39.59
20,875,GLS,EQ,93194,60896,65.34
20,876,GMBREW,EQ,106303,56343,53.00
20,877,GMDCLTD,EQ,1445409,537074,37.16
20,878,GMMPFAUDLR,EQ,53548,36950,69.00
20,879,GMRINFRA,EQ,49986916,15424018,30.86
20,880,GMRP&UI,EQ,3106952,1836289,59.10
20,881,GNA,EQ,116094,53387,45.99
20,882,GNFC,EQ,389973,130602,33.49
20,883,GOACARBON,EQ,174109,62087,35.66
20,884,GOCLCORP,EQ,103018,59953,58.20
20,885,GOCOLORS,EQ,16266,9093,55.90
20,886,GODFRYPHLP,EQ,84021,17078,20.33
20,887,GODHA,EQ,5609948,5600613,99.83
20,888,GODREJAGRO,EQ,75601,45435,60.10
20,889,GODREJCP,EQ,1187844,459335,38.67
20,890,GODREJIND,EQ,277414,134548,48.50
20,891,GODREJPROP,EQ,624902,287546,46.01
20,892,GOKEX,EQ,63882,34039,53.28
20,893,GOKULAGRO,EQ,182256,73294,40.21
20,894,GOLD1,EQ,216922,153921,70.96
20,895,GOLDBEES,EQ,4495340,3226107,71.77
20,896,GOLDCASE,EQ,237990,205076,86.17
20,897,GOLDETF,EQ,38979,24934,63.97
20,898,GOLDETFADD,EQ,42063,41076,97.65
20,899,GOLDIAM,EQ,613003,207060,33.78
20,900,GOLDIETF,EQ,635257,562372,88.53
20,901,GOLDSHARE,EQ,53451,42041,78.65
20,902,GOLDSTAR,SM,2553750,1518750,59.47
20,903,GOLDTECH,EQ,28909,17733,61.34
20,904,GOODLUCK,EQ,31873,14839,46.56
20,905,GOPAL,EQ,112392,46010,40.94
20,906,GOYALSALT,SM,14400,12600,87.50
20,907,GPIL,EQ,781561,265637,33.99
20,908,GPPL,EQ,2020681,804492,39.81
20,909,GPTHEALTH,EQ,203785,126511,62.08
20,910,GRANULES,EQ,4076155,1704518,41.82
20,911,GRAPHISAD,SM,8400,6000,71.43
20,912,GRAPHITE,EQ,2038424,482850,23.69
20,913,GRASIM,EQ,722345,425713,58.93
20,914,GRASIMPP,E1,33697,28685,85.13
20,915,GRAVITA,EQ,780551,410130,52.54
20,916,GRCL,SM,4500,4000,88.89
20,917,GREAVESCOT,EQ,514181,239283,46.54
20,918,GREENCHEF,SM,5600,4800,85.71
20,919,GREENLAM,EQ,108405,41877,38.63
20,920,GREENPANEL,EQ,134283,55538,41.36
20,921,GREENPLY,EQ,476796,199619,41.87
20,922,GREENPOWER,EQ,3969832,2333733,58.79
20,923,GRETEX,ST,3000,3000,100.00
20,924,GRINDWELL,EQ,63277,44458,70.26
20,925,GRINFRA,EQ,223293,65027,29.12
20,926,GRMOVER,EQ,27780,16494,59.37
20,927,GROBTEA,EQ,735,534,72.65
20,928,GRPLTD,EQ,8198,4125,50.32
20,929,GRSE,EQ,2816054,730597,25.94
20,930,GRWRHITECH,EQ,8879,4647,52.34
20,931,GSEC10IETF,EQ,220,213,96.82
20,932,GSEC10YEAR,EQ,986,906,91.89
20,933,GSEC5IETF,EQ,931,927,99.57
20,934,GSFC,EQ,8668647,3670021,42.34
20,935,GSLSU,EQ,768526,255594,33.26
20,936,GSPL,EQ,1150648,809951,70.39
20,937,GSS,EQ,33338,21850,65.54
20,938,GSTL,SM,10000,8000,80.00
20,939,GTLINFRA,EQ,20176775,11560483,57.30
20,940,GTPL,EQ,39089,20811,53.24
20,941,GUFICBIO,EQ,99471,57167,57.47
20,942,GUJALKALI,EQ,69557,34794,50.02
20,943,GUJAPOLLO,EQ,9670,4982,51.52
20,944,GUJGASLTD,EQ,1052694,227383,21.60
20,945,GUJRAFFIA,EQ,15642,10388,66.41
20,946,GULFOILLUB,EQ,1713417,204679,11.95
20,947,GULFPETRO,EQ,210412,95734,45.50
20,948,GULPOLY,EQ,467966,245196,52.40
20,949,GVKPIL,EQ,2512992,1685326,67.06
20,950,GVPTECH,EQ,178163,133946,75.18
20,951,HAL,EQ,5032087,1442672,28.67
20,952,HAPPSTMNDS,EQ,239168,119994,50.17
20,953,HAPPYFORGE,EQ,102096,65905,64.55
20,954,HARDWYN,EQ,532442,181099,34.01
20,955,HARIOMPIPE,EQ,99334,55514,55.89
20,956,HARRMALAYA,EQ,28399,18772,66.10
20,957,HARSHA,EQ,2097722,798029,38.04
20,958,HATHWAY,EQ,7932047,1580793,19.93
20,959,HATSUN,EQ,22100,9513,43.05
20,960,HAVELLS,EQ,1042740,632046,60.61
20,961,HAVISHA,EQ,80536,54011,67.06
20,962,HBLPOWER,EQ,1036805,412722,39.81
20,963,HBSL,EQ,72671,58368,80.32
20,964,HCC,EQ,27151973,8734802,32.17
20,965,HCG,EQ,96226,56454,58.67
20,966,HCLTECH,EQ,2390777,1737748,72.69
20,967,HDFCAMC,EQ,247535,154502,62.42
20,968,HDFCBANK,EQ,19998139,11501213,57.51
20,969,HDFCBSE500,EQ,19874,10896,54.83
20,970,HDFCGOLD,EQ,390933,264588,67.68
20,971,HDFCGROWTH,EQ,8855,7116,80.36
20,972,HDFCLIFE,EQ,3820060,2848457,74.57
20,973,HDFCLIQUID,EQ,168,168,100.00
20,974,HDFCLOWVOL,EQ,20552,12302,59.86
20,975,HDFCMID150,EQ,177514,112502,63.38
20,976,HDFCMOMENT,EQ,284062,253098,89.10
20,977,HDFCNEXT50,EQ,34582,21218,61.36
20,978,HDFCNIF100,EQ,26245,19762,75.30
20,979,HDFCNIFBAN,EQ,147394,123177,83.57
20,980,HDFCNIFIT,EQ,15515,12572,81.03
20,981,HDFCNIFTY,EQ,37280,27392,73.48
20,982,HDFCPSUBK,EQ,21976,18301,83.28
20,983,HDFCPVTBAN,EQ,502001,436706,86.99
20,984,HDFCQUAL,EQ,3545,3288,92.75
20,985,HDFCSENSEX,EQ,27233,25895,95.09
20,986,HDFCSILVER,EQ,273516,173052,63.27
20,987,HDFCSML250,EQ,357975,239439,66.89
20,988,HDFCVALUE,EQ,3626,3272,90.24
20,989,HEALTHADD,EQ,2309,2050,88.78
20,990,HEALTHIETF,EQ,30031,22823,76.00
20,991,HEALTHY,EQ,214772,183220,85.31
20,992,HECPROJECT,EQ,16213,13579,83.75
20,993,HEG,EQ,1377184,305487,22.18
20,994,HEIDELBERG,EQ,438320,244949,55.88
20,995,HEMIPROP,EQ,789639,326015,41.29
20,996,HERANBA,EQ,28259,18580,65.75
20,997,HERCULES,EQ,60816,27391,45.04
20,998,HERITGFOOD,EQ,296388,158100,53.34
20,999,HEROMOTOCO,EQ,422368,184317,43.64
20,1000,HESTERBIO,EQ,2015,1174,58.26
20,1001,HEUBACHIND,EQ,24952,15218,60.99
20,1002,HEXATRADEX,EQ,18329,10716,58.46
20,1003,HFCL,EQ,18068681,6164723,34.12
20,1004,HGINFRA,EQ,1774690,282223,15.90
20,1005,HGS,EQ,16634,9420,56.63
20,1006,HIGREEN,SM,64000,47200,73.75
20,1007,HIKAL,EQ,307468,138456,45.03
20,1008,HIL,EQ,8458,4958,58.62
20,1009,HILTON,EQ,298460,77161,25.85
20,1010,HIMATSEIDE,EQ,246641,116013,47.04
20,1011,HINDALCO,EQ,8004434,4297394,53.69
20,1012,HINDCOMPOS,EQ,73210,33326,45.52
20,1013,HINDCOPPER,EQ,53472984,19510835,36.49
20,1014,HINDMOTORS,EQ,8948439,2803717,31.33
20,1015,HINDOILEXP,EQ,609225,240336,39.45
20,1016,HINDPETRO,EQ,6875969,2612895,38.00
20,1017,HINDUNILVR,EQ,1914851,1031872,53.89
20,1018,HINDWAREAP,EQ,118704,66780,56.26
20,1019,HINDZINC,EQ,17441458,2565166,14.71
20,1020,HIRECT,EQ,32381,20823,64.31
20,1021,HISARMETAL,EQ,17591,8704,49.48
20,1022,HITECH,EQ,345664,210195,60.81
20,1023,HITECHCORP,EQ,5396,3085,57.17
20,1024,HLEGLAS,EQ,22526,12472,55.37
20,1025,HMAAGRO,EQ,342846,198992,58.04
20,1026,HMVL,EQ,60803,29048,47.77
20,1027,HNDFDS,EQ,80336,49808,62.00
20,1028,HNGSNGBEES,EQ,182226,126749,69.56
20,1029,HOLMARC,SM,12000,10500,87.50
20,1030,HOMEFIRST,EQ,121513,84384,69.44
20,1031,HOMESFY,ST,2700,2700,100.00
20,1032,HONASA,EQ,602535,367734,61.03
20,1033,HONAUT,EQ,4353,1971,45.28
20,1034,HONDAPOWER,EQ,42591,17941,42.12
20,1035,HPAL,EQ,107060,67047,62.63
20,1036,HPIL,EQ,1596,357,22.37
20,1037,HPL,EQ,299625,125360,41.84
20,1038,HSCL,EQ,787783,536647,68.12
20,1039,HTMEDIA,EQ,293214,144200,49.18
20,1040,HUDCO,EQ,17398365,4915390,28.25
20,1041,HUHTAMAKI,EQ,46307,27761,59.95
20,1042,HYBRIDFIN,EQ,1277,1277,100.00
20,1043,IBHFZC25F,Y5,83,83,100.00
20,1044,IBLFL,SM,118000,80000,67.80
20,1045,IBREALEST,EQ,21831867,8350184,38.25
20,1046,IBULHSGFIN,EQ,8443389,3239984,38.37
20,1047,IBULPP,E1,2204233,1378336,62.53
20,1048,ICCL25,NS,1,1,100.00
20,1049,ICEMAKE,EQ,52281,13759,26.32
20,1050,ICICIB22,EQ,463189,222760,48.09
20,1051,ICICIBANK,EQ,17527411,8984502,51.26
20,1052,ICICIGI,EQ,457808,309897,67.69
20,1053,ICICIPRULI,EQ,1382865,866033,62.63
20,1054,ICIL,EQ,169915,109151,64.24
20,1055,ICRA,EQ,3533,1940,54.91
20,1056,IDBI,EQ,4503386,2009660,44.63
20,1057,IDEA,EQ,363222831,153690535,42.31
20,1058,IDEAFORGE,EQ,578367,276596,47.82
20,1059,IDFC,EQ,3861144,2535897,65.68
20,1060,IDFCFIRSTB,EQ,45920790,19331770,42.10
20,1061,IDFNIFTYET,EQ,1294,1183,91.42
20,1062,IEL,EQ,350216,279304,79.75
20,1063,IEML,ST,1881000,1872000,99.52
20,1064,IEX,EQ,19979093,7348844,36.78
20,1065,IFBAGRO,EQ,1715,926,53.99
20,1066,IFBIND,EQ,17313,8952,51.71
20,1067,IFCI,EQ,31166728,12110194,38.86
20,1068,IFCIZC25,NM,65,20,30.77
20,1069,IFGLEXPOR,EQ,28936,17727,61.26
20,1070,IGARASHI,EQ,51830,15773,30.43
20,1071,IGL,EQ,2535738,1479869,58.36
20,1072,IGPL,EQ,102642,42245,41.16
20,1073,IIFL,EQ,438093,217483,49.64
20,1074,IIFLSEC,EQ,6428762,2184455,33.98
20,1075,IIFLZC24,NK,5,5,100.00
20,1076,IIFLZC25A,NP,47,47,100.00
20,1077,IIFLZC25B,NW,50,50,100.00
20,1078,IIFLZC26,NN,2,2,100.00
20,1079,IIFLZC28,NG,211,211,100.00
20,1080,IITL,EQ,10729,8152,75.98
20,1081,IKIO,EQ,90291,53009,58.71
20,1082,IMAGICAA,EQ,960450,350221,36.46
20,1083,IMC1,N2,207,207,100.00
20,1084,IMFA,EQ,95277,48330,50.73
20,1085,IMPAL,EQ,4323,3671,84.92
20,1086,INCREDIBLE,EQ,8859,6395,72.19
20,1087,INDBANK,EQ,94635,56622,59.83
20,1088,INDGN,EQ,1487541,848298,57.03
20,1089,INDHOTEL,EQ,1349982,650246,48.17
20,1090,INDIACEM,EQ,1130215,595156,52.66
20,1091,INDIAGLYCO,EQ,61235,33342,54.45
20,1092,INDIAMART,EQ,223457,73050,32.69
20,1093,INDIANB,EQ,2985879,1487280,49.81
20,1094,INDIANCARD,EQ,4774,3298,69.08
20,1095,INDIANHUME,EQ,1518543,397850,26.20
20,1096,INDIASHLTR,EQ,34247,17987,52.52
20,1097,INDIFRA,SM,50000,28000,56.00
20,1098,INDIGO,EQ,746320,362206,48.53
20,1099,INDIGOPNTS,EQ,127003,40737,32.08
20,1100,INDIGRID,IV,250227,237893,95.07
20,1101,INDNIPPON,EQ,36834,13385,36.34
20,1102,INDOAMIN,EQ,51058,29958,58.67
20,1103,INDOBORAX,EQ,57388,31106,54.20
20,1104,INDOCO,EQ,142466,64947,45.59
20,1105,INDORAMA,EQ,113295,70155,61.92
20,1106,INDOSTAR,EQ,117801,63998,54.33
20,1107,INDOTHAI,EQ,5182,1736,33.50
20,1108,INDOWIND,EQ,390991,244298,62.48
20,1109,INDRAMEDCO,EQ,144105,84112,58.37
20,1110,INDSWFTLAB,EQ,277902,153115,55.10
20,1111,INDTERRAIN,EQ,67037,43817,65.36
20,1112,INDUSINDBK,EQ,6739695,4148396,61.55
20,1113,INDUSTOWER,EQ,8139260,4414704,54.24
20,1114,INFIBEAM,EQ,16073234,5243559,32.62
20,1115,INFINIUM,SM,6500,5000,76.92
20,1116,INFOBEAN,EQ,12924,8128,62.89
20,1117,INFOLLION,SM,8000,6400,80.00
20,1118,INFRABEES,EQ,15664,9577,61.14
20,1119,INFRAIETF,EQ,117557,68506,58.27
20,1120,INFY,EQ,7173285,5066600,70.63
20,1121,INGERRAND,EQ,26500,10900,41.13
20,1122,INM,SM,1200,1200,100.00
20,1123,INNOVACAP,EQ,40772,24041,58.96
20,1124,INNOVANA,SM,2200,1400,63.64
20,1125,INNOVATIVE,SM,24000,18000,75.00
20,1126,INOXGREEN,EQ,715594,471194,65.85
20,1127,INOXINDIA,EQ,196285,78920,40.21
20,1128,INOXWIND,EQ,1461350,1079374,73.86
20,1129,INSECTICID,EQ,11958,6019,50.33
20,1130,INSPIRE,SM,8000,6000,75.00
20,1131,INTELLECT,EQ,319449,197936,61.96
20,1132,INTENTECH,EQ,115788,87518,75.58
20,1133,INTLCONV,EQ,193685,96013,49.57
20,1134,IOB,EQ,15967871,4951684,31.01
20,1135,IOC,EQ,20053145,8161265,40.70
20,1136,IOLCP,EQ,109221,66188,60.60
20,1137,IONEXCHANG,EQ,267016,114269,42.79
20,1138,IPCALAB,EQ,173094,68355,39.49
20,1139,IPL,EQ,467160,179833,38.49
20,1140,IPSL,SM,1000,1000,100.00
20,1141,IRB,EQ,125764439,43435810,34.54
20,1142,IRBINVIT,IV,317717,301994,95.05
20,1143,IRCON,EQ,31008571,9461695,30.51
20,1144,IRCTC,EQ,3646850,1088743,29.85
20,1145,IREDA,EQ,73020031,21638560,29.63
20,1146,IRFC,EQ,93399530,27358585,29.29
20,1147,IRISDOREME,EQ,50263,13946,27.75
20,1148,IRMENERGY,EQ,285178,157434,55.21
20,1149,ISEC,EQ,341934,205548,60.11
20,1150,ISFT,EQ,118149,68443,57.93
20,1151,ISGEC,EQ,50455,22893,45.37
20,1152,ISHAN,SM,336000,288000,85.71
20,1153,ISMTLTD,EQ,1949648,754541,38.70
20,1154,IT,EQ,78547,61765,78.63
20,1155,ITALIANE,SM,12000,10000,83.33
20,1156,ITBEES,EQ,5245335,3179365,60.61
20,1157,ITC,EQ,10627595,5998493,56.44
20,1158,ITDC,EQ,204342,50972,24.94
20,1159,ITDCEM,EQ,446343,224585,50.32
20,1160,ITETF,EQ,200655,187728,93.56
20,1161,ITETFADD,EQ,20866,15762,75.54
20,1162,ITI,EQ,17136645,2026150,11.82
20,1163,ITIETF,EQ,344079,173657,50.47
20,1164,IVC,EQ,347832,255024,73.32
20,1165,IVZINGOLD,EQ,94,75,79.79
20,1166,IVZINNIFTY,EQ,12,11,91.67
20,1167,IZMO,EQ,30644,17577,57.36
20,1168,JAGRAN,EQ,434555,244125,56.18
20,1169,JAGSNPHARM,EQ,36900,24101,65.31
20,1170,JAICORPLTD,EQ,1263459,457909,36.24
20,1171,JAINAM,SM,4000,4000,100.00
20,1172,JALAN,SM,3000,3000,100.00
20,1173,JAMNAAUTO,EQ,1816712,895128,49.27
20,1174,JASH,EQ,38163,17692,46.36
20,1175,JAYAGROGN,EQ,20628,13427,65.09
20,1176,JAYBARMARU,EQ,134520,63725,47.37
20,1177,JAYNECOIND,EQ,203485,126298,62.07
20,1178,JAYSREETEA,EQ,19251,9870,51.27
20,1179,JBCHEPHARM,EQ,752889,608987,80.89
20,1180,JBMA,EQ,900477,179365,19.92
20,1181,JCHAC,EQ,39158,22002,56.19
20,1182,JETFREIGHT,EQ,61181,52221,85.35
20,1183,JFLLIFE,SM,2000,2000,100.00
20,1184,JGCHEM,EQ,62459,36825,58.96
20,1185,JINDALPHOT,EQ,138551,66324,47.87
20,1186,JINDALPOLY,EQ,38822,17387,44.79
20,1187,JINDALSAW,EQ,1360449,741028,54.47
20,1188,JINDALSTEL,EQ,2169567,809024,37.29
20,1189,JINDRILL,EQ,294796,84126,28.54
20,1190,JINDWORLD,EQ,87619,77493,88.44
20,1191,JIOFIN,EQ,12042414,5714170,47.45
20,1192,JISLDVREQS,EQ,28938,16667,57.60
20,1193,JISLJALEQS,EQ,5571710,2508552,45.02
20,1194,JIWANRAM,SM,60000,48000,80.00
20,1195,J&KBANK,EQ,1802517,900121,49.94
20,1196,JKCEMENT,EQ,246617,146543,59.42
20,1197,JKIL,EQ,323705,143738,44.40
20,1198,JKLAKSHMI,EQ,77382,35195,45.48
20,1199,JKPAPER,EQ,415461,226592,54.54
20,1200,JKTYRE,EQ,5961925,1328853,22.29
20,1201,JLHL,EQ,73272,37187,50.75
20,1202,JMFINANCIL,EQ,2360255,1200960,50.88
20,1203,JNKINDIA,EQ,127719,49687,38.90
20,1204,JOCIL,EQ,22987,16101,70.04
20,1205,JPASSOCIAT,EQ,36546758,15728649,43.04
20,1206,JPOLYINVST,EQ,46391,30855,66.51
20,1207,JPPOWER,EQ,37018441,22701490,61.32
20,1208,JSFB,EQ,214225,128662,60.06
20,1209,JSL,EQ,2349155,1227537,52.25
20,1210,JSLL,ST,30240,30060,99.40
20,1211,JSWENERGY,EQ,5160226,2910265,56.40
20,1212,JSWHL,EQ,5731,2476,43.20
20,1213,JSWINFRA,EQ,5818023,2763020,47.49
20,1214,JSWSTEEL,EQ,2938404,1298724,44.20
20,1215,JTEKTINDIA,EQ,71476,32280,45.16
20,1216,JTLIND,EQ,340688,155229,45.56
20,1217,JUBLFOOD,EQ,2326639,947225,40.71
20,1218,JUBLINDS,EQ,15063,8082,53.65
20,1219,JUBLINGREA,EQ,159935,62669,39.18
20,1220,JUBLPHARMA,EQ,172335,75008,43.52
20,1221,JUNIORBEES,EQ,186951,126269,67.54
20,1222,JUNIPER,EQ,116537,75807,65.05
20,1223,JUSTDIAL,EQ,276784,102678,37.10
20,1224,JWL,EQ,2303378,911336,39.57
20,1225,JYOTHYLAB,EQ,833272,361579,43.39
20,1226,JYOTICNC,EQ,235536,119609,50.78
20,1227,K2INFRA,SM,60000,46800,78.00
20,1228,KABRAEXTRU,EQ,55864,29748,53.25
20,1229,KAJARIACER,EQ,273129,163094,59.71
20,1230,KAKATCEM,EQ,5379,3299,61.33
20,1231,KALAMANDIR,EQ,182078,101799,55.91
20,1232,KALYANIFRG,EQ,2019,1061,52.55
20,1233,KALYANKJIL,EQ,777505,445998,57.36
20,1234,KAMATHOTEL,EQ,73717,48163,65.33
20,1235,KAMDHENU,EQ,104178,53618,51.47
20,1236,KAMOPAINTS,EQ,549854,450129,81.86
20,1237,KANDARP,SM,32000,20000,62.50
20,1238,KANORICHEM,EQ,13930,7424,53.30
20,1239,KANPRPLA,EQ,11155,7066,63.34
20,1240,KANSAINER,EQ,268113,147274,54.93
20,1241,KAPSTON,EQ,13972,6285,44.98
20,1242,KARNIKA,SM,21600,20800,96.30
20,1243,KARURVYSYA,EQ,1490242,770370,51.69
20,1244,KAUSHALYA,EQ,416,265,63.70
20,1245,KAVVERITEL,EQ,76418,49429,64.68
20,1246,KAYA,EQ,30397,19133,62.94
20,1247,KAYNES,EQ,361179,169260,46.86
20,1248,KBCGLOBAL,EQ,9702200,5698992,58.74
20,1249,KCEIL,SM,98000,55000,56.12
20,1250,KCK,SM,42000,22000,52.38
20,1251,KCP,EQ,606558,352006,58.03
20,1252,KCPSUGIND,EQ,170256,89459,52.54
20,1253,KDDL,EQ,9494,4055,42.71
20,1254,KDL,SM,5000,5000,100.00
20,1255,KEC,EQ,331923,177664,53.53
20,1256,KECL,EQ,1684219,628389,37.31
20,1257,KEI,EQ,128255,65906,51.39
20,1258,KEL,SM,21600,16800,77.78
20,1259,KELLTONTEC,EQ,312536,161993,51.83
20,1260,KERNEX,EQ,17127,11329,66.15
20,1261,KESORAMIND,EQ,571222,262245,45.91
20,1262,KFINTECH,EQ,241695,91167,37.72
20,1263,KHADIM,EQ,12609,9461,75.03
20,1264,KHAICHEM,EQ,118174,64118,54.26
20,1265,KHAITANLTD,EQ,1152,878,76.22
20,1266,KHANDSE,EQ,15238,13389,87.87
20,1267,KHFM,SM,21700,9300,42.86
20,1268,KICL,EQ,5634,2232,39.62
20,1269,KILITCH,EQ,4087,2128,52.07
20,1270,KIMS,EQ,50645,36063,71.21
20,1271,KINGFA,EQ,2705,1322,48.87
20,1272,KIOCL,EQ,2224263,365820,16.45
20,1273,KIRIINDUS,EQ,228094,118375,51.90
20,1274,KIRLOSBROS,EQ,159859,74400,46.54
20,1275,KIRLOSENG,EQ,277338,132523,47.78
20,1276,KIRLOSIND,EQ,4210,1859,44.16
20,1277,KIRLPNU,EQ,122696,81887,66.74
20,1278,KITEX,EQ,245070,108629,44.33
20,1279,KKCL,EQ,53137,44286,83.34
20,1280,KLL,SM,38400,24000,62.50
20,1281,KMSUGAR,EQ,1017153,446198,43.87
20,1282,KNAGRI,SM,14400,13600,94.44
20,1283,KNRCON,EQ,2892377,1184806,40.96
20,1284,KODYTECH,SM,48500,32600,67.22
20,1285,KOHINOOR,EQ,98994,43626,44.07
20,1286,KOKUYOCMLN,EQ,378164,178941,47.32
20,1287,KOLTEPATIL,EQ,92972,45655,49.11
20,1288,KONSTELEC,SM,119000,99000,83.19
20,1289,KONTOR,SM,217200,162000,74.59
20,1290,KOPRAN,EQ,251579,151469,60.21
20,1291,KORE,SM,4000,3500,87.50
20,1292,KOTAKBANK,EQ,6058697,3601884,59.45
20,1293,KOTARISUG,EQ,293618,134454,45.79
20,1294,KOTHARIPET,EQ,109398,38352,35.06
20,1295,KOTHARIPRO,EQ,6730,3702,55.01
20,1296,KOTYARK,SM,60800,43500,71.55
20,1297,KPIGREEN,EQ,313532,183170,58.42
20,1298,KPIL,EQ,162136,69446,42.83
20,1299,KPITTECH,EQ,643796,330157,51.28
20,1300,KPRMILL,EQ,98609,40798,41.37
20,1301,KRBL,EQ,2414621,1152720,47.74
20,1302,KREBSBIO,EQ,23764,19007,79.98
20,1303,KRISHANA,EQ,90950,73784,81.13
20,1304,KRISHCA,SM,4000,4000,100.00
20,1305,KRISHNADEF,SM,54500,32500,59.63
20,1306,KRITI,EQ,580484,469524,80.88
20,1307,KRITINUT,EQ,29923,15823,52.88
20,1308,KRSNAA,EQ,54440,32784,60.22
20,1309,KRYSTAL,EQ,23400,13174,56.30
20,1310,KSB,EQ,23672,10825,45.73
20,1311,KSCL,EQ,721798,144519,20.02
20,1312,KSL,EQ,53440,30747,57.54
20,1313,KSOLVES,EQ,25597,16245,63.46
20,1314,KTKBANK,EQ,730391,453021,62.02
20,1315,KTL,SM,129000,114000,88.37
20,1316,KUANTUM,EQ,112695,59059,52.41
20,1317,LAL,EQ,99280,60848,61.29
20,1318,LALPATHLAB,EQ,508643,285789,56.19
20,1319,LAMBODHARA,EQ,15109,8267,54.72
20,1320,LANCORHOL,EQ,170686,94773,55.52
20,1321,LANDMARK,EQ,23783,11309,47.55
20,1322,LAOPALA,EQ,69090,34413,49.81
20,1323,LASA,EQ,22478,15426,68.63
20,1324,LAURUSLABS,EQ,2216524,1080367,48.74
20,1325,LAWSIKHO,SM,41500,29500,71.08
20,1326,LAXMICOT,EQ,32193,15261,47.40
20,1327,LAXMIMACH,EQ,5260,2452,46.62
20,1328,LEMERITE,SM,116800,80000,68.49
20,1329,LEMONTREE,EQ,1885476,1087734,57.69
20,1330,LEXUS,EQ,33032,21007,63.60
20,1331,LGBBROSLTD,EQ,31816,22269,69.99
20,1332,LGBFORGE,EQ,214829,166515,77.51
20,1333,LIBAS,EQ,42934,29907,69.66
20,1334,LIBERTSHOE,EQ,28200,21562,76.46
20,1335,LICHSGFIN,EQ,2439158,1435024,58.83
20,1336,LICI,EQ,7658810,3160155,41.26
20,1337,LICMFGOLD,EQ,84,55,65.48
20,1338,LICNETFGSC,EQ,14020,12621,90.02
20,1339,LICNETFN50,EQ,221,122,55.20
20,1340,LICNETFSEN,EQ,1117,302,27.04
20,1341,LICNFNHGP,EQ,1691,872,51.57
20,1342,LICNMID100,EQ,15088,12880,85.37
20,1343,LIKHITHA,EQ,116286,73158,62.91
20,1344,LINC,EQ,8730,4390,50.29
20,1345,LINCOLN,EQ,40254,20651,51.30
20,1346,LINDEINDIA,EQ,255181,84422,33.08
20,1347,LIQUID,EQ,70877,45798,64.62
20,1348,LIQUID1,EQ,5156,4580,88.83
20,1349,LIQUIDADD,EQ,326634,246053,75.33
20,1350,LIQUIDBEES,EQ,3431757,2978476,86.79
20,1351,LIQUIDCASE,EQ,3580249,2317867,64.74
20,1352,LIQUIDETF,EQ,270215,152198,56.32
20,1353,LIQUIDIETF,EQ,746141,629013,84.30
20,1354,LIQUIDSBI,EQ,13553,12668,93.47
20,1355,LLOYDS,SM,17000,15000,88.24
20,1356,LLOYDSENGG,EQ,6175768,2288202,37.05
20,1357,LLOYDSME,EQ,244925,159700,65.20
20,1358,LODHA,EQ,2573288,855782,33.26
20,1359,LOVABLE,EQ,28643,16700,58.30
20,1360,LOWVOL,EQ,1052,1051,99.90
20,1361,LOWVOL1,EQ,99667,97968,98.30
20,1362,LOWVOLIETF,EQ,642892,462147,71.89
20,1363,LOYALTEX,EQ,3314,1943,58.63
20,1364,LPDC,EQ,102696,55415,53.96
20,1365,LRRPL,SM,30000,30000,100.00
20,1366,LT,EQ,1409992,864451,61.31
20,1367,LTF,EQ,2453852,1090535,44.44
20,1368,LTFOODS,EQ,1375049,659847,47.99
20,1369,LTGILTBEES,EQ,906504,794580,87.65
20,1370,LTIM,EQ,276807,146418,52.90
20,1371,LTTS,EQ,408737,156244,38.23
20,1372,LUMAXIND,EQ,11186,5640,50.42
20,1373,LUMAXTECH,EQ,96996,56339,58.08
20,1374,LUPIN,EQ,2665927,1044310,39.17
20,1375,LUXIND,EQ,94497,51163,54.14
20,1376,LXCHEM,EQ,7754458,2757950,35.57
20,1377,LYKALABS,EQ,181014,60910,33.65
20,1378,LYPSAGEMS,EQ,26085,22465,86.12
20,1379,MAANALU,EQ,93031,48897,52.56
20,1380,MADHAVBAUG,SM,400,400,100.00
20,1381,MADHUSUDAN,SM,108000,76000,70.37
20,1382,MADRASFERT,EQ,368794,142813,38.72
20,1383,MAFANG,EQ,583900,278751,47.74
20,1384,MAGADSUGAR,EQ,4997,2615,52.33
20,1385,MAGNUM,EQ,58466,29841,51.04
20,1386,MAGSON,SM,4000,4000,100.00
20,1387,MAHABANK,EQ,18246222,6669262,36.55
20,1388,MAHAPEXLTD,EQ,83293,41277,49.56
20,1389,MAHASTEEL,EQ,20757,15069,72.60
20,1390,MAHEPC,EQ,37356,21245,56.87
20,1391,MAHESHWARI,EQ,7384,4812,65.17
20,1392,MAHICKRA,SM,1500,1500,100.00
20,1393,MAHKTECH,EQ,1142083,899985,78.80
20,1394,MAHLIFE,EQ,220517,144879,65.70
20,1395,MAHLOG,EQ,70682,34412,48.69
20,1396,MAHSCOOTER,EQ,1152,704,61.11
20,1397,MAHSEAMLES,EQ,754102,387700,51.41
20,1398,MAITHANALL,EQ,99974,51193,51.21
20,1399,MAITREYA,SM,4800,4800,100.00
20,1400,MAKEINDIA,EQ,70290,50863,72.36
20,1401,MAL,SM,16000,16000,100.00
20,1402,MALLCOM,EQ,3082,2225,72.19
20,1403,MANAKSIA,EQ,44547,26812,60.19
20,1404,MANALIPETC,EQ,548979,265708,48.40
20,1405,MANAPPURAM,EQ,4116765,1485922,36.09
20,1406,MANAV,SM,4000,4000,100.00
20,1407,MANDEEP,ST,294000,280000,95.24
20,1408,MANGALAM,EQ,743641,341145,45.87
20,1409,MANGCHEFER,EQ,192731,109035,56.57
20,1410,MANGLMCEM,EQ,119798,51826,43.26
20,1411,MANINDS,EQ,141289,96138,68.04
20,1412,MANINFRA,EQ,306306,151771,49.55
20,1413,MANKIND,EQ,927392,615458,66.36
20,1414,MANOMAY,EQ,4634,2234,48.21
20,1415,MANUGRAPH,EQ,99246,39216,39.51
20,1416,MANYAVAR,EQ,228349,155361,68.04
20,1417,MAPMYINDIA,EQ,48841,26214,53.67
20,1418,MARALOVER,EQ,13744,10221,74.37
20,1419,MARATHON,EQ,37418,19256,51.46
20,1420,MARCO,SM,12000,9000,75.00
20,1421,MARICO,EQ,4604232,2155045,46.81
20,1422,MARINE,EQ,794658,516308,64.97
20,1423,MARINETRAN,SM,4000,4000,100.00
20,1424,MARKSANS,EQ,1023254,375032,36.65
20,1425,MARUTI,EQ,280015,133784,47.78
20,1426,MASFIN,EQ,89609,42206,47.10
20,1427,MASPTOP50,EQ,345740,132206,38.24
20,1428,MASTEK,EQ,26205,10637,40.59
20,1429,MASTER,SM,39000,30000,76.92
20,1430,MATRIMONY,EQ,7257,4741,65.33
20,1431,MAWANASUG,EQ,41985,26635,63.44
20,1432,MAXESTATES,EQ,169825,98084,57.76
20,1433,MAXHEALTH,EQ,2535401,1634898,64.48
20,1434,MAXIND,EQ,28539,20974,73.49
20,1435,MAXPOSURE,SM,66000,48000,72.73
20,1436,MAYURUNIQ,EQ,274259,158699,57.86
20,1437,MAZDA,EQ,6858,3263,47.58
20,1438,MAZDOCK,EQ,2383538,597618,25.07
20,1439,MBAPL,EQ,44408,36759,82.78
20,1440,MBECL,EQ,53593,53593,100.00
20,1441,MBLINFRA,EQ,43124,32278,74.85
20,1442,MCDOWELL-N,EQ,941607,395168,41.97
20,1443,MCL,EQ,44741,31508,70.42
20,1444,MCON,SM,20000,19000,95.00
20,1445,MCX,EQ,560957,176881,31.53
20,1446,MDL,SM,14000,10000,71.43
20,1447,MEDANTA,EQ,1681311,1110365,66.04
20,1448,MEDIASSIST,EQ,180889,126088,69.70
20,1449,MEDICAMEQ,EQ,5402,2816,52.13
20,1450,MEDPLUS,EQ,80122,44617,55.69
20,1451,MEGAFLEX,SM,12000,9000,75.00
20,1452,MEGASOFT,EQ,419205,285231,68.04
20,1453,MEGASTAR,EQ,13533,8734,64.54
20,1454,MEGATHERM,SM,31600,15600,49.37
20,1455,MENONBE,EQ,34410,19818,57.59
20,1456,METROBRAND,EQ,99535,43938,44.14
20,1457,METROPOLIS,EQ,2633537,481124,18.27
20,1458,MFSL,EQ,1077832,497831,46.19
20,1459,MGEL,EQ,384101,246127,64.08
20,1460,MGL,EQ,304388,158884,52.20
20,1461,MHHL,SM,15000,12000,80.00
20,1462,MHLXMIRU,EQ,9464,5758,60.84
20,1463,MHRIL,EQ,90907,45888,50.48
20,1464,MICEL,EQ,507141,492770,97.17
20,1465,MICROPRO,SM,8000,6400,80.00
20,1466,MID150BEES,EQ,404904,272034,67.18
20,1467,MIDCAP,EQ,14813,9799,66.15
20,1468,MIDCAPETF,EQ,1507483,1243383,82.48
20,1469,MIDCAPIETF,EQ,348668,211444,60.64
20,1470,MIDHANI,EQ,1185119,355667,30.01
20,1471,MIDQ50ADD,EQ,2418,1989,82.26
20,1472,MIDSELIETF,EQ,180136,145685,80.88
20,1473,MILTON,SM,4400,4400,100.00
20,1474,MINDACORP,EQ,314596,161057,51.19
20,1475,MINDSPACE,RR,147556,107007,72.52
20,1476,MINDTECK,EQ,117134,54164,46.24
20,1477,MIRCELECTR,EQ,400266,249421,62.31
20,1478,MIRZAINT,EQ,131990,87047,65.95
20,1479,MITCON,EQ,88194,42100,47.74
20,1480,M&M,EQ,2974921,2040765,68.60
20,1481,M&MFIN,EQ,3633433,1787326,49.19
20,1482,M&MFIN,N3,50,50,100.00
20,1483,MMFL,EQ,85576,35110,41.03
20,1484,MMP,EQ,39456,17398,44.09
20,1485,MMTC,EQ,3814454,1358847,35.62
20,1486,MNC,EQ,102015,82218,80.59
20,1487,MOGSEC,EQ,285,237,83.16
20,1488,MOHEALTH,EQ,18512,12041,65.04
20,1489,MOHITIND,EQ,20921,12971,62.00
20,1490,MOIL,EQ,3543180,1237292,34.92
20,1491,MOL,EQ,1020180,602812,59.09
20,1492,MOLDTECH,EQ,1342607,646148,48.13
20,1493,MOLDTKPAC,EQ,17585,9608,54.64
20,1494,MOLOWVOL,EQ,32366,27533,85.07
20,1495,MOM100,EQ,189655,104525,55.11
20,1496,MOM30IETF,EQ,3358425,3207330,95.50
20,1497,MOM50,EQ,1674,1290,77.06
20,1498,MOMENTUM,EQ,140079,101612,72.54
20,1499,MOMOMENTUM,EQ,105211,85057,80.84
20,1500,MON100,EQ,232821,149628,64.27
20,1501,MONARCH,EQ,43600,20311,46.58
20,1502,MONIFTY500,EQ,272984,230362,84.39
20,1503,MONOPHARMA,SM,24000,8000,33.33
20,1504,MONQ50,EQ,16146,8877,54.98
20,1505,MONTECARLO,EQ,13031,7543,57.89
20,1506,MOQUALITY,EQ,1084,760,70.11
20,1507,MOREALTY,EQ,173232,118821,68.59
20,1508,MOREPENLAB,EQ,20274397,5556011,27.40
20,1509,MOS,SM,311200,138400,44.47
20,1510,MOSMALL250,EQ,421937,360658,85.48
20,1511,MOTHERSON,EQ,22284694,10321095,46.31
20,1512,MOTILALOFS,EQ,157113,100813,64.17
20,1513,MOTISONS,EQ,1447313,587491,40.59
20,1514,MOTOGENFIN,EQ,1381,854,61.84
20,1515,MOVALUE,EQ,248391,183206,73.76
20,1516,MPHASIS,EQ,511687,217495,42.51
20,1517,MPSLTD,EQ,74466,52920,71.07
20,1518,MRF,EQ,7108,3252,45.75
20,1519,MRPL,EQ,3170858,1149899,36.26
20,1520,MSPL,EQ,623808,387967,62.19
20,1521,MSTCLTD,EQ,379287,158647,41.83
20,1522,MSUMI,EQ,4175890,2342657,56.10
20,1523,MTARTECH,EQ,685503,265745,38.77
20,1524,MTNL,EQ,1925048,768250,39.91
20,1525,MUFIN,EQ,57310,28338,49.45
20,1526,MUFTI,EQ,68904,34674,50.32
20,1527,MUKANDLTD,EQ,147861,77149,52.18
20,1528,MUKKA,EQ,600231,428885,71.45
20,1529,MUKTAARTS,EQ,6937,4780,68.91
20,1530,MUNJALAU,EQ,80449,47341,58.85
20,1531,MUNJALSHOW,EQ,44392,22096,49.77
20,1532,MURUDCERA,EQ,55627,40338,72.52
20,1533,MUTHOOTCAP,EQ,14218,8978,63.15
20,1534,MUTHOOTFIN,EQ,299569,157708,52.64
20,1535,MUTHOOTMF,EQ,152271,59736,39.23
20,1536,MVGJL,EQ,105460,59463,56.38
20,1537,MVKAGRO,SM,18000,8400,46.67
20,1538,MWL,SM,66000,50400,76.36
20,1539,NACLIND,EQ,107987,60000,55.56
20,1540,NAGAFERT,EQ,753440,468200,62.14
20,1541,NAGREEKCAP,EQ,5259,4470,85.00
20,1542,NAGREEKEXP,EQ,11298,9273,82.08
20,1543,NAHARCAP,EQ,2322,1554,66.93
20,1544,NAHARINDUS,EQ,26335,16519,62.73
20,1545,NAHARPOLY,EQ,4720,2725,57.73
20,1546,NAHARSPING,EQ,28129,15225,54.13
20,1547,NAMAN,SM,60800,48000,78.95
20,1548,NAM-INDIA,EQ,215661,108557,50.34
20,1549,NATCOPHARM,EQ,224175,131351,58.59
20,1550,NATHBIOGEN,EQ,31106,19242,61.86
20,1551,NATIONALUM,EQ,22491746,9580804,42.60
20,1552,NAUKRI,EQ,798556,614369,76.93
20,1553,NAVA,EQ,391247,197308,50.43
20,1554,NAVINFLUOR,EQ,79344,28550,35.98
20,1555,NAVINIFTY,EQ,221,190,85.97
20,1556,NAVKARCORP,EQ,492324,241327,49.02
20,1557,NAVNETEDUL,EQ,411931,227224,55.16
20,1558,NAZARA,EQ,115318,62482,54.18
20,1559,NBCC,EQ,22575875,9329832,41.33
20,1560,NBIFIN,EQ,334,242,72.46
20,1561,NCC,EQ,5614745,2368664,42.19
20,1562,NCLIND,EQ,89504,53540,59.82
20,1563,NDGL,EQ,134,96,71.64
20,1564,NDL,EQ,790578,630051,79.69
20,1565,NDLVENTURE,EQ,2878,1967,68.35
20,1566,NDRAUTO,EQ,32710,22884,69.96
20,1567,NDTV,EQ,653698,292578,44.76
20,1568,NECCLTD,EQ,108940,86878,79.75
20,1569,NECLIFE,EQ,145870,88373,60.58
20,1570,NELCAST,EQ,68664,34106,49.67
20,1571,NELCO,EQ,55428,26243,47.35
20,1572,NEOGEN,EQ,15118,8339,55.16
20,1573,NESCO,EQ,83702,49813,59.51
20,1574,NESTLEIND,EQ,787327,501106,63.65
20,1575,NETF,EQ,2022,1808,89.42
20,1576,NETWEB,EQ,257139,146998,57.17
20,1577,NETWORK18,EQ,1148757,614434,53.49
20,1578,NEULANDLAB,EQ,27722,17852,64.40
20,1579,NEWGEN,EQ,124194,74080,59.65
20,1580,NEWJAISA,SM,43500,39000,89.66
20,1581,NEXT50,EQ,7137,6168,86.42
20,1582,NEXT50IETF,EQ,336093,199699,59.42
20,1583,NEXTMEDIA,EQ,205188,76075,37.08
20,1584,NFL,EQ,1871418,742564,39.68
20,1585,NGIL,EQ,220270,38671,17.56
20,1586,NGLFINE,EQ,23079,7761,33.63
20,1587,NH,EQ,179332,108777,60.66
20,1588,NHIT,IV,200000,200000,100.00
20,1589,NHPC,EQ,162400701,53911015,33.20
20,1590,NIACL,EQ,11475579,2429857,21.17
20,1591,NIBL,EQ,27481,20161,73.36
20,1592,NIDAN,SM,23000,17000,73.91
20,1593,NIF100BEES,EQ,15635,9677,61.89
20,1594,NIF100IETF,EQ,76108,44937,59.04
20,1595,NIF10GETF,EQ,3392,3236,95.40
20,1596,NIF5GETF,EQ,497,497,100.00
20,1597,NIFITETF,EQ,1494,1287,86.14
20,1598,NIFMID150,EQ,1050,650,61.90
20,1599,NIFTY1,EQ,70437,55805,79.23
20,1600,NIFTY50ADD,EQ,4656,2078,44.63
20,1601,NIFTYBEES,EQ,2004555,1391248,69.40
20,1602,NIFTYBETF,EQ,1310,833,63.59
20,1603,NIFTYETF,EQ,58713,53050,90.35
20,1604,NIFTYIETF,EQ,128450,73451,57.18
20,1605,NIFTYQLITY,EQ,88666,77255,87.13
20,1606,NIITLTD,EQ,227109,136744,60.21
20,1607,NIITMTS,EQ,332309,140541,42.29
20,1608,NILKAMAL,EQ,8362,5729,68.51
20,1609,NINSYS,EQ,10010,5929,59.23
20,1610,NIPPOBATRY,EQ,10082,4811,47.72
20,1611,NIRAJ,EQ,39384,24652,62.59
20,1612,NIRMAN,SM,15600,13200,84.62
20,1613,NITINSPIN,EQ,72023,47225,65.57
20,1614,NKIND,EQ,1832,804,43.89
20,1615,NLCINDIA,EQ,4732581,2179016,46.04
20,1616,NMDC,EQ,19119026,9530701,49.85
20,1617,NOCIL,EQ,304359,147774,48.55
20,1618,NORBTEAEXP,EQ,3621,2643,72.99
20,1619,NOVAAGRI,EQ,431484,233414,54.10
20,1620,NPBET,EQ,1408,1343,95.38
20,1621,NPST,SM,11900,6600,55.46
20,1622,NRAIL,EQ,3224,2443,75.78
20,1623,NRBBEARING,EQ,1027513,430417,41.89
20,1624,NRL,EQ,49743,33040,66.42
20,1625,NSIL,EQ,2067,1295,62.65
20,1626,NSLNISP,EQ,12740024,4943187,38.80
20,1627,NTPC,EQ,14001806,6932396,49.51
20,1628,NUCLEUS,EQ,18462,11829,64.07
20,1629,NURECA,EQ,20643,9794,47.44
20,1630,NUVAMA,EQ,133313,79952,59.97
20,1631,NUVOCO,EQ,126714,69552,54.89
20,1632,NV20,EQ,29268,23795,81.30
20,1633,NV20BEES,EQ,204746,158887,77.60
20,1634,NV20IETF,EQ,299830,152225,50.77
20,1635,NXST,RR,320157,238568,74.52
20,1636,NYKAA,EQ,2593818,1313555,50.64
20,1637,OAL,EQ,9884,6186,62.59
20,1638,OBCL,EQ,57736,23945,41.47
20,1639,OBEROIRLTY,EQ,1302543,457951,35.16
20,1640,OCCL,EQ,95627,30107,31.48
20,1641,OFSS,EQ,90367,40595,44.92
20,1642,OIL,EQ,4553454,1968763,43.24
20,1643,OLECTRA,EQ,2882235,700458,24.30
20,1644,OMAXE,EQ,96739,59568,61.58
20,1645,OMFURN,SM,9600,9600,100.00
20,1646,OMINFRAL,EQ,169207,116106,68.62
20,1647,ONDOOR,SM,162000,75600,46.67
20,1648,ONEPOINT,EQ,504590,265272,52.57
20,1649,ONGC,EQ,17935064,8717057,48.60
20,1650,ONMOBILE,EQ,317242,149161,47.02
20,1651,ONWARDTEC,EQ,271306,116862,43.07
20,1652,OPTIEMUS,EQ,97657,45859,46.96
20,1653,ORBTEXP,EQ,9427,6812,72.26
20,1654,ORCHPHARMA,EQ,43946,23534,53.55
20,1655,ORIANA,SM,209400,122850,58.67
20,1656,ORICONENT,EQ,211401,115751,54.75
20,1657,ORIENTBELL,EQ,23831,4163,17.47
20,1658,ORIENTCEM,EQ,959425,550551,57.38
20,1659,ORIENTCER,EQ,46455,28407,61.15
20,1660,ORIENTELEC,EQ,311373,161508,51.87
20,1661,ORIENTHOT,EQ,190585,106830,56.05
20,1662,ORIENTLTD,EQ,5317,2943,55.35
20,1663,ORIENTPPR,EQ,2013579,685742,34.06
20,1664,ORISSAMINE,EQ,23362,8322,35.62
20,1665,ORTINLAB,EQ,20053,16291,81.24
20,1666,OSWALAGRO,EQ,56741,37359,65.84
20,1667,OSWALGREEN,EQ,178793,84544,47.29
20,1668,OWAIS,SM,102400,80000,78.13
20,1669,PAGEIND,EQ,55367,32921,59.46
20,1670,PAISALO,EQ,672460,475561,70.72
20,1671,PAKKA,EQ,84610,45162,53.38
20,1672,PALASHSECU,EQ,78870,26564,33.68
20,1673,PANACEABIO,EQ,202556,108631,53.63
20,1674,PANACHE,EQ,22397,18324,81.81
20,1675,PANAMAPET,EQ,239892,141056,58.80
20,1676,PANSARI,EQ,170,72,42.35
20,1677,PAR,EQ,17320,11334,65.44
20,1678,PARADEEP,EQ,1087056,489972,45.07
20,1679,PARAGMILK,EQ,1828771,756901,41.39
20,1680,PARAGON,SM,21600,20400,94.44
20,1681,PARAS,EQ,416090,151857,36.50
20,1682,PARIN,SM,10000,5000,50.00
20,1683,PARKHOTELS,EQ,231024,116236,50.31
20,1684,PARSVNATH,EQ,288224,219276,76.08
20,1685,PARTYCRUS,SM,15000,10000,66.67
20,1686,PASHUPATI,SM,107200,63200,58.96
20,1687,PASUPTAC,EQ,99099,64716,65.30
20,1688,PATANJALI,EQ,174738,110286,63.12
20,1689,PATELENG,EQ,23526912,10870208,46.20
20,1690,PATINTLOG,EQ,207469,125642,60.56
20,1691,PATTECH,ST,3000,3000,100.00
20,1692,PAVNAIND,EQ,14431,8012,55.52
20,1693,PAYTM,EQ,5231893,2809239,53.69
20,1694,PCBL,EQ,1493851,607205,40.65
20,1695,PCJEWELLER,EQ,656609,365831,55.72
20,1696,PDMJEPAPER,EQ,702022,299179,42.62
20,1697,PDSL,EQ,82060,39430,48.05
20,1698,PEL,EQ,625766,313073,50.03
20,1699,PENIND,EQ,503271,203617,40.46
20,1700,PENINLAND,EQ,1503408,666797,44.35
20,1701,PENTAGON,SM,20000,16000,80.00
20,1702,PERFECT,SM,51000,39000,76.47
20,1703,PERSISTENT,EQ,351341,240534,68.46
20,1704,PETRONET,EQ,6353931,2747150,43.24
20,1705,PFC,EQ,8295209,3477360,41.92
20,1706,PFIZER,EQ,45306,31341,69.18
20,1707,PFOCUS,EQ,32015,20047,62.62
20,1708,PFS,EQ,1124833,739228,65.72
20,1709,PGEL,EQ,177326,76435,43.10
20,1710,PGHH,EQ,7942,3396,42.76
20,1711,PGHL,EQ,2952,1802,61.04
20,1712,PGIL,EQ,26673,15150,56.80
20,1713,PGINVIT,IV,559834,511835,91.43
20,1714,PHANTOMFX,SM,31200,20400,65.38
20,1715,PHARMABEES,EQ,2694349,1581544,58.70
20,1716,PHOENIXLTD,EQ,1216898,785779,64.57
20,1717,PIDILITIND,EQ,672386,536241,79.75
20,1718,PIIND,EQ,1036788,307149,29.63
20,1719,PILANIINVS,EQ,2045,1134,55.45
20,1720,PIONEEREMB,EQ,3733,2409,64.53
20,1721,PITTIENG,EQ,103597,49493,47.77
20,1722,PIXTRANS,EQ,101651,32587,32.06
20,1723,PKTEA,EQ,274,250,91.24
20,1724,PLADAINFO,SM,6000,6000,100.00
20,1725,PLASTIBLEN,EQ,10284,6561,63.80
20,1726,PLATIND,EQ,487094,137327,28.19
20,1727,PLAZACABLE,EQ,71076,44389,62.45
20,1728,PNB,EQ,30665828,11053368,36.04
20,1729,PNBGILTS,EQ,262766,120558,45.88
20,1730,PNBHOUSING,EQ,173703,71904,41.39
20,1731,PNC,EQ,282562,123667,43.77
20,1732,PNCINFRA,EQ,21048067,1958750,9.31
20,1733,POCL,EQ,30663,18625,60.74
20,1734,PODDARMENT,EQ,66357,34859,52.53
20,1735,POKARNA,EQ,238079,64397,27.05
20,1736,POLICYBZR,EQ,1929384,1277806,66.23
20,1737,POLYCAB,EQ,426788,127574,29.89
20,1738,POLYMED,EQ,314160,109014,34.70
20,1739,POLYPLEX,EQ,97658,50325,51.53
20,1740,POLYSIL,SM,14000,10000,71.43
20,1741,PONNIERODE,EQ,24610,13326,54.15
20,1742,POONAWALLA,EQ,768197,408964,53.24
20,1743,POWERGRID,EQ,10287081,5477267,53.24
20,1744,POWERINDIA,EQ,312421,79254,25.37
20,1745,POWERMECH,EQ,35657,22170,62.18
20,1746,PPAP,EQ,180568,48078,26.63
20,1747,PPL,EQ,49923,27557,55.20
20,1748,PPLPHARMA,EQ,2567855,1075831,41.90
20,1749,PRAJIND,EQ,350249,176544,50.41
20,1750,PRAKASH,EQ,460316,262411,57.01
20,1751,PRAMARA,SM,56000,48000,85.71
20,1752,PRATHAM,SM,128000,80000,62.50
20,1753,PRECAM,EQ,101170,49938,49.36
20,1754,PRECISION,SM,6000,4000,66.67
20,1755,PRECWIRE,EQ,184235,89949,48.82
20,1756,PREMEXPLN,EQ,36037,17908,49.69
20,1757,PREMIERPOL,EQ,35751,23910,66.88
20,1758,PRESSTONIC,SM,64000,40000,62.50
20,1759,PRESTIGE,EQ,1465733,960318,65.52
20,1760,PRICOLLTD,EQ,517019,228174,44.13
20,1761,PRIMESECU,EQ,224950,105235,46.78
20,1762,PRINCEPIPE,EQ,226718,83518,36.84
20,1763,PRITI,EQ,27479,17675,64.32
20,1764,PRITIKA,SM,14000,14000,100.00
20,1765,PRIVISCL,EQ,13540,8423,62.21
20,1766,PRLIND,ST,182000,182000,100.00
20,1767,PROLIFE,SM,5500,5000,90.91
20,1768,PROPEQUITY,SM,4200,4200,100.00
20,1769,PROV,SM,960,960,100.00
20,1770,PROZONER,EQ,303524,153410,50.54
20,1771,PRSMJOHNSN,EQ,190168,81866,43.05
20,1772,PRUDENT,EQ,11546,5630,48.76
20,1773,PSB,EQ,2394480,588371,24.57
20,1774,PSPPROJECT,EQ,91351,48764,53.38
20,1775,PSUBANK,EQ,35089,24846,70.81
20,1776,PSUBANKADD,EQ,11444,6576,57.46
20,1777,PSUBNKBEES,EQ,1834056,933469,50.90
20,1778,PSUBNKIETF,EQ,263802,107659,40.81
20,1779,PTC,EQ,1316152,497373,37.79
20,1780,PTCIL,EQ,12211,3824,31.32
20,1781,PTL,EQ,120863,75720,62.65
20,1782,PULZ,SM,3000,3000,100.00
20,1783,PUNJABCHEM,EQ,2772,1523,54.94
20,1784,PURVFLEXI,SM,8000,8000,100.00
20,1785,PVP,EQ,146701,111489,76.00
20,1786,PVRINOX,EQ,357951,171675,47.96
20,1787,PVSL,EQ,183118,108732,59.38
20,1788,PVTBANIETF,EQ,897799,610150,67.96
20,1789,PVTBANKADD,EQ,72587,43316,59.67
20,1790,PYRAMID,EQ,84243,36147,42.91
20,1791,QFIL,SM,1000,1000,100.00
20,1792,QGOLDHALF,EQ,24556,15257,62.13
20,1793,QMSMEDI,SM,14000,12000,85.71
20,1794,QNIFTY,EQ,188,156,82.98
20,1795,QUADPRO,SM,36000,36000,100.00
20,1796,QUAL30IETF,EQ,181594,103194,56.83
20,1797,QUESS,EQ,195502,106598,54.53
20,1798,QUICKHEAL,EQ,61952,23886,38.56
20,1799,QUICKTOUCH,SM,14500,10000,68.97
20,1800,RACE,EQ,36948,29440,79.68
20,1801,RADAAN,EQ,39276,39266,99.97
20,1802,RADHIKAJWE,EQ,174421,94240,54.03
20,1803,RADIANTCMS,EQ,95907,59322,61.85
20,1804,RADICO,EQ,104609,44438,42.48
20,1805,RADIOCITY,EQ,740252,383966,51.87
20,1806,RADIOCITY,P1,3273,3273,100.00
20,1807,RADIOWALLA,SM,17600,9600,54.55
20,1808,RAILTEL,EQ,7082512,2238218,31.60
20,1809,RAIN,EQ,1826077,772912,42.33
20,1810,RAINBOW,EQ,383883,161284,42.01
20,1811,RAJESHEXPO,EQ,224918,107857,47.95
20,1812,RAJRATAN,EQ,37597,17743,47.19
20,1813,RAJSREESUG,EQ,85554,58632,68.53
20,1814,RALLIS,EQ,415177,208690,50.27
20,1815,RAMANEWS,EQ,65009,43574,67.03
20,1816,RAMAPHO,EQ,12915,7779,60.23
20,1817,RAMASTEEL,EQ,4861059,2232601,45.93
20,1818,RAMCOCEM,EQ,554298,262007,47.27
20,1819,RAMCOIND,EQ,624947,235464,37.68
20,1820,RAMKY,EQ,159502,86391,54.16
20,1821,RAMRAT,EQ,24608,14040,57.05
20,1822,RANASUG,EQ,279282,176534,63.21
20,1823,RANEENGINE,EQ,10391,6937,66.76
20,1824,RANEHOLDIN,EQ,10099,6506,64.42
20,1825,RATEGAIN,EQ,1383788,616578,44.56
20,1826,RATNAMANI,EQ,44193,21591,48.86
20,1827,RATNAVEER,EQ,1634386,745661,45.62
20,1828,RAYMOND,EQ,98300,48506,49.34
20,1829,RBA,EQ,531849,288637,54.27
20,1830,RBL,EQ,22611,9821,43.43
20,1831,RBLBANK,EQ,3285790,1017727,30.97
20,1832,RBMINFRA,SM,9400,7600,80.85
20,1833,RBS,SM,124800,64000,51.28
20,1834,RCDL,SM,6000,6000,100.00
20,1835,RCF,EQ,2244999,869376,38.73
20,1836,RECLTD,EQ,7138229,2951323,41.35
20,1837,REDINGTON,EQ,883317,434664,49.21
20,1838,REDTAPE,EQ,29058,13745,47.30
20,1839,REFEX,EQ,376879,221850,58.87
20,1840,REFRACTORY,ST,52000,52000,100.00
20,1841,RELAXO,EQ,44435,27519,61.93
20,1842,RELCHEMQ,EQ,16604,8874,53.44
20,1843,RELIANCE,EQ,5140802,2463482,47.92
20,1844,RELIGARE,EQ,564053,299308,53.06
20,1845,RELINFRA,EQ,2262465,855468,37.81
20,1846,REMSONSIND,EQ,17512,3951,22.56
20,1847,REMUS,SM,1475,1100,74.58
20,1848,RENUKA,EQ,2890637,1339313,46.33
20,1849,REPCOHOME,EQ,131502,58898,44.79
20,1850,REPL,EQ,16607,11252,67.75
20,1851,REPRO,EQ,4004,2724,68.03
20,1852,RESPONIND,EQ,201529,22057,10.94
20,1853,REXPIPES,SM,2000,2000,100.00
20,1854,RGL,EQ,49933,19093,38.24
20,1855,RHIM,EQ,133506,68454,51.27
20,1856,RICHA,SM,12000,9000,75.00
20,1857,RICOAUTO,EQ,1802337,442716,24.56
20,1858,RIIL,EQ,333484,71397,21.41
20,1859,RILINFRA,SM,51100,44900,87.87
20,1860,RISHABH,EQ,65163,32492,49.86
20,1861,RITCO,EQ,54999,27281,49.60
20,1862,RITES,EQ,1559526,525753,33.71
20,1863,RITEZONE,SM,6400,6400,100.00
20,1864,RKDL,EQ,25506,15404,60.39
20,1865,RKEC,EQ,47650,32818,68.87
20,1866,RKFORGE,EQ,191771,95948,50.03
20,1867,RKSWAMY,EQ,95222,57178,60.05
20,1868,RMDRIP,SM,82000,71000,86.59
20,1869,RML,EQ,12546,6846,54.57
20,1870,ROCKINGDCE,SM,14250,4500,31.58
20,1871,ROHLTD,EQ,80900,43135,53.32
20,1872,ROLEXRINGS,EQ,75770,15206,20.07
20,1873,ROSSARI,EQ,29612,20329,68.65
20,1874,ROSSELLIND,EQ,20606,10185,49.43
20,1875,ROTO,EQ,402005,136881,34.05
20,1876,ROUTE,EQ,32904,18172,55.23
20,1877,ROXHITECH,SM,68800,49600,72.09
20,1878,RPGLIFE,EQ,20761,10667,51.38
20,1879,RPOWER,EQ,26863677,13361257,49.74
20,1880,RPSGVENT,EQ,59803,38734,64.77
20,1881,RPTECH,EQ,175563,98887,56.33
20,1882,RRKABEL,EQ,61063,27986,45.83
20,1883,RSWM,EQ,55929,29501,52.75
20,1884,RSYSTEMS,EQ,73628,47675,64.75
20,1885,RTNINDIA,EQ,1748334,724472,41.44
20,1886,RTNPOWER,EQ,114680464,48439939,42.24
20,1887,RUBYMILLS,EQ,30824,21441,69.56
20,1888,RUCHINFRA,EQ,463270,317605,68.56
20,1889,RUCHIRA,EQ,40389,24645,61.02
20,1890,RUPA,EQ,253386,145713,57.51
20,1891,RUSHIL,EQ,46791,23648,50.54
20,1892,RUSTOMJEE,EQ,71269,45626,64.02
20,1893,RVNL,EQ,67735859,12627946,18.64
20,1894,SAAKSHI,SM,39000,34200,87.69
20,1895,SABAR,SM,100000,100000,100.00
20,1896,SADBHIN,EQ,196862,133152,67.64
20,1897,SADHAV,SM,68400,54000,78.95
20,1898,SADHNANIQ,EQ,253657,143702,56.65
20,1899,SAFARI,EQ,13059,6114,46.82
20,1900,SAGARDEEP,EQ,36938,30519,82.62
20,1901,SAGCEM,EQ,95575,49286,51.57
20,1902,SAH,EQ,33420,3733,11.17
20,1903,SAHANA,SM,9750,9750,100.00
20,1904,SAHYADRI,EQ,9131,5854,64.11
20,1905,SAIFL,SM,20000,12000,60.00
20,1906,SAIL,EQ,53954827,18204468,33.74
20,1907,SAKAR,EQ,8652,5244,60.61
20,1908,SAKHTISUG,EQ,175907,87750,49.88
20,1909,SAKSOFT,EQ,78516,41683,53.09
20,1910,SAKUMA,EQ,769091,559067,72.69
20,1911,SALASAR,EQ,8305915,4892663,58.91
20,1912,SALONA,EQ,5371,2215,41.24
20,1913,SALZERELEC,EQ,30591,17197,56.22
20,1914,SAMHI,EQ,513343,285767,55.67
20,1915,SAMPANN,EQ,54172,54152,99.96
20,1916,SANDESH,EQ,2002,1495,74.68
20,1917,SANDHAR,EQ,202813,106236,52.38
20,1918,SANDUMA,EQ,113417,65217,57.50
20,1919,SANGAMIND,EQ,7685,4121,53.62
20,1920,SANGHIIND,EQ,210253,133392,63.44
20,1921,SANGHVIMOV,EQ,359060,146996,40.94
20,1922,SANOFI,EQ,12236,6067,49.58
20,1923,SANSERA,EQ,86163,50315,58.40
20,1924,SAPPHIRE,EQ,21376,10544,49.33
20,1925,SARDAEN,EQ,795515,459979,57.82
20,1926,SAREGAMA,EQ,380579,215028,56.50
20,1927,SARLAPOLY,EQ,1226469,612603,49.95
20,1928,SARTELE,SM,541000,266500,49.26
20,1929,SASKEN,EQ,16924,7770,45.91
20,1930,SASTASUNDR,EQ,70812,47210,66.67
20,1931,SATIA,EQ,150554,88678,58.90
20,1932,SATIN,EQ,222907,134708,60.43
20,1933,SATINDLTD,EQ,281534,83050,29.50
20,1934,SAURASHCEM,EQ,62154,38550,62.02
20,1935,SBC,EQ,2539573,1560203,61.44
20,1936,SBCL,EQ,87837,45857,52.21
20,1937,SBFC,EQ,1493198,727902,48.75
20,1938,SBGLP,EQ,579130,232620,40.17
20,1939,SBICARD,EQ,657014,303078,46.13
20,1940,SBIETFCON,EQ,4816,4455,92.50
20,1941,SBIETFIT,EQ,10097,7267,71.97
20,1942,SBIETFPB,EQ,57526,46923,81.57
20,1943,SBIETFQLTY,EQ,11194,9569,85.48
20,1944,SBILIFE,EQ,966583,746464,77.23
20,1945,SBIN,EQ,19239277,9383288,48.77
20,1946,SCHAEFFLER,EQ,316321,161827,51.16
20,1947,SCHAND,EQ,70010,43808,62.57
20,1948,SCHNEIDER,EQ,228434,142673,62.46
20,1949,SCI,EQ,4858362,1913945,39.39
20,1950,SCILAL,EQ,1383020,725606,52.47
20,1951,SCML,SM,18000,16000,88.89
20,1952,SCPL,EQ,234502,110975,47.32
20,1953,SDBL,EQ,528410,254571,48.18
20,1954,SDL24BEES,EQ,415625,412830,99.33
20,1955,SDL26BEES,EQ,2310,2038,88.23
20,1956,SEAMECLTD,EQ,59692,44360,74.31
20,1957,SECL,SM,200000,175000,87.50
20,1958,SECURCRED,EQ,2217714,645640,29.11
20,1959,SEL,SM,7200,7200,100.00
20,1960,SELAN,EQ,133790,97511,72.88
20,1961,SELMC,EQ,4620,3365,72.84
20,1962,SEMAC,EQ,2828,2828,100.00
20,1963,SENCO,EQ,138557,73146,52.79
20,1964,SENSEXADD,EQ,1031,713,69.16
20,1965,SENSEXETF,EQ,14761,12221,82.79
20,1966,SENSEXIETF,EQ,806,556,68.98
20,1967,SEPC,EQ,4840317,2325037,48.03
20,1968,SEQUENT,EQ,1846600,1072139,58.06
20,1969,SERVICE,SM,2000,2000,100.00
20,1970,SERVOTECH,EQ,401883,273763,68.12
20,1971,SESHAPAPER,EQ,42293,23698,56.03
20,1972,SETF10GILT,EQ,6938,4228,60.94
20,1973,SETFGOLD,EQ,653584,584315,89.40
20,1974,SETFNIF50,EQ,295586,208264,70.46
20,1975,SETFNIFBK,EQ,43899,17522,39.91
20,1976,SETFNN50,EQ,30952,20986,67.80
20,1977,SFL,EQ,477947,109230,22.85
20,1978,SFLZC25A,ZK,10,10,100.00
20,1979,SGBAPR28I,GB,82,74,90.24
20,1980,SGBAUG24,GB,96,80,83.33
20,1981,SGBAUG27,GB,34,34,100.00
20,1982,SGBAUG28V,GB,1102,965,87.57
20,1983,SGBAUG29V,GB,189,178,94.18
20,1984,SGBAUG30,GB,170,107,62.94
20,1985,SGBD29VIII,GB,250,217,86.80
20,1986,SGBDC27VII,GB,45,45,100.00
20,1987,SGBDE30III,GB,257,148,57.59
20,1988,SGBDE31III,GB,875,616,70.40
20,1989,SGBDEC25,GB,1,1,100.00
20,1990,SGBDEC2513,GB,3,3,100.00
20,1991,SGBDEC26,GB,2,2,100.00
20,1992,SGBFEB27,GB,1,1,100.00
20,1993,SGBFEB29XI,GB,133,100,75.19
20,1994,SGBFEB32IV,GB,2758,2008,72.81
20,1995,SGBJAN26,GB,20,20,100.00
20,1996,SGBJAN29IX,GB,115,73,63.48
20,1997,SGBJAN29X,GB,73,49,67.12
20,1998,SGBJAN30IX,GB,180,154,85.56
20,1999,SGBJU29III,GB,11,11,100.00
20,2000,SGBJUL25,GB,35,35,100.00
20,2001,SGBJUL27,GB,4,3,75.00
20,2002,SGBJUL28IV,GB,439,398,90.66
20,2003,SGBJUL29IV,GB,62,57,91.94
20,2004,SGBJUN27,GB,50,50,100.00
20,2005,SGBJUN28,GB,124,120,96.77
20,2006,SGBJUN29II,GB,400,362,90.50
20,2007,SGBJUN30,GB,271,229,84.50
20,2008,SGBJUN31I,GB,367,355,96.73
20,2009,SGBMAR25,GB,39,37,94.87
20,2010,SGBMAR28X,GB,22,22,100.00
20,2011,SGBMAR30X,GB,85,82,96.47
20,2012,SGBMAR31IV,GB,114,80,70.18
20,2013,SGBMAY25,GB,393,376,95.67
20,2014,SGBMAY26,GB,40,40,100.00
20,2015,SGBMAY28,GB,623,576,92.46
20,2016,SGBMAY29I,GB,430,318,73.95
20,2017,SGBMR29XII,GB,203,187,92.12
20,2018,SGBN28VIII,GB,234,210,89.74
20,2019,SGBNOV24,GB,129,122,94.57
20,2020,SGBNOV258,GB,1,1,100.00
20,2021,SGBNOV25IX,GB,10,10,100.00
20,2022,SGBNOV26,GB,20,13,65.00
20,2023,SGBNV29VII,GB,194,171,88.14
20,2024,SGBOC28VII,GB,63,61,96.83
20,2025,SGBOCT25,GB,1,1,100.00
20,2026,SGBOCT27VI,GB,2,2,100.00
20,2027,SGBSEP24,GB,24,21,87.50
20,2028,SGBSEP27,GB,110,110,100.00
20,2029,SGBSEP28VI,GB,267,145,54.31
20,2030,SGBSEP29VI,GB,49,39,79.59
20,2031,SGBSEP31II,GB,1735,1410,81.27
20,2032,SGIL,EQ,53895,27397,50.83
20,2033,SGL,EQ,8366,6542,78.20
20,2034,SHAH,EQ,1956824,1245584,63.65
20,2035,SHAHALLOYS,EQ,14103,9714,68.88
20,2036,SHAILY,EQ,72395,36998,51.11
20,2037,SHAKTIPUMP,EQ,435155,194278,44.65
20,2038,SHALBY,EQ,64221,28120,43.79
20,2039,SHALPAINTS,EQ,234376,159262,67.95
20,2040,SHANKARA,EQ,110740,57394,51.83
20,2041,SHANTHALA,SM,3600,3600,100.00
20,2042,SHANTIGEAR,EQ,23887,13895,58.17
20,2043,SHARDACROP,EQ,194488,100173,51.51
20,2044,SHARDAMOTR,EQ,50914,33825,66.44
20,2045,SHAREINDIA,EQ,128791,48861,37.94
20,2046,SHAREINDIA,W1,2038,1277,62.66
20,2047,SHARIABEES,EQ,1635,1203,73.58
20,2048,SHEETAL,ST,6000,6000,100.00
20,2049,SHEMAROO,EQ,69001,49235,71.35
20,2050,SHERA,SM,51000,41000,80.39
20,2051,SHIGAN,SM,1500,1500,100.00
20,2052,SHILPAMED,EQ,355201,166171,46.78
20,2053,SHIVALIK,EQ,18642,10276,55.12
20,2054,SHIVAMAUTO,EQ,168072,56507,33.62
20,2055,SHIVAMILLS,EQ,21784,11777,54.06
20,2056,SHIVATEX,EQ,6475,6073,93.79
20,2057,SHK,EQ,291549,168661,57.85
20,2058,SHOPERSTOP,EQ,74506,40477,54.33
20,2059,SHRADHA,EQ,43444,27712,63.79
20,2060,SHREDIGCEM,EQ,384359,207270,53.93
20,2061,SHREECEM,EQ,37478,26605,70.99
20,2062,SHREEKARNI,SM,8400,6600,78.57
20,2063,SHREEOSFM,SM,51000,50000,98.04
20,2064,SHREEPUSHK,EQ,75678,44638,58.98
20,2065,SHRENIK,EQ,1738204,1089006,62.65
20,2066,SHREYANIND,EQ,16307,9197,56.40
20,2067,SHREYAS,EQ,23248,13779,59.27
20,2068,SHRIPISTON,EQ,101804,62387,61.28
20,2069,SHRIRAMFIN,EQ,693108,395512,57.06
20,2070,SHRIRAMPPS,EQ,1242386,486569,39.16
20,2071,SHRITECH,SM,12000,12000,100.00
20,2072,SHUBHLAXMI,SM,14000,13000,92.86
20,2073,SHYAMMETL,EQ,992283,450805,45.43
20,2074,SIDDHIKA,SM,21500,15000,69.77
20,2075,SIEMENS,EQ,466120,233036,49.99
20,2076,SIGACHI,EQ,2458560,1384331,56.31
20,2077,SIGIND,EQ,65451,36713,56.09
20,2078,SIGMA,EQ,18700,16827,89.98
20,2079,SIGNATURE,EQ,607290,187147,30.82
20,2080,SIGNORIA,SM,4000,4000,100.00
20,2081,SIGNPOST,EQ,102201,52507,51.38
20,2082,SIKKO,EQ,228071,174124,76.35
20,2083,SIL,EQ,254985,154447,60.57
20,2084,SILGO,EQ,114725,74670,65.09
20,2085,SILINV,EQ,4582,2748,59.97
20,2086,SILKFLEX,ST,118000,108000,91.53
20,2087,SILLYMONKS,EQ,45205,28462,62.96
20,2088,SILVER,EQ,106991,55840,52.19
20,2089,SILVER1,EQ,40300,23342,57.92
20,2090,SILVERADD,EQ,3959,2587,65.34
20,2091,SILVERBEES,EQ,7806411,4581946,58.69
20,2092,SILVERETF,EQ,212064,148308,69.94
20,2093,SILVERIETF,EQ,1169538,990951,84.73
20,2094,SILVERTUC,EQ,17354,15905,91.65
20,2095,SILVRETF,EQ,43199,41395,95.82
20,2096,SIMBHALS,EQ,39562,22994,58.12
20,2097,SINCLAIR,EQ,114348,64278,56.21
20,2098,SINDHUTRAD,EQ,1124418,612695,54.49
20,2099,SINTERCOM,EQ,7133,4671,65.48
20,2100,SIRCA,EQ,178947,111769,62.46
20,2101,SIS,EQ,46957,25397,54.09
20,2102,SIYSIL,EQ,24687,14859,60.19
20,2103,SJLOGISTIC,SM,20000,16500,82.50
20,2104,SJS,EQ,410545,187132,45.58
20,2105,SJVN,EQ,33312243,10849549,32.57
20,2106,SKFINDIA,EQ,104730,43254,41.30
20,2107,SKIPPER,EQ,395278,166117,42.03
20,2108,SKIPPERPP,E1,4073,3099,76.09
20,2109,SKMEGGPROD,EQ,499280,137522,27.54
20,2110,SKP,SM,11500,9500,82.61
20,2111,SLONE,ST,198400,145600,73.39
20,2112,SMALLCAP,EQ,647360,505764,78.13
20,2113,SMCGLOBAL,EQ,548707,211925,38.62
20,2114,SMLISUZU,EQ,43108,26204,60.79
20,2115,SMLT,EQ,44350,33719,76.03
20,2116,SMSLIFE,EQ,2899,2472,85.27
20,2117,SMSPHARMA,EQ,133564,85996,64.39
20,2118,SNOWMAN,EQ,312160,187208,59.97
20,2119,SOBHA,EQ,252592,152218,60.26
20,2120,SOFTTECH,EQ,19254,11054,57.41
20,2121,SOLARA,EQ,127258,39930,31.38
20,2122,SOLARINDS,EQ,441083,145963,33.09
20,2123,SOLEX,SM,192000,90000,46.88
20,2124,SOMANYCERA,EQ,94334,42303,44.84
20,2125,SOMICONVEY,EQ,14333,8696,60.67
20,2126,SONACOMS,EQ,1223389,708599,57.92
20,2127,SONAMAC,SM,47000,30000,63.83
20,2128,SONAMLTD,EQ,36919,10951,29.66
20,2129,SONATSOFTW,EQ,1040157,687522,66.10
20,2130,SOTAC,SM,4800,4800,100.00
20,2131,SOTL,EQ,164103,73407,44.73
20,2132,SOUTHBANK,EQ,13981802,5254517,37.58
20,2133,SOUTHWEST,EQ,46193,14195,30.73
20,2134,SPAL,EQ,31919,13581,42.55
20,2135,SPANDANA,EQ,55216,28111,50.91
20,2136,SPARC,EQ,658206,416988,63.35
20,2137,SPCENET,EQ,301173,210615,69.93
20,2138,SPECIALITY,EQ,49092,29881,60.87
20,2139,SPECTRUM,SM,28875,22625,78.35
20,2140,SPECTSTM,SM,17600,15200,86.36
20,2141,SPENCERS,EQ,180284,78332,43.45
20,2142,SPIC,EQ,1124296,359216,31.95
20,2143,SPLIL,EQ,9557,7756,81.16
20,2144,SPLPETRO,EQ,26210,15041,57.39
20,2145,SPMLINFRA,EQ,179003,135599,75.75
20,2146,SPORTKING,EQ,7602,6206,81.64
20,2147,SPRL,ST,22400,14400,64.29
20,2148,SREEL,EQ,21323,12870,60.36
20,2149,SRF,EQ,301833,179445,59.45
20,2150,SRGHFL,EQ,2186,1855,84.86
20,2151,SRHHYPOLTD,EQ,9005,5584,62.01
20,2152,SRIVASAVI,SM,40000,33000,82.50
20,2153,SRM,EQ,55552,40448,72.81
20,2154,SSFL,SM,78500,39000,49.68
20,2155,SSWL,EQ,272397,153030,56.18
20,2156,STAR,EQ,2404952,394411,16.40
20,2157,STARCEMENT,EQ,7683837,1027588,13.37
20,2158,STARHEALTH,EQ,276187,163222,59.10
20,2159,STARPAPER,EQ,9502,5729,60.29
20,2160,STCINDIA,EQ,232700,88838,38.18
20,2161,STEELCAS,EQ,8339,5275,63.26
20,2162,STEELCITY,EQ,93733,52427,55.93
20,2163,STEELXIND,EQ,2176525,1647480,75.69
20,2164,STEL,EQ,249708,69660,27.90
20,2165,STERTOOLS,EQ,32013,18233,56.95
20,2166,STLTECH,EQ,3070084,1264188,41.18
20,2167,STOVEKRAFT,EQ,157600,63382,40.22
20,2168,STYLAMIND,EQ,13170,8559,64.99
20,2169,STYRENIX,EQ,53912,23881,44.30
20,2170,SUBEXLTD,EQ,3507566,1459303,41.60
20,2171,SUBROS,EQ,114552,62153,54.26
20,2172,SUDARSCHEM,EQ,943198,586635,62.20
20,2173,SUKHJITS,EQ,4636,2923,63.05
20,2174,SULA,EQ,187857,95145,50.65
20,2175,SUMICHEM,EQ,791056,436410,55.17
20,2176,SUMMITSEC,EQ,11312,7453,65.89
20,2177,SUNCLAY,EQ,5837,3130,53.62
20,2178,SUNDARAM,EQ,1110439,736246,66.30
20,2179,SUNDARMFIN,EQ,361300,185105,51.23
20,2180,SUNDARMHLD,EQ,433024,227569,52.55
20,2181,SUNDRMBRAK,EQ,19157,12064,62.97
20,2182,SUNDRMFAST,EQ,34414,17454,50.72
20,2183,SUNFLAG,EQ,1561563,643886,41.23
20,2184,SUNPHARMA,EQ,3948239,1561803,39.56
20,2185,SUNTECK,EQ,233496,119292,51.09
20,2186,SUNTV,EQ,358272,98120,27.39
20,2187,SUPERHOUSE,EQ,17691,8116,45.88
20,2188,SUPRAJIT,EQ,58719,27148,46.23
20,2189,SUPREMEIND,EQ,132429,62203,46.97
20,2190,SUPREMEPWR,SM,197000,132000,67.01
20,2191,SUPRIYA,EQ,137526,76256,55.45
20,2192,SURAJEST,EQ,145878,74158,50.84
20,2193,SURANI,SM,2000,1400,70.00
20,2194,SURYALAXMI,EQ,9440,4026,42.65
20,2195,SURYAROSNI,EQ,211288,104567,49.49
20,2196,SURYODAY,EQ,562402,246439,43.82
20,2197,SUTLEJTEX,EQ,108903,65005,59.69
20,2198,SUULD,EQ,67943,53260,78.39
20,2199,SUVEN,EQ,136431,83439,61.16
20,2200,SUVENPHAR,EQ,167318,77371,46.24
20,2201,SUVIDHAA,EQ,192123,155981,81.19
20,2202,SVLL,EQ,2864,2532,88.41
20,2203,SVPGLOB,EQ,52573,31591,60.09
20,2204,SWANENERGY,EQ,1586277,973233,61.35
20,2205,SWARAJ,SM,8000,6000,75.00
20,2206,SWARAJENG,EQ,14655,7996,54.56
20,2207,SWASTIK,SM,13200,9600,72.73
20,2208,SWELECTES,EQ,30448,16275,53.45
20,2209,SWSOLAR,EQ,1039161,679618,65.40
20,2210,SYMPHONY,EQ,155074,99859,64.39
20,2211,SYNCOMF,EQ,2149705,1167880,54.33
20,2212,SYNGENE,EQ,1037916,682334,65.74
20,2213,SYNOPTICS,SM,4800,4200,87.50
20,2214,SYRMA,EQ,1567531,910278,58.07
20,2215,SYSTANGO,SM,15200,10400,68.42
20,2216,TAC,SM,87600,49200,56.16
20,2217,TAINWALCHM,EQ,159381,106260,66.67
20,2218,TAJGVK,EQ,84301,41157,48.82
20,2219,TAKE,EQ,370113,254896,68.87
20,2220,TALBROAUTO,EQ,2159211,768901,35.61
20,2221,TANLA,EQ,137371,54485,39.66
20,2222,TAPIFRUIT,SM,2250,1500,66.67
20,2223,TARC,EQ,3959002,2298802,58.07
20,2224,TARSONS,EQ,26093,14872,57.00
20,2225,TASTYBITE,EQ,2472,1042,42.15
20,2226,TATACHEM,EQ,496537,145201,29.24
20,2227,TATACOMM,EQ,265165,127570,48.11
20,2228,TATACONSUM,EQ,2032291,1120964,55.16
20,2229,TATAELXSI,EQ,112856,73210,64.87
20,2230,TATAGOLD,EQ,2064302,1585508,76.81
20,2231,TATAMOTORS,EQ,9495279,5554337,58.50
20,2232,TATAMTRDVR,EQ,1041500,628161,60.31
20,2233,TATAPOWER,EQ,16085201,6735447,41.87
20,2234,TATASTEEL,EQ,42919832,19183036,44.70
20,2235,TATATECH,EQ,241610,146517,60.64
20,2236,TATSILV,EQ,2252584,2139570,94.98
20,2237,TATVA,EQ,29320,17174,58.57
20,2238,TBOTEK,EQ,192390,106146,55.17
20,2239,TBZ,EQ,113426,54191,47.78
20,2240,TCI,EQ,36457,19729,54.12
20,2241,TCIEXP,EQ,43922,27520,62.66
20,2242,TCL,SM,406400,212000,52.17
20,2243,TCLCONS,EQ,52574,43584,82.90
20,2244,TCNSBRANDS,EQ,208569,40191,19.27
20,2245,TCPLPACK,EQ,2011,1068,53.11
20,2246,TCS,EQ,1311168,805048,61.40
20,2247,TDPOWERSYS,EQ,1341483,443376,33.05
20,2248,TEAMLEASE,EQ,160493,103980,64.79
20,2249,TECH,EQ,16822,12662,75.27
20,2250,TECHLABS,SM,162500,108000,66.46
20,2251,TECHM,EQ,1411627,793752,56.23
20,2252,TECHNOE,EQ,166983,96892,58.03
20,2253,TEGA,EQ,76905,38392,49.92
20,2254,TEJASNET,EQ,473691,263222,55.57
20,2255,TEMBO,EQ,67015,18732,27.95
20,2256,TEXINFRA,EQ,2607783,1119749,42.94
20,2257,TEXMOPIPES,EQ,51991,39721,76.40
20,2258,TEXRAIL,EQ,2854250,1571074,55.04
20,2259,TFCILTD,EQ,569334,392404,68.92
20,2260,TGBHOTELS,EQ,100218,44099,44.00
20,2261,TGL,SM,122400,104400,85.29
20,2262,THANGAMAYL,EQ,16370,9222,56.33
20,2263,THEINVEST,EQ,28135,6510,23.14
20,2264,THEJO,EQ,8945,4257,47.59
20,2265,THEMISMED,EQ,25267,13966,55.27
20,2266,THERMAX,EQ,382764,218703,57.14
20,2267,THOMASCOOK,EQ,642945,397632,61.85
20,2268,THYROCARE,EQ,33057,22187,67.12
20,2269,TI,EQ,1927221,853424,44.28
20,2270,TIDEWATER,EQ,173733,100159,57.65
20,2271,TIIL,EQ,7969,4438,55.69
20,2272,TIINDIA,EQ,415146,309670,74.59
20,2273,TIMESCAN,SM,4000,4000,100.00
20,2274,TIMETECHNO,EQ,913920,271726,29.73
20,2275,TIMKEN,EQ,178771,133046,74.42
20,2276,TIPSFILMS,EQ,7944,4197,52.83
20,2277,TIPSINDLTD,EQ,118700,82322,69.35
20,2278,TIRUMALCHM,EQ,247472,140464,56.76
20,2279,TIRUPATI,SM,3500,3500,100.00
20,2280,TIRUPATIFL,EQ,267066,190851,71.46
20,2281,TITAGARH,EQ,1572887,557006,35.41
20,2282,TITAN,EQ,626567,363416,58.00
20,2283,TMB,EQ,41429,27440,66.23
20,2284,TNIDETF,EQ,36034,26117,72.48
20,2285,TNPETRO,EQ,304286,177063,58.19
20,2286,TNPL,EQ,138520,69850,50.43
20,2287,TOKYOPLAST,EQ,13099,8487,64.79
20,2288,TORNTPHARM,EQ,121332,56170,46.29
20,2289,TORNTPOWER,EQ,871185,602756,69.19
20,2290,TOTAL,EQ,13049,9961,76.34
20,2291,TOUCHWOOD,EQ,1079,806,74.70
20,2292,TPLPLASTEH,EQ,641182,214314,33.42
20,2293,TRACXN,EQ,434544,236494,54.42
20,2294,TRANSTEEL,SM,36000,24000,66.67
20,2295,TREL,EQ,729073,308605,42.33
20,2296,TRENT,EQ,742788,385744,51.93
20,2297,TRIDENT,EQ,13131669,4401357,33.52
20,2298,TRIDHYA,SM,15000,9000,60.00
20,2299,TRIGYN,EQ,66453,34065,51.26
20,2300,TRITURBINE,EQ,1518678,454313,29.92
20,2301,TRIVENI,EQ,311265,139426,44.79
20,2302,TRU,EQ,4498876,1107520,24.62
20,2303,TRUST,SM,193200,115200,59.63
20,2304,TTKHLTCARE,EQ,4535,2329,51.36
20,2305,TTKPRESTIG,EQ,24395,13957,57.21
20,2306,TTL,EQ,28679,15811,55.13
20,2307,TTML,EQ,1702718,861658,50.60
20,2308,TV18BRDCST,EQ,6071737,3300411,54.36
20,2309,TVSELECT,EQ,99888,38600,38.64
20,2310,TVSHLTD,EQ,10857,7396,68.12
20,2311,TVSMOTOR,EQ,609077,280860,46.11
20,2312,TVSSCS,EQ,408679,244456,59.82
20,2313,TVSSRICHAK,EQ,5102,3313,64.94
20,2314,TVTODAY,EQ,213025,121075,56.84
20,2315,UBL,EQ,352309,161881,45.95
20,2316,UCAL,EQ,26827,14847,55.34
20,2317,UCOBANK,EQ,11394151,3256504,28.58
20,2318,UDAICEMENT,EQ,531313,341818,64.33
20,2319,UDS,EQ,300350,184437,61.41
20,2320,UFLEX,EQ,27442,15000,54.66
20,2321,UFO,EQ,127666,66731,52.27
20,2322,UGARSUGAR,EQ,135334,80144,59.22
20,2323,UGROCAP,EQ,247184,139209,56.32
20,2324,UJJIVANSFB,EQ,6434185,2790383,43.37
20,2325,ULTRACEMCO,EQ,280237,169163,60.36
20,2326,UMA,SM,4000,4000,100.00
20,2327,UMANGDAIRY,EQ,50983,22696,44.52
20,2328,UMESLTD,EQ,52690,34251,65.00
20,2329,UNICHEMLAB,EQ,396275,63783,16.10
20,2330,UNIDT,EQ,8628,6316,73.20
20,2331,UNIENTER,EQ,15753,8162,51.81
20,2332,UNIONBANK,EQ,29496408,13846585,46.94
20,2333,UNIPARTS,EQ,60017,33606,55.99
20,2334,UNITEDPOLY,EQ,2535,929,36.65
20,2335,UNITEDTEA,EQ,3447,2729,79.17
20,2336,UNIVCABLES,EQ,31362,16821,53.63
20,2337,UNIVPHOTO,EQ,438,215,49.09
20,2338,UNOMINDA,EQ,277019,158729,57.30
20,2339,UPL,EQ,2807354,1113142,39.65
20,2340,URBAN,SM,6000,6000,100.00
20,2341,URJA,EQ,3918034,2493919,63.65
20,2342,USASEEDS,SM,1500,1200,80.00
20,2343,USHAMART,EQ,1985403,839689,42.29
20,2344,UTIAMC,EQ,61409,29416,47.90
20,2345,UTIBANKETF,EQ,1143019,1072164,93.80
20,2346,UTINEXT50,EQ,41386,27446,66.32
20,2347,UTINIFTETF,EQ,11574,11116,96.04
20,2348,UTISENSETF,EQ,3746,1835,48.99
20,2349,UTISXN50,EQ,3318,2446,73.72
20,2350,UTKARSHBNK,EQ,1827193,998196,54.63
20,2351,UTTAMSUGAR,EQ,31688,15951,50.34
20,2352,UWCSL,SM,6000,6000,100.00
20,2353,VADILALIND,EQ,8365,4096,48.97
20,2354,VAIBHAVGBL,EQ,246790,121581,49.26
20,2355,VAISHALI,EQ,37809,29912,79.11
20,2356,VAKRANGEE,EQ,4698563,1562718,33.26
20,2357,VALIANTLAB,EQ,235306,116973,49.71
20,2358,VALIANTORG,EQ,29760,19672,66.10
20,2359,VARDHACRLC,EQ,35798,23832,66.57
20,2360,VARDMNPOLY,EQ,164578,164578,100.00
20,2361,VARROC,EQ,427146,181002,42.37
20,2362,VASCONEQ,EQ,2490181,992281,39.85
20,2363,VBL,EQ,1020058,754264,73.94
20,2364,VEDL,EQ,33932802,9542060,28.12
20,2365,VENKEYS,EQ,35833,19398,54.13
20,2366,VENUSPIPES,EQ,36383,16575,45.56
20,2367,VENUSREM,EQ,17226,9209,53.46
20,2368,VERANDA,EQ,130777,94135,71.98
20,2369,VERITAAS,ST,4800,4800,100.00
20,2370,VERTOZ,EQ,86735,23449,27.04
20,2371,VESUVIUS,EQ,30000,12443,41.48
20,2372,VETO,EQ,73358,41857,57.06
20,2373,VGUARD,EQ,1169010,496860,42.50
20,2374,VHL,EQ,1977,1311,66.31
20,2375,VIAZ,SM,8000,8000,100.00
20,2376,VIDHIING,EQ,37715,18851,49.98
20,2377,VIJAYA,EQ,113392,61258,54.02
20,2378,VIKASECO,EQ,5642629,3275209,58.04
20,2379,VIKASLIFE,EQ,10399069,5852473,56.28
20,2380,VILINBIO,SM,8000,8000,100.00
20,2381,VIMTALABS,EQ,17447,8614,49.37
20,2382,VINATIORGA,EQ,276082,180086,65.23
20,2383,VINDHYATEL,EQ,23729,13542,57.07
20,2384,VINNY,EQ,333123,222957,66.93
20,2385,VINSYS,SM,37000,28500,77.03
20,2386,VINYAS,SM,8600,8400,97.67
20,2387,VINYLINDIA,EQ,17268,9531,55.19
20,2388,VIPCLOTHNG,EQ,186082,138452,74.40
20,2389,VIPIND,EQ,204587,99023,48.40
20,2390,VIRINCHI,EQ,1074804,505992,47.08
20,2391,VISAKAIND,EQ,184707,118169,63.98
20,2392,VISHNU,EQ,411287,235139,57.17
20,2393,VISHNUINFR,SM,54500,47000,86.24
20,2394,VISHWARAJ,EQ,891540,373875,41.94
20,2395,VISHWAS,SM,52800,25600,48.48
20,2396,VITAL,SM,13200,10800,81.82
20,2397,VIVIANA,SM,13000,12000,92.31
20,2398,VLSFINANCE,EQ,45663,21334,46.72
20,2399,VMARCIND,SM,60000,53000,88.33
20,2400,VMART,EQ,20805,9804,47.12
20,2401,VOLTAMP,EQ,29286,16581,56.62
20,2402,VOLTAS,EQ,681190,304666,44.73
20,2403,VPRPL,EQ,426113,212745,49.93
20,2404,VR,SM,4800,4800,100.00
20,2405,VRLLOG,EQ,144405,67256,46.57
20,2406,VSSL,EQ,324414,122459,37.75
20,2407,VSTIND,EQ,13057,7867,60.25
20,2408,VSTTILLERS,EQ,8866,4293,48.42
20,2409,VTL,EQ,159749,76288,47.75
20,2410,WABAG,EQ,2342925,666302,28.44
20,2411,WALCHANNAG,EQ,343619,236274,68.76
20,2412,WALPAR,SM,1000,1000,100.00
20,2413,WANBURY,EQ,110839,92863,83.78
20,2414,WEALTH,EQ,5928,2945,49.68
20,2415,WEIZMANIND,EQ,6970,3806,54.61
20,2416,WELCORP,EQ,868909,418816,48.20
20,2417,WELENT,EQ,2086297,319092,15.29
20,2418,WELINV,EQ,2579,1578,61.19
20,2419,WELSPUNLIV,EQ,705158,286845,40.68
20,2420,WENDT,EQ,1192,549,46.06
20,2421,WESTLIFE,EQ,171181,124019,72.45
20,2422,WHEELS,EQ,723015,191451,26.48
20,2423,WHIRLPOOL,EQ,204378,126480,61.89
20,2424,WILLAMAGOR,EQ,7330,5796,79.07
20,2425,WINDLAS,EQ,139637,69732,49.94
20,2426,WINDMACHIN,EQ,228309,107542,47.10
20,2427,WINSOL,ST,148800,148800,100.00
20,2428,WIPL,EQ,36328,17605,48.46
20,2429,WIPRO,EQ,3882942,1839961,47.39
20,2430,WOMANCART,SM,20800,19200,92.31
20,2431,WONDERLA,EQ,80715,37062,45.92
20,2432,WORTH,EQ,8065,5795,71.85
20,2433,WSI,EQ,428933,226280,52.75
20,2434,WSTCSTPAPR,EQ,63292,35940,56.78
20,2435,WTICAB,SM,154000,91000,59.09
20,2436,XCHANGING,EQ,555396,321972,57.97
20,2437,XPROINDIA,EQ,26036,15477,59.44
20,2438,YASHO,EQ,15684,8414,53.65
20,2439,YASHOPTICS,SM,68800,51200,74.42
20,2440,YATHARTH,EQ,58719,25815,43.96
20,2441,YATRA,EQ,69458,45731,65.84
20,2442,YCCL,SM,108000,90000,83.33
20,2443,YESBANK,EQ,155124095,47346262,30.52
20,2444,YUDIZ,SM,13600,12800,94.12
20,2445,YUKEN,EQ,171368,96569,56.35
20,2446,ZAGGLE,EQ,3417849,1367329,40.01
20,2447,ZEAL,SM,20400,17400,85.29
20,2448,ZEEL,EQ,19707535,9876903,50.12
20,2449,ZEEMEDIA,EQ,9068480,4171650,46.00
20,2450,ZENITHDRUG,SM,96000,70400,73.33
20,2451,ZENITHEXPO,EQ,406,214,52.71
20,2452,ZENITHSTL,EQ,132426,107935,81.51
20,2453,ZENSARTECH,EQ,1268953,470887,37.11
20,2454,ZENTEC,EQ,542594,342551,63.13
20,2455,ZFCVINDIA,EQ,10249,7758,75.70
20,2456,ZIMLAB,EQ,182293,116027,63.65
20,2457,ZODIACLOTH,EQ,11355,7799,68.68
20,2458,ZOMATO,EQ,40374419,26815692,66.42
20,2459,ZOTA,EQ,10309,6311,61.22
20,2460,ZUARI,EQ,156107,90282,57.83
20,2461,ZUARIIND,EQ,50793,25500,50.20
20,2462,ZYDUSLIFE,EQ,2865788,1187175,41.43
20,2463,ZYDUSWELL,EQ,21248,9109,42.87
