Security Wise Delivery Position - Compulsory Rolling Settlement
10,MTO,01072024,1837401382,0002535
Trade Date <01-JUL-2024>,Settlement Type <N>
Record Type,Sr No,Name of Security,Quantity Traded,Deliverable Quantity(gross across client level),% of Deliverable Quantity to Traded Quantity
20,1,1003IIFL29,NC,1,1,100.00
20,2,1003ISFL28,N4,1177,1167,99.15
20,3,1015ECL29,NR,565,533,94.34
20,4,1015IHF28B,AZ,5,5,100.00
20,5,1018GS2026,GS,22002,22001,100.00
20,6,1025NFL25,N5,250,250,100.00
20,7,1035UCL26,NA,220,220,100.00
20,8,1040NFL26,NA,881,881,100.00
20,9,1049DLS25A,Y5,10,10,100.00
20,10,1049DLSL25,NX,50,50,100.00
20,11,1050ISFL28,N5,10,10,100.00
20,12,1050NFL26,N7,74,74,100.00
20,13,1050UCL25,N7,200,200,100.00
20,14,105IIFL29,N7,890,500,56.18
20,15,105UCL2026,NB,10,10,100.00
20,16,1065NFL27,NC,343,343,100.00
20,17,1075IHF33A,N2,30,30,100.00
20,18,1075UCL25,N9,1,1,100.00
20,19,1090NFL26,NB,11,11,100.00
20,20,10CAGL27,N5,150,150,100.00
20,21,10IIFL28,N4,154,148,96.10
20,22,10IIFL28A,NE,30,30,100.00
20,23,10IIFL29,N6,120,120,100.00
20,24,10NIDO26,N6,955,955,100.00
20,25,1119NFL27,ND,37,37,100.00
20,26,11DLSL25,NV,24,24,100.00
20,27,182D010824,TB,12300,12300,100.00
20,28,182D011124,TB,100,100,100.00
20,29,182D040724,TB,2400,2300,95.83
20,30,182D051224,TB,100,100,100.00
20,31,182D141124,TB,100,100,100.00
20,32,182D181024,TB,500,500,100.00
20,33,182D190924,TB,100,100,100.00
20,34,182D191224,TB,1100,1000,90.91
20,35,182D220824,TB,1000,1000,100.00
20,36,182D250724,TB,300,300,100.00
20,37,182D281124,TB,800,800,100.00
20,38,20MICRONS,EQ,244501,116548,47.67
20,39,360ONE,EQ,1429903,757419,52.97
20,40,364D020125,TB,100,100,100.00
20,41,364D071124,TB,5500,5500,100.00
20,42,364D090125,TB,27000,27000,100.00
20,43,364D120625,TB,200,200,100.00
20,44,364D130225,TB,100,100,100.00
20,45,364D150525,TB,500,500,100.00
20,46,364D160125,TB,1800,1000,55.56
20,47,364D200225,TB,100,100,100.00
20,48,364D211124,TB,500,400,80.00
20,49,364D240425,TB,100,100,100.00
20,50,364D270924,TB,34800,34800,100.00
20,51,3IINFOLTD,EQ,1095963,518968,47.35
20,52,3MINDIA,EQ,6475,2790,43.09
20,53,3PLAND,EQ,57276,37320,65.16
20,54,563GS2026,GS,1003,1000,99.70
20,55,574GS2026,GS,94,94,100.00
20,56,5PAISA,EQ,134622,33198,24.66
20,57,618GS2024,GS,5,5,100.00
20,58,619GS2034,GS,5,5,100.00
20,59,622GS2035,GS,812,812,100.00
20,60,63MOONS,EQ,104995,61369,58.45
20,61,654GS2032,GS,26004,26003,100.00
20,62,664GS2035,GS,2,2,100.00
20,63,667GS2035,GS,1603,1602,99.94
20,64,667GS2050,GS,2828,2828,100.00
20,65,689GS2025,GS,25006,25006,100.00
20,66,68GS2060,GS,143,143,100.00
20,67,699GS2026,GS,4501,4500,99.98
20,68,699GS2051,GS,7030,7030,100.00
20,69,702GS2027,GS,9950,9950,100.00
20,70,702GS2031,GS,100,100,100.00
20,71,704IRFC28,N6,400,200,50.00
20,72,706GS2028,GS,12526,11605,92.65
20,73,710GS2029,GS,266254,256127,96.20
20,74,714NHAI26,N7,25,25,100.00
20,75,717GS2030,GS,13000,13000,100.00
20,76,718GS2033,GS,108900,108900,100.00
20,77,718GS2037,GS,60458,60458,100.00
20,78,71GS2034,GS,27600,27600,100.00
20,79,723GS2039,GS,998,998,100.00
20,80,725GS2063,GS,56910,56910,100.00
20,81,726GS2032,GS,113702,78711,69.23
20,82,726GS2033,GS,25002,25001,100.00
20,83,727GS2026,GS,1,1,100.00
20,84,729NHAI26,NC,14,14,100.00
20,85,732GS2030,GS,12701,12701,100.00
20,86,733GS2026,GS,700,600,85.71
20,87,734GS2064,GS,1200,1200,100.00
20,88,734IRFC28,N4,53,53,100.00
20,89,736GS2052,GS,48801,48801,100.00
20,90,737GS2028,GS,10943,10942,99.99
20,91,738GS2027,GS,196312,184812,94.14
20,92,739NHAI26,N8,1506,1406,93.36
20,93,73GS2053,GS,12401,12401,100.00
20,94,741GS2036,GS,31380,21500,68.51
20,95,743REC35,NH,124,88,70.97
20,96,746GS2073,GS,11110,11010,99.10
20,97,74GS2035,GS,140,140,100.00
20,98,74GS2062,GS,23891,23641,98.95
20,99,751HUDCO28,N5,30,10,33.33
20,100,753IRFC30,NJ,240,229,95.42
20,101,753NTPC30E,NC,79,79,100.00
20,102,754GS2036,GS,397934,394898,99.24
20,103,760PFCL35,N3,1,1,100.00
20,104,762NTPC35F,ND,294,284,96.60
20,105,764HUDCO31,N8,261,250,95.79
20,106,764NABAR31,N2,105,105,100.00
20,107,769GS2043,GS,450,450,100.00
20,108,769HUDCO31,N9,94,50,53.19
20,109,769NHAI31,NE,200,200,100.00
20,110,76NHAI31,NA,2695,2399,89.02
20,111,772GS2049,GS,1,1,100.00
20,112,774IREDA31,N7,1,1,100.00
20,113,795GS2032,GS,1,1,100.00
20,114,797IGT31,NL,109,100,91.74
20,115,79NHIT35,N1,3802,3802,100.00
20,116,79NHIT40,N2,723,723,100.00
20,117,79NHIT47,N3,11,11,100.00
20,118,801TCH25,N4,512,462,90.23
20,119,805ABFL28,N2,2,2,100.00
20,120,810IRFC27,N2,5533,5510,99.58
20,121,812REC27,NI,50,50,100.00
20,122,81TCHF28,N8,250,250,100.00
20,123,820IIFL27,N9,499,499,100.00
20,124,824GS2027,GS,1,1,100.00
20,125,825IIFL25,N7,18,18,100.00
20,126,829LTF24,NL,29,29,100.00
20,127,82HUDCO27,N2,678,477,70.35
20,128,82IGT31,NJ,513,513,100.00
20,129,830NHAI27,N2,684,625,91.37
20,130,830PFCL27,N5,19,19,100.00
20,131,833IHFL24,YX,21,21,100.00
20,132,835IFL25,NV,305,305,100.00
20,133,835PCHF23,NN,150,150,100.00
20,134,83TCHF25,N6,365,188,51.51
20,135,840CIFCL28,N4,107,107,100.00
20,136,842IIFL26,NL,1944,1500,77.16
20,137,843IHFL29,NC,1658,1500,90.47
20,138,849NTPC25,N7,37325,31812,85.23
20,139,84TCHF28,NA,175,165,94.29
20,140,85IIFL25,NO,5,5,100.00
20,141,85PCHFL24,N6,14,12,85.71
20,142,85TCAPS24,N6,1722,1501,87.17
20,143,865IFL28,NZ,2364,2081,88.03
20,144,865IIFL28,NS,20,20,100.00
20,145,865IRFC29,NA,207,198,95.65
20,146,865LTF26,NN,1227,801,65.28
20,147,865TCAPS27,N8,403,353,87.59
20,148,866IBHL25,YP,100,100,100.00
20,149,86LTF24,NJ,235,202,85.96
20,150,871REC28,N9,100,100,100.00
20,151,873NTPC28,N5,25,25,100.00
20,152,875CIFC23B,NJ,15,15,100.00
20,153,875IHFL26,NQ,2,2,100.00
20,154,875IHFL29,ND,208,208,100.00
20,155,875IIFL26,NM,25,25,100.00
20,156,875NHAI29,N6,133,108,81.20
20,157,876HUDCO28,ND,5,5,100.00
20,158,879NHPC28,N5,30,30,100.00
20,159,87IHFL24A,ZF,1030,1000,97.09
20,160,880IREDA29,N5,50,50,100.00
20,161,880IREDA34,N6,300,300,100.00
20,162,883GS2041,GS,1,1,100.00
20,163,888ERFL28,N5,140,140,100.00
20,164,888IHFL25C,NR,15,15,100.00
20,165,888IRFC29,NE,155,155,100.00
20,166,889IBHL27,YT,30,30,100.00
20,167,889IHFL27,YC,5,5,100.00
20,168,889IHFL28,NU,5,5,100.00
20,169,891NTPC33,N6,515,515,100.00
20,170,892PFCL33,N8,925,775,83.78
20,171,893NHB29,N6,1,1,100.00
20,172,897MOFSL29,N4,1182,1182,100.00
20,173,901HUDCO34,NE,570,570,100.00
20,174,901NHB34,N6,87,87,100.00
20,175,905IH24,ZB,1,1,100.00
20,176,905IH24B,Z9,158,158,100.00
20,177,905PEL26,N1,10,10,100.00
20,178,915IBHFL26,NE,16,16,100.00
20,179,91D020824,TB,15000,15000,100.00
20,180,91D040724,TB,2100,2100,100.00
20,181,91D050924,TB,1800,1800,100.00
20,182,91D080824,TB,100,100,100.00
20,183,91D120724,TB,17300,16300,94.22
20,184,91D120924,TB,2300,2300,100.00
20,185,91D150824,TB,2300,2300,100.00
20,186,91D190724,TB,7200,7200,100.00
20,187,91D250724,TB,3800,3800,100.00
20,188,91D290824,TB,200,200,100.00
20,189,920IIFLS26,N8,164,164,100.00
20,190,921ISFL25,N0,10,10,100.00
20,191,922SFL24,Z4,12,12,100.00
20,192,925ERFL28,N6,112,101,90.18
20,193,925IHFL25B,Y3,4,2,50.00
20,194,925IHFL25D,N6,220,200,90.91
20,195,925IHFL26D,ZD,20,20,100.00
20,196,925IHFL28C,BS,8,8,100.00
20,197,92GS2030,GS,2819,2819,100.00
20,198,93MOFSL34,N6,717,717,100.00
20,199,943ECL28,NJ,135,135,100.00
20,200,945CAGL24,N1,100,100,100.00
20,201,945IFSL25,N4,10,10,100.00
20,202,948ICCL25A,NG,11,11,100.00
20,203,948IHFL26,N9,5,5,100.00
20,204,948IHFL26I,AX,7,7,100.00
20,205,94IFCI25,NL,458,458,100.00
20,206,94SFL28,YL,50,50,100.00
20,207,955IHFL27,Z5,50,50,100.00
20,208,957IIFLS27,NA,1,1,100.00
20,209,957ISFL26,N2,623,523,83.95
20,210,960CAGL25,N3,10,10,100.00
20,211,960ISFL25,N1,40,40,100.00
20,212,965IFSL26,N6,10,10,100.00
20,213,965IHFL25B,Y1,50,35,70.00
20,214,965IHFL25C,N0,176,176,100.00
20,215,965IHFL25E,BF,27,17,62.96
20,216,96IIFL28,N5,1279,961,75.14
20,217,96IIFL28A,NF,989,929,93.93
20,218,96SFL24,Z8,1,1,100.00
20,219,970CAGL28,ND,207,207,100.00
20,220,971IHFL28,AN,50,50,100.00
20,221,971IHFL28I,BC,5,5,100.00
20,222,975NFL25,N0,89,89,100.00
20,223,97SFL26,Z9,522,522,100.00
20,224,97SFL28,YS,6,6,100.00
20,225,97SFL29,YZ,11,6,54.55
20,226,985ECL28,NK,26,26,100.00
20,227,98ICCL26,NU,25,25,100.00
20,228,990IHFL26I,AV,5,5,100.00
20,229,99IFCI24,NH,713,602,84.43
20,230,9IBHFL26BA,NA,1175,1125,95.74
20,231,9IIFL28,Y0,85,85,100.00
20,232,9IIFL28A,NT,268,268,100.00
20,233,9MMFSML,N2,724,584,80.66
20,234,AADHARHFC,EQ,1283257,611760,47.67
20,235,AAKASH,EQ,1356647,1074786,79.22
20,236,AARON,EQ,8503,6011,70.69
20,237,AARTIDRUGS,EQ,328673,125920,38.31
20,238,AARTIIND,EQ,913003,400427,43.86
20,239,AARTIPHARM,EQ,188629,102476,54.33
20,240,AARTISURF,EQ,20412,10682,52.33
20,241,AARTISURF,P1,20,0,0.00
20,242,AARVEEDEN,EQ,89135,54997,61.70
20,243,AARVI,EQ,10377,7788,75.05
20,244,AATMAJ,SM,46000,10000,21.74
20,245,AAVAS,EQ,484977,366988,75.67
20,246,ABB,EQ,251582,108889,43.28
20,247,ABBOTINDIA,EQ,6103,2763,45.27
20,248,ABCAPITAL,EQ,2889894,1037822,35.91
20,249,ABCOTS,SM,500,500,100.00
20,250,ABFL26,N1,35,25,71.43
20,251,ABFL28,N3,100,100,100.00
20,252,ABFRL,EQ,4395944,1702616,38.73
20,253,ABINFRA,SM,32000,24000,75.00
20,254,ABSLAMC,EQ,203245,115992,57.07
20,255,ABSLBANETF,EQ,105418,99215,94.12
20,256,ABSLLIQUID,EQ,9873,8449,85.58
20,257,ABSLNN50ET,EQ,30427,18925,62.20
20,258,ABSLPSE,EQ,229761,208288,90.65
20,259,ABSMARINE,SM,245000,150000,61.22
20,260,ACC,EQ,895260,322299,36.00
20,261,ACCELYA,EQ,13376,6744,50.42
20,262,ACCENTMIC,SM,25500,18500,72.55
20,263,ACCORD,SM,2000,2000,100.00
20,264,ACE,EQ,391917,199409,50.88
20,265,ACEINTEG,EQ,6766,4275,63.18
20,266,ACI,EQ,1951300,1108967,56.83
20,267,ACL,EQ,134978,75347,55.82
20,268,ACLGATI,EQ,588571,300339,51.03
20,269,ACSAL,SM,12000,12000,100.00
20,270,ADANIENSOL,EQ,472079,233721,49.51
20,271,ADANIENT,EQ,832170,378808,45.52
20,272,ADANIGREEN,EQ,276666,168776,61.00
20,273,ADANIPORTS,EQ,3372730,1392207,41.28
20,274,ADANIPOWER,EQ,3433119,2255361,65.69
20,275,ADFFOODS,EQ,140946,64192,45.54
20,276,ADL,EQ,15070,6311,41.88
20,277,ADORWELD,EQ,10527,5567,52.88
20,278,ADROITINFO,EQ,18164,11141,61.34
20,279,ADSL,EQ,12944636,3134247,24.21
20,280,ADVANIHOTR,EQ,91503,48859,53.40
20,281,ADVENZYMES,EQ,142892,70409,49.27
20,282,AEGISLOG,EQ,402110,157931,39.28
20,283,AEROFLEX,EQ,648969,276213,42.56
20,284,AETHER,EQ,127793,61652,48.24
20,285,AFFLE,EQ,607063,250067,41.19
20,286,AGARIND,EQ,48027,21757,45.30
20,287,AGARWALFT,ST,30000,30000,100.00
20,288,AGI,EQ,450796,254188,56.39
20,289,AGNI,SM,42500,22500,52.94
20,290,AGRITECH,EQ,6644,3979,59.89
20,291,AGROPHOS,EQ,100100,47735,47.69
20,292,AGSTRA,EQ,422866,254502,60.19
20,293,AGUL,SM,36000,26000,72.22
20,294,AHL,EQ,352971,132886,37.65
20,295,AHLEAST,EQ,10758,5565,51.73
20,296,AHLUCONT,EQ,46200,24256,52.50
20,297,AIAENG,EQ,37133,15335,41.30
20,298,AIIL,EQ,41907,16203,38.66
20,299,AILIMITED,ST,12000,12000,100.00
20,300,AIMTRON,SM,32800,32800,100.00
20,301,AIRAN,EQ,525131,344328,65.57
20,302,AIROLAM,EQ,21775,12037,55.28
20,303,AIRTELPP,E1,80974,41819,51.64
20,304,AISL,ST,1200,1200,100.00
20,305,AJANTPHARM,EQ,125115,94896,75.85
20,306,AJMERA,EQ,36838,18284,49.63
20,307,AJOONI,EQ,9781600,6805245,69.57
20,308,AKANKSHA,SM,180000,100000,55.56
20,309,AKASH,EQ,44517,24107,54.15
20,310,AKG,EQ,30741,19291,62.75
20,311,AKI,EQ,86021,48015,55.82
20,312,AKSHARCHEM,EQ,13993,7919,56.59
20,313,AKZOINDIA,EQ,10922,6781,62.09
20,314,ALANKIT,EQ,12540722,5138996,40.98
20,315,ALBERTDAVD,EQ,25611,13342,52.09
20,316,ALEMBICLTD,EQ,1872309,678501,36.24
20,317,ALICON,EQ,64704,29868,46.16
20,318,ALKALI,EQ,62875,42446,67.51
20,319,ALKEM,EQ,172179,125564,72.93
20,320,ALKYLAMINE,EQ,94882,37960,40.01
20,321,ALLCARGO,EQ,6143411,2390403,38.91
20,322,ALLETEC,SM,80400,62400,77.61
20,323,ALLSEC,EQ,105851,43654,41.24
20,324,ALMONDZ,EQ,100145,68052,67.95
20,325,ALOKINDS,EQ,37366648,15765577,42.19
20,326,ALPA,EQ,51261,26267,51.24
20,327,ALPEXSOLAR,SM,126000,80800,64.13
20,328,ALPHA,EQ,479268,359177,74.94
20,329,ALPHAETF,EQ,353697,294496,83.26
20,330,ALPHAGEO,EQ,31984,14802,46.28
20,331,ALPL30IETF,EQ,7836281,7735648,98.72
20,332,ALUWIND,SM,63000,51000,80.95
20,333,AMBANIORG,SM,4000,4000,100.00
20,334,AMBER,EQ,163338,76936,47.10
20,335,AMBICAAGAR,EQ,35876,18445,51.41
20,336,AMBIKCO,EQ,71274,39341,55.20
20,337,AMBUJACEM,EQ,6820204,2810848,41.21
20,338,AMDIND,EQ,54455,34091,62.60
20,339,AMEYA,SM,84000,50000,59.52
20,340,AMIABLE,SM,68800,44800,65.12
20,341,AMIORG,EQ,127271,62178,48.85
20,342,AMJLAND,EQ,311449,201894,64.82
20,343,AMNPLST,EQ,829132,202560,24.43
20,344,AMRUTANJAN,EQ,291771,91659,31.41
20,345,ANANDRATHI,EQ,23883,14444,60.48
20,346,ANANTRAJ,EQ,803862,470037,58.47
20,347,ANDHRAPAP,EQ,350278,248229,70.87
20,348,ANDHRSUGAR,EQ,363079,137263,37.81
20,349,ANGELONE,EQ,552069,275378,49.88
20,350,ANIKINDS,EQ,31338,13399,42.76
20,351,ANLON,SM,15200,13600,89.47
20,352,ANNAPURNA,SM,56500,37500,66.37
20,353,ANTGRAPHIC,EQ,804466,472505,58.74
20,354,ANUP,EQ,20176,11531,57.15
20,355,ANURAS,EQ,55631,25552,45.93
20,356,APARINDS,EQ,52307,30184,57.71
20,357,APCL,EQ,62573,42744,68.31
20,358,APCOTEXIND,EQ,10024,5002,49.90
20,359,APEX,EQ,109688,40543,36.96
20,360,APLAPOLLO,EQ,978635,523164,53.46
20,361,APLLTD,EQ,290449,112425,38.71
20,362,APOLLO,EQ,3111101,1915796,61.58
20,363,APOLLOHOSP,EQ,374933,242079,64.57
20,364,APOLLOPIPE,EQ,82890,56305,67.93
20,365,APOLLOTYRE,EQ,3427707,1080461,31.52
20,366,APOLSINHOT,EQ,1904,1383,72.64
20,367,APS,SM,85000,49000,57.65
20,368,APTECHT,EQ,421748,204619,48.52
20,369,APTUS,EQ,887079,263294,29.68
20,370,ARABIAN,SM,48000,34000,70.83
20,371,ARCHIES,EQ,89891,64560,71.82
20,372,ARE&M,EQ,3120622,908381,29.11
20,373,ARENTERP,EQ,17945,7133,39.75
20,374,ARHAM,ST,25000,24000,96.00
20,375,ARIES,EQ,59361,23934,40.32
20,376,ARIHANTACA,SM,1600,800,50.00
20,377,ARIHANTCAP,EQ,397250,231350,58.24
20,378,ARIHANTSUP,EQ,57223,28018,48.96
20,379,ARISTO,SM,11200,6400,57.14
20,380,ARMANFIN,EQ,51167,31517,61.60
20,381,AROGRANITE,EQ,239453,113334,47.33
20,382,ARROWGREEN,EQ,59900,31743,52.99
20,383,ARTEMISMED,EQ,100620,56926,56.58
20,384,ARTNIRMAN,EQ,37118,9426,25.39
20,385,ARVIND,EQ,633477,286615,45.24
20,386,ARVINDFASN,EQ,494962,243388,49.17
20,387,ARVSMART,EQ,94959,40495,42.64
20,388,ASAHIINDIA,EQ,230029,88134,38.31
20,389,ASAHISONG,EQ,270495,83940,31.03
20,390,ASAL,EQ,51736,23172,44.79
20,391,ASALCBR,EQ,58970,31576,53.55
20,392,ASHAPURMIN,EQ,166711,95017,57.00
20,393,ASHIANA,EQ,136620,48328,35.37
20,394,ASHIMASYN,EQ,896190,615506,68.68
20,395,ASHOKA,EQ,1743171,575824,33.03
20,396,ASHOKAMET,EQ,74214,50454,67.98
20,397,ASHOKLEY,EQ,10772576,4978076,46.21
20,398,ASIANENE,EQ,135388,91197,67.36
20,399,ASIANPAINT,EQ,1104110,694347,62.89
20,400,ASIANTILES,EQ,2678404,1575807,58.83
20,401,ASKAUTOLTD,EQ,644833,318541,49.40
20,402,ASMS,EQ,357488,279483,78.18
20,403,ASPINWALL,EQ,3450,2019,58.52
20,404,ASPIRE,SM,206000,140000,67.96
20,405,ASTEC,EQ,112920,75858,67.18
20,406,ASTERDM,EQ,1536079,838369,54.58
20,407,ASTRAL,EQ,221539,104712,47.27
20,408,ASTRAMICRO,EQ,935566,623471,66.64
20,409,ASTRAZEN,EQ,9894,3760,38.00
20,410,ATFL,EQ,89238,60647,67.96
20,411,ATGL,EQ,1062754,378211,35.59
20,412,ATL,EQ,1342606,604399,45.02
20,413,ATMASTCO,SM,76000,64000,84.21
20,414,ATUL,EQ,60381,23800,39.42
20,415,ATULAUTO,EQ,5236358,1015497,19.39
20,416,AUBANK,EQ,1155952,487335,42.16
20,417,AURDIS,SM,14000,8000,57.14
20,418,AURIONPRO,EQ,23949,14753,61.60
20,419,AUROIMPEX,SM,22400,17600,78.57
20,420,AUROPHARMA,EQ,1447616,884354,61.09
20,421,AURUM,EQ,301146,181142,60.15
20,422,AURUMPP1,E1,41988,40067,95.42
20,423,AUTOAXLES,EQ,13167,7278,55.27
20,424,AUTOBEES,EQ,169165,96282,56.92
20,425,AUTOIETF,EQ,542749,360715,66.46
20,426,AUTOIND,EQ,877426,428943,48.89
20,427,AVADHSUGAR,EQ,111883,62935,56.25
20,428,AVALON,EQ,138797,56837,40.95
20,429,AVANTIFEED,EQ,954830,349105,36.56
20,430,AVG,EQ,33043,19392,58.69
20,431,AVPINFRA,SM,1166400,644800,55.28
20,432,AVROIND,EQ,12891,7744,60.07
20,433,AVTNPL,EQ,119112,62627,52.58
20,434,AWFIS,EQ,281660,126719,44.99
20,435,AWHCL,EQ,1372160,522483,38.08
20,436,AWL,EQ,911492,532725,58.45
20,437,AXISBANK,EQ,5797015,2886086,49.79
20,438,AXISBNKETF,EQ,2741,2360,86.10
20,439,AXISBPSETF,EQ,70652,65351,92.50
20,440,AXISCADES,EQ,800918,261351,32.63
20,441,AXISCETF,EQ,19115,8734,45.69
20,442,AXISGOLD,EQ,87805,65462,74.55
20,443,AXISHCETF,EQ,3703,3271,88.33
20,444,AXISILVER,EQ,133468,125161,93.78
20,445,AXISNIFTY,EQ,37177,26594,71.53
20,446,AXISTECETF,EQ,17444,15723,90.13
20,447,AXITA,EQ,931830,486294,52.19
20,448,AXSENSEX,EQ,3363,2320,68.99
20,449,AYMSYNTEX,EQ,823270,321725,39.08
20,450,AZAD,EQ,90115,68582,76.10
20,451,BABAFP,SM,44800,30400,67.86
20,452,BAHETI,SM,20250,18750,92.59
20,453,BAIDFIN,EQ,2609690,516503,19.79
20,454,BAJAJ-AUTO,EQ,289355,133791,46.24
20,455,BAJAJCON,EQ,1143437,594341,51.98
20,456,BAJAJELEC,EQ,53305,26571,49.85
20,457,BAJAJFINSV,EQ,2444681,1806279,73.89
20,458,BAJAJHCARE,EQ,464400,219386,47.24
20,459,BAJAJHIND,EQ,17986877,6899886,38.36
20,460,BAJAJHLDNG,EQ,111072,64271,57.86
20,461,BAJEL,EQ,624196,353894,56.70
20,462,BAJFINANCE,EQ,772745,302113,39.10
20,463,BALAJITELE,EQ,308627,179462,58.15
20,464,BALAMINES,EQ,113161,44376,39.21
20,465,BALAXI,EQ,25817,20301,78.63
20,466,BALKRISHNA,EQ,80551,56076,69.62
20,467,BALKRISIND,EQ,172686,103059,59.68
20,468,BALMLAWRIE,EQ,254856,122670,48.13
20,469,BALPHARMA,EQ,35044,21682,61.87
20,470,BALRAMCHIN,EQ,940144,400540,42.60
20,471,BALUFORGE,EQ,247037,140215,56.76
20,472,BANARBEADS,EQ,45705,9362,20.48
20,473,BANARISUG,EQ,3269,1797,54.97
20,474,BANCOINDIA,EQ,98956,50219,50.75
20,475,BANDHANBNK,EQ,6917067,3127074,45.21
20,476,BANG,EQ,26430,18313,69.29
20,477,BANKBARODA,EQ,12001891,5686045,47.38
20,478,BANKBEES,EQ,396113,196938,49.72
20,479,BANKBETF,EQ,26427,22804,86.29
20,480,BANKETF,EQ,2409,2005,83.23
20,481,BANKETFADD,EQ,5429,3849,70.90
20,482,BANKIETF,EQ,210938,175279,83.10
20,483,BANKINDIA,EQ,5636426,2639721,46.83
20,484,BANKNIFTY1,EQ,59147,39578,66.91
20,485,BANSWRAS,EQ,159122,106095,66.68
20,486,BARBEQUE,EQ,659685,467186,70.82
20,487,BASF,EQ,31896,16488,51.69
20,488,BASILIC,SM,227700,122100,53.62
20,489,BASML,EQ,96246,61079,63.46
20,490,BATAINDIA,EQ,861337,512443,59.49
20,491,BAWEJA,SM,7200,4800,66.67
20,492,BAYERCROP,EQ,63292,37356,59.02
20,493,BBETF0432,EQ,4879,4871,99.84
20,494,BBL,EQ,64733,39841,61.55
20,495,BBNPNBETF,EQ,6445,3385,52.52
20,496,BBNPPGOLD,EQ,855,747,87.37
20,497,BBOX,EQ,6216495,1319536,21.23
20,498,BBTC,EQ,429824,104697,24.36
20,499,BBTCL,EQ,6899,4110,59.57
20,500,BCLIND,EQ,863154,502306,58.19
20,501,BCONCEPTS,EQ,26579,17453,65.66
20,502,BDL,EQ,2090122,893124,42.73
20,503,BEACON,SM,248000,152000,61.29
20,504,BEARDSELL,EQ,65809,43915,66.73
20,505,BECTORFOOD,EQ,87825,52339,59.59
20,506,BEDMUTHA,EQ,14365,10633,74.02
20,507,BEL,EQ,39495237,18903839,47.86
20,508,BEML,EQ,235611,65935,27.98
20,509,BEPL,EQ,1646466,929081,56.43
20,510,BERGEPAINT,EQ,825823,358483,43.41
20,511,BESTAGRO,EQ,64069,41315,64.49
20,512,BETA,SM,3800,2500,65.79
20,513,BEWLTD,SM,25875,16375,63.29
20,514,BFINVEST,EQ,129734,44407,34.23
20,515,BFSI,EQ,335557,270902,80.73
20,516,BFUTILITIE,EQ,410362,108599,26.46
20,517,BHAGCHEM,EQ,866382,549234,63.39
20,518,BHAGERIA,EQ,40066,20423,50.97
20,519,BHAGYANGR,EQ,96104,52201,54.32
20,520,BHANDARI,EQ,430148,295682,68.74
20,521,BHARATFORG,EQ,1139145,703644,61.77
20,522,BHARATGEAR,EQ,22469,12041,53.59
20,523,BHARATRAS,EQ,10248,3399,33.17
20,524,BHARATWIRE,EQ,230426,127439,55.31
20,525,BHARTIARTL,EQ,6011806,3019159,50.22
20,526,BHARTIHEXA,EQ,1073344,510037,47.52
20,527,BHEL,EQ,12526215,4144248,33.08
20,528,BHINVIT,IV,302176,266370,88.15
20,529,BIGBLOC,EQ,111297,61639,55.38
20,530,BIKAJI,EQ,519605,363873,70.03
20,531,BIOCON,EQ,9143802,4124824,45.11
20,532,BIOFILCHEM,EQ,350874,180278,51.38
20,533,BIRDYS,SM,1200,1200,100.00
20,534,BIRET,RR,175946,154419,87.76
20,535,BIRLACABLE,EQ,106183,43902,41.35
20,536,BIRLACORPN,EQ,88517,43280,48.89
20,537,BIRLAMONEY,EQ,273829,122385,44.69
20,538,BLAL,EQ,220768,91650,41.51
20,539,BLISSGVS,EQ,346835,154979,44.68
20,540,BLKASHYAP,EQ,1202093,596552,49.63
20,541,BLS,EQ,11552511,3158606,27.34
20,542,BLSE,EQ,534249,360414,67.46
20,543,BLUEDART,EQ,35905,14189,39.52
20,544,BLUEJET,EQ,227622,128242,56.34
20,545,BLUEPEBBLE,SM,60000,39200,65.33
20,546,BLUESTARCO,EQ,211017,118719,56.26
20,547,BMETRICS,SM,12000,7200,60.00
20,548,BODALCHEM,EQ,439995,184292,41.89
20,549,BOMDYEING,EQ,6008156,1976173,32.89
20,550,BOROLTD,EQ,1350344,659440,48.83
20,551,BORORENEW,EQ,394882,147925,37.46
20,552,BOROSCI,EQ,833196,445594,53.48
20,553,BOSCHLTD,EQ,30255,11947,39.49
20,554,BPCL,EQ,4793023,2548574,53.17
20,555,BPL,EQ,1338323,683667,51.08
20,556,BRIGADE,EQ,156382,67274,43.02
20,557,BRIGHT,SZ,243000,237000,97.53
20,558,BRITANNIA,EQ,223560,146881,65.70
20,559,BSE,EQ,583442,363689,62.34
20,560,BSE500IETF,EQ,469404,357392,76.14
20,561,BSHSL,EQ,24511,18216,74.32
20,562,BSL,EQ,33895,23045,67.99
20,563,BSLGOLDETF,EQ,60447,23206,38.39
20,564,BSLNIFTY,EQ,364034,266714,73.27
20,565,BSLSENETFG,EQ,2025,1223,60.40
20,566,BSOFT,EQ,6757562,2361781,34.95
20,567,BURNPUR,EQ,7791591,3615244,46.40
20,568,BUTTERFLY,EQ,18993,8214,43.25
20,569,BVCL,EQ,52817,34607,65.52
20,570,CADSYS,ST,25500,25000,98.04
20,571,CAGL25,N8,1,1,100.00
20,572,CAMLINFINE,EQ,338687,194098,57.31
20,573,CAMPUS,EQ,1277635,497593,38.95
20,574,CAMS,EQ,160678,91888,57.19
20,575,CANARYS,SM,152000,112000,73.68
20,576,CANBK,EQ,20506793,11306939,55.14
20,577,CANFINHOME,EQ,1260759,492410,39.06
20,578,CANTABIL,EQ,774170,338825,43.77
20,579,CAPACITE,EQ,375221,194924,51.95
20,580,CAPITALSFB,EQ,46600,29636,63.60
20,581,CAPLIPOINT,EQ,315263,175949,55.81
20,582,CAPTRUST,EQ,10960,7861,71.72
20,583,CARBORUNIV,EQ,93504,50102,53.58
20,584,CAREERP,EQ,64809,26708,41.21
20,585,CARERATING,EQ,33714,20294,60.19
20,586,CARTRADE,EQ,320916,228743,71.28
20,587,CARYSIL,EQ,49914,25334,50.76
20,588,CASTROLIND,EQ,19816582,5563440,28.07
20,589,CBAZAAR,SM,48000,32000,66.67
20,590,CCHHL,EQ,523583,333792,63.75
20,591,CCL,EQ,121797,82074,67.39
20,592,CDSL,EQ,8138174,1780664,21.88
20,593,CEATLTD,EQ,745431,210651,28.26
20,594,CELEBRITY,EQ,711091,486336,68.39
20,595,CELLECOR,SM,101400,72600,71.60
20,596,CELLO,EQ,161929,71643,44.24
20,597,CELLPOINT,SM,38400,28800,75.00
20,598,CENTENKA,EQ,59246,31331,52.88
20,599,CENTEXT,EQ,182818,116811,63.89
20,600,CENTRALBK,EQ,8020735,1992641,24.84
20,601,CENTRUM,EQ,498994,259869,52.08
20,602,CENTUM,EQ,15193,9407,61.92
20,603,CENTURYPLY,EQ,107039,41123,38.42
20,604,CENTURYTEX,EQ,141441,44541,31.49
20,605,CERA,EQ,78007,64041,82.10
20,606,CESC,EQ,4875762,1935154,39.69
20,607,CGCL,EQ,437392,182640,41.76
20,608,CGPOWER,EQ,1915569,931581,48.63
20,609,CGRAPHICS,SM,307200,168000,54.69
20,610,CHALET,EQ,263497,101699,38.60
20,611,CHAMBLFERT,EQ,5006457,1573110,31.42
20,612,CHAVDA,SM,147000,85000,57.82
20,613,CHEMBOND,EQ,48357,25569,52.88
20,614,CHEMCON,EQ,42811,20675,48.29
20,615,CHEMFAB,EQ,6734,3790,56.28
20,616,CHEMPLASTS,EQ,141015,66140,46.90
20,617,CHENNPETRO,EQ,410774,136728,33.29
20,618,CHEVIOT,EQ,6063,3338,55.06
20,619,CHOICEIN,EQ,473372,137344,29.01
20,620,CHOLAFIN,EQ,505369,231482,45.80
20,621,CHOLAHLDNG,EQ,3609889,532749,14.76
20,622,CIEINDIA,EQ,683245,254995,37.32
20,623,CIGNITITEC,EQ,126120,93609,74.22
20,624,CINELINE,EQ,42906,24614,57.37
20,625,CIPLA,EQ,1313651,795012,60.52
20,626,CLEAN,EQ,338517,158999,46.97
20,627,CLEDUCATE,EQ,39927,25470,63.79
20,628,CLOUD,SM,2590000,1001000,38.65
20,629,CLSEL,EQ,76277,38211,50.10
20,630,CLSL,SM,20000,14000,70.00
20,631,CMMIPL,ST,234000,210000,89.74
20,632,CMNL,SM,46500,36000,77.42
20,633,CMRSL,SM,8800,8800,100.00
20,634,CMSINFO,EQ,1083482,439232,40.54
20,635,COALINDIA,EQ,8579861,5125868,59.74
20,636,COASTCORP,EQ,15673,11203,71.48
20,637,COCHINSHIP,EQ,4946752,1293713,26.15
20,638,COFFEEDAY,EQ,2354576,1122183,47.66
20,639,COFORGE,EQ,479608,145701,30.38
20,640,COLPAL,EQ,329680,192669,58.44
20,641,COMMITTED,SM,14400,11200,77.78
20,642,COMMOIETF,EQ,56448,42979,76.14
20,643,COMPUSOFT,EQ,38558,20224,52.45
20,644,COMSYN,EQ,597529,343329,57.46
20,645,CONCOR,EQ,1207666,756121,62.61
20,646,CONCORDBIO,EQ,52119,32433,62.23
20,647,CONFIPET,EQ,669494,394908,58.99
20,648,CONS,EQ,5718,3991,69.80
20,649,CONSOFINVT,EQ,22070,16741,75.85
20,650,CONSUMBEES,EQ,79866,62040,77.68
20,651,CONSUMIETF,EQ,25121,12169,48.44
20,652,CONTI,SM,3333,3333,100.00
20,653,CONTROLPR,EQ,29029,15930,54.88
20,654,COOLCAPS,SM,1250,1250,100.00
20,655,CORALFINAC,EQ,242380,110762,45.70
20,656,COROMANDEL,EQ,271474,81391,29.98
20,657,COSMOFIRST,EQ,170659,107316,62.88
20,658,COUNCODOS,EQ,140046,93613,66.84
20,659,CPS,ST,1800,1800,100.00
20,660,CPSEETF,EQ,2806540,1643546,58.56
20,661,CRAFTSMAN,EQ,71915,34962,48.62
20,662,CRAYONS,SM,42000,25000,59.52
20,663,CREATIVE,EQ,16321,11619,71.19
20,664,CREDITACC,EQ,770280,280632,36.43
20,665,CREST,EQ,22106,12526,56.66
20,666,CRISIL,EQ,142380,50736,35.63
20,667,CROMPTON,EQ,4066325,2201911,54.15
20,668,CSBBANK,EQ,782363,496444,63.45
20,669,CSLFINANCE,EQ,100451,43922,43.72
20,670,CTE,EQ,260605,163489,62.73
20,671,CUB,EQ,1873540,799453,42.67
20,672,CUMMINSIND,EQ,471217,249241,52.89
20,673,CYBERTECH,EQ,257179,106037,41.23
20,674,CYIENT,EQ,710543,442758,62.31
20,675,CYIENTDLM,EQ,220553,130055,58.97
20,676,DABUR,EQ,2469588,1010044,40.90
20,677,DALBHARAT,EQ,393465,213453,54.25
20,678,DALMIASUG,EQ,59835,22139,37.00
20,679,DAMODARIND,EQ,91531,74779,81.70
20,680,DANGEE,EQ,281822,179949,63.85
20,681,DATAMATICS,EQ,1355177,340955,25.16
20,682,DATAPATTNS,EQ,347764,130005,37.38
20,683,DAVANGERE,EQ,9663379,4525555,46.83
20,684,DBCORP,EQ,837129,443645,53.00
20,685,DBL,EQ,264673,101121,38.21
20,686,DBOL,EQ,140258,83575,59.59
20,687,DBREALTY,EQ,8334947,3735521,44.82
20,688,DBSTOCKBRO,EQ,32659,25503,78.09
20,689,DCAL,EQ,595462,280774,47.15
20,690,DCBBANK,EQ,2837110,1196744,42.18
20,691,DCG,SM,1779600,819600,46.06
20,692,DCM,EQ,31833,18858,59.24
20,693,DCMNVL,EQ,109720,76346,69.58
20,694,DCMSHRIRAM,EQ,27306,15574,57.04
20,695,DCMSRIND,EQ,125621,70561,56.17
20,696,DCW,EQ,1455485,560636,38.52
20,697,DCXINDIA,EQ,2314326,961490,41.55
20,698,DECCANCE,EQ,27257,10034,36.81
20,699,DEEDEV,EQ,1616791,451494,27.93
20,700,DEEM,SM,20000,18000,90.00
20,701,DEEPAKFERT,EQ,1124250,410817,36.54
20,702,DEEPAKNTR,EQ,614193,214610,34.94
20,703,DEEPENR,EQ,24499,16676,68.07
20,704,DEEPINDS,EQ,58894,34933,59.32
20,705,DELAPLEX,SM,54600,27600,50.55
20,706,DELHIVERY,EQ,1134672,834221,73.52
20,707,DELTACORP,EQ,2514284,689591,27.43
20,708,DELTAMAGNT,EQ,13751,8505,61.85
20,709,DEN,EQ,1526162,679992,44.56
20,710,DENEERS,SM,4200,4200,100.00
20,711,DENORA,EQ,17369,10619,61.14
20,712,DENTALKART,SM,17500,10500,60.00
20,713,DESTINY,ST,6000,6000,100.00
20,714,DEVIT,EQ,123616,84909,68.69
20,715,DEVYANI,EQ,1882915,845160,44.89
20,716,DHAMPURSUG,EQ,307140,145388,47.34
20,717,DHANBANK,EQ,2576450,1630945,63.30
20,718,DHANI,EQ,6761131,2877049,42.55
20,719,DHANUKA,EQ,32319,17606,54.48
20,720,DHARMAJ,EQ,96114,31395,32.66
20,721,DHTL,SM,4000,4000,100.00
20,722,DHUNINV,EQ,14221,6891,48.46
20,723,DIAMINESQ,EQ,14952,10065,67.32
20,724,DIAMONDYD,EQ,29265,15344,52.43
20,725,DICIND,EQ,17301,4379,25.31
20,726,DIGIKORE,SM,11800,8600,72.88
20,727,DIGISPICE,EQ,8910944,3261143,36.60
20,728,DIL,EQ,774754,392541,50.67
20,729,DISHTV,EQ,23581167,6905631,29.28
20,730,DIVGIITTS,EQ,33273,22129,66.51
20,731,DIVISLAB,EQ,507284,382998,75.50
20,732,DIVOPPBEES,EQ,38612,26795,69.40
20,733,DIXON,EQ,566434,140147,24.74
20,734,DKEGL,SM,28500,19500,68.42
20,735,DLF,EQ,1970264,1100406,55.85
20,736,DLINKINDIA,EQ,774545,276942,35.76
20,737,DMART,EQ,642169,371674,57.88
20,738,DMCC,EQ,60010,21818,36.36
20,739,DNAMEDIA,EQ,199975,126511,63.26
20,740,DODLA,EQ,214630,178056,82.96
20,741,DOLATALGO,EQ,734837,414362,56.39
20,742,DOLLAR,EQ,107853,59114,54.81
20,743,DOLLEX,SM,20000,8000,40.00
20,744,DOMS,EQ,84719,41012,48.41
20,745,DONEAR,EQ,238196,103688,43.53
20,746,DPABHUSHAN,EQ,17958,7697,42.86
20,747,DPSCLTD,EQ,1607767,686150,42.68
20,748,DPWIRES,EQ,43802,24567,56.09
20,749,DREAMFOLKS,EQ,94447,52334,55.41
20,750,DREDGECORP,EQ,323629,107816,33.31
20,751,DRONE,SM,96000,83000,86.46
20,752,DRREDDY,EQ,450385,242675,53.88
20,753,DRSDILIP,SM,800,800,100.00
20,754,DSSL,EQ,17221,9943,57.74
20,755,DTIL,EQ,7364,3261,44.28
20,756,DUCOL,SM,16800,15200,90.48
20,757,DUGLOBAL,SM,160000,37500,23.44
20,758,DURLAX,ST,22000,22000,100.00
20,759,DVL,EQ,70865,33942,47.90
20,760,DWARKESH,EQ,969657,381722,39.37
20,761,DYCL,EQ,77702,37385,48.11
20,762,DYNAMATECH,EQ,5569,2961,53.17
20,763,DYNAMIC,SM,162000,129000,79.63
20,764,DYNPRO,EQ,78408,41920,53.46
20,765,EASEMYTRIP,EQ,5119278,2228823,43.54
20,766,EBBETF0425,EQ,5853,5695,97.30
20,767,EBBETF0430,EQ,126083,124544,98.78
20,768,EBBETF0431,EQ,9824,7374,75.06
20,769,EBBETF0433,EQ,2964,2956,99.73
20,770,ECLERX,EQ,129155,78581,60.84
20,771,EDELWEISS,EQ,5571133,3159213,56.71
20,772,EFACTOR,SM,28800,23200,80.56
20,773,EFORCE,SM,39600,32400,81.82
20,774,EGOLD,EQ,23472,20556,87.58
20,775,EICHERMOT,EQ,1364796,988397,72.42
20,776,EIDPARRY,EQ,678232,438362,64.63
20,777,EIFFL,EQ,50357,36153,71.79
20,778,EIHAHOTELS,EQ,29366,14076,47.93
20,779,EIHOTEL,EQ,873432,446054,51.07
20,780,EKC,EQ,486917,220338,45.25
20,781,ELDEHSG,EQ,908,469,51.65
20,782,ELECON,EQ,217577,124844,57.38
20,783,ELECTCAST,EQ,4522085,2379789,52.63
20,784,ELGIEQUIP,EQ,199404,59416,29.80
20,785,ELIN,EQ,909977,360511,39.62
20,786,EMAMILTD,EQ,10549063,1659071,15.73
20,787,EMAMIPAP,EQ,83471,52868,63.34
20,788,EMAMIREAL,EQ,39349,27246,69.24
20,789,EMBASSY,RR,426217,351011,82.35
20,790,EMIL,EQ,478279,382965,80.07
20,791,EMKAYTOOLS,SM,3000,3000,100.00
20,792,EMMBI,EQ,88760,55005,61.97
20,793,EMMIL,SM,52000,38000,73.08
20,794,EMSLIMITED,EQ,1560046,617959,39.61
20,795,EMUDHRA,EQ,321243,123600,38.48
20,796,ENDURANCE,EQ,58131,31891,54.86
20,797,ENERGYDEV,EQ,145679,101662,69.78
20,798,ENFUSE,SM,183600,152400,83.01
20,799,ENGINERSIN,EQ,4242776,1814690,42.77
20,800,ENIL,EQ,51106,26200,51.27
20,801,ENSER,SM,12000,12000,100.00
20,802,ENTERO,EQ,38470,26572,69.07
20,803,EPACK,EQ,4285181,1508414,35.20
20,804,EPIGRAL,EQ,400255,145063,36.24
20,805,EPL,EQ,1791915,890261,49.68
20,806,EQUAL50ADD,EQ,17931,16536,92.22
20,807,EQUITASBNK,EQ,3601069,1837509,51.03
20,808,ERIS,EQ,80293,46056,57.36
20,809,EROSMEDIA,EQ,346198,267871,77.38
20,810,ESABINDIA,EQ,2566,1225,47.74
20,811,ESAFSFB,EQ,940152,658919,70.09
20,812,ESCONET,SM,228000,173600,76.14
20,813,ESCORTS,EQ,229563,93949,40.93
20,814,ESFL,SM,52200,43800,83.91
20,815,ESG,EQ,37866,28879,76.27
20,816,ESILVER,EQ,5142,4605,89.56
20,817,ESSARSHPNG,EQ,1015493,433227,42.66
20,818,ESTER,EQ,164900,95360,57.83
20,819,ETHOSLTD,EQ,25222,13239,52.49
20,820,EUROBOND,SM,11000,10000,90.91
20,821,EUROTEXIND,EQ,21942,18959,86.41
20,822,EVEREADY,EQ,108597,51347,47.28
20,823,EVERESTIND,EQ,14622,6699,45.81
20,824,EXCELINDUS,EQ,13327,6903,51.80
20,825,EXICOM,EQ,3832670,1120760,29.24
20,826,EXIDEIND,EQ,3408403,1039155,30.49
20,827,EXPLEOSOL,EQ,28012,16564,59.13
20,828,EXXARO,EQ,34964,19587,56.02
20,829,FACT,EQ,1594994,507763,31.83
20,830,FAIRCHEMOR,EQ,23972,12503,52.16
20,831,FALCONTECH,ST,80400,75600,94.03
20,832,FAZE3Q,EQ,122098,65089,53.31
20,833,FCL,EQ,216761,113817,52.51
20,834,FCSSOFT,EQ,17501411,9430147,53.88
20,835,FDC,EQ,226298,93262,41.21
20,836,FEDERALBNK,EQ,5278090,1894569,35.89
20,837,FEDFINA,EQ,449274,285087,63.46
20,838,FELIX,SM,18500,14500,78.38
20,839,FIBERWEB,EQ,615183,347966,56.56
20,840,FIDEL,SM,3000,3000,100.00
20,841,FIEMIND,EQ,184320,110152,59.76
20,842,FILATEX,EQ,2444748,813872,33.29
20,843,FILATFASH,EQ,8444462,4368115,51.73
20,844,FINCABLES,EQ,164844,105506,64.00
20,845,FINEORG,EQ,199972,62358,31.18
20,846,FINIETF,EQ,140578,94892,67.50
20,847,FINOPB,EQ,493632,239944,48.61
20,848,FINPIPE,EQ,814441,408699,50.18
20,849,FIVESTAR,EQ,425800,191578,44.99
20,850,FLAIR,EQ,122293,79535,65.04
20,851,FLUOROCHEM,EQ,85874,55337,64.44
20,852,FMCGIETF,EQ,367338,275874,75.10
20,853,FMGOETZE,EQ,251906,145324,57.69
20,854,FMNL,EQ,58679,39477,67.28
20,855,FOCE,SM,200,200,100.00
20,856,FOCUS,EQ,443355,258312,58.26
20,857,FONEBOX,SM,34000,30000,88.24
20,858,FOODSIN,EQ,191564,81239,42.41
20,859,FORCEMOT,EQ,13593,7969,58.63
20,860,FORTIS,EQ,1468186,1197953,81.59
20,861,FOSECOIND,EQ,2555,1321,51.70
20,862,FROG,SM,134800,81200,60.24
20,863,FSL,EQ,2914827,1169786,40.13
20,864,FUSION,EQ,360903,220362,61.06
20,865,GABRIEL,EQ,399989,160401,40.10
20,866,GAEL,EQ,898859,470611,52.36
20,867,GAIL,EQ,20094833,11326149,56.36
20,868,GALAXYSURF,EQ,16197,9412,58.11
20,869,GANDHAR,EQ,563946,391825,69.48
20,870,GANDHITUBE,EQ,42398,11485,27.09
20,871,GANECOS,EQ,59548,25673,43.11
20,872,GANESHBE,EQ,254520,147513,57.96
20,873,GANESHHOUC,EQ,65063,33343,51.25
20,874,GANGESSECU,EQ,61632,38135,61.88
20,875,GARFIBRES,EQ,37279,10497,28.16
20,876,GATEWAY,EQ,2012888,890535,44.24
20,877,GEECEE,EQ,36348,10957,30.14
20,878,GEEKAYWIRE,EQ,143934,84515,58.72
20,879,GENCON,EQ,59172,36980,62.50
20,880,GENESYS,EQ,220129,134182,60.96
20,881,GENSOL,EQ,289260,105564,36.49
20,882,GENUSPAPER,EQ,511268,202202,39.55
20,883,GENUSPOWER,EQ,1845467,1066240,57.78
20,884,GEOJITFSL,EQ,636052,298022,46.85
20,885,GEPIL,EQ,320814,140562,43.81
20,886,GESHIP,EQ,433801,211380,48.73
20,887,GFLLIMITED,EQ,187208,96522,51.56
20,888,GHCL,EQ,503510,209517,41.61
20,889,GHCLTEXTIL,EQ,477903,252975,52.93
20,890,GICHSGFIN,EQ,454513,185864,40.89
20,891,GICL,SM,27000,21000,77.78
20,892,GICRE,EQ,1540642,397601,25.81
20,893,GILLANDERS,EQ,218070,102160,46.85
20,894,GILLETTE,EQ,75118,62942,83.79
20,895,GILT5YBEES,EQ,391835,330696,84.40
20,896,GINNIFILA,EQ,78685,54643,69.45
20,897,GIPCL,EQ,407471,266970,65.52
20,898,GIRIRAJ,ST,7250,7250,100.00
20,899,GLAND,EQ,99268,63900,64.37
20,900,GLAXO,EQ,78033,51499,66.00
20,901,GLENMARK,EQ,677834,346486,51.12
20,902,GLOBALPET,SM,19500,15000,76.92
20,903,GLOBE,EQ,1963914,1577228,80.31
20,904,GLOBUSSPR,EQ,44520,24570,55.19
20,905,GLOSTERLTD,EQ,2856,2310,80.88
20,906,GLS,EQ,135445,61033,45.06
20,907,GMBREW,EQ,120180,59018,49.11
20,908,GMDCLTD,EQ,605545,262801,43.40
20,909,GMMPFAUDLR,EQ,194434,115416,59.36
20,910,GMRINFRA,EQ,20727809,6703943,32.34
20,911,GMRP&UI,EQ,2447737,1503834,61.44
20,912,GNA,EQ,54036,30132,55.76
20,913,GNFC,EQ,2973591,980430,32.97
20,914,GOACARBON,EQ,51371,20159,39.24
20,915,GOCLCORP,EQ,62464,35338,56.57
20,916,GOCOLORS,EQ,26689,10231,38.33
20,917,GODFRYPHLP,EQ,75404,26759,35.49
20,918,GODHA,EQ,40461992,24613079,60.83
20,919,GODIGIT,EQ,2741840,2092235,76.31
20,920,GODREJAGRO,EQ,1656696,628898,37.96
20,921,GODREJCP,EQ,843562,448255,53.14
20,922,GODREJIND,EQ,510262,298647,58.53
20,923,GODREJPROP,EQ,1073187,392070,36.53
20,924,GOKEX,EQ,244779,127663,52.15
20,925,GOKULAGRO,EQ,464511,204053,43.93
20,926,GOLD1,EQ,1519164,1480392,97.45
20,927,GOLDBEES,EQ,6305845,4090217,64.86
20,928,GOLDCASE,EQ,176459,161906,91.75
20,929,GOLDETF,EQ,45709,37517,82.08
20,930,GOLDETFADD,EQ,12349,11983,97.04
20,931,GOLDIAM,EQ,466025,247331,53.07
20,932,GOLDIETF,EQ,507565,431387,84.99
20,933,GOLDKART,ST,2500,2500,100.00
20,934,GOLDSHARE,EQ,102631,90328,88.01
20,935,GOLDSTAR,SM,326250,247500,75.86
20,936,GOLDTECH,EQ,112932,62793,55.60
20,937,GOODLUCK,EQ,136453,100446,73.61
20,938,GOPAL,EQ,75312,54104,71.84
20,939,GOYALSALT,SM,31200,24000,76.92
20,940,GPECO,ST,274800,241200,87.77
20,941,GPIL,EQ,253241,141738,55.97
20,942,GPPL,EQ,3653414,2235319,61.18
20,943,GPTHEALTH,EQ,81141,47623,58.69
20,944,GRANULES,EQ,999183,478036,47.84
20,945,GRAPHISAD,SM,19200,14400,75.00
20,946,GRAPHITE,EQ,553238,187611,33.91
20,947,GRASIM,EQ,1098168,533268,48.56
20,948,GRAVITA,EQ,121621,63354,52.09
20,949,GRCL,SM,7500,7500,100.00
20,950,GREAVESCOT,EQ,2270062,1044643,46.02
20,951,GREENCHEF,SM,16000,14400,90.00
20,952,GREENLAM,EQ,7664,3292,42.95
20,953,GREENPANEL,EQ,272566,154604,56.72
20,954,GREENPLY,EQ,455555,181310,39.80
20,955,GREENPOWER,EQ,2927935,2046809,69.91
20,956,GRINDWELL,EQ,64762,41949,64.77
20,957,GRINFRA,EQ,21850,11036,50.51
20,958,GRMOVER,EQ,143925,72979,50.71
20,959,GROBTEA,EQ,383,94,24.54
20,960,GRPLTD,EQ,28342,16499,58.21
20,961,GRSE,EQ,9513296,2005303,21.08
20,962,GRWRHITECH,EQ,155653,81741,52.51
20,963,GSEC10IETF,EQ,147,147,100.00
20,964,GSEC10YEAR,EQ,3860,3804,98.55
20,965,GSEC5IETF,EQ,15725,14719,93.60
20,966,GSFC,EQ,5410936,1369065,25.30
20,967,GSLSU,EQ,119683,74811,62.51
20,968,GSMFOILS,ST,188000,152000,80.85
20,969,GSPL,EQ,1841951,939905,51.03
20,970,GSTL,SM,43000,30000,69.77
20,971,GTLINFRA,EQ,91689096,68187435,74.37
20,972,GTPL,EQ,64211,27344,42.58
20,973,GUFICBIO,EQ,50143,27125,54.10
20,974,GUJALKALI,EQ,50905,27623,54.26
20,975,GUJAPOLLO,EQ,21985,13575,61.75
20,976,GUJGASLTD,EQ,1772279,500206,28.22
20,977,GUJRAFFIA,EQ,8129,5656,69.58
20,978,GULFOILLUB,EQ,1172359,378013,32.24
20,979,GULFPETRO,EQ,272940,170052,62.30
20,980,GULPOLY,EQ,179342,75526,42.11
20,981,GVKPIL,EQ,2757233,1949200,70.69
20,982,GVPTECH,EQ,95344,76874,80.63
20,983,HAL,EQ,2307080,1045492,45.32
20,984,HAPPSTMNDS,EQ,1364387,700940,51.37
20,985,HAPPYFORGE,EQ,90528,56714,62.65
20,986,HARDWYN,EQ,1265595,1099838,86.90
20,987,HARIOMPIPE,EQ,71531,29908,41.81
20,988,HARRMALAYA,EQ,251256,135294,53.85
20,989,HARSHA,EQ,104406,44225,42.36
20,990,HATHWAY,EQ,5143853,2136911,41.54
20,991,HATSUN,EQ,13605,5585,41.05
20,992,HAVELLS,EQ,1346860,613442,45.55
20,993,HAVISHA,EQ,126794,61694,48.66
20,994,HBLPOWER,EQ,810912,434053,53.53
20,995,HBSL,EQ,28299,16518,58.37
20,996,HCC,EQ,28952309,11271906,38.93
20,997,HCG,EQ,221998,125722,56.63
20,998,HCLTECH,EQ,3723295,2318671,62.27
20,999,HDFCAMC,EQ,550518,339658,61.70
20,1000,HDFCBANK,EQ,10593512,6250644,59.00
20,1001,HDFCBSE500,EQ,35748,24782,69.32
20,1002,HDFCGOLD,EQ,1055739,712419,67.48
20,1003,HDFCGROWTH,EQ,10388,7328,70.54
20,1004,HDFCLIFE,EQ,3342913,1603720,47.97
20,1005,HDFCLIQUID,EQ,2171,1501,69.14
20,1006,HDFCLOWVOL,EQ,28422,25337,89.15
20,1007,HDFCMID150,EQ,253991,172354,67.86
20,1008,HDFCMOMENT,EQ,326126,202950,62.23
20,1009,HDFCNEXT50,EQ,49298,33224,67.39
20,1010,HDFCNIF100,EQ,40502,34199,84.44
20,1011,HDFCNIFBAN,EQ,110573,96099,86.91
20,1012,HDFCNIFIT,EQ,115198,98322,85.35
20,1013,HDFCNIFTY,EQ,97949,74731,76.30
20,1014,HDFCPSUBK,EQ,122499,109772,89.61
20,1015,HDFCPVTBAN,EQ,106663,72284,67.77
20,1016,HDFCQUAL,EQ,13258,10145,76.52
20,1017,HDFCSENSEX,EQ,21226,18283,86.13
20,1018,HDFCSILVER,EQ,560414,460457,82.16
20,1019,HDFCSML250,EQ,642315,535335,83.34
20,1020,HDFCVALUE,EQ,3126,2382,76.20
20,1021,HEALTHADD,EQ,1544,1342,86.92
20,1022,HEALTHIETF,EQ,30446,16137,53.00
20,1023,HEALTHY,EQ,492174,337024,68.48
20,1024,HEG,EQ,119359,47367,39.68
20,1025,HEIDELBERG,EQ,951625,504878,53.05
20,1026,HEMIPROP,EQ,357604,180984,50.61
20,1027,HERANBA,EQ,114573,52357,45.70
20,1028,HERCULES,EQ,50276,28882,57.45
20,1029,HERITGFOOD,EQ,533943,302257,56.61
20,1030,HEROMOTOCO,EQ,1018344,537576,52.79
20,1031,HESTERBIO,EQ,12380,8041,64.95
20,1032,HEUBACHIND,EQ,60862,38252,62.85
20,1033,HEXATRADEX,EQ,95701,55675,58.18
20,1034,HFCL,EQ,32126458,7512049,23.38
20,1035,HGINFRA,EQ,163989,87965,53.64
20,1036,HGS,EQ,16296,9312,57.14
20,1037,HIGREEN,SM,84800,58400,68.87
20,1038,HIKAL,EQ,1217550,484846,39.82
20,1039,HIL,EQ,9173,5233,57.05
20,1040,HILTON,EQ,1414448,599707,42.40
20,1041,HIMATSEIDE,EQ,906736,444422,49.01
20,1042,HINDALCO,EQ,4870114,2759741,56.67
20,1043,HINDCOMPOS,EQ,87506,27808,31.78
20,1044,HINDCOPPER,EQ,5551602,3102906,55.89
20,1045,HINDMOTORS,EQ,822154,528734,64.31
20,1046,HINDOILEXP,EQ,751593,377837,50.27
20,1047,HINDPETRO,EQ,4841697,2913120,60.17
20,1048,HINDUNILVR,EQ,3312865,2163350,65.30
20,1049,HINDWAREAP,EQ,116758,63997,54.81
20,1050,HINDZINC,EQ,1045453,594317,56.85
20,1051,HIRECT,EQ,15770,10447,66.25
20,1052,HISARMETAL,EQ,10096,5995,59.38
20,1053,HITECH,EQ,450124,218030,48.44
20,1054,HITECHCORP,EQ,28478,15518,54.49
20,1055,HLEGLAS,EQ,575043,279546,48.61
20,1056,HMAAGRO,EQ,2994531,2708242,90.44
20,1057,HMVL,EQ,98472,64351,65.35
20,1058,HNDFDS,EQ,121550,49808,40.98
20,1059,HNGSNGBEES,EQ,61436,44789,72.90
20,1060,HOACFOODS,SM,51000,30000,58.82
20,1061,HOLMARC,SM,13500,13500,100.00
20,1062,HOMEFIRST,EQ,1323585,227687,17.20
20,1063,HOMESFY,ST,6300,5700,90.48
20,1064,HONASA,EQ,186976,65387,34.97
20,1065,HONAUT,EQ,3549,885,24.94
20,1066,HONDAPOWER,EQ,12447,6349,51.01
20,1067,HPAL,EQ,382634,142012,37.11
20,1068,HPIL,EQ,3373,1352,40.08
20,1069,HPL,EQ,407282,157783,38.74
20,1070,HRHNEXT,SM,9000,9000,100.00
20,1071,HSCL,EQ,851235,544523,63.97
20,1072,HTMEDIA,EQ,1031862,484041,46.91
20,1073,HUDCO,EQ,9394107,3326588,35.41
20,1074,HUHTAMAKI,EQ,223134,128785,57.72
20,1075,HYBRIDFIN,EQ,10910,9055,83.00
20,1076,IBHF25,Y6,5,5,100.00
20,1077,IBHFZC25B,AT,15,15,100.00
20,1078,IBHFZC25F,Y5,26,26,100.00
20,1079,IBLFL,SM,44000,40000,90.91
20,1080,IBREALEST,EQ,13174894,4239331,32.18
20,1081,IBULHSGFIN,EQ,5641425,2079364,36.86
20,1082,IBULPP,E1,1130871,738282,65.28
20,1083,ICCL25,NS,87,87,100.00
20,1084,ICEMAKE,EQ,21860,12500,57.18
20,1085,ICICIB22,EQ,468404,313558,66.94
20,1086,ICICIBANK,EQ,8636894,4544835,52.62
20,1087,ICICIGI,EQ,514895,299331,58.13
20,1088,ICICIPRULI,EQ,1329399,623257,46.88
20,1089,ICIL,EQ,8090851,2070596,25.59
20,1090,ICRA,EQ,4232,1702,40.22
20,1091,IDBI,EQ,3443023,1408957,40.92
20,1092,IDEA,EQ,877984912,262245899,29.87
20,1093,IDEAFORGE,EQ,534680,206062,38.54
20,1094,IDFC,EQ,13813415,10405066,75.33
20,1095,IDFCFIRSTB,EQ,27599969,13901420,50.37
20,1096,IDFNIFTYET,EQ,735,378,51.43
20,1097,IEL,EQ,340429,287510,84.46
20,1098,IEML,SM,96000,76000,79.17
20,1099,IEX,EQ,35117376,9923893,28.26
20,1100,IFBAGRO,EQ,34137,24108,70.62
20,1101,IFBIND,EQ,52047,28834,55.40
20,1102,IFCI,EQ,10513522,4154701,39.52
20,1103,IFGLEXPOR,EQ,44161,9601,21.74
20,1104,IGARASHI,EQ,99208,46337,46.71
20,1105,IGL,EQ,6733235,2264356,33.63
20,1106,IGPL,EQ,113104,60747,53.71
20,1107,IIFL,EQ,3870621,1154622,29.83
20,1108,IIFLSEC,EQ,1080871,556183,51.46
20,1109,IIFLZC25,ND,10,10,100.00
20,1110,IIFLZC25A,NP,904,904,100.00
20,1111,IIFLZC25B,NW,40,40,100.00
20,1112,IIFLZC25C,N8,143,143,100.00
20,1113,IIFLZC28,NG,774,495,63.95
20,1114,IIFLZC28C,N6,12,12,100.00
20,1115,IITL,EQ,12516,9254,73.94
20,1116,IKIO,EQ,328117,136255,41.53
20,1117,IMAGICAA,EQ,838955,437651,52.17
20,1118,IMC1,N0,635,635,100.00
20,1119,IMC1,N1,84,84,100.00
20,1120,IMC1,N2,408,408,100.00
20,1121,IMC1,N3,326,325,99.69
20,1122,IMFA,EQ,104257,70243,67.37
20,1123,IMPAL,EQ,9579,6292,65.69
20,1124,INCREDIBLE,EQ,37301,24037,64.44
20,1125,INDBANK,EQ,266056,104751,39.37
20,1126,INDGN,EQ,427359,234303,54.83
20,1127,INDHOTEL,EQ,2441789,1304479,53.42
20,1128,INDIACEM,EQ,10746489,3436756,31.98
20,1129,INDIAGLYCO,EQ,708621,216735,30.59
20,1130,INDIAMART,EQ,100671,40728,40.46
20,1131,INDIANB,EQ,469949,196209,41.75
20,1132,INDIANCARD,EQ,7130,4980,69.85
20,1133,INDIANHUME,EQ,441426,155461,35.22
20,1134,INDIASHLTR,EQ,177021,58516,33.06
20,1135,INDIFRA,SM,2000,2000,100.00
20,1136,INDIGO,EQ,1761756,1360290,77.21
20,1137,INDIGOPNTS,EQ,82501,32005,38.79
20,1138,INDIGRID,IV,311935,282038,90.42
20,1139,INDNIPPON,EQ,50635,21132,41.73
20,1140,INDOAMIN,EQ,332873,121623,36.54
20,1141,INDOBORAX,EQ,36252,21563,59.48
20,1142,INDOCO,EQ,123750,58921,47.61
20,1143,INDORAMA,EQ,1064987,599531,56.29
20,1144,INDOSTAR,EQ,100648,52669,52.33
20,1145,INDOTHAI,EQ,2098,1320,62.92
20,1146,INDOWIND,EQ,1287762,501346,38.93
20,1147,INDRAMEDCO,EQ,190520,122404,64.25
20,1148,INDSWFTLAB,EQ,1896453,864809,45.60
20,1149,INDTERRAIN,EQ,931388,428640,46.02
20,1150,INDUSINDBK,EQ,3166439,1694027,53.50
20,1151,INDUSTOWER,EQ,32581017,19034795,58.42
20,1152,INFIBEAM,EQ,12303963,5940869,48.28
20,1153,INFINIUM,SM,15000,4000,26.67
20,1154,INFOBEAN,EQ,40808,19095,46.79
20,1155,INFOLLION,SM,44800,36800,82.14
20,1156,INFRABEES,EQ,29748,22309,74.99
20,1157,INFRAIETF,EQ,131980,87995,66.67
20,1158,INFY,EQ,6801771,4605695,67.71
20,1159,INGERRAND,EQ,9327,4840,51.89
20,1160,INM,SM,7200,4200,58.33
20,1161,INNOVACAP,EQ,126555,80331,63.48
20,1162,INNOVANA,SM,4600,3800,82.61
20,1163,INOXGREEN,EQ,2558558,1327202,51.87
20,1164,INOXINDIA,EQ,634439,283071,44.62
20,1165,INOXWIND,EQ,5531382,3304073,59.73
20,1166,INSECTICID,EQ,60754,37291,61.38
20,1167,INSPIRE,SM,28000,24000,85.71
20,1168,INTELLECT,EQ,1707979,401739,23.52
20,1169,INTENTECH,EQ,313631,177445,56.58
20,1170,INTLCONV,EQ,146740,76525,52.15
20,1171,INVENTURE,EQ,7984536,4532732,56.77
20,1172,IOB,EQ,8761598,3280396,37.44
20,1173,IOC,EQ,19014104,10621527,55.86
20,1174,IOLCP,EQ,144853,71616,49.44
20,1175,IONEXCHANG,EQ,6536839,1007020,15.41
20,1176,IPCALAB,EQ,437651,237594,54.29
20,1177,IPL,EQ,439495,261843,59.58
20,1178,IPSL,SM,5000,5000,100.00
20,1179,IRB,EQ,16562927,7930226,47.88
20,1180,IRBINVIT,IV,260035,239326,92.04
20,1181,IRCON,EQ,5532987,1717405,31.04
20,1182,IRCTC,EQ,1815971,1090023,60.02
20,1183,IREDA,EQ,34096446,11781999,34.55
20,1184,IRFC,EQ,26142598,13184344,50.43
20,1185,IRISDOREME,EQ,2185756,503276,23.03
20,1186,IRMENERGY,EQ,348014,178508,51.29
20,1187,ISEC,EQ,244850,150216,61.35
20,1188,ISFT,EQ,34863,22815,65.44
20,1189,ISGEC,EQ,38814,22550,58.10
20,1190,ISHAN,SM,1104000,1104000,100.00
20,1191,ISMTLTD,EQ,709453,362406,51.08
20,1192,IT,EQ,483161,382703,79.21
20,1193,ITALIANE,SM,20000,10000,50.00
20,1194,ITBEES,EQ,19417714,15258430,78.58
20,1195,ITC,EQ,12894747,8136717,63.10
20,1196,ITDC,EQ,152888,39805,26.04
20,1197,ITDCEM,EQ,2355749,837813,35.56
20,1198,ITETF,EQ,497685,458486,92.12
20,1199,ITETFADD,EQ,177310,143937,81.18
20,1200,ITI,EQ,1329569,266277,20.03
20,1201,ITIETF,EQ,2669612,2077690,77.83
20,1202,IVC,EQ,271585,199464,73.44
20,1203,IVP,EQ,26740,11879,44.42
20,1204,IVZINGOLD,EQ,106,87,82.08
20,1205,IVZINNIFTY,EQ,6,6,100.00
20,1206,IWEL,EQ,7669,6236,81.31
20,1207,IXIGO,EQ,1993969,726580,36.44
20,1208,IZMO,EQ,56000,23940,42.75
20,1209,JAGRAN,EQ,323642,185385,57.28
20,1210,JAGSNPHARM,EQ,22073,15450,70.00
20,1211,JAICORPLTD,EQ,4760241,1103675,23.19
20,1212,JAINAM,SM,14000,14000,100.00
20,1213,JALAN,SM,36000,27000,75.00
20,1214,JAMNAAUTO,EQ,2063152,889106,43.09
20,1215,JASH,EQ,45636,27876,61.08
20,1216,JAYAGROGN,EQ,90777,46690,51.43
20,1217,JAYBARMARU,EQ,234686,98299,41.89
20,1218,JAYNECOIND,EQ,292906,139843,47.74
20,1219,JAYSREETEA,EQ,265784,143410,53.96
20,1220,JBCHEPHARM,EQ,1404940,216632,15.42
20,1221,JBMA,EQ,1709284,353907,20.70
20,1222,JCHAC,EQ,84661,43241,51.08
20,1223,JETFREIGHT,EQ,155319,95028,61.18
20,1224,JFLLIFE,SM,20000,16000,80.00
20,1225,JGCHEM,EQ,131369,58284,44.37
20,1226,JINDALPHOT,EQ,96356,35984,37.34
20,1227,JINDALPOLY,EQ,76906,41124,53.47
20,1228,JINDALSAW,EQ,630722,353551,56.05
20,1229,JINDALSTEL,EQ,2903887,1837562,63.28
20,1230,JINDRILL,EQ,35804,18838,52.61
20,1231,JINDWORLD,EQ,17373,7296,42.00
20,1232,JIOFIN,EQ,15688767,10531086,67.13
20,1233,JISLDVREQS,EQ,108526,42443,39.11
20,1234,JISLJALEQS,EQ,2648441,1093965,41.31
20,1235,JITFINFRA,EQ,16944,12358,72.93
20,1236,JIWANRAM,SM,12000,12000,100.00
20,1237,J&KBANK,EQ,2407163,1079926,44.86
20,1238,JKCEMENT,EQ,57338,12974,22.63
20,1239,JKIL,EQ,670263,264571,39.47
20,1240,JKLAKSHMI,EQ,170344,69623,40.87
20,1241,JKPAPER,EQ,754411,237740,31.51
20,1242,JKTYRE,EQ,5940307,1936431,32.60
20,1243,JLHL,EQ,25449,15040,59.10
20,1244,JMA,EQ,69012,43616,63.20
20,1245,JMFINANCIL,EQ,4478789,2484013,55.46
20,1246,JNKINDIA,EQ,89958,49373,54.88
20,1247,JOCIL,EQ,15875,9724,61.25
20,1248,JPOLYINVST,EQ,25153,10901,43.34
20,1249,JPPOWER,EQ,30421054,20757340,68.23
20,1250,JSFB,EQ,165118,64725,39.20
20,1251,JSL,EQ,585859,330164,56.36
20,1252,JSLL,ST,10620,10620,100.00
20,1253,JSWENERGY,EQ,2266634,824504,36.38
20,1254,JSWHL,EQ,14142,4651,32.89
20,1255,JSWINFRA,EQ,11405514,4151863,36.40
20,1256,JSWSTEEL,EQ,2562034,1427002,55.70
20,1257,JTEKTINDIA,EQ,992128,412312,41.56
20,1258,JTLIND,EQ,506082,283076,55.93
20,1259,JUBLFOOD,EQ,2516716,1273849,50.62
20,1260,JUBLINDS,EQ,11348,6196,54.60
20,1261,JUBLINGREA,EQ,219792,111203,50.59
20,1262,JUBLPHARMA,EQ,139251,75307,54.08
20,1263,JUNIORBEES,EQ,422216,226142,53.56
20,1264,JUNIPER,EQ,84830,49929,58.86
20,1265,JUSTDIAL,EQ,191037,65311,34.19
20,1266,JWL,EQ,1197407,584687,48.83
20,1267,JYOTHYLAB,EQ,2693930,653498,24.26
20,1268,JYOTICNC,EQ,115181,71956,62.47
20,1269,K2INFRA,SM,336000,180000,53.57
20,1270,KABRAEXTRU,EQ,69859,27624,39.54
20,1271,KAJARIACER,EQ,615384,343198,55.77
20,1272,KAKATCEM,EQ,21255,10181,47.90
20,1273,KALAMANDIR,EQ,647010,325430,50.30
20,1274,KALYANKJIL,EQ,4170640,2188946,52.48
20,1275,KAMATHOTEL,EQ,32247,23663,73.38
20,1276,KAMDHENU,EQ,370921,135211,36.45
20,1277,KAMOPAINTS,EQ,23804167,5704238,23.96
20,1278,KANANIIND,EQ,5747382,4074418,70.89
20,1279,KANORICHEM,EQ,104722,61394,58.63
20,1280,KANPRPLA,EQ,33130,21630,65.29
20,1281,KANSAINER,EQ,854011,596383,69.83
20,1282,KARMAENG,EQ,69255,27323,39.45
20,1283,KARNIKA,SM,44400,44400,100.00
20,1284,KARURVYSYA,EQ,2519148,1013486,40.23
20,1285,KAUSHALYA,EQ,4030,2426,60.20
20,1286,KAYA,EQ,55980,26874,48.01
20,1287,KAYNES,EQ,110432,45673,41.36
20,1288,KBCGLOBAL,EQ,6057389,2947093,48.65
20,1289,KCEIL,SM,38000,38000,100.00
20,1290,KCK,ST,14000,14000,100.00
20,1291,KCP,EQ,1098271,534324,48.65
20,1292,KCPSUGIND,EQ,628903,243846,38.77
20,1293,KDDL,EQ,20017,8855,44.24
20,1294,KDL,SM,9400,8200,87.23
20,1295,KEC,EQ,315953,143695,45.48
20,1296,KECL,EQ,654416,295343,45.13
20,1297,KEI,EQ,192011,99160,51.64
20,1298,KEL,SM,19200,13200,68.75
20,1299,KELLTONTEC,EQ,1137248,444142,39.05
20,1300,KERNEX,EQ,84538,46355,54.83
20,1301,KESORAMIND,EQ,1335318,601035,45.01
20,1302,KFINTECH,EQ,801510,433404,54.07
20,1303,KHADIM,EQ,24933,6180,24.79
20,1304,KHAICHEM,EQ,224622,93791,41.76
20,1305,KHAITANLTD,EQ,8019,3222,40.18
20,1306,KHANDSE,EQ,66195,12028,18.17
20,1307,KHFM,SM,34100,15500,45.45
20,1308,KICL,EQ,16241,8476,52.19
20,1309,KILITCH,EQ,12216,8449,69.16
20,1310,KIMS,EQ,149030,121968,81.84
20,1311,KINGFA,EQ,5313,2885,54.30
20,1312,KIOCL,EQ,135607,46409,34.22
20,1313,KIRIINDUS,EQ,153099,73970,48.32
20,1314,KIRLOSBROS,EQ,163461,77379,47.34
20,1315,KIRLOSENG,EQ,351178,238387,67.88
20,1316,KIRLOSIND,EQ,5294,2723,51.44
20,1317,KIRLPNU,EQ,80043,43042,53.77
20,1318,KITEX,EQ,236797,113836,48.07
20,1319,KKCL,EQ,105955,77538,73.18
20,1320,KLL,SM,134400,91200,67.86
20,1321,KNAGRI,SM,207200,162400,78.38
20,1322,KNRCON,EQ,801467,548965,68.50
20,1323,KODYTECH,SM,53200,37400,70.30
20,1324,KOHINOOR,EQ,54796,29132,53.16
20,1325,KOKUYOCMLN,EQ,240790,154381,64.11
20,1326,KOLTEPATIL,EQ,183750,119018,64.77
20,1327,KONSTELEC,SM,112000,78000,69.64
20,1328,KONTOR,SM,28800,20400,70.83
20,1329,KOPRAN,EQ,317665,146205,46.02
20,1330,KORE,SM,13000,9500,73.08
20,1331,KOTAKBANK,EQ,2901510,1402784,48.35
20,1332,KOTARISUG,EQ,135022,73329,54.31
20,1333,KOTHARIPET,EQ,95738,48955,51.13
20,1334,KOTHARIPRO,EQ,8841,6110,69.11
20,1335,KOTYARK,SM,39100,31600,80.82
20,1336,KPIGREEN,EQ,291429,182465,62.61
20,1337,KPIL,EQ,590427,400860,67.89
20,1338,KPITTECH,EQ,2009863,645038,32.09
20,1339,KPRMILL,EQ,576941,214653,37.21
20,1340,KRBL,EQ,4559123,2025575,44.43
20,1341,KREBSBIO,EQ,15889,10505,66.11
20,1342,KRISHANA,EQ,29207,17766,60.83
20,1343,KRISHCA,SM,450500,267500,59.38
20,1344,KRISHIVAL,SM,500,500,100.00
20,1345,KRISHNADEF,SM,277500,161500,58.20
20,1346,KRITI,EQ,60874,35502,58.32
20,1347,KRITIKA,EQ,511682,342918,67.02
20,1348,KRITINUT,EQ,45846,22357,48.77
20,1349,KRONOX,EQ,550934,277767,50.42
20,1350,KRSNAA,EQ,96644,54445,56.34
20,1351,KRYSTAL,EQ,74147,37344,50.36
20,1352,KSB,EQ,48881,17575,35.95
20,1353,KSCL,EQ,98304,35295,35.90
20,1354,KSL,EQ,417942,159736,38.22
20,1355,KSOLVES,EQ,20022,11101,55.44
20,1356,KTKBANK,EQ,831469,553900,66.62
20,1357,KTL,SM,33000,27000,81.82
20,1358,KUANTUM,EQ,67253,32279,48.00
20,1359,LAL,EQ,76466,46016,60.18
20,1360,LALPATHLAB,EQ,233857,77718,33.23
20,1361,LAMBODHARA,EQ,44412,23734,53.44
20,1362,LANCORHOL,EQ,61420,36409,59.28
20,1363,LANDMARK,EQ,59177,38206,64.56
20,1364,LAOPALA,EQ,406561,269812,66.36
20,1365,LASA,EQ,52085,36550,70.17
20,1366,LAURUSLABS,EQ,1413357,946449,66.96
20,1367,LAWSIKHO,SM,29000,24000,82.76
20,1368,LAXMICOT,EQ,274007,148608,54.24
20,1369,LAXMIMACH,EQ,5254,2262,43.05
20,1370,LEMERITE,SM,115200,56000,48.61
20,1371,LEMONTREE,EQ,1331107,557391,41.87
20,1372,LEXUS,EQ,24281,14904,61.38
20,1373,LFIC,EQ,34124,15758,46.18
20,1374,LGBBROSLTD,EQ,157708,70814,44.90
20,1375,LIBAS,EQ,66487,54009,81.23
20,1376,LIBERTSHOE,EQ,144124,78670,54.58
20,1377,LICHSGFIN,EQ,3206810,1171741,36.54
20,1378,LICI,EQ,1804287,725475,40.21
20,1379,LICMFGOLD,EQ,132,104,78.79
20,1380,LICNETFGSC,EQ,36024,33887,94.07
20,1381,LICNETFN50,EQ,33354,19689,59.03
20,1382,LICNETFSEN,EQ,172,103,59.88
20,1383,LICNFNHGP,EQ,519,358,68.98
20,1384,LICNMID100,EQ,13053,9067,69.46
20,1385,LIKHITHA,EQ,456653,183345,40.15
20,1386,LINC,EQ,12875,9007,69.96
20,1387,LINCOLN,EQ,162717,79698,48.98
20,1388,LINDEINDIA,EQ,60082,22243,37.02
20,1389,LIQUID,EQ,287026,180866,63.01
20,1390,LIQUID1,EQ,9775,5783,59.16
20,1391,LIQUIDADD,EQ,554046,465448,84.01
20,1392,LIQUIDBEES,EQ,4448101,3381551,76.02
20,1393,LIQUIDBETF,EQ,732,366,50.00
20,1394,LIQUIDCASE,EQ,2960662,2526436,85.33
20,1395,LIQUIDETF,EQ,467692,361326,77.26
20,1396,LIQUIDIETF,EQ,921316,764772,83.01
20,1397,LIQUIDSBI,EQ,16035,14887,92.84
20,1398,LLOYDS,SM,11000,9000,81.82
20,1399,LLOYDSENGG,EQ,5377406,2162130,40.21
20,1400,LLOYDSME,EQ,1506547,826438,54.86
20,1401,LODHA,EQ,417929,172064,41.17
20,1402,LOTUSEYE,EQ,49545,27040,54.58
20,1403,LOVABLE,EQ,128382,83447,65.00
20,1404,LOWVOL,EQ,2884,2560,88.77
20,1405,LOWVOL1,EQ,89718,52984,59.06
20,1406,LOWVOLIETF,EQ,205791,138042,67.08
20,1407,LOYALTEX,EQ,3145,2529,80.41
20,1408,LPDC,EQ,429674,192357,44.77
20,1409,LRRPL,SM,21000,21000,100.00
20,1410,LT,EQ,2961120,2252145,76.06
20,1411,LTF,EQ,24853967,10588748,42.60
20,1412,LTFOODS,EQ,744169,341050,45.83
20,1413,LTGILTBEES,EQ,2411123,2322887,96.34
20,1414,LTIM,EQ,1092209,610219,55.87
20,1415,LTTS,EQ,292391,115134,39.38
20,1416,LUMAXIND,EQ,4121,2005,48.65
20,1417,LUMAXTECH,EQ,138180,69148,50.04
20,1418,LUPIN,EQ,866625,488978,56.42
20,1419,LUXIND,EQ,56125,27581,49.14
20,1420,LXCHEM,EQ,1298573,541561,41.70
20,1421,LYKALABS,EQ,252032,134145,53.23
20,1422,LYPSAGEMS,EQ,27755,21572,77.72
20,1423,MAANALU,EQ,156867,97500,62.15
20,1424,MADHAVBAUG,SM,2800,2400,85.71
20,1425,MADHUSUDAN,SM,62000,44000,70.97
20,1426,MADRASFERT,EQ,2097033,540723,25.79
20,1427,MAFANG,EQ,288370,163290,56.63
20,1428,MAGADSUGAR,EQ,19540,6163,31.54
20,1429,MAGNUM,EQ,121295,78624,64.82
20,1430,MAGSON,SM,10000,6000,60.00
20,1431,MAHABANK,EQ,11139582,3690176,33.13
20,1432,MAHAPEXLTD,EQ,14048,8030,57.16
20,1433,MAHASTEEL,EQ,20138,9931,49.31
20,1434,MAHESHWARI,EQ,47913,23063,48.14
20,1435,MAHICKRA,SM,17250,15000,86.96
20,1436,MAHKTECH,EQ,511428,402191,78.64
20,1437,MAHLIFE,EQ,107123,60920,56.87
20,1438,MAHLOG,EQ,1127817,403014,35.73
20,1439,MAHSCOOTER,EQ,8145,3805,46.72
20,1440,MAHSEAMLES,EQ,286604,168359,58.74
20,1441,MAITHANALL,EQ,65581,36704,55.97
20,1442,MAITREYA,SM,24000,14400,60.00
20,1443,MAKEINDIA,EQ,98557,88613,89.91
20,1444,MAKS,SM,7500,7500,100.00
20,1445,MAL,SM,12800,9600,75.00
20,1446,MALLCOM,EQ,73272,45892,62.63
20,1447,MANAKALUCO,EQ,37474,15014,40.07
20,1448,MANAKSIA,EQ,181133,109938,60.69
20,1449,MANALIPETC,EQ,719045,330526,45.97
20,1450,MANAPPURAM,EQ,9882930,3588555,36.31
20,1451,MANDEEP,SM,82000,76000,92.68
20,1452,MANGALAM,EQ,44637,23418,52.46
20,1453,MANGCHEFER,EQ,1394932,546718,39.19
20,1454,MANGLMCEM,EQ,231356,121367,52.46
20,1455,MANINDS,EQ,2474356,1089682,44.04
20,1456,MANINFRA,EQ,768973,395029,51.37
20,1457,MANKIND,EQ,366052,269198,73.54
20,1458,MANOMAY,EQ,3042,2326,76.46
20,1459,MANUGRAPH,EQ,40170,32419,80.70
20,1460,MANYAVAR,EQ,133032,47694,35.85
20,1461,MAPMYINDIA,EQ,150698,96697,64.17
20,1462,MARALOVER,EQ,38881,24508,63.03
20,1463,MARATHON,EQ,344499,308607,89.58
20,1464,MARCO,SM,33000,27000,81.82
20,1465,MARICO,EQ,2138264,1199030,56.07
20,1466,MARINE,EQ,617150,369837,59.93
20,1467,MARKSANS,EQ,1366768,682655,49.95
20,1468,MARUTI,EQ,1134926,727688,64.12
20,1469,MASFIN,EQ,401455,253873,63.24
20,1470,MASKINVEST,EQ,712,700,98.31
20,1471,MASON,ST,1906000,1900000,99.69
20,1472,MASPTOP50,EQ,116268,72577,62.42
20,1473,MASTEK,EQ,166202,72124,43.40
20,1474,MASTER,SM,3000,3000,100.00
20,1475,MATRIMONY,EQ,104468,54063,51.75
20,1476,MAWANASUG,EQ,252006,117098,46.47
20,1477,MAXESTATES,EQ,77146,42276,54.80
20,1478,MAXHEALTH,EQ,998066,623251,62.45
20,1479,MAXIND,EQ,58044,38832,66.90
20,1480,MAXPOSURE,SM,66000,50000,75.76
20,1481,MAYURUNIQ,EQ,169892,75885,44.67
20,1482,MAZDA,EQ,44572,12371,27.76
20,1483,MAZDOCK,EQ,5100818,764876,15.00
20,1484,MBAPL,EQ,9282,4963,53.47
20,1485,MBLINFRA,EQ,439575,298229,67.84
20,1486,MCL,EQ,33921,19902,58.67
20,1487,MCLEODRUSS,EQ,238582,153358,64.28
20,1488,MCON,SM,8000,8000,100.00
20,1489,MCX,EQ,254696,57941,22.75
20,1490,MDL,SM,48000,42000,87.50
20,1491,MEDANTA,EQ,1197679,549861,45.91
20,1492,MEDIASSIST,EQ,148610,76250,51.31
20,1493,MEDICAMEQ,EQ,21264,7109,33.43
20,1494,MEDIORG,ST,916000,748000,81.66
20,1495,MEDPLUS,EQ,33187,17525,52.81
20,1496,MEGASOFT,EQ,195256,124700,63.86
20,1497,MEGASTAR,EQ,9405,6294,66.92
20,1498,MEGATHERM,SM,74000,44400,60.00
20,1499,MENONBE,EQ,101095,66114,65.40
20,1500,METROBRAND,EQ,40921,19659,48.04
20,1501,METROPOLIS,EQ,349825,140139,40.06
20,1502,MFSL,EQ,2095006,1750990,83.58
20,1503,MGEL,EQ,978369,558154,57.05
20,1504,MGL,EQ,4986669,786252,15.77
20,1505,MHHL,SM,240000,186000,77.50
20,1506,MHLXMIRU,EQ,7076,4090,57.80
20,1507,MHRIL,EQ,159176,68479,43.02
20,1508,MICEL,EQ,362071,311039,85.91
20,1509,MICROPRO,SM,19200,17600,91.67
20,1510,MID150BEES,EQ,890484,756883,85.00
20,1511,MID150CASE,EQ,128956,88906,68.94
20,1512,MIDCAP,EQ,50688,28045,55.33
20,1513,MIDCAPETF,EQ,7737544,4984277,64.42
20,1514,MIDCAPIETF,EQ,1299051,657480,50.61
20,1515,MIDHANI,EQ,538040,209982,39.03
20,1516,MIDQ50ADD,EQ,10882,7802,71.70
20,1517,MIDSELIETF,EQ,167536,141371,84.38
20,1518,MIDSMALL,EQ,4629936,2753707,59.48
20,1519,MILTON,SM,26400,22000,83.33
20,1520,MINDACORP,EQ,862260,604874,70.15
20,1521,MINDSPACE,RR,138773,112334,80.95
20,1522,MINDTECK,EQ,232866,115455,49.58
20,1523,MIRCELECTR,EQ,387919,216061,55.70
20,1524,MIRZAINT,EQ,123190,71214,57.81
20,1525,MITCON,EQ,19772,11423,57.77
20,1526,MITTAL,EQ,1287369,934350,72.58
20,1527,M&M,EQ,1718501,904755,52.65
20,1528,M&MFIN,EQ,2060485,1063404,51.61
20,1529,MMFL,EQ,238087,92017,38.65
20,1530,MMP,EQ,36425,19921,54.69
20,1531,MMTC,EQ,2669545,986621,36.96
20,1532,MNC,EQ,37534,27125,72.27
20,1533,MOGSEC,EQ,2198,1728,78.62
20,1534,MOHEALTH,EQ,25847,18882,73.05
20,1535,MOIL,EQ,3058660,926107,30.28
20,1536,MOL,EQ,733595,329842,44.96
20,1537,MOLDTECH,EQ,104380,53990,51.72
20,1538,MOLDTKPAC,EQ,41288,24024,58.19
20,1539,MOLOWVOL,EQ,68507,61136,89.24
20,1540,MOM100,EQ,292490,185399,63.39
20,1541,MOM30IETF,EQ,945960,534105,56.46
20,1542,MOM50,EQ,2453,1945,79.29
20,1543,MOMENTUM,EQ,196145,149328,76.13
20,1544,MOMOMENTUM,EQ,124666,90872,72.89
20,1545,MON100,EQ,393835,269085,68.32
20,1546,MONARCH,EQ,21778,13370,61.39
20,1547,MONIFTY500,EQ,817644,636396,77.83
20,1548,MONOPHARMA,SM,6000,6000,100.00
20,1549,MONQ50,EQ,21983,17394,79.12
20,1550,MONTECARLO,EQ,77503,42778,55.20
20,1551,MOQUALITY,EQ,12553,6557,52.23
20,1552,MOREALTY,EQ,170724,119579,70.04
20,1553,MOREPENLAB,EQ,8063248,2312084,28.67
20,1554,MOS,SM,142400,79200,55.62
20,1555,MOSMALL250,EQ,5431827,5366089,98.79
20,1556,MOTHERSON,EQ,38871444,14922546,38.39
20,1557,MOTHERSON,T0,15,15,100.00
20,1558,MOTILALOFS,EQ,1813657,1051320,57.97
20,1559,MOTISONS,EQ,716274,356242,49.74
20,1560,MOTOGENFIN,EQ,10217,4281,41.90
20,1561,MOVALUE,EQ,167110,128238,76.74
20,1562,MOXSH,SM,7200,6400,88.89
20,1563,MPHASIS,EQ,1287527,576815,44.80
20,1564,MPSLTD,EQ,69345,39383,56.79
20,1565,MPTODAY,SM,2000,2000,100.00
20,1566,MRF,EQ,11010,2926,26.58
20,1567,MRPL,EQ,1491018,651620,43.70
20,1568,MSPL,EQ,729075,464807,63.75
20,1569,MSTCLTD,EQ,163243,87374,53.52
20,1570,MSUMI,EQ,6887017,3746996,54.41
20,1571,MTARTECH,EQ,152412,81579,53.53
20,1572,MTNL,EQ,2379303,975869,41.01
20,1573,MUFIN,EQ,81229,48822,60.10
20,1574,MUFTI,EQ,209174,117638,56.24
20,1575,MUKANDLTD,EQ,203904,93049,45.63
20,1576,MUKKA,EQ,564845,346166,61.29
20,1577,MUKTAARTS,EQ,54307,26859,49.46
20,1578,MUNJALAU,EQ,294859,102817,34.87
20,1579,MUNJALSHOW,EQ,56476,32496,57.54
20,1580,MURUDCERA,EQ,61517,41042,66.72
20,1581,MUTHOOTCAP,EQ,23506,11247,47.85
20,1582,MUTHOOTFIN,EQ,626549,414255,66.12
20,1583,MUTHOOTMF,EQ,134274,75320,56.09
20,1584,MVGJL,EQ,28681,17969,62.65
20,1585,MVKAGRO,SM,24000,18000,75.00
20,1586,MWL,SM,32400,27600,85.19
20,1587,NACLIND,EQ,164085,82400,50.22
20,1588,NAGAFERT,EQ,1758204,984174,55.98
20,1589,NAGREEKCAP,EQ,10514,10514,100.00
20,1590,NAGREEKEXP,EQ,72248,29728,41.15
20,1591,NAHARCAP,EQ,125437,42373,33.78
20,1592,NAHARINDUS,EQ,581769,236691,40.68
20,1593,NAHARPOLY,EQ,527788,212016,40.17
20,1594,NAHARSPING,EQ,376595,106167,28.19
20,1595,NAMAN,SM,59200,48000,81.08
20,1596,NAM-INDIA,EQ,621193,267425,43.05
20,1597,NATCOPHARM,EQ,1579575,727915,46.08
20,1598,NATHBIOGEN,EQ,1455658,586293,40.28
20,1599,NATIONALUM,EQ,12393036,5279753,42.60
20,1600,NAUKRI,EQ,336811,204281,60.65
20,1601,NAVA,EQ,200195,133966,66.92
20,1602,NAVINFLUOR,EQ,266306,163155,61.27
20,1603,NAVINIFTY,EQ,898,674,75.06
20,1604,NAVKARCORP,EQ,3376004,2074897,61.46
20,1605,NAVNETEDUL,EQ,248650,131295,52.80
20,1606,NAZARA,EQ,2236902,1054581,47.14
20,1607,NBCC,EQ,12194658,4682538,38.40
20,1608,NBIFIN,EQ,18663,5139,27.54
20,1609,NCC,EQ,4404983,1081147,24.54
20,1610,NCLIND,EQ,551505,267232,48.46
20,1611,NDGL,EQ,2004,1157,57.73
20,1612,NDL,EQ,1665883,818862,49.15
20,1613,NDLVENTURE,EQ,5192,3454,66.53
20,1614,NDRAUTO,EQ,83331,22881,27.46
20,1615,NDTV,EQ,120153,54385,45.26
20,1616,NECCLTD,EQ,121828,75292,61.80
20,1617,NECLIFE,EQ,513085,317997,61.98
20,1618,NELCAST,EQ,106022,59276,55.91
20,1619,NELCO,EQ,76435,42906,56.13
20,1620,NEOGEN,EQ,157265,50074,31.84
20,1621,NESCO,EQ,224977,71785,31.91
20,1622,NESTLEIND,EQ,924514,578380,62.56
20,1623,NETF,EQ,6831,4744,69.45
20,1624,NETWEB,EQ,282822,122806,43.42
20,1625,NETWORK18,EQ,1402745,741426,52.86
20,1626,NEULANDLAB,EQ,76220,26546,34.83
20,1627,NEWGEN,EQ,129452,68459,52.88
20,1628,NEWJAISA,SM,301500,229500,76.12
20,1629,NEXT50,EQ,2870,1821,63.45
20,1630,NEXT50IETF,EQ,427460,307353,71.90
20,1631,NEXTMEDIA,EQ,12857,9531,74.13
20,1632,NFL,EQ,16587834,5002938,30.16
20,1633,NGIL,EQ,28761,17040,59.25
20,1634,NGLFINE,EQ,3325,1686,50.71
20,1635,NH,EQ,398155,312158,78.40
20,1636,NHPC,EQ,20949761,8452708,40.35
20,1637,NIACL,EQ,3243150,1040666,32.09
20,1638,NIBL,EQ,27353,11341,41.46
20,1639,NIDAN,SM,223000,107000,47.98
20,1640,NIF100BEES,EQ,19693,14974,76.04
20,1641,NIF100IETF,EQ,78728,54985,69.84
20,1642,NIF10GETF,EQ,7214,6165,85.46
20,1643,NIF5GETF,EQ,906,891,98.34
20,1644,NIFITETF,EQ,8778,7440,84.76
20,1645,NIFMID150,EQ,1064,821,77.16
20,1646,NIFTY1,EQ,88271,80208,90.87
20,1647,NIFTY50ADD,EQ,11577,5430,46.90
20,1648,NIFTYBEES,EQ,2611003,1610556,61.68
20,1649,NIFTYBETF,EQ,917,754,82.22
20,1650,NIFTYETF,EQ,127353,110425,86.71
20,1651,NIFTYIETF,EQ,227909,144250,63.29
20,1652,NIFTYQLITY,EQ,47778,40328,84.41
20,1653,NIITLTD,EQ,929508,197884,21.29
20,1654,NIITMTS,EQ,295709,239001,80.82
20,1655,NILAINFRA,EQ,1572693,685276,43.57
20,1656,NILKAMAL,EQ,8131,4095,50.36
20,1657,NINSYS,EQ,5556,3508,63.14
20,1658,NIPPOBATRY,EQ,18727,12033,64.25
20,1659,NIRAJ,EQ,162517,101448,62.42
20,1660,NIRMAN,SM,222000,121200,54.59
20,1661,NITCO,EQ,95329,64031,67.17
20,1662,NITINSPIN,EQ,373895,170147,45.51
20,1663,NKIND,EQ,4268,3780,88.57
20,1664,NLCINDIA,EQ,4075347,1838587,45.11
20,1665,NMDC,EQ,24400033,13474144,55.22
20,1666,NOCIL,EQ,810792,339739,41.90
20,1667,NORBTEAEXP,EQ,7005,6030,86.08
20,1668,NOVAAGRI,EQ,779258,386415,49.59
20,1669,NPBET,EQ,726,498,68.60
20,1670,NPST,SM,19900,16200,81.41
20,1671,NRAIL,EQ,26752,16595,62.03
20,1672,NRBBEARING,EQ,310387,166638,53.69
20,1673,NRL,EQ,61008,37678,61.76
20,1674,NSIL,EQ,42121,17381,41.26
20,1675,NSLNISP,EQ,5194699,2269150,43.68
20,1676,NTPC,EQ,23389211,14174443,60.60
20,1677,NUCLEUS,EQ,39575,19320,48.82
20,1678,NURECA,EQ,20775,8555,41.18
20,1679,NUVAMA,EQ,48199,27111,56.25
20,1680,NUVOCO,EQ,1486430,630974,42.45
20,1681,NV20,EQ,11689,8325,71.22
20,1682,NV20BEES,EQ,33710,30837,91.48
20,1683,NV20IETF,EQ,534234,375247,70.24
20,1684,NXST,RR,336675,316803,94.10
20,1685,NYKAA,EQ,2342414,1407594,60.09
20,1686,OAL,EQ,67214,47395,70.51
20,1687,OBCL,EQ,90315,47613,52.72
20,1688,OBEROIRLTY,EQ,764490,481661,63.00
20,1689,OFSS,EQ,883013,320327,36.28
20,1690,OIL,EQ,3516710,1817407,51.68
20,1691,OLECTRA,EQ,1877660,523836,27.90
20,1692,OLIL,SM,121200,55200,45.54
20,1693,OMAXE,EQ,1245880,820631,65.87
20,1694,OMFURN,SM,9600,7200,75.00
20,1695,ONDOOR,SM,76800,30000,39.06
20,1696,ONEPOINT,EQ,5241134,2013426,38.42
20,1697,ONGC,EQ,11750972,6609563,56.25
20,1698,ONMOBILE,EQ,377867,177748,47.04
20,1699,ONWARDTEC,EQ,165004,92084,55.81
20,1700,OPTIEMUS,EQ,124845,67200,53.83
20,1701,ORBTEXP,EQ,11401,7453,65.37
20,1702,ORCHPHARMA,EQ,50332,26597,52.84
20,1703,ORIANA,SM,85800,46950,54.72
20,1704,ORICONENT,EQ,262076,112493,42.92
20,1705,ORIENTALTL,EQ,580117,150645,25.97
20,1706,ORIENTBELL,EQ,46387,22162,47.78
20,1707,ORIENTCEM,EQ,14347288,3419309,23.83
20,1708,ORIENTCER,EQ,116609,63731,54.65
20,1709,ORIENTELEC,EQ,706695,293407,41.52
20,1710,ORIENTHOT,EQ,116426,64084,55.04
20,1711,ORIENTLTD,EQ,8981,5026,55.96
20,1712,ORIENTPPR,EQ,2215338,1014011,45.77
20,1713,ORISSAMINE,EQ,21669,9274,42.80
20,1714,ORTINLAB,EQ,23574,17827,75.62
20,1715,OSWALAGRO,EQ,86511,51231,59.22
20,1716,OSWALGREEN,EQ,472748,217994,46.11
20,1717,OWAIS,SM,32000,20800,65.00
20,1718,PAGEIND,EQ,15870,5612,35.36
20,1719,PAISALO,EQ,1785268,901033,50.47
20,1720,PAKKA,EQ,107105,60233,56.24
20,1721,PALASHSECU,EQ,14018,7419,52.92
20,1722,PANACEABIO,EQ,86674,41545,47.93
20,1723,PANAMAPET,EQ,93427,53104,56.84
20,1724,PANSARI,EQ,10430,2576,24.70
20,1725,PAR,EQ,42548,26199,61.58
20,1726,PARADEEP,EQ,4694767,1456240,31.02
20,1727,PARAGMILK,EQ,282932,176864,62.51
20,1728,PARAGON,SM,128400,103200,80.37
20,1729,PARAS,EQ,1021964,357980,35.03
20,1730,PARIN,SM,18000,12000,66.67
20,1731,PARKHOTELS,EQ,268325,210200,78.34
20,1732,PARSVNATH,EQ,857566,520572,60.70
20,1733,PARTYCRUS,SM,9000,7000,77.78
20,1734,PASHUPATI,SM,24000,21600,90.00
20,1735,PASUPTAC,EQ,398467,270287,67.83
20,1736,PATANJALI,EQ,3125549,1020298,32.64
20,1737,PATELENG,EQ,8712428,4115690,47.24
20,1738,PATINTLOG,EQ,712509,407365,57.17
20,1739,PATTECH,ST,1500,1500,100.00
20,1740,PAVNAIND,EQ,53334,42154,79.04
20,1741,PAYTM,EQ,4061370,1914298,47.13
20,1742,PCBL,EQ,1259783,690834,54.84
20,1743,PCJEWELLER,EQ,987566,637850,64.59
20,1744,PDMJEPAPER,EQ,653232,240465,36.81
20,1745,PDSL,EQ,94865,48312,50.93
20,1746,PEL,EQ,1196948,454940,38.01
20,1747,PENIND,EQ,824602,330583,40.09
20,1748,PENINLAND,EQ,2448059,1078473,44.05
20,1749,PENTAGON,SM,29000,28000,96.55
20,1750,PERFECT,SM,30000,27000,90.00
20,1751,PERSISTENT,EQ,1748520,399352,22.84
20,1752,PETRONET,EQ,4832518,2070484,42.84
20,1753,PFC,EQ,16866460,6653709,39.45
20,1754,PFIZER,EQ,15259,8289,54.32
20,1755,PFOCUS,EQ,2548467,1244182,48.82
20,1756,PFS,EQ,11569904,4687992,40.52
20,1757,PGEL,EQ,317807,154749,48.69
20,1758,PGHH,EQ,4607,2354,51.10
20,1759,PGHL,EQ,8749,4837,55.29
20,1760,PGIL,EQ,535137,202353,37.81
20,1761,PGINVIT,IV,675044,636853,94.34
20,1762,PHANTOMFX,SM,100200,83100,82.93
20,1763,PHARMABEES,EQ,2821633,2216591,78.56
20,1764,PHOENIXLTD,EQ,313385,230923,73.69
20,1765,PIDILITIND,EQ,240293,163051,67.86
20,1766,PIIND,EQ,244926,124788,50.95
20,1767,PILANIINVS,EQ,22564,10576,46.87
20,1768,PILITA,EQ,164342,113106,68.82
20,1769,PIONEEREMB,EQ,28817,19753,68.55
20,1770,PITTIENG,EQ,159389,86070,54.00
20,1771,PIXTRANS,EQ,15798,8366,52.96
20,1772,PLADAINFO,SM,15000,15000,100.00
20,1773,PLASTIBLEN,EQ,23783,17071,71.78
20,1774,PLATIND,EQ,481589,122272,25.39
20,1775,PLAZACABLE,EQ,43963,27694,62.99
20,1776,PNB,EQ,44039186,23899144,54.27
20,1777,PNBGILTS,EQ,2795160,1274233,45.59
20,1778,PNBHOUSING,EQ,1137549,592776,52.11
20,1779,PNC,EQ,56918,24935,43.81
20,1780,PNCINFRA,EQ,534648,230199,43.06
20,1781,POCL,EQ,160372,73495,45.83
20,1782,PODDARMENT,EQ,10535,6079,57.70
20,1783,POKARNA,EQ,51840,24677,47.60
20,1784,POLICYBZR,EQ,3895938,1887418,48.45
20,1785,POLYCAB,EQ,488374,197485,40.44
20,1786,POLYMED,EQ,48419,23281,48.08
20,1787,POLYPLEX,EQ,204471,97893,47.88
20,1788,POLYSIL,SM,14000,12000,85.71
20,1789,PONNIERODE,EQ,36361,17287,47.54
20,1790,POONAWALLA,EQ,1931325,1166751,60.41
20,1791,POWERGRID,EQ,11959181,7665647,64.10
20,1792,POWERINDIA,EQ,98895,52559,53.15
20,1793,POWERMECH,EQ,19875,9810,49.36
20,1794,PPAP,EQ,34229,14624,42.72
20,1795,PPL,EQ,99173,46570,46.96
20,1796,PPLPHARMA,EQ,1600946,805262,50.30
20,1797,PRAENG,EQ,523846,340471,64.99
20,1798,PRAJIND,EQ,2031141,622465,30.65
20,1799,PRAKASH,EQ,1287367,568489,44.16
20,1800,PRAMARA,SM,22000,22000,100.00
20,1801,PRATHAM,SM,689600,220800,32.02
20,1802,PRECAM,EQ,203393,96201,47.30
20,1803,PRECISION,SM,12000,10000,83.33
20,1804,PRECOT,EQ,8947,5122,57.25
20,1805,PRECWIRE,EQ,457445,188470,41.20
20,1806,PREMIERPOL,EQ,57892,30116,52.02
20,1807,PRESSTONIC,SM,55200,36800,66.67
20,1808,PRESTIGE,EQ,1143475,498137,43.56
20,1809,PRICOLLTD,EQ,527291,271492,51.49
20,1810,PRIMESECU,EQ,30577,21160,69.20
20,1811,PRINCEPIPE,EQ,190656,95095,49.88
20,1812,PRITI,EQ,28031,19072,68.04
20,1813,PRITIKA,SM,8000,6000,75.00
20,1814,PRITIKAUTO,EQ,420962,275350,65.41
20,1815,PRIVISCL,EQ,113307,67363,59.45
20,1816,PRLIND,SM,378000,236000,62.43
20,1817,PROLIFE,SM,3000,3000,100.00
20,1818,PROPEQUITY,SM,600,600,100.00
20,1819,PROV,SM,640,480,75.00
20,1820,PROZONER,EQ,415013,259662,62.57
20,1821,PRSMJOHNSN,EQ,675956,218212,32.28
20,1822,PRUDENT,EQ,26574,15795,59.44
20,1823,PRUDMOULI,EQ,18063,15239,84.37
20,1824,PSB,EQ,2117160,448565,21.19
20,1825,PSPPROJECT,EQ,101950,68197,66.89
20,1826,PSUBANK,EQ,27097,19397,71.58
20,1827,PSUBANKADD,EQ,15859,14386,90.71
20,1828,PSUBNKBEES,EQ,1772042,1238735,69.90
20,1829,PSUBNKIETF,EQ,235786,156205,66.25
20,1830,PTC,EQ,2520650,1161877,46.09
20,1831,PTCIL,EQ,12501,7316,58.52
20,1832,PTL,EQ,298496,177794,59.56
20,1833,PULZ,SM,24000,11000,45.83
20,1834,PUNJABCHEM,EQ,32849,10609,32.30
20,1835,PURVFLEXI,SM,14400,12800,88.89
20,1836,PVP,EQ,626245,412553,65.88
20,1837,PVRINOX,EQ,2838402,1004091,35.38
20,1838,PVSL,EQ,47000,25880,55.06
20,1839,PVTBANIETF,EQ,938359,705888,75.23
20,1840,PVTBANKADD,EQ,120050,60852,50.69
20,1841,PYRAMID,EQ,85994,53989,62.78
20,1842,QFIL,SM,12000,12000,100.00
20,1843,QGOLDHALF,EQ,38497,33406,86.78
20,1844,QMSMEDI,SM,38000,28000,73.68
20,1845,QNIFTY,EQ,68,64,94.12
20,1846,QUADPRO,SM,12000,12000,100.00
20,1847,QUAL30IETF,EQ,208297,179886,86.36
20,1848,QUESS,EQ,675208,211505,31.32
20,1849,QUESTLAB,SM,33600,27600,82.14
20,1850,QUICKHEAL,EQ,116896,54481,46.61
20,1851,QUICKTOUCH,SM,38500,31500,81.82
20,1852,RACE,EQ,298675,118166,39.56
20,1853,RADHIKAJWE,EQ,1200918,642129,53.47
20,1854,RADIANTCMS,EQ,140880,100962,71.67
20,1855,RADICO,EQ,84613,33773,39.91
20,1856,RADIOCITY,EQ,376043,199785,53.13
20,1857,RADIOCITY,P1,678,678,100.00
20,1858,RADIOWALLA,SM,22400,22400,100.00
20,1859,RAILTEL,EQ,7934442,2326762,29.32
20,1860,RAIN,EQ,2379171,1204530,50.63
20,1861,RAINBOW,EQ,35322,18408,52.11
20,1862,RAJESHEXPO,EQ,361910,154687,42.74
20,1863,RAJMET,EQ,3530736,2472006,70.01
20,1864,RAJRATAN,EQ,29483,17665,59.92
20,1865,RAJSREESUG,EQ,194229,108370,55.79
20,1866,RALLIS,EQ,701239,269715,38.46
20,1867,RAMANEWS,EQ,204523,148990,72.85
20,1868,RAMAPHO,EQ,20212,9661,47.80
20,1869,RAMASTEEL,EQ,4659206,2455898,52.71
20,1870,RAMCOCEM,EQ,1359729,650290,47.82
20,1871,RAMCOIND,EQ,113474,65050,57.33
20,1872,RAMKY,EQ,91205,56528,61.98
20,1873,RAMRAT,EQ,178865,68580,38.34
20,1874,RANASUG,EQ,1121409,518864,46.27
20,1875,RANEENGINE,EQ,91196,33105,36.30
20,1876,RANEHOLDIN,EQ,221819,85418,38.51
20,1877,RATEGAIN,EQ,301945,147732,48.93
20,1878,RATNAMANI,EQ,16376,8862,54.12
20,1879,RATNAVEER,EQ,1607929,862091,53.61
20,1880,RAYMOND,EQ,905057,188665,20.85
20,1881,RBA,EQ,2142084,1122278,52.39
20,1882,RBL,EQ,197776,52219,26.40
20,1883,RBLBANK,EQ,2237886,727525,32.51
20,1884,RBMINFRA,SM,34400,19800,57.56
20,1885,RBS,SM,41600,25600,61.54
20,1886,RCDL,SM,69000,66000,95.65
20,1887,RCF,EQ,17449096,4667892,26.75
20,1888,RECLTD,EQ,22872490,7670918,33.54
20,1889,REDINGTON,EQ,3672329,1434717,39.07
20,1890,REDTAPE,EQ,106132,70429,66.36
20,1891,REFEX,EQ,7375362,2350306,31.87
20,1892,REFRACTORY,SM,144000,84000,58.33
20,1893,RELAXO,EQ,68480,42224,61.66
20,1894,RELCHEMQ,EQ,23090,13576,58.80
20,1895,RELIABLE,SM,2400,2400,100.00
20,1896,RELIANCE,EQ,3862153,2085115,53.99
20,1897,RELIGARE,EQ,21377467,13654220,63.87
20,1898,RELINFRA,EQ,7038002,2952811,41.96
20,1899,REMSONSIND,EQ,20617,13694,66.42
20,1900,REMUS,SM,12600,7300,57.94
20,1901,RENUKA,EQ,14442333,2988803,20.69
20,1902,REPCOHOME,EQ,223117,113756,50.98
20,1903,REPL,EQ,16101,10759,66.82
20,1904,REPRO,EQ,34315,22948,66.87
20,1905,RESPONIND,EQ,548290,92208,16.82
20,1906,REXPIPES,SM,4000,4000,100.00
20,1907,RGL,EQ,103327,34314,33.21
20,1908,RHIM,EQ,79833,42418,53.13
20,1909,RHL,EQ,12279,8026,65.36
20,1910,RICHA,SM,2000,2000,100.00
20,1911,RICOAUTO,EQ,1755370,672890,38.33
20,1912,RIIL,EQ,798058,155618,19.50
20,1913,RILINFRA,SM,330000,194100,58.82
20,1914,RISHABH,EQ,142926,80569,56.37
20,1915,RITCO,EQ,532611,172370,32.36
20,1916,RITES,EQ,682211,202875,29.74
20,1917,RITEZONE,SM,12800,9600,75.00
20,1918,RKEC,EQ,1293075,465416,35.99
20,1919,RKFORGE,EQ,580466,242443,41.77
20,1920,RKSWAMY,EQ,90804,52867,58.22
20,1921,RMDRIP,SM,15000,15000,100.00
20,1922,RML,EQ,206954,58015,28.03
20,1923,ROCKINGDCE,SM,79250,43500,54.89
20,1924,ROHLTD,EQ,467689,147555,31.55
20,1925,ROLEXRINGS,EQ,13873,6169,44.47
20,1926,ROSSARI,EQ,297426,145278,48.85
20,1927,ROSSELLIND,EQ,92098,40131,43.57
20,1928,ROTO,EQ,3235107,724516,22.40
20,1929,ROUTE,EQ,680769,126604,18.60
20,1930,ROXHITECH,SM,88000,64000,72.73
20,1931,RPGLIFE,EQ,21924,10777,49.16
20,1932,RPOWER,EQ,16119720,9588513,59.48
20,1933,RPPINFRA,EQ,196480,102353,52.09
20,1934,RPPL,EQ,42040,23478,55.85
20,1935,RPSGVENT,EQ,51846,30922,59.64
20,1936,RPTECH,EQ,238933,128658,53.85
20,1937,RRKABEL,EQ,73299,49623,67.70
20,1938,RSWM,EQ,425362,245502,57.72
20,1939,RSYSTEMS,EQ,249789,126446,50.62
20,1940,RTNINDIA,EQ,5171792,2748233,53.14
20,1941,RTNPOWER,EQ,43263229,27437123,63.42
20,1942,RUBYMILLS,EQ,50129,28750,57.35
20,1943,RUCHINFRA,EQ,103893,88567,85.25
20,1944,RUCHIRA,EQ,100840,53034,52.59
20,1945,RULKA,SM,60600,35400,58.42
20,1946,RUPA,EQ,180643,92159,51.02
20,1947,RUSHIL,EQ,157048,88024,56.05
20,1948,RUSTOMJEE,EQ,23203,15043,64.83
20,1949,RVHL,EQ,25501,16345,64.10
20,1950,RVNL,EQ,10190705,3485079,34.20
20,1951,SAAKSHI,SM,41400,34800,84.06
20,1952,SABAR,SM,5000,5000,100.00
20,1953,SADBHIN,EQ,233225,189372,81.20
20,1954,SADHAV,SM,51600,37200,72.09
20,1955,SADHNANIQ,EQ,187972,82816,44.06
20,1956,SAFARI,EQ,62329,44136,70.81
20,1957,SAGARDEEP,EQ,41914,5780,13.79
20,1958,SAGCEM,EQ,608086,294184,48.38
20,1959,SAH,EQ,114699,37312,32.53
20,1960,SAHANA,SM,20000,12500,62.50
20,1961,SAHYADRI,EQ,6913,4805,69.51
20,1962,SAIFL,SM,24800,16000,64.52
20,1963,SAIL,EQ,25711956,9563094,37.19
20,1964,SAKAR,EQ,21782,9583,44.00
20,1965,SAKHTISUG,EQ,489014,177900,36.38
20,1966,SAKSOFT,EQ,274313,117568,42.86
20,1967,SAKUMA,EQ,28080015,6708571,23.89
20,1968,SALASAR,EQ,4806025,2624001,54.60
20,1969,SALONA,EQ,12617,10493,83.17
20,1970,SALZERELEC,EQ,92384,41629,45.06
20,1971,SAMBHAAV,EQ,80799,43645,54.02
20,1972,SAMHI,EQ,1442795,757877,52.53
20,1973,SANDESH,EQ,13090,6595,50.38
20,1974,SANDHAR,EQ,175709,78108,44.45
20,1975,SANDUMA,EQ,108171,56365,52.11
20,1976,SANGAMIND,EQ,32244,21207,65.77
20,1977,SANGANI,SM,3000,3000,100.00
20,1978,SANGHIIND,EQ,1344028,649590,48.33
20,1979,SANGHVIMOV,EQ,246909,118992,48.19
20,1980,SANGINITA,EQ,406421,236677,58.23
20,1981,SANOFI,EQ,10481,6771,64.60
20,1982,SANSERA,EQ,173776,100395,57.77
20,1983,SAPPHIRE,EQ,73325,56290,76.77
20,1984,SARDAEN,EQ,222031,109907,49.50
20,1985,SAREGAMA,EQ,505459,275427,54.49
20,1986,SARLAPOLY,EQ,3102503,1193156,38.46
20,1987,SARTELE,SM,27500,26500,96.36
20,1988,SARVESHWAR,EQ,3243874,2350895,72.47
20,1989,SASKEN,EQ,83928,33896,40.39
20,1990,SASTASUNDR,EQ,31775,17921,56.40
20,1991,SATIA,EQ,360982,155709,43.13
20,1992,SATIN,EQ,311703,191757,61.52
20,1993,SATINDLTD,EQ,380055,190558,50.14
20,1994,SAURASHCEM,EQ,433631,188426,43.45
20,1995,SBC,EQ,1976626,899183,45.49
20,1996,SBCL,EQ,221052,110627,50.05
20,1997,SBFC,EQ,767787,312918,40.76
20,1998,SBGLP,EQ,131171,58196,44.37
20,1999,SBICARD,EQ,1189555,896495,75.36
20,2000,SBIETFCON,EQ,31531,22788,72.27
20,2001,SBIETFIT,EQ,55330,52226,94.39
20,2002,SBIETFPB,EQ,15340,12127,79.05
20,2003,SBIETFQLTY,EQ,2950,2134,72.34
20,2004,SBILIFE,EQ,788569,489479,62.07
20,2005,SBIN,EQ,10967797,5295644,48.28
20,2006,SCHAEFFLER,EQ,193654,134172,69.28
20,2007,SCHAND,EQ,48609,22990,47.30
20,2008,SCHNEIDER,EQ,507631,256557,50.54
20,2009,SCI,EQ,3613726,900309,24.91
20,2010,SCILAL,EQ,4461918,1386053,31.06
20,2011,SCML,SM,36000,30000,83.33
20,2012,SCPL,EQ,17400,9240,53.10
20,2013,SDBL,EQ,1383037,568265,41.09
20,2014,SDL24BEES,EQ,6512,5182,79.58
20,2015,SDL26BEES,EQ,343,291,84.84
20,2016,SEAMECLTD,EQ,137200,61476,44.81
20,2017,SECL,SM,43750,31250,71.43
20,2018,SEL,SM,8800,7200,81.82
20,2019,SELAN,EQ,191834,63612,33.16
20,2020,SELMC,EQ,21220,8743,41.20
20,2021,SENCO,EQ,181284,89887,49.58
20,2022,SENSEXADD,EQ,2770,1343,48.48
20,2023,SENSEXETF,EQ,6920,5370,77.60
20,2024,SENSEXIETF,EQ,2917,1667,57.15
20,2025,SEPC,EQ,4601208,2446607,53.17
20,2026,SEQUENT,EQ,867967,421231,48.53
20,2027,SERVOTECH,EQ,967665,470991,48.67
20,2028,SESHAPAPER,EQ,58779,28755,48.92
20,2029,SETF10GILT,EQ,15048,14474,96.19
20,2030,SETFGOLD,EQ,913920,688590,75.34
20,2031,SETFNIF50,EQ,394421,327920,83.14
20,2032,SETFNIFBK,EQ,50584,32856,64.95
20,2033,SETFNN50,EQ,30323,22415,73.92
20,2034,SFL,EQ,85686,40130,46.83
20,2035,SFLZC24A,ZB,8,8,100.00
20,2036,SGBAPR28I,GB,84,59,70.24
20,2037,SGBAUG24,GB,297,259,87.21
20,2038,SGBAUG27,GB,31,31,100.00
20,2039,SGBAUG28V,GB,872,713,81.77
20,2040,SGBAUG29V,GB,191,170,89.01
20,2041,SGBAUG30,GB,383,319,83.29
20,2042,SGBD29VIII,GB,67,64,95.52
20,2043,SGBDC27VII,GB,144,90,62.50
20,2044,SGBDE30III,GB,433,311,71.82
20,2045,SGBDE31III,GB,2288,2044,89.34
20,2046,SGBDEC2513,GB,10,10,100.00
20,2047,SGBDEC25XI,GB,13,13,100.00
20,2048,SGBFEB27,GB,14,14,100.00
20,2049,SGBFEB28IX,GB,37,30,81.08
20,2050,SGBFEB29XI,GB,36,33,91.67
20,2051,SGBFEB32IV,GB,1504,1055,70.15
20,2052,SGBJ28VIII,GB,261,261,100.00
20,2053,SGBJAN29IX,GB,278,261,93.88
20,2054,SGBJAN29X,GB,61,59,96.72
20,2055,SGBJAN30IX,GB,88,58,65.91
20,2056,SGBJU29III,GB,100,75,75.00
20,2057,SGBJUL25,GB,39,39,100.00
20,2058,SGBJUL27,GB,115,102,88.70
20,2059,SGBJUL28IV,GB,1085,814,75.02
20,2060,SGBJUL29IV,GB,210,199,94.76
20,2061,SGBJUN27,GB,5,3,60.00
20,2062,SGBJUN28,GB,105,66,62.86
20,2063,SGBJUN29II,GB,51,38,74.51
20,2064,SGBJUN30,GB,111,93,83.78
20,2065,SGBJUN31I,GB,1324,990,74.77
20,2066,SGBMAR25,GB,94,74,78.72
20,2067,SGBMAR28X,GB,16,16,100.00
20,2068,SGBMAR30X,GB,248,205,82.66
20,2069,SGBMAR31IV,GB,340,243,71.47
20,2070,SGBMAY25,GB,17,13,76.47
20,2071,SGBMAY26,GB,95,86,90.53
20,2072,SGBMAY28,GB,441,338,76.64
20,2073,SGBMAY29I,GB,979,916,93.56
20,2074,SGBMR29XII,GB,129,106,82.17
20,2075,SGBN28VIII,GB,85,46,54.12
20,2076,SGBNOV24,GB,186,175,94.09
20,2077,SGBNOV258,GB,4,4,100.00
20,2078,SGBNOV25IX,GB,1,1,100.00
20,2079,SGBNOV26,GB,6,6,100.00
20,2080,SGBNV29VII,GB,89,79,88.76
20,2081,SGBOC28VII,GB,117,117,100.00
20,2082,SGBOCT25,GB,30,30,100.00
20,2083,SGBOCT25V,GB,6,6,100.00
20,2084,SGBOCT27VI,GB,7,7,100.00
20,2085,SGBSEP24,GB,93,85,91.40
20,2086,SGBSEP27,GB,18,18,100.00
20,2087,SGBSEP28VI,GB,149,122,81.88
20,2088,SGBSEP29VI,GB,68,47,69.12
20,2089,SGBSEP31II,GB,2416,1782,73.76
20,2090,SGIL,EQ,23723,14186,59.80
20,2091,SGL,EQ,35631,27596,77.45
20,2092,SHAH,EQ,902547,738331,81.81
20,2093,SHAHALLOYS,EQ,49250,22669,46.03
20,2094,SHAILY,EQ,129380,94184,72.80
20,2095,SHALBY,EQ,63157,35702,56.53
20,2096,SHALPAINTS,EQ,208167,126030,60.54
20,2097,SHANKARA,EQ,43842,24506,55.90
20,2098,SHANTHALA,SM,4800,3600,75.00
20,2099,SHANTIGEAR,EQ,425568,139064,32.68
20,2100,SHARDACROP,EQ,1710238,532525,31.14
20,2101,SHARDAMOTR,EQ,692063,271846,39.28
20,2102,SHAREINDIA,EQ,1324770,696767,52.60
20,2103,SHAREINDIA,W1,2076,2026,97.59
20,2104,SHARIABEES,EQ,3182,2221,69.80
20,2105,SHEETAL,ST,12000,12000,100.00
20,2106,SHEMAROO,EQ,26454,12159,45.96
20,2107,SHERA,SM,246000,168000,68.29
20,2108,SHIGAN,SM,3000,3000,100.00
20,2109,SHILPAMED,EQ,277964,147921,53.22
20,2110,SHIVALIK,EQ,12188,6333,51.96
20,2111,SHIVAMAUTO,EQ,97521,67526,69.24
20,2112,SHIVAMILLS,EQ,16175,11725,72.49
20,2113,SHIVATEX,EQ,23818,9992,41.95
20,2114,SHK,EQ,979078,433922,44.32
20,2115,SHOPERSTOP,EQ,21197,11557,54.52
20,2116,SHREDIGCEM,EQ,1496896,689170,46.04
20,2117,SHREECEM,EQ,59357,36714,61.85
20,2118,SHREEKARNI,SM,28800,24000,83.33
20,2119,SHREEOSFM,SM,24000,22000,91.67
20,2120,SHREEPUSHK,EQ,67118,33650,50.14
20,2121,SHRENIK,EQ,7316860,5237972,71.59
20,2122,SHREYANIND,EQ,30320,18904,62.35
20,2123,SHREYAS,EQ,75787,44975,59.34
20,2124,SHRIPISTON,EQ,61955,39413,63.62
20,2125,SHRIRAMFIN,EQ,1334666,928621,69.58
20,2126,SHRIRAMPPS,EQ,1653817,843001,50.97
20,2127,SHRITECH,SM,10000,10000,100.00
20,2128,SHUBHLAXMI,SM,7000,4000,57.14
20,2129,SHYAMMETL,EQ,2961649,1267291,42.79
20,2130,SIDDHIKA,SM,2000,2000,100.00
20,2131,SIEMENS,EQ,341704,169888,49.72
20,2132,SIGACHI,EQ,672744,465144,69.14
20,2133,SIGIND,EQ,49263,26431,53.65
20,2134,SIGMA,EQ,12827,5182,40.40
20,2135,SIGNATURE,EQ,906484,134941,14.89
20,2136,SIGNORIA,SM,2000,2000,100.00
20,2137,SIGNPOST,EQ,54532,20823,38.18
20,2138,SIL,EQ,90156,65201,72.32
20,2139,SILGO,EQ,112404,69427,61.77
20,2140,SILINV,EQ,23414,10212,43.61
20,2141,SILKFLEX,SM,40000,32000,80.00
20,2142,SILLYMONKS,EQ,6235,4123,66.13
20,2143,SILVER,EQ,142630,81274,56.98
20,2144,SILVER1,EQ,34668,33249,95.91
20,2145,SILVERADD,EQ,11304,10729,94.91
20,2146,SILVERBEES,EQ,4958530,3781382,76.26
20,2147,SILVERETF,EQ,74102,67550,91.16
20,2148,SILVERIETF,EQ,412457,309177,74.96
20,2149,SILVERTUC,EQ,21617,5213,24.12
20,2150,SILVRETF,EQ,8373,4678,55.87
20,2151,SINCLAIR,EQ,72991,48318,66.20
20,2152,SINDHUTRAD,EQ,1053378,775676,73.64
20,2153,SINTERCOM,EQ,17545,2162,12.32
20,2154,SIRCA,EQ,79653,49287,61.88
20,2155,SIS,EQ,34569,20042,57.98
20,2156,SIYSIL,EQ,66683,36430,54.63
20,2157,SJLOGISTIC,SM,27000,19500,72.22
20,2158,SJS,EQ,249045,202645,81.37
20,2159,SJVN,EQ,8431793,3017815,35.79
20,2160,SKFINDIA,EQ,45709,22609,49.46
20,2161,SKIPPER,EQ,882613,406117,46.01
20,2162,SKIPPERPP,E1,19438,19103,98.28
20,2163,SKMEGGPROD,EQ,138825,85437,61.54
20,2164,SKP,SM,5000,3000,60.00
20,2165,SLONE,SM,81600,51200,62.75
20,2166,SMALLCAP,EQ,994218,935342,94.08
20,2167,SMCGLOBAL,EQ,340483,196103,57.60
20,2168,SMLISUZU,EQ,139651,42822,30.66
20,2169,SMLT,EQ,31510,16771,53.22
20,2170,SMSLIFE,EQ,5552,3613,65.08
20,2171,SMSPHARMA,EQ,1440091,479356,33.29
20,2172,SMVD,ST,56560,56560,100.00
20,2173,SNOWMAN,EQ,1558255,669167,42.94
20,2174,SOBHA,EQ,397398,327473,82.40
20,2175,SOFTTECH,EQ,27290,24297,89.03
20,2176,SOLARA,EQ,1814943,534963,29.48
20,2177,SOLARAPP,E1,23531,23531,100.00
20,2178,SOLARINDS,EQ,115824,48090,41.52
20,2179,SOLEX,SM,27200,18600,68.38
20,2180,SOMANYCERA,EQ,90518,51756,57.18
20,2181,SONACOMS,EQ,2073935,1183407,57.06
20,2182,SONAMAC,SM,114000,97000,85.09
20,2183,SONAMLTD,EQ,17515,12452,71.09
20,2184,SONATSOFTW,EQ,1180597,574441,48.66
20,2185,SONUINFRA,SM,15000,15000,100.00
20,2186,SOTAC,SM,3600,2400,66.67
20,2187,SOTL,EQ,101781,48488,47.64
20,2188,SOUTHBANK,EQ,11743893,5281592,44.97
20,2189,SOUTHWEST,EQ,94719,61131,64.54
20,2190,SPAL,EQ,68761,33203,48.29
20,2191,SPANDANA,EQ,216228,103898,48.05
20,2192,SPARC,EQ,485267,273001,56.26
20,2193,SPCENET,EQ,2595432,1392106,53.64
20,2194,SPCL,ST,3286800,3268800,99.45
20,2195,SPECIALITY,EQ,51969,31682,60.96
20,2196,SPECTRUM,SM,3750,2500,66.67
20,2197,SPECTSTM,SM,6400,6400,100.00
20,2198,SPENCERS,EQ,325950,202272,62.06
20,2199,SPIC,EQ,1465585,354333,24.18
20,2200,SPLIL,EQ,97299,57492,59.09
20,2201,SPLPETRO,EQ,86833,48717,56.10
20,2202,SPMLINFRA,EQ,56571,46433,82.08
20,2203,SPORTKING,EQ,50779,23332,45.95
20,2204,SPRL,ST,800,800,100.00
20,2205,SREEL,EQ,12052,7404,61.43
20,2206,SRF,EQ,471598,268159,56.86
20,2207,SRGHFL,EQ,11848,5111,43.14
20,2208,SRHHYPOLTD,EQ,30928,12354,39.94
20,2209,SRIVASAVI,SM,23000,11000,47.83
20,2210,SRM,EQ,29444,18425,62.58
20,2211,SSFL,SM,19000,12000,63.16
20,2212,SSWL,EQ,1282248,623864,48.65
20,2213,STANLEY,EQ,5809841,2277103,39.19
20,2214,STAR,EQ,108335,51008,47.08
20,2215,STARCEMENT,EQ,499501,191586,38.36
20,2216,STARHEALTH,EQ,2056147,1238923,60.25
20,2217,STARPAPER,EQ,71095,45320,63.75
20,2218,STARTECK,EQ,13684,12880,94.12
20,2219,STCINDIA,EQ,101724,41490,40.79
20,2220,STEELCAS,EQ,122635,64075,52.25
20,2221,STEELCITY,EQ,21184,12987,61.31
20,2222,STEELXIND,EQ,7210328,3022117,41.91
20,2223,STEL,EQ,21491,7159,33.31
20,2224,STERTOOLS,EQ,50403,25461,50.51
20,2225,STLTECH,EQ,4237356,1874580,44.24
20,2226,STOVEKRAFT,EQ,949058,374342,39.44
20,2227,STYLAMIND,EQ,79415,43573,54.87
20,2228,STYRENIX,EQ,352596,193885,54.99
20,2229,SUBEXLTD,EQ,8176963,2845704,34.80
20,2230,SUBROS,EQ,1434858,376182,26.22
20,2231,SUDARSCHEM,EQ,1126685,311219,27.62
20,2232,SUKHJITS,EQ,5429,3466,63.84
20,2233,SULA,EQ,269527,158462,58.79
20,2234,SUMICHEM,EQ,770035,432877,56.22
20,2235,SUMMITSEC,EQ,33452,16441,49.15
20,2236,SUNCLAY,EQ,7234,4634,64.06
20,2237,SUNDARAM,EQ,1722826,1156311,67.12
20,2238,SUNDARMFIN,EQ,58722,38267,65.17
20,2239,SUNDARMHLD,EQ,113546,66945,58.96
20,2240,SUNDRMBRAK,EQ,1521,1006,66.14
20,2241,SUNDRMFAST,EQ,118268,65652,55.51
20,2242,SUNFLAG,EQ,1410643,647154,45.88
20,2243,SUNPHARMA,EQ,1451094,1031874,71.11
20,2244,SUNTECK,EQ,991126,451165,45.52
20,2245,SUNTV,EQ,1397804,438663,31.38
20,2246,SUPERHOUSE,EQ,3746,2475,66.07
20,2247,SUPERSPIN,EQ,137114,102542,74.79
20,2248,SUPRAJIT,EQ,295904,158617,53.60
20,2249,SUPREMEIND,EQ,107551,51634,48.01
20,2250,SUPREMEPWR,SM,290000,145000,50.00
20,2251,SUPRIYA,EQ,199820,97583,48.84
20,2252,SURAJEST,EQ,331330,230392,69.54
20,2253,SURANAT&P,EQ,1263879,878676,69.52
20,2254,SURANI,SM,28000,18000,64.29
20,2255,SURYALAXMI,EQ,1231827,475134,38.57
20,2256,SURYAROSNI,EQ,456536,244277,53.51
20,2257,SURYODAY,EQ,383869,202182,52.67
20,2258,SUTLEJTEX,EQ,268265,114445,42.66
20,2259,SUULD,EQ,521788,281517,53.95
20,2260,SUVEN,EQ,582491,331480,56.91
20,2261,SUVENPHAR,EQ,784545,367691,46.87
20,2262,SUVIDHAA,EQ,235663,161624,68.58
20,2263,SUZLON,EQ,25423991,16621430,65.38
20,2264,SVLL,EQ,6049,1487,24.58
20,2265,SVPGLOB,EQ,292564,169054,57.78
20,2266,SWANENERGY,EQ,1229532,783897,63.76
20,2267,SWARAJ,SM,231000,162000,70.13
20,2268,SWARAJENG,EQ,34123,14877,43.60
20,2269,SWASTIK,SM,15600,10800,69.23
20,2270,SWELECTES,EQ,50936,27248,53.49
20,2271,SWSOLAR,EQ,665221,424662,63.84
20,2272,SYLVANPLY,ST,3104000,3086000,99.42
20,2273,SYMPHONY,EQ,100537,50338,50.07
20,2274,SYNCOMF,EQ,3888157,2246342,57.77
20,2275,SYNGENE,EQ,1210151,294840,24.36
20,2276,SYNOPTICS,SM,15000,11400,76.00
20,2277,SYRMA,EQ,415652,221127,53.20
20,2278,SYSTANGO,SM,38400,30400,79.17
20,2279,TAC,SM,13200,10800,81.82
20,2280,TAJGVK,EQ,219285,123535,56.34
20,2281,TAKE,EQ,132134,78313,59.27
20,2282,TALBROAUTO,EQ,174214,81195,46.61
20,2283,TANLA,EQ,1027380,382842,37.26
20,2284,TAPIFRUIT,SM,1500,750,50.00
20,2285,TARC,EQ,937782,472604,50.40
20,2286,TARSONS,EQ,91770,37326,40.67
20,2287,TASTYBITE,EQ,847,450,53.13
20,2288,TATACHEM,EQ,1136445,630279,55.46
20,2289,TATACOMM,EQ,220507,109407,49.62
20,2290,TATACONSUM,EQ,767705,469327,61.13
20,2291,TATAELXSI,EQ,93997,55400,58.94
20,2292,TATAGOLD,EQ,1913612,1251149,65.38
20,2293,TATAINVEST,EQ,61395,26818,43.68
20,2294,TATAMOTORS,EQ,14006105,7777745,55.53
20,2295,TATAMTRDVR,EQ,1157380,705906,60.99
20,2296,TATAPOWER,EQ,8020642,4853961,60.52
20,2297,TATASTEEL,EQ,27807688,11582142,41.65
20,2298,TATATECH,EQ,627199,358945,57.23
20,2299,TATSILV,EQ,640559,599410,93.58
20,2300,TATVA,EQ,52939,20827,39.34
20,2301,TBI,SM,498000,258000,51.81
20,2302,TBOTEK,EQ,54814,19630,35.81
20,2303,TBZ,EQ,192769,88638,45.98
20,2304,TCI,EQ,30629,19770,64.55
20,2305,TCIEXP,EQ,86447,38420,44.44
20,2306,TCL,SM,90400,76000,84.07
20,2307,TCLCONS,EQ,134388,73726,54.86
20,2308,TCNSBRANDS,EQ,363404,230127,63.33
20,2309,TCPLPACK,EQ,10292,3074,29.87
20,2310,TCS,EQ,2658723,1549138,58.27
20,2311,TDPOWERSYS,EQ,452989,148239,32.72
20,2312,TEAMLEASE,EQ,25017,17967,71.82
20,2313,TECH,EQ,133221,112842,84.70
20,2314,TECHLABS,SM,58000,36000,62.07
20,2315,TECHM,EQ,3837301,1971641,51.38
20,2316,TEGA,EQ,62683,39103,62.38
20,2317,TEJASNET,EQ,687721,360438,52.41
20,2318,TEMBO,EQ,38703,8276,21.38
20,2319,TEXINFRA,EQ,1270584,557046,43.84
20,2320,TEXMOPIPES,EQ,127682,75920,59.46
20,2321,TEXRAIL,EQ,19258136,6225901,32.33
20,2322,TFCILTD,EQ,3000527,1431206,47.70
20,2323,TGBHOTELS,EQ,148708,81017,54.48
20,2324,TGL,SM,318000,154800,48.68
20,2325,THANGAMAYL,EQ,30119,15612,51.83
20,2326,THEINVEST,EQ,50691,33342,65.77
20,2327,THEJO,EQ,189310,87875,46.42
20,2328,THEMISMED,EQ,48444,26332,54.36
20,2329,THERMAX,EQ,44175,22502,50.94
20,2330,THOMASCOOK,EQ,663164,355879,53.66
20,2331,THYROCARE,EQ,454497,188828,41.55
20,2332,TI,EQ,462580,231125,49.96
20,2333,TIDEWATER,EQ,167856,65107,38.79
20,2334,TIIL,EQ,15992,7188,44.95
20,2335,TIINDIA,EQ,192829,150304,77.95
20,2336,TIMESCAN,SM,32000,26000,81.25
20,2337,TIMESGTY,EQ,15137,10931,72.21
20,2338,TIMETECHNO,EQ,1090845,393100,36.04
20,2339,TIMKEN,EQ,39585,17818,45.01
20,2340,TIPSFILMS,EQ,5607,4062,72.45
20,2341,TIPSINDLTD,EQ,1232808,530707,43.05
20,2342,TIRUMALCHM,EQ,362712,164561,45.37
20,2343,TIRUPATI,SM,1500,1500,100.00
20,2344,TITAGARH,EQ,1320323,504007,38.17
20,2345,TITAN,EQ,1001832,639797,63.86
20,2346,TMB,EQ,90268,63388,70.22
20,2347,TNIDETF,EQ,209896,192800,91.86
20,2348,TNPETRO,EQ,1157846,493794,42.65
20,2349,TNPL,EQ,80758,42818,53.02
20,2350,TOKYOPLAST,EQ,27171,17697,65.13
20,2351,TOP100CASE,EQ,210457,144936,68.87
20,2352,TORNTPHARM,EQ,376124,307321,81.71
20,2353,TORNTPOWER,EQ,312165,210835,67.54
20,2354,TOUCHWOOD,EQ,2816,1338,47.51
20,2355,TPHQ,EQ,11256408,5884904,52.28
20,2356,TPLPLASTEH,EQ,184392,52764,28.62
20,2357,TRACXN,EQ,692249,334320,48.29
20,2358,TRANSTEEL,SM,82000,62000,75.61
20,2359,TREEHOUSE,EQ,74856,55139,73.66
20,2360,TREL,EQ,1137510,554853,48.78
20,2361,TRENT,EQ,544030,202638,37.25
20,2362,TRIDENT,EQ,11733271,4562191,38.88
20,2363,TRIDHYA,SM,27000,21000,77.78
20,2364,TRITURBINE,EQ,288242,142345,49.38
20,2365,TRIVENI,EQ,491373,211885,43.12
20,2366,TRU,EQ,22055983,1285520,5.83
20,2367,TRUST,SM,52800,40800,77.27
20,2368,TTKHLTCARE,EQ,11423,8237,72.11
20,2369,TTKPRESTIG,EQ,427551,172645,40.38
20,2370,TTL,EQ,27655,19795,71.58
20,2371,TTML,EQ,1866014,764868,40.99
20,2372,TV18BRDCST,EQ,8884954,4496931,50.61
20,2373,TVSELECT,EQ,83965,35533,42.32
20,2374,TVSHLTD,EQ,14691,8797,59.88
20,2375,TVSMOTOR,EQ,531888,268473,50.48
20,2376,TVSSCS,EQ,692879,373930,53.97
20,2377,TVSSRICHAK,EQ,7700,3516,45.66
20,2378,TVTODAY,EQ,144582,98093,67.85
20,2379,UBL,EQ,132347,54658,41.30
20,2380,UCAL,EQ,24206,14928,61.67
20,2381,UCOBANK,EQ,13845823,2824997,20.40
20,2382,UDAICEMENT,EQ,5805445,1885403,32.48
20,2383,UDS,EQ,79090,42290,53.47
20,2384,UFLEX,EQ,140811,78106,55.47
20,2385,UFO,EQ,412903,209597,50.76
20,2386,UGARSUGAR,EQ,273776,146541,53.53
20,2387,UGROCAP,EQ,1070501,556049,51.94
20,2388,UJJIVANSFB,EQ,25513856,15680789,61.46
20,2389,ULTRACEMCO,EQ,520339,249333,47.92
20,2390,UMA,SM,28000,28000,100.00
20,2391,UMANGDAIRY,EQ,1517399,638302,42.07
20,2392,UMESLTD,EQ,139952,106251,75.92
20,2393,UNICHEMLAB,EQ,18872,7945,42.10
20,2394,UNIDT,EQ,7563,4602,60.85
20,2395,UNIENTER,EQ,23246,11613,49.96
20,2396,UNIHEALTH,SM,8000,7000,87.50
20,2397,UNIINFO,EQ,52232,16952,32.46
20,2398,UNIONBANK,EQ,15752734,9824212,62.37
20,2399,UNIPARTS,EQ,107979,65081,60.27
20,2400,UNITDSPR,EQ,533705,275480,51.62
20,2401,UNITEDPOLY,EQ,8394,6930,82.56
20,2402,UNITEDTEA,EQ,14023,9022,64.34
20,2403,UNIVCABLES,EQ,67178,43714,65.07
20,2404,UNIVPHOTO,EQ,691,402,58.18
20,2405,UNOMINDA,EQ,2062203,945466,45.85
20,2406,UPL,EQ,1451065,765639,52.76
20,2407,URBAN,SM,57200,35600,62.24
20,2408,URJA,EQ,2264315,1686885,74.50
20,2409,USASEEDS,SM,600,600,100.00
20,2410,USHAMART,EQ,848284,463201,54.60
20,2411,UTIAMC,EQ,282581,118249,41.85
20,2412,UTIBANKETF,EQ,121016,110673,91.45
20,2413,UTINEXT50,EQ,44555,32849,73.73
20,2414,UTINIFTETF,EQ,206160,135337,65.65
20,2415,UTISENSETF,EQ,442,282,63.80
20,2416,UTISXN50,EQ,2896,1590,54.90
20,2417,UTKARSHBNK,EQ,1624088,1104517,68.01
20,2418,UTTAMSUGAR,EQ,67418,34723,51.50
20,2419,VADILALIND,EQ,13198,5953,45.11
20,2420,VAIBHAVGBL,EQ,3569029,895971,25.10
20,2421,VAISHALI,EQ,28284,11932,42.19
20,2422,VAKRANGEE,EQ,5065160,1500382,29.62
20,2423,VALIANTLAB,EQ,101087,13911,13.76
20,2424,VALIANTORG,EQ,53399,29210,54.70
20,2425,VARDHACRLC,EQ,52079,36673,70.42
20,2426,VARDMNPOLY,EQ,192279,122747,63.84
20,2427,VARROC,EQ,289245,131219,45.37
20,2428,VASA,SM,4000,4000,100.00
20,2429,VASCONEQ,EQ,2070998,858356,41.45
20,2430,VBL,EQ,1134733,730593,64.38
20,2431,VEDL,EQ,15408362,9209094,59.77
20,2432,VEEKAYEM,SM,4500,3500,77.78
20,2433,VELS,SM,4800,3600,75.00
20,2434,VENKEYS,EQ,50724,22948,45.24
20,2435,VENUSPIPES,EQ,195067,100867,51.71
20,2436,VENUSREM,EQ,46381,26049,56.16
20,2437,VERANDA,EQ,1759693,961608,54.65
20,2438,VERITAAS,SM,12000,9600,80.00
20,2439,VERTEXPLUS,ST,1200,1200,100.00
20,2440,VESUVIUS,EQ,19687,10725,54.48
20,2441,VETO,EQ,95738,46150,48.20
20,2442,VGUARD,EQ,270549,173084,63.98
20,2443,VHL,EQ,6390,3451,54.01
20,2444,VIAZ,SM,20000,20000,100.00
20,2445,VIDHIING,EQ,51443,33424,64.97
20,2446,VIJAYA,EQ,309711,118356,38.21
20,2447,VIKASECO,EQ,10564116,4530214,42.88
20,2448,VIKASLIFE,EQ,13575194,7964069,58.67
20,2449,VILAS,SM,241000,154000,63.90
20,2450,VIMTALABS,EQ,16403,9252,56.40
20,2451,VINATIORGA,EQ,44820,23443,52.30
20,2452,VINDHYATEL,EQ,104548,45220,43.25
20,2453,VINEETLAB,EQ,19564,6586,33.66
20,2454,VINNY,EQ,716371,596793,83.31
20,2455,VINSYS,SM,10000,8000,80.00
20,2456,VINYAS,SM,14200,11200,78.87
20,2457,VINYLINDIA,EQ,40701,17681,43.44
20,2458,VIPCLOTHNG,EQ,164103,102090,62.21
20,2459,VIPIND,EQ,237970,130043,54.65
20,2460,VIPULLTD,EQ,1167568,811341,69.49
20,2461,VIRINCHI,EQ,365887,175492,47.96
20,2462,VISAKAIND,EQ,318834,212504,66.65
20,2463,VISAMAN,ST,2064000,2061000,99.85
20,2464,VISHNU,EQ,169161,105477,62.35
20,2465,VISHNUINFR,SM,51500,50000,97.09
20,2466,VISHWARAJ,EQ,840350,331505,39.45
20,2467,VISHWAS,SM,22400,17600,78.57
20,2468,VITAL,SM,37200,32400,87.10
20,2469,VIVIANA,SM,31500,26500,84.13
20,2470,VLSFINANCE,EQ,236077,119145,50.47
20,2471,VMARCIND,SM,150000,113000,75.33
20,2472,VMART,EQ,20564,12408,60.34
20,2473,VOLTAMP,EQ,91210,52869,57.96
20,2474,VOLTAS,EQ,856095,438294,51.20
20,2475,VPRPL,EQ,1617925,753666,46.58
20,2476,VR,SM,35200,25600,72.73
20,2477,VRLLOG,EQ,53821,25926,48.17
20,2478,VSSL,EQ,54572,35088,64.30
20,2479,VSTIND,EQ,14756,7618,51.63
20,2480,VSTTILLERS,EQ,62818,28764,45.79
20,2481,VTL,EQ,219693,104738,47.67
20,2482,WABAG,EQ,1231386,367270,29.83
20,2483,WALCHANNAG,EQ,486339,311691,64.09
20,2484,WALPAR,SM,3000,3000,100.00
20,2485,WANBURY,EQ,117502,63577,54.11
20,2486,WEALTH,EQ,3636,1548,42.57
20,2487,WELCORP,EQ,1233010,814903,66.09
20,2488,WELENT,EQ,447692,217261,48.53
20,2489,WELINV,EQ,1001,785,78.42
20,2490,WELSPUNLIV,EQ,2058778,995214,48.34
20,2491,WENDT,EQ,936,631,67.41
20,2492,WESTLIFE,EQ,55561,26119,47.01
20,2493,WHEELS,EQ,153962,77890,50.59
20,2494,WHIRLPOOL,EQ,282753,136042,48.11
20,2495,WILLAMAGOR,EQ,18265,5310,29.07
20,2496,WINDLAS,EQ,76338,39355,51.55
20,2497,WINDMACHIN,EQ,89705,57181,63.74
20,2498,WINNY,ST,111000,110000,99.10
20,2499,WINSOL,SM,148800,80000,53.76
20,2500,WIPL,EQ,22648,6483,28.63
20,2501,WIPRO,EQ,15378764,5321092,34.60
20,2502,WOCKPHARMA,EQ,5829973,2154059,36.95
20,2503,WOMANCART,SM,4800,4800,100.00
20,2504,WONDERLA,EQ,30788,20287,65.89
20,2505,WORTH,EQ,61596,44389,72.06
20,2506,WSI,EQ,3088423,977794,31.66
20,2507,WSTCSTPAPR,EQ,233234,115956,49.72
20,2508,WTICAB,SM,52000,33000,63.46
20,2509,XCHANGING,EQ,2408633,1122512,46.60
20,2510,XPROINDIA,EQ,20996,13557,64.57
20,2511,YASHO,EQ,11603,6508,56.09
20,2512,YASHOPTICS,SM,70400,59200,84.09
20,2513,YATHARTH,EQ,203228,144576,71.14
20,2514,YATRA,EQ,93592,61917,66.16
20,2515,YCCL,SM,9000,9000,100.00
20,2516,YESBANK,EQ,132489757,55847793,42.15
20,2517,YUDIZ,ST,7200,4800,66.67
20,2518,YUKEN,EQ,46415,32937,70.96
20,2519,ZAGGLE,EQ,1009916,527570,52.24
20,2520,ZEAL,SM,8400,5400,64.29
20,2521,ZEEL,EQ,9014587,4299566,47.70
20,2522,ZEEMEDIA,EQ,5859304,2641452,45.08
20,2523,ZENITHDRUG,SM,20800,14400,69.23
20,2524,ZENITHSTL,EQ,1233885,887232,71.91
20,2525,ZENSARTECH,EQ,715813,263310,36.78
20,2526,ZENTEC,EQ,1669268,781169,46.80
20,2527,ZFCVINDIA,EQ,20289,12052,59.40
20,2528,ZIMLAB,EQ,160043,86812,54.24
20,2529,ZOMATO,EQ,53536850,25817970,48.22
20,2530,ZOTA,EQ,23128,14710,63.60
20,2531,ZTECH,SM,60000,60000,100.00
20,2532,ZUARI,EQ,588000,257720,43.83
20,2533,ZUARIIND,EQ,702819,336513,47.88
20,2534,ZYDUSLIFE,EQ,1910647,1184765,62.01
20,2535,ZYDUSWELL,EQ,44988,19852,44.13
