Security Wise Delivery Position - Compulsory Rolling Settlement
10,MTO,10092024,1540532237,0002444
Trade Date <10-SEP-2024>,Settlement Type <N>
Record Type,Sr No,Name of Security,Quantity Traded,Deliverable Quantity(gross across client level),% of Deliverable Quantity to Traded Quantity
20,1,0MOFSL26,N1,220,220,100.00
20,2,0MOFSL27,N3,44,22,50.00
20,3,1003ICCL28,NX,10,10,100.00
20,4,1003ISFL28,N4,10,10,100.00
20,5,1015ECL29,NR,619,519,83.84
20,6,1015SCFL29,YY,105,105,100.00
20,7,1018GS2026,GS,2,0,0.00
20,8,1025NFL25,N5,36,36,100.00
20,9,1025SCL34,Z8,74,74,100.00
20,10,1025SCL34A,ZT,71,71,100.00
20,11,1035UCL26,NA,25,20,80.00
20,12,1040NFL26,NA,34,34,100.00
20,13,1049DLS25A,Y5,20,20,100.00
20,14,1050ISFL28,N5,50,50,100.00
20,15,1050NFL26,N7,405,405,100.00
20,16,1050UCL25,N7,10,10,100.00
20,17,105IIFL29,N7,28,26,92.86
20,18,1060ECL29,NS,102,102,100.00
20,19,1065NFL27,NC,1100,1100,100.00
20,20,1075SCL33A,N2,51,51,100.00
20,21,10CAGL27,N5,102,102,100.00
20,22,10IIFL28,N4,575,406,70.61
20,23,10IIFL28A,NE,5,5,100.00
20,24,10NIDO26,N6,606,606,100.00
20,25,10SCL30A,BV,8,5,62.50
20,26,1119NFL27,ND,20,20,100.00
20,27,11DLSL25A,Y3,206,206,100.00
20,28,182D031024,TB,2200,2200,100.00
20,29,182D071124,TB,100,100,100.00
20,30,182D111024,TB,200,200,100.00
20,31,182D181024,TB,100,100,100.00
20,32,182D191224,TB,5000,5000,100.00
20,33,20MICRONS,EQ,131088,68804,52.49
20,34,360ONE,EQ,387683,248560,64.11
20,35,364D030725,TB,100,100,100.00
20,36,364D080525,TB,2000,2000,100.00
20,37,364D150825,TB,100,100,100.00
20,38,364D200225,TB,100,100,100.00
20,39,364D270924,TB,200,200,100.00
20,40,3IINFOLTD,EQ,560257,244058,43.56
20,41,3MINDIA,EQ,3284,1550,47.20
20,42,522GS2025,GS,2500,2500,100.00
20,43,563GS2026,GS,3900,3897,99.92
20,44,5PAISA,EQ,35471,19858,55.98
20,45,610GS2031,GS,499,499,100.00
20,46,618GS2024,GS,100,100,100.00
20,47,622GS2035,GS,5000,5000,100.00
20,48,63MOONS,EQ,464481,275214,59.25
20,49,654GS2032,GS,7496,7495,99.99
20,50,667GS2050,GS,7001,7001,100.00
20,51,676GS2061,GS,2,2,100.00
20,52,697GR2034,GS,400,400,100.00
20,53,699GS2026,GS,100,100,100.00
20,54,699GS2051,GS,3,3,100.00
20,55,702GS2027,GS,400,400,100.00
20,56,704IRFC28,N6,1,1,100.00
20,57,706GS2028,GS,7700,4900,63.64
20,58,709GS2054,GS,100,100,100.00
20,59,710GS2029,GS,11634,10634,91.40
20,60,711NTPC25A,N8,2,2,100.00
20,61,716GS2050,GS,1000,1000,100.00
20,62,717GS2030,GS,24906,24900,99.98
20,63,718GS2033,GS,26413,26413,100.00
20,64,718GS2037,GS,93400,93400,100.00
20,65,71GS2034,GS,9377,9377,100.00
20,66,723GS2039,GS,100,100,100.00
20,67,725GS2063,GS,2161,2161,100.00
20,68,726GS2032,GS,19654,18982,96.58
20,69,729IRFC26,NN,4,4,100.00
20,70,732GS2030,GS,3050,3050,100.00
20,71,733GS2026,GS,4950,4450,89.90
20,72,734GS2064,GS,10201,5901,57.85
20,73,736NTPC25D,NB,78,78,100.00
20,74,737GS2028,GS,18530,18530,100.00
20,75,738GS2027,GS,63420,48774,76.91
20,76,739NHAI26,N8,1290,1290,100.00
20,77,739NHAI31A,ND,200,200,100.00
20,78,73GS2053,GS,7200,7200,100.00
20,79,741GS2036,GS,17506,17506,100.00
20,80,746GS2073,GS,343900,343900,100.00
20,81,74GS2062,GS,2345,2345,100.00
20,82,750IRFC35,NK,791,791,100.00
20,83,753IRFC30,NJ,1095,825,75.34
20,84,754GS2036,GS,528182,526742,99.73
20,85,757GS2033,GS,1,1,100.00
20,86,762GS2039,GS,11,11,100.00
20,87,764HUDCO31,N8,1,1,100.00
20,88,764IRFC31,NO,200,200,100.00
20,89,764NABAR31,N2,2050,1950,95.12
20,90,769HUDCO31,N9,684,421,61.55
20,91,769NHAI31,NE,886,886,100.00
20,92,76NHAI31,NA,908,651,71.70
20,93,794TN32,SG,4000,4000,100.00
20,94,79NHIT35,N1,45,45,100.00
20,95,79NHIT40,N2,3457,3457,100.00
20,96,79NHIT47,N3,47,47,100.00
20,97,801TCH25,N4,100,100,100.00
20,98,810IRFC27,N2,200,200,100.00
20,99,812REC27,NI,144,144,100.00
20,100,820IIFL27,N9,90,70,77.78
20,101,824GS2027,GS,2247,2148,95.59
20,102,829LTF24,NL,8,7,87.50
20,103,82HUDCO27,N2,31,31,100.00
20,104,82IGT31,NJ,531,526,99.06
20,105,830NHAI27,N2,710,710,100.00
20,106,833SCFL24,YX,123,123,100.00
20,107,842IIFL26,NL,621,566,91.14
20,108,843IHFL29,NC,100,100,100.00
20,109,846REC28,N6,9,9,100.00
20,110,847SCL25,Z2,385,200,51.95
20,111,849NTPC25,N7,37086,37076,99.97
20,112,84CIFCL28,NA,130,130,100.00
20,113,84TCHF28,NA,62,61,98.39
20,114,85IFL26,NX,50,50,100.00
20,115,85IIFL25,NO,100,100,100.00
20,116,861REC34,ND,20,20,100.00
20,117,865IFL28,NZ,774,774,100.00
20,118,865IIFL28,NS,752,502,66.76
20,119,865IRFC29,NA,1,1,100.00
20,120,865LTF26,NN,1027,1027,100.00
20,121,865TCAPS27,N8,581,548,94.32
20,122,866SFL25,ZE,100,50,50.00
20,123,86LTF24,NJ,258,219,84.88
20,124,875IIFL26,NM,110,105,95.45
20,125,875NHAI29,N6,890,890,100.00
20,126,875PCHFL26,N8,320,320,100.00
20,127,876HUDCO28,ND,450,450,100.00
20,128,879NHPC28,N5,427,425,99.53
20,129,87LTF27,NH,194,194,100.00
20,130,880IREDA29,N5,1167,1000,85.69
20,131,880IREDA34,N6,100,100,100.00
20,132,885MOFSL26,N0,8,8,100.00
20,133,888IRFC29,NE,10,10,100.00
20,134,888REC29,NF,1011,1011,100.00
20,135,889SCFL27,YC,16,16,100.00
20,136,889SCL27,YT,28,20,71.43
20,137,891IIFCL34,N4,98,98,100.00
20,138,891NTPC33,N6,1000,1000,100.00
20,139,892PFCL33,N8,600,500,83.33
20,140,893NHB29,N6,165,165,100.00
20,141,894SCL27,ZY,200,200,100.00
20,142,897MOFSL29,N4,1332,1332,100.00
20,143,901NHB34,N6,33,18,54.55
20,144,902SCL26I,AW,6,3,50.00
20,145,903SFL28,YI,1013,1013,100.00
20,146,905SC24B,Z9,5,5,100.00
20,147,910TCAP28,NA,368,368,100.00
20,148,91D031024,TB,1300,1300,100.00
20,149,91D071124,TB,1000,1000,100.00
20,150,91D101024,TB,200,200,100.00
20,151,91D190924,TB,400,400,100.00
20,152,91D211124,TB,500,500,100.00
20,153,91D241024,TB,100,100,100.00
20,154,91D260924,TB,100,100,100.00
20,155,91D281124,TB,2000,2000,100.00
20,156,91MOFSL27,N2,55,55,100.00
20,157,921ISFL25,N0,263,163,61.98
20,158,925ICCL24A,NE,10,10,100.00
20,159,925IHFL25D,N6,400,400,100.00
20,160,925SCL25,N5,47,47,100.00
20,161,92GS2030,GS,1248,1248,100.00
20,162,92ICCL28,ND,14,14,100.00
20,163,930SFL28,YP,10,10,100.00
20,164,931SFL26,Z5,120,120,100.00
20,165,935LTF29,N5,91,89,97.80
20,166,935PEL33,N3,48,48,100.00
20,167,93MOFSL34,N6,13,13,100.00
20,168,948SCL26,N9,463,12,2.59
20,169,94IFCI25,NL,300,300,100.00
20,170,955SCL25,ZU,250,250,100.00
20,171,957ISFL26,N2,190,190,100.00
20,172,957NIDO26,N5,81,71,87.65
20,173,960ISFL25,N1,20,10,50.00
20,174,965SCL25B,Y1,3,3,100.00
20,175,965SCL25E,BF,47,29,61.70
20,176,966ICCL25A,NI,34,17,50.00
20,177,96IIFL28,N5,1621,1571,96.92
20,178,96IIFL28A,NF,1840,1590,86.41
20,179,96SFL24A,NB,30,30,100.00
20,180,970CAGL28,ND,42,42,100.00
20,181,975NFL25,N0,1,1,100.00
20,182,97MOFSL34,N7,1255,1255,100.00
20,183,97SFL29,YZ,31,31,100.00
20,184,985IIFL22,NC,20,20,100.00
20,185,990SCL26,N7,196,9,4.59
20,186,99IFCI24,NH,275,275,100.00
20,187,9IIFL28,Y0,50,50,100.00
20,188,9IIFL28A,NT,1,1,100.00
20,189,9SCL25,YM,200,200,100.00
20,190,AAATECH,EQ,59764,26058,43.60
20,191,AADHARHFC,EQ,521744,271528,52.04
20,192,AARON,EQ,5289,3402,64.32
20,193,AARTECH,EQ,150394,62290,41.42
20,194,AARTIDRUGS,EQ,279087,107773,38.62
20,195,AARTIIND,EQ,1927427,979492,50.82
20,196,AARTIPHARM,EQ,98821,38878,39.34
20,197,AARTISURF,EQ,8568,4836,56.44
20,198,AARVI,EQ,13850,5798,41.86
20,199,AATMAJ,SM,52000,50000,96.15
20,200,AAVAS,EQ,149477,56130,37.55
20,201,ABAN,EQ,82160,41586,50.62
20,202,ABB,EQ,175153,94585,54.00
20,203,ABBOTINDIA,EQ,19074,10162,53.28
20,204,ABCAPITAL,EQ,2615686,976475,37.33
20,205,ABCOTS,SM,6000,5000,83.33
20,206,ABDL,EQ,965531,480087,49.72
20,207,ABFL26,N1,5,5,100.00
20,208,ABFRL,EQ,3612342,2311394,63.99
20,209,ABGSEC,EQ,233,133,57.08
20,210,ABINFRA,SM,42000,42000,100.00
20,211,ABSLAMC,EQ,199925,123376,61.71
20,212,ABSLBANETF,EQ,12825,10759,83.89
20,213,ABSLLIQUID,EQ,2835,1645,58.02
20,214,ABSLNN50ET,EQ,15281,12270,80.30
20,215,ABSLPSE,EQ,289223,201105,69.53
20,216,ABSMARINE,SM,47000,32000,68.09
20,217,ACC,EQ,166581,55592,33.37
20,218,ACCELYA,EQ,8366,4527,54.11
20,219,ACCENTMIC,SM,18500,15500,83.78
20,220,ACCORD,SM,2000,2000,100.00
20,221,ACE,EQ,275400,110922,40.28
20,222,ACEINTEG,EQ,17948,9522,53.05
20,223,ACI,EQ,312099,160354,51.38
20,224,ACL,EQ,75000,45631,60.84
20,225,ACLGATI,EQ,515353,222451,43.16
20,226,ACSAL,SM,255000,213000,83.53
20,227,ADANIENSOL,EQ,1269824,775534,61.07
20,228,ADANIENT,EQ,803782,257347,32.02
20,229,ADANIGREEN,EQ,535037,233018,43.55
20,230,ADANIPORTS,EQ,1542798,658432,42.68
20,231,ADANIPOWER,EQ,2429849,894421,36.81
20,232,ADFFOODS,EQ,661944,257979,38.97
20,233,ADL,EQ,8187,3490,42.63
20,234,ADORWELD,EQ,15622,9219,59.01
20,235,ADROITINFO,EQ,38352,25160,65.60
20,236,ADROITPP1,E1,9045,5307,58.67
20,237,ADSL,EQ,1152228,430618,37.37
20,238,ADVANIHOTR,EQ,491733,155139,31.55
20,239,ADVENZYMES,EQ,309362,140838,45.53
20,240,AEGISLOG,EQ,168566,98245,58.28
20,241,AEROFLEX,EQ,6474633,2247445,34.71
20,242,AERON,ST,773000,700000,90.56
20,243,AESTHETIK,SM,166000,118000,71.08
20,244,AETHER,EQ,1551299,362197,23.35
20,245,AFFLE,EQ,235158,131642,55.98
20,246,AFIL,EQ,98003,56465,57.62
20,247,AGARIND,EQ,18892,10360,54.84
20,248,AGARWALFT,ST,6000,6000,100.00
20,249,AGI,EQ,235056,109750,46.69
20,250,AGIIL,EQ,762,589,77.30
20,251,AGNI,SM,15000,10000,66.67
20,252,AGRITECH,EQ,8617,5335,61.91
20,253,AGROPHOS,EQ,38220,23495,61.47
20,254,AGSTRA,EQ,2378643,726553,30.54
20,255,AGUL,SM,18000,12000,66.67
20,256,AHL,EQ,462938,219379,47.39
20,257,AHLADA,EQ,147469,75775,51.38
20,258,AHLEAST,EQ,7899,4491,56.86
20,259,AHLUCONT,EQ,580255,72783,12.54
20,260,AIAENG,EQ,28955,15874,54.82
20,261,AIIL,EQ,23423,14963,63.88
20,262,AIMTRON,ST,80000,75200,94.00
20,263,AIROLAM,EQ,13843,3583,25.88
20,264,AIRTELPP,E1,429602,336219,78.26
20,265,AISL,SM,31200,14400,46.15
20,266,AJANTPHARM,EQ,378239,213230,56.37
20,267,AJMERA,EQ,14783,9296,62.88
20,268,AKANKSHA,ST,28000,28000,100.00
20,269,AKASH,EQ,32092,14891,46.40
20,270,AKG,EQ,564841,257043,45.51
20,271,AKI,EQ,137755,91220,66.22
20,272,AKIKO,SM,99200,84800,85.48
20,273,AKSHARCHEM,EQ,10886,6230,57.23
20,274,AKSHOPTFBR,EQ,322563,200716,62.23
20,275,AKUMS,EQ,197487,147925,74.90
20,276,AKZOINDIA,EQ,57982,25396,43.80
20,277,ALANKIT,EQ,822958,363824,44.21
20,278,ALEMBICLTD,EQ,1371683,475583,34.67
20,279,ALICON,EQ,13633,6613,48.51
20,280,ALKALI,EQ,106349,48074,45.20
20,281,ALKEM,EQ,280526,186090,66.34
20,282,ALKYLAMINE,EQ,83652,37007,44.24
20,283,ALLCARGO,EQ,25402832,5490549,21.61
20,284,ALLETEC,SM,73200,42000,57.38
20,285,ALLSEC,EQ,13662,6651,48.68
20,286,ALOKINDS,EQ,13748497,3506203,25.50
20,287,ALPA,EQ,467020,212250,45.45
20,288,ALPEXSOLAR,ST,44400,37200,83.78
20,289,ALPHA,EQ,657721,386074,58.70
20,290,ALPHAETF,EQ,973899,802020,82.35
20,291,ALPL30IETF,EQ,944218,756145,80.08
20,292,ALUWIND,ST,126000,108000,85.71
20,293,AMBER,EQ,59121,25845,43.72
20,294,AMBEY,SM,44000,36000,81.82
20,295,AMBICAAGAR,EQ,19128,7061,36.91
20,296,AMBIKCO,EQ,12043,6202,51.50
20,297,AMBUJACEM,EQ,1466555,792068,54.01
20,298,AMDIND,EQ,19098,12695,66.47
20,299,AMEYA,SM,22000,8000,36.36
20,300,AMIORG,EQ,431885,343445,79.52
20,301,AMNPLST,EQ,19641,8403,42.78
20,302,AMRUTANJAN,EQ,23750,8403,35.38
20,303,ANANDRATHI,EQ,17785,13860,77.93
20,304,ANANTRAJ,EQ,1359182,647516,47.64
20,305,ANDHRAPAP,EQ,507397,279493,55.08
20,306,ANDHRSUGAR,EQ,171840,78723,45.81
20,307,ANGELONE,EQ,609155,233053,38.26
20,308,ANLON,ST,8000,7600,95.00
20,309,ANNAPURNA,SM,1384000,965500,69.76
20,310,ANUP,EQ,34433,21238,61.68
20,311,ANURAS,EQ,111250,62619,56.29
20,312,APARINDS,EQ,105254,39396,37.43
20,313,APCL,EQ,21510,9488,44.11
20,314,APCOTEXIND,EQ,42217,22688,53.74
20,315,APEX,EQ,104191,48190,46.25
20,316,APLAPOLLO,EQ,260809,155780,59.73
20,317,APLLTD,EQ,1177097,311941,26.50
20,318,APOLLO,EQ,918497,467814,50.93
20,319,APOLLOHOSP,EQ,354522,220234,62.12
20,320,APOLLOPIPE,EQ,23748,11997,50.52
20,321,APOLLOTYRE,EQ,1291556,449070,34.77
20,322,APOLSINHOT,EQ,3897,2285,58.63
20,323,APRAMEYA,SM,10000,10000,100.00
20,324,APS,ST,21500,17000,79.07
20,325,APTECHT,EQ,516179,142658,27.64
20,326,APTUS,EQ,436835,244578,55.99
20,327,ARABIAN,SM,28000,22000,78.57
20,328,ARCHIES,EQ,3664993,1193821,32.57
20,329,ARE&M,EQ,327033,163765,50.08
20,330,ARHAM,SM,14000,11000,78.57
20,331,ARIES,EQ,98853,45873,46.41
20,332,ARIHANTACA,SM,2400,2400,100.00
20,333,ARIHANTCAP,EQ,723972,343833,47.49
20,334,ARIHANTSUP,EQ,64438,14615,22.68
20,335,ARISTO,SM,11200,9600,85.71
20,336,ARMANFIN,EQ,34418,16941,49.22
20,337,AROGRANITE,EQ,63713,19377,30.41
20,338,ARROWGREEN,EQ,21085,10467,49.64
20,339,ARTEMISMED,EQ,360775,170130,47.16
20,340,ARVIND,EQ,398410,189950,47.68
20,341,ARVINDFASN,EQ,981639,586884,59.79
20,342,ARVSMART,EQ,41117,19136,46.54
20,343,ASAHIINDIA,EQ,430872,121648,28.23
20,344,ASAL,EQ,152533,31353,20.55
20,345,ASALCBR,EQ,58851,18691,31.76
20,346,ASHALOG,SM,29000,24000,82.76
20,347,ASHAPURMIN,EQ,531861,299924,56.39
20,348,ASHIANA,EQ,51639,23570,45.64
20,349,ASHOKA,EQ,1752441,679223,38.76
20,350,ASHOKAMET,EQ,36690,25480,69.45
20,351,ASHOKLEY,EQ,4997115,2044643,40.92
20,352,ASIANENE,EQ,238719,116385,48.75
20,353,ASIANHOTNR,EQ,661,580,87.75
20,354,ASIANPAINT,EQ,928920,637948,68.68
20,355,ASIANTILES,EQ,1052543,433940,41.23
20,356,ASKAUTOLTD,EQ,101325,48041,47.41
20,357,ASMS,EQ,467470,364348,77.94
20,358,ASPINWALL,EQ,16978,6595,38.84
20,359,ASPIRE,SM,32000,22000,68.75
20,360,ASTEC,EQ,14124,9040,64.00
20,361,ASTERDM,EQ,412726,211449,51.23
20,362,ASTRAL,EQ,352805,194721,55.19
20,363,ASTRAMICRO,EQ,173728,84807,48.82
20,364,ASTRAZEN,EQ,41787,8295,19.85
20,365,ASTRON,EQ,76480,59323,77.57
20,366,ATAM,EQ,114751,53534,46.65
20,367,ATFL,EQ,16662,9246,55.49
20,368,ATGL,EQ,451634,172520,38.20
20,369,ATL,EQ,258661,122146,47.22
20,370,ATMASTCO,ST,136800,128000,93.57
20,371,ATUL,EQ,279597,179678,64.26
20,372,AUBANK,EQ,2148085,1036368,48.25
20,373,AURDIS,SM,11500,8500,73.91
20,374,AURIONPRO,EQ,52856,36752,69.53
20,375,AUROIMPEX,SM,48000,30400,63.33
20,376,AUROPHARMA,EQ,877176,589539,67.21
20,377,AURUMPP1,X1,8903,8533,95.84
20,378,AUTOAXLES,EQ,4986,2929,58.74
20,379,AUTOBEES,EQ,107884,50338,46.66
20,380,AUTOIETF,EQ,330255,189044,57.24
20,381,AUTOIND,EQ,294184,117391,39.90
20,382,AVADHSUGAR,EQ,91782,33656,36.67
20,383,AVALON,EQ,286167,177166,61.91
20,384,AVANTEL,EQ,463779,195644,42.18
20,385,AVANTIFEED,EQ,499593,169458,33.92
20,386,AVG,EQ,73344,48674,66.36
20,387,AVPINFRA,SM,99200,72000,72.58
20,388,AVTNPL,EQ,154387,64125,41.54
20,389,AWFIS,EQ,356785,103196,28.92
20,390,AWHCL,EQ,97656,53640,54.93
20,391,AWL,EQ,1195332,427405,35.76
20,392,AXISBANK,EQ,8723854,4443292,50.93
20,393,AXISBNKETF,EQ,3509,3472,98.95
20,394,AXISBPSETF,EQ,26772,20110,75.12
20,395,AXISCADES,EQ,98620,40584,41.15
20,396,AXISCETF,EQ,1828,1274,69.69
20,397,AXISGOLD,EQ,76395,51382,67.26
20,398,AXISHCETF,EQ,1944,1119,57.56
20,399,AXISILVER,EQ,9437,6130,64.96
20,400,AXISNIFTY,EQ,2146,1507,70.22
20,401,AXISTECETF,EQ,3933,3239,82.35
20,402,AXITA,EQ,6021209,2796107,46.44
20,403,AXSENSEX,EQ,1100,933,84.82
20,404,AZAD,EQ,87428,39462,45.14
20,405,BABAFP,SM,14400,12800,88.89
20,406,BAGFILMS,EQ,468070,301213,64.35
20,407,BAHETI,SM,6750,4500,66.67
20,408,BAJAJ-AUTO,EQ,466892,292548,62.66
20,409,BAJAJCON,EQ,185936,88999,47.87
20,410,BAJAJELEC,EQ,213172,179193,84.06
20,411,BAJAJFINSV,EQ,2155688,674300,31.28
20,412,BAJAJHCARE,EQ,139134,75955,54.59
20,413,BAJAJHIND,EQ,6893804,2894455,41.99
20,414,BAJAJHLDNG,EQ,109379,56535,51.69
20,415,BAJEL,EQ,239794,115972,48.36
20,416,BAJFINANCE,EQ,1308932,606475,46.33
20,417,BALAMINES,EQ,98211,58859,59.93
20,418,BALAXI,EQ,90954,44956,49.43
20,419,BALCO,SM,44400,24000,54.05
20,420,BALKRISHNA,EQ,235618,37526,15.93
20,421,BALKRISIND,EQ,352228,129085,36.65
20,422,BALMLAWRIE,EQ,475475,250552,52.70
20,423,BALRAMCHIN,EQ,792290,288749,36.44
20,424,BALUFORGE,EQ,746799,354258,47.44
20,425,BANARBEADS,EQ,31276,9788,31.30
20,426,BANARISUG,EQ,4276,2310,54.02
20,427,BANCOINDIA,EQ,51741,21739,42.02
20,428,BANDHANBNK,EQ,7824925,2975165,38.02
20,429,BANG,EQ,31419,16541,52.65
20,430,BANKA,EQ,29273,20515,70.08
20,431,BANKBARODA,EQ,10135668,5372981,53.01
20,432,BANKBEES,EQ,414801,204266,49.24
20,433,BANKBETF,EQ,51941,5936,11.43
20,434,BANKETF,EQ,1796,1576,87.75
20,435,BANKETFADD,EQ,35846,35458,98.92
20,436,BANKIETF,EQ,375115,256300,68.33
20,437,BANKINDIA,EQ,4932265,2588550,52.48
20,438,BANKNIFTY1,EQ,10352,8544,82.53
20,439,BANSALWIRE,EQ,381340,142224,37.30
20,440,BANSWRAS,EQ,12253,7177,58.57
20,441,BARBEQUE,EQ,55293,32923,59.54
20,442,BASF,EQ,22276,13751,61.73
20,443,BASILIC,ST,37800,33900,89.68
20,444,BASML,EQ,4214320,1813265,43.03
20,445,BATAINDIA,EQ,223953,92335,41.23
20,446,BAWEJA,SM,21600,14400,66.67
20,447,BAYERCROP,EQ,36706,20736,56.49
20,448,BBETF0432,EQ,1188,1028,86.53
20,449,BBL,EQ,23433,12112,51.69
20,450,BBNPNBETF,EQ,94,64,68.09
20,451,BBNPPGOLD,EQ,1916,1811,94.52
20,452,BBTC,EQ,175621,54923,31.27
20,453,BBTCL,EQ,4592,2809,61.17
20,454,BCLIND,EQ,847210,292856,34.57
20,455,BCONCEPTS,EQ,55904,20513,36.69
20,456,BDL,EQ,478441,191363,40.00
20,457,BEACON,SM,58000,40000,68.97
20,458,BEARDSELL,EQ,3751305,886547,23.63
20,459,BECTORFOOD,EQ,600249,140392,23.39
20,460,BEDMUTHA,EQ,18668,15928,85.32
20,461,BEL,EQ,19982334,10198883,51.04
20,462,BEML,EQ,165860,58848,35.48
20,463,BEPL,EQ,1691122,530004,31.34
20,464,BERGEPAINT,EQ,1156637,521476,45.09
20,465,BESTAGRO,EQ,85417,54253,63.52
20,466,BETA,SM,12500,8600,68.80
20,467,BEWLTD,SM,8750,8625,98.57
20,468,BFINVEST,EQ,53822,33033,61.37
20,469,BFSI,EQ,610957,193020,31.59
20,470,BFUTILITIE,EQ,154675,76574,49.51
20,471,BHAGCHEM,EQ,84172,45060,53.53
20,472,BHAGERIA,EQ,647175,170000,26.27
20,473,BHAGYANGR,EQ,88216,49677,56.31
20,474,BHANDARI,EQ,392805,256729,65.36
20,475,BHARATFORG,EQ,424183,246494,58.11
20,476,BHARATGEAR,EQ,30546,20412,66.82
20,477,BHARATRAS,EQ,10346,3246,31.37
20,478,BHARATWIRE,EQ,164534,61400,37.32
20,479,BHARTIARTL,EQ,6163457,4331359,70.27
20,480,BHARTIHEXA,EQ,163250,72710,44.54
20,481,BHEL,EQ,11350960,2998009,26.41
20,482,BHINVIT,IV,126545,101601,80.29
20,483,BIGBLOC,EQ,101356,57869,57.09
20,484,BIKAJI,EQ,1726707,397590,23.03
20,485,BIL,EQ,8864,3885,43.83
20,486,BINANIIND,EQ,19610,14523,74.06
20,487,BIOCON,EQ,9473666,5072238,53.54
20,488,BIOFILCHEM,EQ,90449,44773,49.50
20,489,BIRDYS,ST,3600,3600,100.00
20,490,BIRET,RR,209542,180489,86.13
20,491,BIRLACABLE,EQ,65439,28756,43.94
20,492,BIRLACORPN,EQ,99736,56161,56.31
20,493,BLAL,EQ,70058,27881,39.80
20,494,BLISSGVS,EQ,1559916,525645,33.70
20,495,BLKASHYAP,EQ,645465,355355,55.05
20,496,BLS,EQ,2300847,661718,28.76
20,497,BLSE,EQ,484351,150577,31.09
20,498,BLUEDART,EQ,4404,2356,53.50
20,499,BLUEJET,EQ,375368,235271,62.68
20,500,BLUEPEBBLE,SM,5600,5600,100.00
20,501,BLUESTARCO,EQ,301275,172827,57.37
20,502,BMETRICS,SM,9600,8800,91.67
20,503,BODALCHEM,EQ,571938,248916,43.52
20,504,BOMDYEING,EQ,2009850,533603,26.55
20,505,BOROLTD,EQ,113043,62877,55.62
20,506,BORORENEW,EQ,337237,115636,34.29
20,507,BOROSCI,EQ,178791,57962,32.42
20,508,BOSCHLTD,EQ,90744,57909,63.82
20,509,BOSS,ST,6000,6000,100.00
20,510,BPCL,EQ,8137710,3289749,40.43
20,511,BRACEPORT,SM,94400,72000,76.27
20,512,BRIGADE,EQ,430894,315257,73.16
20,513,BRITANNIA,EQ,337831,183054,54.19
20,514,BRNL,EQ,90441,65313,72.22
20,515,BSE,EQ,444342,226870,51.06
20,516,BSE500IETF,EQ,140786,103497,73.51
20,517,BSHSL,EQ,12735,8820,69.26
20,518,BSL,EQ,22176,11778,53.11
20,519,BSLGOLDETF,EQ,10080,6272,62.22
20,520,BSLNIFTY,EQ,210260,136478,64.91
20,521,BSLSENETFG,EQ,8653,2241,25.90
20,522,BSOFT,EQ,3948557,1559839,39.50
20,523,BULKCORP,SM,120000,114000,95.00
20,524,BUTTERFLY,EQ,71612,36874,51.49
20,525,BVCL,EQ,54574,20216,37.04
20,526,CADSYS,SM,30000,19000,63.33
20,527,CAGL25A,N4,67,67,100.00
20,528,CALSOFT,EQ,218543,114889,52.57
20,529,CAMLINFINE,EQ,613652,217035,35.37
20,530,CAMPUS,EQ,864552,343139,39.69
20,531,CAMS,EQ,128634,72600,56.44
20,532,CANARYS,ST,76000,56000,73.68
20,533,CANBK,EQ,22295664,10196931,45.74
20,534,CANFINHOME,EQ,692077,418612,60.49
20,535,CANTABIL,EQ,137954,65382,47.39
20,536,CAPACITE,EQ,389345,166746,42.83
20,537,CAPITALSFB,EQ,33018,19798,59.96
20,538,CAPLIPOINT,EQ,176209,43387,24.62
20,539,CAPTRUST,EQ,82029,32773,39.95
20,540,CARBORUNIV,EQ,69193,33650,48.63
20,541,CARERATING,EQ,18487,9683,52.38
20,542,CARTRADE,EQ,144190,66634,46.21
20,543,CARYSIL,EQ,75450,35953,47.65
20,544,CASTROLIND,EQ,5343526,1450370,27.14
20,545,CBAZAAR,SM,16000,8000,50.00
20,546,CCCL,EQ,338366,338366,100.00
20,547,CCL,EQ,484188,135695,28.03
20,548,CDSL,EQ,1876431,1028745,54.82
20,549,CEATLTD,EQ,100580,46385,46.12
20,550,CEIGALL,EQ,573384,306614,53.47
20,551,CELEBRITY,EQ,1080805,487434,45.10
20,552,CELLECOR,SM,2526000,1812000,71.73
20,553,CELLO,EQ,84847,58843,69.35
20,554,CELLPOINT,SM,21600,15600,72.22
20,555,CENTENKA,EQ,32565,17388,53.39
20,556,CENTRALBK,EQ,2780675,1079870,38.83
20,557,CENTRUM,EQ,248773,135038,54.28
20,558,CENTUM,EQ,16692,9653,57.83
20,559,CENTURYPLY,EQ,108310,49679,45.87
20,560,CENTURYTEX,EQ,1481966,367385,24.79
20,561,CERA,EQ,25895,10382,40.09
20,562,CESC,EQ,11938715,3175977,26.60
20,563,CGCL,EQ,195294,87826,44.97
20,564,CGPOWER,EQ,1391056,800473,57.54
20,565,CGRAPHICS,SM,59200,54400,91.89
20,566,CHALET,EQ,185328,66748,36.02
20,567,CHAMBLFERT,EQ,1657160,593958,35.84
20,568,CHAVDA,SM,554000,298000,53.79
20,569,CHEMBOND,EQ,29222,13840,47.36
20,570,CHEMCON,EQ,36803,18974,51.56
20,571,CHEMFAB,EQ,40852,18100,44.31
20,572,CHEMPLASTS,EQ,536462,403349,75.19
20,573,CHENNPETRO,EQ,729036,378676,51.94
20,574,CHETANA,SM,115200,76800,66.67
20,575,CHEVIOT,EQ,3149,1390,44.14
20,576,CHOICEIN,EQ,2104814,737744,35.05
20,577,CHOLAFIN,EQ,1198527,525012,43.80
20,578,CHOLAHLDNG,EQ,167950,102380,60.96
20,579,CIEINDIA,EQ,222876,124228,55.74
20,580,CIFC28,NB,25,25,100.00
20,581,CIGNITITEC,EQ,42819,28514,66.59
20,582,CINELINE,EQ,25500,12292,48.20
20,583,CIPLA,EQ,1248269,840401,67.33
20,584,CLEAN,EQ,291767,143731,49.26
20,585,CLEDUCATE,EQ,2510708,870087,34.66
20,586,CLOUD,ST,91000,71000,78.02
20,587,CLSEL,EQ,101535,65713,64.72
20,588,CLSL,SM,26000,14000,53.85
20,589,CMMIPL,ST,117000,117000,100.00
20,590,CMNL,SM,49500,34500,69.70
20,591,CMRSL,SM,8800,8800,100.00
20,592,CMSINFO,EQ,432321,204835,47.38
20,593,COALINDIA,EQ,9809547,5304001,54.07
20,594,COASTCORP,EQ,17854,11943,66.89
20,595,COCHINSHIP,EQ,1031034,251633,24.41
20,596,COFORGE,EQ,1273605,484603,38.05
20,597,COLPAL,EQ,222381,128862,57.95
20,598,COMMITTED,SM,6400,4800,75.00
20,599,COMMOIETF,EQ,25765,10186,39.53
20,600,COMPUSOFT,EQ,2147280,842755,39.25
20,601,COMSYN,EQ,68072,30354,44.59
20,602,CONCOR,EQ,1606961,1026772,63.90
20,603,CONCORDBIO,EQ,258849,174310,67.34
20,604,CONFIPET,EQ,494783,210132,42.47
20,605,CONS,EQ,3362,1799,53.51
20,606,CONSOFINVT,EQ,11792,7717,65.44
20,607,CONSUMBEES,EQ,96439,65302,67.71
20,608,CONSUMIETF,EQ,34318,19288,56.20
20,609,CONTI,ST,39996,39996,100.00
20,610,CONTROLPR,EQ,44311,25542,57.64
20,611,COOLCAPS,SM,1750,1750,100.00
20,612,COROMANDEL,EQ,231811,126899,54.74
20,613,COSMOFIRST,EQ,225041,97890,43.50
20,614,CPS,SM,3000,3000,100.00
20,615,CPSEETF,EQ,8729734,7253021,83.08
20,616,CRAFTSMAN,EQ,52599,20149,38.31
20,617,CRAYONS,SM,25000,19000,76.00
20,618,CREATIVE,EQ,6512,3707,56.93
20,619,CREDITACC,EQ,125264,53514,42.72
20,620,CREST,EQ,33957,17750,52.27
20,621,CRISIL,EQ,13923,7187,51.62
20,622,CROMPTON,EQ,3015631,1637408,54.30
20,623,CSBBANK,EQ,311716,174595,56.01
20,624,CSLFINANCE,EQ,31478,17153,54.49
20,625,CUB,EQ,1216807,590440,48.52
20,626,CUMMINSIND,EQ,385377,230076,59.70
20,627,CYBERMEDIA,EQ,61566,38842,63.09
20,628,CYIENT,EQ,650633,466692,71.73
20,629,CYIENTDLM,EQ,631419,512422,81.15
20,630,DABUR,EQ,4126339,2529775,61.31
20,631,DALBHARAT,EQ,227024,108821,47.93
20,632,DALMIASUG,EQ,75493,27484,36.41
20,633,DAMODARIND,EQ,19838,8068,40.67
20,634,DANGEE,EQ,65444,42582,65.07
20,635,DATAMATICS,EQ,173984,66706,38.34
20,636,DATAPATTNS,EQ,145127,45722,31.50
20,637,DAVANGERE,EQ,7193553,4392742,61.06
20,638,DBCORP,EQ,191786,109800,57.25
20,639,DBL,EQ,661321,225490,34.10
20,640,DBOL,EQ,75139,48856,65.02
20,641,DBREALTY,EQ,3195346,1872767,58.61
20,642,DBSTOCKBRO,EQ,162473,60454,37.21
20,643,DCAL,EQ,751978,363008,48.27
20,644,DCBBANK,EQ,902990,557166,61.70
20,645,DCG,ST,73200,70800,96.72
20,646,DCMSHRIRAM,EQ,92713,33973,36.64
20,647,DCMSRIND,EQ,920704,266484,28.94
20,648,DCW,EQ,13862170,3791682,27.35
20,649,DECCANCE,EQ,7266,4155,57.18
20,650,DEEDEV,EQ,164617,62124,37.74
20,651,DEEM,SM,10000,9000,90.00
20,652,DEEPAKFERT,EQ,426862,112848,26.44
20,653,DEEPAKNTR,EQ,139811,39220,28.05
20,654,DEEPINDS,EQ,2810754,573439,20.40
20,655,DELAPLEX,SM,22200,13200,59.46
20,656,DELHIVERY,EQ,883505,610967,69.15
20,657,DELTACORP,EQ,2872515,1279135,44.53
20,658,DELTAMAGNT,EQ,108656,61241,56.36
20,659,DEN,EQ,1419638,495155,34.88
20,660,DENEERS,SM,6000,4800,80.00
20,661,DENORA,EQ,4264,2190,51.36
20,662,DENTALKART,SM,40750,34500,84.66
20,663,DESTINY,ST,6000,6000,100.00
20,664,DEVIT,EQ,31874,16502,51.77
20,665,DEVYANI,EQ,4544961,2260362,49.73
20,666,DHAMPURSUG,EQ,240720,102471,42.57
20,667,DHANBANK,EQ,744482,396227,53.22
20,668,DHANI,EQ,2146861,861395,40.12
20,669,DHANUKA,EQ,180991,108630,60.02
20,670,DHARIWAL,SM,181200,169200,93.38
20,671,DHARMAJ,EQ,71909,32407,45.07
20,672,DHUNINV,EQ,64778,16144,24.92
20,673,DIAMINESQ,EQ,5774,3768,65.26
20,674,DIAMONDYD,EQ,1030730,205233,19.91
20,675,DIGIKORE,ST,10600,10400,98.11
20,676,DIL,EQ,667684,407095,60.97
20,677,DISHTV,EQ,18528715,2397018,12.94
20,678,DIVGIITTS,EQ,63268,36239,57.28
20,679,DIVISLAB,EQ,1628691,530079,32.55
20,680,DIVOPPBEES,EQ,56446,44031,78.01
20,681,DIXON,EQ,456291,146052,32.01
20,682,DKEGL,SM,19500,16500,84.62
20,683,DLF,EQ,2172160,1028986,47.37
20,684,DLINKINDIA,EQ,222573,88556,39.79
20,685,DMART,EQ,400985,213143,53.15
20,686,DMCC,EQ,14481,8412,58.09
20,687,DODLA,EQ,126094,69522,55.14
20,688,DOLATALGO,EQ,2339908,1012657,43.28
20,689,DOLLAR,EQ,90845,54824,60.35
20,690,DOLLEX,SM,20000,12000,60.00
20,691,DOMS,EQ,158826,60191,37.90
20,692,DPABHUSHAN,EQ,149746,28868,19.28
20,693,DPEL,SM,27000,27000,100.00
20,694,DPSCLTD,EQ,440249,278359,63.23
20,695,DPWIRES,EQ,85649,39974,46.67
20,696,DREAMFOLKS,EQ,319547,138527,43.35
20,697,DRONE,ST,99000,95000,95.96
20,698,DRREDDY,EQ,465624,253378,54.42
20,699,DSSL,EQ,19950,9714,48.69
20,700,DTIL,EQ,32874,14748,44.86
20,701,DTL,SM,6000,4800,80.00
20,702,DUCOL,ST,42400,36000,84.91
20,703,DUGLOBAL,SM,72500,67500,93.10
20,704,DURLAX,SM,26000,20000,76.92
20,705,DVL,EQ,694542,181425,26.12
20,706,DWARKESH,EQ,606977,294506,48.52
20,707,DYCL,EQ,28611,14121,49.36
20,708,DYNAMATECH,EQ,10462,5508,52.65
20,709,DYNAMIC,SM,63000,46000,73.02
20,710,EASEMYTRIP,EQ,27803718,9324891,33.54
20,711,EBBETF0425,EQ,2391,1940,81.14
20,712,EBBETF0430,EQ,9777,9638,98.58
20,713,EBBETF0431,EQ,2420,2330,96.28
20,714,EBBETF0433,EQ,3531,2715,76.89
20,715,ECLERX,EQ,77001,42466,55.15
20,716,ECOSMOBLTY,EQ,6591929,855241,12.97
20,717,EDELWEISS,EQ,3492773,1182288,33.85
20,718,EFACTOR,SM,413600,205600,49.71
20,719,EFFWA,SM,211200,118400,56.06
20,720,EFORCE,SM,20400,14400,70.59
20,721,EGOLD,EQ,2029,1410,69.49
20,722,EICHERMOT,EQ,404100,231307,57.24
20,723,EIDPARRY,EQ,307332,141682,46.10
20,724,EIFFL,EQ,18573,17065,91.88
20,725,EIHAHOTELS,EQ,105004,43747,41.66
20,726,EIHOTEL,EQ,686563,347924,50.68
20,727,EKC,EQ,819035,312555,38.16
20,728,ELDEHSG,EQ,1151,435,37.79
20,729,ELECON,EQ,220426,115239,52.28
20,730,ELECTCAST,EQ,2873481,1380256,48.03
20,731,ELGIEQUIP,EQ,251415,97779,38.89
20,732,ELIN,EQ,475333,174107,36.63
20,733,EMAMILTD,EQ,410689,186847,45.50
20,734,EMAMIPAP,EQ,52010,25615,49.25
20,735,EMBASSY,RR,611009,585699,95.86
20,736,EMBDL,EQ,3843136,1128028,29.35
20,737,EMCURE,EQ,113090,55366,48.96
20,738,EMIL,EQ,1365554,943853,69.12
20,739,EMKAYTOOLS,SM,3600,3000,83.33
20,740,EMMBI,EQ,63489,32855,51.75
20,741,EMMIL,SM,23000,17000,73.91
20,742,EMSLIMITED,EQ,147291,71233,48.36
20,743,EMUDHRA,EQ,411741,178888,43.45
20,744,ENDURANCE,EQ,78915,64992,82.36
20,745,ENFUSE,ST,15600,15600,100.00
20,746,ENGINERSIN,EQ,6497973,1610138,24.78
20,747,ENIL,EQ,18489,10380,56.14
20,748,ENSER,SM,30000,18000,60.00
20,749,ENTERO,EQ,100427,92384,91.99
20,750,EPACK,EQ,5420909,1664095,30.70
20,751,EPIGRAL,EQ,807354,227825,28.22
20,752,EPL,EQ,1490198,671179,45.04
20,753,EQUAL50ADD,EQ,23312,22039,94.54
20,754,EQUITASBNK,EQ,2837935,1587826,55.95
20,755,ERIS,EQ,161215,88884,55.13
20,756,EROSMEDIA,EQ,262016,172314,65.76
20,757,ESABINDIA,EQ,9624,4948,51.41
20,758,ESAFSFB,EQ,434923,261897,60.22
20,759,ESCONET,ST,47200,45600,96.61
20,760,ESCORTS,EQ,147781,75830,51.31
20,761,ESFL,SM,825000,408000,49.45
20,762,ESG,EQ,103185,82204,79.67
20,763,ESILVER,EQ,63895,62892,98.43
20,764,ESPRIT,SM,72000,49600,68.89
20,765,ESSENTIA,EQ,5794111,3109261,53.66
20,766,ESTER,EQ,841849,310081,36.83
20,767,ETHOSLTD,EQ,34151,23045,67.48
20,768,EUROBOND,SM,10000,8000,80.00
20,769,EUROTEXIND,EQ,3960,3042,76.82
20,770,EVEREADY,EQ,142839,57412,40.19
20,771,EVERESTIND,EQ,14646,8031,54.83
20,772,EVINDIA,EQ,206449,146851,71.13
20,773,EXCEL,EQ,11027311,5053764,45.83
20,774,EXCELINDUS,EQ,171000,43330,25.34
20,775,EXIDEIND,EQ,2367852,1056451,44.62
20,776,EXPLEOSOL,EQ,4919,2497,50.76
20,777,EXXARO,EQ,35466,17839,50.30
20,778,FACT,EQ,291991,87535,29.98
20,779,FAIRCHEMOR,EQ,9736,5301,54.45
20,780,FALCONTECH,SM,10800,9600,88.89
20,781,FAZE3Q,EQ,15308,8794,57.45
20,782,FCL,EQ,396054,186615,47.12
20,783,FCSSOFT,EQ,11050272,5341326,48.34
20,784,FDC,EQ,1862012,537490,28.87
20,785,FEDERALBNK,EQ,4849579,2466368,50.86
20,786,FEDFINA,EQ,157758,91028,57.70
20,787,FELIX,SM,74500,46000,61.74
20,788,FIDEL,SM,6000,5000,83.33
20,789,FIEMIND,EQ,114154,45842,40.16
20,790,FILATEX,EQ,2977665,1205915,40.50
20,791,FINCABLES,EQ,154067,88002,57.12
20,792,FINEORG,EQ,19524,11218,57.46
20,793,FINIETF,EQ,226618,198343,87.52
20,794,FINOPB,EQ,268659,102736,38.24
20,795,FINPIPE,EQ,659725,375655,56.94
20,796,FIRSTCRY,EQ,694207,368651,53.10
20,797,FIVESTAR,EQ,355020,235130,66.23
20,798,FLAIR,EQ,643403,285998,44.45
20,799,FLUOROCHEM,EQ,531491,136914,25.76
20,800,FMCGIETF,EQ,470493,287140,61.03
20,801,FMGOETZE,EQ,56773,33689,59.34
20,802,FOCE,SM,4600,4600,100.00
20,803,FONEBOX,SM,3000,3000,100.00
20,804,FOODSIN,EQ,111058,63776,57.43
20,805,FORCAS,SM,86400,62400,72.22
20,806,FORCEMOT,EQ,47782,27039,56.59
20,807,FORTIS,EQ,1176616,610130,51.85
20,808,FOSECOIND,EQ,606,271,44.72
20,809,FROG,SM,29600,18000,60.81
20,810,FSL,EQ,9365308,3442518,36.76
20,811,FUSION,EQ,243843,105362,43.21
20,812,GABRIEL,EQ,419993,162488,38.69
20,813,GAEL,EQ,961219,489422,50.92
20,814,GAIL,EQ,10945760,5871078,53.64
20,815,GALAXYSURF,EQ,47763,21621,45.27
20,816,GANDHAR,EQ,242969,102578,42.22
20,817,GANDHITUBE,EQ,1655,1317,79.58
20,818,GANECOS,EQ,51019,25635,50.25
20,819,GANESHBE,EQ,125888,75275,59.80
20,820,GANESHHOUC,EQ,81022,41063,50.68
20,821,GANGAFORGE,EQ,727589,489033,67.21
20,822,GANGESSECU,EQ,15417,4979,32.30
20,823,GARFIBRES,EQ,21575,9906,45.91
20,824,GATECH,EQ,108224434,37318716,34.48
20,825,GATEWAY,EQ,466792,276155,59.16
20,826,GEECEE,EQ,11253,6164,54.78
20,827,GENESYS,EQ,110599,45436,41.08
20,828,GENSOL,EQ,153007,81604,53.33
20,829,GENUSPAPER,EQ,589355,230417,39.10
20,830,GENUSPOWER,EQ,962735,536415,55.72
20,831,GEOJITFSL,EQ,2921238,625477,21.41
20,832,GESHIP,EQ,480811,226235,47.05
20,833,GFLLIMITED,EQ,183367,104156,56.80
20,834,GGBL,SM,77400,51600,66.67
20,835,GHCL,EQ,310157,144393,46.55
20,836,GHCLTEXTIL,EQ,244119,120257,49.26
20,837,GICHSGFIN,EQ,186565,91878,49.25
20,838,GICL,SM,27000,15000,55.56
20,839,GICRE,EQ,1563849,751934,48.08
20,840,GILLANDERS,EQ,7156,3928,54.89
20,841,GILLETTE,EQ,45938,25307,55.09
20,842,GILT5YBEES,EQ,894257,755405,84.47
20,843,GINNIFILA,EQ,290583,186659,64.24
20,844,GIPCL,EQ,168853,74534,44.14
20,845,GIRIRAJ,SM,9750,9750,100.00
20,846,GKWLIMITED,EQ,2102,1674,79.64
20,847,GLAND,EQ,181780,72147,39.69
20,848,GLAXO,EQ,58245,30748,52.79
20,849,GLENMARK,EQ,1051257,558621,53.14
20,850,GLOBAL,EQ,29528,15320,51.88
20,851,GLOBALE,EQ,163367,90671,55.50
20,852,GLOBALPET,SM,3000,3000,100.00
20,853,GLOBUSSPR,EQ,2189756,565295,25.82
20,854,GLOSTERLTD,EQ,2168,1422,65.59
20,855,GLS,EQ,1274627,303504,23.81
20,856,GMBREW,EQ,315269,96847,30.72
20,857,GMDCLTD,EQ,1458696,484914,33.24
20,858,GMMPFAUDLR,EQ,118370,50334,42.52
20,859,GMRINFRA,EQ,22804252,7989772,35.04
20,860,GMRP&UI,EQ,5616213,4176781,74.37
20,861,GNA,EQ,137347,75254,54.79
20,862,GNFC,EQ,447238,146119,32.67
20,863,GOACARBON,EQ,24331,10806,44.41
20,864,GOCLCORP,EQ,56820,26454,46.56
20,865,GOCOLORS,EQ,169611,143335,84.51
20,866,GODFRYPHLP,EQ,115039,39245,34.11
20,867,GODIGIT,EQ,579935,331319,57.13
20,868,GODREJAGRO,EQ,125707,53965,42.93
20,869,GODREJCP,EQ,1399345,946765,67.66
20,870,GODREJIND,EQ,666167,408963,61.39
20,871,GODREJPROP,EQ,281997,175648,62.29
20,872,GOKEX,EQ,81036,46096,56.88
20,873,GOKUL,EQ,358048,185470,51.80
20,874,GOKULAGRO,EQ,376154,105406,28.02
20,875,GOLD1,EQ,323472,287708,88.94
20,876,GOLDBEES,EQ,5437498,3818016,70.22
20,877,GOLDCASE,EQ,232391,211261,90.91
20,878,GOLDETF,EQ,46266,34846,75.32
20,879,GOLDETFADD,EQ,8587,8225,95.78
20,880,GOLDIAM,EQ,1087219,482506,44.38
20,881,GOLDIETF,EQ,1132650,893900,78.92
20,882,GOLDKART,ST,7500,7500,100.00
20,883,GOLDSHARE,EQ,77585,67122,86.51
20,884,GOLDSTAR,SM,146250,112500,76.92
20,885,GOLDTECH,EQ,445985,213710,47.92
20,886,GOODLUCK,EQ,73069,41619,56.96
20,887,GOPAL,EQ,3296296,1323701,40.16
20,888,GOYALALUM,EQ,183251,122724,66.97
20,889,GOYALSALT,SM,186600,164400,88.10
20,890,GPECO,SM,24000,21600,90.00
20,891,GPIL,EQ,250021,125548,50.21
20,892,GPPL,EQ,1231577,560820,45.54
20,893,GPTHEALTH,EQ,203215,131129,64.53
20,894,GRANULES,EQ,2689534,1213911,45.13
20,895,GRAPHISAD,SM,102000,100800,98.82
20,896,GRAPHITE,EQ,513956,212800,41.40
20,897,GRASIM,EQ,431289,243062,56.36
20,898,GRASIMPP1,E1,231,213,92.21
20,899,GRAVITA,EQ,343170,113805,33.16
20,900,GRCL,SM,1000,1000,100.00
20,901,GREAVESCOT,EQ,6265716,2220437,35.44
20,902,GREENCHEF,SM,26400,20800,78.79
20,903,GREENLAM,EQ,76677,52939,69.04
20,904,GREENPANEL,EQ,1055660,761885,72.17
20,905,GREENPLY,EQ,202707,90910,44.85
20,906,GREENPOWER,EQ,6441697,3847064,59.72
20,907,GRINDWELL,EQ,35537,21239,59.77
20,908,GRINFRA,EQ,80668,50017,62.00
20,909,GRMOVER,EQ,150235,59015,39.28
20,910,GROBTEA,EQ,1587,1131,71.27
20,911,GROWWEV,EQ,750536,547812,72.99
20,912,GRSE,EQ,546974,130001,23.77
20,913,GRWRHITECH,EQ,45466,24106,53.02
20,914,GSEC10ABSL,EQ,288,188,65.28
20,915,GSEC10IETF,EQ,705,700,99.29
20,916,GSEC10YEAR,EQ,11882,6952,58.51
20,917,GSEC5IETF,EQ,1131,1110,98.14
20,918,GSFC,EQ,1045156,428536,41.00
20,919,GSLSU,EQ,282509,90867,32.16
20,920,GSMFOILS,ST,56000,48000,85.71
20,921,GSPL,EQ,4471636,2785235,62.29
20,922,GSS,EQ,12433,9492,76.35
20,923,GSTL,ST,38000,32000,84.21
20,924,GTL,EQ,1913814,797624,41.68
20,925,GTLINFRA,EQ,81463685,35385920,43.44
20,926,GTPL,EQ,49893,30577,61.29
20,927,GUFICBIO,EQ,103232,52024,50.40
20,928,GUJALKALI,EQ,742940,229009,30.82
20,929,GUJGASLTD,EQ,1463072,624717,42.70
20,930,GUJRAFFIA,EQ,12436,10697,86.02
20,931,GULFOILLUB,EQ,134069,61658,45.99
20,932,GULFPETRO,EQ,3698101,1214310,32.84
20,933,GULPOLY,EQ,1428125,459073,32.15
20,934,GVPTECH,EQ,47646,41710,87.54
20,935,HAL,EQ,1258288,386471,30.71
20,936,HAPPSTMNDS,EQ,444063,236317,53.22
20,937,HAPPYFORGE,EQ,61344,29990,48.89
20,938,HARDWYN,EQ,115114,62865,54.61
20,939,HARIOMPIPE,EQ,51057,15443,30.25
20,940,HARSHA,EQ,33354,14675,44.00
20,941,HATHWAY,EQ,10591003,4647726,43.88
20,942,HATSUN,EQ,13615,6864,50.41
20,943,HAVELLS,EQ,1335774,676280,50.63
20,944,HAVISHA,EQ,56445,48678,86.24
20,945,HBLPOWER,EQ,900997,359723,39.92
20,946,HCC,EQ,11982186,4436043,37.02
20,947,HCG,EQ,1095747,796737,72.71
20,948,HCL-INSYS,EQ,163153,136374,83.59
20,949,HCLTECH,EQ,2307528,1394325,60.43
20,950,HDFCAMC,EQ,512789,220463,42.99
20,951,HDFCBANK,EQ,13303323,6978769,52.46
20,952,HDFCBSE500,EQ,37610,22268,59.21
20,953,HDFCGOLD,EQ,1745793,1610994,92.28
20,954,HDFCGROWTH,EQ,15357,11073,72.10
20,955,HDFCLIFE,EQ,7366304,3288555,44.64
20,956,HDFCLIQUID,EQ,561,315,56.15
20,957,HDFCLOWVOL,EQ,58687,41420,70.58
20,958,HDFCMID150,EQ,256168,193467,75.52
20,959,HDFCMOMENT,EQ,730367,603283,82.60
20,960,HDFCNEXT50,EQ,58463,49064,83.92
20,961,HDFCNIF100,EQ,31666,22223,70.18
20,962,HDFCNIFBAN,EQ,21446,17462,81.42
20,963,HDFCNIFIT,EQ,26254,23739,90.42
20,964,HDFCNIFTY,EQ,51321,40867,79.63
20,965,HDFCPSUBK,EQ,50652,46774,92.34
20,966,HDFCPVTBAN,EQ,104198,88698,85.12
20,967,HDFCQUAL,EQ,23934,22655,94.66
20,968,HDFCSENSEX,EQ,35027,33949,96.92
20,969,HDFCSILVER,EQ,143815,99270,69.03
20,970,HDFCSML250,EQ,332826,256165,76.97
20,971,HDFCVALUE,EQ,4309,2829,65.65
20,972,HEADSUP,EQ,749742,298386,39.80
20,973,HEALTHADD,EQ,352,239,67.90
20,974,HEALTHIETF,EQ,24725,14188,57.38
20,975,HEALTHY,EQ,298451,167394,56.09
20,976,HEG,EQ,72733,36581,50.29
20,977,HEIDELBERG,EQ,695604,330915,47.57
20,978,HEMIPROP,EQ,381695,199197,52.19
20,979,HERANBA,EQ,78300,37885,48.38
20,980,HERCULES,EQ,30125,17449,57.92
20,981,HERITGFOOD,EQ,679844,444333,65.36
20,982,HEROMOTOCO,EQ,775935,341180,43.97
20,983,HESTERBIO,EQ,8121,4159,51.21
20,984,HEUBACHIND,EQ,74984,34624,46.18
20,985,HFCL,EQ,18370696,4105101,22.35
20,986,HGINFRA,EQ,428759,150352,35.07
20,987,HGS,EQ,121502,63755,52.47
20,988,HIGREEN,SM,359200,181600,50.56
20,989,HIKAL,EQ,1031312,347036,33.65
20,990,HIL,EQ,13942,10465,75.06
20,991,HILTON,EQ,162376,90876,55.97
20,992,HIMATSEIDE,EQ,265171,135239,51.00
20,993,HINDALCO,EQ,3304741,1689209,51.11
20,994,HINDCOMPOS,EQ,26980,7414,27.48
20,995,HINDCON,EQ,93228,48549,52.08
20,996,HINDCOPPER,EQ,3180344,1214914,38.20
20,997,HINDOILEXP,EQ,719918,294054,40.85
20,998,HINDPETRO,EQ,5944511,2470072,41.55
20,999,HINDUNILVR,EQ,1536584,965781,62.85
20,1000,HINDWAREAP,EQ,144022,93016,64.58
20,1001,HINDZINC,EQ,1518727,823580,54.23
20,1002,HIRECT,EQ,53928,38794,71.94
20,1003,HISARMETAL,EQ,7904,3076,38.92
20,1004,HITECH,EQ,2071742,678743,32.76
20,1005,HITECHCORP,EQ,17729,13680,77.16
20,1006,HLEGLAS,EQ,67228,36565,54.39
20,1007,HLVLTD,EQ,828802,488649,58.96
20,1008,HMAAGRO,EQ,193116,120055,62.17
20,1009,HMVL,EQ,41536,23097,55.61
20,1010,HNDFDS,EQ,158163,81224,51.35
20,1011,HNGSNGBEES,EQ,102328,79657,77.84
20,1012,HOACFOODS,SM,18000,18000,100.00
20,1013,HOLMARC,SM,12000,10500,87.50
20,1014,HOMEFIRST,EQ,174766,81140,46.43
20,1015,HOMESFY,SM,900,900,100.00
20,1016,HONASA,EQ,2410085,754323,31.30
20,1017,HONAUT,EQ,9360,5306,56.69
20,1018,HONDAPOWER,EQ,12593,2318,18.41
20,1019,HPAL,EQ,158394,88782,56.05
20,1020,HPIL,EQ,7340,5080,69.21
20,1021,HPL,EQ,133163,62676,47.07
20,1022,HRHNEXT,SM,63000,63000,100.00
20,1023,HSCL,EQ,5161412,1285714,24.91
20,1024,HTMEDIA,EQ,170736,77123,45.17
20,1025,HUDCO,EQ,7061118,2277582,32.26
20,1026,HUHTAMAKI,EQ,61184,33164,54.20
20,1027,IBLFL,SM,22000,22000,100.00
20,1028,ICEMAKE,EQ,17270,9019,52.22
20,1029,ICICIB22,EQ,1238925,1090109,87.99
20,1030,ICICIBANK,EQ,15545130,9422327,60.61
20,1031,ICICIGI,EQ,1525808,953990,62.52
20,1032,ICICIPRULI,EQ,1528123,596443,39.03
20,1033,ICIL,EQ,166378,83169,49.99
20,1034,ICRA,EQ,17890,9963,55.69
20,1035,IDBI,EQ,4780971,1733302,36.25
20,1036,IDEA,EQ,444283492,143831590,32.37
20,1037,IDEAFORGE,EQ,210006,52960,25.22
20,1038,IDEALTECHO,ST,168000,162000,96.43
20,1039,IDFC,EQ,4805528,2077672,43.24
20,1040,IDFCFIRSTB,EQ,25488563,12077856,47.39
20,1041,IDFNIFTYET,EQ,2555,2306,90.25
20,1042,IEML,SM,14000,12000,85.71
20,1043,IEX,EQ,14229854,4151893,29.18
20,1044,IFBIND,EQ,18008,8496,47.18
20,1045,IFCI,EQ,15432744,4122389,26.71
20,1046,IFCIZC25,NM,110,110,100.00
20,1047,IFGLEXPOR,EQ,3129,1547,49.44
20,1048,IGARASHI,EQ,60261,20382,33.82
20,1049,IGL,EQ,719321,314878,43.77
20,1050,IGPL,EQ,53221,20397,38.33
20,1051,IIFL,EQ,1126303,504620,44.80
20,1052,IIFLSEC,EQ,666421,340404,51.08
20,1053,IIFLZC25,ND,11,11,100.00
20,1054,IIFLZC25B,NW,50,50,100.00
20,1055,IIFLZC25C,N8,219,219,100.00
20,1056,IIFLZC28A,NU,184,184,100.00
20,1057,IIFLZC28B,Y1,56,56,100.00
20,1058,IIFLZC28C,N6,541,541,100.00
20,1059,IKIO,EQ,181266,84648,46.70
20,1060,IMAGICAA,EQ,1026910,459471,44.74
20,1061,IMC1,N0,750,719,95.87
20,1062,IMC1,N1,66,66,100.00
20,1063,IMC1,N2,86,81,94.19
20,1064,IMC1,N3,103,103,100.00
20,1065,IMFA,EQ,49571,29927,60.37
20,1066,IMPAL,EQ,7533,3793,50.35
20,1067,INDBANK,EQ,61858,27099,43.81
20,1068,INDGN,EQ,714435,273179,38.24
20,1069,INDHOTEL,EQ,8406601,4503275,53.57
20,1070,INDIACEM,EQ,1241246,640063,51.57
20,1071,INDIAGLYCO,EQ,84188,32600,38.72
20,1072,INDIAMART,EQ,482916,141061,29.21
20,1073,INDIANB,EQ,1647980,962145,58.38
20,1074,INDIANCARD,EQ,6372,5131,80.52
20,1075,INDIANHUME,EQ,314501,84465,26.86
20,1076,INDIASHLTR,EQ,80086,51522,64.33
20,1077,INDIFRA,SM,2000,2000,100.00
20,1078,INDIGO,EQ,636042,376022,59.12
20,1079,INDIGOPNTS,EQ,797637,581843,72.95
20,1080,INDIGRID,IV,226454,212516,93.85
20,1081,INDNIPPON,EQ,14796,4363,29.49
20,1082,INDOAMIN,EQ,3092516,470874,15.23
20,1083,INDOBORAX,EQ,521518,230456,44.19
20,1084,INDOCO,EQ,99524,48725,48.96
20,1085,INDORAMA,EQ,123736,60998,49.30
20,1086,INDOSTAR,EQ,882145,398194,45.14
20,1087,INDRAMEDCO,EQ,337450,187816,55.66
20,1088,INDSWFTLTD,EQ,48505,25371,52.31
20,1089,INDTERRAIN,EQ,119981,70869,59.07
20,1090,INDUSINDBK,EQ,2414043,1570491,65.06
20,1091,INDUSTOWER,EQ,5089383,2644104,51.95
20,1092,INFIBEAM,EQ,26706869,11160227,41.79
20,1093,INFINIUM,SM,5500,4000,72.73
20,1094,INFOBEAN,EQ,12319,5799,47.07
20,1095,INFOLLION,ST,5600,5600,100.00
20,1096,INFRABEES,EQ,12956,7200,55.57
20,1097,INFRAIETF,EQ,85530,51682,60.43
20,1098,INFY,EQ,6909600,4764583,68.96
20,1099,INGERRAND,EQ,18772,10286,54.79
20,1100,INM,SM,16800,15000,89.29
20,1101,INNOVACAP,EQ,83035,37287,44.91
20,1102,INNOVANA,SM,1000,800,80.00
20,1103,INOXGREEN,EQ,4732674,1786065,37.74
20,1104,INOXINDIA,EQ,303033,160606,53.00
20,1105,INOXWIND,EQ,23562784,6012199,25.52
20,1106,INSECTICID,EQ,42484,18427,43.37
20,1107,INSPIRE,SM,16000,10000,62.50
20,1108,INTELLECT,EQ,147841,77056,52.12
20,1109,INTERARCH,EQ,1310729,459599,35.06
20,1110,INTLCONV,EQ,124973,64944,51.97
20,1111,INVENTURE,EQ,3766554,1973975,52.41
20,1112,IOB,EQ,3520447,1200728,34.11
20,1113,IOC,EQ,14875095,8526291,57.32
20,1114,IOLCP,EQ,1874136,340466,18.17
20,1115,IONEXCHANG,EQ,215862,99361,46.03
20,1116,IPCALAB,EQ,332545,123073,37.01
20,1117,IPHL,ST,20400,20400,100.00
20,1118,IPL,EQ,219137,102143,46.61
20,1119,IPSL,SM,61000,53000,86.89
20,1120,IRB,EQ,17777117,6811546,38.32
20,1121,IRBINVIT,IV,294600,274793,93.28
20,1122,IRCON,EQ,2440527,886257,36.31
20,1123,IRCTC,EQ,1256105,630517,50.20
20,1124,IREDA,EQ,30985815,5133448,16.57
20,1125,IRFC,EQ,15088916,3992232,26.46
20,1126,IRISDOREME,EQ,721966,344173,47.67
20,1127,IRMENERGY,EQ,1208904,484661,40.09
20,1128,ISEC,EQ,104520,50045,47.88
20,1129,ISGEC,EQ,19986,9888,49.47
20,1130,ISHAN,ST,4368000,3792000,86.81
20,1131,IT,EQ,49779,30880,62.03
20,1132,ITALIANE,SM,28000,26000,92.86
20,1133,ITBEES,EQ,3772786,1796867,47.63
20,1134,ITC,EQ,10911995,7163535,65.65
20,1135,ITDC,EQ,24587,7675,31.22
20,1136,ITDCEM,EQ,912952,473838,51.90
20,1137,ITETF,EQ,330167,233375,70.68
20,1138,ITETFADD,EQ,50175,29996,59.78
20,1139,ITI,EQ,5407496,297519,5.50
20,1140,ITIETF,EQ,322478,156941,48.67
20,1141,IVZINGOLD,EQ,129,110,85.27
20,1142,IVZINNIFTY,EQ,2,2,100.00
20,1143,IXIGO,EQ,632888,220895,34.90
20,1144,JAGRAN,EQ,593500,323743,54.55
20,1145,JAGSNPHARM,EQ,53291,25167,47.23
20,1146,JAICORPLTD,EQ,360448,132485,36.76
20,1147,JAINAM,SM,18000,18000,100.00
20,1148,JAIPURKURT,EQ,55921,44171,78.99
20,1149,JALAN,ST,78000,75000,96.15
20,1150,JAMNAAUTO,EQ,4229793,1946600,46.02
20,1151,JASH,EQ,30104,16344,54.29
20,1152,JAYAGROGN,EQ,24468,12289,50.22
20,1153,JAYBARMARU,EQ,177132,116835,65.96
20,1154,JAYBEE,ST,441000,386000,87.53
20,1155,JAYNECOIND,EQ,807854,562730,69.66
20,1156,JAYSREETEA,EQ,123361,54126,43.88
20,1157,JBCHEPHARM,EQ,236896,162395,68.55
20,1158,JBMA,EQ,55223,25957,47.00
20,1159,JCHAC,EQ,45468,25425,55.92
20,1160,JEYYAM,ST,1534000,1404000,91.53
20,1161,JFLLIFE,ST,8000,8000,100.00
20,1162,JGCHEM,EQ,284659,87975,30.91
20,1163,JINDALPHOT,EQ,21095,3178,15.07
20,1164,JINDALPOLY,EQ,167474,77646,46.36
20,1165,JINDALSAW,EQ,720375,384946,53.44
20,1166,JINDALSTEL,EQ,1905394,1123974,58.99
20,1167,JINDRILL,EQ,28046,19888,70.91
20,1168,JINDWORLD,EQ,30822,13697,44.44
20,1169,JIOFIN,EQ,60920830,21239454,34.86
20,1170,JISLDVREQS,EQ,139869,85172,60.89
20,1171,JISLJALEQS,EQ,2464659,1062509,43.11
20,1172,JITFINFRA,EQ,35333,21327,60.36
20,1173,JIWANRAM,SM,54000,48000,88.89
20,1174,J&KBANK,EQ,1261436,675231,53.53
20,1175,JKCEMENT,EQ,322393,107583,33.37
20,1176,JKIL,EQ,152908,76714,50.17
20,1177,JKLAKSHMI,EQ,113979,69173,60.69
20,1178,JKPAPER,EQ,834206,412570,49.46
20,1179,JKTYRE,EQ,1398292,528299,37.78
20,1180,JLHL,EQ,93024,68061,73.16
20,1181,JMA,EQ,12837,4115,32.06
20,1182,JMFINANCIL,EQ,21420258,4003980,18.69
20,1183,JOCIL,EQ,12485,6327,50.68
20,1184,JPOLYINVST,EQ,5855,3159,53.95
20,1185,JPPOWER,EQ,13384483,8353777,62.41
20,1186,JSFB,EQ,124554,69005,55.40
20,1187,JSL,EQ,717731,418875,58.36
20,1188,JSLL,SM,17640,14040,79.59
20,1189,JSWENERGY,EQ,2736107,1084748,39.65
20,1190,JSWHL,EQ,6410,3093,48.25
20,1191,JSWINFRA,EQ,2056026,1209359,58.82
20,1192,JSWSTEEL,EQ,1388455,587994,42.35
20,1193,JTEKTINDIA,EQ,167974,103074,61.36
20,1194,JTLIND,EQ,1503859,780072,51.87
20,1195,JUBLFOOD,EQ,3840869,1192744,31.05
20,1196,JUBLINDS,EQ,18497,9939,53.73
20,1197,JUBLINGREA,EQ,4092895,670792,16.39
20,1198,JUBLPHARMA,EQ,1120844,233974,20.87
20,1199,JUNIORBEES,EQ,136986,66584,48.61
20,1200,JUNIPER,EQ,76153,40854,53.65
20,1201,JUSTDIAL,EQ,167574,53262,31.78
20,1202,JWL,EQ,1638483,875034,53.41
20,1203,JYOTHYLAB,EQ,429118,161944,37.74
20,1204,JYOTICNC,EQ,115596,53259,46.07
20,1205,JYOTISTRUC,EQ,3581071,2733811,76.34
20,1206,K2INFRA,ST,24000,21600,90.00
20,1207,KABRAEXTRU,EQ,33501,17557,52.41
20,1208,KAJARIACER,EQ,83859,48465,57.79
20,1209,KAKATCEM,EQ,13973,6998,50.08
20,1210,KALAMANDIR,EQ,356664,217329,60.93
20,1211,KALYANKJIL,EQ,2475182,1020307,41.22
20,1212,KAMATHOTEL,EQ,15037,7921,52.68
20,1213,KAMDHENU,EQ,646279,261900,40.52
20,1214,KAMOPAINTS,EQ,29031838,6480098,22.32
20,1215,KANANIIND,EQ,624457,383731,61.45
20,1216,KANDARP,SM,100000,48000,48.00
20,1217,KANORICHEM,EQ,670799,210183,31.33
20,1218,KANPRPLA,EQ,13689,7773,56.78
20,1219,KANSAINER,EQ,522193,291130,55.75
20,1220,KARNIKA,SM,1600,1200,75.00
20,1221,KARURVYSYA,EQ,1486747,650200,43.73
20,1222,KATARIA,SM,50400,39600,78.57
20,1223,KAYNES,EQ,197814,77556,39.21
20,1224,KCEIL,ST,19000,17500,92.11
20,1225,KCK,SM,4000,2000,50.00
20,1226,KCP,EQ,543220,246881,45.45
20,1227,KDDL,EQ,13627,7477,54.87
20,1228,KDL,ST,1000,1000,100.00
20,1229,KEC,EQ,556732,302741,54.38
20,1230,KECL,EQ,580704,213740,36.81
20,1231,KEI,EQ,175514,88228,50.27
20,1232,KEL,SM,50400,33600,66.67
20,1233,KELLTONTEC,EQ,574237,255230,44.45
20,1234,KERNEX,EQ,238188,125689,52.77
20,1235,KESORAMIND,EQ,1604479,1148056,71.55
20,1236,KEYFINSERV,EQ,12030,8229,68.40
20,1237,KFINTECH,EQ,368565,210750,57.18
20,1238,KHADIM,EQ,17933,10893,60.74
20,1239,KHAICHEM,EQ,473524,143090,30.22
20,1240,KHANDSE,EQ,16924,14291,84.44
20,1241,KHFM,SM,9300,6200,66.67
20,1242,KILITCH,EQ,126951,46020,36.25
20,1243,KIMS,EQ,56977,34385,60.35
20,1244,KINGFA,EQ,16808,7155,42.57
20,1245,KIOCL,EQ,39337,16036,40.77
20,1246,KIRIINDUS,EQ,328337,177715,54.13
20,1247,KIRLOSBROS,EQ,73739,39800,53.97
20,1248,KIRLOSENG,EQ,343451,258925,75.39
20,1249,KIRLOSIND,EQ,5418,3178,58.66
20,1250,KIRLPNU,EQ,222407,180651,81.23
20,1251,KITEX,EQ,1386507,645606,46.56
20,1252,KKCL,EQ,30692,23337,76.04
20,1253,KKVAPOW,SM,156,156,100.00
20,1254,KLL,SM,54400,36800,67.65
20,1255,KNAGRI,ST,4800,4800,100.00
20,1256,KNRCON,EQ,667984,282628,42.31
20,1257,KODYTECH,SM,17400,14800,85.06
20,1258,KOHINOOR,EQ,86701,33485,38.62
20,1259,KOKUYOCMLN,EQ,179549,75969,42.31
20,1260,KOLTEPATIL,EQ,303297,168090,55.42
20,1261,KONSTELEC,SM,30000,19000,63.33
20,1262,KONTOR,SM,9600,7200,75.00
20,1263,KOPRAN,EQ,1349454,457045,33.87
20,1264,KORE,ST,500,500,100.00
20,1265,KOTAKBANK,EQ,3497612,2064447,59.02
20,1266,KOTARISUG,EQ,101333,45659,45.06
20,1267,KOTHARIPET,EQ,112843,62211,55.13
20,1268,KOTYARK,SM,15100,10700,70.86
20,1269,KPIL,EQ,161652,104997,64.95
20,1270,KPITTECH,EQ,636244,355077,55.81
20,1271,KPRMILL,EQ,101714,50375,49.53
20,1272,KRBL,EQ,458427,226895,49.49
20,1273,KRISHANA,EQ,14205,7274,51.21
20,1274,KRISHCA,ST,16000,15500,96.88
20,1275,KRISHIVAL,SM,8500,5000,58.82
20,1276,KRISHNADEF,ST,52500,45000,85.71
20,1277,KRITI,EQ,23087,15416,66.77
20,1278,KRITIKA,EQ,1015322,906158,89.25
20,1279,KRONOX,EQ,1001049,418689,41.83
20,1280,KRSNAA,EQ,88781,39882,44.92
20,1281,KRYSTAL,EQ,154835,80736,52.14
20,1282,KSB,EQ,112109,53848,48.03
20,1283,KSCL,EQ,250640,78141,31.18
20,1284,KSL,EQ,23683,10981,46.37
20,1285,KSOLVES,EQ,20013,12355,61.73
20,1286,KTKBANK,EQ,1919871,1002246,52.20
20,1287,KTL,SM,36000,21000,58.33
20,1288,KUANTUM,EQ,76058,51900,68.24
20,1289,LAGNAM,EQ,41817,27349,65.40
20,1290,LAL,EQ,470989,317077,67.32
20,1291,LALPATHLAB,EQ,123772,49808,40.24
20,1292,LAMBODHARA,EQ,33835,18833,55.66
20,1293,LANCORHOL,EQ,29836,23014,77.14
20,1294,LANDMARK,EQ,80016,53718,67.13
20,1295,LAOPALA,EQ,795112,359362,45.20
20,1296,LATENTVIEW,EQ,1185370,671881,56.68
20,1297,LAURUSLABS,EQ,9329478,1644614,17.63
20,1298,LAWSIKHO,SM,49000,36500,74.49
20,1299,LAXMICOT,EQ,583721,256448,43.93
20,1300,LAXMIMACH,EQ,7610,4569,60.04
20,1301,LEMERITE,SM,35200,19200,54.55
20,1302,LEMONTREE,EQ,3138371,1288893,41.07
20,1303,LEXUS,EQ,41818,18394,43.99
20,1304,LFIC,EQ,10690,5232,48.94
20,1305,LGBBROSLTD,EQ,42448,23346,55.00
20,1306,LIBAS,EQ,378043,211911,56.05
20,1307,LICHSGFIN,EQ,2357859,889566,37.73
20,1308,LICI,EQ,749982,303412,40.46
20,1309,LICMFGOLD,EQ,249,149,59.84
20,1310,LICNETFGSC,EQ,69590,68621,98.61
20,1311,LICNETFN50,EQ,460,365,79.35
20,1312,LICNETFSEN,EQ,261,132,50.57
20,1313,LICNFNHGP,EQ,554,396,71.48
20,1314,LICNMID100,EQ,19714,8836,44.82
20,1315,LIKHITHA,EQ,57757,26623,46.09
20,1316,LINC,EQ,29718,11558,38.89
20,1317,LINCOLN,EQ,180809,85657,47.37
20,1318,LINDEINDIA,EQ,253303,83379,32.92
20,1319,LIQUID,EQ,483959,283341,58.55
20,1320,LIQUID1,EQ,507102,252733,49.84
20,1321,LIQUIDADD,EQ,543594,506848,93.24
20,1322,LIQUIDBEES,EQ,2698651,1989588,73.73
20,1323,LIQUIDBETF,EQ,419,387,92.36
20,1324,LIQUIDCASE,EQ,4492076,3845732,85.61
20,1325,LIQUIDETF,EQ,725587,646121,89.05
20,1326,LIQUIDIETF,EQ,1323732,989720,74.77
20,1327,LIQUIDSBI,EQ,20504,10978,53.54
20,1328,LIQUIDSHRI,EQ,4002,3274,81.81
20,1329,LLOYDS,SM,17000,11000,64.71
20,1330,LLOYDSENGG,EQ,5341362,1955289,36.61
20,1331,LLOYDSME,EQ,220288,126031,57.21
20,1332,LODHA,EQ,477252,306144,64.15
20,1333,LOKESHMACH,EQ,55650,31834,57.20
20,1334,LORDSCHLO,EQ,25758,14257,55.35
20,1335,LOTUSEYE,EQ,97241,46250,47.56
20,1336,LOWVOL,EQ,372,344,92.47
20,1337,LOWVOL1,EQ,219477,152307,69.40
20,1338,LOWVOLIETF,EQ,2039009,1713817,84.05
20,1339,LOYALTEX,EQ,780,537,68.85
20,1340,LRRPL,ST,24000,24000,100.00
20,1341,LT,EQ,1203483,683318,56.78
20,1342,LTF,EQ,9893480,4974852,50.28
20,1343,LTFOODS,EQ,1410895,763028,54.08
20,1344,LTGILTBEES,EQ,2118026,1662163,78.48
20,1345,LTIM,EQ,929755,394391,42.42
20,1346,LTTS,EQ,94088,25040,26.61
20,1347,LUMAXIND,EQ,13193,7522,57.02
20,1348,LUMAXTECH,EQ,71461,30710,42.97
20,1349,LUPIN,EQ,709614,421712,59.43
20,1350,LUXIND,EQ,95981,32546,33.91
20,1351,LXCHEM,EQ,4902403,1886522,38.48
20,1352,LYKALABS,EQ,298676,146569,49.07
20,1353,MAANALU,EQ,113074,36872,32.61
20,1354,MACOBSTECH,SM,3200,3200,100.00
20,1355,MADHAV,EQ,16600,5309,31.98
20,1356,MADHAVBAUG,SM,800,800,100.00
20,1357,MADHUSUDAN,SM,25000,17000,68.00
20,1358,MADRASFERT,EQ,232832,104318,44.80
20,1359,MAFANG,EQ,349959,226475,64.71
20,1360,MAGADSUGAR,EQ,18522,9505,51.32
20,1361,MAGNUM,EQ,116566,74834,64.20
20,1362,MAGSON,SM,2000,2000,100.00
20,1363,MAHABANK,EQ,4550580,2032920,44.67
20,1364,MAHESHWARI,EQ,83405,35202,42.21
20,1365,MAHKTECH,EQ,794511,609680,76.74
20,1366,MAHLIFE,EQ,162356,81661,50.30
20,1367,MAHLOG,EQ,201073,91051,45.28
20,1368,MAHSCOOTER,EQ,9495,6347,66.85
20,1369,MAHSEAMLES,EQ,261215,115740,44.31
20,1370,MAITHANALL,EQ,26893,16035,59.63
20,1371,MAITREYA,ST,15200,12800,84.21
20,1372,MAKEINDIA,EQ,25606,15002,58.59
20,1373,MAL,SM,145600,67200,46.15
20,1374,MALLCOM,EQ,10818,4057,37.50
20,1375,MALUPAPER,EQ,82492,20984,25.44
20,1376,MANAKSIA,EQ,578834,224719,38.82
20,1377,MANAKSTEEL,EQ,53694,29662,55.24
20,1378,MANALIPETC,EQ,280445,137584,49.06
20,1379,MANAPPURAM,EQ,3229516,1014787,31.42
20,1380,MANAV,SM,16000,16000,100.00
20,1381,MANCREDIT,EQ,32315,6963,21.55
20,1382,MANDEEP,ST,12000,12000,100.00
20,1383,MANGALAM,EQ,36020,20657,57.35
20,1384,MANGCHEFER,EQ,131355,84557,64.37
20,1385,MANGLMCEM,EQ,45089,26105,57.90
20,1386,MANINDS,EQ,115408,67194,58.22
20,1387,MANINFRA,EQ,524134,267479,51.03
20,1388,MANKIND,EQ,1294339,1149195,88.79
20,1389,MANORAMA,EQ,42546,26430,62.12
20,1390,MANUGRAPH,EQ,44714,25008,55.93
20,1391,MANYAVAR,EQ,160995,94362,58.61
20,1392,MAPMYINDIA,EQ,101065,40385,39.96
20,1393,MARALOVER,EQ,70584,24010,34.02
20,1394,MARATHON,EQ,74218,45422,61.20
20,1395,MARCO,SM,21000,15000,71.43
20,1396,MARICO,EQ,1942309,1139725,58.68
20,1397,MARINETRAN,SM,8000,8000,100.00
20,1398,MARKSANS,EQ,3364277,716330,21.29
20,1399,MARSHALL,EQ,1043760,550942,52.78
20,1400,MARUTI,EQ,285122,161714,56.72
20,1401,MASFIN,EQ,360414,249195,69.14
20,1402,MASON,SM,84000,54000,64.29
20,1403,MASPTOP50,EQ,98479,62579,63.55
20,1404,MASTEK,EQ,107682,53815,49.98
20,1405,MATRIMONY,EQ,69253,31370,45.30
20,1406,MAWANASUG,EQ,123554,61340,49.65
20,1407,MAXESTATES,EQ,253362,147788,58.33
20,1408,MAXHEALTH,EQ,1200151,727885,60.65
20,1409,MAXIND,EQ,93050,49121,52.79
20,1410,MAXPOSURE,SM,136000,62000,45.59
20,1411,MAYURUNIQ,EQ,83123,38920,46.82
20,1412,MAZDA,EQ,5657,2772,49.00
20,1413,MAZDOCK,EQ,1496155,149538,9.99
20,1414,MBAPL,EQ,11640,5288,45.43
20,1415,MCL,EQ,43057,21372,49.64
20,1416,MCLEODRUSS,EQ,885418,810292,91.52
20,1417,MCON,ST,4000,4000,100.00
20,1418,MCX,EQ,228209,91384,40.04
20,1419,MDL,SM,54000,50000,92.59
20,1420,MEDANTA,EQ,516514,307523,59.54
20,1421,MEDIASSIST,EQ,258455,94903,36.72
20,1422,MEDICAMEQ,EQ,31638,15524,49.07
20,1423,MEDIORG,SM,32000,24000,75.00
20,1424,MEDPLUS,EQ,211010,98822,46.83
20,1425,MEGAFLEX,SM,21000,21000,100.00
20,1426,MEGASOFT,EQ,636292,321330,50.50
20,1427,MEGASTAR,EQ,6317,4510,71.39
20,1428,MEGATHERM,ST,15600,15600,100.00
20,1429,MENONBE,EQ,43965,20108,45.74
20,1430,METALIETF,EQ,774442,361791,46.72
20,1431,METROBRAND,EQ,94449,49373,52.27
20,1432,METROPOLIS,EQ,228988,128240,56.00
20,1433,MFML,EQ,948413,262027,27.63
20,1434,MFSL,EQ,545537,251564,46.11
20,1435,MGL,EQ,752190,347208,46.16
20,1436,MHHL,SM,18000,15000,83.33
20,1437,MHLXMIRU,EQ,12333,6238,50.58
20,1438,MHRIL,EQ,104060,52486,50.44
20,1439,MICROPRO,SM,20800,14400,69.23
20,1440,MID150BEES,EQ,247242,108249,43.78
20,1441,MID150CASE,EQ,131369,91499,69.65
20,1442,MIDCAP,EQ,17129,9468,55.27
20,1443,MIDCAPETF,EQ,1755079,1139022,64.90
20,1444,MIDCAPIETF,EQ,567601,337662,59.49
20,1445,MIDHANI,EQ,392922,153635,39.10
20,1446,MIDQ50ADD,EQ,14334,14188,98.98
20,1447,MIDSELIETF,EQ,214482,180463,84.14
20,1448,MIDSMALL,EQ,133741,80312,60.05
20,1449,MIEL,SM,100000,78000,78.00
20,1450,MILTON,SM,17600,17600,100.00
20,1451,MINDACORP,EQ,494521,246024,49.75
20,1452,MINDPOOL,ST,1000,1000,100.00
20,1453,MINDSPACE,RR,151748,142676,94.02
20,1454,MIRZAINT,EQ,174418,79540,45.60
20,1455,MITCON,EQ,9225,4970,53.88
20,1456,MITCONPP,E1,1640,1539,93.84
20,1457,MITTAL,EQ,761096,535659,70.38
20,1458,M&M,EQ,2034126,1285575,63.20
20,1459,M&MFIN,EQ,1379597,439329,31.84
20,1460,MMFL,EQ,33875,18637,55.02
20,1461,MMTC,EQ,3808121,809168,21.25
20,1462,MNC,EQ,16970,11016,64.91
20,1463,MODEFENCE,EQ,88616,56662,63.94
20,1464,MODIRUBBER,EQ,36897,26946,73.03
20,1465,MODISONLTD,EQ,48469,28686,59.18
20,1466,MOGSEC,EQ,1286,1068,83.05
20,1467,MOHEALTH,EQ,26975,17885,66.30
20,1468,MOIL,EQ,1301188,680206,52.28
20,1469,MOL,EQ,1507191,581607,38.59
20,1470,MOLDTECH,EQ,89283,35097,39.31
20,1471,MOLDTKPAC,EQ,23504,12976,55.21
20,1472,MOLOWVOL,EQ,10620,8971,84.47
20,1473,MOM100,EQ,192578,107882,56.02
20,1474,MOM30IETF,EQ,2251620,1599064,71.02
20,1475,MOM50,EQ,2020,1906,94.36
20,1476,MOMENTUM,EQ,63827,49878,78.15
20,1477,MOMOMENTUM,EQ,138573,93149,67.22
20,1478,MON100,EQ,877238,447975,51.07
20,1479,MONARCH,EQ,206237,72847,35.32
20,1480,MONIFTY500,EQ,174931,152834,87.37
20,1481,MONQ50,EQ,43626,21450,49.17
20,1482,MONTECARLO,EQ,61975,35385,57.10
20,1483,MOQUALITY,EQ,1107,426,38.48
20,1484,MOREALTY,EQ,60597,42180,69.61
20,1485,MOREPENLAB,EQ,40425691,8382975,20.74
20,1486,MOS,SM,347200,180000,51.84
20,1487,MOSMALL250,EQ,725072,570784,78.72
20,1488,MOTHERSON,EQ,10289172,4765689,46.32
20,1489,MOTILALOFS,EQ,924149,351319,38.02
20,1490,MOTISONS,EQ,9836036,3114021,31.66
20,1491,MOTOGENFIN,EQ,8150,3292,40.39
20,1492,MOVALUE,EQ,215288,183201,85.10
20,1493,MPHASIS,EQ,713019,368200,51.64
20,1494,MPSLTD,EQ,23794,16072,67.55
20,1495,MRF,EQ,5084,1795,35.31
20,1496,MRPL,EQ,1705369,593701,34.81
20,1497,MSPL,EQ,4186684,2803167,66.95
20,1498,MSTCLTD,EQ,330226,117636,35.62
20,1499,MSUMI,EQ,3422032,2199513,64.28
20,1500,MTARTECH,EQ,87525,42975,49.10
20,1501,MTNL,EQ,7906108,2968721,37.55
20,1502,MUFIN,EQ,450695,232469,51.58
20,1503,MUFTI,EQ,259726,146330,56.34
20,1504,MUKANDLTD,EQ,84594,42498,50.24
20,1505,MUKKA,EQ,948442,428637,45.19
20,1506,MUKTAARTS,EQ,53043,32910,62.04
20,1507,MULTICAP,EQ,340302,231946,68.16
20,1508,MUNJALAU,EQ,1730482,450445,26.03
20,1509,MUNJALSHOW,EQ,198177,61672,31.12
20,1510,MURUDCERA,EQ,86328,43655,50.57
20,1511,MUTHOOTCAP,EQ,33990,16510,48.57
20,1512,MUTHOOTFIN,EQ,550436,273593,49.70
20,1513,MUTHOOTMF,EQ,118366,70039,59.17
20,1514,MVGJL,EQ,3496543,681922,19.50
20,1515,MVKAGRO,SM,49200,31200,63.41
20,1516,MWL,SM,28800,28800,100.00
20,1517,NACLIND,EQ,134287,66888,49.81
20,1518,NAGAFERT,EQ,457995,264222,57.69
20,1519,NAHARCAP,EQ,25528,13183,51.64
20,1520,NAHARINDUS,EQ,42396,17419,41.09
20,1521,NAHARSPING,EQ,53215,31496,59.19
20,1522,NAMAN,SM,17600,14400,81.82
20,1523,NAM-INDIA,EQ,626347,383099,61.16
20,1524,NATCOPHARM,EQ,762007,311642,40.90
20,1525,NATIONALUM,EQ,8620938,2538928,29.45
20,1526,NAUKRI,EQ,132567,69851,52.69
20,1527,NAVA,EQ,261873,138029,52.71
20,1528,NAVINFLUOR,EQ,124014,41575,33.52
20,1529,NAVINIFTY,EQ,212,141,66.51
20,1530,NAVKARCORP,EQ,602661,227597,37.77
20,1531,NAVNETEDUL,EQ,210809,121115,57.45
20,1532,NAZARA,EQ,3196867,1472347,46.06
20,1533,NBCC,EQ,16425712,3426120,20.86
20,1534,NCC,EQ,2416222,1230747,50.94
20,1535,NCLIND,EQ,107113,59413,55.47
20,1536,NDL,EQ,9707469,4002380,41.23
20,1537,NDLVENTURE,EQ,545564,111688,20.47
20,1538,NDRAUTO,EQ,32436,13466,41.52
20,1539,NDTV,EQ,161620,68973,42.68
20,1540,NECLIFE,EQ,4193732,1346594,32.11
20,1541,NELCAST,EQ,357485,138118,38.64
20,1542,NELCO,EQ,102575,34182,33.32
20,1543,NEOGEN,EQ,77581,36928,47.60
20,1544,NEPHROCARE,SM,17600,14400,81.82
20,1545,NESCO,EQ,198634,97942,49.31
20,1546,NESTLEIND,EQ,1522039,1228819,80.74
20,1547,NETF,EQ,3408,2346,68.84
20,1548,NETWEB,EQ,98203,50330,51.25
20,1549,NETWORK18,EQ,2055911,664270,32.31
20,1550,NEULANDLAB,EQ,33928,20187,59.50
20,1551,NEWGEN,EQ,61747,34217,55.41
20,1552,NEWJAISA,SM,93000,61500,66.13
20,1553,NEXT50,EQ,17480,15812,90.46
20,1554,NEXT50IETF,EQ,325055,211084,64.94
20,1555,NFL,EQ,1939719,540048,27.84
20,1556,NGIL,EQ,64340,11943,18.56
20,1557,NGLFINE,EQ,2470,1201,48.62
20,1558,NH,EQ,400049,216430,54.10
20,1559,NHPC,EQ,13209197,5395477,40.85
20,1560,NIACL,EQ,1716743,650586,37.90
20,1561,NIBL,EQ,174700,88872,50.87
20,1562,NIDAN,SM,36000,36000,100.00
20,1563,NIF100BEES,EQ,22942,10260,44.72
20,1564,NIF100IETF,EQ,111449,69991,62.80
20,1565,NIF10GETF,EQ,1698,1655,97.47
20,1566,NIFITETF,EQ,645,622,96.43
20,1567,NIFMID150,EQ,1549,843,54.42
20,1568,NIFTY1,EQ,22992,12829,55.80
20,1569,NIFTY50ADD,EQ,5257,3608,68.63
20,1570,NIFTYBEES,EQ,1989349,1249661,62.82
20,1571,NIFTYBETF,EQ,5281,5060,95.82
20,1572,NIFTYETF,EQ,62170,40254,64.75
20,1573,NIFTYIETF,EQ,144980,96592,66.62
20,1574,NIFTYQLITY,EQ,111968,94140,84.08
20,1575,NIITLTD,EQ,5043591,1436004,28.47
20,1576,NIITMTS,EQ,80772,43085,53.34
20,1577,NILAINFRA,EQ,885500,439255,49.61
20,1578,NILKAMAL,EQ,7719,5139,66.58
20,1579,NINSYS,EQ,24447,15642,63.98
20,1580,NIPPOBATRY,EQ,5176,3311,63.97
20,1581,NIRAJ,EQ,5279762,1277653,24.20
20,1582,NIRMAN,ST,127200,119400,93.87
20,1583,NITCO,EQ,467695,342780,73.29
20,1584,NITINSPIN,EQ,119271,54347,45.57
20,1585,NITIRAJ,EQ,8655,4846,55.99
20,1586,NKIND,EQ,4920,1577,32.05
20,1587,NLCINDIA,EQ,2314214,901877,38.97
20,1588,NMDC,EQ,6975219,3045206,43.66
20,1589,NOCIL,EQ,577836,216635,37.49
20,1590,NORBTEAEXP,EQ,8489,8489,100.00
20,1591,NPBET,EQ,87,56,64.37
20,1592,NPST,SM,35700,23300,65.27
20,1593,NRAIL,EQ,2670,1553,58.16
20,1594,NRBBEARING,EQ,132080,70186,53.14
20,1595,NRL,EQ,1121936,483232,43.07
20,1596,NSIL,EQ,9499,6097,64.19
20,1597,NSLNISP,EQ,3172876,1314248,41.42
20,1598,NTPC,EQ,15852309,8697630,54.87
20,1599,NUCLEUS,EQ,32547,14650,45.01
20,1600,NURECA,EQ,58164,28591,49.16
20,1601,NUVAMA,EQ,65530,32610,49.76
20,1602,NUVOCO,EQ,216020,123095,56.98
20,1603,NV20,EQ,16713,8307,49.70
20,1604,NV20BEES,EQ,11508,6077,52.81
20,1605,NV20IETF,EQ,976579,336650,34.47
20,1606,NXST,RR,358567,254457,70.96
20,1607,NYKAA,EQ,6633970,2881121,43.43
20,1608,OAL,EQ,138280,28579,20.67
20,1609,OBCL,EQ,24470,18301,74.79
20,1610,OBEROIRLTY,EQ,521608,308821,59.21
20,1611,OFSS,EQ,359537,85161,23.69
20,1612,OIL,EQ,5509452,2208699,40.09
20,1613,OILIETF,EQ,1495133,716419,47.92
20,1614,OLAELEC,EQ,51113502,15228949,29.79
20,1615,OLECTRA,EQ,381952,123641,32.37
20,1616,OMAXAUTO,EQ,21404,11033,51.55
20,1617,OMFURN,SM,9600,7200,75.00
20,1618,ONDOOR,SM,4800,4200,87.50
20,1619,ONEPOINT,EQ,1154591,618210,53.54
20,1620,ONGC,EQ,15618589,7327285,46.91
20,1621,ONMOBILE,EQ,557001,179938,32.30
20,1622,ONWARDTEC,EQ,24659,11571,46.92
20,1623,OPTIEMUS,EQ,145214,63124,43.47
20,1624,ORBTEXP,EQ,27865,17119,61.44
20,1625,ORCHPHARMA,EQ,77275,36009,46.60
20,1626,ORIANA,SM,66750,53100,79.55
20,1627,ORICONENT,EQ,599619,274348,45.75
20,1628,ORIENTBELL,EQ,10791,6230,57.73
20,1629,ORIENTCEM,EQ,1019658,349547,34.28
20,1630,ORIENTCER,EQ,127251,43480,34.17
20,1631,ORIENTELEC,EQ,246716,144380,58.52
20,1632,ORIENTHOT,EQ,3888883,869921,22.37
20,1633,ORIENTLTD,EQ,5783,3614,62.49
20,1634,ORIENTPPR,EQ,1040080,588440,56.58
20,1635,ORISSAMINE,EQ,29369,9754,33.21
20,1636,ORTINGLOBE,EQ,55855,35989,64.43
20,1637,OSWALGREEN,EQ,2861102,829374,28.99
20,1638,OWAIS,SM,6400,4800,75.00
20,1639,PAGEIND,EQ,8622,4676,54.23
20,1640,PAISALO,EQ,3195268,2106468,65.92
20,1641,PAKKA,EQ,391587,179329,45.80
20,1642,PALASHSECU,EQ,14915,8100,54.31
20,1643,PANACEABIO,EQ,1783519,829294,46.50
20,1644,PANAMAPET,EQ,70930,40768,57.48
20,1645,PAR,EQ,13762,8712,63.30
20,1646,PARACABLES,EQ,14187200,4582934,32.30
20,1647,PARADEEP,EQ,3903579,1808883,46.34
20,1648,PARAGMILK,EQ,276227,133508,48.33
20,1649,PARAGON,SM,16800,10800,64.29
20,1650,PARAMATRIX,ST,198000,196800,99.39
20,1651,PARKHOTELS,EQ,280978,213325,75.92
20,1652,PARTYCRUS,SM,12000,12000,100.00
20,1653,PASHUPATI,SM,800,800,100.00
20,1654,PASUPTAC,EQ,16286730,2523097,15.49
20,1655,PATANJALI,EQ,580191,329346,56.77
20,1656,PATELENG,EQ,10027669,4249692,42.38
20,1657,PATINTLOG,EQ,390415,212058,54.32
20,1658,PAVNAIND,EQ,4997,4237,84.79
20,1659,PAYTM,EQ,35594437,6444942,18.11
20,1660,PCBL,EQ,3798234,1577831,41.54
20,1661,PCCL,SM,28800,21600,75.00
20,1662,PCJEWELLER,EQ,13640621,5974189,43.80
20,1663,PDMJEPAPER,EQ,228388,108925,47.69
20,1664,PDSL,EQ,82063,50361,61.37
20,1665,PEARLPOLY,EQ,145251,72171,49.69
20,1666,PEL,EQ,486234,184290,37.90
20,1667,PENIND,EQ,804821,374090,46.48
20,1668,PENINLAND,EQ,558321,309092,55.36
20,1669,PENTAGON,SM,44000,43000,97.73
20,1670,PERSISTENT,EQ,343692,143456,41.74
20,1671,PETRONET,EQ,2878004,1759021,61.12
20,1672,PFC,EQ,14833993,6732668,45.39
20,1673,PFIZER,EQ,24602,10009,40.68
20,1674,PFS,EQ,1089931,540359,49.58
20,1675,PGEL,EQ,1762238,894375,50.75
20,1676,PGHH,EQ,5062,3055,60.35
20,1677,PGHL,EQ,4017,2324,57.85
20,1678,PGIL,EQ,42661,20563,48.20
20,1679,PGINVIT,IV,2326740,2103196,90.39
20,1680,PHANTOMFX,SM,32700,25500,77.98
20,1681,PHARMABEES,EQ,3655196,2931084,80.19
20,1682,PHOENIXLTD,EQ,196083,98060,50.01
20,1683,PIDILITIND,EQ,276297,154644,55.97
20,1684,PIIND,EQ,355228,225888,63.59
20,1685,PILANIINVS,EQ,4350,1670,38.39
20,1686,PILITA,EQ,371861,228024,61.32
20,1687,PIONEEREMB,EQ,721611,395176,54.76
20,1688,PITTIENG,EQ,59635,30666,51.42
20,1689,PIXTRANS,EQ,126077,73917,58.63
20,1690,PLADAINFO,SM,12000,12000,100.00
20,1691,PLATIND,EQ,319384,158236,49.54
20,1692,PLAZACABLE,EQ,52285,26022,49.77
20,1693,PNB,EQ,12498926,4380111,35.04
20,1694,PNBGILTS,EQ,304552,85167,27.96
20,1695,PNBHOUSING,EQ,1410554,381535,27.05
20,1696,PNC,EQ,19937,9763,48.97
20,1697,PNCINFRA,EQ,243584,132774,54.51
20,1698,POCL,EQ,181729,73612,40.51
20,1699,PODDARMENT,EQ,9122,5259,57.65
20,1700,POKARNA,EQ,95646,35113,36.71
20,1701,POLICYBZR,EQ,609220,325482,53.43
20,1702,POLYCAB,EQ,147853,84826,57.37
20,1703,POLYMED,EQ,118127,72717,61.56
20,1704,POLYPLEX,EQ,164646,92244,56.03
20,1705,POLYSIL,SM,8000,8000,100.00
20,1706,PONNIERODE,EQ,61076,21061,34.48
20,1707,POONAWALLA,EQ,2125594,1046072,49.21
20,1708,POSITRON,SM,120600,64200,53.23
20,1709,POWERGRID,EQ,15472387,10770311,69.61
20,1710,POWERINDIA,EQ,38556,23939,62.09
20,1711,POWERMECH,EQ,73205,24916,34.04
20,1712,PPAP,EQ,12775,8888,69.57
20,1713,PPL,EQ,106803,47048,44.05
20,1714,PPLPHARMA,EQ,27435684,5083693,18.53
20,1715,PPSL,SM,42000,36000,85.71
20,1716,PRAJIND,EQ,554904,231117,41.65
20,1717,PRAKASH,EQ,1170183,544670,46.55
20,1718,PRAMARA,SM,16000,12000,75.00
20,1719,PRATHAM,SM,14400,14400,100.00
20,1720,PRECAM,EQ,696715,319705,45.89
20,1721,PRECISION,SM,12000,10000,83.33
20,1722,PRECWIRE,EQ,7351962,1165484,15.85
20,1723,PREMIERENE,EQ,22676122,3286781,14.49
20,1724,PREMIERPOL,EQ,13692,7818,57.10
20,1725,PRESSTONIC,SM,48000,36000,75.00
20,1726,PRESTIGE,EQ,1429192,839498,58.74
20,1727,PRICOLLTD,EQ,247120,146734,59.38
20,1728,PRIMESECU,EQ,11348,3720,32.78
20,1729,PRINCEPIPE,EQ,992408,437912,44.13
20,1730,PRITI,EQ,40093,19170,47.81
20,1731,PRITIKA,SM,160000,72000,45.00
20,1732,PRITIKAUTO,EQ,1659814,656241,39.54
20,1733,PRIVISCL,EQ,24172,14837,61.38
20,1734,PRIZOR,SM,54400,33600,61.76
20,1735,PRLIND,SM,94000,76000,80.85
20,1736,PROLIFE,SM,500,500,100.00
20,1737,PROPEQUITY,SM,3600,3000,83.33
20,1738,PROZONER,EQ,310026,143020,46.13
20,1739,PRSMJOHNSN,EQ,45167258,3636709,8.05
20,1740,PRUDENT,EQ,36171,18392,50.85
20,1741,PRUDMOULI,EQ,232796,196526,84.42
20,1742,PSB,EQ,1460974,636658,43.58
20,1743,PSPPROJECT,EQ,20486,7727,37.72
20,1744,PSUBANK,EQ,95876,80696,84.17
20,1745,PSUBANKADD,EQ,24266,18008,74.21
20,1746,PSUBNKBEES,EQ,1467391,891734,60.77
20,1747,PSUBNKIETF,EQ,155344,88193,56.77
20,1748,PTC,EQ,1531152,768158,50.17
20,1749,PTL,EQ,166392,75951,45.65
20,1750,PULZ,SM,14000,14000,100.00
20,1751,PUNJABCHEM,EQ,3126,1622,51.89
20,1752,PURVFLEXI,SM,22400,22400,100.00
20,1753,PVRINOX,EQ,640762,244873,38.22
20,1754,PVSL,EQ,52923,30674,57.96
20,1755,PVTBANIETF,EQ,3436813,3015212,87.73
20,1756,PVTBANKADD,EQ,63197,55795,88.29
20,1757,PYRAMID,EQ,1189779,334939,28.15
20,1758,QFIL,SM,1000,1000,100.00
20,1759,QGOLDHALF,EQ,265079,140612,53.05
20,1760,QMSMEDI,SM,6000,6000,100.00
20,1761,QNIFTY,EQ,11040,10815,97.96
20,1762,QUADPRO,SM,12000,12000,100.00
20,1763,QUAL30IETF,EQ,182193,117690,64.60
20,1764,QUESS,EQ,407295,179443,44.06
20,1765,QUESTLAB,SM,6000,6000,100.00
20,1766,QUICKHEAL,EQ,244635,93036,38.03
20,1767,QUICKTOUCH,SM,15500,15000,96.77
20,1768,QVCEL,ST,9600,9600,100.00
20,1769,RACE,EQ,33154,15659,47.23
20,1770,RADAAN,EQ,36003,36003,100.00
20,1771,RADHIKAJWE,EQ,4883276,1928699,39.50
20,1772,RADIANTCMS,EQ,223870,143635,64.16
20,1773,RADICO,EQ,601001,205270,34.15
20,1774,RADIOCITY,EQ,337483,178788,52.98
20,1775,RADIOCITY,P1,454,454,100.00
20,1776,RADIOWALLA,SM,1600,1600,100.00
20,1777,RAILTEL,EQ,967797,336807,34.80
20,1778,RAIN,EQ,2480884,1192697,48.08
20,1779,RAINBOW,EQ,126980,69089,54.41
20,1780,RAJESHEXPO,EQ,219857,102482,46.61
20,1781,RAJINDLTD,SM,84000,57000,67.86
20,1782,RAJMET,EQ,1267036,605982,47.83
20,1783,RAJRATAN,EQ,19138,11501,60.10
20,1784,RAJSREESUG,EQ,33407,11809,35.35
20,1785,RALLIS,EQ,305449,166787,54.60
20,1786,RAMANEWS,EQ,64646,46253,71.55
20,1787,RAMAPHO,EQ,19643,7773,39.57
20,1788,RAMASTEEL,EQ,133967538,42548536,31.76
20,1789,RAMCOCEM,EQ,279638,102190,36.54
20,1790,RAMCOIND,EQ,112479,66491,59.11
20,1791,RAMCOSYS,EQ,59667,28367,47.54
20,1792,RAMKY,EQ,34570,18558,53.68
20,1793,RAMRAT,EQ,50763,22103,43.54
20,1794,RANASUG,EQ,254033,115008,45.27
20,1795,RANEHOLDIN,EQ,56350,20629,36.61
20,1796,RATEGAIN,EQ,552146,310073,56.16
20,1797,RATNAMANI,EQ,34324,16466,47.97
20,1798,RAYMOND,EQ,305501,60271,19.73
20,1799,RBA,EQ,1933047,1078165,55.78
20,1800,RBLBANK,EQ,5750519,2644556,45.99
20,1801,RBMINFRA,SM,2200,2200,100.00
20,1802,RBS,SM,8000,4800,60.00
20,1803,RCDL,SM,39000,33000,84.62
20,1804,RCF,EQ,1694113,447618,26.42
20,1805,RECLTD,EQ,8925317,4314794,48.34
20,1806,REDINGTON,EQ,808611,462368,57.18
20,1807,REDTAPE,EQ,327992,190676,58.13
20,1808,REFEX,EQ,483898,229742,47.48
20,1809,REFRACTORY,ST,16000,16000,100.00
20,1810,RELAXO,EQ,138666,61720,44.51
20,1811,RELCHEMQ,EQ,42235,15443,36.56
20,1812,RELIANCE,EQ,5384130,3307014,61.42
20,1813,RELIGARE,EQ,4309998,1908181,44.27
20,1814,RELINFRA,EQ,8769665,2910732,33.19
20,1815,RELTD,EQ,89496,89496,100.00
20,1816,REMSONSIND,EQ,32791,24149,73.65
20,1817,REMUS,SM,1900,1000,52.63
20,1818,RENUKA,EQ,4850413,1725919,35.58
20,1819,REPCOHOME,EQ,253709,104459,41.17
20,1820,REPL,EQ,132321,70942,53.61
20,1821,REPRO,EQ,36271,12723,35.08
20,1822,RESPONIND,EQ,957853,203733,21.27
20,1823,REXPIPES,SM,4000,4000,100.00
20,1824,RGL,EQ,2167856,537124,24.78
20,1825,RHFL,EQ,1102019,1101917,99.99
20,1826,RHIM,EQ,121837,71954,59.06
20,1827,RICHA,SM,1000,1000,100.00
20,1828,RICOAUTO,EQ,608735,280172,46.03
20,1829,RIIL,EQ,94647,26718,28.23
20,1830,RILINFRA,ST,14400,12800,88.89
20,1831,RISHABH,EQ,60160,24386,40.54
20,1832,RITCO,EQ,31757,12901,40.62
20,1833,RITES,EQ,624747,315466,50.50
20,1834,RITEZONE,SM,24000,14400,60.00
20,1835,RKFORGE,EQ,281109,123822,44.05
20,1836,RKSWAMY,EQ,148420,61296,41.30
20,1837,RMDRIP,SM,29000,27000,93.10
20,1838,RML,EQ,11829,6301,53.27
20,1839,RNFI,SM,34800,25200,72.41
20,1840,ROCKINGDCE,SM,30750,9250,30.08
20,1841,ROHLTD,EQ,229244,82179,35.85
20,1842,ROLEXRINGS,EQ,20586,13031,63.30
20,1843,ROML,EQ,33200,5745,17.30
20,1844,ROSSARI,EQ,83636,38017,45.46
20,1845,ROSSELLIND,EQ,107678,50854,47.23
20,1846,ROTO,EQ,69332,32892,47.44
20,1847,ROUTE,EQ,305398,128162,41.97
20,1848,ROXHITECH,SM,72000,54400,75.56
20,1849,RPEL,EQ,54071,15298,28.29
20,1850,RPGLIFE,EQ,60412,39835,65.94
20,1851,RPOWER,EQ,27203820,10897780,40.06
20,1852,RPPL,EQ,375423,199662,53.18
20,1853,RPSGVENT,EQ,147063,65889,44.80
20,1854,RPTECH,EQ,304203,149321,49.09
20,1855,RRKABEL,EQ,240925,157019,65.17
20,1856,RSWM,EQ,136224,87991,64.59
20,1857,RSYSTEMS,EQ,73285,46562,63.54
20,1858,RTNINDIA,EQ,4621189,1847080,39.97
20,1859,RTNPOWER,EQ,16066781,8350383,51.97
20,1860,RUBFILA,EQ,182834,83028,45.41
20,1861,RUBYMILLS,EQ,68961,32094,46.54
20,1862,RUCHIRA,EQ,167680,87761,52.34
20,1863,RULKA,ST,9000,9000,100.00
20,1864,RUPA,EQ,989285,290131,29.33
20,1865,RUSHIL,EQ,736453,403526,54.79
20,1866,RUSTOMJEE,EQ,69828,44623,63.90
20,1867,RVNL,EQ,7591740,1881427,24.78
20,1868,SAAKSHI,ST,8400,7200,85.71
20,1869,SABAR,SM,290000,220000,75.86
20,1870,SADBHAV,EQ,7170500,3718295,51.86
20,1871,SADHAV,SM,63600,48000,75.47
20,1872,SADHNANIQ,EQ,560040,330314,58.98
20,1873,SAFARI,EQ,39101,18990,48.57
20,1874,SAGCEM,EQ,30596,12025,39.30
20,1875,SAH,EQ,70544,34790,49.32
20,1876,SAHAJ,SM,20000,12000,60.00
20,1877,SAHAJSOLAR,SM,108800,66400,61.03
20,1878,SAHANA,SM,6500,5500,84.62
20,1879,SAHYADRI,EQ,20872,13209,63.29
20,1880,SAIFL,SM,44000,24000,54.55
20,1881,SAIL,EQ,12603493,3634872,28.84
20,1882,SAKAR,EQ,49577,31834,64.21
20,1883,SAKHTISUG,EQ,373896,198650,53.13
20,1884,SAKSOFT,EQ,477449,212851,44.58
20,1885,SALASAR,EQ,40575003,15110032,37.24
20,1886,SALONA,EQ,343,200,58.31
20,1887,SALSTEEL,EQ,1597617,761451,47.66
20,1888,SALZERELEC,EQ,65660,26541,40.42
20,1889,SAMBHAAV,EQ,143071,60447,42.25
20,1890,SAMHI,EQ,642263,317915,49.50
20,1891,SAMMAANCAP,EQ,3175642,1338601,42.15
20,1892,SANDESH,EQ,1980,1276,64.44
20,1893,SANDHAR,EQ,75746,32915,43.45
20,1894,SANDUMA,EQ,133190,76177,57.19
20,1895,SANGAMIND,EQ,37864,20701,54.67
20,1896,SANGHIIND,EQ,441014,202016,45.81
20,1897,SANGHVIMOV,EQ,155169,75493,48.65
20,1898,SANGINITA,EQ,69334,55548,80.12
20,1899,SANOFI,EQ,11120,5482,49.30
20,1900,SANSERA,EQ,135438,81650,60.29
20,1901,SANSTAR,EQ,3765929,1442938,38.32
20,1902,SAPPHIRE,EQ,1900540,1404509,73.90
20,1903,SARDAEN,EQ,718791,343777,47.83
20,1904,SAREGAMA,EQ,285386,169694,59.46
20,1905,SAROJA,SM,14400,11200,77.78
20,1906,SARTELE,SM,375000,207500,55.33
20,1907,SARVESHWAR,EQ,41543125,18078261,43.52
20,1908,SASKEN,EQ,9712,6680,68.78
20,1909,SASTASUNDR,EQ,54886,37148,67.68
20,1910,SATECH,SM,42000,32000,76.19
20,1911,SATIA,EQ,228925,110705,48.36
20,1912,SATIN,EQ,141420,89361,63.19
20,1913,SATINDLTD,EQ,1774164,616296,34.74
20,1914,SATIPOLY,SM,13000,12000,92.31
20,1915,SAURASHCEM,EQ,108903,56816,52.17
20,1916,SBC,EQ,7316876,2736900,37.41
20,1917,SBCL,EQ,124883,69972,56.03
20,1918,SBFC,EQ,3100508,1873980,60.44
20,1919,SBGLP,EQ,74273,33123,44.60
20,1920,SBICARD,EQ,2283172,1115233,48.85
20,1921,SBIETFCON,EQ,7316,4973,67.97
20,1922,SBIETFIT,EQ,13712,8515,62.10
20,1923,SBIETFPB,EQ,4872,3349,68.74
20,1924,SBIETFQLTY,EQ,8385,7271,86.71
20,1925,SBILIFE,EQ,2515665,1185791,47.14
20,1926,SBIN,EQ,12824701,4574940,35.67
20,1927,SBINEQWETF,EQ,15799,7918,50.12
20,1928,SBISILVER,EQ,21473,16067,74.82
20,1929,SCHAEFFLER,EQ,63989,33748,52.74
20,1930,SCHAND,EQ,78688,49965,63.50
20,1931,SCHNEIDER,EQ,180511,101536,56.25
20,1932,SCI,EQ,1666678,573698,34.42
20,1933,SCILAL,EQ,1247739,628660,50.38
20,1934,SCML,SM,52000,46000,88.46
20,1935,SCPL,EQ,18220,9952,54.62
20,1936,SDBL,EQ,6337967,2629894,41.49
20,1937,SDL24BEES,EQ,1506,1283,85.19
20,1938,SDL26BEES,EQ,24203,23694,97.90
20,1939,SEAMECLTD,EQ,29778,19392,65.12
20,1940,SECL,SM,1287500,1225000,95.15
20,1941,SECMARK,EQ,7785,6951,89.29
20,1942,SECURKLOUD,EQ,24668,14232,57.69
20,1943,SEL,SM,5600,4000,71.43
20,1944,SELAN,EQ,44701,23113,51.71
20,1945,SENCO,EQ,433544,281620,64.96
20,1946,SENSEXADD,EQ,1287,768,59.67
20,1947,SENSEXETF,EQ,1901,1402,73.75
20,1948,SENSEXIETF,EQ,3900,1965,50.38
20,1949,SEPC,EQ,74926818,26941044,35.96
20,1950,SEQUENT,EQ,3962442,1467374,37.03
20,1951,SERVICE,SM,10000,10000,100.00
20,1952,SERVOTECH,EQ,1632842,572424,35.06
20,1953,SESHAPAPER,EQ,22411,14570,65.01
20,1954,SETF10GILT,EQ,5205,4918,94.49
20,1955,SETFGOLD,EQ,1753032,1460657,83.32
20,1956,SETFNIF50,EQ,240320,211476,88.00
20,1957,SETFNIFBK,EQ,175621,171577,97.70
20,1958,SETFNN50,EQ,13031,9132,70.08
20,1959,SFL,EQ,77236,42418,54.92
20,1960,SFLZC26A,ZC,25,25,100.00
20,1961,SGBAPR28I,GB,47,46,97.87
20,1962,SGBAUG27,GB,26,26,100.00
20,1963,SGBAUG28V,GB,989,734,74.22
20,1964,SGBAUG29V,GB,50,34,68.00
20,1965,SGBAUG30,GB,298,215,72.15
20,1966,SGBD29VIII,GB,98,98,100.00
20,1967,SGBDE30III,GB,81,55,67.90
20,1968,SGBDE31III,GB,1530,1138,74.38
20,1969,SGBDEC25,GB,2,2,100.00
20,1970,SGBDEC26,GB,3,2,66.67
20,1971,SGBFEB29XI,GB,30,30,100.00
20,1972,SGBFEB32IV,GB,1542,921,59.73
20,1973,SGBJ28VIII,GB,11,11,100.00
20,1974,SGBJAN26,GB,3,3,100.00
20,1975,SGBJAN29IX,GB,60,34,56.67
20,1976,SGBJAN29X,GB,13,13,100.00
20,1977,SGBJAN30IX,GB,132,111,84.09
20,1978,SGBJU29III,GB,163,122,74.85
20,1979,SGBJUL25,GB,17,10,58.82
20,1980,SGBJUL27,GB,20,20,100.00
20,1981,SGBJUL28IV,GB,238,231,97.06
20,1982,SGBJUL29IV,GB,34,21,61.76
20,1983,SGBJUN28,GB,1,1,100.00
20,1984,SGBJUN29II,GB,226,193,85.40
20,1985,SGBJUN30,GB,35,25,71.43
20,1986,SGBJUN31I,GB,460,373,81.09
20,1987,SGBMAR25,GB,30,16,53.33
20,1988,SGBMAR28X,GB,95,89,93.68
20,1989,SGBMAR30X,GB,16,14,87.50
20,1990,SGBMAR31IV,GB,117,87,74.36
20,1991,SGBMAY25,GB,10,7,70.00
20,1992,SGBMAY26,GB,1,1,100.00
20,1993,SGBMAY28,GB,497,403,81.09
20,1994,SGBMAY29I,GB,534,469,87.83
20,1995,SGBMR29XII,GB,171,166,97.08
20,1996,SGBN28VIII,GB,196,133,67.86
20,1997,SGBNOV24,GB,23,17,73.91
20,1998,SGBNOV25VI,GB,2,2,100.00
20,1999,SGBNV29VII,GB,92,52,56.52
20,2000,SGBOC28VII,GB,33,31,93.94
20,2001,SGBOCT25,GB,20,20,100.00
20,2002,SGBOCT25IV,GB,35,35,100.00
20,2003,SGBOCT25V,GB,2,2,100.00
20,2004,SGBOCT27VI,GB,15,6,40.00
20,2005,SGBSEP24,GB,190,156,82.11
20,2006,SGBSEP27,GB,31,29,93.55
20,2007,SGBSEP28VI,GB,157,106,67.52
20,2008,SGBSEP29VI,GB,148,127,85.81
20,2009,SGBSEP31II,GB,1045,750,71.77
20,2010,SGIL,EQ,294466,90108,30.60
20,2011,SHAHALLOYS,EQ,164217,92688,56.44
20,2012,SHAILY,EQ,80718,56223,69.65
20,2013,SHAKTIPUMP,EQ,65139,39636,60.85
20,2014,SHALBY,EQ,216559,91928,42.45
20,2015,SHALPAINTS,EQ,118787,67933,57.19
20,2016,SHANKARA,EQ,89447,31972,35.74
20,2017,SHANTHALA,SM,4800,3600,75.00
20,2018,SHANTI,EQ,5442,3161,58.09
20,2019,SHANTIGEAR,EQ,21940,10138,46.21
20,2020,SHARDACROP,EQ,63265,36149,57.14
20,2021,SHARDAMOTR,EQ,19740,11216,56.82
20,2022,SHAREINDIA,EQ,491243,257581,52.43
20,2023,SHAREINDIA,W1,4803,4296,89.44
20,2024,SHARIABEES,EQ,2424,1401,57.80
20,2025,SHEETAL,SM,2000,2000,100.00
20,2026,SHEMAROO,EQ,796878,259566,32.57
20,2027,SHERA,SM,10000,8000,80.00
20,2028,SHIGAN,SM,60000,54000,90.00
20,2029,SHILPAMED,EQ,239672,128899,53.78
20,2030,SHIVALIK,EQ,4784,2536,53.01
20,2031,SHIVAMILLS,EQ,14684,5788,39.42
20,2032,SHIVATEX,EQ,16075,8250,51.32
20,2033,SHK,EQ,1500473,682579,45.49
20,2034,SHOPERSTOP,EQ,21962,9444,43.00
20,2035,SHREDIGCEM,EQ,278086,147410,53.01
20,2036,SHREECEM,EQ,18493,9256,50.05
20,2037,SHREEKARNI,ST,6000,5400,90.00
20,2038,SHREEOSFM,SM,28000,23000,82.14
20,2039,SHREYANIND,EQ,27522,14332,52.07
20,2040,SHREYAS,EQ,25026,10815,43.22
20,2041,SHRIPISTON,EQ,535906,246332,45.97
20,2042,SHRIRAMFIN,EQ,1238014,552520,44.63
20,2043,SHRIRAMPPS,EQ,2381566,776081,32.59
20,2044,SHRITECH,SM,50000,48000,96.00
20,2045,SHUBHLAXMI,SM,6000,6000,100.00
20,2046,SHYAMCENT,EQ,227530,103514,45.49
20,2047,SHYAMMETL,EQ,628077,361242,57.52
20,2048,SIDDHIKA,SM,1000,1000,100.00
20,2049,SIEMENS,EQ,230709,129151,55.98
20,2050,SIGACHI,EQ,1585621,949761,59.90
20,2051,SIGIND,EQ,16642,6246,37.53
20,2052,SIGMA,EQ,3263,2448,75.02
20,2053,SIGNATURE,EQ,532717,152608,28.65
20,2054,SIGNORIA,SM,6000,6000,100.00
20,2055,SIGNPOST,EQ,100608,61216,60.85
20,2056,SILGO,EQ,210353,68301,32.47
20,2057,SILINV,EQ,5109,2850,55.78
20,2058,SILKFLEX,SM,92000,72000,78.26
20,2059,SILVER,EQ,68385,54359,79.49
20,2060,SILVER1,EQ,13075,10380,79.39
20,2061,SILVERADD,EQ,21082,17225,81.70
20,2062,SILVERBEES,EQ,4100077,2700453,65.86
20,2063,SILVERETF,EQ,73465,60536,82.40
20,2064,SILVERIETF,EQ,528034,450445,85.31
20,2065,SILVERTUC,EQ,23009,5189,22.55
20,2066,SILVRETF,EQ,20157,13493,66.94
20,2067,SIMPLEXINF,EQ,577027,442819,76.74
20,2068,SINCLAIR,EQ,51951,26502,51.01
20,2069,SINDHUTRAD,EQ,3778658,1710892,45.28
20,2070,SINTERCOM,EQ,11550,6022,52.14
20,2071,SIRCA,EQ,86712,49137,56.67
20,2072,SIS,EQ,96013,67265,70.06
20,2073,SIYSIL,EQ,39532,22126,55.97
20,2074,SJLOGISTIC,SM,58000,41500,71.55
20,2075,SJS,EQ,60642,33970,56.02
20,2076,SJVN,EQ,24670862,3862831,15.66
20,2077,SKFINDIA,EQ,90259,78558,87.04
20,2078,SKIPPER,EQ,364288,160151,43.96
20,2079,SKIPPERPP,E1,3021,2486,82.29
20,2080,SKMEGGPROD,EQ,124767,61832,49.56
20,2081,SKP,SM,5000,3500,70.00
20,2082,SLONE,ST,14400,12800,88.89
20,2083,SMALLCAP,EQ,306782,269556,87.87
20,2084,SMARTLINK,EQ,15736,7669,48.74
20,2085,SMCGLOBAL,EQ,286603,188859,65.90
20,2086,SMLISUZU,EQ,42636,20880,48.97
20,2087,SMLT,EQ,14156,9497,67.09
20,2088,SMSPHARMA,EQ,215605,71533,33.18
20,2089,SMVD,SM,12120,12120,100.00
20,2090,SNOWMAN,EQ,3178244,878049,27.63
20,2091,SOBHA,EQ,136580,71373,52.26
20,2092,SOBHAPP,E1,1119,906,80.97
20,2093,SOFTTECH,EQ,8700,7378,84.80
20,2094,SOLARAPP,X1,14219,14188,99.78
20,2095,SOLARINDS,EQ,50267,27162,54.04
20,2096,SOLEX,SM,19800,11000,55.56
20,2097,SOMANYCERA,EQ,16490,7444,45.14
20,2098,SOMATEX,EQ,80150,44866,55.98
20,2099,SONACOMS,EQ,2571346,1591249,61.88
20,2100,SONAMAC,SM,70000,49000,70.00
20,2101,SONAMLTD,EQ,78187,43199,55.25
20,2102,SONATSOFTW,EQ,711633,212230,29.82
20,2103,SONUINFRA,ST,12000,12000,100.00
20,2104,SOTL,EQ,50860,26663,52.42
20,2105,SOUTHBANK,EQ,8955367,4315844,48.19
20,2106,SPAL,EQ,63998,10989,17.17
20,2107,SPANDANA,EQ,149722,82598,55.17
20,2108,SPARC,EQ,732642,292629,39.94
20,2109,SPCENET,EQ,1320969,810439,61.35
20,2110,SPCL,SM,72000,57600,80.00
20,2111,SPECIALITY,EQ,165546,85739,51.79
20,2112,SPECTRUM,SM,1375,1375,100.00
20,2113,SPECTSTM,SM,55200,45600,82.61
20,2114,SPENCERS,EQ,933861,287553,30.79
20,2115,SPIC,EQ,1761696,635917,36.10
20,2116,SPLIL,EQ,82524,31579,38.27
20,2117,SPLPETRO,EQ,73751,50999,69.15
20,2118,SPORTKING,EQ,45368,20192,44.51
20,2119,SPRL,ST,10400,10400,100.00
20,2120,SREEL,EQ,8727,4076,46.71
20,2121,SRF,EQ,351145,216752,61.73
20,2122,SRGHFL,EQ,4558,2796,61.34
20,2123,SRHHYPOLTD,EQ,23067,10139,43.95
20,2124,SRIVASAVI,SM,11000,8000,72.73
20,2125,SRPL,EQ,1686674,1589434,94.23
20,2126,SSDL,EQ,1779565,701445,39.42
20,2127,SSEGL,SM,854000,413000,48.36
20,2128,SSFL,SM,17500,15000,85.71
20,2129,SSWL,EQ,180143,105243,58.42
20,2130,STANLEY,EQ,134020,57326,42.77
20,2131,STAR,EQ,355855,253099,71.12
20,2132,STARCEMENT,EQ,318522,170007,53.37
20,2133,STARHEALTH,EQ,1019052,645166,63.31
20,2134,STARPAPER,EQ,13496,8429,62.46
20,2135,STCINDIA,EQ,293211,67504,23.02
20,2136,STEELCAS,EQ,71778,19185,26.73
20,2137,STEELCITY,EQ,92217,19667,21.33
20,2138,STEELXIND,EQ,1899515,804039,42.33
20,2139,STERTOOLS,EQ,101965,53318,52.29
20,2140,STLTECH,EQ,1338737,636116,47.52
20,2141,STOVEKRAFT,EQ,92264,70008,75.88
20,2142,STYLAMIND,EQ,32280,14416,44.66
20,2143,STYLEBAAZA,EQ,2977636,973617,32.70
20,2144,STYRENIX,EQ,44426,27802,62.58
20,2145,SUBEXLTD,EQ,3077847,1529302,49.69
20,2146,SUBROS,EQ,73785,28306,38.36
20,2147,SUDARSCHEM,EQ,105157,51002,48.50
20,2148,SUKHJITS,EQ,96056,57888,60.26
20,2149,SULA,EQ,380158,184011,48.40
20,2150,SUMICHEM,EQ,9638799,1433965,14.88
20,2151,SUMMITSEC,EQ,264945,23470,8.86
20,2152,SUNCLAY,EQ,48717,42659,87.56
20,2153,SUNDARMFIN,EQ,90397,43691,48.33
20,2154,SUNDARMHLD,EQ,125335,60724,48.45
20,2155,SUNDRMFAST,EQ,57317,27824,48.54
20,2156,SUNFLAG,EQ,1208247,1007040,83.35
20,2157,SUNLITE,SM,69600,51600,74.14
20,2158,SUNPHARMA,EQ,1460472,1062137,72.73
20,2159,SUNREST,SM,4800,3200,66.67
20,2160,SUNTECK,EQ,221852,104303,47.01
20,2161,SUNTV,EQ,420386,91345,21.73
20,2162,SUPERHOUSE,EQ,6979,3362,48.17
20,2163,SUPERSPIN,EQ,267980,114684,42.80
20,2164,SUPRAJIT,EQ,2072589,435329,21.00
20,2165,SUPREMEIND,EQ,258937,186611,72.07
20,2166,SUPREMEPWR,ST,48000,46000,95.83
20,2167,SUPRIYA,EQ,261196,117456,44.97
20,2168,SURAJLTD,EQ,12263,9933,81.00
20,2169,SURANASOL,EQ,747609,385264,51.53
20,2170,SURANI,SM,2200,1800,81.82
20,2171,SURYALAXMI,EQ,44865,19756,44.03
20,2172,SURYAROSNI,EQ,233796,107560,46.01
20,2173,SURYODAY,EQ,331312,152413,46.00
20,2174,SUTLEJTEX,EQ,397748,103101,25.92
20,2175,SUVEN,EQ,470441,206495,43.89
20,2176,SUVENPHAR,EQ,657086,159027,24.20
20,2177,SUVIDHAA,EQ,205560,94117,45.79
20,2178,SUYOG,EQ,67622,33141,49.01
20,2179,SUZLON,EQ,144759489,68947923,47.63
20,2180,SVPGLOB,EQ,61583,42256,68.62
20,2181,SWANENERGY,EQ,1444502,535835,37.09
20,2182,SWARAJ,SM,51000,46000,90.20
20,2183,SWARAJENG,EQ,10486,6363,60.68
20,2184,SWASTIK,SM,4800,4800,100.00
20,2185,SWELECTES,EQ,71196,33925,47.65
20,2186,SWSOLAR,EQ,1399115,836831,59.81
20,2187,SYLVANPLY,SM,42000,20000,47.62
20,2188,SYMPHONY,EQ,260932,155213,59.48
20,2189,SYNCOMF,EQ,33999899,12097830,35.58
20,2190,SYNGENE,EQ,2217228,1085165,48.94
20,2191,SYNOPTICS,SM,90000,43800,48.67
20,2192,SYRMA,EQ,394189,242570,61.54
20,2193,SYSTANGO,SM,35200,21600,61.36
20,2194,TAC,SM,38400,19200,50.00
20,2195,TAJGVK,EQ,382968,151005,39.43
20,2196,TAKE,EQ,121652,83786,68.87
20,2197,TALBROAUTO,EQ,107544,45674,42.47
20,2198,TANLA,EQ,289845,152608,52.65
20,2199,TARACHAND,EQ,17342,11832,68.23
20,2200,TARSONS,EQ,65793,38486,58.50
20,2201,TASTYBITE,EQ,3947,1838,46.57
20,2202,TATACHEM,EQ,452578,155231,34.30
20,2203,TATACOMM,EQ,1071168,523614,48.88
20,2204,TATACONSUM,EQ,1815998,961132,52.93
20,2205,TATAELXSI,EQ,358444,100863,28.14
20,2206,TATAGOLD,EQ,1727039,1041770,60.32
20,2207,TATAINVEST,EQ,44286,16361,36.94
20,2208,TATAMOTORS,EQ,6919238,2960446,42.79
20,2209,TATAPOWER,EQ,39706164,13332941,33.58
20,2210,TATASTEEL,EQ,41607844,18104034,43.51
20,2211,TATATECH,EQ,3214864,1327032,41.28
20,2212,TATSILV,EQ,528299,483836,91.58
20,2213,TATVA,EQ,43059,23952,55.63
20,2214,TBI,ST,20400,19200,94.12
20,2215,TBOTEK,EQ,22253,10395,46.71
20,2216,TBZ,EQ,3406876,759726,22.30
20,2217,TCHF30,NB,2,0,0.00
20,2218,TCI,EQ,71648,44330,61.87
20,2219,TCIEXP,EQ,20588,9272,45.04
20,2220,TCL,SM,27200,20000,73.53
20,2221,TCPLPACK,EQ,10338,2705,26.17
20,2222,TCS,EQ,1385591,774002,55.86
20,2223,TDPOWERSYS,EQ,283708,131341,46.29
20,2224,TEAMLEASE,EQ,23989,16433,68.50
20,2225,TECH,EQ,13970,10020,71.73
20,2226,TECHLABS,ST,23000,21500,93.48
20,2227,TECHM,EQ,2541973,1554407,61.15
20,2228,TECHNOE,EQ,142904,104288,72.98
20,2229,TEGA,EQ,110858,39211,35.37
20,2230,TEJASNET,EQ,162178,106855,65.89
20,2231,TEXINFRA,EQ,530019,231482,43.67
20,2232,TEXMOPIPES,EQ,58859,33654,57.18
20,2233,TEXRAIL,EQ,1234234,600727,48.67
20,2234,TFCILTD,EQ,1318224,672867,51.04
20,2235,TGBHOTELS,EQ,194326,119132,61.31
20,2236,TGL,ST,79200,75600,95.45
20,2237,THANGAMAYL,EQ,89128,38883,43.63
20,2238,THEJO,EQ,17410,12313,70.72
20,2239,THEMISMED,EQ,456893,242323,53.04
20,2240,THERMAX,EQ,53151,31069,58.45
20,2241,THOMASCOOK,EQ,490158,276635,56.44
20,2242,THYROCARE,EQ,33850,19954,58.95
20,2243,TI,EQ,5412189,1518980,28.07
20,2244,TIDEWATER,EQ,21492,6532,30.39
20,2245,TIIL,EQ,19158,10560,55.12
20,2246,TIINDIA,EQ,159258,108319,68.01
20,2247,TIMESCAN,SM,36000,36000,100.00
20,2248,TIMESGTY,EQ,11784,10920,92.67
20,2249,TIMETECHNO,EQ,2040568,517181,25.34
20,2250,TIMKEN,EQ,68448,45777,66.88
20,2251,TIPSFILMS,EQ,2218,1464,66.01
20,2252,TIPSINDLTD,EQ,264597,125105,47.28
20,2253,TIRUMALCHM,EQ,194155,72056,37.11
20,2254,TIRUPATI,SM,2000,2000,100.00
20,2255,TITAGARH,EQ,300110,104689,34.88
20,2256,TITAN,EQ,1109078,635742,57.32
20,2257,TMB,EQ,224107,142895,63.76
20,2258,TNIDETF,EQ,147034,125461,85.33
20,2259,TNPETRO,EQ,115781,55919,48.30
20,2260,TNPL,EQ,137055,82760,60.38
20,2261,TOP100CASE,EQ,99042,87778,88.63
20,2262,TORNTPHARM,EQ,368058,216114,58.72
20,2263,TORNTPOWER,EQ,600504,293212,48.83
20,2264,TRACXN,EQ,905424,275624,30.44
20,2265,TRANSTEEL,SM,216000,162000,75.00
20,2266,TREEHOUSE,EQ,24534,10997,44.82
20,2267,TREJHARA,EQ,31094,27848,89.56
20,2268,TREL,EQ,337186,147328,43.69
20,2269,TRENT,EQ,376043,244710,65.08
20,2270,TRF,EQ,11426,5225,45.73
20,2271,TRIDENT,EQ,4579394,1892107,41.32
20,2272,TRIDHYA,SM,57000,57000,100.00
20,2273,TRITURBINE,EQ,568160,184844,32.53
20,2274,TRIVENI,EQ,1720805,369850,21.49
20,2275,TROM,SM,74400,46800,62.90
20,2276,TRU,EQ,759201,388480,51.17
20,2277,TRUST,ST,72000,64800,90.00
20,2278,TTKHLTCARE,EQ,33255,15221,45.77
20,2279,TTKPRESTIG,EQ,108031,76244,70.58
20,2280,TTL,EQ,12102,6394,52.83
20,2281,TTML,EQ,6420885,1470666,22.90
20,2282,TUNWAL,SM,230000,146000,63.48
20,2283,TV18BRDCST,EQ,7403409,2498047,33.74
20,2284,TVSHLTD,EQ,7679,5136,66.88
20,2285,TVSMOTOR,EQ,361187,200966,55.64
20,2286,TVSSCS,EQ,8772945,4039856,46.05
20,2287,TVSSRICHAK,EQ,1659,704,42.44
20,2288,TVTODAY,EQ,500633,284609,56.85
20,2289,UBL,EQ,159048,75425,47.42
20,2290,UCAL,EQ,42906,25747,60.01
20,2291,UCOBANK,EQ,3253890,917224,28.19
20,2292,UDAICEMENT,EQ,911261,356371,39.11
20,2293,UDS,EQ,907390,295757,32.59
20,2294,UFLEX,EQ,154091,87427,56.74
20,2295,UFO,EQ,217735,105659,48.53
20,2296,UGARSUGAR,EQ,307507,133725,43.49
20,2297,UGROCAP,EQ,239233,164085,68.59
20,2298,UJJIVANSFB,EQ,9641531,6741704,69.92
20,2299,ULTRACEMCO,EQ,237496,142330,59.93
20,2300,UMA,SM,172000,84000,48.84
20,2301,UNICHEMLAB,EQ,65829,11223,17.05
20,2302,UNIDT,EQ,35938,21166,58.90
20,2303,UNIECOM,EQ,7080033,1866934,26.37
20,2304,UNIENTER,EQ,47123,25535,54.19
20,2305,UNIHEALTH,SM,24000,16000,66.67
20,2306,UNIINFO,EQ,13867,6053,43.65
20,2307,UNIONBANK,EQ,6293832,3205451,50.93
20,2308,UNIPARTS,EQ,102096,62215,60.94
20,2309,UNITDSPR,EQ,591925,286543,48.41
20,2310,UNITEDPOLY,EQ,3646,2510,68.84
20,2311,UNITEDTEA,EQ,6955,2528,36.35
20,2312,UNIVASTU,EQ,20180,18013,89.26
20,2313,UNIVCABLES,EQ,39675,25260,63.67
20,2314,UNIVPHOTO,EQ,1353,1056,78.05
20,2315,UNOMINDA,EQ,1382764,769468,55.65
20,2316,UPL,EQ,1638324,674125,41.15
20,2317,URBAN,SM,11600,10000,86.21
20,2318,URJA,EQ,2608998,1060710,40.66
20,2319,USASEEDS,SM,900,900,100.00
20,2320,USHAMART,EQ,1197193,595358,49.73
20,2321,UTIAMC,EQ,225630,107940,47.84
20,2322,UTIBANKETF,EQ,14970,12842,85.78
20,2323,UTINEXT50,EQ,95129,67223,70.67
20,2324,UTINIFTETF,EQ,18270,10822,59.23
20,2325,UTISENSETF,EQ,413,259,62.71
20,2326,UTISXN50,EQ,2853,1387,48.62
20,2327,UTKARSHBNK,EQ,1205097,777699,64.53
20,2328,UTSSAV,SM,747600,451200,60.35
20,2329,UTTAMSUGAR,EQ,48445,21023,43.40
20,2330,VADILALIND,EQ,4194,2060,49.12
20,2331,VAIBHAVGBL,EQ,426101,197638,46.38
20,2332,VAISHALI,EQ,237142,158648,66.90
20,2333,VAKRANGEE,EQ,31293251,9282215,29.66
20,2334,VALIANTLAB,EQ,232988,93976,40.34
20,2335,VALIANTORG,EQ,628067,181815,28.95
20,2336,VARDHACRLC,EQ,43194,22612,52.35
20,2337,VARROC,EQ,238841,164095,68.70
20,2338,VASCONEQ,EQ,967181,478679,49.49
20,2339,VASWANI,EQ,62869,32389,51.52
20,2340,VBL,EQ,2343604,1459159,62.26
20,2341,VDEAL,ST,290400,278400,95.87
20,2342,VEDL,EQ,13192375,6699433,50.78
20,2343,VEEKAYEM,SM,3000,2000,66.67
20,2344,VENKEYS,EQ,41074,18291,44.53
20,2345,VENUSPIPES,EQ,59276,36685,61.89
20,2346,VENUSREM,EQ,43466,19662,45.24
20,2347,VERITAAS,SM,1200,1200,100.00
20,2348,VERTEXPLUS,ST,14400,14400,100.00
20,2349,VERTOZ,EQ,3242004,1858267,57.32
20,2350,VESUVIUS,EQ,19996,12430,62.16
20,2351,VGUARD,EQ,329168,168061,51.06
20,2352,VHL,EQ,680,325,47.79
20,2353,VIAZ,SM,6000,6000,100.00
20,2354,VIDHIING,EQ,12867,7733,60.10
20,2355,VIJAYA,EQ,112826,47398,42.01
20,2356,VIKASECO,EQ,6799766,3613954,53.15
20,2357,VIKASLIFE,EQ,6358630,3325668,52.30
20,2358,VILAS,ST,71000,60000,84.51
20,2359,VILINBIO,SM,8000,8000,100.00
20,2360,VIMTALABS,EQ,363655,100063,27.52
20,2361,VINATIORGA,EQ,24298,11256,46.32
20,2362,VINDHYATEL,EQ,64120,28732,44.81
20,2363,VINEETLAB,EQ,29243,7854,26.86
20,2364,VINSYS,SM,8000,6000,75.00
20,2365,VINYAS,ST,3000,3000,100.00
20,2366,VINYLINDIA,EQ,37202,18597,49.99
20,2367,VIPIND,EQ,857469,450408,52.53
20,2368,VIPULLTD,EQ,1115811,824571,73.90
20,2369,VIRINCHI,EQ,495585,232353,46.88
20,2370,VISAKAIND,EQ,286316,157022,54.84
20,2371,VISAMAN,SM,15000,15000,100.00
20,2372,VISHNU,EQ,65723,39590,60.24
20,2373,VISHNUINFR,SM,24000,19000,79.17
20,2374,VISHWARAJ,EQ,873003,383477,43.93
20,2375,VISHWAS,SM,9600,9600,100.00
20,2376,VITAL,ST,27600,22800,82.61
20,2377,VIVIANA,ST,4000,4000,100.00
20,2378,VIVIDHA,EQ,1439717,901792,62.64
20,2379,VLEGOV,EQ,3276363,1591865,48.59
20,2380,VLINFRA,SM,42000,33000,78.57
20,2381,VLSFINANCE,EQ,124590,55969,44.92
20,2382,VMARCIND,SM,68000,54000,79.41
20,2383,VMART,EQ,22826,12745,55.84
20,2384,VOLTAMP,EQ,12866,7604,59.10
20,2385,VOLTAS,EQ,1680438,898830,53.49
20,2386,VPRPL,EQ,433101,198148,45.75
20,2387,VR,SM,3200,3200,100.00
20,2388,VRAJ,EQ,5436574,1205142,22.17
20,2389,VRLLOG,EQ,308268,169641,55.03
20,2390,VSSL,EQ,28997,17044,58.78
20,2391,VSTIND,EQ,820618,183890,22.41
20,2392,VSTTILLERS,EQ,5287,3105,58.73
20,2393,VTL,EQ,228863,84853,37.08
20,2394,WABAG,EQ,555036,400197,72.10
20,2395,WALCHANNAG,EQ,296132,153532,51.85
20,2396,WALPAR,SM,12000,12000,100.00
20,2397,WEL,EQ,51254,13865,27.05
20,2398,WELCORP,EQ,698439,459143,65.74
20,2399,WELENT,EQ,634713,411456,64.83
20,2400,WELINV,EQ,526,338,64.26
20,2401,WELSPUNLIV,EQ,2648378,1181373,44.61
20,2402,WENDT,EQ,140,92,65.71
20,2403,WESTLIFE,EQ,137200,93003,67.79
20,2404,WHEELS,EQ,12028,7347,61.08
20,2405,WHIRLPOOL,EQ,81536,41294,50.65
20,2406,WILLAMAGOR,EQ,36725,15922,43.35
20,2407,WINDLAS,EQ,51152,25802,50.44
20,2408,WINDMACHIN,EQ,338339,221730,65.53
20,2409,WINNY,SM,7000,7000,100.00
20,2410,WINSOL,SM,30400,20800,68.42
20,2411,WIPRO,EQ,5143636,1896892,36.88
20,2412,WOMANCART,ST,1600,1600,100.00
20,2413,WONDERLA,EQ,117089,73187,62.51
20,2414,WORTH,EQ,54645,37240,68.15
20,2415,WSI,EQ,207709,134789,64.89
20,2416,WSTCSTPAPR,EQ,106685,49924,46.80
20,2417,WTICAB,SM,81000,55000,67.90
20,2418,XCHANGING,EQ,159617,79378,49.73
20,2419,XELPMOC,EQ,49632,24015,48.39
20,2420,XPROINDIA,EQ,17084,7620,44.60
20,2421,YASHO,EQ,14460,8097,56.00
20,2422,YASHOPTICS,SM,153600,112000,72.92
20,2423,YATHARTH,EQ,261491,133903,51.21
20,2424,YATRA,EQ,340702,172040,50.50
20,2425,YCCL,SM,18000,9000,50.00
20,2426,YESBANK,EQ,73569153,33445787,45.46
20,2427,YUDIZ,ST,18400,15200,82.61
20,2428,YUKEN,EQ,9202,5953,64.69
20,2429,ZAGGLE,EQ,2232735,929134,41.61
20,2430,ZEAL,SM,8400,6000,71.43
20,2431,ZEEL,EQ,37384945,12509122,33.46
20,2432,ZEEMEDIA,EQ,4497120,1155363,25.69
20,2433,ZENITHDRUG,SM,393600,256000,65.04
20,2434,ZENSARTECH,EQ,445523,167989,37.71
20,2435,ZENTEC,EQ,237327,146589,61.77
20,2436,ZFCVINDIA,EQ,19850,11216,56.50
20,2437,ZIMLAB,EQ,368826,131512,35.66
20,2438,ZOMATO,EQ,68658961,34328826,50.00
20,2439,ZOTA,EQ,23040,11847,51.42
20,2440,ZTECH,SM,39600,28800,72.73
20,2441,ZUARI,EQ,78995,36058,45.65
20,2442,ZUARIIND,EQ,31580,15190,48.10
20,2443,ZYDUSLIFE,EQ,1010547,608994,60.26
20,2444,ZYDUSWELL,EQ,28851,19064,66.08
