Security Wise Delivery Position - Compulsory Rolling Settlement
10,MTO,03042024,1611701829,0002399
Trade Date <03-APR-2024>,Settlement Type <N>
Record Type,Sr No,Name of Security,Quantity Traded,Deliverable Quantity(gross across client level),% of Deliverable Quantity to Traded Quantity
20,1,1018GS2026,GS,7107,7107,100.00
20,2,182D010824,TB,27400,26400,96.35
20,3,182D050924,TB,1300,1300,100.00
20,4,182D060624,TB,100,100,100.00
20,5,182D080824,TB,200,200,100.00
20,6,182D110724,TB,1000,800,80.00
20,7,182D120924,TB,100,100,100.00
20,8,182D130624,TB,1000,900,90.00
20,9,182D160524,TB,100,100,100.00
20,10,182D180724,TB,10200,10100,99.02
20,11,182D190924,TB,1200,700,58.33
20,12,182D200624,TB,300,200,66.67
20,13,182D220824,TB,100,100,100.00
20,14,182D230524,TB,500,500,100.00
20,15,182D250724,TB,200,200,100.00
20,16,20MICRONS,EQ,78590,29032,36.94
20,17,360ONE,EQ,609168,219764,36.08
20,18,364D071124,TB,100,100,100.00
20,19,364D130225,TB,200,200,100.00
20,20,364D200225,TB,100,100,100.00
20,21,3IINFOLTD,EQ,2166568,690914,31.89
20,22,3MINDIA,EQ,2567,1393,54.27
20,23,563GS2026,GS,1,1,100.00
20,24,574GS2026,GS,960,959,99.90
20,25,5PAISA,EQ,851142,116155,13.65
20,26,63MOONS,EQ,32834,32834,100.00
20,27,663TN35,SG,100,100,100.00
20,28,664GS2035,GS,1809,1809,100.00
20,29,667GS2050,GS,518,518,100.00
20,30,669GS2024,GS,3625,3625,100.00
20,31,676GS2061,GS,76,75,98.68
20,32,689GS2025,GS,2,2,100.00
20,33,68GS2060,GS,2,2,100.00
20,34,695GS2061,GS,1506,1506,100.00
20,35,699GS2026,GS,1000,1000,100.00
20,36,699GS2051,GS,2003,2003,100.00
20,37,706GS2028,GS,11101,10002,90.10
20,38,710GS2029,GS,30072,29088,96.73
20,39,717GS2030,GS,101,101,100.00
20,40,718GS2033,GS,19202,19202,100.00
20,41,718GS2037,GS,110994,110994,100.00
20,42,725GS2063,GS,16934,14673,86.65
20,43,726GS2032,GS,137843,137343,99.64
20,44,726GS2033,GS,1400,1400,100.00
20,45,732GS2030,GS,28340,28340,100.00
20,46,733GS2026,GS,300,300,100.00
20,47,736GS2052,GS,3,3,100.00
20,48,737GS2028,GS,3300,2900,87.88
20,49,738GS2027,GS,187087,187085,100.00
20,50,73GS2053,GS,18073,17068,94.44
20,51,746GS2073,GS,13855,13855,100.00
20,52,74GS2062,GS,1238,1238,100.00
20,53,754GS2036,GS,463652,462727,99.80
20,54,754UK33,SG,100,100,100.00
20,55,758GJ26,SG,800,800,100.00
20,56,758GJ32,SG,1300,1300,100.00
20,57,777PN36,SG,600,600,100.00
20,58,77AP38,SG,100,100,100.00
20,59,802WB37,SG,100,100,100.00
20,60,813GS2045,GS,7,7,100.00
20,61,824GS2027,GS,1000,1000,100.00
20,62,828GS2027,GS,500,500,100.00
20,63,91D020524,TB,500,500,100.00
20,64,91D090524,TB,300,200,66.67
20,65,91D110424,TB,2500,2500,100.00
20,66,91D130624,TB,200,100,50.00
20,67,91D160524,TB,1000,800,80.00
20,68,91D180424,TB,300,300,100.00
20,69,91D200624,TB,400,400,100.00
20,70,91D230524,TB,1500,1100,73.33
20,71,91D250424,TB,400,300,75.00
20,72,91D270624,TB,200,200,100.00
20,73,91D300524,TB,6300,4800,76.19
20,74,92GS2030,GS,73793,73543,99.66
20,75,AAKASH,EQ,678972,517661,76.24
20,76,AARON,EQ,8734,6171,70.65
20,77,AARTECH,EQ,7517,4188,55.71
20,78,AARTIDRUGS,EQ,258367,105789,40.95
20,79,AARTIIND,EQ,896998,285821,31.86
20,80,AARTIPHARM,EQ,156978,91420,58.24
20,81,AARTISURF,EQ,29792,11075,37.17
20,82,AARTISURF,P1,81,1,1.23
20,83,AARVEEDEN,EQ,25669,20475,79.77
20,84,AARVI,EQ,11240,7245,64.46
20,85,AATMAJ,SM,24000,20000,83.33
20,86,AAVAS,EQ,425529,369277,86.78
20,87,ABB,EQ,217760,72382,33.24
20,88,ABBOTINDIA,EQ,17085,9618,56.29
20,89,ABCAPITAL,EQ,15770069,3928519,24.91
20,90,ABCOTS,SM,6000,2000,33.33
20,91,ABFRL,EQ,11918047,5076494,42.60
20,92,ABMINTLLTD,EQ,755,439,58.15
20,93,ABSLAMC,EQ,302693,169040,55.85
20,94,ABSLBANETF,EQ,93257,77939,83.57
20,95,ABSLLIQUID,EQ,4813,2567,53.33
20,96,ABSLNN50ET,EQ,9352,3994,42.71
20,97,ACC,EQ,331703,135136,40.74
20,98,ACCELYA,EQ,35553,10835,30.48
20,99,ACCENTMIC,SM,41000,26000,63.41
20,100,ACE,EQ,610341,193980,31.78
20,101,ACEINTEG,EQ,6436,5610,87.17
20,102,ACI,EQ,313733,178151,56.78
20,103,ACL,EQ,37796,33102,87.58
20,104,ACLGATI,EQ,493952,269367,54.53
20,105,ACSAL,SM,12000,12000,100.00
20,106,ADANIENSOL,EQ,887319,330546,37.25
20,107,ADANIENT,EQ,1153109,385337,33.42
20,108,ADANIGREEN,EQ,611123,385947,63.15
20,109,ADANIPORTS,EQ,2727582,1164593,42.70
20,110,ADANIPOWER,EQ,9025796,3487795,38.64
20,111,ADFFOODS,EQ,113158,57626,50.93
20,112,ADL,EQ,1255,1249,99.52
20,113,ADORWELD,EQ,10884,5256,48.29
20,114,ADROITPP,X1,99862,99696,99.83
20,115,ADSL,EQ,775895,241778,31.16
20,116,ADVANIHOTR,EQ,1648849,519634,31.51
20,117,ADVENZYMES,EQ,187683,102548,54.64
20,118,AEGISCHEM,EQ,388868,173805,44.70
20,119,AEROFLEX,EQ,1054831,380189,36.04
20,120,AETHER,EQ,116586,81206,69.65
20,121,AFFLE,EQ,229566,104462,45.50
20,122,AGARIND,EQ,64955,44240,68.11
20,123,AGARWALFT,SM,12000,12000,100.00
20,124,AGI,EQ,101368,50884,50.20
20,125,AGNI,ST,30000,20000,66.67
20,126,AGRITECH,EQ,247531,58484,23.63
20,127,AGROPHOS,EQ,1079770,391102,36.22
20,128,AGUL,ST,8000,8000,100.00
20,129,AHL,EQ,503247,143819,28.58
20,130,AHLADA,EQ,40782,22827,55.97
20,131,AHLEAST,EQ,25562,18256,71.42
20,132,AHLUCONT,EQ,55789,28668,51.39
20,133,AIAENG,EQ,46892,38884,82.92
20,134,AILIMITED,SM,54000,42000,77.78
20,135,AIROLAM,EQ,9098,4154,45.66
20,136,AIRTELPP,E1,502230,301584,60.05
20,137,AISL,SM,13200,13200,100.00
20,138,AJANTPHARM,EQ,53410,20688,38.73
20,139,AJMERA,EQ,83756,32630,38.96
20,140,AJOONI,EQ,606863,284533,46.89
20,141,AKANKSHA,SM,254000,170000,66.93
20,142,AKG,EQ,94274,61682,65.43
20,143,AKZOINDIA,EQ,7981,5289,66.27
20,144,ALBERTDAVD,EQ,7691,6356,82.64
20,145,ALEMBICLTD,EQ,1150928,540028,46.92
20,146,ALICON,EQ,6617,4119,62.25
20,147,ALKALI,EQ,17582,10609,60.34
20,148,ALKEM,EQ,106320,74311,69.89
20,149,ALKYLAMINE,EQ,51874,24314,46.87
20,150,ALLCARGO,EQ,11860770,2145096,18.09
20,151,ALLETEC,SM,67200,44000,65.48
20,152,ALLSEC,EQ,17555,10607,60.42
20,153,ALPA,EQ,43486,28901,66.46
20,154,ALPEXSOLAR,SM,156000,86400,55.38
20,155,ALPHA,EQ,636772,534284,83.91
20,156,ALPHAETF,EQ,130668,85689,65.58
20,157,ALPHAGEO,EQ,30436,18256,59.98
20,158,ALPL30IETF,EQ,106905,85932,80.38
20,159,AMBANIORG,SM,4000,1000,25.00
20,160,AMBER,EQ,127670,59181,46.35
20,161,AMBICAAGAR,EQ,82190,46050,56.03
20,162,AMBIKCO,EQ,8306,4306,51.84
20,163,AMBUJACEM,EQ,4389047,2322845,52.92
20,164,AMDIND,EQ,113232,79783,70.46
20,165,AMIABLE,SM,1600,1600,100.00
20,166,AMIORG,EQ,121173,53879,44.46
20,167,AMJLAND,EQ,33350,21266,63.77
20,168,AMNPLST,EQ,22267,12450,55.91
20,169,AMRUTANJAN,EQ,49380,30982,62.74
20,170,ANANDRATHI,EQ,87590,44415,50.71
20,171,ANANTRAJ,EQ,710163,327481,46.11
20,172,ANDHRAPAP,EQ,141238,51902,36.75
20,173,ANDHRSUGAR,EQ,674791,327781,48.58
20,174,ANGELONE,EQ,663984,237065,35.70
20,175,ANIKINDS,EQ,12975,10914,84.12
20,176,ANKITMETAL,EQ,80314,80304,99.99
20,177,ANLON,SM,400,400,100.00
20,178,ANMOL,EQ,384362,199484,51.90
20,179,ANNAPURNA,SM,35500,19500,54.93
20,180,ANUP,EQ,21477,11520,53.64
20,181,ANURAS,EQ,1004668,202950,20.20
20,182,APARINDS,EQ,96488,31483,32.63
20,183,APCL,EQ,41848,19781,47.27
20,184,APCOTEXIND,EQ,99023,47336,47.80
20,185,APEX,EQ,124811,57642,46.18
20,186,APLAPOLLO,EQ,566075,297413,52.54
20,187,APLLTD,EQ,76837,33581,43.70
20,188,APOLLO,EQ,2911980,1926510,66.16
20,189,APOLLOHOSP,EQ,289202,140012,48.41
20,190,APOLLOPIPE,EQ,170727,54063,31.67
20,191,APOLLOTYRE,EQ,1304780,491755,37.69
20,192,APOLSINHOT,EQ,2294,1212,52.83
20,193,APS,SM,66000,38000,57.58
20,194,APTECHT,EQ,175109,95598,54.59
20,195,APTUS,EQ,128291,44853,34.96
20,196,ARABIAN,SM,18000,18000,100.00
20,197,ARCHIDPLY,EQ,103874,90193,86.83
20,198,ARE&M,EQ,351830,139471,39.64
20,199,ARENTERP,EQ,1217,828,68.04
20,200,ARHAM,SM,11000,11000,100.00
20,201,ARIES,EQ,116392,51394,44.16
20,202,ARIHANTCAP,EQ,325733,196479,60.32
20,203,ARIHANTSUP,EQ,18425,12735,69.12
20,204,ARISTO,SM,6400,6400,100.00
20,205,ARMANFIN,EQ,38515,19483,50.59
20,206,AROGRANITE,EQ,57012,38698,67.88
20,207,ARROWGREEN,EQ,10861,5861,53.96
20,208,ARTEMISMED,EQ,601283,338576,56.31
20,209,ARVEE,EQ,5419,4458,82.27
20,210,ARVIND,EQ,689913,456811,66.21
20,211,ARVINDFASN,EQ,243111,150026,61.71
20,212,ARVSMART,EQ,144636,91974,63.59
20,213,ASAHIINDIA,EQ,57945,35120,60.61
20,214,ASAHISONG,EQ,93321,23843,25.55
20,215,ASAL,EQ,34256,16717,48.80
20,216,ASALCBR,EQ,77897,45287,58.14
20,217,ASHIANA,EQ,262541,64527,24.58
20,218,ASHIMASYN,EQ,562372,296864,52.79
20,219,ASHOKA,EQ,2771041,1024516,36.97
20,220,ASHOKLEY,EQ,14248923,6850429,48.08
20,221,ASIANENE,EQ,18961,12544,66.16
20,222,ASIANPAINT,EQ,816676,482428,59.07
20,223,ASIANTILES,EQ,1084805,557846,51.42
20,224,ASKAUTOLTD,EQ,166265,102814,61.84
20,225,ASMS,EQ,26791,26781,99.96
20,226,ASPINWALL,EQ,16139,9089,56.32
20,227,ASPIRE,ST,1506000,1506000,100.00
20,228,ASTEC,EQ,125704,74459,59.23
20,229,ASTERDM,EQ,940094,497002,52.87
20,230,ASTRAL,EQ,290457,151382,52.12
20,231,ASTRAMICRO,EQ,354286,149219,42.12
20,232,ASTRAZEN,EQ,8345,5083,60.91
20,233,ATALREAL,EQ,439126,290441,66.14
20,234,ATAM,EQ,21970,12881,58.63
20,235,ATFL,EQ,83469,66302,79.43
20,236,ATGL,EQ,3138079,1655167,52.74
20,237,ATL,EQ,1939855,758981,39.13
20,238,ATLANTAA,EQ,61676,41758,67.71
20,239,ATMASTCO,SM,267200,137600,51.50
20,240,ATUL,EQ,50181,18206,36.28
20,241,ATULAUTO,EQ,108819,46378,42.62
20,242,AUBANK,EQ,11124597,5887445,52.92
20,243,AURDIS,SM,5500,5500,100.00
20,244,AUROIMPEX,SM,11200,11200,100.00
20,245,AUROPHARMA,EQ,2589939,1056982,40.81
20,246,AUSOMENT,EQ,39309,17414,44.30
20,247,AUTOAXLES,EQ,27145,18514,68.20
20,248,AUTOBEES,EQ,119061,87146,73.19
20,249,AUTOIETF,EQ,154037,107898,70.05
20,250,AUTOIND,EQ,636567,192857,30.30
20,251,AVADHSUGAR,EQ,70348,26176,37.21
20,252,AVALON,EQ,87943,43264,49.20
20,253,AVANTIFEED,EQ,192813,71705,37.19
20,254,AVG,EQ,161509,82116,50.84
20,255,AVONMORE,EQ,32689,22003,67.31
20,256,AVPINFRA,ST,284800,276800,97.19
20,257,AVROIND,EQ,38285,21484,56.12
20,258,AVTNPL,EQ,353101,173884,49.24
20,259,AWHCL,EQ,287968,111322,38.66
20,260,AWL,EQ,2381515,845136,35.49
20,261,AXISBANK,EQ,11573590,6635248,57.33
20,262,AXISBNKETF,EQ,788,651,82.61
20,263,AXISBPSETF,EQ,79976,48682,60.87
20,264,AXISCADES,EQ,94973,43052,45.33
20,265,AXISCETF,EQ,2189,394,18.00
20,266,AXISGOLD,EQ,87715,70403,80.26
20,267,AXISHCETF,EQ,3557,2832,79.62
20,268,AXISILVER,EQ,79894,62904,78.73
20,269,AXISNIFTY,EQ,495659,489331,98.72
20,270,AXISTECETF,EQ,4589,3040,66.25
20,271,AXITA,EQ,1830709,757252,41.36
20,272,AXSENSEX,EQ,2628,367,13.96
20,273,AYMSYNTEX,EQ,48786,32418,66.45
20,274,AZAD,EQ,190547,129942,68.19
20,275,BABAFP,SM,24000,22400,93.33
20,276,BAHETI,SM,6750,6750,100.00
20,277,BAIDFIN,EQ,125793,80425,63.93
20,278,BAJAJ-AUTO,EQ,453210,209785,46.29
20,279,BAJAJCON,EQ,322300,144965,44.98
20,280,BAJAJELEC,EQ,48213,22557,46.79
20,281,BAJAJFINSV,EQ,1055536,533305,50.52
20,282,BAJAJHCARE,EQ,107899,45777,42.43
20,283,BAJAJHIND,EQ,19291258,6951470,36.03
20,284,BAJAJHLDNG,EQ,21126,11645,55.12
20,285,BAJEL,EQ,588611,322901,54.86
20,286,BAJFINANCE,EQ,958943,508495,53.03
20,287,BALAJITELE,EQ,551474,342619,62.13
20,288,BALAMINES,EQ,55586,21611,38.88
20,289,BALAXI,EQ,7878,4908,62.30
20,290,BALKRISIND,EQ,224993,112653,50.07
20,291,BALMLAWRIE,EQ,410638,237269,57.78
20,292,BALPHARMA,EQ,15977,9210,57.65
20,293,BALRAMCHIN,EQ,1445600,473766,32.77
20,294,BANARBEADS,EQ,8199,2061,25.14
20,295,BANARISUG,EQ,3405,2077,61.00
20,296,BANCOINDIA,EQ,108589,48358,44.53
20,297,BANDHANBNK,EQ,14292770,6782118,47.45
20,298,BANKBARODA,EQ,18329459,6279831,34.26
20,299,BANKBEES,EQ,683222,417359,61.09
20,300,BANKBETF,EQ,50989,50566,99.17
20,301,BANKETF,EQ,67108,63974,95.33
20,302,BANKETFADD,EQ,740022,735634,99.41
20,303,BANKIETF,EQ,304776,230309,75.57
20,304,BANKINDIA,EQ,27889662,11603672,41.61
20,305,BANKNIFTY1,EQ,346318,333622,96.33
20,306,BANSWRAS,EQ,27907,16714,59.89
20,307,BARBEQUE,EQ,84250,52689,62.54
20,308,BASF,EQ,24386,11750,48.18
20,309,BASILIC,SM,49200,25200,51.22
20,310,BASML,EQ,243522,175921,72.24
20,311,BATAINDIA,EQ,214264,122948,57.38
20,312,BAWEJA,SM,29600,17600,59.46
20,313,BAYERCROP,EQ,21468,16153,75.24
20,314,BBETF0432,EQ,1163,978,84.09
20,315,BBL,EQ,37332,10695,28.65
20,316,BBNPPGOLD,EQ,920,656,71.30
20,317,BBOX,EQ,90972,61402,67.50
20,318,BBTC,EQ,34543,11174,32.35
20,319,BBTCL,EQ,3662,2678,73.13
20,320,BCG,EQ,52593092,13222897,25.14
20,321,BCLIND,EQ,1233358,590133,47.85
20,322,BDL,EQ,1272438,373428,29.35
20,323,BEARDSELL,EQ,75056,54364,72.43
20,324,BECTORFOOD,EQ,143007,57961,40.53
20,325,BEL,EQ,47658754,15884116,33.33
20,326,BEML,EQ,293728,88404,30.10
20,327,BEPL,EQ,2923512,1384066,47.34
20,328,BERGEPAINT,EQ,602966,278612,46.21
20,329,BETA,SM,1700,1300,76.47
20,330,BEWLTD,SM,500,500,100.00
20,331,BFINVEST,EQ,99301,45546,45.87
20,332,BFSI,EQ,223573,157761,70.56
20,333,BFUTILITIE,EQ,595363,157666,26.48
20,334,BHAGCHEM,EQ,14188,10829,76.33
20,335,BHAGERIA,EQ,333394,84521,25.35
20,336,BHAGYANGR,EQ,247823,117620,47.46
20,337,BHANDARI,EQ,1740152,895509,51.46
20,338,BHARATFORG,EQ,1586014,812863,51.25
20,339,BHARATGEAR,EQ,30977,18704,60.38
20,340,BHARATRAS,EQ,979,657,67.11
20,341,BHARTIARTL,EQ,9532291,6432853,67.48
20,342,BHEL,EQ,19412822,8079018,41.62
20,343,BHINVIT,IV,261646,190590,72.84
20,344,BIGBLOC,EQ,137705,74936,54.42
20,345,BIKAJI,EQ,526593,329387,62.55
20,346,BIL,EQ,167347,71498,42.72
20,347,BIOCON,EQ,3164455,914291,28.89
20,348,BIOFILCHEM,EQ,88034,52332,59.45
20,349,BIRET,RR,203706,195983,96.21
20,350,BIRLACABLE,EQ,148553,59975,40.37
20,351,BIRLACORPN,EQ,141293,60536,42.84
20,352,BLAL,EQ,478419,233016,48.71
20,353,BLISSGVS,EQ,204332,87932,43.03
20,354,BLKASHYAP,EQ,357145,226565,63.44
20,355,BLS,EQ,2586864,1065605,41.19
20,356,BLSE,EQ,1140009,232618,20.40
20,357,BLUEDART,EQ,28595,21274,74.40
20,358,BLUEJET,EQ,148470,91787,61.82
20,359,BLUEPEBBLE,ST,508800,508000,99.84
20,360,BLUESTARCO,EQ,1198119,746359,62.29
20,361,BMETRICS,SM,22400,17200,76.79
20,362,BODALCHEM,EQ,1421885,617803,43.45
20,363,BOMDYEING,EQ,3506130,1752962,50.00
20,364,BOROLTD,EQ,146111,74718,51.14
20,365,BORORENEW,EQ,1081469,285776,26.42
20,366,BOSCHLTD,EQ,18469,8452,45.76
20,367,BPCL,EQ,6228258,2396023,38.47
20,368,BPL,EQ,617390,179679,29.10
20,369,BRIGADE,EQ,187215,107432,57.38
20,370,BRIGHT,SM,84000,81000,96.43
20,371,BRITANNIA,EQ,246246,109310,44.39
20,372,BRITANNIA,N3,5028,5028,100.00
20,373,BSE,EQ,1548894,597982,38.61
20,374,BSE500IETF,EQ,825503,710615,86.08
20,375,BSHSL,EQ,88381,32872,37.19
20,376,BSL,EQ,19606,11957,60.99
20,377,BSLGOLDETF,EQ,541188,525359,97.08
20,378,BSLNIFTY,EQ,136571,71666,52.48
20,379,BSLSENETFG,EQ,13414,612,4.56
20,380,BSOFT,EQ,1717444,516440,30.07
20,381,BTML,EQ,72040,46268,64.23
20,382,BURNPUR,EQ,268078,189295,70.61
20,383,BUTTERFLY,EQ,223374,50939,22.80
20,384,BYKE,EQ,122880,89450,72.79
20,385,CADSYS,SM,19000,19000,100.00
20,386,CALSOFT,EQ,51026,37324,73.15
20,387,CAMLINFINE,EQ,1756239,729541,41.54
20,388,CAMPUS,EQ,972911,375495,38.59
20,389,CAMS,EQ,316439,134523,42.51
20,390,CANARYS,SM,84000,60000,71.43
20,391,CANBK,EQ,8744831,4357873,49.83
20,392,CANFINHOME,EQ,320322,121246,37.85
20,393,CANTABIL,EQ,123171,38630,31.36
20,394,CAPACITE,EQ,808342,414937,51.33
20,395,CAPITALSFB,EQ,45067,19957,44.28
20,396,CAPLIPOINT,EQ,134018,74400,55.51
20,397,CAPTRUST,EQ,71263,39622,55.60
20,398,CARBORUNIV,EQ,342333,264441,77.25
20,399,CARERATING,EQ,18517,10968,59.23
20,400,CARTRADE,EQ,110891,54048,48.74
20,401,CARYSIL,EQ,34485,16702,48.43
20,402,CASTROLIND,EQ,5122127,2002948,39.10
20,403,CBAZAAR,SM,120000,88000,73.33
20,404,CCL,EQ,199975,108254,54.13
20,405,CDSL,EQ,1539426,503091,32.68
20,406,CEATLTD,EQ,150296,95065,63.25
20,407,CELEBRITY,EQ,901038,567454,62.98
20,408,CELLECOR,SM,86400,51600,59.72
20,409,CELLO,EQ,60874,42828,70.36
20,410,CELLPOINT,SM,28800,26400,91.67
20,411,CENTENKA,EQ,70224,24757,35.25
20,412,CENTRALBK,EQ,32063126,7957966,24.82
20,413,CENTRUM,EQ,6780236,2394208,35.31
20,414,CENTUM,EQ,23166,12583,54.32
20,415,CENTURYPLY,EQ,184204,109190,59.28
20,416,CENTURYTEX,EQ,215722,57389,26.60
20,417,CERA,EQ,157232,27490,17.48
20,418,CESC,EQ,4700410,1759694,37.44
20,419,CGCL,EQ,11210585,505305,4.51
20,420,CGPOWER,EQ,2877622,1562645,54.30
20,421,CHALET,EQ,304616,100058,32.85
20,422,CHAMBLFERT,EQ,2582068,854376,33.09
20,423,CHAVDA,SM,104000,58000,55.77
20,424,CHEMBOND,EQ,31153,15378,49.36
20,425,CHEMCON,EQ,56810,27077,47.66
20,426,CHEMFAB,EQ,69940,41931,59.95
20,427,CHEMPLASTS,EQ,587717,490169,83.40
20,428,CHENNPETRO,EQ,1349597,382234,28.32
20,429,CHEVIOT,EQ,8035,6359,79.14
20,430,CHOICEIN,EQ,729718,179308,24.57
20,431,CHOLAFIN,EQ,1645617,1148506,69.79
20,432,CHOLAFIN,N1,250,250,100.00
20,433,CHOLAFIN,N6,73,73,100.00
20,434,CHOLAFIN,NA,25,25,100.00
20,435,CHOLAFIN,NC,10,10,100.00
20,436,CHOLAHLDNG,EQ,35954,16794,46.71
20,437,CIEINDIA,EQ,471561,282637,59.94
20,438,CIGNITITEC,EQ,280871,148380,52.83
20,439,CINELINE,EQ,239912,152478,63.56
20,440,CINEVISTA,EQ,123694,55382,44.77
20,441,CIPLA,EQ,1465540,911996,62.23
20,442,CLEAN,EQ,88048,44815,50.90
20,443,CLEDUCATE,EQ,56410,38218,67.75
20,444,CLOUD,SM,792000,602000,76.01
20,445,CLSEL,EQ,76479,38755,50.67
20,446,CLSL,SM,36000,30000,83.33
20,447,CMMIPL,ST,27000,27000,100.00
20,448,CMNL,SM,25500,21000,82.35
20,449,CMRSL,SM,800,800,100.00
20,450,CMSINFO,EQ,1634449,827064,50.60
20,451,COALINDIA,EQ,6972648,3258851,46.74
20,452,COASTCORP,EQ,52813,38340,72.60
20,453,COCHINSHIP,EQ,15834277,2024297,12.78
20,454,COFFEEDAY,EQ,3728642,1166638,31.29
20,455,COFORGE,EQ,700786,324915,46.36
20,456,COLPAL,EQ,253142,136952,54.10
20,457,COMMITTED,SM,11200,11200,100.00
20,458,COMMOIETF,EQ,48508,36503,75.25
20,459,COMPUSOFT,EQ,104454,79656,76.26
20,460,COMSYN,EQ,7147,3086,43.18
20,461,CONCOR,EQ,689633,235333,34.12
20,462,CONCORDBIO,EQ,29086,14550,50.02
20,463,CONFIPET,EQ,1681880,765104,45.49
20,464,CONS,EQ,398,314,78.89
20,465,CONSOFINVT,EQ,26666,18853,70.70
20,466,CONSUMBEES,EQ,54644,44188,80.87
20,467,CONSUMIETF,EQ,9913,7562,76.28
20,468,CONTROLPR,EQ,32633,16713,51.22
20,469,COROMANDEL,EQ,420752,179299,42.61
20,470,COSMOFIRST,EQ,51635,28414,55.03
20,471,COUNCODOS,EQ,189618,126044,66.47
20,472,CPS,SM,2400,1800,75.00
20,473,CPSEETF,EQ,9856028,8530664,86.55
20,474,CRAFTSMAN,EQ,24619,11321,45.98
20,475,CRAYONS,SM,20000,15000,75.00
20,476,CREATIVE,EQ,29004,18632,64.24
20,477,CREDITACC,EQ,62803,33980,54.11
20,478,CREDITACC,N1,100,100,100.00
20,479,CREDITACC,N3,131,131,100.00
20,480,CREDITACC,N5,17,17,100.00
20,481,CREDITACC,N7,15,15,100.00
20,482,CREDITACC,ND,228,228,100.00
20,483,CREST,EQ,164628,154908,94.10
20,484,CRISIL,EQ,76994,48778,63.35
20,485,CROMPTON,EQ,5481815,3578415,65.28
20,486,CSBBANK,EQ,309763,142778,46.09
20,487,CSLFINANCE,EQ,19102,8911,46.65
20,488,CUB,EQ,8822438,4906649,55.62
20,489,CUMMINSIND,EQ,739575,458352,61.98
20,490,CYBERTECH,EQ,112654,50414,44.75
20,491,CYIENT,EQ,674179,347468,51.54
20,492,CYIENTDLM,EQ,107170,67022,62.54
20,493,DABUR,EQ,1176084,910748,77.44
20,494,DALBHARAT,EQ,744823,517692,69.51
20,495,DALMIASUG,EQ,84156,27819,33.06
20,496,DAMODARIND,EQ,53462,41954,78.47
20,497,DANGEE,EQ,2493342,973361,39.04
20,498,DATAMATICS,EQ,470973,143206,30.41
20,499,DATAPATTNS,EQ,283982,77374,27.25
20,500,DAVANGERE,EQ,279729,195827,70.01
20,501,DBL,EQ,358632,181348,50.57
20,502,DBOL,EQ,150414,75613,50.27
20,503,DBREALTY,EQ,7148002,3797000,53.12
20,504,DBSTOCKBRO,EQ,3221,1662,51.60
20,505,DCAL,EQ,600936,261451,43.51
20,506,DCBBANK,EQ,1575007,921085,58.48
20,507,DCI,EQ,3462,2718,78.51
20,508,DCM,EQ,53768,30073,55.93
20,509,DCMNVL,EQ,143597,67443,46.97
20,510,DCMSHRIRAM,EQ,23301,11699,50.21
20,511,DCMSRIND,EQ,162033,75170,46.39
20,512,DCW,EQ,19225386,3159392,16.43
20,513,DCXINDIA,EQ,931720,472679,50.73
20,514,DECCANCE,EQ,9212,5688,61.75
20,515,DEEM,SM,31000,28000,90.32
20,516,DEEPAKFERT,EQ,1992282,836627,41.99
20,517,DEEPAKNTR,EQ,412580,228560,55.40
20,518,DEEPENR,EQ,19843,11852,59.73
20,519,DEEPINDS,EQ,349433,122192,34.97
20,520,DELAPLEX,SM,63000,57600,91.43
20,521,DELHIVERY,EQ,1513999,964806,63.73
20,522,DELPHIFX,EQ,43657,23079,52.86
20,523,DELTACORP,EQ,2276109,833547,36.62
20,524,DELTAMAGNT,EQ,19678,11782,59.87
20,525,DEN,EQ,2438853,1014542,41.60
20,526,DENEERS,SM,1200,1200,100.00
20,527,DENORA,EQ,26510,11881,44.82
20,528,DENTALKART,SM,3000,2500,83.33
20,529,DESTINY,SM,6000,6000,100.00
20,530,DEVIT,EQ,50873,37161,73.05
20,531,DEVYANI,EQ,3671291,2639059,71.88
20,532,DGCONTENT,EQ,7687,4594,59.76
20,533,DHAMPURSUG,EQ,355943,156894,44.08
20,534,DHANI,EQ,6302225,2050832,32.54
20,535,DHANILOANS,NF,5,5,100.00
20,536,DHANILOANS,NG,50,50,100.00
20,537,DHANILOANS,NP,2,2,100.00
20,538,DHANILOANS,NQ,85,85,100.00
20,539,DHANILOANS,NX,65,65,100.00
20,540,DHANILOANS,Y5,19,19,100.00
20,541,DHANUKA,EQ,69662,25670,36.85
20,542,DHARMAJ,EQ,58342,30968,53.08
20,543,DHUNINV,EQ,1934,1379,71.30
20,544,DIAMINESQ,EQ,7700,4407,57.23
20,545,DIAMONDYD,EQ,17783,9290,52.24
20,546,DICIND,EQ,1709,877,51.32
20,547,DIGIKORE,SM,8800,7200,81.82
20,548,DIGISPICE,EQ,160097,99530,62.17
20,549,DIL,EQ,3986555,1743553,43.74
20,550,DISHTV,EQ,109818862,31079608,28.30
20,551,DIVGIITTS,EQ,16053,6335,39.46
20,552,DIVISLAB,EQ,799460,296156,37.04
20,553,DIVOPPBEES,EQ,42559,24819,58.32
20,554,DIXON,EQ,412950,188584,45.67
20,555,DJML,EQ,279571,108886,38.95
20,556,DKEGL,SM,6000,6000,100.00
20,557,DLF,EQ,6683506,3758426,56.23
20,558,DLINKINDIA,EQ,130092,68891,52.96
20,559,DMART,EQ,257333,119429,46.41
20,560,DMCC,EQ,32777,23561,71.88
20,561,DODLA,EQ,43200,20222,46.81
20,562,DOLATALGO,EQ,177761,93946,52.85
20,563,DOLLAR,EQ,289827,100804,34.78
20,564,DOLLEX,SM,68000,52000,76.47
20,565,DOMS,EQ,66438,33210,49.99
20,566,DONEAR,EQ,132539,81372,61.39
20,567,DPABHUSHAN,EQ,52897,15853,29.97
20,568,DPSCLTD,EQ,1259934,763124,60.57
20,569,DPWIRES,EQ,183146,52202,28.50
20,570,DRCSYSTEMS,EQ,231749,175915,75.91
20,571,DREAMFOLKS,EQ,185299,93295,50.35
20,572,DRONE,SM,367000,230000,62.67
20,573,DRREDDY,EQ,269225,162526,60.37
20,574,DSSL,EQ,57931,25860,44.64
20,575,DTIL,EQ,14792,4108,27.77
20,576,DUCOL,SM,14400,10400,72.22
20,577,DUGLOBAL,SM,10000,10000,100.00
20,578,DVL,EQ,47250,25976,54.98
20,579,DWARKESH,EQ,3497351,1211349,34.64
20,580,DYCL,EQ,48312,21747,45.01
20,581,DYNAMATECH,EQ,23676,9841,41.57
20,582,DYNAMIC,SM,2000,2000,100.00
20,583,DYNPRO,EQ,29620,18006,60.79
20,584,EASEMYTRIP,EQ,15174710,5941427,39.15
20,585,EBBETF0425,EQ,14156,13943,98.50
20,586,EBBETF0430,EQ,7088,6623,93.44
20,587,EBBETF0431,EQ,6799,5588,82.19
20,588,EBBETF0433,EQ,10732,10581,98.59
20,589,ECLERX,EQ,66840,33046,49.44
20,590,ECLFINANCE,NJ,154,133,86.36
20,591,ECLFINANCE,NK,160,160,100.00
20,592,ECLFINANCE,NR,748,703,93.98
20,593,ECLFINANCE,NS,200,200,100.00
20,594,EDELWEISS,EQ,41496450,30274304,72.96
20,595,EFACTOR,SM,17600,11200,63.64
20,596,EFORCE,SM,82800,46800,56.52
20,597,EGOLD,EQ,234397,233620,99.67
20,598,EICHERMOT,EQ,392460,184202,46.94
20,599,EIDPARRY,EQ,238732,93999,39.37
20,600,EIFFL,EQ,25384,22701,89.43
20,601,EIHAHOTELS,EQ,28354,13869,48.91
20,602,EIHOTEL,EQ,726040,432657,59.59
20,603,EIMCOELECO,EQ,58634,40045,68.30
20,604,EKC,EQ,686592,242990,35.39
20,605,ELDEHSG,EQ,3749,1905,50.81
20,606,ELECON,EQ,100795,59117,58.65
20,607,ELECTCAST,EQ,2936505,1919732,65.37
20,608,ELGIEQUIP,EQ,151791,82263,54.19
20,609,ELGIRUBCO,EQ,75849,49696,65.52
20,610,ELIN,EQ,194993,100551,51.57
20,611,EMAMILTD,EQ,613591,443728,72.32
20,612,EMAMIPAP,EQ,33247,16369,49.23
20,613,EMAMIREAL,EQ,87470,58687,67.09
20,614,EMBASSY,RR,552673,356112,64.43
20,615,EMIL,EQ,1200645,1055973,87.95
20,616,EMKAY,EQ,44260,22222,50.21
20,617,EMMBI,EQ,71527,40758,56.98
20,618,EMSLIMITED,EQ,976970,468691,47.97
20,619,EMUDHRA,EQ,279064,113875,40.81
20,620,ENDURANCE,EQ,91491,53226,58.18
20,621,ENERGYDEV,EQ,204670,140022,68.41
20,622,ENFUSE,ST,64800,61200,94.44
20,623,ENGINERSIN,EQ,11335110,3764911,33.21
20,624,ENIL,EQ,79407,36679,46.19
20,625,ENSER,ST,20000,20000,100.00
20,626,ENTERO,EQ,87206,67340,77.22
20,627,EPACK,EQ,726343,285701,39.33
20,628,EPIGRAL,EQ,339825,91957,27.06
20,629,EPL,EQ,718845,429596,59.76
20,630,EQUAL50ADD,EQ,2129,1378,64.73
20,631,EQUITASBNK,EQ,4017134,2354364,58.61
20,632,ERIS,EQ,53304,30516,57.25
20,633,EROSMEDIA,EQ,903523,413838,45.80
20,634,ESABINDIA,EQ,3743,2098,56.05
20,635,ESAFSFB,EQ,1499538,838474,55.92
20,636,ESCONET,SM,28800,24000,83.33
20,637,ESCORTS,EQ,743351,140981,18.97
20,638,ESFL,SM,19200,18000,93.75
20,639,ESG,EQ,17920,11793,65.81
20,640,ESILVER,EQ,256422,248608,96.95
20,641,ESSARSHPNG,EQ,22753,22753,100.00
20,642,ESTER,EQ,207073,87649,42.33
20,643,ETHOSLTD,EQ,14676,9752,66.45
20,644,EUROBOND,SM,3000,3000,100.00
20,645,EVEREADY,EQ,137715,87107,63.25
20,646,EVERESTIND,EQ,6106,3434,56.24
20,647,EXCELINDUS,EQ,52313,10996,21.02
20,648,EXICOM,EQ,1185902,572043,48.24
20,649,EXIDEIND,EQ,1599659,774021,48.39
20,650,EXPLEOSOL,EQ,25992,11791,45.36
20,651,EXXARO,EQ,108426,43061,39.71
20,652,FACT,EQ,1343758,272479,20.28
20,653,FAIRCHEMOR,EQ,10714,5145,48.02
20,654,FAZE3Q,EQ,20864,8373,40.13
20,655,FCL,EQ,357752,148777,41.59
20,656,FCSSOFT,EQ,5330887,1852144,34.74
20,657,FDC,EQ,111555,66393,59.52
20,658,FEDERALBNK,EQ,12129473,5081149,41.89
20,659,FEDFINA,EQ,575698,337018,58.54
20,660,FELIX,ST,2000,2000,100.00
20,661,FIBERWEB,EQ,175147,89657,51.19
20,662,FIDEL,SM,40000,29000,72.50
20,663,FIEMIND,EQ,48693,25801,52.99
20,664,FILATEX,EQ,3045946,1151762,37.81
20,665,FINCABLES,EQ,306250,133133,43.47
20,666,FINEORG,EQ,19800,10419,52.62
20,667,FINIETF,EQ,333712,202559,60.70
20,668,FINOPB,EQ,218907,130775,59.74
20,669,FINPIPE,EQ,2689363,1180284,43.89
20,670,FIVESTAR,EQ,84255,45001,53.41
20,671,FLAIR,EQ,299408,164759,55.03
20,672,FLEXITUFF,EQ,97623,84909,86.98
20,673,FLUOROCHEM,EQ,48959,34859,71.20
20,674,FMCGIETF,EQ,19291,12121,62.83
20,675,FMGOETZE,EQ,94346,59098,62.64
20,676,FOCE,SM,1000,1000,100.00
20,677,FOCUS,EQ,423782,239910,56.61
20,678,FONEBOX,SM,28000,18000,64.29
20,679,FOODSIN,EQ,395558,298852,75.55
20,680,FORCEMOT,EQ,39670,17067,43.02
20,681,FORTIS,EQ,371118,208679,56.23
20,682,FOSECOIND,EQ,3819,1845,48.31
20,683,FROG,SM,37600,25200,67.02
20,684,FSL,EQ,1644349,898577,54.65
20,685,FUSION,EQ,967736,761228,78.66
20,686,GABRIEL,EQ,435719,192626,44.21
20,687,GAEL,EQ,985081,375717,38.14
20,688,GAIL,EQ,40868454,12975176,31.75
20,689,GALAXYSURF,EQ,26298,13990,53.20
20,690,GANDHAR,EQ,495634,227147,45.83
20,691,GANDHITUBE,EQ,4596,2876,62.58
20,692,GANECOS,EQ,38007,22506,59.22
20,693,GANESHBE,EQ,831989,384256,46.19
20,694,GANESHHOUC,EQ,82245,57817,70.30
20,695,GANGESSECU,EQ,13361,6519,48.79
20,696,GARFIBRES,EQ,5936,2703,45.54
20,697,GATEWAY,EQ,2950156,949504,32.18
20,698,GEECEE,EQ,3842,1793,46.67
20,699,GEEKAYWIRE,EQ,150345,101211,67.32
20,700,GENCON,EQ,66104,47798,72.31
20,701,GENESYS,EQ,228647,98101,42.91
20,702,GENSOL,EQ,141764,101655,71.71
20,703,GENUSPAPER,EQ,1209414,436263,36.07
20,704,GENUSPOWER,EQ,555381,299188,53.87
20,705,GEOJITFSL,EQ,852480,365775,42.91
20,706,GEPIL,EQ,2193417,634050,28.91
20,707,GESHIP,EQ,1096021,619977,56.57
20,708,GFLLIMITED,EQ,257625,163627,63.51
20,709,GHCL,EQ,163293,94898,58.12
20,710,GHCLTEXTIL,EQ,308387,179253,58.13
20,711,GICHSGFIN,EQ,293508,147278,50.18
20,712,GICL,SM,15000,12000,80.00
20,713,GICRE,EQ,1495006,551441,36.89
20,714,GILLETTE,EQ,11361,5769,50.78
20,715,GILT5YBEES,EQ,248003,150693,60.76
20,716,GINNIFILA,EQ,108008,77156,71.44
20,717,GIPCL,EQ,485047,270859,55.84
20,718,GIRIRAJ,ST,1500,1500,100.00
20,719,GKWLIMITED,EQ,1024,919,89.75
20,720,GLAND,EQ,131873,55760,42.28
20,721,GLAXO,EQ,89177,56595,63.46
20,722,GLENMARK,EQ,677231,383847,56.68
20,723,GLOBAL,EQ,45725,22967,50.23
20,724,GLOBALPET,SM,4500,3000,66.67
20,725,GLOBUSSPR,EQ,114721,57097,49.77
20,726,GLS,EQ,86226,59292,68.76
20,727,GMBREW,EQ,454669,156811,34.49
20,728,GMDCLTD,EQ,1948347,645375,33.12
20,729,GMMPFAUDLR,EQ,143872,88366,61.42
20,730,GMRINFRA,EQ,15811657,6739161,42.62
20,731,GMRP&UI,EQ,4846567,3320856,68.52
20,732,GNA,EQ,83875,38601,46.02
20,733,GNFC,EQ,3214518,636007,19.79
20,734,GOACARBON,EQ,1316098,240606,18.28
20,735,GOCLCORP,EQ,538387,146616,27.23
20,736,GOCOLORS,EQ,26486,15248,57.57
20,737,GODFRYPHLP,EQ,91650,20427,22.29
20,738,GODREJAGRO,EQ,383617,193463,50.43
20,739,GODREJCP,EQ,1169930,727038,62.14
20,740,GODREJIND,EQ,59948,26571,44.32
20,741,GODREJPROP,EQ,1004964,442583,44.04
20,742,GOKEX,EQ,189402,85849,45.33
20,743,GOKULAGRO,EQ,152151,93282,61.31
20,744,GOLDBEES,EQ,9579587,7755017,80.95
20,745,GOLDCASE,EQ,1959507,673259,34.36
20,746,GOLDETF,EQ,77483,60451,78.02
20,747,GOLDETFADD,EQ,391073,388252,99.28
20,748,GOLDIAM,EQ,507741,243680,47.99
20,749,GOLDIETF,EQ,3144030,3018412,96.00
20,750,GOLDSHARE,EQ,4824327,4773852,98.95
20,751,GOLDSTAR,SM,78750,56250,71.43
20,752,GOLDTECH,EQ,38448,18743,48.75
20,753,GOODLUCK,EQ,80045,43122,53.87
20,754,GOPAL,EQ,620438,257135,41.44
20,755,GOYALSALT,SM,48000,39000,81.25
20,756,GPIL,EQ,361929,214664,59.31
20,757,GPPL,EQ,7174913,2521093,35.14
20,758,GPTHEALTH,EQ,891567,347895,39.02
20,759,GPTINFRA,EQ,84650,52686,62.24
20,760,GRANULES,EQ,1818823,787899,43.32
20,761,GRAPHISAD,SM,91200,56400,61.84
20,762,GRAPHITE,EQ,3540687,897304,25.34
20,763,GRASIM,EQ,303529,130484,42.99
20,764,GRASIMPP,E1,8532,7697,90.21
20,765,GRAVITA,EQ,262933,100326,38.16
20,766,GREAVESCOT,EQ,1572073,749457,47.67
20,767,GREENCHEF,SM,96800,65600,67.77
20,768,GREENLAM,EQ,408380,158505,38.81
20,769,GREENPANEL,EQ,226850,140090,61.75
20,770,GREENPLY,EQ,920498,332147,36.08
20,771,GRINDWELL,EQ,39652,19545,49.29
20,772,GRINFRA,EQ,94259,50555,53.63
20,773,GRMOVER,EQ,313750,184541,58.82
20,774,GROBTEA,EQ,367,224,61.04
20,775,GRPLTD,EQ,1157,810,70.01
20,776,GRSE,EQ,7045898,1218505,17.29
20,777,GRWRHITECH,EQ,19086,12610,66.07
20,778,GSEC10IETF,EQ,1443,1060,73.46
20,779,GSEC10YEAR,EQ,82953,67600,81.49
20,780,GSEC5IETF,EQ,618,616,99.68
20,781,GSFC,EQ,14539244,4648573,31.97
20,782,GSLSU,EQ,47919,26298,54.88
20,783,GSPL,EQ,1538503,979826,63.69
20,784,GSTL,SM,1000,1000,100.00
20,785,GTLINFRA,EQ,13838352,13617769,98.41
20,786,GTPL,EQ,63372,33438,52.76
20,787,GUFICBIO,EQ,239488,137751,57.52
20,788,GUJALKALI,EQ,98304,40228,40.92
20,789,GUJGASLTD,EQ,953436,393050,41.22
20,790,GULFOILLUB,EQ,889678,346031,38.89
20,791,GULFPETRO,EQ,285099,131084,45.98
20,792,GULPOLY,EQ,96788,51862,53.58
20,793,GVKPIL,EQ,404598,404598,100.00
20,794,GVPTECH,EQ,38664,38409,99.34
20,795,HAL,EQ,2077663,608582,29.29
20,796,HAPPSTMNDS,EQ,542368,208528,38.45
20,797,HAPPYFORGE,EQ,42404,21107,49.78
20,798,HARDWYN,EQ,380398,209964,55.20
20,799,HARIOMPIPE,EQ,98009,48535,49.52
20,800,HARRMALAYA,EQ,29323,17907,61.07
20,801,HARSHA,EQ,85289,48396,56.74
20,802,HATHWAY,EQ,8122881,3085115,37.98
20,803,HATSUN,EQ,13194,6596,49.99
20,804,HAVELLS,EQ,1132164,562014,49.64
20,805,HBLPOWER,EQ,2636450,978117,37.10
20,806,HCC,EQ,20015871,10287039,51.39
20,807,HCG,EQ,177064,111652,63.06
20,808,HCL-INSYS,EQ,837803,635297,75.83
20,809,HCLTECH,EQ,3343884,1935932,57.89
20,810,HDFCAMC,EQ,180279,95288,52.86
20,811,HDFCBANK,EQ,22792193,13684601,60.04
20,812,HDFCBSE500,EQ,26467,16280,61.51
20,813,HDFCGOLD,EQ,775786,605116,78.00
20,814,HDFCGROWTH,EQ,7727,5901,76.37
20,815,HDFCLIFE,EQ,3822465,1998527,52.28
20,816,HDFCLIQUID,EQ,2732,2732,100.00
20,817,HDFCLOWVOL,EQ,54172,35691,65.88
20,818,HDFCMID150,EQ,213916,146650,68.55
20,819,HDFCMOMENT,EQ,72273,55487,76.77
20,820,HDFCNEXT50,EQ,18779,14766,78.63
20,821,HDFCNIF100,EQ,64222,56198,87.51
20,822,HDFCNIFBAN,EQ,13010,10563,81.19
20,823,HDFCNIFIT,EQ,39575,33181,83.84
20,824,HDFCNIFTY,EQ,474307,460703,97.13
20,825,HDFCPSUBK,EQ,20615,16795,81.47
20,826,HDFCPVTBAN,EQ,268348,242009,90.18
20,827,HDFCQUAL,EQ,7110,6388,89.85
20,828,HDFCSENSEX,EQ,46816,32058,68.48
20,829,HDFCSILVER,EQ,457637,286353,62.57
20,830,HDFCSML250,EQ,587007,485114,82.64
20,831,HDFCVALUE,EQ,4884,4024,82.39
20,832,HEADSUP,EQ,320840,114907,35.81
20,833,HEALTHADD,EQ,166,122,73.49
20,834,HEALTHIETF,EQ,18724,9094,48.57
20,835,HEALTHY,EQ,407203,290187,71.26
20,836,HECPROJECT,EQ,3738,1728,46.23
20,837,HEG,EQ,806740,218486,27.08
20,838,HEIDELBERG,EQ,163505,90897,55.59
20,839,HEMIPROP,EQ,675174,297990,44.14
20,840,HERANBA,EQ,66702,29829,44.72
20,841,HERCULES,EQ,94460,39416,41.73
20,842,HERITGFOOD,EQ,425090,234350,55.13
20,843,HEROMOTOCO,EQ,681469,362681,53.22
20,844,HESTERBIO,EQ,20191,11785,58.37
20,845,HEUBACHIND,EQ,40965,23694,57.84
20,846,HEXATRADEX,EQ,5613,1911,34.05
20,847,HFCL,EQ,12529712,3776918,30.14
20,848,HGINFRA,EQ,340355,106237,31.21
20,849,HGS,EQ,54793,22615,41.27
20,850,HIGREEN,SM,46400,32000,68.97
20,851,HIKAL,EQ,296935,117389,39.53
20,852,HIL,EQ,8105,3782,46.66
20,853,HILTON,EQ,782720,203865,26.05
20,854,HIMATSEIDE,EQ,574880,298907,51.99
20,855,HINDALCO,EQ,7514291,3502199,46.61
20,856,HINDCOMPOS,EQ,7597,5018,66.05
20,857,HINDCOPPER,EQ,12997372,4615740,35.51
20,858,HINDMOTORS,EQ,4646376,2039234,43.89
20,859,HINDOILEXP,EQ,1855232,761235,41.03
20,860,HINDPETRO,EQ,4715729,2185709,46.35
20,861,HINDUNILVR,EQ,1175309,800532,68.11
20,862,HINDWAREAP,EQ,101907,58265,57.17
20,863,HINDZINC,EQ,5708706,1912062,33.49
20,864,HIRECT,EQ,25062,14273,56.95
20,865,HISARMETAL,EQ,7863,4408,56.06
20,866,HITECH,EQ,984529,388291,39.44
20,867,HITECHCORP,EQ,20787,13385,64.39
20,868,HITECHGEAR,EQ,130003,41666,32.05
20,869,HLEGLAS,EQ,172864,73435,42.48
20,870,HLVLTD,EQ,3135756,2249318,71.73
20,871,HMAAGRO,EQ,348059,290064,83.34
20,872,HMVL,EQ,147003,62481,42.50
20,873,HNDFDS,EQ,48200,28219,58.55
20,874,HNGSNGBEES,EQ,177408,127559,71.90
20,875,HOLMARC,SM,3000,3000,100.00
20,876,HOMEFIRST,EQ,251122,200280,79.75
20,877,HOMESFY,SM,30000,23700,79.00
20,878,HONASA,EQ,158102,77069,48.75
20,879,HONAUT,EQ,4663,2317,49.69
20,880,HONDAPOWER,EQ,4077,2089,51.24
20,881,HOVS,EQ,25460,16083,63.17
20,882,HPAL,EQ,462012,284259,61.53
20,883,HPL,EQ,281136,162474,57.79
20,884,HRHNEXT,SM,81000,57000,70.37
20,885,HTMEDIA,EQ,585874,282223,48.17
20,886,HUDCO,EQ,14065030,4366692,31.05
20,887,HUDCO,N2,286,286,100.00
20,888,HUDCO,N5,1051,1051,100.00
20,889,HUDCO,N8,138,138,100.00
20,890,HUDCO,N9,86,78,90.70
20,891,HUDCO,ND,200,200,100.00
20,892,HUDCO,NE,529,529,100.00
20,893,HUHTAMAKI,EQ,86813,42194,48.60
20,894,IBLFL,SM,46000,30000,65.22
20,895,IBREALEST,EQ,25739022,9956610,38.68
20,896,IBUCCREDIT,NB,80,80,100.00
20,897,IBUCCREDIT,ND,31,31,100.00
20,898,IBUCCREDIT,NM,65,65,100.00
20,899,IBUCCREDIT,NS,286,286,100.00
20,900,IBUCCREDIT,NT,5,5,100.00
20,901,IBUCCREDIT,NX,5,5,100.00
20,902,IBULHSG,N5,30,30,100.00
20,903,IBULHSG,Y5,338,338,100.00
20,904,IBULHSG,YC,4,4,100.00
20,905,IBULHSG,YO,30,30,100.00
20,906,IBULHSG,YY,5,5,100.00
20,907,IBULHSG,Z8,2334,2334,100.00
20,908,IBULHSGFIN,AC,10,10,100.00
20,909,IBULHSGFIN,AL,237,237,100.00
20,910,IBULHSGFIN,AN,20,20,100.00
20,911,IBULHSGFIN,AT,30,30,100.00
20,912,IBULHSGFIN,AZ,10,10,100.00
20,913,IBULHSGFIN,BC,10,10,100.00
20,914,IBULHSGFIN,BV,18,18,100.00
20,915,IBULHSGFIN,EQ,5978233,1966727,32.90
20,916,IBULHSGFIN,N0,55,55,100.00
20,917,IBULHSGFIN,NA,151,151,100.00
20,918,IBULHSGFIN,NN,10,10,100.00
20,919,IBULHSGFIN,NO,5,5,100.00
20,920,IBULHSGFIN,YK,134,134,100.00
20,921,IBULHSGFIN,YN,93,64,68.82
20,922,IBULHSGFIN,Z3,44,40,90.91
20,923,IBULHSGFIN,Z9,50,50,100.00
20,924,IBULHSGFIN,ZP,10,10,100.00
20,925,IBULHSGFIN,ZR,21,21,100.00
20,926,IBULHSGFIN,ZS,8,8,100.00
20,927,IBULPP,E1,2902726,1900092,65.46
20,928,ICEMAKE,EQ,32336,18456,57.08
20,929,ICICIB22,EQ,2010569,1598714,79.52
20,930,ICICIBANK,EQ,15477184,7647513,49.41
20,931,ICICIGI,EQ,635748,448730,70.58
20,932,ICICIPRULI,EQ,1578089,1038996,65.84
20,933,ICIL,EQ,341378,167207,48.98
20,934,ICRA,EQ,1346,552,41.01
20,935,IDBI,EQ,22330575,7082689,31.72
20,936,IDEA,EQ,496512224,94304734,18.99
20,937,IDEAFORGE,EQ,437544,185973,42.50
20,938,IDFC,EQ,2923769,1432563,49.00
20,939,IDFCFIRSTB,EQ,41884727,19205693,45.85
20,940,IDFNIFTYET,EQ,202,186,92.08
20,941,IEL,EQ,158384,134854,85.14
20,942,IEX,EQ,8179541,2961882,36.21
20,943,IFBAGRO,EQ,4205,2344,55.74
20,944,IFBIND,EQ,72568,37582,51.79
20,945,IFCI,EQ,29756158,12153209,40.84
20,946,IFCI,NH,700,699,99.86
20,947,IFGLEXPOR,EQ,28127,17816,63.34
20,948,IGARASHI,EQ,42780,20709,48.41
20,949,IGL,EQ,1629254,1202081,73.78
20,950,IGPL,EQ,59811,30769,51.44
20,951,IIFCL,N1,897,875,97.55
20,952,IIFCL,N3,850,850,100.00
20,953,IIFL,EQ,3068232,2208892,71.99
20,954,IIFL,N6,135,135,100.00
20,955,IIFL,N7,15,15,100.00
20,956,IIFL,NC,204,200,98.04
20,957,IIFL,ND,2,1,50.00
20,958,IIFL,NE,10,10,100.00
20,959,IIFL,NF,797,622,78.04
20,960,IIFL,NJ,50,50,100.00
20,961,IIFL,NK,20,20,100.00
20,962,IIFL,NL,311,311,100.00
20,963,IIFL,NM,50,50,100.00
20,964,IIFL,NO,34,34,100.00
20,965,IIFL,NQ,100,100,100.00
20,966,IIFL,NS,532,532,100.00
20,967,IIFL,NT,386,386,100.00
20,968,IIFL,NV,154,154,100.00
20,969,IIFL,NW,343,218,63.56
20,970,IIFL,NY,25,25,100.00
20,971,IIFL,NZ,36,36,100.00
20,972,IIFL,Y0,400,400,100.00
20,973,IIFL,Y1,73,73,100.00
20,974,IIFLSAMFIN,N0,2,1,50.00
20,975,IIFLSAMFIN,N4,10,10,100.00
20,976,IIFLSEC,EQ,1002105,567295,56.61
20,977,IIHFL,N4,100,100,100.00
20,978,IIHFL,N5,1001,900,89.91
20,979,IIHFL,N6,2,2,100.00
20,980,IIHFL,N7,793,793,100.00
20,981,IIHFL,N8,216,133,61.57
20,982,IIHFL,N9,10,10,100.00
20,983,IIHFL,NC,300,252,84.00
20,984,IITL,EQ,2046,1727,84.41
20,985,IKIO,EQ,533602,238716,44.74
20,986,IMAGICAA,EQ,3027216,1403966,46.38
20,987,IMC1,N1,219,200,91.32
20,988,IMC1,N2,20,20,100.00
20,989,IMFA,EQ,3322752,821987,24.74
20,990,IMPAL,EQ,1286,765,59.49
20,991,INDBANK,EQ,509864,279388,54.80
20,992,INDHOTEL,EQ,4114999,2148360,52.21
20,993,INDIACEM,EQ,3346624,1102501,32.94
20,994,INDIAGLYCO,EQ,273048,111574,40.86
20,995,INDIAMART,EQ,242981,87872,36.16
20,996,INDIANB,EQ,1738426,945008,54.36
20,997,INDIANCARD,EQ,16649,11103,66.69
20,998,INDIANHUME,EQ,65322,30624,46.88
20,999,INDIASHLTR,EQ,83817,42458,50.66
20,1000,INDIFRA,SM,28000,22000,78.57
20,1001,INDIGO,EQ,992280,660304,66.54
20,1002,INDIGOPNTS,EQ,70032,29500,42.12
20,1003,INDIGRID,IV,170707,141819,83.08
20,1004,INDIGRID,NB,6,6,100.00
20,1005,INDIGRID,NJ,225,225,100.00
20,1006,INDIGRID,NL,138,138,100.00
20,1007,INDNIPPON,EQ,24861,9419,37.89
20,1008,INDOAMIN,EQ,2188965,443494,20.26
20,1009,INDOBORAX,EQ,86646,48175,55.60
20,1010,INDOCO,EQ,137828,70461,51.12
20,1011,INDORAMA,EQ,416758,186660,44.79
20,1012,INDOSTAR,EQ,36064,36064,100.00
20,1013,INDOTECH,EQ,87285,47263,54.15
20,1014,INDRAMEDCO,EQ,1434148,1039713,72.50
20,1015,INDSWFTLAB,EQ,4480190,1990856,44.44
20,1016,INDSWFTLTD,EQ,81484,62997,77.31
20,1017,INDTERRAIN,EQ,300203,76405,25.45
20,1018,INDUSINDBK,EQ,3711781,1976029,53.24
20,1019,INDUSTOWER,EQ,21197899,9653790,45.54
20,1020,INFIBEAM,EQ,89126715,25238743,28.32
20,1021,INFINIUM,SM,4500,4000,88.89
20,1022,INFOBEAN,EQ,19739,10722,54.32
20,1023,INFOLLION,SM,2400,1600,66.67
20,1024,INFRABEES,EQ,14716,11141,75.71
20,1025,INFRAIETF,EQ,65259,40635,62.27
20,1026,INFY,EQ,8736248,5905070,67.59
20,1027,INGERRAND,EQ,13351,7444,55.76
20,1028,INM,SM,1800,1800,100.00
20,1029,INNOVACAP,EQ,165435,98204,59.36
20,1030,INNOVANA,SM,4000,3400,85.00
20,1031,INNOVATIVE,ST,21000,21000,100.00
20,1032,INOXINDIA,EQ,1077016,326796,30.34
20,1033,INOXWIND,EQ,1063318,526922,49.55
20,1034,INSECTICID,EQ,37186,16631,44.72
20,1035,INSPIRE,SM,116000,86000,74.14
20,1036,INTELLECT,EQ,393664,110113,27.97
20,1037,INTLCONV,EQ,218956,120781,55.16
20,1038,IOB,EQ,28031613,7576411,27.03
20,1039,IOC,EQ,18996701,8501996,44.76
20,1040,IOLCP,EQ,187806,89307,47.55
20,1041,IONEXCHANG,EQ,232769,120602,51.81
20,1042,IPCALAB,EQ,1653542,1406622,85.07
20,1043,IPL,EQ,454323,306065,67.37
20,1044,IRB,EQ,14624101,7377059,50.44
20,1045,IRBINVIT,IV,101401,84287,83.12
20,1046,IRCON,EQ,7524075,2564744,34.09
20,1047,IRCTC,EQ,7346168,2225233,30.29
20,1048,IREDA,EQ,26027259,10289984,39.54
20,1049,IREDA,N5,502,502,100.00
20,1050,IREDA,N6,60,60,100.00
20,1051,IRFC,EQ,42670072,15296763,35.85
20,1052,IRFC,N2,881,881,100.00
20,1053,IRFC,N4,2,1,50.00
20,1054,IRFC,NA,473,473,100.00
20,1055,IRFC,NE,468,451,96.37
20,1056,IRFC,NI,10,5,50.00
20,1057,IRFC,NJ,788,788,100.00
20,1058,IRFC,NK,30,30,100.00
20,1059,IRFC,NM,471,471,100.00
20,1060,IRFC,NO,251,251,100.00
20,1061,IRIS,EQ,100151,62195,62.10
20,1062,IRISDOREME,EQ,55617,15257,27.43
20,1063,IRMENERGY,EQ,83818,36803,43.91
20,1064,ISEC,EQ,1078772,843106,78.15
20,1065,ISFT,EQ,62879,43196,68.70
20,1066,ISGEC,EQ,110367,60915,55.19
20,1067,ISHAN,ST,240000,240000,100.00
20,1068,ISMTLTD,EQ,675484,368347,54.53
20,1069,IT,EQ,146465,97109,66.30
20,1070,ITALIANE,SM,58000,50000,86.21
20,1071,ITBEES,EQ,8340853,5029023,60.29
20,1072,ITC,EQ,12664520,7188771,56.76
20,1073,ITDC,EQ,438611,130457,29.74
20,1074,ITDCEM,EQ,403169,225902,56.03
20,1075,ITETF,EQ,76944,68550,89.09
20,1076,ITETFADD,EQ,176075,133253,75.68
20,1077,ITI,EQ,1607346,379412,23.60
20,1078,ITIETF,EQ,436759,274285,62.80
20,1079,IVC,EQ,739455,461904,62.47
20,1080,IVZINGOLD,EQ,11,7,63.64
20,1081,IVZINNIFTY,EQ,526,503,95.63
20,1082,IZMO,EQ,63111,55366,87.73
20,1083,JAGRAN,EQ,588103,343155,58.35
20,1084,JAGSNPHARM,EQ,47153,26281,55.74
20,1085,JAICORPLTD,EQ,811088,421530,51.97
20,1086,JAINAM,SM,10000,9000,90.00
20,1087,JAIPURKURT,EQ,33399,20845,62.41
20,1088,JALAN,SM,60000,57000,95.00
20,1089,JAMNAAUTO,EQ,14020038,3485444,24.86
20,1090,JASH,EQ,4972,2851,57.34
20,1091,JAYAGROGN,EQ,23440,13822,58.97
20,1092,JAYBARMARU,EQ,76104,41706,54.80
20,1093,JAYNECOIND,EQ,196093,138984,70.88
20,1094,JAYSREETEA,EQ,98976,61609,62.25
20,1095,JBCHEPHARM,EQ,42891,24448,57.00
20,1096,JBMA,EQ,227866,146351,64.23
20,1097,JCHAC,EQ,193117,86700,44.90
20,1098,JETFREIGHT,EQ,103202,81109,78.59
20,1099,JFLLIFE,SM,2000,2000,100.00
20,1100,JGCHEM,EQ,3741377,1146962,30.66
20,1101,JINDALPHOT,EQ,22772,9463,41.56
20,1102,JINDALPOLY,EQ,83923,29864,35.59
20,1103,JINDALSAW,EQ,1099112,597692,54.38
20,1104,JINDALSTEL,EQ,3171054,1109925,35.00
20,1105,JINDRILL,EQ,18233,7641,41.91
20,1106,JINDWORLD,EQ,255147,74872,29.34
20,1107,JIOFIN,EQ,17920490,6460171,36.05
20,1108,JISLDVREQS,EQ,209389,116621,55.70
20,1109,JISLJALEQS,EQ,6564957,2476192,37.72
20,1110,JIWANRAM,SM,42000,42000,100.00
20,1111,J&KBANK,EQ,4043117,1879990,46.50
20,1112,JKCEMENT,EQ,48371,15617,32.29
20,1113,JKIL,EQ,139386,70893,50.86
20,1114,JKLAKSHMI,EQ,139606,72040,51.60
20,1115,JKPAPER,EQ,1802944,717866,39.82
20,1116,JKTYRE,EQ,296903,190748,64.25
20,1117,JLHL,EQ,33988,24493,72.06
20,1118,JMFINANCIL,EQ,3620319,1285318,35.50
20,1119,JOCIL,EQ,18068,11965,66.22
20,1120,JPASSOCIAT,EQ,27844769,14548719,52.25
20,1121,JPOLYINVST,EQ,11971,6661,55.64
20,1122,JSFB,EQ,194502,123388,63.44
20,1123,JSL,EQ,1075532,608291,56.56
20,1124,JSLL,SM,54720,39960,73.03
20,1125,JSWENERGY,EQ,17570174,7102169,40.42
20,1126,JSWHL,EQ,7505,2983,39.75
20,1127,JSWINFRA,EQ,3640395,1778967,48.87
20,1128,JSWSTEEL,EQ,1980049,577168,29.15
20,1129,JTEKTINDIA,EQ,501479,230293,45.92
20,1130,JTLIND,EQ,6032546,2108976,34.96
20,1131,JUBLFOOD,EQ,5011235,4016914,80.16
20,1132,JUBLINDS,EQ,15491,8899,57.45
20,1133,JUBLINGREA,EQ,270156,134898,49.93
20,1134,JUBLPHARMA,EQ,132668,79729,60.10
20,1135,JUNIORBEES,EQ,212121,130413,61.48
20,1136,JUNIPER,EQ,190499,95742,50.26
20,1137,JUSTDIAL,EQ,322970,121057,37.48
20,1138,JWL,EQ,2547162,1345925,52.84
20,1139,JYOTHYLAB,EQ,308087,115302,37.43
20,1140,JYOTICNC,EQ,281538,142973,50.78
20,1141,KABRAEXTRU,EQ,43644,20344,46.61
20,1142,KAJARIACER,EQ,140029,79281,56.62
20,1143,KAKATCEM,EQ,18134,10735,59.20
20,1144,KALAMANDIR,EQ,281744,121057,42.97
20,1145,KALYANIFRG,EQ,5554,2840,51.13
20,1146,KALYANKJIL,EQ,1850105,1371370,74.12
20,1147,KAMATHOTEL,EQ,93996,59878,63.70
20,1148,KAMDHENU,EQ,95836,39777,41.51
20,1149,KAMOPAINTS,EQ,1257885,455811,36.24
20,1150,KANDARP,SM,16000,12000,75.00
20,1151,KANORICHEM,EQ,35403,17236,48.69
20,1152,KANPRPLA,EQ,19874,6030,30.34
20,1153,KANSAINER,EQ,270463,154362,57.07
20,1154,KAPSTON,EQ,15020,2387,15.89
20,1155,KARNIKA,SM,8000,8000,100.00
20,1156,KARURVYSYA,EQ,2898420,1821477,62.84
20,1157,KAUSHALYA,EQ,1202,742,61.73
20,1158,KAVVERITEL,EQ,36567,26832,73.38
20,1159,KAYA,EQ,13664,9861,72.17
20,1160,KAYNES,EQ,102329,74291,72.60
20,1161,KBCGLOBAL,EQ,15605145,5672596,36.35
20,1162,KCEIL,SM,6000,6000,100.00
20,1163,KCK,ST,24000,24000,100.00
20,1164,KCP,EQ,282127,133021,47.15
20,1165,KCPSUGIND,EQ,571248,240190,42.05
20,1166,KDDL,EQ,12631,8004,63.37
20,1167,KDL,SM,7200,7200,100.00
20,1168,KEC,EQ,108731,50638,46.57
20,1169,KECL,EQ,491400,173567,35.32
20,1170,KEEPLEARN,EQ,25368,25358,99.96
20,1171,KEI,EQ,245999,137901,56.06
20,1172,KEL,SM,34800,30000,86.21
20,1173,KELLTONTEC,EQ,1095718,451295,41.19
20,1174,KERNEX,EQ,27096,23330,86.10
20,1175,KESORAMIND,EQ,1060436,547522,51.63
20,1176,KEYFINSERV,EQ,24894,10460,42.02
20,1177,KFINTECH,EQ,1004240,392276,39.06
20,1178,KHADIM,EQ,11594,8064,69.55
20,1179,KHAICHEM,EQ,308953,113200,36.64
20,1180,KHAITANLTD,EQ,6551,5511,84.12
20,1181,KHANDSE,EQ,8874,5584,62.93
20,1182,KHFM,SM,93000,80600,86.67
20,1183,KICL,EQ,11818,3533,29.90
20,1184,KILITCH,EQ,2814,1644,58.42
20,1185,KIMS,EQ,20621,13042,63.25
20,1186,KINGFA,EQ,2470,1823,73.81
20,1187,KIOCL,EQ,627774,207750,33.09
20,1188,KIRIINDUS,EQ,242174,96487,39.84
20,1189,KIRLOSBROS,EQ,190632,87257,45.77
20,1190,KIRLOSENG,EQ,152447,73454,48.18
20,1191,KIRLOSIND,EQ,2290,1527,66.68
20,1192,KIRLPNU,EQ,31148,17920,57.53
20,1193,KITEX,EQ,550803,202177,36.71
20,1194,KKCL,EQ,17237,8667,50.28
20,1195,KLL,SM,113600,67200,59.15
20,1196,KMSUGAR,EQ,566686,232204,40.98
20,1197,KNAGRI,SM,26400,19200,72.73
20,1198,KNRCON,EQ,659744,385393,58.42
20,1199,KODYTECH,SM,4800,4000,83.33
20,1200,KOHINOOR,EQ,267076,137905,51.64
20,1201,KOKUYOCMLN,EQ,229673,148747,64.76
20,1202,KOLTEPATIL,EQ,85747,40536,47.27
20,1203,KONSTELEC,SM,66000,30000,45.45
20,1204,KONTOR,SM,13200,13200,100.00
20,1205,KOPRAN,EQ,280195,146120,52.15
20,1206,KORE,SM,26000,23000,88.46
20,1207,KOTAKBANK,EQ,12683551,9347045,73.69
20,1208,KOTAKGOLD,EQ,425279,325743,76.60
20,1209,KOTAKSILVE,EQ,85039,74262,87.33
20,1210,KOTARISUG,EQ,467063,145348,31.12
20,1211,KOTHARIPET,EQ,209849,83822,39.94
20,1212,KOTHARIPRO,EQ,32724,16936,51.75
20,1213,KOTYARK,SM,8400,5200,61.90
20,1214,KPIGREEN,EQ,397930,203687,51.19
20,1215,KPIL,EQ,268696,134101,49.91
20,1216,KPITTECH,EQ,947682,382187,40.33
20,1217,KPRMILL,EQ,341045,130143,38.16
20,1218,KRBL,EQ,926725,394424,42.56
20,1219,KREBSBIO,EQ,17861,15012,84.05
20,1220,KRISHANA,EQ,21211,13251,62.47
20,1221,KRISHCA,SM,19000,17000,89.47
20,1222,KRISHNADEF,SM,136500,85000,62.27
20,1223,KRITI,EQ,38202,21897,57.32
20,1224,KRITINUT,EQ,24274,16188,66.69
20,1225,KRSNAA,EQ,28137,17853,63.45
20,1226,KRYSTAL,EQ,497622,181272,36.43
20,1227,KSB,EQ,35837,24043,67.09
20,1228,KSCL,EQ,54499,29927,54.91
20,1229,KSL,EQ,115514,46360,40.13
20,1230,KSOLVES,EQ,23284,15133,64.99
20,1231,KTKBANK,EQ,4466536,2909328,65.14
20,1232,KTL,SM,1155000,885000,76.62
20,1233,KUANTUM,EQ,96641,55172,57.09
20,1234,LALPATHLAB,EQ,111868,45730,40.88
20,1235,LAMBODHARA,EQ,23435,13677,58.36
20,1236,LANDMARK,EQ,100592,60107,59.75
20,1237,LAOPALA,EQ,185413,95286,51.39
20,1238,LASA,EQ,19828,19828,100.00
20,1239,LATENTVIEW,EQ,2050097,527307,25.72
20,1240,LAURUSLABS,EQ,8562100,2387988,27.89
20,1241,LAWSIKHO,SM,69000,55000,79.71
20,1242,LAXMICOT,EQ,194330,80411,41.38
20,1243,LAXMIMACH,EQ,43103,8170,18.95
20,1244,LEMERITE,SM,46400,44800,96.55
20,1245,LEMONTREE,EQ,6552938,2807190,42.84
20,1246,LEXUS,EQ,110235,55120,50.00
20,1247,LGBBROSLTD,EQ,21385,12310,57.56
20,1248,LGBFORGE,EQ,260941,152478,58.43
20,1249,LGHL,EQ,7273,2268,31.18
20,1250,LIBAS,EQ,275679,166023,60.22
20,1251,LICHSGFIN,EQ,1187104,495143,41.71
20,1252,LICI,EQ,4112423,1552098,37.74
20,1253,LICMFGOLD,EQ,263,162,61.60
20,1254,LICNETFGSC,EQ,18369,14678,79.91
20,1255,LICNETFN50,EQ,425,278,65.41
20,1256,LICNETFSEN,EQ,56,47,83.93
20,1257,LICNFNHGP,EQ,1129,823,72.90
20,1258,LICNMID100,EQ,16409,13899,84.70
20,1259,LIKHITHA,EQ,90195,48547,53.82
20,1260,LINC,EQ,64525,20166,31.25
20,1261,LINCOLN,EQ,98785,31442,31.83
20,1262,LINDEINDIA,EQ,288950,55868,19.33
20,1263,LIQUID,EQ,165365,126682,76.61
20,1264,LIQUID1,EQ,6742,3400,50.43
20,1265,LIQUIDADD,EQ,4565,4312,94.46
20,1266,LIQUIDBEES,EQ,3605310,3132700,86.89
20,1267,LIQUIDCASE,EQ,4109934,4054749,98.66
20,1268,LIQUIDETF,EQ,421029,378733,89.95
20,1269,LIQUIDIETF,EQ,726731,446832,61.49
20,1270,LIQUIDSBI,EQ,19502,19472,99.85
20,1271,LLOYDS,SM,1000,1000,100.00
20,1272,LLOYDSENGG,EQ,5833792,2774559,47.56
20,1273,LLOYDSME,EQ,156654,87278,55.71
20,1274,LODHA,EQ,1242461,818270,65.86
20,1275,LOKESHMACH,EQ,336332,164091,48.79
20,1276,LOVABLE,EQ,55455,34750,62.66
20,1277,LOWVOL,EQ,703,700,99.57
20,1278,LOWVOL1,EQ,2003997,1963076,97.96
20,1279,LOWVOLIETF,EQ,2090134,1999780,95.68
20,1280,LOYALTEX,EQ,6065,2397,39.52
20,1281,LPDC,EQ,114816,71762,62.50
20,1282,LT,EQ,1684618,1180089,70.05
20,1283,L&TFH,EQ,6428941,3365240,52.35
20,1284,L&TFIN,N5,70,70,100.00
20,1285,L&TFIN,N7,600,500,83.33
20,1286,L&TFIN,NJ,778,778,100.00
20,1287,L&TFIN,NL,100,100,100.00
20,1288,L&TFIN,NN,1,1,100.00
20,1289,LTFOODS,EQ,1646747,796442,48.36
20,1290,LTGILTBEES,EQ,2397613,2209033,92.13
20,1291,LTIM,EQ,545022,309714,56.83
20,1292,LTTS,EQ,364195,117567,32.28
20,1293,LUMAXIND,EQ,6915,5160,74.62
20,1294,LUMAXTECH,EQ,188669,108995,57.77
20,1295,LUPIN,EQ,520656,278152,53.42
20,1296,LUXIND,EQ,74242,34574,46.57
20,1297,LXCHEM,EQ,2734044,639540,23.39
20,1298,LYKALABS,EQ,97767,81798,83.67
20,1299,LYPSAGEMS,EQ,61964,53835,86.88
20,1300,MAANALU,EQ,503129,195740,38.90
20,1301,MADHAVBAUG,SM,800,800,100.00
20,1302,MADHUSUDAN,SM,176000,134000,76.14
20,1303,MADRASFERT,EQ,1112414,365807,32.88
20,1304,MAFANG,EQ,425684,219038,51.46
20,1305,MAGADSUGAR,EQ,14466,6129,42.37
20,1306,MAGNUM,EQ,14364,14364,100.00
20,1307,MAGSON,SM,12000,10000,83.33
20,1308,MAHABANK,EQ,42888922,13647997,31.82
20,1309,MAHAPEXLTD,EQ,11903,4700,39.49
20,1310,MAHEPC,EQ,104591,34619,33.10
20,1311,MAHESHWARI,EQ,17539,10550,60.15
20,1312,MAHKTECH,EQ,893890,696954,77.97
20,1313,MAHLIFE,EQ,762264,370347,48.59
20,1314,MAHLOG,EQ,166161,85649,51.55
20,1315,MAHSCOOTER,EQ,4752,2323,48.88
20,1316,MAHSEAMLES,EQ,188476,123138,65.33
20,1317,MAITHANALL,EQ,124603,66523,53.39
20,1318,MAITREYA,SM,11200,11200,100.00
20,1319,MAKEINDIA,EQ,43501,41342,95.04
20,1320,MAKS,ST,45000,45000,100.00
20,1321,MAL,SM,27200,27200,100.00
20,1322,MALLCOM,EQ,3470,1854,53.43
20,1323,MANAKCOAT,EQ,70438,64666,91.81
20,1324,MANAKSIA,EQ,210150,89956,42.81
20,1325,MANALIPETC,EQ,6466835,1727231,26.71
20,1326,MANAPPURAM,EQ,17738172,7472785,42.13
20,1327,MANGALAM,EQ,38753,20266,52.30
20,1328,MANGCHEFER,EQ,821154,376786,45.88
20,1329,MANGLMCEM,EQ,108836,69703,64.04
20,1330,MANINFRA,EQ,523181,144321,27.59
20,1331,MANKIND,EQ,305828,180681,59.08
20,1332,MANORAMA,EQ,569133,220175,38.69
20,1333,MANORG,EQ,33735,19373,57.43
20,1334,MANYAVAR,EQ,203208,110696,54.47
20,1335,MAPMYINDIA,EQ,137207,114656,83.56
20,1336,MARALOVER,EQ,15129,9581,63.33
20,1337,MARATHON,EQ,124219,41881,33.72
20,1338,MARCO,SM,51000,42000,82.35
20,1339,MARICO,EQ,753923,384931,51.06
20,1340,MARINE,EQ,322852,230111,71.27
20,1341,MARINETRAN,SM,8000,4000,50.00
20,1342,MARKSANS,EQ,922603,568887,61.66
20,1343,MARUTI,EQ,271935,141592,52.07
20,1344,MASFIN,EQ,105943,59711,56.36
20,1345,MASPTOP50,EQ,392959,225530,57.39
20,1346,MASTEK,EQ,47966,19617,40.90
20,1347,MATRIMONY,EQ,18509,9653,52.15
20,1348,MAWANASUG,EQ,182257,71950,39.48
20,1349,MAXESTATES,EQ,128854,73880,57.34
20,1350,MAXHEALTH,EQ,1159122,729779,62.96
20,1351,MAXPOSURE,SM,80000,52000,65.00
20,1352,MAYURUNIQ,EQ,91837,59748,65.06
20,1353,MAZDA,EQ,7211,3343,46.36
20,1354,MAZDOCK,EQ,9644667,1438614,14.92
20,1355,MBAPL,EQ,13625,8754,64.25
20,1356,MBLINFRA,EQ,109727,88305,80.48
20,1357,MCDOWELL-N,EQ,468953,231196,49.30
20,1358,MCON,SM,6000,6000,100.00
20,1359,MCX,EQ,380237,79568,20.93
20,1360,MDL,ST,4000,4000,100.00
20,1361,MEDANTA,EQ,838420,796939,95.05
20,1362,MEDIASSIST,EQ,641297,512204,79.87
20,1363,MEDICAMEQ,EQ,26249,15083,57.46
20,1364,MEDPLUS,EQ,158026,118373,74.91
20,1365,MEGASOFT,EQ,368349,239289,64.96
20,1366,MEGASTAR,EQ,6056,4072,67.24
20,1367,MEGATHERM,SM,92400,72000,77.92
20,1368,MENONBE,EQ,128142,85748,66.92
20,1369,METROBRAND,EQ,719970,645724,89.69
20,1370,METROPOLIS,EQ,107925,28719,26.61
20,1371,MFSL,EQ,592100,354227,59.83
20,1372,MGEL,EQ,140361,118796,84.64
20,1373,MGL,EQ,267238,142708,53.40
20,1374,MHHL,SM,21000,18000,85.71
20,1375,MHLXMIRU,EQ,20080,14031,69.88
20,1376,MHRIL,EQ,227751,81585,35.82
20,1377,MICEL,EQ,674828,349157,51.74
20,1378,MICROPRO,SM,14400,12800,88.89
20,1379,MID150BEES,EQ,381144,221299,58.06
20,1380,MIDCAP,EQ,23214,13279,57.20
20,1381,MIDCAPETF,EQ,999588,699544,69.98
20,1382,MIDCAPIETF,EQ,45274,31425,69.41
20,1383,MIDHANI,EQ,1584147,413041,26.07
20,1384,MIDQ50ADD,EQ,2543,1792,70.47
20,1385,MIDSELIETF,EQ,10341,7869,76.10
20,1386,MILTON,SM,8800,4400,50.00
20,1387,MINDACORP,EQ,425761,165818,38.95
20,1388,MINDSPACE,RR,94130,73152,77.71
20,1389,MINDTECK,EQ,63558,32898,51.76
20,1390,MIRCELECTR,EQ,575464,400517,69.60
20,1391,M&M,EQ,3615370,2201246,60.89
20,1392,M&MFIN,EQ,2013500,979784,48.66
20,1393,M&MFIN,N1,100,100,100.00
20,1394,MMFL,EQ,38980,26639,68.34
20,1395,MMP,EQ,32308,16357,50.63
20,1396,MMTC,EQ,2235441,1201126,53.73
20,1397,MNC,EQ,16580,9852,59.42
20,1398,MODIRUBBER,EQ,6100,5265,86.31
20,1399,MODISONLTD,EQ,1326851,222425,16.76
20,1400,MOGSEC,EQ,32172,30897,96.04
20,1401,MOHEALTH,EQ,40900,32575,79.65
20,1402,MOHITIND,EQ,12262,8717,71.09
20,1403,MOIL,EQ,6929627,1556821,22.47
20,1404,MOL,EQ,1639664,745565,45.47
20,1405,MOLDTECH,EQ,948905,526314,55.47
20,1406,MOLDTKPAC,EQ,76569,32330,42.22
20,1407,MOLOWVOL,EQ,16561,11620,70.16
20,1408,MOM100,EQ,226104,153471,67.88
20,1409,MOM30IETF,EQ,471199,377444,80.10
20,1410,MOM50,EQ,4111,3402,82.75
20,1411,MOMENTUM,EQ,66492,42340,63.68
20,1412,MOMOMENTUM,EQ,88457,52540,59.40
20,1413,MON100,EQ,729891,460044,63.03
20,1414,MONARCH,EQ,19339,12067,62.40
20,1415,MONIFTY500,EQ,264213,231768,87.72
20,1416,MONOPHARMA,SM,12000,12000,100.00
20,1417,MONQ50,EQ,36874,27784,75.35
20,1418,MONTECARLO,EQ,28545,18007,63.08
20,1419,MOQUALITY,EQ,111,111,100.00
20,1420,MOREALTY,EQ,283145,259907,91.79
20,1421,MOREPENLAB,EQ,4720787,1745382,36.97
20,1422,MOS,SM,257600,132800,51.55
20,1423,MOSMALL250,EQ,244758,158919,64.93
20,1424,MOTHERSON,EQ,7628888,4758940,62.38
20,1425,MOTILALOFS,EQ,88315,52062,58.95
20,1426,MOTISONS,EQ,266574,154720,58.04
20,1427,MOVALUE,EQ,158002,90226,57.10
20,1428,MPHASIS,EQ,283686,117782,41.52
20,1429,MPSLTD,EQ,16280,9939,61.05
20,1430,MPTODAY,SM,2000,2000,100.00
20,1431,MRF,EQ,6928,2499,36.07
20,1432,MRO-TEK,EQ,22317,13782,61.76
20,1433,MRPL,EQ,5978189,1493641,24.98
20,1434,MSPL,EQ,488722,316762,64.81
20,1435,MSTCLTD,EQ,603865,192104,31.81
20,1436,MSUMI,EQ,9320043,4815509,51.67
20,1437,MTARTECH,EQ,279177,83779,30.01
20,1438,MTNL,EQ,3529697,1940296,54.97
20,1439,MUFIN,EQ,244439,150292,61.48
20,1440,MUFTI,EQ,1217405,500734,41.13
20,1441,MUKANDLTD,EQ,415587,194272,46.75
20,1442,MUKKA,EQ,2184422,1240747,56.80
20,1443,MUNJALAU,EQ,315551,211591,67.05
20,1444,MUNJALSHOW,EQ,102400,49795,48.63
20,1445,MURUDCERA,EQ,60368,40575,67.21
20,1446,MUTHOOTCAP,EQ,32122,15361,47.82
20,1447,MUTHOOTFIN,EQ,1550553,640430,41.30
20,1448,MUTHOOTMF,EQ,414837,185177,44.64
20,1449,MVGJL,EQ,47106,29986,63.66
20,1450,MVKAGRO,SM,73200,52800,72.13
20,1451,MWL,SM,8400,8400,100.00
20,1452,NABARD,N2,700,700,100.00
20,1453,NACLIND,EQ,184444,103072,55.88
20,1454,NAGAFERT,EQ,324473,299190,92.21
20,1455,NAGREEKEXP,EQ,114696,69663,60.74
20,1456,NAHARCAP,EQ,8403,3094,36.82
20,1457,NAHARINDUS,EQ,94377,43039,45.60
20,1458,NAHARPOLY,EQ,35916,20165,56.14
20,1459,NAHARSPING,EQ,53520,23278,43.49
20,1460,NAMAN,ST,12800,12800,100.00
20,1461,NAM-INDIA,EQ,2337735,1514868,64.80
20,1462,NATCOPHARM,EQ,375752,205940,54.81
20,1463,NATHBIOGEN,EQ,27433,14270,52.02
20,1464,NATIONALUM,EQ,75955052,23971317,31.56
20,1465,NAUKRI,EQ,134620,75740,56.26
20,1466,NAVA,EQ,673855,336099,49.88
20,1467,NAVIFIN,N0,19,19,100.00
20,1468,NAVIFIN,N5,31,31,100.00
20,1469,NAVIFIN,NA,25,25,100.00
20,1470,NAVIFIN,NC,2800,2800,100.00
20,1471,NAVINFLUOR,EQ,98215,44632,45.44
20,1472,NAVINIFTY,EQ,408,199,48.77
20,1473,NAVKARCORP,EQ,3685471,1740289,47.22
20,1474,NAVNETEDUL,EQ,102596,60779,59.24
20,1475,NAZARA,EQ,178134,82210,46.15
20,1476,NBCC,EQ,9605138,4698193,48.91
20,1477,NBIFIN,EQ,112,85,75.89
20,1478,NCC,EQ,8583612,2637474,30.73
20,1479,NCLIND,EQ,550567,229299,41.65
20,1480,NDGL,EQ,127,58,45.67
20,1481,NDL,EQ,1003640,854533,85.14
20,1482,NDLVENTURE,EQ,9717,5980,61.54
20,1483,NDRAUTO,EQ,10574,7262,68.68
20,1484,NDRINVIT,IV,200000,200000,100.00
20,1485,NDTV,EQ,344804,131665,38.19
20,1486,NECCLTD,EQ,173159,132455,76.49
20,1487,NECLIFE,EQ,726498,364334,50.15
20,1488,NELCAST,EQ,137342,64076,46.65
20,1489,NELCO,EQ,245656,71355,29.05
20,1490,NEOGEN,EQ,38001,18146,47.75
20,1491,NESCO,EQ,79238,49183,62.07
20,1492,NESTLEIND,EQ,1925139,1254813,65.18
20,1493,NETF,EQ,1063,505,47.51
20,1494,NETWEB,EQ,72515,42097,58.05
20,1495,NEULANDLAB,EQ,15255,9929,65.09
20,1496,NEWGEN,EQ,128789,80998,62.89
20,1497,NEWJAISA,SM,54000,36000,66.67
20,1498,NEXT50,EQ,12416,11580,93.27
20,1499,NEXT50IETF,EQ,194075,96834,49.90
20,1500,NEXTMEDIA,EQ,58291,35198,60.38
20,1501,NFL,EQ,13996854,3239649,23.15
20,1502,NGIL,EQ,14358,8853,61.66
20,1503,NGLFINE,EQ,1334,560,41.98
20,1504,NH,EQ,222076,142917,64.35
20,1505,NHAI,N2,29,15,51.72
20,1506,NHAI,N5,1340,770,57.46
20,1507,NHAI,N6,1650,1568,95.03
20,1508,NHAI,N8,28,28,100.00
20,1509,NHAI,N9,50,50,100.00
20,1510,NHAI,NA,10275,7609,74.05
20,1511,NHAI,ND,19,19,100.00
20,1512,NHAI,NE,1,1,100.00
20,1513,NHBTF2014,N5,15,15,100.00
20,1514,NHBTF2023,N7,1,1,100.00
20,1515,NHIT,N1,693,693,100.00
20,1516,NHIT,N2,4091,4091,100.00
20,1517,NHIT,N3,6,3,50.00
20,1518,NHPC,EQ,75480238,21681912,28.73
20,1519,NHPC,N6,78,78,100.00
20,1520,NIACL,EQ,1705845,556719,32.64
20,1521,NIBL,EQ,5294,3862,72.95
20,1522,NIDAN,SM,23000,19000,82.61
20,1523,NIDO,N5,325,325,100.00
20,1524,NIDO,N6,1308,1296,99.08
20,1525,NIF100BEES,EQ,14990,8822,58.85
20,1526,NIF100IETF,EQ,8034,4166,51.85
20,1527,NIF10GETF,EQ,2370,1804,76.12
20,1528,NIF5GETF,EQ,63251,63137,99.82
20,1529,NIFITETF,EQ,11773,7169,60.89
20,1530,NIFMID150,EQ,5042,1508,29.91
20,1531,NIFTY1,EQ,886491,856710,96.64
20,1532,NIFTY50ADD,EQ,2342,1222,52.18
20,1533,NIFTYBEES,EQ,3198165,2307716,72.16
20,1534,NIFTYBETF,EQ,1636,1296,79.22
20,1535,NIFTYETF,EQ,16995,11735,69.05
20,1536,NIFTYIETF,EQ,1345536,1288736,95.78
20,1537,NIFTYQLITY,EQ,28308,20563,72.64
20,1538,NIITLTD,EQ,636323,303979,47.77
20,1539,NIITMTS,EQ,373687,326038,87.25
20,1540,NILASPACES,EQ,2552992,1662821,65.13
20,1541,NILKAMAL,EQ,23642,12569,53.16
20,1542,NINSYS,EQ,3755,2272,60.51
20,1543,NIPPOBATRY,EQ,17911,11339,63.31
20,1544,NIRMAN,SM,24000,18600,77.50
20,1545,NITINSPIN,EQ,329359,187394,56.90
20,1546,NITIRAJ,EQ,2091,1681,80.39
20,1547,NLCINDIA,EQ,6340067,2286036,36.06
20,1548,NMDC,EQ,16690310,7202097,43.15
20,1549,NMDC,T0,1,1,100.00
20,1550,NOCIL,EQ,2242243,933175,41.62
20,1551,NORBTEAEXP,EQ,8118,3420,42.13
20,1552,NOVAAGRI,EQ,528008,254144,48.13
20,1553,NPBET,EQ,1348,1100,81.60
20,1554,NPST,SM,17100,13500,78.95
20,1555,NRAIL,EQ,17480,9135,52.26
20,1556,NRBBEARING,EQ,124136,84307,67.92
20,1557,NRL,EQ,417539,258390,61.88
20,1558,NSIL,EQ,4133,2372,57.39
20,1559,NSLNISP,EQ,13055622,5407849,41.42
20,1560,NTPC,EQ,21679943,14415869,66.49
20,1561,NTPC,N7,43135,37416,86.74
20,1562,NTPC,NB,39,39,100.00
20,1563,NTPC,NC,200,200,100.00
20,1564,NTPC,ND,140,66,47.14
20,1565,NUCLEUS,EQ,116935,54341,46.47
20,1566,NURECA,EQ,44015,21273,48.33
20,1567,NUVAMA,EQ,103860,65516,63.08
20,1568,NUVOCO,EQ,179353,95732,53.38
20,1569,NV20,EQ,75103,59225,78.86
20,1570,NV20BEES,EQ,11679,10701,91.63
20,1571,NV20IETF,EQ,310841,192064,61.79
20,1572,NXST,RR,795913,781534,98.19
20,1573,NYKAA,EQ,3244135,1598573,49.28
20,1574,OAL,EQ,13680,6901,50.45
20,1575,OBCL,EQ,107089,69994,65.36
20,1576,OBEROIRLTY,EQ,636328,286802,45.07
20,1577,OCCL,EQ,18296,13166,71.96
20,1578,OFSS,EQ,148508,51840,34.91
20,1579,OIL,EQ,13422782,2443651,18.21
20,1580,OLECTRA,EQ,717360,183364,25.56
20,1581,OLIL,SM,2400,2400,100.00
20,1582,OMAXE,EQ,522394,361590,69.22
20,1583,OMFURN,SM,165600,146400,88.41
20,1584,OMINFRAL,EQ,488441,225385,46.14
20,1585,ONDOOR,SM,3000,2400,80.00
20,1586,ONGC,EQ,22600929,9427208,41.71
20,1587,ONMOBILE,EQ,4618679,1562133,33.82
20,1588,ONWARDTEC,EQ,118758,68309,57.52
20,1589,OPTIEMUS,EQ,211925,72370,34.15
20,1590,ORBTEXP,EQ,13822,10591,76.62
20,1591,ORCHPHARMA,EQ,64824,38684,59.68
20,1592,ORIANA,SM,34800,21600,62.07
20,1593,ORICONENT,EQ,455441,240909,52.90
20,1594,ORIENTBELL,EQ,23437,16704,71.27
20,1595,ORIENTCEM,EQ,1796018,1237872,68.92
20,1596,ORIENTCER,EQ,93601,51679,55.21
20,1597,ORIENTELEC,EQ,379111,192701,50.83
20,1598,ORIENTHOT,EQ,1009171,491540,48.71
20,1599,ORIENTLTD,EQ,8523,6955,81.60
20,1600,ORIENTPPR,EQ,1309096,550495,42.05
20,1601,ORISSAMINE,EQ,22482,8636,38.41
20,1602,ORTINLAB,EQ,21490,20241,94.19
20,1603,OSWALAGRO,EQ,80441,44200,54.95
20,1604,OSWALGREEN,EQ,543687,284125,52.26
20,1605,OSWALSEEDS,EQ,325881,226298,69.44
20,1606,OWAIS,SM,198400,153600,77.42
20,1607,PAGEIND,EQ,15250,10428,68.38
20,1608,PAISALO,EQ,1667109,1016417,60.97
20,1609,PAKKA,EQ,89497,48007,53.64
20,1610,PALASHSECU,EQ,45584,17038,37.38
20,1611,PANACEABIO,EQ,167058,67324,40.30
20,1612,PANACHE,EQ,1727,1483,85.87
20,1613,PANAMAPET,EQ,131060,74760,57.04
20,1614,PANSARI,EQ,3487,2306,66.13
20,1615,PAR,EQ,65466,45241,69.11
20,1616,PARACABLES,EQ,975613,631750,64.75
20,1617,PARADEEP,EQ,2512635,1039639,41.38
20,1618,PARAGMILK,EQ,926604,485853,52.43
20,1619,PARAGON,SM,100800,75600,75.00
20,1620,PARAS,EQ,930389,254890,27.40
20,1621,PARIN,SM,8000,8000,100.00
20,1622,PARKHOTELS,EQ,754426,294011,38.97
20,1623,PARSVNATH,EQ,777055,553925,71.29
20,1624,PARTYCRUS,SM,10000,10000,100.00
20,1625,PASHUPATI,SM,28000,28000,100.00
20,1626,PASUPTAC,EQ,193818,131454,67.82
20,1627,PATANJALI,EQ,431254,183274,42.50
20,1628,PATELENG,EQ,4375227,2066625,47.23
20,1629,PATINTLOG,EQ,550232,266886,48.50
20,1630,PATTECH,SM,1500,1500,100.00
20,1631,PAYTM,EQ,1256770,864451,68.78
20,1632,PCBL,EQ,2846112,1197905,42.09
20,1633,PCJEWELLER,EQ,2449530,1543529,63.01
20,1634,PDMJEPAPER,EQ,638683,348568,54.58
20,1635,PDSL,EQ,32119,16878,52.55
20,1636,PEARLPOLY,EQ,113959,53376,46.84
20,1637,PEL,EQ,816310,370017,45.33
20,1638,PENIND,EQ,1265751,576378,45.54
20,1639,PENINLAND,EQ,1015885,480784,47.33
20,1640,PENTAGON,SM,2000,2000,100.00
20,1641,PERFECT,ST,30000,24000,80.00
20,1642,PERSISTENT,EQ,610324,399642,65.48
20,1643,PETRONET,EQ,11248413,4320857,38.41
20,1644,PFC,EQ,10346790,4994841,48.27
20,1645,PFC,N3,14,14,100.00
20,1646,PFC,N8,100,100,100.00
20,1647,PFIZER,EQ,28100,19152,68.16
20,1648,PFOCUS,EQ,116283,67869,58.37
20,1649,PGEL,EQ,72540,29646,40.87
20,1650,PGHH,EQ,9002,3298,36.64
20,1651,PGHL,EQ,7882,5381,68.27
20,1652,PGIL,EQ,14937,8223,55.05
20,1653,PGINVIT,IV,513059,419168,81.70
20,1654,PHANTOMFX,SM,32400,23100,71.30
20,1655,PHARMABEES,EQ,1674595,882733,52.71
20,1656,PHOENIXLTD,EQ,370866,191059,51.52
20,1657,PIDILITIND,EQ,319919,213064,66.60
20,1658,PIIND,EQ,475766,315913,66.40
20,1659,PILANIINVS,EQ,5254,2613,49.73
20,1660,PITTIENG,EQ,76350,41236,54.01
20,1661,PIXTRANS,EQ,20893,10058,48.14
20,1662,PKTEA,EQ,170,109,64.12
20,1663,PLADAINFO,SM,6000,6000,100.00
20,1664,PLASTIBLEN,EQ,30765,19415,63.11
20,1665,PLATIND,EQ,3771188,691538,18.34
20,1666,PLAZACABLE,EQ,89245,77618,86.97
20,1667,PNB,EQ,100643107,29052354,28.87
20,1668,PNBGILTS,EQ,1132534,413748,36.53
20,1669,PNBHOUSING,EQ,1229166,227364,18.50
20,1670,PNC,EQ,42247,16813,39.80
20,1671,PNCINFRA,EQ,681013,287841,42.27
20,1672,POCL,EQ,30681,19144,62.40
20,1673,PODDARMENT,EQ,9241,5590,60.49
20,1674,POKARNA,EQ,62342,39888,63.98
20,1675,POLICYBZR,EQ,1146968,798669,69.63
20,1676,POLYCAB,EQ,338866,139965,41.30
20,1677,POLYMED,EQ,85674,60379,70.48
20,1678,POLYPLEX,EQ,205062,78851,38.45
20,1679,POLYSIL,SM,22000,16000,72.73
20,1680,PONNIERODE,EQ,18869,11674,61.87
20,1681,POONAWALLA,EQ,4762208,1941417,40.77
20,1682,POONAWALLA,N3,2,2,100.00
20,1683,POWERGRID,EQ,14499308,9671240,66.70
20,1684,POWERINDIA,EQ,17580,7313,41.60
20,1685,POWERMECH,EQ,31127,13929,44.75
20,1686,PPAP,EQ,36031,19833,55.04
20,1687,PPL,EQ,120243,65172,54.20
20,1688,PPLPHARMA,EQ,3015637,1568568,52.01
20,1689,PRAJIND,EQ,766320,381732,49.81
20,1690,PRAKASH,EQ,668708,429246,64.19
20,1691,PRAMARA,SM,4000,4000,100.00
20,1692,PRATHAM,SM,224000,144000,64.29
20,1693,PRECAM,EQ,146406,64065,43.76
20,1694,PRECISION,SM,34000,26000,76.47
20,1695,PRECWIRE,EQ,292326,126784,43.37
20,1696,PREMEXPLN,EQ,74782,26124,34.93
20,1697,PREMIERPOL,EQ,32729,17355,53.03
20,1698,PRESSTONIC,SM,28800,20800,72.22
20,1699,PRESTIGE,EQ,790813,445927,56.39
20,1700,PRICOLLTD,EQ,418347,153613,36.72
20,1701,PRIMESECU,EQ,220024,204794,93.08
20,1702,PRINCEPIPE,EQ,255877,126819,49.56
20,1703,PRITI,EQ,36460,24024,65.89
20,1704,PRITIKA,SM,14000,14000,100.00
20,1705,PRIVISCL,EQ,17066,10027,58.75
20,1706,PROLIFE,SM,500,500,100.00
20,1707,PROPEQUITY,SM,24000,22200,92.50
20,1708,PROV,SM,160,160,100.00
20,1709,PROZONER,EQ,943192,392108,41.57
20,1710,PRSMJOHNSN,EQ,1174371,932829,79.43
20,1711,PRUDENT,EQ,73317,54337,74.11
20,1712,PSB,EQ,5723591,1650635,28.84
20,1713,PSPPROJECT,EQ,69034,45551,65.98
20,1714,PSUBANK,EQ,252549,222927,88.27
20,1715,PSUBANKADD,EQ,37510,25599,68.25
20,1716,PSUBNKBEES,EQ,5400915,3285909,60.84
20,1717,PSUBNKIETF,EQ,686219,498755,72.68
20,1718,PTC,EQ,1611253,828141,51.40
20,1719,PTCIL,EQ,4727,2249,47.58
20,1720,PTL,EQ,225671,128121,56.77
20,1721,PULZ,SM,4000,4000,100.00
20,1722,PUNJABCHEM,EQ,17546,9147,52.13
20,1723,PURVA,EQ,359995,140995,39.17
20,1724,PURVFLEXI,SM,16000,16000,100.00
20,1725,PVP,EQ,521693,298620,57.24
20,1726,PVRINOX,EQ,499024,182487,36.57
20,1727,PVSL,EQ,372232,184770,49.64
20,1728,PVTBANIETF,EQ,509758,315673,61.93
20,1729,PVTBANKADD,EQ,29287,20693,70.66
20,1730,PYRAMID,EQ,293635,82294,28.03
20,1731,QFIL,SM,3000,3000,100.00
20,1732,QGOLDHALF,EQ,468690,437754,93.40
20,1733,QMSMEDI,SM,10000,10000,100.00
20,1734,QNIFTY,EQ,197,164,83.25
20,1735,QUADPRO,ST,24000,24000,100.00
20,1736,QUAL30IETF,EQ,28812,22460,77.95
20,1737,QUESS,EQ,771839,421567,54.62
20,1738,QUICKHEAL,EQ,185503,64800,34.93
20,1739,QUICKTOUCH,SM,13500,9500,70.37
20,1740,RACE,EQ,32939,25212,76.54
20,1741,RADHIKAJWE,EQ,1299708,442869,34.07
20,1742,RADIANTCMS,EQ,236532,146184,61.80
20,1743,RADICO,EQ,83536,40280,48.22
20,1744,RADIOCITY,EQ,1499579,645706,43.06
20,1745,RADIOCITY,P1,3424,3424,100.00
20,1746,RAILTEL,EQ,2260145,607439,26.88
20,1747,RAIN,EQ,3404322,1399287,41.10
20,1748,RAINBOW,EQ,363841,302413,83.12
20,1749,RAJESHEXPO,EQ,584799,235766,40.32
20,1750,RAJRATAN,EQ,35929,14752,41.06
20,1751,RAJSREESUG,EQ,259415,101251,39.03
20,1752,RALLIS,EQ,2027993,721734,35.59
20,1753,RAMANEWS,EQ,301469,150182,49.82
20,1754,RAMAPHO,EQ,64472,18724,29.04
20,1755,RAMASTEEL,EQ,16428285,5517654,33.59
20,1756,RAMCOCEM,EQ,875270,282400,32.26
20,1757,RAMCOIND,EQ,130339,64152,49.22
20,1758,RAMCOSYS,EQ,88198,48416,54.89
20,1759,RAMKY,EQ,692245,190433,27.51
20,1760,RAMRAT,EQ,28335,14624,51.61
20,1761,RANASUG,EQ,1560151,802262,51.42
20,1762,RANEENGINE,EQ,7934,5509,69.44
20,1763,RANEHOLDIN,EQ,19316,14952,77.41
20,1764,RATEGAIN,EQ,461515,263693,57.14
20,1765,RATNAMANI,EQ,47416,23839,50.28
20,1766,RATNAVEER,EQ,539586,190233,35.26
20,1767,RAYMOND,EQ,481728,188816,39.20
20,1768,RBA,EQ,1830538,986987,53.92
20,1769,RBL,EQ,8172,4188,51.25
20,1770,RBLBANK,EQ,4491247,1332128,29.66
20,1771,RBMINFRA,ST,4000,4000,100.00
20,1772,RBZJEWEL,EQ,90236,50546,56.02
20,1773,RCDL,SM,186000,144000,77.42
20,1774,RCF,EQ,5908494,1474301,24.95
20,1775,RECLTD,EQ,14035202,6051279,43.12
20,1776,RECLTD,N2,106,106,100.00
20,1777,RECLTD,N6,400,400,100.00
20,1778,RECLTD,N9,300,300,100.00
20,1779,RECLTD,NH,271,271,100.00
20,1780,RECLTD,NI,1,1,100.00
20,1781,REDINGTON,EQ,3594934,1302480,36.23
20,1782,REDTAPE,EQ,63395,29441,46.44
20,1783,REFEX,EQ,300063,186760,62.24
20,1784,RELAXO,EQ,70694,30564,43.23
20,1785,RELCHEMQ,EQ,362325,155537,42.93
20,1786,RELIABLE,SM,4800,4800,100.00
20,1787,RELIANCE,EQ,3504146,2151384,61.40
20,1788,RELIGARE,EQ,1408787,920703,65.35
20,1789,RELINFRA,EQ,6516978,2234865,34.29
20,1790,REMUS,SM,825,600,72.73
20,1791,RENUKA,EQ,13527467,4569664,33.78
20,1792,REPCOHOME,EQ,143202,68918,48.13
20,1793,REPL,EQ,24258,12521,51.62
20,1794,REPRO,EQ,17617,4783,27.15
20,1795,RESPONIND,EQ,80362,33394,41.55
20,1796,RGL,EQ,246762,98731,40.01
20,1797,RHIM,EQ,290073,172719,59.54
20,1798,RICHA,SM,1000,1000,100.00
20,1799,RICOAUTO,EQ,7168953,2596328,36.22
20,1800,RIIL,EQ,327313,67635,20.66
20,1801,RILINFRA,SM,114700,77400,67.48
20,1802,RISHABH,EQ,130026,68800,52.91
20,1803,RITCO,EQ,87727,57246,65.25
20,1804,RITES,EQ,1791434,357576,19.96
20,1805,RKEC,EQ,41493,25189,60.71
20,1806,RKFORGE,EQ,338461,201704,59.59
20,1807,RKSWAMY,EQ,167833,83441,49.72
20,1808,RMDRIP,SM,2000,2000,100.00
20,1809,RML,EQ,12145,6332,52.14
20,1810,ROCKINGDCE,SM,8000,8000,100.00
20,1811,ROHLTD,EQ,388755,199029,51.20
20,1812,ROLEXRINGS,EQ,151576,135541,89.42
20,1813,ROLLT,EQ,657679,378879,57.61
20,1814,ROML,EQ,8169,6159,75.39
20,1815,ROSSARI,EQ,145037,106613,73.51
20,1816,ROSSELLIND,EQ,116960,51495,44.03
20,1817,ROTO,EQ,182522,54803,30.03
20,1818,ROUTE,EQ,70053,57420,81.97
20,1819,ROXHITECH,SM,104000,70400,67.69
20,1820,RPGLIFE,EQ,9262,5650,61.00
20,1821,RPSGVENT,EQ,79947,42680,53.39
20,1822,RPTECH,EQ,244128,145404,59.56
20,1823,RRKABEL,EQ,50736,27375,53.96
20,1824,RSWM,EQ,90476,50997,56.37
20,1825,RSYSTEMS,EQ,158635,110918,69.92
20,1826,RTNINDIA,EQ,4160838,1311944,31.53
20,1827,RUBYMILLS,EQ,16386,9898,60.41
20,1828,RUCHINFRA,EQ,111277,111277,100.00
20,1829,RUCHIRA,EQ,97343,51872,53.29
20,1830,RUPA,EQ,339912,162211,47.72
20,1831,RUSHIL,EQ,52018,24817,47.71
20,1832,RUSTOMJEE,EQ,98002,26714,27.26
20,1833,RVNL,EQ,13266979,4330463,32.64
20,1834,SAAKSHI,SM,10800,7200,66.67
20,1835,SABAR,SM,25000,20000,80.00
20,1836,SADBHAV,EQ,5328345,1549004,29.07
20,1837,SADHAV,SM,100800,87600,86.90
20,1838,SADHNANIQ,EQ,473488,222619,47.02
20,1839,SAFARI,EQ,65939,48634,73.76
20,1840,SAGCEM,EQ,350474,227782,64.99
20,1841,SAH,EQ,71958,19975,27.76
20,1842,SAHAJ,SM,4000,4000,100.00
20,1843,SAHANA,SM,8500,7500,88.24
20,1844,SAHYADRI,EQ,11740,7561,64.40
20,1845,SAIFL,SM,19200,13600,70.83
20,1846,SAIL,EQ,84535270,22538814,26.66
20,1847,SAKAR,EQ,6258,4058,64.84
20,1848,SAKHTISUG,EQ,1324066,580655,43.85
20,1849,SAKSOFT,EQ,336682,141306,41.97
20,1850,SAKUMA,EQ,585411,369196,63.07
20,1851,SALASAR,EQ,18661637,9913280,53.12
20,1852,SALONA,EQ,3187,1639,51.43
20,1853,SALZERELEC,EQ,125280,68829,54.94
20,1854,SAMHI,EQ,3832715,2158038,56.31
20,1855,SANDESH,EQ,4830,2707,56.05
20,1856,SANDHAR,EQ,89236,47172,52.86
20,1857,SANDUMA,EQ,220554,126795,57.49
20,1858,SANGAMIND,EQ,50112,19274,38.46
20,1859,SANGHIIND,EQ,620653,325606,52.46
20,1860,SANGHVIMOV,EQ,84057,43332,51.55
20,1861,SANOFI,EQ,23283,10782,46.31
20,1862,SANSERA,EQ,77095,46207,59.94
20,1863,SAPPHIRE,EQ,235877,151972,64.43
20,1864,SARDAEN,EQ,874805,378655,43.28
20,1865,SAREGAMA,EQ,1056934,538415,50.94
20,1866,SARLAPOLY,EQ,214895,115489,53.74
20,1867,SARTELE,SM,36000,20000,55.56
20,1868,SASKEN,EQ,15762,7956,50.48
20,1869,SASTASUNDR,EQ,84935,35164,41.40
20,1870,SATIA,EQ,457121,260562,57.00
20,1871,SATIN,EQ,794808,414136,52.11
20,1872,SATINDLTD,EQ,842372,346631,41.15
20,1873,SAURASHCEM,EQ,418665,195278,46.64
20,1874,SBC,EQ,1536803,912108,59.35
20,1875,SBCL,EQ,104905,54439,51.89
20,1876,SBFC,EQ,1104273,628578,56.92
20,1877,SBGLP,EQ,409105,129574,31.67
20,1878,SBICARD,EQ,1578369,1172585,74.29
20,1879,SBIETFCON,EQ,2178,1573,72.22
20,1880,SBIETFIT,EQ,15509,13072,84.29
20,1881,SBIETFPB,EQ,25112,15381,61.25
20,1882,SBIETFQLTY,EQ,1710,1070,62.57
20,1883,SBILIFE,EQ,1862464,1483122,79.63
20,1884,SBIN,EQ,19136981,10392587,54.31
20,1885,SCHAEFFLER,EQ,148400,73268,49.37
20,1886,SCHAND,EQ,49818,25969,52.13
20,1887,SCI,EQ,4298338,1682361,39.14
20,1888,SCML,SM,36000,28000,77.78
20,1889,SCPL,EQ,83686,37972,45.37
20,1890,SDBL,EQ,734234,342957,46.71
20,1891,SDL24BEES,EQ,1179,899,76.25
20,1892,SDL26BEES,EQ,4372,4259,97.42
20,1893,SECL,SM,150000,100000,66.67
20,1894,SECURCRED,EQ,4915539,1232920,25.08
20,1895,SELAN,EQ,85350,46035,53.94
20,1896,SELMC,EQ,475,475,100.00
20,1897,SEMAC,EQ,1169,958,81.95
20,1898,SENCO,EQ,79554,40017,50.30
20,1899,SENSEXADD,EQ,2661,1826,68.62
20,1900,SENSEXETF,EQ,4863,3154,64.86
20,1901,SENSEXIETF,EQ,1758,1276,72.58
20,1902,SEPC,EQ,9277814,4247674,45.78
20,1903,SEQUENT,EQ,4400417,1030230,23.41
20,1904,SERVICE,SM,2000,2000,100.00
20,1905,SESHAPAPER,EQ,38711,22318,57.65
20,1906,SETCO,EQ,28997,28997,100.00
20,1907,SETF10GILT,EQ,28935,28258,97.66
20,1908,SETFGOLD,EQ,2549342,2426668,95.19
20,1909,SETFNIF50,EQ,759665,731526,96.30
20,1910,SETFNIFBK,EQ,16919,13981,82.63
20,1911,SETFNN50,EQ,13559,7896,58.23
20,1912,SFL,EQ,163420,77933,47.69
20,1913,SGBAPR28I,GB,415,302,72.77
20,1914,SGBAUG24,GB,113,80,70.80
20,1915,SGBAUG27,GB,31,27,87.10
20,1916,SGBAUG28V,GB,1423,849,59.66
20,1917,SGBAUG29V,GB,237,165,69.62
20,1918,SGBAUG30,GB,370,335,90.54
20,1919,SGBD29VIII,GB,120,119,99.17
20,1920,SGBDC27VII,GB,18,18,100.00
20,1921,SGBDE30III,GB,1404,1047,74.57
20,1922,SGBDE31III,GB,6305,4689,74.37
20,1923,SGBDEC25,GB,15,15,100.00
20,1924,SGBDEC2512,GB,5,5,100.00
20,1925,SGBDEC2513,GB,4,4,100.00
20,1926,SGBDEC26,GB,5,5,100.00
20,1927,SGBFEB27,GB,2,1,50.00
20,1928,SGBFEB28IX,GB,29,29,100.00
20,1929,SGBFEB29XI,GB,163,128,78.53
20,1930,SGBFEB32IV,GB,7207,5777,80.16
20,1931,SGBJ28VIII,GB,24,24,100.00
20,1932,SGBJAN26,GB,15,15,100.00
20,1933,SGBJAN27,GB,16,14,87.50
20,1934,SGBJAN29IX,GB,517,394,76.21
20,1935,SGBJAN29X,GB,56,32,57.14
20,1936,SGBJAN30IX,GB,189,132,69.84
20,1937,SGBJU29III,GB,188,124,65.96
20,1938,SGBJUL25,GB,107,103,96.26
20,1939,SGBJUL28IV,GB,353,291,82.44
20,1940,SGBJUL29IV,GB,163,151,92.64
20,1941,SGBJUN27,GB,11,9,81.82
20,1942,SGBJUN28,GB,354,315,88.98
20,1943,SGBJUN29II,GB,283,177,62.54
20,1944,SGBJUN30,GB,252,155,61.51
20,1945,SGBJUN31I,GB,770,602,78.18
20,1946,SGBMAR25,GB,98,96,97.96
20,1947,SGBMAR28X,GB,4,4,100.00
20,1948,SGBMAR30X,GB,30,24,80.00
20,1949,SGBMAR31IV,GB,385,287,74.55
20,1950,SGBMAY25,GB,210,126,60.00
20,1951,SGBMAY26,GB,63,53,84.13
20,1952,SGBMAY28,GB,173,117,67.63
20,1953,SGBMAY29I,GB,1073,989,92.17
20,1954,SGBMR29XII,GB,240,168,70.00
20,1955,SGBN28VIII,GB,161,121,75.16
20,1956,SGBNOV24,GB,105,95,90.48
20,1957,SGBNOV25IX,GB,14,13,92.86
20,1958,SGBNOV25VI,GB,4,4,100.00
20,1959,SGBNOV26,GB,6,6,100.00
20,1960,SGBNV29VII,GB,387,260,67.18
20,1961,SGBOC28VII,GB,435,379,87.13
20,1962,SGBOCT25,GB,14,14,100.00
20,1963,SGBOCT25IV,GB,16,11,68.75
20,1964,SGBOCT25V,GB,42,42,100.00
20,1965,SGBSEP24,GB,76,66,86.84
20,1966,SGBSEP27,GB,102,102,100.00
20,1967,SGBSEP28VI,GB,187,106,56.68
20,1968,SGBSEP29VI,GB,456,371,81.36
20,1969,SGBSEP31II,GB,2492,1934,77.61
20,1970,SGIL,EQ,15069,8564,56.83
20,1971,SGL,EQ,30586,21721,71.02
20,1972,SHAH,EQ,1490706,948344,63.62
20,1973,SHAILY,EQ,316336,127998,40.46
20,1974,SHALBY,EQ,629258,259228,41.20
20,1975,SHALPAINTS,EQ,362967,166134,45.77
20,1976,SHANKARA,EQ,166245,74019,44.52
20,1977,SHANTHALA,SM,1200,1200,100.00
20,1978,SHANTIGEAR,EQ,19038,12463,65.46
20,1979,SHARDACROP,EQ,421284,148843,35.33
20,1980,SHARDAMOTR,EQ,33448,18693,55.89
20,1981,SHAREINDIA,EQ,351853,130945,37.22
20,1982,SHAREINDIA,W1,884,870,98.42
20,1983,SHARIABEES,EQ,2235,1073,48.01
20,1984,SHEETAL,SM,14000,14000,100.00
20,1985,SHEMAROO,EQ,49008,26438,53.95
20,1986,SHERA,SM,112000,87000,77.68
20,1987,SHIGAN,SM,16500,16500,100.00
20,1988,SHILPAMED,EQ,400591,221839,55.38
20,1989,SHIVALIK,EQ,38807,31285,80.62
20,1990,SHIVAMAUTO,EQ,285988,181299,63.39
20,1991,SHIVAMILLS,EQ,12124,6727,55.48
20,1992,SHK,EQ,389080,174502,44.85
20,1993,SHOPERSTOP,EQ,62819,18475,29.41
20,1994,SHRADHA,EQ,46715,33316,71.32
20,1995,SHREDIGCEM,EQ,687373,404175,58.80
20,1996,SHREECEM,EQ,150756,133688,88.68
20,1997,SHREEKARNI,SM,58200,51600,88.66
20,1998,SHREEOSFM,SM,4000,2000,50.00
20,1999,SHREEPUSHK,EQ,71650,38517,53.76
20,2000,SHRENIK,EQ,1291421,801814,62.09
20,2001,SHREYANIND,EQ,21640,15552,71.87
20,2002,SHREYAS,EQ,202568,123941,61.18
20,2003,SHRIPISTON,EQ,348326,143859,41.30
20,2004,SHRIRAMFIN,EQ,2317699,911512,39.33
20,2005,SHRIRAMFIN,YL,221,221,100.00
20,2006,SHRIRAMFIN,YS,20,20,100.00
20,2007,SHRIRAMFIN,YW,632,627,99.21
20,2008,SHRIRAMFIN,YZ,2,2,100.00
20,2009,SHRIRAMFIN,Z5,43,43,100.00
20,2010,SHRIRAMFIN,Z9,50,50,100.00
20,2011,SHRIRAMFIN,ZB,930,930,100.00
20,2012,SHRIRAMFIN,ZE,100,100,100.00
20,2013,SHRIRAMPPS,EQ,6012848,2174098,36.16
20,2014,SHRITECH,SM,22000,20000,90.91
20,2015,SHUBHLAXMI,SM,35000,32000,91.43
20,2016,SHYAMMETL,EQ,550996,286089,51.92
20,2017,SHYAMTEL,EQ,1000,1000,100.00
20,2018,SIEMENS,EQ,341448,162425,47.57
20,2019,SIGACHI,EQ,3622589,1597969,44.11
20,2020,SIGIND,EQ,141460,76185,53.86
20,2021,SIGMA,EQ,61434,11637,18.94
20,2022,SIGNATURE,EQ,441209,72741,16.49
20,2023,SIGNORIA,ST,56000,54000,96.43
20,2024,SIGNPOST,EQ,88733,48946,55.16
20,2025,SIKKO,EQ,18074,12471,69.00
20,2026,SIL,EQ,60692,42743,70.43
20,2027,SILINV,EQ,11133,6309,56.67
20,2028,SILLYMONKS,EQ,6521,6132,94.03
20,2029,SILVER,EQ,282347,233457,82.68
20,2030,SILVERADD,EQ,164707,123564,75.02
20,2031,SILVERBEES,EQ,13610680,11337272,83.30
20,2032,SILVERETF,EQ,372738,312261,83.77
20,2033,SILVERIETF,EQ,970750,825747,85.06
20,2034,SILVERTUC,EQ,32172,12663,39.36
20,2035,SILVRETF,EQ,39823,36695,92.15
20,2036,SIMBHALS,EQ,246163,83632,33.97
20,2037,SINDHUTRAD,EQ,1134652,853778,75.25
20,2038,SINTERCOM,EQ,14520,9647,66.44
20,2039,SIRCA,EQ,264034,118249,44.79
20,2040,SIS,EQ,20639,11089,53.73
20,2041,SIYSIL,EQ,49107,24167,49.21
20,2042,SJLOGISTIC,SM,68000,61000,89.71
20,2043,SJS,EQ,82295,44253,53.77
20,2044,SJVN,EQ,43916185,12320785,28.06
20,2045,SKFINDIA,EQ,8149,4139,50.79
20,2046,SKIPPER,EQ,296218,160893,54.32
20,2047,SKIPPERPP,E1,2291,2174,94.89
20,2048,SKMEGGPROD,EQ,106536,82057,77.02
20,2049,SKP,SM,15000,10000,66.67
20,2050,SMALLCAP,EQ,1057347,950170,89.86
20,2051,SMARTLINK,EQ,29743,15231,51.21
20,2052,SMCGLOBAL,EQ,267264,145229,54.34
20,2053,SMLISUZU,EQ,27440,16255,59.24
20,2054,SMSLIFE,EQ,6490,4847,74.68
20,2055,SMSPHARMA,EQ,370533,153977,41.56
20,2056,SMVD,SM,24240,24240,100.00
20,2057,SNOWMAN,EQ,1397893,601871,43.06
20,2058,SOBHA,EQ,212264,86217,40.62
20,2059,SOLARA,EQ,144608,49774,34.42
20,2060,SOLARINDS,EQ,104092,46891,45.05
20,2061,SOLEX,SM,11800,8000,67.80
20,2062,SOMANYCERA,EQ,51911,25656,49.42
20,2063,SOMATEX,EQ,21253,12230,57.54
20,2064,SONACOMS,EQ,1790061,941748,52.61
20,2065,SONAMAC,SM,161000,138000,85.71
20,2066,SONAMLTD,EQ,42425,32341,76.23
20,2067,SONATSOFTW,EQ,672219,403092,59.96
20,2068,SONUINFRA,SM,6000,6000,100.00
20,2069,SOTAC,SM,3600,2400,66.67
20,2070,SOTL,EQ,328221,152800,46.55
20,2071,SOUTHBANK,EQ,64180273,21500079,33.50
20,2072,SOUTHWEST,EQ,74339,40056,53.88
20,2073,SPAL,EQ,59818,24836,41.52
20,2074,SPANDANA,EQ,138887,87928,63.31
20,2075,SPCENET,EQ,1938750,1245603,64.25
20,2076,SPECIALITY,EQ,440359,147016,33.39
20,2077,SPECTRUM,SM,1625,1625,100.00
20,2078,SPECTSTM,SM,14400,12800,88.89
20,2079,SPENCERS,EQ,322635,142130,44.05
20,2080,SPIC,EQ,1932237,675848,34.98
20,2081,SPLIL,EQ,95389,57729,60.52
20,2082,SPLPETRO,EQ,33671,19122,56.79
20,2083,SPMLINFRA,EQ,229194,132738,57.92
20,2084,SPORTKING,EQ,14378,10508,73.08
20,2085,SREEL,EQ,20637,11068,53.63
20,2086,SRF,EQ,367223,217954,59.35
20,2087,SRGHFL,EQ,382,253,66.23
20,2088,SRHHYPOLTD,EQ,62606,25148,40.17
20,2089,SRIVASAVI,SM,32000,25000,78.13
20,2090,SSFL,SM,23000,10000,43.48
20,2091,SSWL,EQ,277555,149244,53.77
20,2092,STAR,EQ,477983,230004,48.12
20,2093,STARCEMENT,EQ,525459,219859,41.84
20,2094,STARHEALTH,EQ,343521,212404,61.83
20,2095,STARPAPER,EQ,42382,23842,56.26
20,2096,STCINDIA,EQ,192301,63131,32.83
20,2097,STEELCAS,EQ,16041,9679,60.34
20,2098,STEELCITY,EQ,13903,10888,78.31
20,2099,STEELXIND,EQ,6690249,3311258,49.49
20,2100,STEL,EQ,10038,4770,47.52
20,2101,STERTOOLS,EQ,44553,23148,51.96
20,2102,STLTECH,EQ,2076526,718470,34.60
20,2103,STOVEKRAFT,EQ,122527,55671,45.44
20,2104,STYLAMIND,EQ,33666,23100,68.62
20,2105,STYRENIX,EQ,29554,18262,61.79
20,2106,SUBEXLTD,EQ,10649088,3976717,37.34
20,2107,SUBROS,EQ,241030,100426,41.67
20,2108,SUDARSCHEM,EQ,397002,180855,45.56
20,2109,SUKHJITS,EQ,13583,9899,72.88
20,2110,SULA,EQ,226347,115741,51.13
20,2111,SUMICHEM,EQ,364252,179925,49.40
20,2112,SUMIT,EQ,14903,14903,100.00
20,2113,SUMMITSEC,EQ,5935,3275,55.18
20,2114,SUNCLAY,EQ,9438,5610,59.44
20,2115,SUNDARAM,EQ,1885257,1352825,71.76
20,2116,SUNDARMFIN,EQ,125455,48222,38.44
20,2117,SUNDARMHLD,EQ,126983,84967,66.91
20,2118,SUNDRMBRAK,EQ,1168,786,67.29
20,2119,SUNDRMFAST,EQ,93381,60254,64.52
20,2120,SUNFLAG,EQ,216770,96901,44.70
20,2121,SUNPHARMA,EQ,2098379,1331724,63.46
20,2122,SUNTECK,EQ,725037,311564,42.97
20,2123,SUNTV,EQ,576439,172826,29.98
20,2124,SUPERHOUSE,EQ,4787,2692,56.24
20,2125,SUPRAJIT,EQ,250327,85110,34.00
20,2126,SUPREMEIND,EQ,186608,125296,67.14
20,2127,SUPREMEPWR,SM,240000,152000,63.33
20,2128,SUPRIYA,EQ,517044,292157,56.51
20,2129,SURAJEST,EQ,134474,59144,43.98
20,2130,SURANASOL,EQ,590373,533448,90.36
20,2131,SURANI,SM,10400,7600,73.08
20,2132,SURYALAXMI,EQ,25784,18241,70.75
20,2133,SURYAROSNI,EQ,1280742,625588,48.85
20,2134,SURYODAY,EQ,711077,401977,56.53
20,2135,SUTLEJTEX,EQ,171062,89011,52.03
20,2136,SUULD,EQ,225811,131936,58.43
20,2137,SUVENPHAR,EQ,124550,61574,49.44
20,2138,SVPGLOB,EQ,68554,68543,99.98
20,2139,SWANENERGY,EQ,1448171,709973,49.03
20,2140,SWARAJ,SM,22000,20000,90.91
20,2141,SWARAJENG,EQ,12330,6832,55.41
20,2142,SWASTIK,SM,16800,14400,85.71
20,2143,SWELECTES,EQ,15986,15985,99.99
20,2144,SWSOLAR,EQ,749465,404297,53.94
20,2145,SYMPHONY,EQ,464124,182667,39.36
20,2146,SYNGENE,EQ,358540,208466,58.14
20,2147,SYNOPTICS,SM,12600,10800,85.71
20,2148,SYRMA,EQ,273561,149265,54.56
20,2149,SYSTANGO,SM,18800,14800,78.72
20,2150,TAINWALCHM,EQ,2829,1580,55.85
20,2151,TAJGVK,EQ,335237,114891,34.27
20,2152,TAKE,EQ,793042,569992,71.87
20,2153,TANLA,EQ,877663,184416,21.01
20,2154,TAPIFRUIT,SM,3000,2250,75.00
20,2155,TARACHAND,SM,34000,21000,61.76
20,2156,TARSONS,EQ,49640,25930,52.24
20,2157,TASTYBITE,EQ,1935,694,35.87
20,2158,TATACAP,N6,6,6,100.00
20,2159,TATACAP,N8,315,313,99.37
20,2160,TATACAPHSG,N4,810,760,93.83
20,2161,TATACAPHSG,N6,842,737,87.53
20,2162,TATACAPHSG,N8,200,200,100.00
20,2163,TATACAPHSG,NA,762,762,100.00
20,2164,TATACAPHSG,NB,100,100,100.00
20,2165,TATACHEM,EQ,1747357,554354,31.73
20,2166,TATACOMM,EQ,724183,459678,63.48
20,2167,TATACONSUM,EQ,1133287,464893,41.02
20,2168,TATAELXSI,EQ,621796,163786,26.34
20,2169,TATAGOLD,EQ,3309394,3010582,90.97
20,2170,TATAMOTORS,EQ,8040366,3111685,38.70
20,2171,TATAMTRDVR,EQ,1602048,959420,59.89
20,2172,TATAPOWER,EQ,12195598,3765955,30.88
20,2173,TATASTEEL,EQ,50938559,17664035,34.68
20,2174,TATATECH,EQ,4906449,1511980,30.82
20,2175,TATSILV,EQ,929764,878376,94.47
20,2176,TATVA,EQ,84283,29695,35.23
20,2177,TBZ,EQ,324331,120610,37.19
20,2178,TCI,EQ,308699,50495,16.36
20,2179,TCIEXP,EQ,58032,29413,50.68
20,2180,TCL,SM,313600,236800,75.51
20,2181,TCNSBRANDS,EQ,187143,56107,29.98
20,2182,TCPLPACK,EQ,5953,3459,58.11
20,2183,TCS,EQ,3973090,2447069,61.59
20,2184,TDPOWERSYS,EQ,347161,142382,41.01
20,2185,TEAMLEASE,EQ,9858,4716,47.84
20,2186,TECH,EQ,108308,84218,77.76
20,2187,TECHM,EQ,1819093,698398,38.39
20,2188,TECHNOE,EQ,221399,127842,57.74
20,2189,TEGA,EQ,42263,16973,40.16
20,2190,TEJASNET,EQ,497885,166387,33.42
20,2191,TEMBO,EQ,53022,22158,41.79
20,2192,TEXINFRA,EQ,384762,155011,40.29
20,2193,TEXMOPIPES,EQ,132622,87699,66.13
20,2194,TEXRAIL,EQ,2064785,1237919,59.95
20,2195,TFCILTD,EQ,1412747,747419,52.91
20,2196,TFL,EQ,592156,329815,55.70
20,2197,TGBHOTELS,EQ,33816,27234,80.54
20,2198,THANGAMAYL,EQ,25536,15785,61.81
20,2199,THEJO,EQ,60492,20702,34.22
20,2200,THEMISMED,EQ,85657,42857,50.03
20,2201,THERMAX,EQ,282251,175633,62.23
20,2202,THOMASCOOK,EQ,837802,538877,64.32
20,2203,THYROCARE,EQ,37538,20398,54.34
20,2204,TI,EQ,502560,212960,42.38
20,2205,TIDEWATER,EQ,128066,43315,33.82
20,2206,TIIL,EQ,27012,10679,39.53
20,2207,TIINDIA,EQ,114581,80252,70.04
20,2208,TIMESCAN,SM,6000,6000,100.00
20,2209,TIMETECHNO,EQ,1836102,702130,38.24
20,2210,TIMKEN,EQ,133875,118489,88.51
20,2211,TIPSINDLTD,EQ,243852,140200,57.49
20,2212,TIRUMALCHM,EQ,431736,195159,45.20
20,2213,TITAGARH,EQ,892970,348445,39.02
20,2214,TITAN,EQ,801601,490121,61.14
20,2215,TMB,EQ,68294,37518,54.94
20,2216,TNIDETF,EQ,71989,42742,59.37
20,2217,TNPETRO,EQ,636017,236462,37.18
20,2218,TNPL,EQ,130579,61196,46.87
20,2219,TOKYOPLAST,EQ,127091,62179,48.92
20,2220,TORNTPHARM,EQ,261270,123120,47.12
20,2221,TORNTPOWER,EQ,1586556,401998,25.34
20,2222,TOTAL,EQ,46512,20534,44.15
20,2223,TOUCHWOOD,EQ,2027,1307,64.48
20,2224,TPLPLASTEH,EQ,353513,155497,43.99
20,2225,TRACXN,EQ,2289248,990342,43.26
20,2226,TRANSTEEL,SM,132000,96000,72.73
20,2227,TRANSWIND,ST,12000,12000,100.00
20,2228,TREL,EQ,621123,320013,51.52
20,2229,TRENT,EQ,727717,475873,65.39
20,2230,TRIDENT,EQ,29239201,6053453,20.70
20,2231,TRIDHYA,SM,99000,75000,75.76
20,2232,TRIGYN,EQ,278057,125004,44.96
20,2233,TRITURBINE,EQ,1066403,600713,56.33
20,2234,TRIVENI,EQ,631164,296542,46.98
20,2235,TRU,EQ,3988883,1068242,26.78
20,2236,TTKHLTCARE,EQ,6277,3453,55.01
20,2237,TTKPRESTIG,EQ,60995,29701,48.69
20,2238,TTL,EQ,82640,41938,50.75
20,2239,TTML,EQ,3563598,1275591,35.80
20,2240,TVSELECT,EQ,348227,68957,19.80
20,2241,TVSHLTD,EQ,4404,2358,53.54
20,2242,TVSMOTOR,EQ,718065,401370,55.90
20,2243,TVSSCS,EQ,724003,384266,53.08
20,2244,TVSSRICHAK,EQ,7138,4713,66.03
20,2245,TVTODAY,EQ,289618,146451,50.57
20,2246,UBL,EQ,344673,182713,53.01
20,2247,UCAL,EQ,29716,23287,78.37
20,2248,UCL,SM,2000,2000,100.00
20,2249,UCOBANK,EQ,24797023,7838289,31.61
20,2250,UDS,EQ,266749,142981,53.60
20,2251,UFLEX,EQ,66594,22902,34.39
20,2252,UFO,EQ,642127,256869,40.00
20,2253,UGARSUGAR,EQ,1864111,599707,32.17
20,2254,UGROCAP,EQ,219083,119467,54.53
20,2255,UGROCAP,N4,75,75,100.00
20,2256,UGROCAP,N6,5,5,100.00
20,2257,UGROCAP,N7,154,154,100.00
20,2258,UGROCAP,N8,10,10,100.00
20,2259,UGROCAP,NC,50,50,100.00
20,2260,UJJIVAN,EQ,596642,278113,46.61
20,2261,UJJIVANSFB,EQ,16341796,5022988,30.74
20,2262,ULTRACEMCO,EQ,481855,172900,35.88
20,2263,UMA,SM,32000,20000,62.50
20,2264,UMANGDAIRY,EQ,167521,103446,61.75
20,2265,UNICHEMLAB,EQ,9539,7083,74.25
20,2266,UNIDT,EQ,16175,8521,52.68
20,2267,UNIENTER,EQ,13792,6039,43.79
20,2268,UNIHEALTH,SM,5000,5000,100.00
20,2269,UNIONBANK,EQ,13943614,6093991,43.70
20,2270,UNIPARTS,EQ,79319,37783,47.63
20,2271,UNITEDPOLY,EQ,672588,130216,19.36
20,2272,UNITEDTEA,EQ,7694,6612,85.94
20,2273,UNIVASTU,EQ,4276,3090,72.26
20,2274,UNIVCABLES,EQ,16109,7414,46.02
20,2275,UNIVPHOTO,EQ,1826,1177,64.46
20,2276,UNOMINDA,EQ,407330,257743,63.28
20,2277,UPL,EQ,4788697,2582543,53.93
20,2278,URAVI,EQ,12846,10009,77.92
20,2279,URBAN,SM,9600,9600,100.00
20,2280,USASEEDS,SM,2400,1800,75.00
20,2281,USHAMART,EQ,636739,328449,51.58
20,2282,UTIAMC,EQ,83522,47956,57.42
20,2283,UTIBANKETF,EQ,835207,818423,97.99
20,2284,UTINEXT50,EQ,47174,40657,86.19
20,2285,UTINIFTETF,EQ,348306,347115,99.66
20,2286,UTISENSETF,EQ,2000,1688,84.40
20,2287,UTISXN50,EQ,7750,4507,58.15
20,2288,UTKARSHBNK,EQ,3214982,1555775,48.39
20,2289,UTTAMSUGAR,EQ,134802,56744,42.09
20,2290,UWCSL,SM,4000,4000,100.00
20,2291,VADILALIND,EQ,19284,8040,41.69
20,2292,VAIBHAVGBL,EQ,1337956,550374,41.14
20,2293,VAISHALI,EQ,179765,84824,47.19
20,2294,VAKRANGEE,EQ,20897013,8646688,41.38
20,2295,VALIANTLAB,EQ,161414,57673,35.73
20,2296,VALIANTORG,EQ,121420,64510,53.13
20,2297,VARDHACRLC,EQ,104215,69508,66.70
20,2298,VARROC,EQ,466422,178500,38.27
20,2299,VASCONEQ,EQ,4446002,1379477,31.03
20,2300,VBL,EQ,3670605,1524228,41.53
20,2301,VEDL,EQ,19966252,8467851,42.41
20,2302,VEDL,T0,1,1,100.00
20,2303,VEEKAYEM,ST,10000,10000,100.00
20,2304,VELS,SM,6000,4800,80.00
20,2305,VENKEYS,EQ,30503,14410,47.24
20,2306,VENUSPIPES,EQ,402189,190724,47.42
20,2307,VENUSREM,EQ,54015,30914,57.23
20,2308,VERANDA,EQ,261304,125336,47.97
20,2309,VERTEXPLUS,SM,1200,1200,100.00
20,2310,VESUVIUS,EQ,13118,8521,64.96
20,2311,VETO,EQ,240540,112264,46.67
20,2312,VGUARD,EQ,186891,89074,47.66
20,2313,VHL,EQ,1364,848,62.17
20,2314,VIAZ,SM,2000,2000,100.00
20,2315,VIDHIING,EQ,25601,15049,58.78
20,2316,VIJAYA,EQ,68178,41295,60.57
20,2317,VIKASECO,EQ,20190678,7652449,37.90
20,2318,VILINBIO,SM,40000,24000,60.00
20,2319,VIMTALABS,EQ,28069,17735,63.18
20,2320,VINATIORGA,EQ,140400,74047,52.74
20,2321,VINDHYATEL,EQ,33741,17883,53.00
20,2322,VINSYS,SM,13000,9500,73.08
20,2323,VINYAS,SM,3200,2400,75.00
20,2324,VINYLINDIA,EQ,330315,104069,31.51
20,2325,VIPCLOTHNG,EQ,406675,183092,45.02
20,2326,VIPIND,EQ,929551,265726,28.59
20,2327,VIRINCHI,EQ,1489111,880857,59.15
20,2328,VISAKAIND,EQ,268173,165665,61.78
20,2329,VISHNU,EQ,246258,152877,62.08
20,2330,VISHNUINFR,SM,32000,24000,75.00
20,2331,VISHWARAJ,EQ,1964525,1016161,51.73
20,2332,VISHWAS,ST,137600,132800,96.51
20,2333,VITAL,SM,39600,32400,81.82
20,2334,VIVIANA,ST,1000,1000,100.00
20,2335,VLSFINANCE,EQ,95495,50087,52.45
20,2336,VMARCIND,SM,64000,41000,64.06
20,2337,VMART,EQ,60037,26928,44.85
20,2338,VOLTAMP,EQ,27409,19485,71.09
20,2339,VOLTAS,EQ,1801659,563730,31.29
20,2340,VPRPL,EQ,643339,290845,45.21
20,2341,VR,SM,6400,6400,100.00
20,2342,VRLLOG,EQ,227324,159782,70.29
20,2343,VSSL,EQ,153405,85957,56.03
20,2344,VSTIND,EQ,3572,2255,63.13
20,2345,VSTL,EQ,1147316,324144,28.25
20,2346,VSTTILLERS,EQ,48550,43940,90.50
20,2347,VTL,EQ,84208,44947,53.38
20,2348,WABAG,EQ,224489,109757,48.89
20,2349,WALPAR,ST,10000,10000,100.00
20,2350,WEALTH,EQ,32307,18735,57.99
20,2351,WEBELSOLAR,EQ,236213,136181,57.65
20,2352,WEIZMANIND,EQ,51499,34484,66.96
20,2353,WEL,EQ,5233,3390,64.78
20,2354,WELCORP,EQ,236370,129155,54.64
20,2355,WELENT,EQ,132299,77437,58.53
20,2356,WELINV,EQ,619,337,54.44
20,2357,WELSPUNLIV,EQ,1831371,650872,35.54
20,2358,WENDT,EQ,139,84,60.43
20,2359,WESTLIFE,EQ,854639,800620,93.68
20,2360,WEWIN,EQ,22308,15684,70.31
20,2361,WHEELS,EQ,69987,44377,63.41
20,2362,WHIRLPOOL,EQ,311311,150678,48.40
20,2363,WILLAMAGOR,EQ,12593,8298,65.89
20,2364,WINDLAS,EQ,80192,42597,53.12
20,2365,WINDMACHIN,EQ,251244,124083,49.39
20,2366,WIPRO,EQ,6897258,3188072,46.22
20,2367,WOMANCART,SM,1600,1600,100.00
20,2368,WONDERLA,EQ,291146,125925,43.25
20,2369,WORTH,EQ,20266,11354,56.02
20,2370,WSI,EQ,195893,92393,47.17
20,2371,WSTCSTPAPR,EQ,246639,114130,46.27
20,2372,WTICAB,SM,169000,138000,81.66
20,2373,XCHANGING,EQ,566264,281982,49.80
20,2374,XPROINDIA,EQ,17078,10013,58.63
20,2375,YASHO,EQ,63877,14979,23.45
20,2376,YATHARTH,EQ,331232,210092,63.43
20,2377,YATRA,EQ,315536,147773,46.83
20,2378,YCCL,SM,15000,15000,100.00
20,2379,YESBANK,EQ,336349095,71499008,21.26
20,2380,YUDIZ,SM,30400,24000,78.95
20,2381,YUKEN,EQ,12871,8434,65.53
20,2382,ZAGGLE,EQ,4112853,1332618,32.40
20,2383,ZEAL,SM,4800,4800,100.00
20,2384,ZEEL,EQ,24627449,7478253,30.37
20,2385,ZEEMEDIA,EQ,16231886,2777105,17.11
20,2386,ZENITHDRUG,SM,120000,99200,82.67
20,2387,ZENITHEXPO,EQ,2915,1611,55.27
20,2388,ZENITHSTL,EQ,202244,133040,65.78
20,2389,ZENSARTECH,EQ,1751540,666242,38.04
20,2390,ZENTEC,EQ,928286,403527,43.47
20,2391,ZFCVINDIA,EQ,3353,1627,48.52
20,2392,ZIMLAB,EQ,305316,153518,50.28
20,2393,ZODIACLOTH,EQ,32747,18462,56.38
20,2394,ZOMATO,EQ,24268721,16932148,69.77
20,2395,ZOTA,EQ,57073,39740,69.63
20,2396,ZUARI,EQ,342369,153724,44.90
20,2397,ZUARIIND,EQ,245411,141447,57.64
20,2398,ZYDUSLIFE,EQ,852769,528946,62.03
20,2399,ZYDUSWELL,EQ,40056,17812,44.47
