Security Wise Delivery Position - Compulsory Rolling Settlement
10,MTO,16042024,1425583243,0002412
Trade Date <16-APR-2024>,Settlement Type <N>
Record Type,Sr No,Name of Security,Quantity Traded,Deliverable Quantity(gross across client level),% of Deliverable Quantity to Traded Quantity
20,1,1018GS2026,GS,7802,7802,100.00
20,2,182D031024,TB,300,300,100.00
20,3,182D040724,TB,400,200,50.00
20,4,182D050924,TB,100,100,100.00
20,5,182D060624,TB,15000,15000,100.00
20,6,182D080824,TB,100,100,100.00
20,7,182D110724,TB,400,400,100.00
20,8,182D111024,TB,5500,5500,100.00
20,9,182D120924,TB,300,200,66.67
20,10,182D150824,TB,400,200,50.00
20,11,182D160524,TB,200,200,100.00
20,12,182D190924,TB,400,300,75.00
20,13,182D200624,TB,300,300,100.00
20,14,182D220824,TB,10000,10000,100.00
20,15,182D230524,TB,100,100,100.00
20,16,182D250724,TB,100,100,100.00
20,17,182D260924,TB,200,200,100.00
20,18,182D270624,TB,700,400,57.14
20,19,182D290824,TB,300,300,100.00
20,20,20MICRONS,EQ,121161,44790,36.97
20,21,360ONE,EQ,787154,675133,85.77
20,22,364D020125,TB,200,100,50.00
20,23,364D030425,TB,800,400,50.00
20,24,364D060225,TB,200,100,50.00
20,25,364D071124,TB,400,200,50.00
20,26,364D101024,TB,100000,100000,100.00
20,27,364D110425,TB,38700,38700,100.00
20,28,364D130225,TB,400,200,50.00
20,29,364D171024,TB,300,300,100.00
20,30,364D200225,TB,500,500,100.00
20,31,364D220824,TB,600,300,50.00
20,32,364D250424,TB,4100,4100,100.00
20,33,364D250724,TB,16000,16000,100.00
20,34,364D261224,TB,100,100,100.00
20,35,364D270325,TB,200,100,50.00
20,36,3IINFOLTD,EQ,914615,467867,51.15
20,37,3MINDIA,EQ,4399,2155,48.99
20,38,515GS2025,GS,28,18,64.29
20,39,522GS2025,GS,100,100,100.00
20,40,563GS2026,GS,6502,4501,69.22
20,41,574GS2026,GS,100,100,100.00
20,42,585GS2030,GS,1100,1100,100.00
20,43,5PAISA,EQ,66259,18371,27.73
20,44,610GS2031,GS,1841,1741,94.57
20,45,622GS2035,GS,328,164,50.00
20,46,63MOONS,EQ,117730,67445,57.29
20,47,654GS2032,GS,19803,19803,100.00
20,48,664GS2035,GS,8898,8898,100.00
20,49,667GS2035,GS,200,200,100.00
20,50,669GS2024,GS,128,128,100.00
20,51,676GS2061,GS,3314,3100,93.54
20,52,689GS2025,GS,1392,1392,100.00
20,53,68GS2060,GS,12462,12462,100.00
20,54,695GS2061,GS,3739,3739,100.00
20,55,699GS2026,GS,14616,14616,100.00
20,56,699GS2051,GS,2,2,100.00
20,57,706GS2028,GS,47165,47165,100.00
20,58,710GS2029,GS,2201,2201,100.00
20,59,714AP37,SG,100,100,100.00
20,60,716GS2050,GS,49,49,100.00
20,61,717GS2028,GS,285,285,100.00
20,62,717GS2030,GS,49050,49050,100.00
20,63,718GS2033,GS,10025,10025,100.00
20,64,718GS2037,GS,1631,1630,99.94
20,65,71GS2034,GS,1100,1100,100.00
20,66,723GS2039,GS,400,200,50.00
20,67,725GS2063,GS,96345,96345,100.00
20,68,726GS2032,GS,1001,1001,100.00
20,69,726GS2033,GS,18180,16165,88.92
20,70,732GS2030,GS,3846,3640,94.64
20,71,733GS2026,GS,409,409,100.00
20,72,736GS2052,GS,19363,19363,100.00
20,73,737GS2028,GS,5703,5503,96.49
20,74,738GS2027,GS,175898,171775,97.66
20,75,73GS2053,GS,14352,14251,99.30
20,76,741GS2036,GS,57538,57538,100.00
20,77,74GS2062,GS,11969,11968,99.99
20,78,754GS2036,GS,383079,375959,98.14
20,79,758GJ32,SG,100,100,100.00
20,80,777MN38,SG,100,100,100.00
20,81,77AP29A,SG,100,100,100.00
20,82,77AP38,SG,100,100,100.00
20,83,824GS2033,GS,726,726,100.00
20,84,832GS2032,GS,4574,4574,100.00
20,85,83GS2040,GS,1000,1000,100.00
20,86,883GS2041,GS,12702,10001,78.74
20,87,897GS2030,GS,4377,4377,100.00
20,88,91D020524,TB,700,600,85.71
20,89,91D060624,TB,1200,1200,100.00
20,90,91D090524,TB,400,400,100.00
20,91,91D120724,TB,1400,1400,100.00
20,92,91D130624,TB,4100,4100,100.00
20,93,91D160524,TB,200,100,50.00
20,94,91D200624,TB,100,100,100.00
20,95,91D270624,TB,1400,1200,85.71
20,96,91D300524,TB,1400,1300,92.86
20,97,92GS2030,GS,503,501,99.60
20,98,AAATECH,EQ,1168706,303227,25.95
20,99,AAKASH,EQ,430910,288747,67.01
20,100,AARON,EQ,4539,2413,53.16
20,101,AARTECH,EQ,236597,114382,48.34
20,102,AARTIDRUGS,EQ,81950,33816,41.26
20,103,AARTIIND,EQ,2288854,832053,36.35
20,104,AARTIPHARM,EQ,185740,114196,61.48
20,105,AARTISURF,EQ,49783,17782,35.72
20,106,AARVEEDEN,EQ,22650,11268,49.75
20,107,AARVI,EQ,131311,58338,44.43
20,108,AATMAJ,SM,16000,10000,62.50
20,109,AAVAS,EQ,137559,60891,44.27
20,110,ABB,EQ,268622,78519,29.23
20,111,ABBOTINDIA,EQ,12154,5961,49.05
20,112,ABCAPITAL,EQ,18095647,3424674,18.93
20,113,ABFL,N2,10,10,100.00
20,114,ABFRL,EQ,2980182,1349256,45.27
20,115,ABMINTLLTD,EQ,603,217,35.99
20,116,ABSLAMC,EQ,608048,426746,70.18
20,117,ABSLBANETF,EQ,15281,10543,68.99
20,118,ABSLLIQUID,EQ,21172,10767,50.85
20,119,ABSLNN50ET,EQ,10593,7564,71.41
20,120,ACC,EQ,287633,123847,43.06
20,121,ACCELYA,EQ,10533,4544,43.14
20,122,ACCENTMIC,SM,17000,13000,76.47
20,123,ACCORD,SM,4000,4000,100.00
20,124,ACE,EQ,226899,139947,61.68
20,125,ACEINTEG,EQ,24207,15946,65.87
20,126,ACI,EQ,739475,211801,28.64
20,127,ACL,EQ,54318,30639,56.41
20,128,ACLGATI,EQ,228610,101926,44.59
20,129,ACSAL,SM,15000,12000,80.00
20,130,ADANIENSOL,EQ,655917,210477,32.09
20,131,ADANIENT,EQ,1134184,555255,48.96
20,132,ADANIGREEN,EQ,495006,261147,52.76
20,133,ADANIPORTS,EQ,2696593,1203527,44.63
20,134,ADANIPOWER,EQ,2108558,1037386,49.20
20,135,ADFFOODS,EQ,73164,37796,51.66
20,136,ADL,EQ,5450,4275,78.44
20,137,ADORWELD,EQ,9748,5987,61.42
20,138,ADROITPP,X1,24506,24506,100.00
20,139,ADSL,EQ,340197,137725,40.48
20,140,ADVANIHOTR,EQ,254354,130265,51.21
20,141,ADVENZYMES,EQ,131203,73909,56.33
20,142,AEGISCHEM,EQ,8741749,1626555,18.61
20,143,AEROFLEX,EQ,451295,166240,36.84
20,144,AETHER,EQ,39171,20222,51.62
20,145,AFFLE,EQ,196423,97495,49.64
20,146,AGARIND,EQ,33312,21015,63.09
20,147,AGARWALFT,SM,3000,3000,100.00
20,148,AGI,EQ,102216,48093,47.05
20,149,AGNI,ST,80000,80000,100.00
20,150,AGRITECH,EQ,8755,4571,52.21
20,151,AGROPHOS,EQ,90428,46938,51.91
20,152,AGUL,ST,20000,20000,100.00
20,153,AHL,EQ,89537,65556,73.22
20,154,AHLADA,EQ,26892,15698,58.37
20,155,AHLEAST,EQ,30836,22756,73.80
20,156,AHLUCONT,EQ,75567,55965,74.06
20,157,AIAENG,EQ,54471,45292,83.15
20,158,AILIMITED,SM,12000,12000,100.00
20,159,AIROLAM,EQ,17306,8079,46.68
20,160,AIRTELPP,E1,207354,157308,75.86
20,161,AISL,SM,4800,4800,100.00
20,162,AJANTPHARM,EQ,52705,26965,51.16
20,163,AJMERA,EQ,188494,47984,25.46
20,164,AJOONI,EQ,913812,350898,38.40
20,165,AKANKSHA,SM,38000,34000,89.47
20,166,AKASH,EQ,356050,122266,34.34
20,167,AKG,EQ,17035,14556,85.45
20,168,AKZOINDIA,EQ,9468,5582,58.96
20,169,ALBERTDAVD,EQ,6622,4846,73.18
20,170,ALEMBICLTD,EQ,515120,214473,41.64
20,171,ALICON,EQ,5350,3250,60.75
20,172,ALKALI,EQ,10273,6483,63.11
20,173,ALKEM,EQ,119821,61807,51.58
20,174,ALKYLAMINE,EQ,37702,14658,38.88
20,175,ALLCARGO,EQ,1274366,455496,35.74
20,176,ALLETEC,SM,41600,27200,65.38
20,177,ALLSEC,EQ,24893,12959,52.06
20,178,ALPA,EQ,21082,11594,54.99
20,179,ALPEXSOLAR,SM,468000,236400,50.51
20,180,ALPHA,EQ,357175,272242,76.22
20,181,ALPHAETF,EQ,68032,46122,67.79
20,182,ALPHAGEO,EQ,211391,65451,30.96
20,183,ALPL30IETF,EQ,155449,133674,85.99
20,184,ALUWIND,ST,81000,81000,100.00
20,185,AMBANIORG,SM,7000,1000,14.29
20,186,AMBER,EQ,81350,23212,28.53
20,187,AMBICAAGAR,EQ,18760,11062,58.97
20,188,AMBIKCO,EQ,4294,2424,56.45
20,189,AMBUJACEM,EQ,1983635,791940,39.92
20,190,AMDIND,EQ,10462,6667,63.73
20,191,AMEYA,SM,10000,10000,100.00
20,192,AMIABLE,SM,4800,3200,66.67
20,193,AMIORG,EQ,150920,75144,49.79
20,194,AMJLAND,EQ,34356,20723,60.32
20,195,AMNPLST,EQ,5426,3935,72.52
20,196,AMRUTANJAN,EQ,31241,17600,56.34
20,197,ANANDRATHI,EQ,90299,39673,43.94
20,198,ANANTRAJ,EQ,852537,474245,55.63
20,199,ANDHRAPAP,EQ,57356,33940,59.17
20,200,ANDHRSUGAR,EQ,193491,93328,48.23
20,201,ANGELONE,EQ,331160,152209,45.96
20,202,ANIKINDS,EQ,223218,121777,54.56
20,203,ANKITMETAL,EQ,38885,38166,98.15
20,204,ANLON,SM,2400,2400,100.00
20,205,ANMOL,EQ,156527,74722,47.74
20,206,ANNAPURNA,SM,14500,9500,65.52
20,207,ANUP,EQ,14541,8853,60.88
20,208,ANURAS,EQ,171438,117707,68.66
20,209,APARINDS,EQ,63650,26352,41.40
20,210,APCL,EQ,12641,7769,61.46
20,211,APCOTEXIND,EQ,97752,22947,23.47
20,212,APEX,EQ,43791,24593,56.16
20,213,APLAPOLLO,EQ,500592,372219,74.36
20,214,APLLTD,EQ,53601,30541,56.98
20,215,APOLLO,EQ,464328,272813,58.75
20,216,APOLLOHOSP,EQ,290190,122437,42.19
20,217,APOLLOPIPE,EQ,27329,10942,40.04
20,218,APOLLOTYRE,EQ,2466801,651717,26.42
20,219,APOLSINHOT,EQ,7220,3707,51.34
20,220,APS,SM,114000,46000,40.35
20,221,APTECHT,EQ,175129,69447,39.65
20,222,APTUS,EQ,948573,872385,91.97
20,223,ARABIAN,SM,18000,18000,100.00
20,224,ARCHIDPLY,EQ,144047,83514,57.98
20,225,ARE&M,EQ,11323715,1602768,14.15
20,226,ARENTERP,EQ,15139,15133,99.96
20,227,ARHAM,SM,29000,24000,82.76
20,228,ARIES,EQ,43934,20895,47.56
20,229,ARIHANTCAP,EQ,220249,113734,51.64
20,230,ARIHANTSUP,EQ,31034,13655,44.00
20,231,ARISTO,SM,12800,8000,62.50
20,232,ARMANFIN,EQ,17076,9306,54.50
20,233,AROGRANITE,EQ,11382,8832,77.60
20,234,ARROWGREEN,EQ,16408,7949,48.45
20,235,ARTEMISMED,EQ,68953,36681,53.20
20,236,ARVIND,EQ,278378,156087,56.07
20,237,ARVINDFASN,EQ,203914,104806,51.40
20,238,ARVSMART,EQ,52023,19742,37.95
20,239,ASAHIINDIA,EQ,73828,38020,51.50
20,240,ASAHISONG,EQ,6477,2593,40.03
20,241,ASAL,EQ,99182,47445,47.84
20,242,ASALCBR,EQ,90214,45948,50.93
20,243,ASCOM,ST,500,500,100.00
20,244,ASHAPURMIN,EQ,90560,66093,72.98
20,245,ASHIANA,EQ,1122262,189926,16.92
20,246,ASHIMASYN,EQ,177194,104402,58.92
20,247,ASHOKA,EQ,1384153,579564,41.87
20,248,ASHOKLEY,EQ,11464985,5654832,49.32
20,249,ASIANENE,EQ,39460,27834,70.54
20,250,ASIANPAINT,EQ,911249,609431,66.88
20,251,ASIANTILES,EQ,323943,150792,46.55
20,252,ASKAUTOLTD,EQ,161990,93984,58.02
20,253,ASLIND,ST,4000,4000,100.00
20,254,ASMS,EQ,33319,33319,100.00
20,255,ASPINWALL,EQ,5241,2979,56.84
20,256,ASPIRE,ST,16000,16000,100.00
20,257,ASTEC,EQ,70398,27923,39.66
20,258,ASTERDM,EQ,6885403,3559637,51.70
20,259,ASTRAL,EQ,423415,209653,49.51
20,260,ASTRAMICRO,EQ,555180,231721,41.74
20,261,ASTRAZEN,EQ,5299,1833,34.59
20,262,ATALREAL,EQ,1671254,920956,55.11
20,263,ATAM,EQ,365846,168150,45.96
20,264,ATFL,EQ,78681,40273,51.19
20,265,ATGL,EQ,704150,209264,29.72
20,266,ATL,EQ,640971,252821,39.44
20,267,ATLANTAA,EQ,692340,328832,47.50
20,268,ATMASTCO,SM,120000,84800,70.67
20,269,ATUL,EQ,62591,30538,48.79
20,270,ATULAUTO,EQ,81238,31041,38.21
20,271,AUBANK,EQ,4436478,2217799,49.99
20,272,AURDIS,SM,13500,11000,81.48
20,273,AUROIMPEX,SM,9600,8000,83.33
20,274,AUROPHARMA,EQ,1700783,936440,55.06
20,275,AUSOMENT,EQ,4345,3028,69.69
20,276,AUTOAXLES,EQ,12610,7890,62.57
20,277,AUTOBEES,EQ,196024,154783,78.96
20,278,AUTOIETF,EQ,209334,170328,81.37
20,279,AUTOIND,EQ,246254,131191,53.27
20,280,AVADHSUGAR,EQ,14069,6109,43.42
20,281,AVALON,EQ,111765,50771,45.43
20,282,AVANTIFEED,EQ,104562,37554,35.92
20,283,AVG,EQ,39572,19575,49.47
20,284,AVONMORE,EQ,40556,13211,32.57
20,285,AVPINFRA,SM,163200,118400,72.55
20,286,AVROIND,EQ,24577,13644,55.52
20,287,AVTNPL,EQ,121908,60701,49.79
20,288,AWHCL,EQ,101933,36962,36.26
20,289,AWL,EQ,874725,421822,48.22
20,290,AXISBANK,EQ,7107881,4874014,68.57
20,291,AXISBNKETF,EQ,1365,1067,78.17
20,292,AXISBPSETF,EQ,47593,31793,66.80
20,293,AXISCADES,EQ,51643,25688,49.74
20,294,AXISCETF,EQ,323,238,73.68
20,295,AXISGOLD,EQ,1658714,1536430,92.63
20,296,AXISHCETF,EQ,1940,1113,57.37
20,297,AXISILVER,EQ,71516,65008,90.90
20,298,AXISNIFTY,EQ,9254,8635,93.31
20,299,AXISTECETF,EQ,35375,25921,73.27
20,300,AXITA,EQ,1146959,328946,28.68
20,301,AXSENSEX,EQ,1499,1471,98.13
20,302,AYMSYNTEX,EQ,25397,15257,60.07
20,303,AZAD,EQ,121638,87747,72.14
20,304,BABAFP,SM,8000,6400,80.00
20,305,BAHETI,SM,4500,4500,100.00
20,306,BAIDFIN,EQ,36643,26293,71.75
20,307,BAJAJ-AUTO,EQ,487529,237263,48.67
20,308,BAJAJCON,EQ,262450,144205,54.95
20,309,BAJAJELEC,EQ,30130,15028,49.88
20,310,BAJAJFINSV,EQ,1528544,820557,53.68
20,311,BAJAJHCARE,EQ,79236,27412,34.60
20,312,BAJAJHIND,EQ,7607942,2746898,36.11
20,313,BAJAJHLDNG,EQ,42416,33829,79.76
20,314,BAJEL,EQ,853005,338118,39.64
20,315,BAJFINANCE,EQ,963293,402366,41.77
20,316,BALAJITELE,EQ,120169,76397,63.57
20,317,BALAMINES,EQ,46741,14862,31.80
20,318,BALAXI,EQ,11612,9738,83.86
20,319,BALKRISIND,EQ,110919,52693,47.51
20,320,BALMLAWRIE,EQ,287430,145691,50.69
20,321,BALPHARMA,EQ,12121,7243,59.76
20,322,BALRAMCHIN,EQ,800696,329024,41.09
20,323,BANARBEADS,EQ,8319,1942,23.34
20,324,BANARISUG,EQ,746,500,67.02
20,325,BANCOINDIA,EQ,79773,24774,31.06
20,326,BANDHANBNK,EQ,14970993,8436288,56.35
20,327,BANKBARODA,EQ,11074547,4683921,42.29
20,328,BANKBEES,EQ,664099,366976,55.26
20,329,BANKBETF,EQ,8107,5823,71.83
20,330,BANKETF,EQ,12563,11604,92.37
20,331,BANKETFADD,EQ,5827,2478,42.53
20,332,BANKIETF,EQ,200250,153959,76.88
20,333,BANKINDIA,EQ,4486047,1654910,36.89
20,334,BANKNIFTY1,EQ,130819,120990,92.49
20,335,BANSWRAS,EQ,34459,17755,51.53
20,336,BARBEQUE,EQ,134720,37851,28.10
20,337,BASF,EQ,17280,7748,44.84
20,338,BASILIC,SM,106800,58800,55.06
20,339,BASML,EQ,50118,32944,65.73
20,340,BATAINDIA,EQ,503906,215151,42.70
20,341,BAWEJA,SM,10400,8800,84.62
20,342,BAYERCROP,EQ,135733,37187,27.40
20,343,BBETF0432,EQ,2244,1631,72.68
20,344,BBL,EQ,39799,15601,39.20
20,345,BBNPPGOLD,EQ,845,636,75.27
20,346,BBOX,EQ,88267,61657,69.85
20,347,BBTC,EQ,22681,8795,38.78
20,348,BBTCL,EQ,7801,6952,89.12
20,349,BCG,EQ,16815586,6484357,38.56
20,350,BCLIND,EQ,527071,262742,49.85
20,351,BDL,EQ,3873359,1229490,31.74
20,352,BEARDSELL,EQ,56255,34963,62.15
20,353,BECTORFOOD,EQ,159761,95562,59.82
20,354,BEL,EQ,32508661,13993979,43.05
20,355,BEML,EQ,230293,63715,27.67
20,356,BEPL,EQ,657767,288482,43.86
20,357,BERGEPAINT,EQ,858385,391743,45.64
20,358,BESTAGRO,EQ,15939,8985,56.37
20,359,BETA,SM,2800,1600,57.14
20,360,BEWLTD,SM,875,625,71.43
20,361,BFINVEST,EQ,25139,10496,41.75
20,362,BFSI,EQ,188450,171755,91.14
20,363,BFUTILITIE,EQ,174920,70227,40.15
20,364,BHAGCHEM,EQ,11069,6388,57.71
20,365,BHAGERIA,EQ,1493026,209745,14.05
20,366,BHAGYANGR,EQ,266016,134333,50.50
20,367,BHANDARI,EQ,564770,266746,47.23
20,368,BHARATFORG,EQ,1425666,815549,57.20
20,369,BHARATGEAR,EQ,24434,12424,50.85
20,370,BHARATRAS,EQ,2424,1466,60.48
20,371,BHARTIARTL,EQ,5235632,3885474,74.21
20,372,BHARTIHEXA,EQ,13031759,2265371,17.38
20,373,BHEL,EQ,14383707,4852471,33.74
20,374,BHINVIT,IV,244581,194216,79.41
20,375,BIGBLOC,EQ,87167,35329,40.53
20,376,BIKAJI,EQ,111151,62649,56.36
20,377,BIL,EQ,9129,2862,31.35
20,378,BIOCON,EQ,3484465,1135258,32.58
20,379,BIOFILCHEM,EQ,118690,58700,49.46
20,380,BIRET,RR,80658,68702,85.18
20,381,BIRLACABLE,EQ,101108,35218,34.83
20,382,BIRLACORPN,EQ,71692,33575,46.83
20,383,BLAL,EQ,187916,81597,43.42
20,384,BLISSGVS,EQ,205352,85503,41.64
20,385,BLKASHYAP,EQ,414715,254924,61.47
20,386,BLS,EQ,7543425,2963484,39.29
20,387,BLSE,EQ,667474,343133,51.41
20,388,BLUEDART,EQ,42070,31978,76.01
20,389,BLUEJET,EQ,176683,101684,57.55
20,390,BLUEPEBBLE,ST,24000,22400,93.33
20,391,BLUESTARCO,EQ,508467,302380,59.47
20,392,BMETRICS,SM,1600,1600,100.00
20,393,BODALCHEM,EQ,718575,319270,44.43
20,394,BOMDYEING,EQ,631733,249417,39.48
20,395,BOROLTD,EQ,75292,34038,45.21
20,396,BORORENEW,EQ,750738,166104,22.13
20,397,BOSCHLTD,EQ,25386,9956,39.22
20,398,BPCL,EQ,5773385,1805667,31.28
20,399,BPL,EQ,162974,59618,36.58
20,400,BRIGADE,EQ,165737,80497,48.57
20,401,BRIGHT,SM,93000,63000,67.74
20,402,BRITANNIA,EQ,516581,370128,71.65
20,403,BRITANNIA,N3,1989,1989,100.00
20,404,BSE,EQ,677174,280248,41.38
20,405,BSE500IETF,EQ,277782,91903,33.08
20,406,BSHSL,EQ,41502,11780,28.38
20,407,BSL,EQ,3641,2333,64.08
20,408,BSLGOLDETF,EQ,32879,27713,84.29
20,409,BSLNIFTY,EQ,329605,283658,86.06
20,410,BSLSENETFG,EQ,45447,40782,89.74
20,411,BSOFT,EQ,1450885,382453,26.36
20,412,BTML,EQ,255706,139341,54.49
20,413,BURNPUR,EQ,683048,256922,37.61
20,414,BUTTERFLY,EQ,13634,5436,39.87
20,415,BYKE,EQ,139871,79463,56.81
20,416,CADSYS,SM,49000,31000,63.27
20,417,CALSOFT,EQ,94608,64145,67.80
20,418,CAMLINFINE,EQ,1029224,358696,34.85
20,419,CAMPUS,EQ,2444811,1574177,64.39
20,420,CAMS,EQ,411646,133299,32.38
20,421,CANARYS,SM,636000,524000,82.39
20,422,CANBK,EQ,6328953,2905352,45.91
20,423,CANFINHOME,EQ,380265,193801,50.96
20,424,CANTABIL,EQ,65432,16251,24.84
20,425,CAPACITE,EQ,4593403,1203615,26.20
20,426,CAPITALSFB,EQ,43296,13514,31.21
20,427,CAPLIPOINT,EQ,128852,49344,38.30
20,428,CAPTRUST,EQ,13458,7498,55.71
20,429,CARBORUNIV,EQ,37867,16988,44.86
20,430,CARERATING,EQ,57914,27657,47.76
20,431,CARTRADE,EQ,354704,247980,69.91
20,432,CARYSIL,EQ,43004,19328,44.94
20,433,CASTROLIND,EQ,5022275,1223709,24.37
20,434,CBAZAAR,SM,40000,24000,60.00
20,435,CCL,EQ,86070,43697,50.77
20,436,CDSL,EQ,1967510,629421,31.99
20,437,CEATLTD,EQ,193066,137882,71.42
20,438,CELEBRITY,EQ,170511,108642,63.72
20,439,CELLECOR,SM,40800,24000,58.82
20,440,CELLO,EQ,436852,204349,46.78
20,441,CELLPOINT,SM,33600,20400,60.71
20,442,CENTENKA,EQ,26688,8762,32.83
20,443,CENTRALBK,EQ,14471808,2526876,17.46
20,444,CENTRUM,EQ,651086,310848,47.74
20,445,CENTUM,EQ,16242,8186,50.40
20,446,CENTURYPLY,EQ,52449,27516,52.46
20,447,CENTURYTEX,EQ,204929,57487,28.05
20,448,CERA,EQ,17587,6772,38.51
20,449,CESC,EQ,4302456,1759422,40.89
20,450,CGCL,EQ,2365533,427337,18.07
20,451,CGPOWER,EQ,5834847,2582468,44.26
20,452,CGRAPHICS,ST,107200,107200,100.00
20,453,CHALET,EQ,94410,59390,62.91
20,454,CHAMBLFERT,EQ,1373840,492544,35.85
20,455,CHAVDA,SM,1080000,664000,61.48
20,456,CHEMBOND,EQ,11835,5962,50.38
20,457,CHEMCON,EQ,36654,19070,52.03
20,458,CHEMFAB,EQ,24621,13784,55.98
20,459,CHEMPLASTS,EQ,69628,31497,45.24
20,460,CHENNPETRO,EQ,1109425,223934,20.18
20,461,CHEVIOT,EQ,3265,2214,67.81
20,462,CHOICEIN,EQ,897437,407270,45.38
20,463,CHOLAFIN,EQ,1235759,668708,54.11
20,464,CHOLAFIN,N6,5,5,100.00
20,465,CHOLAFIN,NC,100,100,100.00
20,466,CHOLAFIN,ND,100,100,100.00
20,467,CHOLAFIN,NE,76,43,56.58
20,468,CHOLAHLDNG,EQ,85692,46062,53.75
20,469,CIEINDIA,EQ,525274,398241,75.82
20,470,CIGNITITEC,EQ,259593,163487,62.98
20,471,CINELINE,EQ,69861,41297,59.11
20,472,CINEVISTA,EQ,166629,100357,60.23
20,473,CIPLA,EQ,1433760,589519,41.12
20,474,CLEAN,EQ,58175,26956,46.34
20,475,CLEDUCATE,EQ,120395,69500,57.73
20,476,CLOUD,SM,1200000,798000,66.50
20,477,CLSEL,EQ,64460,31820,49.36
20,478,CLSL,SM,8000,6000,75.00
20,479,CMMIPL,ST,9000,9000,100.00
20,480,CMNL,SM,31500,22500,71.43
20,481,CMRSL,SM,9600,8000,83.33
20,482,CMSINFO,EQ,1136346,511676,45.03
20,483,COALINDIA,EQ,4996845,1451244,29.04
20,484,COASTCORP,EQ,44336,19005,42.87
20,485,COCHINSHIP,EQ,4525204,723166,15.98
20,486,COFFEEDAY,EQ,39348398,14771865,37.54
20,487,COFORGE,EQ,591551,277207,46.86
20,488,COLPAL,EQ,402360,158375,39.36
20,489,COMMITTED,SM,3200,3200,100.00
20,490,COMMOIETF,EQ,50605,23153,45.75
20,491,COMPUSOFT,EQ,63855,48747,76.34
20,492,COMSYN,EQ,4163,3717,89.29
20,493,CONCOR,EQ,2600963,1210275,46.53
20,494,CONCORDBIO,EQ,112492,60394,53.69
20,495,CONFIPET,EQ,1299671,540979,41.62
20,496,CONS,EQ,685,425,62.04
20,497,CONSOFINVT,EQ,9907,4642,46.86
20,498,CONSUMBEES,EQ,37526,24290,64.73
20,499,CONSUMIETF,EQ,15713,12748,81.13
20,500,CONTROLPR,EQ,23830,11141,46.75
20,501,COOLCAPS,SM,750,750,100.00
20,502,COROMANDEL,EQ,613602,522063,85.08
20,503,COSMOFIRST,EQ,25697,13479,52.45
20,504,COUNCODOS,EQ,45735,22181,48.50
20,505,CPS,SM,2400,2400,100.00
20,506,CPSEETF,EQ,2783050,1618821,58.17
20,507,CRAFTSMAN,EQ,25467,15358,60.31
20,508,CRAYONS,SM,44000,34000,77.27
20,509,CREATIVE,EQ,62652,55821,89.10
20,510,CREDITACC,EQ,206552,139124,67.36
20,511,CREDITACC,N1,53,53,100.00
20,512,CREDITACC,N3,2,1,50.00
20,513,CREDITACC,ND,257,257,100.00
20,514,CREST,EQ,22329,11940,53.47
20,515,CRISIL,EQ,125060,33991,27.18
20,516,CROMPTON,EQ,2331311,1056229,45.31
20,517,CSBBANK,EQ,948011,270753,28.56
20,518,CSLFINANCE,EQ,20029,10155,50.70
20,519,CUB,EQ,2236724,808714,36.16
20,520,CUMMINSIND,EQ,562240,245119,43.60
20,521,CYBERTECH,EQ,41101,18398,44.76
20,522,CYIENT,EQ,295333,193120,65.39
20,523,CYIENTDLM,EQ,81392,39297,48.28
20,524,DABUR,EQ,2928056,2001961,68.37
20,525,DALBHARAT,EQ,294678,159714,54.20
20,526,DALMIASUG,EQ,30415,13094,43.05
20,527,DAMODARIND,EQ,16712,11929,71.38
20,528,DANGEE,EQ,143997,115186,79.99
20,529,DATAMATICS,EQ,85298,32534,38.14
20,530,DATAPATTNS,EQ,340391,79455,23.34
20,531,DAVANGERE,EQ,90275,68104,75.44
20,532,DBL,EQ,228520,78251,34.24
20,533,DBOL,EQ,107077,51344,47.95
20,534,DBREALTY,EQ,2404649,1355139,56.35
20,535,DBSTOCKBRO,EQ,6749,3828,56.72
20,536,DCAL,EQ,292623,109283,37.35
20,537,DCBBANK,EQ,2024106,897313,44.33
20,538,DCG,ST,754800,753600,99.84
20,539,DCI,EQ,25583,13966,54.59
20,540,DCM,EQ,10698,5949,55.61
20,541,DCMNVL,EQ,49655,30090,60.60
20,542,DCMSHRIRAM,EQ,25982,13134,50.55
20,543,DCMSRIND,EQ,179102,91591,51.14
20,544,DCW,EQ,2239168,711591,31.78
20,545,DCXINDIA,EQ,775158,364804,47.06
20,546,DECCANCE,EQ,13216,7553,57.15
20,547,DEEM,SM,32000,24000,75.00
20,548,DEEPAKFERT,EQ,348682,124065,35.58
20,549,DEEPAKNTR,EQ,405585,115628,28.51
20,550,DEEPENR,EQ,104660,29216,27.92
20,551,DEEPINDS,EQ,396112,110413,27.87
20,552,DELAPLEX,SM,37200,30000,80.65
20,553,DELHIVERY,EQ,1592724,823277,51.69
20,554,DELPHIFX,EQ,9793,5116,52.24
20,555,DELTACORP,EQ,920495,324128,35.21
20,556,DELTAMAGNT,EQ,15075,6854,45.47
20,557,DEN,EQ,1620398,610826,37.70
20,558,DENEERS,SM,4200,3600,85.71
20,559,DENORA,EQ,10949,5210,47.58
20,560,DENTALKART,SM,6500,4750,73.08
20,561,DEVIT,EQ,17513,9567,54.63
20,562,DEVYANI,EQ,1818118,959924,52.80
20,563,DGCONTENT,EQ,5796,3924,67.70
20,564,DHAMPURSUG,EQ,143680,67596,47.05
20,565,DHANI,EQ,41676754,12907839,30.97
20,566,DHANILOANS,NF,84,84,100.00
20,567,DHANILOANS,NG,10,10,100.00
20,568,DHANUKA,EQ,85666,30658,35.79
20,569,DHARMAJ,EQ,218022,161683,74.16
20,570,DHTL,SM,25600,24000,93.75
20,571,DHUNINV,EQ,1004,688,68.53
20,572,DIAMINESQ,EQ,10909,5429,49.77
20,573,DIAMONDYD,EQ,10840,6116,56.42
20,574,DICIND,EQ,811,690,85.08
20,575,DIGIKORE,SM,2400,2400,100.00
20,576,DIGISPICE,EQ,124794,65132,52.19
20,577,DIL,EQ,1099266,400310,36.42
20,578,DISHTV,EQ,20695609,4757768,22.99
20,579,DIVGIITTS,EQ,12716,5213,41.00
20,580,DIVISLAB,EQ,318671,136278,42.76
20,581,DIVOPPBEES,EQ,42754,31851,74.50
20,582,DIXON,EQ,206336,69234,33.55
20,583,DJML,EQ,35374,27988,79.12
20,584,DLF,EQ,3398331,1359211,40.00
20,585,DLINKINDIA,EQ,129231,56495,43.72
20,586,DMART,EQ,245231,153075,62.42
20,587,DMCC,EQ,60045,33964,56.56
20,588,DODLA,EQ,55572,27666,49.78
20,589,DOLATALGO,EQ,4129793,1340084,32.45
20,590,DOLLAR,EQ,86941,55936,64.34
20,591,DOLLEX,SM,40000,20000,50.00
20,592,DOLPHIN,EQ,30979,26037,84.05
20,593,DOMS,EQ,381202,81208,21.30
20,594,DONEAR,EQ,93671,48323,51.59
20,595,DPABHUSHAN,EQ,32158,13660,42.48
20,596,DPSCLTD,EQ,1184780,580535,49.00
20,597,DPWIRES,EQ,40184,15954,39.70
20,598,DRCSYSTEMS,EQ,7383959,3276807,44.38
20,599,DREAMFOLKS,EQ,181521,80467,44.33
20,600,DRONE,SM,289000,176000,60.90
20,601,DRREDDY,EQ,408298,241730,59.20
20,602,DSSL,EQ,597167,130715,21.89
20,603,DTIL,EQ,2701,2219,82.15
20,604,DUCOL,SM,5600,4000,71.43
20,605,DUGLOBAL,SM,42500,30000,70.59
20,606,DVL,EQ,17032,10004,58.74
20,607,DWARKESH,EQ,827318,372100,44.98
20,608,DYCL,EQ,35613,20380,57.23
20,609,DYNAMATECH,EQ,12404,3792,30.57
20,610,DYNAMIC,SM,36000,28000,77.78
20,611,DYNPRO,EQ,22220,13502,60.77
20,612,EASEMYTRIP,EQ,36098603,6761011,18.73
20,613,EBBETF0425,EQ,4060,3380,83.25
20,614,EBBETF0430,EQ,3778,3058,80.94
20,615,EBBETF0431,EQ,12728,12559,98.67
20,616,EBBETF0433,EQ,14218,11306,79.52
20,617,ECLERX,EQ,36272,22986,63.37
20,618,ECLFINANCE,NJ,99,99,100.00
20,619,ECLFINANCE,NR,1013,880,86.87
20,620,EDELWEISS,EQ,2121792,869007,40.96
20,621,EFACTOR,SM,17600,16000,90.91
20,622,EFORCE,SM,60000,37200,62.00
20,623,EGOLD,EQ,151803,150523,99.16
20,624,EICHERMOT,EQ,1467677,511791,34.87
20,625,EIDPARRY,EQ,242319,105002,43.33
20,626,EIFFL,EQ,55643,14693,26.41
20,627,EIHAHOTELS,EQ,27192,9473,34.84
20,628,EIHOTEL,EQ,372872,195126,52.33
20,629,EKC,EQ,406118,152849,37.64
20,630,ELDEHSG,EQ,4183,2380,56.90
20,631,ELECON,EQ,208098,98244,47.21
20,632,ELECTCAST,EQ,4051885,2697638,66.58
20,633,ELGIEQUIP,EQ,209460,68800,32.85
20,634,ELGIRUBCO,EQ,23237,15741,67.74
20,635,ELIN,EQ,86074,48660,56.53
20,636,EMAMILTD,EQ,2226836,2041099,91.66
20,637,EMAMIPAP,EQ,106673,84228,78.96
20,638,EMAMIREAL,EQ,54006,27834,51.54
20,639,EMBASSY,RR,1080671,922153,85.33
20,640,EMIL,EQ,263499,163985,62.23
20,641,EMKAY,EQ,106690,46266,43.36
20,642,EMKAYTOOLS,SM,6900,6300,91.30
20,643,EMMBI,EQ,16727,9813,58.67
20,644,EMSLIMITED,EQ,442208,223244,50.48
20,645,EMUDHRA,EQ,301740,79578,26.37
20,646,ENDURANCE,EQ,103392,66845,64.65
20,647,ENERGYDEV,EQ,163588,118223,72.27
20,648,ENFUSE,SM,136800,90000,65.79
20,649,ENGINERSIN,EQ,4345628,1544967,35.55
20,650,ENIL,EQ,49171,16277,33.10
20,651,ENSER,SM,16000,10000,62.50
20,652,ENTERO,EQ,80493,37848,47.02
20,653,EPACK,EQ,532259,220060,41.34
20,654,EPIGRAL,EQ,112462,58640,52.14
20,655,EPL,EQ,466404,274653,58.89
20,656,EQUAL50ADD,EQ,75890,74733,98.48
20,657,EQUITASBNK,EQ,1648357,898295,54.50
20,658,ERFLNCDI,N6,27,27,100.00
20,659,ERIS,EQ,122443,75081,61.32
20,660,EROSMEDIA,EQ,370887,175162,47.23
20,661,ESABINDIA,EQ,1508,945,62.67
20,662,ESAFSFB,EQ,513232,246339,48.00
20,663,ESCONET,SM,43200,28800,66.67
20,664,ESCORTS,EQ,383358,89459,23.34
20,665,ESFL,SM,9600,8400,87.50
20,666,ESG,EQ,200518,181443,90.49
20,667,ESILVER,EQ,112070,110149,98.29
20,668,ESSARSHPNG,EQ,632913,390707,61.73
20,669,ESTER,EQ,105460,52922,50.18
20,670,ETHOSLTD,EQ,18003,10062,55.89
20,671,EUROBOND,SM,2000,2000,100.00
20,672,EVEREADY,EQ,575034,146515,25.48
20,673,EVERESTIND,EQ,46513,25223,54.23
20,674,EXCELINDUS,EQ,14960,6291,42.05
20,675,EXICOM,EQ,5324662,1348779,25.33
20,676,EXIDEIND,EQ,73697304,9600745,13.03
20,677,EXPLEOSOL,EQ,11881,6746,56.78
20,678,EXXARO,EQ,39127,19101,48.82
20,679,FACT,EQ,363900,80584,22.14
20,680,FAIRCHEMOR,EQ,9224,4064,44.06
20,681,FAZE3Q,EQ,7926,4352,54.91
20,682,FCL,EQ,292325,127587,43.65
20,683,FCSSOFT,EQ,15344401,4142127,26.99
20,684,FDC,EQ,107031,45000,42.04
20,685,FEDERALBNK,EQ,13947991,7875399,56.46
20,686,FEDFINA,EQ,2187011,1872480,85.62
20,687,FELIX,ST,10000,10000,100.00
20,688,FIBERWEB,EQ,45915,19510,42.49
20,689,FIDEL,SM,4000,3000,75.00
20,690,FIEMIND,EQ,28609,15042,52.58
20,691,FILATEX,EQ,1367892,437959,32.02
20,692,FINCABLES,EQ,119470,57488,48.12
20,693,FINEORG,EQ,15112,6908,45.71
20,694,FINIETF,EQ,60046,36189,60.27
20,695,FINOPB,EQ,52217,24064,46.08
20,696,FINPIPE,EQ,523185,199285,38.09
20,697,FIVESTAR,EQ,321330,190077,59.15
20,698,FLAIR,EQ,271059,156039,57.57
20,699,FLUOROCHEM,EQ,52287,23707,45.34
20,700,FMCGIETF,EQ,13357,8799,65.88
20,701,FMGOETZE,EQ,194990,98618,50.58
20,702,FOCE,SM,200,200,100.00
20,703,FOCUS,EQ,51666,25798,49.93
20,704,FONEBOX,SM,4000,4000,100.00
20,705,FOODSIN,EQ,715326,321132,44.89
20,706,FORCEMOT,EQ,46859,15184,32.40
20,707,FORTIS,EQ,2177615,1476208,67.79
20,708,FOSECOIND,EQ,3054,1908,62.48
20,709,FROG,SM,7200,6000,83.33
20,710,FSL,EQ,1066379,488402,45.80
20,711,FUSION,EQ,90852,53338,58.71
20,712,GABRIEL,EQ,168197,59755,35.53
20,713,GAEL,EQ,380413,165784,43.58
20,714,GAIL,EQ,31636637,11139540,35.21
20,715,GALAXYSURF,EQ,15944,8216,51.53
20,716,GANDHAR,EQ,259044,112667,43.49
20,717,GANDHITUBE,EQ,2761,1666,60.34
20,718,GANECOS,EQ,42696,24356,57.05
20,719,GANESHBE,EQ,110029,63468,57.68
20,720,GANESHHOUC,EQ,25868,16443,63.57
20,721,GANGESSECU,EQ,23246,13146,56.55
20,722,GARFIBRES,EQ,14956,9254,61.87
20,723,GATEWAY,EQ,658210,279287,42.43
20,724,GEECEE,EQ,15707,7574,48.22
20,725,GEEKAYWIRE,EQ,167600,108682,64.85
20,726,GENCON,EQ,94645,74898,79.14
20,727,GENESYS,EQ,201931,114822,56.86
20,728,GENSOL,EQ,152580,92604,60.69
20,729,GENUSPAPER,EQ,503743,144022,28.59
20,730,GENUSPOWER,EQ,1180640,703364,59.57
20,731,GEOJITFSL,EQ,605475,171047,28.25
20,732,GEPIL,EQ,363181,159246,43.85
20,733,GESHIP,EQ,430203,186191,43.28
20,734,GFLLIMITED,EQ,101217,59859,59.14
20,735,GHCL,EQ,138892,64421,46.38
20,736,GHCLTEXTIL,EQ,348513,162698,46.68
20,737,GICHSGFIN,EQ,189779,84080,44.30
20,738,GICL,SM,6000,6000,100.00
20,739,GICRE,EQ,1274958,317731,24.92
20,740,GILLETTE,EQ,6956,3747,53.87
20,741,GILT5YBEES,EQ,832437,789181,94.80
20,742,GINNIFILA,EQ,109251,52730,48.27
20,743,GIPCL,EQ,287326,149972,52.20
20,744,GKWLIMITED,EQ,6965,4697,67.44
20,745,GLAND,EQ,187181,124588,66.56
20,746,GLAXO,EQ,69364,39162,56.46
20,747,GLENMARK,EQ,425482,141623,33.29
20,748,GLOBAL,EQ,676919,113997,16.84
20,749,GLOBUSSPR,EQ,58779,29606,50.37
20,750,GLS,EQ,86578,45835,52.94
20,751,GMBREW,EQ,64545,27371,42.41
20,752,GMDCLTD,EQ,1865323,529968,28.41
20,753,GMMPFAUDLR,EQ,99631,44866,45.03
20,754,GMRINFRA,EQ,13449634,4077987,30.32
20,755,GMRP&UI,EQ,4790769,3763566,78.56
20,756,GNA,EQ,41674,21522,51.64
20,757,GNFC,EQ,465423,134003,28.79
20,758,GOACARBON,EQ,100147,31460,31.41
20,759,GOCLCORP,EQ,54478,34804,63.89
20,760,GOCOLORS,EQ,14379,8223,57.19
20,761,GODFRYPHLP,EQ,47721,15409,32.29
20,762,GODREJAGRO,EQ,137235,82870,60.39
20,763,GODREJCP,EQ,808868,570844,70.57
20,764,GODREJIND,EQ,105314,53777,51.06
20,765,GODREJPROP,EQ,382394,105825,27.67
20,766,GOKEX,EQ,79577,46673,58.65
20,767,GOKULAGRO,EQ,108216,32625,30.15
20,768,GOLD1,EQ,517453,362376,70.03
20,769,GOLDBEES,EQ,10566826,7199874,68.14
20,770,GOLDCASE,EQ,643437,521621,81.07
20,771,GOLDETF,EQ,102411,72117,70.42
20,772,GOLDETFADD,EQ,56396,53327,94.56
20,773,GOLDIAM,EQ,288570,134004,46.44
20,774,GOLDIETF,EQ,1244968,811672,65.20
20,775,GOLDSHARE,EQ,562527,507589,90.23
20,776,GOLDSTAR,SM,33750,33750,100.00
20,777,GOLDTECH,EQ,15850,11202,70.68
20,778,GOODLUCK,EQ,30242,17889,59.15
20,779,GOPAL,EQ,153913,79472,51.63
20,780,GOYALSALT,SM,12000,6000,50.00
20,781,GPIL,EQ,926041,306698,33.12
20,782,GPPL,EQ,2810580,983966,35.01
20,783,GPTHEALTH,EQ,299836,95745,31.93
20,784,GPTINFRA,EQ,70084,38040,54.28
20,785,GRANULES,EQ,856060,183435,21.43
20,786,GRAPHISAD,SM,8400,8400,100.00
20,787,GRAPHITE,EQ,1447774,325683,22.50
20,788,GRASIM,EQ,558075,354996,63.61
20,789,GRASIMPP,E1,1460,1105,75.68
20,790,GRAVITA,EQ,82662,48231,58.35
20,791,GREAVESCOT,EQ,733116,296589,40.46
20,792,GREENCHEF,SM,43200,36000,83.33
20,793,GREENLAM,EQ,20746,7915,38.15
20,794,GREENPANEL,EQ,102602,53604,52.24
20,795,GREENPLY,EQ,442184,242339,54.81
20,796,GRINDWELL,EQ,28303,14607,51.61
20,797,GRINFRA,EQ,48647,26530,54.54
20,798,GRMOVER,EQ,449708,313496,69.71
20,799,GROBTEA,EQ,79,64,81.01
20,800,GRPLTD,EQ,150,125,83.33
20,801,GRSE,EQ,1227987,276553,22.52
20,802,GRWRHITECH,EQ,16199,10532,65.02
20,803,GSEC10IETF,EQ,1350,1241,91.93
20,804,GSEC10YEAR,EQ,1235,685,55.47
20,805,GSEC5IETF,EQ,328,298,90.85
20,806,GSFC,EQ,1813671,691173,38.11
20,807,GSLSU,EQ,182035,102499,56.31
20,808,GSPL,EQ,3241699,901998,27.82
20,809,GSTL,SM,25000,15000,60.00
20,810,GTLINFRA,EQ,36821677,25026615,67.97
20,811,GTPL,EQ,860709,163861,19.04
20,812,GUFICBIO,EQ,53988,32632,60.44
20,813,GUJALKALI,EQ,82985,30328,36.55
20,814,GUJGASLTD,EQ,4855479,915586,18.86
20,815,GULFOILLUB,EQ,269585,134209,49.78
20,816,GULFPETRO,EQ,136634,59512,43.56
20,817,GULPOLY,EQ,92220,30270,32.82
20,818,GVKPIL,EQ,5610859,2743859,48.90
20,819,GVPTECH,EQ,67127,50735,75.58
20,820,HAL,EQ,2939862,931393,31.68
20,821,HAPPSTMNDS,EQ,937842,256215,27.32
20,822,HAPPYFORGE,EQ,594765,120337,20.23
20,823,HARDWYN,EQ,686922,358542,52.20
20,824,HARIOMPIPE,EQ,81969,41043,50.07
20,825,HARRMALAYA,EQ,24722,17549,70.99
20,826,HARSHA,EQ,50552,26335,52.09
20,827,HATHWAY,EQ,8128550,2189407,26.93
20,828,HATSUN,EQ,11964,6464,54.03
20,829,HAVELLS,EQ,1521805,1078366,70.86
20,830,HBLPOWER,EQ,1241302,382717,30.83
20,831,HBSL,EQ,9876,6334,64.14
20,832,HCC,EQ,8707023,4102866,47.12
20,833,HCG,EQ,88176,49940,56.64
20,834,HCL-INSYS,EQ,819684,578425,70.57
20,835,HCLTECH,EQ,2446933,1574142,64.33
20,836,HDFCAMC,EQ,1467286,816955,55.68
20,837,HDFCBANK,EQ,10372443,5676628,54.73
20,838,HDFCBSE500,EQ,34194,13876,40.58
20,839,HDFCGOLD,EQ,2801492,2319903,82.81
20,840,HDFCGROWTH,EQ,16416,14669,89.36
20,841,HDFCLIFE,EQ,4970256,3104119,62.45
20,842,HDFCLIQUID,EQ,528,517,97.92
20,843,HDFCLOWVOL,EQ,148904,132807,89.19
20,844,HDFCMID150,EQ,158165,134065,84.76
20,845,HDFCMOMENT,EQ,307737,229245,74.49
20,846,HDFCNEXT50,EQ,52325,38022,72.67
20,847,HDFCNIF100,EQ,56898,50477,88.71
20,848,HDFCNIFBAN,EQ,2810802,2794887,99.43
20,849,HDFCNIFIT,EQ,165213,129246,78.23
20,850,HDFCNIFTY,EQ,35328,32366,91.62
20,851,HDFCPSUBK,EQ,89785,83252,92.72
20,852,HDFCPVTBAN,EQ,35270,27127,76.91
20,853,HDFCQUAL,EQ,3510,2310,65.81
20,854,HDFCSENSEX,EQ,58162,51903,89.24
20,855,HDFCSILVER,EQ,303285,212179,69.96
20,856,HDFCSML250,EQ,242588,178318,73.51
20,857,HDFCVALUE,EQ,80051,68447,85.50
20,858,HEADSUP,EQ,143422,81919,57.12
20,859,HEALTHADD,EQ,44,44,100.00
20,860,HEALTHIETF,EQ,14180,6789,47.88
20,861,HEALTHY,EQ,189293,164162,86.72
20,862,HECPROJECT,EQ,22107,11933,53.98
20,863,HEG,EQ,588379,128067,21.77
20,864,HEIDELBERG,EQ,85707,47845,55.82
20,865,HEMIPROP,EQ,459827,185580,40.36
20,866,HERANBA,EQ,27932,11937,42.74
20,867,HERCULES,EQ,58703,22822,38.88
20,868,HERITGFOOD,EQ,360471,203002,56.32
20,869,HEROMOTOCO,EQ,719918,302285,41.99
20,870,HESTERBIO,EQ,4167,2296,55.10
20,871,HEUBACHIND,EQ,24697,13239,53.61
20,872,HEXATRADEX,EQ,5596,2364,42.24
20,873,HFCL,EQ,8760640,2599955,29.68
20,874,HGINFRA,EQ,82805,37318,45.07
20,875,HGS,EQ,11781,5652,47.98
20,876,HIGREEN,SM,75200,48000,63.83
20,877,HIKAL,EQ,118599,50121,42.26
20,878,HIL,EQ,8249,5655,68.55
20,879,HILTON,EQ,121216,42381,34.96
20,880,HIMATSEIDE,EQ,176494,90315,51.17
20,881,HINDALCO,EQ,10722248,4958805,46.25
20,882,HINDCOMPOS,EQ,10869,7047,64.84
20,883,HINDCOPPER,EQ,11856229,2639705,22.26
20,884,HINDMOTORS,EQ,13931776,5968011,42.84
20,885,HINDOILEXP,EQ,5129962,1274785,24.85
20,886,HINDPETRO,EQ,7108736,2434767,34.25
20,887,HINDUNILVR,EQ,2821129,1975661,70.03
20,888,HINDWAREAP,EQ,77840,36820,47.30
20,889,HINDZINC,EQ,4248215,1358824,31.99
20,890,HIRECT,EQ,12683,4881,38.48
20,891,HISARMETAL,EQ,3370,1615,47.92
20,892,HITECH,EQ,534886,195213,36.50
20,893,HITECHCORP,EQ,16434,6407,38.99
20,894,HITECHGEAR,EQ,78538,48173,61.34
20,895,HLEGLAS,EQ,199942,47993,24.00
20,896,HLVLTD,EQ,865759,541703,62.57
20,897,HMAAGRO,EQ,544750,205403,37.71
20,898,HMVL,EQ,197733,51029,25.81
20,899,HNDFDS,EQ,46829,27220,58.13
20,900,HNGSNGBEES,EQ,198569,148149,74.61
20,901,HOLMARC,SM,45000,33000,73.33
20,902,HOMEFIRST,EQ,200314,141119,70.45
20,903,HOMESFY,SM,89700,69300,77.26
20,904,HONASA,EQ,1651742,1337687,80.99
20,905,HONAUT,EQ,13062,6659,50.98
20,906,HONDAPOWER,EQ,2699,1375,50.94
20,907,HOVS,EQ,46578,37855,81.27
20,908,HPAL,EQ,257071,149795,58.27
20,909,HPL,EQ,840400,243921,29.02
20,910,HRHNEXT,SM,15000,15000,100.00
20,911,HSCL,EQ,455662,304257,66.77
20,912,HTMEDIA,EQ,183185,67341,36.76
20,913,HUDCO,EQ,6773607,2376834,35.09
20,914,HUDCO,N2,31,31,100.00
20,915,HUDCO,N5,400,200,50.00
20,916,HUDCO,N7,20,20,100.00
20,917,HUDCO,N8,1,1,100.00
20,918,HUDCO,N9,2,1,50.00
20,919,HUDCO,ND,827,777,93.95
20,920,HUHTAMAKI,EQ,84485,41675,49.33
20,921,IBLFL,SM,16000,10000,62.50
20,922,IBREALEST,EQ,15411784,4952725,32.14
20,923,IBUCCREDIT,NB,20,20,100.00
20,924,IBUCCREDIT,NH,400,400,100.00
20,925,IBULHSG,N4,20,20,100.00
20,926,IBULHSG,NZ,5,5,100.00
20,927,IBULHSG,Y1,10,10,100.00
20,928,IBULHSG,Y8,10,10,100.00
20,929,IBULHSG,YG,26,16,61.54
20,930,IBULHSG,YM,200,200,100.00
20,931,IBULHSGFIN,AB,4,4,100.00
20,932,IBULHSGFIN,BC,10,10,100.00
20,933,IBULHSGFIN,EQ,7173578,2864916,39.94
20,934,IBULHSGFIN,N8,57,57,100.00
20,935,IBULHSGFIN,NA,482,482,100.00
20,936,IBULHSGFIN,NC,47,47,100.00
20,937,IBULHSGFIN,NE,251,251,100.00
20,938,IBULHSGFIN,YC,5,5,100.00
20,939,IBULHSGFIN,Z3,21,21,100.00
20,940,IBULHSGFIN,ZD,10,10,100.00
20,941,IBULHSGFIN,ZN,5,5,100.00
20,942,IBULHSGFIN,ZS,2,2,100.00
20,943,IBULHSGFIN,ZW,4,4,100.00
20,944,IBULHSGFIN,ZY,10,10,100.00
20,945,IBULPP,E1,1361239,883674,64.92
20,946,ICEMAKE,EQ,22308,12335,55.29
20,947,ICICIB22,EQ,1297729,967628,74.56
20,948,ICICIBANK,EQ,11278092,7147384,63.37
20,949,ICICIGI,EQ,1708675,1098908,64.31
20,950,ICICIPRULI,EQ,672758,321851,47.84
20,951,ICIL,EQ,197527,104102,52.70
20,952,ICRA,EQ,1173,684,58.31
20,953,IDBI,EQ,9182771,2682959,29.22
20,954,IDEA,EQ,1218535579,323646067,26.56
20,955,IDEAFORGE,EQ,235895,105900,44.89
20,956,IDFC,EQ,3760380,1435399,38.17
20,957,IDFCFIRSTB,EQ,46456733,20123290,43.32
20,958,IDFNIFTYET,EQ,3443,3285,95.41
20,959,IEL,EQ,187175,141577,75.64
20,960,IEX,EQ,7918449,3656015,46.17
20,961,IFBAGRO,EQ,3226,2612,80.97
20,962,IFBIND,EQ,57208,21782,38.08
20,963,IFCI,EQ,11328064,4512947,39.84
20,964,IFCI,NH,470,470,100.00
20,965,IFCI,NL,1,1,100.00
20,966,IFGLEXPOR,EQ,6777,3207,47.32
20,967,IGARASHI,EQ,20323,10279,50.58
20,968,IGL,EQ,2467374,1157888,46.93
20,969,IGPL,EQ,126009,56099,44.52
20,970,IIFCL,N3,160,150,93.75
20,971,IIFCL,N4,25,25,100.00
20,972,IIFL,EQ,1204122,595644,49.47
20,973,IIFL,N6,410,325,79.27
20,974,IIFL,NC,302,302,100.00
20,975,IIFL,NE,336,289,86.01
20,976,IIFL,NF,1873,1592,85.00
20,977,IIFL,NG,11,11,100.00
20,978,IIFL,NJ,335,310,92.54
20,979,IIFL,NK,23,23,100.00
20,980,IIFL,NL,90,90,100.00
20,981,IIFL,NM,50,50,100.00
20,982,IIFL,NN,50,50,100.00
20,983,IIFL,NO,350,300,85.71
20,984,IIFL,NP,10,10,100.00
20,985,IIFL,NQ,100,100,100.00
20,986,IIFL,NR,65,65,100.00
20,987,IIFL,NS,415,413,99.52
20,988,IIFL,NT,51,51,100.00
20,989,IIFL,NU,200,200,100.00
20,990,IIFL,NV,42,42,100.00
20,991,IIFL,NW,10,5,50.00
20,992,IIFL,NZ,660,660,100.00
20,993,IIFL,Y0,529,460,86.96
20,994,IIFLSAMFIN,N2,100,100,100.00
20,995,IIFLSAMFIN,N3,50,50,100.00
20,996,IIFLSAMFIN,N4,213,188,88.26
20,997,IIFLSAMFIN,N5,338,335,99.11
20,998,IIFLSEC,EQ,591684,334873,56.60
20,999,IIHFL,N4,373,340,91.15
20,1000,IIHFL,N5,2344,2240,95.56
20,1001,IIHFL,N7,474,474,100.00
20,1002,IIHFL,N8,32,32,100.00
20,1003,IIHFL,N9,102,100,98.04
20,1004,IIHFL,NA,200,200,100.00
20,1005,IIHFL,NC,50,25,50.00
20,1006,IITL,EQ,2848,2247,78.90
20,1007,IKIO,EQ,96390,47637,49.42
20,1008,IMAGICAA,EQ,1524000,621015,40.75
20,1009,IMC1,N2,3,3,100.00
20,1010,IMFA,EQ,212789,113205,53.20
20,1011,IMPAL,EQ,1493,1232,82.52
20,1012,INCREDFIN,N4,120,120,100.00
20,1013,INDBANK,EQ,165888,83576,50.38
20,1014,INDHOTEL,EQ,5135358,3147625,61.29
20,1015,INDIACEM,EQ,1927249,578709,30.03
20,1016,INDIAGLYCO,EQ,54126,29563,54.62
20,1017,INDIAMART,EQ,113112,42077,37.20
20,1018,INDIANB,EQ,695330,305585,43.95
20,1019,INDIANCARD,EQ,2109,1233,58.46
20,1020,INDIANHUME,EQ,67783,31227,46.07
20,1021,INDIASHLTR,EQ,36635,19003,51.87
20,1022,INDIFRA,SM,14000,12000,85.71
20,1023,INDIGO,EQ,701956,291160,41.48
20,1024,INDIGOPNTS,EQ,96098,73917,76.92
20,1025,INDIGRID,IV,236365,208438,88.18
20,1026,INDIGRID,NB,10,10,100.00
20,1027,INDIGRID,NH,100,100,100.00
20,1028,INDIGRID,NJ,1515,1515,100.00
20,1029,INDIGRID,NL,105,105,100.00
20,1030,INDNIPPON,EQ,18301,5541,30.28
20,1031,INDOAMIN,EQ,450487,140668,31.23
20,1032,INDOBORAX,EQ,46928,26677,56.85
20,1033,INDOCO,EQ,106830,64429,60.31
20,1034,INDORAMA,EQ,93816,50128,53.43
20,1035,INDOSTAR,EQ,211552,141960,67.10
20,1036,INDOTECH,EQ,52119,36924,70.85
20,1037,INDRAMEDCO,EQ,467727,245550,52.50
20,1038,INDSWFTLAB,EQ,680502,488891,71.84
20,1039,INDTERRAIN,EQ,92454,42814,46.31
20,1040,INDUSINDBK,EQ,3981325,2497570,62.73
20,1041,INDUSTOWER,EQ,14995680,5683124,37.90
20,1042,INFIBEAM,EQ,24549181,6385524,26.01
20,1043,INFOBEAN,EQ,16110,9630,59.78
20,1044,INFOLLION,SM,12000,11200,93.33
20,1045,INFRABEES,EQ,40585,29295,72.18
20,1046,INFRAIETF,EQ,88569,43732,49.38
20,1047,INFY,EQ,16173541,11370535,70.30
20,1048,INGERRAND,EQ,57951,25121,43.35
20,1049,INM,SM,14400,13800,95.83
20,1050,INNOVACAP,EQ,23155,9339,40.33
20,1051,INNOVANA,SM,800,800,100.00
20,1052,INNOVATIVE,ST,21000,21000,100.00
20,1053,INOXINDIA,EQ,439790,183888,41.81
20,1054,INOXWIND,EQ,916237,472870,51.61
20,1055,INSECTICID,EQ,57343,27457,47.88
20,1056,INSPIRE,SM,16000,10000,62.50
20,1057,INTELLECT,EQ,619287,124904,20.17
20,1058,INTLCONV,EQ,173306,84050,48.50
20,1059,IOB,EQ,10726885,2080439,19.39
20,1060,IOC,EQ,19347109,5636498,29.13
20,1061,IOLCP,EQ,176500,64782,36.70
20,1062,IONEXCHANG,EQ,557249,215730,38.71
20,1063,IPCALAB,EQ,719341,348282,48.42
20,1064,IPL,EQ,303691,221374,72.89
20,1065,IRB,EQ,22049532,6286254,28.51
20,1066,IRBINVIT,IV,316109,299933,94.88
20,1067,IRCON,EQ,4858822,1346942,27.72
20,1068,IRCTC,EQ,2760799,727412,26.35
20,1069,IREDA,EQ,22634141,7011258,30.98
20,1070,IREDA,N5,439,345,78.59
20,1071,IRFC,EQ,25012121,6738094,26.94
20,1072,IRFC,N4,51,51,100.00
20,1073,IRFC,N8,20,20,100.00
20,1074,IRFC,NA,300,300,100.00
20,1075,IRFC,NE,740,725,97.97
20,1076,IRFC,NG,997,997,100.00
20,1077,IRFC,NI,28,14,50.00
20,1078,IRFC,NJ,1031,931,90.30
20,1079,IRFC,NK,2,1,50.00
20,1080,IRFC,NN,102,102,100.00
20,1081,IRFC,NO,52,51,98.08
20,1082,IRIS,EQ,22725,14536,63.96
20,1083,IRISDOREME,EQ,61680,12245,19.85
20,1084,IRMENERGY,EQ,67473,35218,52.20
20,1085,ISEC,EQ,649055,488813,75.31
20,1086,ISFT,EQ,23458,14815,63.16
20,1087,ISGEC,EQ,119281,65598,54.99
20,1088,ISHAN,ST,48000,48000,100.00
20,1089,ISMTLTD,EQ,1881845,651584,34.62
20,1090,IT,EQ,279828,252729,90.32
20,1091,ITALIANE,SM,2000,2000,100.00
20,1092,ITBEES,EQ,20716835,18380024,88.72
20,1093,ITC,EQ,9973638,6665706,66.83
20,1094,ITDC,EQ,62789,30221,48.13
20,1095,ITDCEM,EQ,1906381,1058376,55.52
20,1096,ITETF,EQ,433190,413535,95.46
20,1097,ITETFADD,EQ,136257,118752,87.15
20,1098,ITI,EQ,667206,150001,22.48
20,1099,ITIETF,EQ,3189950,2610854,81.85
20,1100,IVC,EQ,280412,163079,58.16
20,1101,IVZINGOLD,EQ,538,427,79.37
20,1102,IVZINNIFTY,EQ,98,94,95.92
20,1103,IZMO,EQ,35917,22659,63.09
20,1104,JAGRAN,EQ,192582,86625,44.98
20,1105,JAGSNPHARM,EQ,154255,62826,40.73
20,1106,JAICORPLTD,EQ,412449,129953,31.51
20,1107,JAINAM,SM,10000,10000,100.00
20,1108,JALAN,SM,30000,27000,90.00
20,1109,JAMNAAUTO,EQ,3463689,1252349,36.16
20,1110,JASH,EQ,5305,2453,46.24
20,1111,JAYAGROGN,EQ,58246,39544,67.89
20,1112,JAYBARMARU,EQ,89498,54298,60.67
20,1113,JAYNECOIND,EQ,80765,46709,57.83
20,1114,JAYSREETEA,EQ,44079,23422,53.14
20,1115,JBCHEPHARM,EQ,73678,38460,52.20
20,1116,JBMA,EQ,92570,51257,55.37
20,1117,JCHAC,EQ,42171,17172,40.72
20,1118,JETFREIGHT,EQ,128585,70344,54.71
20,1119,JFLLIFE,SM,10000,6000,60.00
20,1120,JGCHEM,EQ,271075,112615,41.54
20,1121,JINDALPHOT,EQ,8984,5189,57.76
20,1122,JINDALPOLY,EQ,209814,38476,18.34
20,1123,JINDALSAW,EQ,1005136,643666,64.04
20,1124,JINDALSTEL,EQ,1559770,491820,31.53
20,1125,JINDRILL,EQ,423374,119696,28.27
20,1126,JINDWORLD,EQ,45087,29862,66.23
20,1127,JIOFIN,EQ,48921026,16084248,32.88
20,1128,JISLDVREQS,EQ,119882,51447,42.91
20,1129,JISLJALEQS,EQ,3230797,1224139,37.89
20,1130,J&KBANK,EQ,2169196,1040605,47.97
20,1131,JKCEMENT,EQ,160498,125319,78.08
20,1132,JKIL,EQ,70251,34358,48.91
20,1133,JKLAKSHMI,EQ,362500,268247,74.00
20,1134,JKPAPER,EQ,295202,137715,46.65
20,1135,JKTYRE,EQ,264787,149914,56.62
20,1136,JLHL,EQ,96441,60665,62.90
20,1137,JMFINANCIL,EQ,3275771,1351695,41.26
20,1138,JOCIL,EQ,7194,5314,73.87
20,1139,JPASSOCIAT,EQ,20489732,8160329,39.83
20,1140,JPOLYINVST,EQ,8397,4545,54.13
20,1141,JSFB,EQ,165021,86895,52.66
20,1142,JSL,EQ,1243355,690951,55.57
20,1143,JSLL,SM,19080,12600,66.04
20,1144,JSWENERGY,EQ,4629977,2484407,53.66
20,1145,JSWHL,EQ,4807,1778,36.99
20,1146,JSWINFRA,EQ,2121453,939147,44.27
20,1147,JSWSTEEL,EQ,1706563,629638,36.90
20,1148,JTEKTINDIA,EQ,303131,119665,39.48
20,1149,JTLIND,EQ,782553,229703,29.35
20,1150,JUBLFOOD,EQ,1757606,994279,56.57
20,1151,JUBLINDS,EQ,6916,3396,49.10
20,1152,JUBLINGREA,EQ,643238,220838,34.33
20,1153,JUBLPHARMA,EQ,796703,273620,34.34
20,1154,JUNIORBEES,EQ,167595,73558,43.89
20,1155,JUNIPER,EQ,377664,211822,56.09
20,1156,JUSTDIAL,EQ,194419,88026,45.28
20,1157,JWL,EQ,423755,207973,49.08
20,1158,JYOTHYLAB,EQ,868011,392375,45.20
20,1159,JYOTICNC,EQ,361329,222684,61.63
20,1160,K2INFRA,ST,111600,102000,91.40
20,1161,KABRAEXTRU,EQ,100439,35306,35.15
20,1162,KAJARIACER,EQ,328638,261327,79.52
20,1163,KAKATCEM,EQ,3122,1806,57.85
20,1164,KALAMANDIR,EQ,305761,122913,40.20
20,1165,KALYANIFRG,EQ,2955,2452,82.98
20,1166,KALYANKJIL,EQ,2521585,1562555,61.97
20,1167,KAMATHOTEL,EQ,30176,17981,59.59
20,1168,KAMDHENU,EQ,135403,114246,84.37
20,1169,KAMOPAINTS,EQ,268307,162738,60.65
20,1170,KANDARP,SM,4000,4000,100.00
20,1171,KANORICHEM,EQ,87304,39915,45.72
20,1172,KANPRPLA,EQ,28390,18457,65.01
20,1173,KANSAINER,EQ,265130,145768,54.98
20,1174,KAPSTON,EQ,7671,5165,67.33
20,1175,KARNIKA,SM,20800,19200,92.31
20,1176,KARURVYSYA,EQ,1526159,797563,52.26
20,1177,KAUSHALYA,EQ,2112,1405,66.52
20,1178,KAVVERITEL,EQ,31191,18095,58.01
20,1179,KAYA,EQ,6179,4700,76.06
20,1180,KAYNES,EQ,90046,55918,62.10
20,1181,KBCGLOBAL,EQ,11573308,2241558,19.37
20,1182,KCEIL,SM,246000,134000,54.47
20,1183,KCK,ST,8000,8000,100.00
20,1184,KCP,EQ,285981,143949,50.34
20,1185,KCPSUGIND,EQ,143932,60595,42.10
20,1186,KDDL,EQ,20442,10487,51.30
20,1187,KDL,SM,11600,8800,75.86
20,1188,KEC,EQ,357347,125924,35.24
20,1189,KECL,EQ,205458,114405,55.68
20,1190,KEEPLEARN,EQ,29018,29013,99.98
20,1191,KEI,EQ,372639,165729,44.47
20,1192,KEL,SM,12000,9600,80.00
20,1193,KELLTONTEC,EQ,621476,263760,42.44
20,1194,KERNEX,EQ,7706,5026,65.22
20,1195,KESORAMIND,EQ,1416777,961400,67.86
20,1196,KFINTECH,EQ,539315,356172,66.04
20,1197,KHADIM,EQ,23156,15035,64.93
20,1198,KHAICHEM,EQ,179710,76927,42.81
20,1199,KHAITANLTD,EQ,3859,2329,60.35
20,1200,KHANDSE,EQ,5822,2363,40.59
20,1201,KHFM,SM,49600,34100,68.75
20,1202,KICL,EQ,2786,1765,63.35
20,1203,KILITCH,EQ,5910,3263,55.21
20,1204,KIMS,EQ,55233,36113,65.38
20,1205,KINGFA,EQ,5290,3223,60.93
20,1206,KIOCL,EQ,183068,64651,35.32
20,1207,KIRIINDUS,EQ,173510,67222,38.74
20,1208,KIRLOSBROS,EQ,133103,43416,32.62
20,1209,KIRLOSENG,EQ,388189,230871,59.47
20,1210,KIRLOSIND,EQ,2997,2116,70.60
20,1211,KIRLPNU,EQ,75777,41444,54.69
20,1212,KITEX,EQ,129598,48484,37.41
20,1213,KKCL,EQ,36227,28324,78.18
20,1214,KKVAPOW,SM,156,156,100.00
20,1215,KLL,SM,81600,59200,72.55
20,1216,KMSUGAR,EQ,213406,87922,41.20
20,1217,KNAGRI,SM,20800,15200,73.08
20,1218,KNRCON,EQ,383674,183745,47.89
20,1219,KODYTECH,SM,15200,10400,68.42
20,1220,KOHINOOR,EQ,109677,62950,57.40
20,1221,KOKUYOCMLN,EQ,89540,45481,50.79
20,1222,KOLTEPATIL,EQ,244745,92055,37.61
20,1223,KONSTELEC,SM,46000,32000,69.57
20,1224,KONTOR,SM,1200,1200,100.00
20,1225,KOPRAN,EQ,239779,86462,36.06
20,1226,KORE,SM,1500,1500,100.00
20,1227,KOTAKBANK,EQ,4096778,2561438,62.52
20,1228,KOTARISUG,EQ,235468,120482,51.17
20,1229,KOTHARIPET,EQ,108228,49045,45.32
20,1230,KOTHARIPRO,EQ,7637,4271,55.93
20,1231,KOTYARK,SM,10400,7400,71.15
20,1232,KPIGREEN,EQ,498589,280251,56.21
20,1233,KPIL,EQ,204849,109158,53.29
20,1234,KPITTECH,EQ,425891,227009,53.30
20,1235,KPRMILL,EQ,182958,94140,51.45
20,1236,KRBL,EQ,253427,123539,48.75
20,1237,KREBSBIO,EQ,3908,2481,63.49
20,1238,KRISHANA,EQ,61663,41813,67.81
20,1239,KRISHCA,SM,32500,24000,73.85
20,1240,KRISHIVAL,SM,1000,1000,100.00
20,1241,KRISHNADEF,SM,110500,53000,47.96
20,1242,KRITI,EQ,52691,29742,56.45
20,1243,KRITINUT,EQ,53600,21476,40.07
20,1244,KRSNAA,EQ,65447,41654,63.65
20,1245,KRYSTAL,EQ,1508408,123851,8.21
20,1246,KSB,EQ,24519,10035,40.93
20,1247,KSCL,EQ,48023,26219,54.60
20,1248,KSL,EQ,32565,14724,45.21
20,1249,KSOLVES,EQ,30094,16129,53.60
20,1250,KTKBANK,EQ,870410,477981,54.91
20,1251,KTL,SM,24000,21000,87.50
20,1252,KUANTUM,EQ,92133,52909,57.43
20,1253,LALPATHLAB,EQ,230548,129086,55.99
20,1254,LAMBODHARA,EQ,35498,20798,58.59
20,1255,LANDMARK,EQ,66872,32592,48.74
20,1256,LAOPALA,EQ,74580,33625,45.09
20,1257,LASA,EQ,66931,44149,65.96
20,1258,LATENTVIEW,EQ,539308,181584,33.67
20,1259,LAURUSLABS,EQ,2633516,792838,30.11
20,1260,LAWSIKHO,SM,14000,11000,78.57
20,1261,LAXMICOT,EQ,37744,20977,55.58
20,1262,LAXMIMACH,EQ,8418,3063,36.39
20,1263,LEMERITE,SM,52800,36800,69.70
20,1264,LEMONTREE,EQ,1928543,913202,47.35
20,1265,LEXUS,EQ,786598,99081,12.60
20,1266,LGBBROSLTD,EQ,56585,32731,57.84
20,1267,LGBFORGE,EQ,79351,48174,60.71
20,1268,LGHL,EQ,5458,1300,23.82
20,1269,LIBAS,EQ,70730,38732,54.76
20,1270,LICHSGFIN,EQ,5288396,2007526,37.96
20,1271,LICI,EQ,2226633,817205,36.70
20,1272,LICMFGOLD,EQ,190,164,86.32
20,1273,LICNETFGSC,EQ,35642,27452,77.02
20,1274,LICNETFN50,EQ,503,366,72.76
20,1275,LICNETFSEN,EQ,40,32,80.00
20,1276,LICNFNHGP,EQ,2053,1317,64.15
20,1277,LICNMID100,EQ,17002,14301,84.11
20,1278,LIKHITHA,EQ,852404,249377,29.26
20,1279,LINC,EQ,10555,5539,52.48
20,1280,LINCOLN,EQ,37207,19598,52.67
20,1281,LINDEINDIA,EQ,79275,25320,31.94
20,1282,LIQUID,EQ,120348,65610,54.52
20,1283,LIQUID1,EQ,2039,1490,73.08
20,1284,LIQUIDADD,EQ,48174,46557,96.64
20,1285,LIQUIDBEES,EQ,3605775,2448288,67.90
20,1286,LIQUIDCASE,EQ,2525476,1758997,69.65
20,1287,LIQUIDETF,EQ,1218205,919882,75.51
20,1288,LIQUIDIETF,EQ,1291140,1084164,83.97
20,1289,LIQUIDSBI,EQ,3968,2047,51.59
20,1290,LLOYDS,SM,8000,7000,87.50
20,1291,LLOYDSENGG,EQ,4809441,1834051,38.13
20,1292,LLOYDSME,EQ,259828,130548,50.24
20,1293,LODHA,EQ,490464,296658,60.49
20,1294,LOKESHMACH,EQ,409127,207921,50.82
20,1295,LOVABLE,EQ,40487,19496,48.15
20,1296,LOWVOL,EQ,287,284,98.95
20,1297,LOWVOL1,EQ,53051,43692,82.36
20,1298,LOWVOLIETF,EQ,2428281,2300716,94.75
20,1299,LOYALTEX,EQ,441,313,70.98
20,1300,LPDC,EQ,24482,15267,62.36
20,1301,LRRPL,SM,9000,9000,100.00
20,1302,LT,EQ,2291042,1442329,62.96
20,1303,L&TFH,EQ,4608165,2389552,51.85
20,1304,L&TFIN,N5,622,400,64.31
20,1305,L&TFIN,N7,1398,910,65.09
20,1306,L&TFIN,NJ,85,85,100.00
20,1307,L&TFIN,NL,383,378,98.69
20,1308,L&TFIN,NN,736,736,100.00
20,1309,LTFOODS,EQ,771550,273770,35.48
20,1310,LTGILTBEES,EQ,1202442,1052275,87.51
20,1311,LTIM,EQ,1337626,755275,56.46
20,1312,LTTS,EQ,93179,33103,35.53
20,1313,LUMAXIND,EQ,3572,2064,57.78
20,1314,LUMAXTECH,EQ,155610,60268,38.73
20,1315,LUPIN,EQ,762738,383257,50.25
20,1316,LUXIND,EQ,25819,12153,47.07
20,1317,LXCHEM,EQ,995200,364849,36.66
20,1318,LYKALABS,EQ,105620,42625,40.36
20,1319,LYPSAGEMS,EQ,189960,135704,71.44
20,1320,MAANALU,EQ,527429,235271,44.61
20,1321,MADHAVBAUG,SM,2000,2000,100.00
20,1322,MADHUSUDAN,SM,18000,18000,100.00
20,1323,MADRASFERT,EQ,265875,79056,29.73
20,1324,MAFANG,EQ,942445,582205,61.78
20,1325,MAGADSUGAR,EQ,5465,3008,55.04
20,1326,MAGNUM,EQ,134916,99795,73.97
20,1327,MAGSON,SM,6000,6000,100.00
20,1328,MAHABANK,EQ,16604658,3749803,22.58
20,1329,MAHAPEXLTD,EQ,3371,2535,75.20
20,1330,MAHEPC,EQ,82779,43679,52.77
20,1331,MAHESHWARI,EQ,16110,11557,71.74
20,1332,MAHICKRA,SM,6000,6000,100.00
20,1333,MAHKTECH,EQ,852947,711065,83.37
20,1334,MAHLIFE,EQ,339595,168545,49.63
20,1335,MAHLOG,EQ,182080,75313,41.36
20,1336,MAHSCOOTER,EQ,2683,1549,57.73
20,1337,MAHSEAMLES,EQ,149092,73910,49.57
20,1338,MAITHANALL,EQ,55540,25984,46.78
20,1339,MAITREYA,SM,12800,9600,75.00
20,1340,MAKEINDIA,EQ,8441,7506,88.92
20,1341,MAKS,ST,4500,4500,100.00
20,1342,MAL,SM,6400,6400,100.00
20,1343,MALLCOM,EQ,4425,2560,57.85
20,1344,MANAKCOAT,EQ,77342,51235,66.24
20,1345,MANAKSIA,EQ,87600,37004,42.24
20,1346,MANALIPETC,EQ,2226047,1229731,55.24
20,1347,MANAPPURAM,EQ,4079717,1339182,32.83
20,1348,MANGALAM,EQ,12685,8055,63.50
20,1349,MANGCHEFER,EQ,437666,294610,67.31
20,1350,MANGLMCEM,EQ,151654,78499,51.76
20,1351,MANINFRA,EQ,275912,158832,57.57
20,1352,MANKIND,EQ,246608,129177,52.38
20,1353,MANORAMA,EQ,406050,185923,45.79
20,1354,MANORG,EQ,4710,3354,71.21
20,1355,MANYAVAR,EQ,262160,154546,58.95
20,1356,MAPMYINDIA,EQ,33300,17937,53.86
20,1357,MARALOVER,EQ,23839,11346,47.59
20,1358,MARATHON,EQ,41397,18063,43.63
20,1359,MARCO,SM,90000,87000,96.67
20,1360,MARICO,EQ,1357134,845506,62.30
20,1361,MARINE,EQ,185028,131022,70.81
20,1362,MARKSANS,EQ,16035090,3570965,22.27
20,1363,MARUTI,EQ,579183,290341,50.13
20,1364,MASFIN,EQ,135081,69825,51.69
20,1365,MASKINVEST,EQ,993,893,89.93
20,1366,MASPTOP50,EQ,420763,278412,66.17
20,1367,MASTEK,EQ,29476,15018,50.95
20,1368,MATRIMONY,EQ,34923,20030,57.35
20,1369,MAWANASUG,EQ,47578,15373,32.31
20,1370,MAXESTATES,EQ,159209,117025,73.50
20,1371,MAXHEALTH,EQ,1607447,996170,61.97
20,1372,MAXPOSURE,SM,16000,16000,100.00
20,1373,MAYURUNIQ,EQ,35706,21628,60.57
20,1374,MAZDA,EQ,14271,3446,24.15
20,1375,MAZDOCK,EQ,1968028,348232,17.69
20,1376,MBAPL,EQ,16813,11119,66.13
20,1377,MBLINFRA,EQ,73215,44703,61.06
20,1378,MCDOWELL-N,EQ,692591,396036,57.18
20,1379,MCON,SM,4000,4000,100.00
20,1380,MCX,EQ,783497,152166,19.42
20,1381,MDL,ST,4000,4000,100.00
20,1382,MEDANTA,EQ,103360,72453,70.10
20,1383,MEDIASSIST,EQ,104188,41137,39.48
20,1384,MEDICAMEQ,EQ,6141,2840,46.25
20,1385,MEDPLUS,EQ,178439,148134,83.02
20,1386,MEGAFLEX,ST,27000,27000,100.00
20,1387,MEGASOFT,EQ,301516,205089,68.02
20,1388,MEGASTAR,EQ,2204,1393,63.20
20,1389,MEGATHERM,SM,64800,45600,70.37
20,1390,MENONBE,EQ,27062,16761,61.94
20,1391,METROBRAND,EQ,164015,66316,40.43
20,1392,METROPOLIS,EQ,303191,42693,14.08
20,1393,MFSL,EQ,1161258,879208,75.71
20,1394,MGEL,EQ,203910,158437,77.70
20,1395,MGL,EQ,411982,102463,24.87
20,1396,MHHL,SM,10500,9000,85.71
20,1397,MHLXMIRU,EQ,152495,105990,69.50
20,1398,MHRIL,EQ,436646,114678,26.26
20,1399,MICEL,EQ,190644,96892,50.82
20,1400,MICROPRO,SM,8000,6400,80.00
20,1401,MID150BEES,EQ,486674,253716,52.13
20,1402,MIDCAP,EQ,14796,9571,64.69
20,1403,MIDCAPETF,EQ,656773,434483,66.15
20,1404,MIDCAPIETF,EQ,55072,41897,76.08
20,1405,MIDHANI,EQ,547963,180888,33.01
20,1406,MIDQ50ADD,EQ,2797,1959,70.04
20,1407,MIDSELIETF,EQ,18673,15070,80.70
20,1408,MINDACORP,EQ,217685,100413,46.13
20,1409,MINDSPACE,RR,67858,55916,82.40
20,1410,MINDTECK,EQ,655584,220541,33.64
20,1411,MIRCELECTR,EQ,211049,132780,62.91
20,1412,M&M,EQ,1981730,1097363,55.37
20,1413,M&MFIN,EQ,1277406,420151,32.89
20,1414,MMFL,EQ,266879,189613,71.05
20,1415,MMP,EQ,36000,16884,46.90
20,1416,MMTC,EQ,1683671,596693,35.44
20,1417,MNC,EQ,4755,2160,45.43
20,1418,MODIRUBBER,EQ,17984,14799,82.29
20,1419,MODISONLTD,EQ,327401,166869,50.97
20,1420,MOGSEC,EQ,16020,6889,43.00
20,1421,MOHEALTH,EQ,14464,6259,43.27
20,1422,MOHITIND,EQ,12703,8777,69.09
20,1423,MOIL,EQ,3491366,814615,23.33
20,1424,MOL,EQ,1131723,524931,46.38
20,1425,MOLDTECH,EQ,98585,44127,44.76
20,1426,MOLDTKPAC,EQ,30460,17970,59.00
20,1427,MOLOWVOL,EQ,32696,30457,93.15
20,1428,MOM100,EQ,137193,75057,54.71
20,1429,MOM30IETF,EQ,372678,211432,56.73
20,1430,MOM50,EQ,3393,2307,67.99
20,1431,MOMENTUM,EQ,72566,56411,77.74
20,1432,MOMOMENTUM,EQ,57669,38270,66.36
20,1433,MON100,EQ,1039743,578665,55.65
20,1434,MONARCH,EQ,19937,10779,54.07
20,1435,MONIFTY500,EQ,275495,260385,94.52
20,1436,MONOPHARMA,SM,8000,8000,100.00
20,1437,MONQ50,EQ,26337,13156,49.95
20,1438,MONTECARLO,EQ,11996,5095,42.47
20,1439,MOQUALITY,EQ,243,124,51.03
20,1440,MOREALTY,EQ,43022,32803,76.25
20,1441,MOREPENLAB,EQ,5527973,1313238,23.76
20,1442,MOS,SM,508800,118400,23.27
20,1443,MOSMALL250,EQ,94530,62759,66.39
20,1444,MOTHERSON,EQ,29890341,12238352,40.94
20,1445,MOTILALOFS,EQ,328671,233360,71.00
20,1446,MOTISONS,EQ,247947,176839,71.32
20,1447,MOVALUE,EQ,96549,52846,54.73
20,1448,MPHASIS,EQ,671182,324170,48.30
20,1449,MPSLTD,EQ,9670,5468,56.55
20,1450,MRF,EQ,6799,1925,28.31
20,1451,MRO-TEK,EQ,81674,32899,40.28
20,1452,MRPL,EQ,2884823,616821,21.38
20,1453,MSPL,EQ,395357,327580,82.86
20,1454,MSTCLTD,EQ,108228,37236,34.41
20,1455,MSUMI,EQ,22830741,13817056,60.52
20,1456,MTARTECH,EQ,122864,58863,47.91
20,1457,MTNL,EQ,3520197,1071532,30.44
20,1458,MUFIN,EQ,151825,71288,46.95
20,1459,MUFTI,EQ,180599,105057,58.17
20,1460,MUKANDLTD,EQ,320494,123689,38.59
20,1461,MUKKA,EQ,1458694,666480,45.69
20,1462,MUNJALAU,EQ,48505,31242,64.41
20,1463,MUNJALSHOW,EQ,86536,41082,47.47
20,1464,MURUDCERA,EQ,28776,14599,50.73
20,1465,MUTHOOTCAP,EQ,14697,6843,46.56
20,1466,MUTHOOTFIN,EQ,479495,284604,59.35
20,1467,MUTHOOTMF,EQ,227392,101715,44.73
20,1468,MVGJL,EQ,50032,22142,44.26
20,1469,MVKAGRO,SM,50400,44400,88.10
20,1470,MWL,SM,6000,6000,100.00
20,1471,NABARD,N2,20,20,100.00
20,1472,NACLIND,EQ,84545,50107,59.27
20,1473,NAGAFERT,EQ,959666,527459,54.96
20,1474,NAGREEKEXP,EQ,31587,24727,78.28
20,1475,NAHARCAP,EQ,4409,2544,57.70
20,1476,NAHARINDUS,EQ,42919,26509,61.77
20,1477,NAHARPOLY,EQ,11876,7061,59.46
20,1478,NAHARSPING,EQ,28353,17678,62.35
20,1479,NAMAN,ST,147200,147200,100.00
20,1480,NAM-INDIA,EQ,1471461,960567,65.28
20,1481,NATCOPHARM,EQ,472375,260040,55.05
20,1482,NATHBIOGEN,EQ,19066,10168,53.33
20,1483,NATIONALUM,EQ,24435652,6986827,28.59
20,1484,NAUKRI,EQ,176833,93954,53.13
20,1485,NAVA,EQ,151800,67930,44.75
20,1486,NAVIFIN,N5,18,18,100.00
20,1487,NAVIFIN,N7,399,399,100.00
20,1488,NAVIFIN,NC,106,106,100.00
20,1489,NAVIFIN,ND,606,596,98.35
20,1490,NAVINFLUOR,EQ,318346,190750,59.92
20,1491,NAVINIFTY,EQ,507,480,94.67
20,1492,NAVKARCORP,EQ,732089,256549,35.04
20,1493,NAVNETEDUL,EQ,105188,55040,52.33
20,1494,NAZARA,EQ,226486,98551,43.51
20,1495,NBCC,EQ,7608708,3445829,45.29
20,1496,NBIFIN,EQ,919,791,86.07
20,1497,NCC,EQ,4534021,1728289,38.12
20,1498,NCLIND,EQ,177044,86444,48.83
20,1499,NDGL,EQ,193,102,52.85
20,1500,NDL,EQ,2003654,1061427,52.97
20,1501,NDLVENTURE,EQ,16707,6103,36.53
20,1502,NDRAUTO,EQ,4241,2045,48.22
20,1503,NDTV,EQ,158579,74884,47.22
20,1504,NECCLTD,EQ,161225,95375,59.16
20,1505,NECLIFE,EQ,324676,151100,46.54
20,1506,NELCAST,EQ,121174,51264,42.31
20,1507,NELCO,EQ,137016,39036,28.49
20,1508,NEOGEN,EQ,39713,17856,44.96
20,1509,NESCO,EQ,27480,12658,46.06
20,1510,NESTLEIND,EQ,768861,440369,57.28
20,1511,NETF,EQ,10758,6780,63.02
20,1512,NETWEB,EQ,112158,87248,77.79
20,1513,NEULANDLAB,EQ,100046,41699,41.68
20,1514,NEWGEN,EQ,137888,67245,48.77
20,1515,NEWJAISA,SM,63000,51000,80.95
20,1516,NEXT50,EQ,3937,3463,87.96
20,1517,NEXT50IETF,EQ,221750,193329,87.18
20,1518,NEXTMEDIA,EQ,51491,20740,40.28
20,1519,NFL,EQ,2599764,507820,19.53
20,1520,NGIL,EQ,138690,24772,17.86
20,1521,NGLFINE,EQ,8613,3752,43.56
20,1522,NH,EQ,269772,181537,67.29
20,1523,NHAI,N2,900,900,100.00
20,1524,NHAI,N5,15,10,66.67
20,1525,NHAI,N6,851,625,73.44
20,1526,NHAI,N7,400,400,100.00
20,1527,NHAI,N8,6,4,66.67
20,1528,NHAI,N9,73,73,100.00
20,1529,NHAI,NA,3926,3044,77.53
20,1530,NHAI,NE,1,1,100.00
20,1531,NHBTF2014,N6,58,56,96.55
20,1532,NHBTF2023,N6,60,50,83.33
20,1533,NHIT,N1,2900,2150,74.14
20,1534,NHIT,N2,1456,951,65.32
20,1535,NHIT,N3,3776,3776,100.00
20,1536,NHPC,EQ,50348939,14654786,29.11
20,1537,NHPC,N5,61,61,100.00
20,1538,NHPC,N6,460,255,55.43
20,1539,NIACL,EQ,1014554,240318,23.69
20,1540,NIBL,EQ,25753,15707,60.99
20,1541,NIDAN,SM,24000,20000,83.33
20,1542,NIDO,N6,185,185,100.00
20,1543,NIF100BEES,EQ,16748,11987,71.57
20,1544,NIF100IETF,EQ,13819,11172,80.85
20,1545,NIF10GETF,EQ,493,292,59.23
20,1546,NIF5GETF,EQ,1782,1295,72.67
20,1547,NIFITETF,EQ,20734,15214,73.38
20,1548,NIFMID150,EQ,1350,955,70.74
20,1549,NIFTY1,EQ,31580,22039,69.79
20,1550,NIFTY50ADD,EQ,19409,8250,42.51
20,1551,NIFTYBEES,EQ,3797719,3014599,79.38
20,1552,NIFTYBETF,EQ,1973,1241,62.90
20,1553,NIFTYETF,EQ,56955,47573,83.53
20,1554,NIFTYIETF,EQ,2109354,1172300,55.58
20,1555,NIFTYQLITY,EQ,93965,71017,75.58
20,1556,NIITLTD,EQ,323344,157841,48.82
20,1557,NIITMTS,EQ,67959,24829,36.54
20,1558,NILASPACES,EQ,780885,627355,80.34
20,1559,NILKAMAL,EQ,13677,6892,50.39
20,1560,NINSYS,EQ,4744,2876,60.62
20,1561,NIPPOBATRY,EQ,51068,13661,26.75
20,1562,NIRMAN,SM,40200,33000,82.09
20,1563,NITINSPIN,EQ,29533,17651,59.77
20,1564,NITIRAJ,EQ,2085,1675,80.34
20,1565,NLCINDIA,EQ,2671522,884622,33.11
20,1566,NMDC,EQ,13464749,4993448,37.09
20,1567,NOCIL,EQ,458691,171196,37.32
20,1568,NORBTEAEXP,EQ,2092,1938,92.64
20,1569,NOVAAGRI,EQ,267340,144915,54.21
20,1570,NPBET,EQ,532,414,77.82
20,1571,NPST,SM,12000,9300,77.50
20,1572,NRAIL,EQ,35549,33043,92.95
20,1573,NRBBEARING,EQ,223113,79380,35.58
20,1574,NRL,EQ,154539,77833,50.36
20,1575,NSIL,EQ,1686,1086,64.41
20,1576,NSLNISP,EQ,45936225,7328715,15.95
20,1577,NTPC,EQ,15328939,7842957,51.16
20,1578,NTPC,N6,1484,1162,78.30
20,1579,NTPC,N7,81589,78500,96.21
20,1580,NTPC,ND,65,50,76.92
20,1581,NUCLEUS,EQ,54591,15988,29.29
20,1582,NURECA,EQ,85143,44293,52.02
20,1583,NUVAMA,EQ,31973,13719,42.91
20,1584,NUVOCO,EQ,361785,199691,55.20
20,1585,NV20,EQ,49105,42778,87.12
20,1586,NV20BEES,EQ,63621,51702,81.27
20,1587,NV20IETF,EQ,1230684,966396,78.53
20,1588,NXST,RR,157680,132168,83.82
20,1589,NYKAA,EQ,3997081,1976958,49.46
20,1590,OAL,EQ,9422,4607,48.90
20,1591,OBCL,EQ,34402,20019,58.19
20,1592,OBEROIRLTY,EQ,612592,348372,56.87
20,1593,OCCL,EQ,12457,7138,57.30
20,1594,OFSS,EQ,200925,75163,37.41
20,1595,OIL,EQ,4721865,1198129,25.37
20,1596,OLECTRA,EQ,859597,207134,24.10
20,1597,OMAXE,EQ,162257,83663,51.56
20,1598,OMFURN,SM,28800,24000,83.33
20,1599,OMINFRAL,EQ,431676,223860,51.86
20,1600,ONDOOR,SM,1200,600,50.00
20,1601,ONGC,EQ,79082544,22800646,28.83
20,1602,ONMOBILE,EQ,840913,323788,38.50
20,1603,ONWARDTEC,EQ,114563,63126,55.10
20,1604,OPTIEMUS,EQ,64262,29859,46.46
20,1605,ORBTEXP,EQ,8214,4064,49.48
20,1606,ORCHPHARMA,EQ,295899,274273,92.69
20,1607,ORIANA,SM,55800,45900,82.26
20,1608,ORICONENT,EQ,1393807,440108,31.58
20,1609,ORIENTBELL,EQ,16395,7549,46.04
20,1610,ORIENTCEM,EQ,617004,366628,59.42
20,1611,ORIENTCER,EQ,82230,51989,63.22
20,1612,ORIENTELEC,EQ,111728,60275,53.95
20,1613,ORIENTHOT,EQ,338594,173134,51.13
20,1614,ORIENTLTD,EQ,6828,3799,55.64
20,1615,ORIENTPPR,EQ,463359,214879,46.37
20,1616,ORISSAMINE,EQ,12356,3275,26.51
20,1617,ORTINLAB,EQ,9466,5668,59.88
20,1618,OSWALAGRO,EQ,275838,238966,86.63
20,1619,OSWALGREEN,EQ,417263,203518,48.77
20,1620,OWAIS,SM,92800,70400,75.86
20,1621,PAGEIND,EQ,28186,12403,44.00
20,1622,PAISALO,EQ,1572512,967817,61.55
20,1623,PAKKA,EQ,256521,90152,35.14
20,1624,PALASHSECU,EQ,7657,3369,44.00
20,1625,PANACEABIO,EQ,58545,16326,27.89
20,1626,PANACHE,EQ,9043,7409,81.93
20,1627,PANAMAPET,EQ,153570,83192,54.17
20,1628,PANSARI,EQ,2260,1742,77.08
20,1629,PAR,EQ,565457,102724,18.17
20,1630,PARACABLES,EQ,802173,488435,60.89
20,1631,PARADEEP,EQ,748165,283521,37.90
20,1632,PARAGMILK,EQ,938940,460866,49.08
20,1633,PARAGON,SM,2400,2400,100.00
20,1634,PARAS,EQ,165795,55952,33.75
20,1635,PARKHOTELS,EQ,1513977,1190141,78.61
20,1636,PARSVNATH,EQ,541720,366405,67.64
20,1637,PASHUPATI,SM,133600,105600,79.04
20,1638,PASUPTAC,EQ,95689,61295,64.06
20,1639,PATANJALI,EQ,2120288,495729,23.38
20,1640,PATELENG,EQ,4357096,1884219,43.24
20,1641,PATINTLOG,EQ,725834,356356,49.10
20,1642,PAYTM,EQ,1098457,603364,54.93
20,1643,PCBL,EQ,999491,445795,44.60
20,1644,PCHFL,N6,100,100,100.00
20,1645,PCHFL,N8,1000,1000,100.00
20,1646,PCJEWELLER,EQ,1496929,901885,60.25
20,1647,PDMJEPAPER,EQ,110715,49006,44.26
20,1648,PDSL,EQ,43615,27079,62.09
20,1649,PEARLPOLY,EQ,217763,138004,63.37
20,1650,PEL,EQ,799410,284562,35.60
20,1651,PEL,N2,5,5,100.00
20,1652,PEL,N3,10,10,100.00
20,1653,PENIND,EQ,753544,334268,44.36
20,1654,PENINLAND,EQ,335081,153037,45.67
20,1655,PENTAGON,SM,4000,4000,100.00
20,1656,PERFECT,ST,54000,54000,100.00
20,1657,PERSISTENT,EQ,324666,156655,48.25
20,1658,PETRONET,EQ,13839298,4197612,30.33
20,1659,PFC,EQ,10543004,4709381,44.67
20,1660,PFC,N3,90,90,100.00
20,1661,PFC,N5,100,100,100.00
20,1662,PFC,N8,170,130,76.47
20,1663,PFIZER,EQ,14524,10706,73.71
20,1664,PFOCUS,EQ,84928,50667,59.66
20,1665,PGEL,EQ,125469,46519,37.08
20,1666,PGHH,EQ,6501,4172,64.17
20,1667,PGHL,EQ,6047,4139,68.45
20,1668,PGIL,EQ,14691,9552,65.02
20,1669,PGINVIT,IV,360502,326000,90.43
20,1670,PHANTOMFX,SM,26700,20100,75.28
20,1671,PHARMABEES,EQ,3866476,2321280,60.04
20,1672,PHOENIXLTD,EQ,984512,614075,62.37
20,1673,PIDILITIND,EQ,187154,84802,45.31
20,1674,PIIND,EQ,255347,165032,64.63
20,1675,PILANIINVS,EQ,2762,1330,48.15
20,1676,PITTIENG,EQ,59902,29831,49.80
20,1677,PIXTRANS,EQ,8312,4069,48.95
20,1678,PKTEA,EQ,233,191,81.97
20,1679,PLADAINFO,SM,6000,6000,100.00
20,1680,PLASTIBLEN,EQ,17201,6232,36.23
20,1681,PLATIND,EQ,131481,55224,42.00
20,1682,PLAZACABLE,EQ,65588,41373,63.08
20,1683,PNB,EQ,45007324,14732030,32.73
20,1684,PNBGILTS,EQ,560622,198324,35.38
20,1685,PNBHOUSING,EQ,283274,94479,33.35
20,1686,PNC,EQ,28265,21174,74.91
20,1687,PNCINFRA,EQ,647426,325189,50.23
20,1688,POCL,EQ,16102,11391,70.74
20,1689,PODDARMENT,EQ,4134,2371,57.35
20,1690,POKARNA,EQ,107565,60089,55.86
20,1691,POLICYBZR,EQ,1401420,607985,43.38
20,1692,POLYCAB,EQ,342974,157321,45.87
20,1693,POLYMED,EQ,92664,44062,47.55
20,1694,POLYPLEX,EQ,52770,26673,50.55
20,1695,PONNIERODE,EQ,10883,5910,54.30
20,1696,POONAWALLA,EQ,936278,474664,50.70
20,1697,POONAWALLA,N6,18,18,100.00
20,1698,POWERGRID,EQ,9662195,6048148,62.60
20,1699,POWERINDIA,EQ,59916,14656,24.46
20,1700,POWERMECH,EQ,18612,11295,60.69
20,1701,PPAP,EQ,7865,3565,45.33
20,1702,PPL,EQ,35581,22240,62.51
20,1703,PPLPHARMA,EQ,2136351,1075722,50.35
20,1704,PRAJIND,EQ,393946,158235,40.17
20,1705,PRAKASH,EQ,305479,156313,51.17
20,1706,PRATHAM,SM,224000,179200,80.00
20,1707,PRECAM,EQ,86426,38170,44.16
20,1708,PRECISION,SM,4000,4000,100.00
20,1709,PRECWIRE,EQ,209053,90899,43.48
20,1710,PREMEXPLN,EQ,60972,21323,34.97
20,1711,PREMIERPOL,EQ,12202,6263,51.33
20,1712,PRESSTONIC,SM,75200,43200,57.45
20,1713,PRESTIGE,EQ,530342,365230,68.87
20,1714,PRICOLLTD,EQ,212708,95749,45.01
20,1715,PRIMESECU,EQ,170119,143901,84.59
20,1716,PRINCEPIPE,EQ,192744,86051,44.65
20,1717,PRITI,EQ,39823,27033,67.88
20,1718,PRITIKA,SM,14000,12000,85.71
20,1719,PRIVISCL,EQ,13327,9262,69.50
20,1720,PROPEQUITY,SM,1200,1200,100.00
20,1721,PROV,SM,160,160,100.00
20,1722,PROZONER,EQ,256119,122498,47.83
20,1723,PRSMJOHNSN,EQ,148998,65697,44.09
20,1724,PRUDENT,EQ,45200,23556,52.12
20,1725,PSB,EQ,2722040,541123,19.88
20,1726,PSPPROJECT,EQ,134564,66416,49.36
20,1727,PSUBANK,EQ,63089,46337,73.45
20,1728,PSUBANKADD,EQ,12695,9585,75.50
20,1729,PSUBNKBEES,EQ,1709538,1079030,63.12
20,1730,PSUBNKIETF,EQ,317549,226244,71.25
20,1731,PTC,EQ,6727587,3657984,54.37
20,1732,PTCIL,EQ,3489,1772,50.79
20,1733,PTL,EQ,92717,56648,61.10
20,1734,PULZ,SM,6000,6000,100.00
20,1735,PUNJABCHEM,EQ,9724,4094,42.10
20,1736,PURVA,EQ,2008917,604926,30.11
20,1737,PURVFLEXI,SM,49600,48000,96.77
20,1738,PVP,EQ,700595,494907,70.64
20,1739,PVRINOX,EQ,632602,335503,53.04
20,1740,PVSL,EQ,124334,76973,61.91
20,1741,PVTBANIETF,EQ,2855519,2702418,94.64
20,1742,PVTBANKADD,EQ,15984,8435,52.77
20,1743,PYRAMID,EQ,34063,15524,45.57
20,1744,QFIL,SM,6000,4000,66.67
20,1745,QGOLDHALF,EQ,61254,40461,66.05
20,1746,QMSMEDI,SM,14000,9000,64.29
20,1747,QNIFTY,EQ,399,376,94.24
20,1748,QUAL30IETF,EQ,16658,16116,96.75
20,1749,QUESS,EQ,364432,169311,46.46
20,1750,QUICKHEAL,EQ,89559,35336,39.46
20,1751,QUICKTOUCH,SM,7000,5500,78.57
20,1752,RACE,EQ,8400,6619,78.80
20,1753,RADHIKAJWE,EQ,532387,221329,41.57
20,1754,RADIANTCMS,EQ,90610,51122,56.42
20,1755,RADICO,EQ,387795,204800,52.81
20,1756,RADIOCITY,EQ,756254,218145,28.85
20,1757,RADIOCITY,P1,12,12,100.00
20,1758,RADIOWALLA,ST,208000,196800,94.62
20,1759,RAILTEL,EQ,1503306,471124,31.34
20,1760,RAIN,EQ,1596354,572216,35.85
20,1761,RAINBOW,EQ,28348,15942,56.24
20,1762,RAJESHEXPO,EQ,633587,286443,45.21
20,1763,RAJRATAN,EQ,149315,88979,59.59
20,1764,RAJSREESUG,EQ,82970,57017,68.72
20,1765,RALLIS,EQ,720272,215849,29.97
20,1766,RAMANEWS,EQ,1304407,1026035,78.66
20,1767,RAMAPHO,EQ,3611,1569,43.45
20,1768,RAMASTEEL,EQ,14712593,6605572,44.90
20,1769,RAMCOCEM,EQ,618095,259808,42.03
20,1770,RAMCOIND,EQ,95289,42092,44.17
20,1771,RAMCOSYS,EQ,696236,189647,27.24
20,1772,RAMKY,EQ,70617,34188,48.41
20,1773,RAMRAT,EQ,1736958,376293,21.66
20,1774,RANASUG,EQ,590298,219182,37.13
20,1775,RANEENGINE,EQ,10754,5852,54.42
20,1776,RANEHOLDIN,EQ,27259,18047,66.21
20,1777,RATEGAIN,EQ,477613,290253,60.77
20,1778,RATNAMANI,EQ,37182,25988,69.89
20,1779,RATNAVEER,EQ,181838,60011,33.00
20,1780,RAYMOND,EQ,63731,28652,44.96
20,1781,RBA,EQ,2088279,1466407,70.22
20,1782,RBL,EQ,7347,2174,29.59
20,1783,RBLBANK,EQ,7262079,2929899,40.35
20,1784,RBMINFRA,ST,14000,13000,92.86
20,1785,RBZJEWEL,EQ,91794,68750,74.90
20,1786,RCDL,SM,414000,300000,72.46
20,1787,RCF,EQ,2148877,662618,30.84
20,1788,RECLTD,EQ,12115039,4459445,36.81
20,1789,RECLTD,N6,500,500,100.00
20,1790,RECLTD,N9,2525,1880,74.46
20,1791,RECLTD,ND,20,20,100.00
20,1792,RECLTD,NF,850,850,100.00
20,1793,RECLTD,NG,100,50,50.00
20,1794,RECLTD,NH,21,21,100.00
20,1795,RECLTD,NI,1,1,100.00
20,1796,REDINGTON,EQ,2335512,1058587,45.33
20,1797,REDTAPE,EQ,70126,34998,49.91
20,1798,REFEX,EQ,635923,392632,61.74
20,1799,RELAXO,EQ,54634,23300,42.65
20,1800,RELCHEMQ,EQ,49755,17775,35.73
20,1801,RELIANCE,EQ,4683092,2926710,62.50
20,1802,RELIGARE,EQ,1044306,783633,75.04
20,1803,RELINFRA,EQ,5149489,2625032,50.98
20,1804,REMUS,SM,925,825,89.19
20,1805,RENUKA,EQ,3848137,1522553,39.57
20,1806,REPCOHOME,EQ,818796,185818,22.69
20,1807,REPL,EQ,8865,5100,57.53
20,1808,REPRO,EQ,16461,9808,59.58
20,1809,RESPONIND,EQ,35807,10744,30.01
20,1810,REXPIPES,SM,8000,8000,100.00
20,1811,RGL,EQ,177692,71286,40.12
20,1812,RHIM,EQ,525281,345158,65.71
20,1813,RICOAUTO,EQ,2123423,701907,33.06
20,1814,RIIL,EQ,148638,33460,22.51
20,1815,RILINFRA,SM,25200,23000,91.27
20,1816,RISHABH,EQ,47455,20122,42.40
20,1817,RITCO,EQ,270842,121158,44.73
20,1818,RITES,EQ,919472,267898,29.14
20,1819,RITEZONE,SM,3200,3200,100.00
20,1820,RKDL,EQ,46000,28725,62.45
20,1821,RKEC,EQ,122010,83133,68.14
20,1822,RKFORGE,EQ,938719,284473,30.30
20,1823,RKSWAMY,EQ,195693,89664,45.82
20,1824,RMDRIP,SM,6000,6000,100.00
20,1825,RML,EQ,24478,18024,73.63
20,1826,ROCKINGDCE,SM,4000,4000,100.00
20,1827,ROHLTD,EQ,72535,37251,51.36
20,1828,ROLEXRINGS,EQ,61047,51073,83.66
20,1829,ROML,EQ,3120,1645,52.72
20,1830,ROSSARI,EQ,83315,33492,40.20
20,1831,ROSSELLIND,EQ,22353,11864,53.08
20,1832,ROTO,EQ,50500,21871,43.31
20,1833,ROUTE,EQ,78302,41549,53.06
20,1834,ROXHITECH,SM,91200,48000,52.63
20,1835,RPGLIFE,EQ,14596,7428,50.89
20,1836,RPSGVENT,EQ,28059,18183,64.80
20,1837,RPTECH,EQ,90783,43964,48.43
20,1838,RRKABEL,EQ,89145,56375,63.24
20,1839,RSWM,EQ,47348,21494,45.40
20,1840,RSYSTEMS,EQ,70193,47144,67.16
20,1841,RTNINDIA,EQ,2919123,706373,24.20
20,1842,RUBYMILLS,EQ,7684,4552,59.24
20,1843,RUCHINFRA,EQ,150100,102126,68.04
20,1844,RUCHIRA,EQ,36194,18449,50.97
20,1845,RUPA,EQ,93904,53668,57.15
20,1846,RUSHIL,EQ,39169,19956,50.95
20,1847,RUSTOMJEE,EQ,150213,51341,34.18
20,1848,RVNL,EQ,9732040,2772598,28.49
20,1849,SAAKSHI,SM,13200,10800,81.82
20,1850,SADBHAV,EQ,2056024,698648,33.98
20,1851,SADHAV,SM,528000,306000,57.95
20,1852,SADHNANIQ,EQ,127853,79115,61.88
20,1853,SAFARI,EQ,104975,79986,76.20
20,1854,SAGCEM,EQ,123203,58731,47.67
20,1855,SAH,EQ,123139,87465,71.03
20,1856,SAHAJ,SM,4000,4000,100.00
20,1857,SAHANA,SM,14500,10500,72.41
20,1858,SAHYADRI,EQ,1670,902,54.01
20,1859,SAIFL,SM,7200,5600,77.78
20,1860,SAIL,EQ,30401301,9048246,29.76
20,1861,SAKAR,EQ,16121,10112,62.73
20,1862,SAKHTISUG,EQ,293129,175986,60.04
20,1863,SAKSOFT,EQ,166046,76844,46.28
20,1864,SAKUMA,EQ,257615,161568,62.72
20,1865,SALASAR,EQ,4147832,1830014,44.12
20,1866,SALONA,EQ,472,423,89.62
20,1867,SALZERELEC,EQ,87743,54217,61.79
20,1868,SAMHI,EQ,1290636,873535,67.68
20,1869,SANDESH,EQ,829,515,62.12
20,1870,SANDHAR,EQ,584827,133890,22.89
20,1871,SANDUMA,EQ,255179,133532,52.33
20,1872,SANGAMIND,EQ,25854,10200,39.45
20,1873,SANGANI,SM,72000,48000,66.67
20,1874,SANGHIIND,EQ,233571,119522,51.17
20,1875,SANGHVIMOV,EQ,360978,145673,40.36
20,1876,SANOFI,EQ,19063,11934,62.60
20,1877,SANSERA,EQ,122053,85605,70.14
20,1878,SAPPHIRE,EQ,224282,172684,76.99
20,1879,SARDAEN,EQ,514435,239690,46.59
20,1880,SAREGAMA,EQ,2358108,802866,34.05
20,1881,SARLAPOLY,EQ,120193,59577,49.57
20,1882,SARTELE,SM,150000,80000,53.33
20,1883,SASKEN,EQ,46114,9413,20.41
20,1884,SASTASUNDR,EQ,27127,14091,51.94
20,1885,SATIA,EQ,1029187,652645,63.41
20,1886,SATIN,EQ,275031,140864,51.22
20,1887,SATINDLTD,EQ,408087,141306,34.63
20,1888,SAURASHCEM,EQ,317910,182979,57.56
20,1889,SBC,EQ,4500904,2013971,44.75
20,1890,SBCL,EQ,50043,22704,45.37
20,1891,SBFC,EQ,1809724,851120,47.03
20,1892,SBGLP,EQ,240378,74368,30.94
20,1893,SBICARD,EQ,1013260,425266,41.97
20,1894,SBIETFCON,EQ,3131,2746,87.70
20,1895,SBIETFIT,EQ,45037,37192,82.58
20,1896,SBIETFPB,EQ,49187,37796,76.84
20,1897,SBIETFQLTY,EQ,2286,1931,84.47
20,1898,SBILIFE,EQ,717750,342797,47.76
20,1899,SBIN,EQ,13338991,5769212,43.25
20,1900,SCHAEFFLER,EQ,78947,59890,75.86
20,1901,SCHAND,EQ,93810,54123,57.69
20,1902,SCI,EQ,1275461,430518,33.75
20,1903,SCILAL,EQ,2525006,1112874,44.07
20,1904,SCML,SM,50000,42000,84.00
20,1905,SCPL,EQ,25066,9520,37.98
20,1906,SDBL,EQ,596292,189566,31.79
20,1907,SDL24BEES,EQ,2198,1778,80.89
20,1908,SDL26BEES,EQ,1536,1524,99.22
20,1909,SECMARK,EQ,3451,2274,65.89
20,1910,SECURCRED,EQ,52104,34557,66.32
20,1911,SEL,ST,9600,9600,100.00
20,1912,SELAN,EQ,1760021,249922,14.20
20,1913,SELMC,EQ,13874,7571,54.57
20,1914,SEMAC,EQ,6950,2779,39.99
20,1915,SENCO,EQ,6037379,779282,12.91
20,1916,SENSEXADD,EQ,1715,885,51.60
20,1917,SENSEXETF,EQ,7325,5866,80.08
20,1918,SENSEXIETF,EQ,4488,2962,66.00
20,1919,SEPC,EQ,5708135,3170334,55.54
20,1920,SEQUENT,EQ,749346,296394,39.55
20,1921,SERVICE,SM,4000,4000,100.00
20,1922,SERVOTECH,EQ,817440,467197,57.15
20,1923,SESHAPAPER,EQ,17947,9660,53.83
20,1924,SETCO,EQ,694428,469048,67.54
20,1925,SETF10GILT,EQ,9592,9318,97.14
20,1926,SETFGOLD,EQ,3251281,2753180,84.68
20,1927,SETFNIF50,EQ,411938,375131,91.06
20,1928,SETFNIFBK,EQ,56154,35221,62.72
20,1929,SETFNN50,EQ,29655,24812,83.67
20,1930,SFL,EQ,57956,31311,54.03
20,1931,SGBAPR28I,GB,340,325,95.59
20,1932,SGBAUG24,GB,134,108,80.60
20,1933,SGBAUG27,GB,449,314,69.93
20,1934,SGBAUG28V,GB,1510,1235,81.79
20,1935,SGBAUG29V,GB,138,99,71.74
20,1936,SGBAUG30,GB,2238,1075,48.03
20,1937,SGBD29VIII,GB,77,69,89.61
20,1938,SGBDC27VII,GB,198,177,89.39
20,1939,SGBDE30III,GB,472,371,78.60
20,1940,SGBDE31III,GB,5915,3896,65.87
20,1941,SGBDEC2513,GB,6,6,100.00
20,1942,SGBDEC25XI,GB,1,1,100.00
20,1943,SGBDEC26,GB,7,7,100.00
20,1944,SGBFEB27,GB,20,19,95.00
20,1945,SGBFEB28IX,GB,3,3,100.00
20,1946,SGBFEB29XI,GB,215,185,86.05
20,1947,SGBFEB32IV,GB,7696,5082,66.03
20,1948,SGBJ28VIII,GB,133,79,59.40
20,1949,SGBJAN26,GB,7,7,100.00
20,1950,SGBJAN27,GB,2,2,100.00
20,1951,SGBJAN29IX,GB,778,462,59.38
20,1952,SGBJAN29X,GB,101,77,76.24
20,1953,SGBJAN30IX,GB,385,219,56.88
20,1954,SGBJU29III,GB,392,365,93.11
20,1955,SGBJUL25,GB,90,81,90.00
20,1956,SGBJUL27,GB,17,13,76.47
20,1957,SGBJUL28IV,GB,922,841,91.21
20,1958,SGBJUL29IV,GB,706,654,92.63
20,1959,SGBJUN27,GB,2,2,100.00
20,1960,SGBJUN28,GB,303,216,71.29
20,1961,SGBJUN29II,GB,1112,886,79.68
20,1962,SGBJUN30,GB,161,110,68.32
20,1963,SGBJUN31I,GB,2398,1628,67.89
20,1964,SGBMAR25,GB,154,126,81.82
20,1965,SGBMAR28X,GB,48,48,100.00
20,1966,SGBMAR30X,GB,68,56,82.35
20,1967,SGBMAR31IV,GB,442,300,67.87
20,1968,SGBMAY25,GB,248,222,89.52
20,1969,SGBMAY26,GB,3,3,100.00
20,1970,SGBMAY28,GB,508,383,75.39
20,1971,SGBMAY29I,GB,521,377,72.36
20,1972,SGBMR29XII,GB,585,431,73.68
20,1973,SGBN28VIII,GB,169,114,67.46
20,1974,SGBNOV24,GB,391,382,97.70
20,1975,SGBNOV25,GB,2,2,100.00
20,1976,SGBNOV258,GB,1,1,100.00
20,1977,SGBNOV25IX,GB,4,4,100.00
20,1978,SGBNOV25VI,GB,1,1,100.00
20,1979,SGBNOV26,GB,20,11,55.00
20,1980,SGBNV29VII,GB,198,144,72.73
20,1981,SGBOC28VII,GB,288,231,80.21
20,1982,SGBOCT25,GB,19,11,57.89
20,1983,SGBOCT25IV,GB,3,3,100.00
20,1984,SGBOCT25V,GB,3,3,100.00
20,1985,SGBOCT26,GB,10,10,100.00
20,1986,SGBOCT27,GB,78,74,94.87
20,1987,SGBOCT27VI,GB,279,268,96.06
20,1988,SGBSEP24,GB,17,16,94.12
20,1989,SGBSEP27,GB,51,51,100.00
20,1990,SGBSEP28VI,GB,289,266,92.04
20,1991,SGBSEP29VI,GB,485,354,72.99
20,1992,SGBSEP31II,GB,2332,1679,72.00
20,1993,SGIL,EQ,9825,6785,69.06
20,1994,SGL,EQ,32770,11303,34.49
20,1995,SHAH,EQ,2045809,1229855,60.12
20,1996,SHAILY,EQ,335692,142222,42.37
20,1997,SHALBY,EQ,78856,31123,39.47
20,1998,SHALPAINTS,EQ,67204,32625,48.55
20,1999,SHANKARA,EQ,65045,33361,51.29
20,2000,SHANTIGEAR,EQ,24648,13957,56.63
20,2001,SHARDACROP,EQ,123591,47752,38.64
20,2002,SHARDAMOTR,EQ,281268,87987,31.28
20,2003,SHAREINDIA,EQ,81838,36620,44.75
20,2004,SHAREINDIA,W1,495,489,98.79
20,2005,SHARIABEES,EQ,4837,2544,52.59
20,2006,SHEETAL,SM,26000,10000,38.46
20,2007,SHEMAROO,EQ,64745,31686,48.94
20,2008,SHERA,SM,36000,27000,75.00
20,2009,SHIGAN,SM,10500,10500,100.00
20,2010,SHILPAMED,EQ,985861,378165,38.36
20,2011,SHIVALIK,EQ,16745,5718,34.15
20,2012,SHIVAMAUTO,EQ,80098,49573,61.89
20,2013,SHIVAMILLS,EQ,34845,13289,38.14
20,2014,SHK,EQ,132080,57055,43.20
20,2015,SHOPERSTOP,EQ,30515,16596,54.39
20,2016,SHRADHA,EQ,28369,18752,66.10
20,2017,SHREDIGCEM,EQ,365668,151394,41.40
20,2018,SHREECEM,EQ,12999,5914,45.50
20,2019,SHREEKARNI,SM,57600,37200,64.58
20,2020,SHREEOSFM,SM,16000,14000,87.50
20,2021,SHREEPUSHK,EQ,43117,26197,60.76
20,2022,SHRENIK,EQ,3096445,1586306,51.23
20,2023,SHREYANIND,EQ,9880,5339,54.04
20,2024,SHREYAS,EQ,59455,28761,48.37
20,2025,SHRIPISTON,EQ,89244,41119,46.07
20,2026,SHRIRAMFIN,EQ,806605,405261,50.24
20,2027,SHRIRAMFIN,YW,385,375,97.40
20,2028,SHRIRAMFIN,Z9,50,50,100.00
20,2029,SHRIRAMPPS,EQ,2622836,1072573,40.89
20,2030,SHRITECH,SM,8000,8000,100.00
20,2031,SHUBHLAXMI,SM,3000,3000,100.00
20,2032,SHYAMMETL,EQ,241110,100817,41.81
20,2033,SHYAMTEL,EQ,4571,4571,100.00
20,2034,SIEMENS,EQ,267334,149596,55.96
20,2035,SIGACHI,EQ,700411,364201,52.00
20,2036,SIGIND,EQ,20855,13737,65.87
20,2037,SIGMA,EQ,9863,4760,48.26
20,2038,SIGNATURE,EQ,420632,49210,11.70
20,2039,SIGNORIA,SM,22000,18000,81.82
20,2040,SIGNPOST,EQ,135340,52979,39.15
20,2041,SIKKO,EQ,10642,7655,71.93
20,2042,SIL,EQ,68467,31642,46.21
20,2043,SILINV,EQ,4980,2896,58.15
20,2044,SILLYMONKS,EQ,4324,3515,81.29
20,2045,SILVER,EQ,417596,352522,84.42
20,2046,SILVER1,EQ,45748,38072,83.22
20,2047,SILVERADD,EQ,33420,29677,88.80
20,2048,SILVERBEES,EQ,4969587,3433049,69.08
20,2049,SILVERETF,EQ,175072,121779,69.56
20,2050,SILVERIETF,EQ,3160241,3035935,96.07
20,2051,SILVERTUC,EQ,20428,2778,13.60
20,2052,SILVRETF,EQ,642647,628859,97.85
20,2053,SIMBHALS,EQ,49914,31675,63.46
20,2054,SINCLAIR,EQ,55629,36010,64.73
20,2055,SINDHUTRAD,EQ,1397614,928539,66.44
20,2056,SINTERCOM,EQ,4061,3356,82.64
20,2057,SIRCA,EQ,59822,31217,52.18
20,2058,SIS,EQ,55847,30021,53.76
20,2059,SIYSIL,EQ,24767,12833,51.81
20,2060,SJLOGISTIC,SM,48000,33000,68.75
20,2061,SJS,EQ,55372,37592,67.89
20,2062,SJVN,EQ,19899223,5371947,27.00
20,2063,SKFINDIA,EQ,12331,6918,56.10
20,2064,SKIPPER,EQ,553777,233112,42.09
20,2065,SKIPPERPP,E1,3837,3199,83.37
20,2066,SKMEGGPROD,EQ,130908,64856,49.54
20,2067,SKP,SM,6500,3500,53.85
20,2068,SMALLCAP,EQ,204817,151544,73.99
20,2069,SMARTLINK,EQ,7824,5578,71.29
20,2070,SMCGLOBAL,EQ,439031,209433,47.70
20,2071,SMLISUZU,EQ,27271,16246,59.57
20,2072,SMSLIFE,EQ,33825,14504,42.88
20,2073,SMSPHARMA,EQ,556805,173829,31.22
20,2074,SMVD,SM,4040,4040,100.00
20,2075,SNOWMAN,EQ,1318379,428175,32.48
20,2076,SOBHA,EQ,123584,44232,35.79
20,2077,SOLARA,EQ,536274,109523,20.42
20,2078,SOLARINDS,EQ,104206,42337,40.63
20,2079,SOLEX,SM,51400,33400,64.98
20,2080,SOMANYCERA,EQ,23115,12015,51.98
20,2081,SOMATEX,EQ,20106,9410,46.80
20,2082,SONACOMS,EQ,1533800,451447,29.43
20,2083,SONAMAC,SM,30000,25000,83.33
20,2084,SONAMLTD,EQ,12150,7631,62.81
20,2085,SONATSOFTW,EQ,608393,417746,68.66
20,2086,SOTL,EQ,2193196,496289,22.63
20,2087,SOUTHBANK,EQ,18325816,6973000,38.05
20,2088,SOUTHWEST,EQ,62481,43217,69.17
20,2089,SPAL,EQ,30479,17554,57.59
20,2090,SPANDANA,EQ,67311,28387,42.17
20,2091,SPCENET,EQ,602456,287174,47.67
20,2092,SPECIALITY,EQ,47841,22117,46.23
20,2093,SPECTRUM,SM,1000,875,87.50
20,2094,SPECTSTM,SM,8800,7200,81.82
20,2095,SPENCERS,EQ,162356,70013,43.12
20,2096,SPIC,EQ,906680,494477,54.54
20,2097,SPLIL,EQ,23698,17254,72.81
20,2098,SPLPETRO,EQ,23541,9740,41.37
20,2099,SPMLINFRA,EQ,145043,99250,68.43
20,2100,SPORTKING,EQ,15887,11333,71.34
20,2101,SREEL,EQ,5614,2197,39.13
20,2102,SRF,EQ,473443,291348,61.54
20,2103,SRGHFL,EQ,9330,2697,28.91
20,2104,SRHHYPOLTD,EQ,11481,6192,53.93
20,2105,SRIVASAVI,SM,7000,7000,100.00
20,2106,SSFL,SM,23000,15000,65.22
20,2107,SSWL,EQ,930303,325789,35.02
20,2108,STAR,EQ,134717,77104,57.23
20,2109,STARCEMENT,EQ,298115,121113,40.63
20,2110,STARHEALTH,EQ,236066,144917,61.39
20,2111,STARPAPER,EQ,11892,4981,41.89
20,2112,STCINDIA,EQ,91099,32495,35.67
20,2113,STEELCAS,EQ,11964,5657,47.28
20,2114,STEELCITY,EQ,35065,23191,66.14
20,2115,STEELXIND,EQ,3452818,1713103,49.61
20,2116,STEL,EQ,32756,9219,28.14
20,2117,STERTOOLS,EQ,43347,11912,27.48
20,2118,STLTECH,EQ,12324529,1929337,15.65
20,2119,STOVEKRAFT,EQ,42603,16622,39.02
20,2120,STYLAMIND,EQ,20811,8372,40.23
20,2121,STYRENIX,EQ,20201,11619,57.52
20,2122,SUBEXLTD,EQ,5739141,2373873,41.36
20,2123,SUBROS,EQ,370870,156304,42.15
20,2124,SUDARSCHEM,EQ,143340,63867,44.56
20,2125,SUKHJITS,EQ,8945,6355,71.05
20,2126,SULA,EQ,669310,270756,40.45
20,2127,SUMICHEM,EQ,139220,59215,42.53
20,2128,SUMMITSEC,EQ,2279,1322,58.01
20,2129,SUNCLAY,EQ,14894,12821,86.08
20,2130,SUNDARAM,EQ,3941460,1088438,27.62
20,2131,SUNDARMFIN,EQ,100172,44550,44.47
20,2132,SUNDARMHLD,EQ,129074,88166,68.31
20,2133,SUNDRMBRAK,EQ,458,320,69.87
20,2134,SUNDRMFAST,EQ,315659,285095,90.32
20,2135,SUNFLAG,EQ,185129,71550,38.65
20,2136,SUNPHARMA,EQ,2058697,1495764,72.66
20,2137,SUNREST,SM,1600,1600,100.00
20,2138,SUNTECK,EQ,217675,119861,55.06
20,2139,SUNTV,EQ,601849,202055,33.57
20,2140,SUPERHOUSE,EQ,11943,7266,60.84
20,2141,SUPRAJIT,EQ,101218,48130,47.55
20,2142,SUPREMEIND,EQ,53861,22415,41.62
20,2143,SUPREMEPWR,SM,142000,96000,67.61
20,2144,SUPRIYA,EQ,142995,66068,46.20
20,2145,SURAJEST,EQ,157226,75074,47.75
20,2146,SURANASOL,EQ,904891,515640,56.98
20,2147,SURANI,SM,1600,1600,100.00
20,2148,SURYALAXMI,EQ,5727,3349,58.48
20,2149,SURYAROSNI,EQ,103926,50955,49.03
20,2150,SURYODAY,EQ,1033546,417642,40.41
20,2151,SUTLEJTEX,EQ,83508,47889,57.35
20,2152,SUULD,EQ,344224,215377,62.57
20,2153,SUVENPHAR,EQ,107056,56268,52.56
20,2154,SVPGLOB,EQ,118449,109112,92.12
20,2155,SWANENERGY,EQ,1034308,555481,53.71
20,2156,SWARAJ,SM,1000,1000,100.00
20,2157,SWARAJENG,EQ,18091,11494,63.53
20,2158,SWASTIK,SM,2400,1200,50.00
20,2159,SWELECTES,EQ,136754,70230,51.35
20,2160,SWSOLAR,EQ,3238207,1935050,59.76
20,2161,SYMPHONY,EQ,119047,63440,53.29
20,2162,SYNGENE,EQ,733967,346010,47.14
20,2163,SYNOPTICS,SM,9000,6000,66.67
20,2164,SYRMA,EQ,224594,123020,54.77
20,2165,SYSTANGO,SM,77200,58400,75.65
20,2166,TAC,ST,85200,78000,91.55
20,2167,TAINWALCHM,EQ,7150,2956,41.34
20,2168,TAJGVK,EQ,222287,75547,33.99
20,2169,TAKE,EQ,239126,136528,57.09
20,2170,TANLA,EQ,772815,145565,18.84
20,2171,TAPIFRUIT,SM,3750,3000,80.00
20,2172,TARACHAND,EQ,252154,189719,75.24
20,2173,TARSONS,EQ,41487,20252,48.82
20,2174,TASTYBITE,EQ,2331,1371,58.82
20,2175,TATACAP,N6,489,468,95.71
20,2176,TATACAP,N8,100,100,100.00
20,2177,TATACAP,NA,10,10,100.00
20,2178,TATACAP,NC,100,100,100.00
20,2179,TATACAPHSG,N4,1010,1010,100.00
20,2180,TATACAPHSG,N6,170,170,100.00
20,2181,TATACAPHSG,N8,30,30,100.00
20,2182,TATACAPHSG,NA,83,83,100.00
20,2183,TATACAPHSG,NB,1,1,100.00
20,2184,TATACHEM,EQ,1695444,347239,20.48
20,2185,TATACOMM,EQ,520016,246354,47.37
20,2186,TATACONSUM,EQ,1051408,566335,53.86
20,2187,TATAELXSI,EQ,80626,40194,49.85
20,2188,TATAGOLD,EQ,3673682,2718408,74.00
20,2189,TATAMOTORS,EQ,9574762,4345354,45.38
20,2190,TATAMTRDVR,EQ,1155220,705932,61.11
20,2191,TATAPOWER,EQ,14662756,3437549,23.44
20,2192,TATASTEEL,EQ,41391261,11844067,28.61
20,2193,TATATECH,EQ,1259361,729301,57.91
20,2194,TATSILV,EQ,548022,468404,85.47
20,2195,TATVA,EQ,15450,6183,40.02
20,2196,TBZ,EQ,656282,324776,49.49
20,2197,TCI,EQ,37530,18024,48.03
20,2198,TCIEXP,EQ,35093,16646,47.43
20,2199,TCL,SM,104000,75200,72.31
20,2200,TCNSBRANDS,EQ,61129,24312,39.77
20,2201,TCPLPACK,EQ,1427,878,61.53
20,2202,TCS,EQ,3051420,2040122,66.86
20,2203,TDPOWERSYS,EQ,189020,96819,51.22
20,2204,TEAMLEASE,EQ,49745,30515,61.34
20,2205,TECH,EQ,133675,115802,86.63
20,2206,TECHLABS,SM,24000,20000,83.33
20,2207,TECHM,EQ,2085459,1284016,61.57
20,2208,TECHNOE,EQ,304624,143885,47.23
20,2209,TEGA,EQ,136187,47802,35.10
20,2210,TEJASNET,EQ,1275586,247852,19.43
20,2211,TEMBO,EQ,29682,3584,12.07
20,2212,TEXINFRA,EQ,271341,116152,42.81
20,2213,TEXMOPIPES,EQ,60094,41863,69.66
20,2214,TEXRAIL,EQ,964530,477454,49.50
20,2215,TFCILTD,EQ,793154,527638,66.52
20,2216,TFL,EQ,66381,37226,56.08
20,2217,TGBHOTELS,EQ,57653,43028,74.63
20,2218,TGL,ST,2850000,2844000,99.79
20,2219,THANGAMAYL,EQ,43130,31503,73.04
20,2220,THEJO,EQ,14466,8274,57.20
20,2221,THEMISMED,EQ,50697,26180,51.64
20,2222,THERMAX,EQ,135718,59179,43.60
20,2223,THOMASCOOK,EQ,4014906,3201254,79.73
20,2224,THYROCARE,EQ,28307,18604,65.72
20,2225,TI,EQ,412930,188550,45.66
20,2226,TIDEWATER,EQ,20276,9283,45.78
20,2227,TIIL,EQ,14014,7394,52.76
20,2228,TIINDIA,EQ,277306,224138,80.83
20,2229,TIMETECHNO,EQ,1350395,571285,42.31
20,2230,TIMKEN,EQ,51199,25466,49.74
20,2231,TIPSINDLTD,EQ,253766,170811,67.31
20,2232,TIRUMALCHM,EQ,3298825,991046,30.04
20,2233,TIRUPATIFL,EQ,2362227,1035543,43.84
20,2234,TITAGARH,EQ,2704539,708279,26.19
20,2235,TITAN,EQ,1116890,577524,51.71
20,2236,TMB,EQ,42369,22303,52.64
20,2237,TNIDETF,EQ,69104,59727,86.43
20,2238,TNPETRO,EQ,270359,84911,31.41
20,2239,TNPL,EQ,54241,30363,55.98
20,2240,TOKYOPLAST,EQ,16668,9919,59.51
20,2241,TORNTPHARM,EQ,119210,59111,49.59
20,2242,TORNTPOWER,EQ,766057,343524,44.84
20,2243,TOTAL,EQ,12518,10331,82.53
20,2244,TOUCHWOOD,EQ,860,588,68.37
20,2245,TPLPLASTEH,EQ,657611,260905,39.67
20,2246,TRACXN,EQ,323719,150023,46.34
20,2247,TRANSTEEL,SM,44000,30000,68.18
20,2248,TRANSWIND,ST,20000,20000,100.00
20,2249,TREL,EQ,356340,177258,49.74
20,2250,TRENT,EQ,577349,265558,46.00
20,2251,TRIDENT,EQ,9798024,2486485,25.38
20,2252,TRIDHYA,SM,12000,6000,50.00
20,2253,TRIGYN,EQ,218648,70277,32.14
20,2254,TRITURBINE,EQ,1571354,495774,31.55
20,2255,TRIVENI,EQ,682598,190339,27.88
20,2256,TRU,EQ,1156542,380346,32.89
20,2257,TRUST,ST,18000,18000,100.00
20,2258,TTKHLTCARE,EQ,7119,4835,67.92
20,2259,TTKPRESTIG,EQ,550906,527037,95.67
20,2260,TTL,EQ,22800,14371,63.03
20,2261,TTML,EQ,1530080,622442,40.68
20,2262,TVSELECT,EQ,45089,12424,27.55
20,2263,TVSHLTD,EQ,4007,2377,59.32
20,2264,TVSMOTOR,EQ,1225387,657746,53.68
20,2265,TVSSCS,EQ,660940,386951,58.55
20,2266,TVSSRICHAK,EQ,5852,2865,48.96
20,2267,TVTODAY,EQ,50815,26321,51.80
20,2268,UBL,EQ,244412,128397,52.53
20,2269,UCAL,EQ,24101,13318,55.26
20,2270,UCOBANK,EQ,11705631,3099103,26.48
20,2271,UDS,EQ,97438,48646,49.93
20,2272,UFLEX,EQ,16341,7701,47.13
20,2273,UFO,EQ,146717,65149,44.40
20,2274,UGARSUGAR,EQ,192179,66194,34.44
20,2275,UGROCAP,EQ,700175,299485,42.77
20,2276,UGROCAP,N3,5,5,100.00
20,2277,UGROCAP,N4,39,39,100.00
20,2278,UGROCAP,N7,32,31,96.88
20,2279,UGROCAP,NB,40,40,100.00
20,2280,UGROCAP,NC,10,10,100.00
20,2281,UJJIVAN,EQ,258349,107228,41.51
20,2282,UJJIVANSFB,EQ,3771168,1815479,48.14
20,2283,ULTRACEMCO,EQ,547648,364888,66.63
20,2284,UMA,SM,4000,4000,100.00
20,2285,UMANGDAIRY,EQ,58483,26778,45.79
20,2286,UNICHEMLAB,EQ,44294,27149,61.29
20,2287,UNIDT,EQ,27033,12192,45.10
20,2288,UNIENTER,EQ,5934,4097,69.04
20,2289,UNIONBANK,EQ,11737571,5735290,48.86
20,2290,UNIPARTS,EQ,69465,32408,46.65
20,2291,UNITEDPOLY,EQ,2032,1250,61.52
20,2292,UNITEDTEA,EQ,3225,2615,81.09
20,2293,UNIVASTU,EQ,135180,67805,50.16
20,2294,UNIVCABLES,EQ,40845,21099,51.66
20,2295,UNIVPHOTO,EQ,954,638,66.88
20,2296,UNOMINDA,EQ,1259646,721529,57.28
20,2297,UPL,EQ,3104362,1175306,37.86
20,2298,URAVI,EQ,632184,196990,31.16
20,2299,URBAN,SM,12000,12000,100.00
20,2300,USASEEDS,SM,300,300,100.00
20,2301,USHAMART,EQ,646943,359196,55.52
20,2302,UTIAMC,EQ,205694,97743,47.52
20,2303,UTIBANKETF,EQ,40994,35792,87.31
20,2304,UTINEXT50,EQ,55658,48759,87.60
20,2305,UTINIFTETF,EQ,64112,62135,96.92
20,2306,UTISENSETF,EQ,2461,1805,73.34
20,2307,UTISXN50,EQ,1516,1101,72.63
20,2308,UTKARSHBNK,EQ,17342284,7598692,43.82
20,2309,UTTAMSUGAR,EQ,39618,18748,47.32
20,2310,UWCSL,SM,4000,4000,100.00
20,2311,VADILALIND,EQ,14321,7365,51.43
20,2312,VAIBHAVGBL,EQ,373904,130081,34.79
20,2313,VAISHALI,EQ,45575,27129,59.53
20,2314,VAKRANGEE,EQ,9290819,2060059,22.17
20,2315,VALIANTLAB,EQ,104220,30108,28.89
20,2316,VALIANTORG,EQ,49852,24939,50.03
20,2317,VARDHACRLC,EQ,61545,38637,62.78
20,2318,VARROC,EQ,162540,59537,36.63
20,2319,VASCONEQ,EQ,1192641,385410,32.32
20,2320,VBL,EQ,3873479,2143230,55.33
20,2321,VEDL,EQ,28859435,7483715,25.93
20,2322,VENKEYS,EQ,21731,9589,44.13
20,2323,VENUSPIPES,EQ,57381,26658,46.46
20,2324,VENUSREM,EQ,31392,14320,45.62
20,2325,VERANDA,EQ,286625,104366,36.41
20,2326,VESUVIUS,EQ,9361,6202,66.25
20,2327,VETO,EQ,120554,62255,51.64
20,2328,VGUARD,EQ,370911,187604,50.58
20,2329,VHL,EQ,353,233,66.01
20,2330,VIDHIING,EQ,80029,72288,90.33
20,2331,VIJAYA,EQ,183071,81121,44.31
20,2332,VIKASECO,EQ,7346714,3104214,42.25
20,2333,VIMTALABS,EQ,15313,7772,50.75
20,2334,VINATIORGA,EQ,154362,126504,81.95
20,2335,VINDHYATEL,EQ,15346,8224,53.59
20,2336,VINSYS,SM,23500,21500,91.49
20,2337,VINYAS,SM,36800,34400,93.48
20,2338,VINYLINDIA,EQ,20194,12488,61.84
20,2339,VIPCLOTHNG,EQ,242848,100754,41.49
20,2340,VIPIND,EQ,258726,88280,34.12
20,2341,VIRINCHI,EQ,837279,494218,59.03
20,2342,VISAKAIND,EQ,159848,94836,59.33
20,2343,VISHNU,EQ,55554,29855,53.74
20,2344,VISHNUINFR,SM,4000,2000,50.00
20,2345,VISHWARAJ,EQ,369711,200670,54.28
20,2346,VISHWAS,SM,240000,160000,66.67
20,2347,VITAL,SM,4800,4800,100.00
20,2348,VIVO,SM,4800,4800,100.00
20,2349,VLSFINANCE,EQ,35947,17281,48.07
20,2350,VMARCIND,SM,38000,35000,92.11
20,2351,VMART,EQ,58969,52804,89.55
20,2352,VOLTAMP,EQ,15776,7287,46.19
20,2353,VOLTAS,EQ,1261801,661830,52.45
20,2354,VPRPL,EQ,258831,114733,44.33
20,2355,VR,SM,33600,27200,80.95
20,2356,VRLLOG,EQ,56000,31010,55.38
20,2357,VSSL,EQ,47336,27794,58.72
20,2358,VSTIND,EQ,62279,22014,35.35
20,2359,VSTL,EQ,140518,80757,57.47
20,2360,VSTTILLERS,EQ,6376,2578,40.43
20,2361,VTL,EQ,162811,87414,53.69
20,2362,WABAG,EQ,4488933,962758,21.45
20,2363,WANBURY,EQ,96715,82942,85.76
20,2364,WEALTH,EQ,3869,2024,52.31
20,2365,WEIZMANIND,EQ,60677,22684,37.38
20,2366,WEL,EQ,85869,47066,54.81
20,2367,WELCORP,EQ,463695,179514,38.71
20,2368,WELENT,EQ,688949,375225,54.46
20,2369,WELINV,EQ,1070,778,72.71
20,2370,WELSPUNLIV,EQ,826139,340165,41.18
20,2371,WENDT,EQ,517,250,48.36
20,2372,WESTLIFE,EQ,68610,28714,41.85
20,2373,WEWIN,EQ,38001,18636,49.04
20,2374,WHEELS,EQ,27914,17008,60.93
20,2375,WHIRLPOOL,EQ,120523,62905,52.19
20,2376,WILLAMAGOR,EQ,3816,2541,66.59
20,2377,WINDLAS,EQ,37125,17330,46.68
20,2378,WINDMACHIN,EQ,440628,162190,36.81
20,2379,WIPRO,EQ,10719712,5337730,49.79
20,2380,WONDERLA,EQ,77132,24572,31.86
20,2381,WORTH,EQ,7128,5273,73.98
20,2382,WSI,EQ,72938,37669,51.65
20,2383,WSTCSTPAPR,EQ,48452,22821,47.10
20,2384,WTICAB,SM,88000,53000,60.23
20,2385,XCHANGING,EQ,197237,91077,46.18
20,2386,XPROINDIA,EQ,33097,18476,55.82
20,2387,YASHO,EQ,16181,5536,34.21
20,2388,YASHOPTICS,ST,340800,321600,94.37
20,2389,YATHARTH,EQ,89722,40920,45.61
20,2390,YATRA,EQ,76727,30543,39.81
20,2391,YCCL,SM,12000,9000,75.00
20,2392,YESBANK,EQ,104659200,28920507,27.63
20,2393,YUDIZ,SM,5600,5600,100.00
20,2394,YUKEN,EQ,31669,11678,36.88
20,2395,ZAGGLE,EQ,896135,458264,51.14
20,2396,ZEAL,SM,1800,1800,100.00
20,2397,ZEEL,EQ,11804053,4006453,33.94
20,2398,ZEEMEDIA,EQ,7209208,2369225,32.86
20,2399,ZENITHDRUG,SM,44800,27200,60.71
20,2400,ZENITHEXPO,EQ,1025,412,40.20
20,2401,ZENITHSTL,EQ,1941783,902417,46.47
20,2402,ZENSARTECH,EQ,891413,515422,57.82
20,2403,ZENTEC,EQ,646607,314888,48.70
20,2404,ZFCVINDIA,EQ,17464,12355,70.75
20,2405,ZIMLAB,EQ,89026,53201,59.76
20,2406,ZODIACLOTH,EQ,25485,20219,79.34
20,2407,ZOMATO,EQ,43273463,26429960,61.08
20,2408,ZOTA,EQ,32759,18942,57.82
20,2409,ZUARI,EQ,135436,61071,45.09
20,2410,ZUARIIND,EQ,230721,116802,50.62
20,2411,ZYDUSLIFE,EQ,2235559,919290,41.12
20,2412,ZYDUSWELL,EQ,44057,27650,62.76
