Security Wise Delivery Position - Compulsory Rolling Settlement
10,MTO,27082024,1629388340,0002501
Trade Date <27-AUG-2024>,Settlement Type <N>
Record Type,Sr No,Name of Security,Quantity Traded,Deliverable Quantity(gross across client level),% of Deliverable Quantity to Traded Quantity
20,1,0MOFSL26,N1,148,148,100.00
20,2,0MOFSL27,N3,100,60,60.00
20,3,1003ICCL28,NX,500,500,100.00
20,4,1003ISFL28,N4,13,13,100.00
20,5,1015ECL29,NR,304,302,99.34
20,6,1015SCFL29,YY,40,40,100.00
20,7,1018GS2026,GS,3055,3055,100.00
20,8,1025SCL34A,ZT,4,4,100.00
20,9,1030ICCL28,NM,43,43,100.00
20,10,1040UCL25,N4,20,20,100.00
20,11,1049DLS25A,Y5,1476,1381,93.56
20,12,1050ISFL28,N5,500,500,100.00
20,13,1050NFL26,N7,20,20,100.00
20,14,1050UCL25,N7,104,104,100.00
20,15,105IIFL29,N7,18,18,100.00
20,16,1060ECL29,NS,220,220,100.00
20,17,1065NFL27,NC,220,220,100.00
20,18,10CAGL27,N5,87,51,58.62
20,19,10IIFL28,N4,95,95,100.00
20,20,10IIFL28A,NE,20,20,100.00
20,21,10IIFL29,N6,15,15,100.00
20,22,10NIDO26,N6,55,55,100.00
20,23,1119NFL27,ND,15,15,100.00
20,24,182D031024,TB,1700,1700,100.00
20,25,182D050924,TB,900,900,100.00
20,26,182D120924,TB,1100,1100,100.00
20,27,182D181024,TB,100,100,100.00
20,28,182D190924,TB,100,100,100.00
20,29,182D191224,TB,1100,1100,100.00
20,30,182D230125,TB,100,100,100.00
20,31,20MICRONS,EQ,229777,91048,39.62
20,32,360ONE,EQ,242583,170791,70.41
20,33,364D020125,TB,3700,3700,100.00
20,34,364D030425,TB,100,100,100.00
20,35,364D030725,TB,100,100,100.00
20,36,364D100725,TB,200,200,100.00
20,37,364D141124,TB,22900,22900,100.00
20,38,364D150825,TB,4500,4500,100.00
20,39,364D211124,TB,100,100,100.00
20,40,364D230525,TB,2000,2000,100.00
20,41,364D261224,TB,100,100,100.00
20,42,3IINFOLTD,EQ,546475,266951,48.85
20,43,3MINDIA,EQ,8506,3489,41.02
20,44,515GS2025,GS,61,31,50.82
20,45,563GS2026,GS,271,271,100.00
20,46,574GS2026,GS,1750,1750,100.00
20,47,5PAISA,EQ,84375,36649,43.44
20,48,610GS2031,GS,3,3,100.00
20,49,622GS2035,GS,6,3,50.00
20,50,63MOONS,EQ,69378,36657,52.84
20,51,653KA30,SG,10000,10000,100.00
20,52,654GS2032,GS,5,5,100.00
20,53,664GS2035,GS,5,4,80.00
20,54,667GS2035,GS,800,400,50.00
20,55,667GS2050,GS,6,6,100.00
20,56,676GS2061,GS,1000,1000,100.00
20,57,68GS2060,GS,1239,1239,100.00
20,58,695GS2061,GS,1300,1300,100.00
20,59,697GR2034,GS,100,100,100.00
20,60,699GS2051,GS,279,278,99.64
20,61,702GS2027,GS,4000,4000,100.00
20,62,702GS2031,GS,300,200,66.67
20,63,704GS2029,GS,501,501,100.00
20,64,706GS2028,GS,376378,376078,99.92
20,65,710GS2029,GS,10,5,50.00
20,66,716GS2050,GS,99,99,100.00
20,67,717GS2030,GS,53000,53000,100.00
20,68,718GS2033,GS,14810,14710,99.32
20,69,718GS2037,GS,34271,34271,100.00
20,70,71GS2034,GS,5200,5200,100.00
20,71,723GS2039,GS,100,100,100.00
20,72,725GS2063,GS,17500,17400,99.43
20,73,726GS2029,GS,250,200,80.00
20,74,726GS2032,GS,347829,345329,99.28
20,75,726GS2033,GS,520000,490000,94.23
20,76,729IRFC26,NN,500,500,100.00
20,77,729NHAI26,NC,1,1,100.00
20,78,732GS2030,GS,6400,6400,100.00
20,79,733GS2026,GS,13711,8711,63.53
20,80,734GS2064,GS,11000,9300,84.55
20,81,736GS2052,GS,140,140,100.00
20,82,736NTPC25D,NB,20,20,100.00
20,83,737GS2028,GS,55700,55700,100.00
20,84,738GS2027,GS,102363,68598,67.01
20,85,739NHAI26,N8,199,199,100.00
20,86,73GS2053,GS,5801,5500,94.81
20,87,740IIFCL33,N1,750,525,70.00
20,88,741GS2036,GS,25492,25492,100.00
20,89,743REC35,NH,216,159,73.61
20,90,746GS2073,GS,76220,76220,100.00
20,91,74GS2062,GS,421,421,100.00
20,92,751HUDCO28,N5,706,547,77.48
20,93,753IRFC30,NJ,284,264,92.96
20,94,754GS2036,GS,779170,765650,98.26
20,95,759GS2026,GS,4,4,100.00
20,96,760PFCL35,N3,1,1,100.00
20,97,762NTPC35F,ND,1,1,100.00
20,98,764HUDCO31,N8,297,297,100.00
20,99,764NABAR31,N2,249,150,60.24
20,100,769HUDCO31,N9,100,100,100.00
20,101,769NHAI31,NE,841,841,100.00
20,102,76NHAI31,NA,6953,6853,98.56
20,103,774IREDA31,N7,190,190,100.00
20,104,795GS2032,GS,110,55,50.00
20,105,79NHIT35,N1,1,1,100.00
20,106,79NHIT40,N2,566,564,99.65
20,107,79NHIT47,N3,1350,1350,100.00
20,108,801TCH25,N4,105,105,100.00
20,109,810IRFC27,N2,4340,4221,97.26
20,110,812REC27,NI,170,170,100.00
20,111,815GS2026,GS,22400,22400,100.00
20,112,81ABFL33,N5,480,480,100.00
20,113,824GS2027,GS,4027,4027,100.00
20,114,825IIFL25,N7,1188,600,50.51
20,115,829LTF24,NL,146,136,93.15
20,116,82IGT31,NJ,1062,1060,99.81
20,117,82SCL24,NO,63,63,100.00
20,118,830NHAI27,N2,4723,4107,86.96
20,119,830PFCL27,N5,610,610,100.00
20,120,833SCFL24,YX,178,178,100.00
20,121,835SCL23B,YM,22,22,100.00
20,122,837REC33,N7,1,1,100.00
20,123,83TCHF25,N6,48,39,81.25
20,124,842IIFL26,NL,960,847,88.23
20,125,843IHFL29,NC,75,75,100.00
20,126,846REC28,N6,15,15,100.00
20,127,849NTPC25,N7,87104,73487,84.37
20,128,85IIFL25,NO,23,23,100.00
20,129,863REC29,NC,1,1,100.00
20,130,865IFL28,NZ,16,16,100.00
20,131,865IIFL28,NS,946,541,57.19
20,132,865IRFC29,NA,334,334,100.00
20,133,865TCAPS27,N8,1217,1188,97.62
20,134,866SFL25,ZE,10,10,100.00
20,135,86LTF24,NJ,121,120,99.17
20,136,871REC28,N9,961,825,85.85
20,137,872MMFSL26,N1,17,17,100.00
20,138,873NTPC28,N5,50,50,100.00
20,139,875IIFL26A,NQ,200,200,100.00
20,140,875NHAI29,N6,1414,1389,98.23
20,141,875SCL26,NQ,13,13,100.00
20,142,876HUDCO28,ND,631,341,54.04
20,143,87LTF27,NH,200,200,100.00
20,144,87SCL24A,ZF,15,15,100.00
20,145,885TCAPS29,NC,853,740,86.75
20,146,888ERFL28,N5,599,499,83.31
20,147,888IRFC29,NE,884,872,98.64
20,148,888REC29,NF,5,5,100.00
20,149,888SCL25E,N4,61,61,100.00
20,150,889SCFL27,YC,108,8,7.41
20,151,889SCL27,YT,14,14,100.00
20,152,891IIFCL34,N4,575,575,100.00
20,153,891NTPC33,N6,342,328,95.91
20,154,892NHPC33,N6,617,489,79.25
20,155,892PFCL33,N8,496,494,99.60
20,156,893NHB29,N6,32,32,100.00
20,157,897MOFSL29,N4,426,426,100.00
20,158,901HUDCO34,NE,225,225,100.00
20,159,901NHB34,N6,38,33,86.84
20,160,905SC24,ZB,92,92,100.00
20,161,905SCL24,YV,1,1,100.00
20,162,910TCAP28,NA,20,20,100.00
20,163,915SCL26,NE,5,5,100.00
20,164,915SCL27,Z7,9,9,100.00
20,165,91D031024,TB,300,300,100.00
20,166,91D050924,TB,300,300,100.00
20,167,91D071124,TB,4700,4600,97.87
20,168,91D101024,TB,13500,13500,100.00
20,169,91D120924,TB,400,400,100.00
20,170,91D260924,TB,6000,3000,50.00
20,171,91D311024,TB,1400,1400,100.00
20,172,91MOFSL27,N2,20,20,100.00
20,173,920IIFLS26,N8,120,60,50.00
20,174,921ISFL25,N0,200,200,100.00
20,175,925ERFL28,N6,100,100,100.00
20,176,925IHFL25D,N6,10,10,100.00
20,177,925SCL28B,YC,10,10,100.00
20,178,931SFL26,Z5,10,10,100.00
20,179,935LTF29,N5,95,95,100.00
20,180,935PEL33,N3,20,10,50.00
20,181,940CAGL27,NB,80,80,100.00
20,182,943ECL28,NJ,4,4,100.00
20,183,945CAGL24,N1,10,10,100.00
20,184,948ICCL25A,NG,5,5,100.00
20,185,948SCL26,N9,642,266,41.43
20,186,948SCL26I,AX,3,3,100.00
20,187,94SFL28,YL,660,660,100.00
20,188,957NIDO26,N5,11,11,100.00
20,189,965SCL25F,NZ,20,20,100.00
20,190,96IIFL28,N5,1081,831,76.87
20,191,96IIFL28A,NF,1088,991,91.08
20,192,96SFL24A,NB,11,11,100.00
20,193,970CAGL28,ND,35,35,100.00
20,194,971SCL28I,BC,88,47,53.41
20,195,975NFL25,N0,63,63,100.00
20,196,97MOFSL34,N7,5,5,100.00
20,197,985ECL28,NK,51,51,100.00
20,198,985IIFL22,NC,82,82,100.00
20,199,99IFCI24,NH,552,550,99.64
20,200,9MMFSML,N2,50,50,100.00
20,201,9PEL25,N0,125,125,100.00
20,202,9SCL25,YM,26,26,100.00
20,203,9SFL25A,ZH,50,25,50.00
20,204,AAATECH,EQ,34628,19188,55.41
20,205,AADHARHFC,EQ,701604,517625,73.78
20,206,AAREYDRUGS,EQ,142511,69161,48.53
20,207,AARON,EQ,17723,3150,17.77
20,208,AARTECH,EQ,663888,231780,34.91
20,209,AARTIDRUGS,EQ,3292078,1118784,33.98
20,210,AARTIIND,EQ,2997055,1138917,38.00
20,211,AARTIPHARM,EQ,161828,85917,53.09
20,212,AARTISURF,EQ,17543,9166,52.25
20,213,AARTISURF,P1,5,5,100.00
20,214,AARVI,EQ,9046,5702,63.03
20,215,AATMAJ,SM,6000,6000,100.00
20,216,AAVAS,EQ,136887,51308,37.48
20,217,ABAN,EQ,240469,172284,71.64
20,218,ABB,EQ,465311,94359,20.28
20,219,ABBOTINDIA,EQ,27846,11430,41.05
20,220,ABCAPITAL,EQ,9494832,6226365,65.58
20,221,ABCOTS,SM,2500,2500,100.00
20,222,ABDL,EQ,3840047,2179182,56.75
20,223,ABFRL,EQ,5508053,2239681,40.66
20,224,ABGSEC,EQ,59,59,100.00
20,225,ABINFRA,SM,4000,4000,100.00
20,226,ABSLAMC,EQ,347296,197375,56.83
20,227,ABSLBANETF,EQ,1054625,1011432,95.90
20,228,ABSLLIQUID,EQ,1722,1025,59.52
20,229,ABSLNN50ET,EQ,29890,24568,82.19
20,230,ABSLPSE,EQ,552551,528918,95.72
20,231,ABSMARINE,SM,229000,125000,54.59
20,232,ACC,EQ,137747,51431,37.34
20,233,ACCELYA,EQ,9344,5496,58.82
20,234,ACCENTMIC,SM,26000,18500,71.15
20,235,ACE,EQ,160506,75880,47.28
20,236,ACEINTEG,EQ,36442,16044,44.03
20,237,ACI,EQ,268003,123891,46.23
20,238,ACL,EQ,50113,35431,70.70
20,239,ACLGATI,EQ,3321274,1018734,30.67
20,240,ACSAL,SM,33000,30000,90.91
20,241,ADANIENSOL,EQ,1319608,741779,56.21
20,242,ADANIENT,EQ,1310440,751499,57.35
20,243,ADANIGREEN,EQ,307625,145165,47.19
20,244,ADANIPORTS,EQ,910064,401037,44.07
20,245,ADANIPOWER,EQ,3446140,1595949,46.31
20,246,ADFFOODS,EQ,4014843,1508199,37.57
20,247,ADL,EQ,6683,1790,26.78
20,248,ADORWELD,EQ,45472,30530,67.14
20,249,ADROITINFO,EQ,600679,237982,39.62
20,250,ADROITPP1,E1,66888,58246,87.08
20,251,ADSL,EQ,3723737,984777,26.45
20,252,ADVANIHOTR,EQ,64704,38288,59.17
20,253,ADVENZYMES,EQ,887896,350740,39.50
20,254,AEGISLOG,EQ,259497,172900,66.63
20,255,AEROFLEX,EQ,1193028,535191,44.86
20,256,AESTHETIK,ST,782000,686000,87.72
20,257,AETHER,EQ,97796,43669,44.65
20,258,AFFLE,EQ,264486,116262,43.96
20,259,AFIL,EQ,580775,295316,50.85
20,260,AGARIND,EQ,40295,19517,48.44
20,261,AGARWALFT,ST,9000,9000,100.00
20,262,AGI,EQ,222904,106858,47.94
20,263,AGIIL,EQ,6202,5734,92.45
20,264,AGNI,SM,15000,10000,66.67
20,265,AGRITECH,EQ,11380,5359,47.09
20,266,AGROPHOS,EQ,56759,22303,39.29
20,267,AGSTRA,EQ,2120606,924889,43.61
20,268,AHIMSA,ST,6000,6000,100.00
20,269,AHL,EQ,605179,281700,46.55
20,270,AHLEAST,EQ,12913,10689,82.78
20,271,AHLUCONT,EQ,44573,21320,47.83
20,272,AIAENG,EQ,19110,9639,50.44
20,273,AIIL,EQ,254186,92619,36.44
20,274,AILIMITED,ST,9000,9000,100.00
20,275,AIMTRON,ST,57600,57600,100.00
20,276,AIROLAM,EQ,10657,6849,64.27
20,277,AIRTELPP,E1,381371,307108,80.53
20,278,AISL,SM,3600,3600,100.00
20,279,AJANTPHARM,EQ,90238,39118,43.35
20,280,AJMERA,EQ,29697,22656,76.29
20,281,AJOONI,EQ,5139147,3055042,59.45
20,282,AKANKSHA,ST,50000,48000,96.00
20,283,AKASH,EQ,47159,23826,50.52
20,284,AKG,EQ,137047,93316,68.09
20,285,AKI,EQ,32284,24029,74.43
20,286,AKIKO,SM,22400,16000,71.43
20,287,AKSHAR,EQ,1226287,1226287,100.00
20,288,AKSHARCHEM,EQ,41553,17744,42.70
20,289,AKSHOPTFBR,EQ,1081260,607812,56.21
20,290,AKUMS,EQ,437871,222300,50.77
20,291,AKZOINDIA,EQ,34259,16172,47.21
20,292,ALANKIT,EQ,1993508,935566,46.93
20,293,ALBERTDAVD,EQ,45631,23499,51.50
20,294,ALEMBICLTD,EQ,1343123,507860,37.81
20,295,ALICON,EQ,36034,16108,44.70
20,296,ALKALI,EQ,43287,31502,72.77
20,297,ALKEM,EQ,532448,201968,37.93
20,298,ALKYLAMINE,EQ,157648,47445,30.10
20,299,ALLCARGO,EQ,6242856,2156031,34.54
20,300,ALLETEC,SM,40000,31200,78.00
20,301,ALLSEC,EQ,53235,37061,69.62
20,302,ALOKINDS,EQ,48303882,6107165,12.64
20,303,ALPA,EQ,388387,186029,47.90
20,304,ALPEXSOLAR,ST,107600,98800,91.82
20,305,ALPHA,EQ,573601,351249,61.24
20,306,ALPHAETF,EQ,556229,496997,89.35
20,307,ALPL30IETF,EQ,2099954,1916852,91.28
20,308,ALUWIND,ST,18000,18000,100.00
20,309,AMBANIORGO,SM,2000,2000,100.00
20,310,AMBER,EQ,173947,110262,63.39
20,311,AMBEY,SM,106000,68000,64.15
20,312,AMBICAAGAR,EQ,64392,47606,73.93
20,313,AMBIKCO,EQ,25156,14127,56.16
20,314,AMBUJACEM,EQ,2374774,1569215,66.08
20,315,AMDIND,EQ,56386,41000,72.71
20,316,AMEYA,SM,22000,18000,81.82
20,317,AMIORG,EQ,276425,181279,65.58
20,318,AMJUMBO,SM,24000,24000,100.00
20,319,AMNPLST,EQ,64602,21558,33.37
20,320,AMRUTANJAN,EQ,355818,183578,51.59
20,321,ANANDRATHI,EQ,59856,46473,77.64
20,322,ANANTRAJ,EQ,1025832,445277,43.41
20,323,ANDHRAPAP,EQ,125970,68528,54.40
20,324,ANDHRSUGAR,EQ,163849,83455,50.93
20,325,ANGELONE,EQ,528745,239155,45.23
20,326,ANLON,ST,14000,13600,97.14
20,327,ANNAPURNA,SM,92500,70500,76.22
20,328,ANTGRAPHIC,EQ,973237,973235,100.00
20,329,ANUP,EQ,328892,155463,47.27
20,330,ANURAS,EQ,52517,33827,64.41
20,331,APARINDS,EQ,85554,33599,39.27
20,332,APCL,EQ,11022,7698,69.84
20,333,APCOTEXIND,EQ,274092,78520,28.65
20,334,APEX,EQ,155072,53574,34.55
20,335,APLAPOLLO,EQ,461159,314030,68.10
20,336,APLLTD,EQ,139454,67699,48.55
20,337,APOLLO,EQ,1773551,1031111,58.14
20,338,APOLLOHOSP,EQ,297297,129782,43.65
20,339,APOLLOPIPE,EQ,173195,99608,57.51
20,340,APOLLOTYRE,EQ,2140553,1250203,58.41
20,341,APOLSINHOT,EQ,15508,8912,57.47
20,342,APRAMEYA,SM,60000,50000,83.33
20,343,APS,ST,49500,32500,65.66
20,344,APTECHT,EQ,1457685,399048,27.38
20,345,APTUS,EQ,1343772,1074377,79.95
20,346,ARABIAN,SM,16000,12000,75.00
20,347,ARCHIES,EQ,198387,129146,65.10
20,348,ARE&M,EQ,976777,363900,37.26
20,349,ARHAM,SM,9000,9000,100.00
20,350,ARIES,EQ,111016,58071,52.31
20,351,ARIHANTACA,SM,65600,59200,90.24
20,352,ARIHANTCAP,EQ,700801,184757,26.36
20,353,ARIHANTSUP,EQ,30329,16268,53.64
20,354,ARISTO,SM,6400,6400,100.00
20,355,ARMANFIN,EQ,129304,73768,57.05
20,356,AROGRANITE,EQ,136191,75975,55.79
20,357,ARROWGREEN,EQ,99922,50553,50.59
20,358,ARTEMISMED,EQ,344099,244896,71.17
20,359,ARVIND,EQ,446032,196002,43.94
20,360,ARVINDFASN,EQ,977209,535606,54.81
20,361,ARVSMART,EQ,40709,26404,64.86
20,362,ASAHIINDIA,EQ,66120,26715,40.40
20,363,ASAL,EQ,279799,75982,27.16
20,364,ASALCBR,EQ,78748,39641,50.34
20,365,ASHALOG,SM,115000,64000,55.65
20,366,ASHAPURMIN,EQ,1486892,520133,34.98
20,367,ASHIANA,EQ,83346,54626,65.54
20,368,ASHOKA,EQ,988187,425070,43.02
20,369,ASHOKAMET,EQ,139807,98410,70.39
20,370,ASHOKLEY,EQ,9384044,4252105,45.31
20,371,ASIANENE,EQ,1127134,578718,51.34
20,372,ASIANHOTNR,EQ,5803,3501,60.33
20,373,ASIANPAINT,EQ,1003501,592516,59.04
20,374,ASIANTILES,EQ,1382179,546647,39.55
20,375,ASKAUTOLTD,EQ,266674,108308,40.61
20,376,ASMS,EQ,1061529,612146,57.67
20,377,ASPINWALL,EQ,20852,11868,56.92
20,378,ASPIRE,SM,20000,16000,80.00
20,379,ASTEC,EQ,19698,12617,64.05
20,380,ASTERDM,EQ,1249932,694187,55.54
20,381,ASTRAL,EQ,280917,136100,48.45
20,382,ASTRAMICRO,EQ,747430,236254,31.61
20,383,ASTRAZEN,EQ,10168,5136,50.51
20,384,ATAM,EQ,129923,47563,36.61
20,385,ATFL,EQ,27996,16285,58.17
20,386,ATGL,EQ,3488034,2278706,65.33
20,387,ATL,EQ,804299,385360,47.91
20,388,ATMASTCO,ST,60000,57600,96.00
20,389,ATUL,EQ,33023,10146,30.72
20,390,AUBANK,EQ,1239139,463779,37.43
20,391,AURDIS,SM,13000,10000,76.92
20,392,AURIONPRO,EQ,62535,48658,77.81
20,393,AUROIMPEX,SM,28800,17600,61.11
20,394,AUROPHARMA,EQ,434249,186096,42.85
20,395,AURUMPP1,X1,8798,8125,92.35
20,396,AUTOAXLES,EQ,8632,5668,65.66
20,397,AUTOBEES,EQ,296407,236065,79.64
20,398,AUTOIETF,EQ,303193,179752,59.29
20,399,AUTOIND,EQ,3840537,834014,21.72
20,400,AVADHSUGAR,EQ,101615,35852,35.28
20,401,AVALON,EQ,482097,151093,31.34
20,402,AVANTEL,EQ,427490,250980,58.71
20,403,AVANTIFEED,EQ,496700,175471,35.33
20,404,AVG,EQ,87470,37192,42.52
20,405,AVPINFRA,SM,43200,28800,66.67
20,406,AVROIND,EQ,127685,77143,60.42
20,407,AVTNPL,EQ,177316,67073,37.83
20,408,AWFIS,EQ,731375,314666,43.02
20,409,AWHCL,EQ,136730,66041,48.30
20,410,AWL,EQ,2710949,976813,36.03
20,411,AXISBANK,EQ,8702113,3950096,45.39
20,412,AXISBNKETF,EQ,998,838,83.97
20,413,AXISBPSETF,EQ,74827,70267,93.91
20,414,AXISCADES,EQ,331086,171932,51.93
20,415,AXISCETF,EQ,1432,1387,96.86
20,416,AXISGOLD,EQ,79669,60916,76.46
20,417,AXISHCETF,EQ,5135,4829,94.04
20,418,AXISILVER,EQ,20795,16620,79.92
20,419,AXISNIFTY,EQ,1805,1542,85.43
20,420,AXISTECETF,EQ,1215,700,57.61
20,421,AXITA,EQ,3259536,526961,16.17
20,422,AXSENSEX,EQ,781,610,78.10
20,423,AZAD,EQ,40321,25776,63.93
20,424,BABAFP,SM,33600,28800,85.71
20,425,BAGFILMS,EQ,646900,550599,85.11
20,426,BAHETI,SM,22500,18750,83.33
20,427,BAJAJ-AUTO,EQ,262396,100540,38.32
20,428,BAJAJCON,EQ,190205,113183,59.51
20,429,BAJAJELEC,EQ,235445,102799,43.66
20,430,BAJAJFINSV,EQ,4205533,1911909,45.46
20,431,BAJAJHCARE,EQ,113552,54621,48.10
20,432,BAJAJHIND,EQ,10108629,3456303,34.19
20,433,BAJAJHLDNG,EQ,35085,23267,66.32
20,434,BAJEL,EQ,283383,122222,43.13
20,435,BAJFINANCE,EQ,2035902,1191716,58.54
20,436,BALAMINES,EQ,83965,39497,47.04
20,437,BALAXI,EQ,44463,17534,39.44
20,438,BALCO,ST,15600,15600,100.00
20,439,BALKRISHNA,EQ,44838,29902,66.69
20,440,BALKRISIND,EQ,229411,110777,48.29
20,441,BALMLAWRIE,EQ,591769,313510,52.98
20,442,BALPHARMA,EQ,225189,113010,50.18
20,443,BALRAMCHIN,EQ,2337943,506624,21.67
20,444,BALUFORGE,EQ,1508078,536821,35.60
20,445,BANARBEADS,EQ,6659,5111,76.75
20,446,BANARISUG,EQ,1181,582,49.28
20,447,BANCOINDIA,EQ,69444,34652,49.90
20,448,BANDHANBNK,EQ,7994055,3878343,48.52
20,449,BANG,EQ,38888,16769,43.12
20,450,BANKBARODA,EQ,7571973,3422119,45.19
20,451,BANKBEES,EQ,793511,424378,53.48
20,452,BANKBETF,EQ,7250,5438,75.01
20,453,BANKETF,EQ,3555,2863,80.53
20,454,BANKETFADD,EQ,107061,63506,59.32
20,455,BANKIETF,EQ,247202,187946,76.03
20,456,BANKINDIA,EQ,3507110,1868121,53.27
20,457,BANKNIFTY1,EQ,11595,9660,83.31
20,458,BANSALWIRE,EQ,1427905,612218,42.88
20,459,BANSWRAS,EQ,42951,29075,67.69
20,460,BARBEQUE,EQ,73444,31350,42.69
20,461,BASF,EQ,52998,23443,44.23
20,462,BASILIC,ST,21900,19800,90.41
20,463,BASML,EQ,584749,305283,52.21
20,464,BATAINDIA,EQ,123640,48377,39.13
20,465,BAWEJA,SM,14400,9600,66.67
20,466,BAYERCROP,EQ,34741,20639,59.41
20,467,BBETF0432,EQ,7379,7362,99.77
20,468,BBL,EQ,60847,36386,59.80
20,469,BBNPNBETF,EQ,1783,1755,98.43
20,470,BBNPPGOLD,EQ,344,323,93.90
20,471,BBTC,EQ,56954,22079,38.77
20,472,BBTCL,EQ,3952,2759,69.81
20,473,BCLIND,EQ,1462939,850953,58.17
20,474,BCONCEPTS,EQ,35021,18241,52.09
20,475,BDL,EQ,375399,190304,50.69
20,476,BEACON,SM,46000,44000,95.65
20,477,BEARDSELL,EQ,126870,80266,63.27
20,478,BECTORFOOD,EQ,306092,126308,41.26
20,479,BEDMUTHA,EQ,13839,8525,61.60
20,480,BEL,EQ,16873099,9680886,57.37
20,481,BEML,EQ,147405,45037,30.55
20,482,BEPL,EQ,3123381,1096705,35.11
20,483,BERGEPAINT,EQ,1759210,848148,48.21
20,484,BESTAGRO,EQ,206681,134830,65.24
20,485,BETA,SM,24900,16000,64.26
20,486,BEWLTD,SM,250,250,100.00
20,487,BFINVEST,EQ,58023,31448,54.20
20,488,BFSI,EQ,349478,243397,69.65
20,489,BFUTILITIE,EQ,145047,61722,42.55
20,490,BHAGCHEM,EQ,289764,125679,43.37
20,491,BHAGERIA,EQ,3852199,625977,16.25
20,492,BHAGYANGR,EQ,83443,36204,43.39
20,493,BHANDARI,EQ,2390508,1519077,63.55
20,494,BHARATFORG,EQ,659375,293483,44.51
20,495,BHARATGEAR,EQ,28173,15875,56.35
20,496,BHARATRAS,EQ,9232,3883,42.06
20,497,BHARATWIRE,EQ,637638,325723,51.08
20,498,BHARTIARTL,EQ,3965066,2666228,67.24
20,499,BHARTIHEXA,EQ,339220,170696,50.32
20,500,BHEL,EQ,6802421,2194699,32.26
20,501,BHINVIT,IV,366126,356165,97.28
20,502,BIGBLOC,EQ,41208,25789,62.58
20,503,BIKAJI,EQ,284204,134508,47.33
20,504,BIL,EQ,6939,5893,84.93
20,505,BINANIIND,EQ,38305,30335,79.19
20,506,BIOCON,EQ,1158652,490865,42.37
20,507,BIOFILCHEM,EQ,40978,25869,63.13
20,508,BIRDYS,ST,8400,8400,100.00
20,509,BIRET,RR,449349,441844,98.33
20,510,BIRLACABLE,EQ,77791,25921,33.32
20,511,BIRLACORPN,EQ,76655,36932,48.18
20,512,BLAL,EQ,196477,62722,31.92
20,513,BLISSGVS,EQ,702264,342961,48.84
20,514,BLKASHYAP,EQ,1189997,555954,46.72
20,515,BLS,EQ,5335940,1344684,25.20
20,516,BLSE,EQ,530635,237332,44.73
20,517,BLUEDART,EQ,18399,5145,27.96
20,518,BLUEJET,EQ,533532,372260,69.77
20,519,BLUEPEBBLE,SM,3200,3200,100.00
20,520,BLUESTARCO,EQ,387300,191915,49.55
20,521,BMETRICS,SM,13600,10400,76.47
20,522,BODALCHEM,EQ,5378952,2125398,39.51
20,523,BOMDYEING,EQ,2916568,1570291,53.84
20,524,BOROLTD,EQ,343398,159174,46.35
20,525,BORORENEW,EQ,287460,110705,38.51
20,526,BOROSCI,EQ,1456061,621763,42.70
20,527,BOSCHLTD,EQ,45779,24958,54.52
20,528,BPCL,EQ,9683173,2743236,28.33
20,529,BRACEPORT,ST,72000,72000,100.00
20,530,BRIGADE,EQ,275117,169088,61.46
20,531,BRITANNIA,EQ,175740,88182,50.18
20,532,BROOKS,EQ,147726,107788,72.96
20,533,BSE,EQ,490154,286169,58.38
20,534,BSE500IETF,EQ,157285,147375,93.70
20,535,BSHSL,EQ,22236,14281,64.22
20,536,BSL,EQ,81414,46689,57.35
20,537,BSLGOLDETF,EQ,15655,11409,72.88
20,538,BSLNIFTY,EQ,286184,184032,64.31
20,539,BSLSENETFG,EQ,6130,5607,91.47
20,540,BSOFT,EQ,5608221,2370990,42.28
20,541,BULKCORP,SM,139200,56400,40.52
20,542,BUTTERFLY,EQ,47525,16278,34.25
20,543,BVCL,EQ,24668,14725,59.69
20,544,CADSYS,SM,46000,31500,68.48
20,545,CALSOFT,EQ,206737,172055,83.22
20,546,CAMLINFINE,EQ,1403047,626095,44.62
20,547,CAMPUS,EQ,377707,281896,74.63
20,548,CAMS,EQ,205496,98567,47.97
20,549,CANARYS,ST,208000,184000,88.46
20,550,CANBK,EQ,12098332,5794076,47.89
20,551,CANFINHOME,EQ,432911,161853,37.39
20,552,CANTABIL,EQ,148320,72271,48.73
20,553,CAPACITE,EQ,1839638,838336,45.57
20,554,CAPITALSFB,EQ,32467,22014,67.80
20,555,CAPLIPOINT,EQ,613443,148280,24.17
20,556,CAPTRUST,EQ,54030,20731,38.37
20,557,CARBORUNIV,EQ,356174,314526,88.31
20,558,CARERATING,EQ,22142,13670,61.74
20,559,CARTRADE,EQ,111225,64051,57.59
20,560,CARYSIL,EQ,136203,65750,48.27
20,561,CASTROLIND,EQ,36546855,6557739,17.94
20,562,CBAZAAR,SM,152000,136000,89.47
20,563,CCL,EQ,140009,59839,42.74
20,564,CDSL,EQ,3796094,1157416,30.49
20,565,CEATLTD,EQ,262112,91240,34.81
20,566,CEIGALL,EQ,3682889,1614537,43.84
20,567,CELEBRITY,EQ,140390,90539,64.49
20,568,CELLECOR,SM,882000,582000,65.99
20,569,CELLO,EQ,67109,36451,54.32
20,570,CELLPOINT,SM,81600,67200,82.35
20,571,CENTENKA,EQ,98905,47315,47.84
20,572,CENTRALBK,EQ,3264214,1499164,45.93
20,573,CENTRUM,EQ,581896,295504,50.78
20,574,CENTUM,EQ,4675,2731,58.42
20,575,CENTURYPLY,EQ,1090832,184861,16.95
20,576,CENTURYTEX,EQ,1733823,331962,19.15
20,577,CERA,EQ,8919,6206,69.58
20,578,CESC,EQ,70281201,11898759,16.93
20,579,CGCL,EQ,1820502,1198549,65.84
20,580,CGPOWER,EQ,1015056,573672,56.52
20,581,CGRAPHICS,SM,38400,28800,75.00
20,582,CHALET,EQ,95918,38883,40.54
20,583,CHAMBLFERT,EQ,2488758,857817,34.47
20,584,CHAVDA,SM,109000,70000,64.22
20,585,CHEMBOND,EQ,19243,9785,50.85
20,586,CHEMCON,EQ,340950,124149,36.41
20,587,CHEMFAB,EQ,7543,5142,68.17
20,588,CHEMPLASTS,EQ,349483,141200,40.40
20,589,CHENNPETRO,EQ,446607,225147,50.41
20,590,CHETANA,SM,92800,59200,63.79
20,591,CHEVIOT,EQ,3930,2550,64.89
20,592,CHOICEIN,EQ,349494,102482,29.32
20,593,CHOLAFIN,EQ,2974425,1488819,50.05
20,594,CHOLAHLDNG,EQ,345022,256950,74.47
20,595,CIEINDIA,EQ,186526,78104,41.87
20,596,CIGNITITEC,EQ,36433,26955,73.99
20,597,CINELINE,EQ,14678,8105,55.22
20,598,CINEVISTA,EQ,67589,40712,60.23
20,599,CIPLA,EQ,1570234,655918,41.77
20,600,CLEAN,EQ,163525,72320,44.23
20,601,CLEDUCATE,EQ,771170,228087,29.58
20,602,CLOUD,ST,250000,224000,89.60
20,603,CLSEL,EQ,61153,35100,57.40
20,604,CLSL,SM,284000,178000,62.68
20,605,CMMIPL,ST,48000,27000,56.25
20,606,CMNL,SM,474000,276000,58.23
20,607,CMRSL,SM,1600,1600,100.00
20,608,CMSINFO,EQ,664350,537754,80.94
20,609,COALINDIA,EQ,7865530,5066483,64.41
20,610,COASTCORP,EQ,25882,17478,67.53
20,611,COCHINSHIP,EQ,896011,315630,35.23
20,612,COFORGE,EQ,263887,88404,33.50
20,613,COLPAL,EQ,453276,310004,68.39
20,614,COMMITTED,SM,3200,3200,100.00
20,615,COMMOIETF,EQ,109492,81678,74.60
20,616,COMPUSOFT,EQ,1226447,398153,32.46
20,617,COMSYN,EQ,44295,10051,22.69
20,618,CONCOR,EQ,1151524,710591,61.71
20,619,CONCORDBIO,EQ,40635,20439,50.30
20,620,CONFIPET,EQ,3032704,1319046,43.49
20,621,CONS,EQ,2852,2101,73.67
20,622,CONSOFINVT,EQ,62954,37381,59.38
20,623,CONSUMBEES,EQ,169400,107038,63.19
20,624,CONSUMIETF,EQ,17924,11292,63.00
20,625,CONTI,ST,39996,36663,91.67
20,626,CONTROLPR,EQ,67417,38421,56.99
20,627,COOLCAPS,SM,11750,11500,97.87
20,628,CORALFINAC,EQ,65645,38784,59.08
20,629,COROMANDEL,EQ,379612,177327,46.71
20,630,COSMOFIRST,EQ,598318,372355,62.23
20,631,CPS,SM,600,600,100.00
20,632,CPSEETF,EQ,3177236,2075194,65.31
20,633,CRAFTSMAN,EQ,68734,12926,18.81
20,634,CRAYONS,SM,34000,28000,82.35
20,635,CREATIVE,EQ,18248,9417,51.61
20,636,CREDITACC,EQ,175342,133067,75.89
20,637,CREST,EQ,200488,65159,32.50
20,638,CRISIL,EQ,33285,16504,49.58
20,639,CROMPTON,EQ,2188766,1201978,54.92
20,640,CSBBANK,EQ,248546,119101,47.92
20,641,CSLFINANCE,EQ,95295,51339,53.87
20,642,CUB,EQ,2346357,1136419,48.43
20,643,CUMMINSIND,EQ,704348,449367,63.80
20,644,CYBERMEDIA,EQ,11850,9172,77.40
20,645,CYBERTECH,EQ,128724,57761,44.87
20,646,CYIENT,EQ,181900,91358,50.22
20,647,CYIENTDLM,EQ,247078,139975,56.65
20,648,DABUR,EQ,1428673,783856,54.87
20,649,DALBHARAT,EQ,212638,136544,64.21
20,650,DALMIASUG,EQ,88180,38412,43.56
20,651,DAMODARIND,EQ,17465,8994,51.50
20,652,DANGEE,EQ,329342,197925,60.10
20,653,DATAMATICS,EQ,3552943,729895,20.54
20,654,DATAPATTNS,EQ,70613,34409,48.73
20,655,DAVANGERE,EQ,12370263,6596217,53.32
20,656,DBCORP,EQ,129700,67413,51.98
20,657,DBL,EQ,2520688,659506,26.16
20,658,DBOL,EQ,87852,55206,62.84
20,659,DBREALTY,EQ,1960857,1177646,60.06
20,660,DBSTOCKBRO,EQ,31917,4282,13.42
20,661,DCAL,EQ,1120389,485351,43.32
20,662,DCBBANK,EQ,841717,420094,49.91
20,663,DCG,ST,28800,26400,91.67
20,664,DCMSHRIRAM,EQ,146497,51719,35.30
20,665,DCMSRIND,EQ,114390,69312,60.59
20,666,DCW,EQ,7661310,3680501,48.04
20,667,DECCANCE,EQ,15488,9014,58.20
20,668,DEEDEV,EQ,425272,153505,36.10
20,669,DEEM,SM,8000,8000,100.00
20,670,DEEPAKFERT,EQ,1312502,249087,18.98
20,671,DEEPAKNTR,EQ,769076,266603,34.67
20,672,DEEPENR,EQ,38197,19235,50.36
20,673,DEEPINDS,EQ,386997,180632,46.68
20,674,DELAPLEX,SM,18000,15600,86.67
20,675,DELHIVERY,EQ,2091665,1469266,70.24
20,676,DELTACORP,EQ,6532656,2616749,40.06
20,677,DELTAMAGNT,EQ,4758,3305,69.46
20,678,DEN,EQ,1133207,416599,36.76
20,679,DENEERS,SM,2400,2400,100.00
20,680,DENORA,EQ,5578,3498,62.71
20,681,DENTALKART,SM,40750,37000,90.80
20,682,DESTINY,SM,9000,9000,100.00
20,683,DEVIT,EQ,32449,17689,54.51
20,684,DEVYANI,EQ,2932597,1651541,56.32
20,685,DHAMPURSUG,EQ,404593,170007,42.02
20,686,DHANBANK,EQ,1167442,768937,65.87
20,687,DHANI,EQ,12397385,4951179,39.94
20,688,DHANUKA,EQ,72353,26396,36.48
20,689,DHARIWAL,SM,72000,61200,85.00
20,690,DHARMAJ,EQ,95692,41700,43.58
20,691,DHTL,ST,6400,6400,100.00
20,692,DHUNINV,EQ,12627,5401,42.77
20,693,DIAMINESQ,EQ,12802,8244,64.40
20,694,DIAMONDYD,EQ,66605,33283,49.97
20,695,DIGIKORE,ST,6600,5800,87.88
20,696,DIL,EQ,3064540,1861167,60.73
20,697,DISHTV,EQ,31863984,9651156,30.29
20,698,DIVGIITTS,EQ,46286,23848,51.52
20,699,DIVISLAB,EQ,400046,166398,41.59
20,700,DIVOPPBEES,EQ,42867,34792,81.16
20,701,DIXON,EQ,359710,131601,36.59
20,702,DLF,EQ,3312432,1590089,48.00
20,703,DLINKINDIA,EQ,115152,51816,45.00
20,704,DLSL25,NW,1,1,100.00
20,705,DLSL25A,Y4,7,7,100.00
20,706,DMART,EQ,144910,70099,48.37
20,707,DMCC,EQ,16940,10641,62.82
20,708,DODLA,EQ,27414,16517,60.25
20,709,DOLATALGO,EQ,1005450,477865,47.53
20,710,DOLLAR,EQ,67145,21123,31.46
20,711,DOLLEX,SM,8000,8000,100.00
20,712,DOMS,EQ,97855,44429,45.40
20,713,DPABHUSHAN,EQ,5273,2076,39.37
20,714,DPEL,SM,78000,45000,57.69
20,715,DPSCLTD,EQ,1127544,651741,57.80
20,716,DPWIRES,EQ,33453,20570,61.49
20,717,DREAMFOLKS,EQ,211610,116473,55.04
20,718,DRONE,ST,56000,52000,92.86
20,719,DRREDDY,EQ,455417,361274,79.33
20,720,DSSL,EQ,43999,19586,44.51
20,721,DTIL,EQ,24545,11146,45.41
20,722,DTL,SM,13200,9600,72.73
20,723,DUCOL,ST,16000,15200,95.00
20,724,DUCON,EQ,9593641,5933041,61.84
20,725,DUGLOBAL,SM,10000,10000,100.00
20,726,DURLAX,SM,108000,72000,66.67
20,727,DVL,EQ,74290,22315,30.04
20,728,DWARKESH,EQ,650735,262691,40.37
20,729,DYCL,EQ,62514,41451,66.31
20,730,DYNAMATECH,EQ,8492,4629,54.51
20,731,DYNAMIC,SM,61000,48000,78.69
20,732,EASEMYTRIP,EQ,11854704,2686281,22.66
20,733,EBBETF0425,EQ,77535,77460,99.90
20,734,EBBETF0430,EQ,5954,5658,95.03
20,735,EBBETF0431,EQ,6586,6570,99.76
20,736,EBBETF0433,EQ,1905,1771,92.97
20,737,ECLERX,EQ,547806,202462,36.96
20,738,EDELWEISS,EQ,13083658,4539480,34.70
20,739,EFACTOR,SM,9600,6400,66.67
20,740,EFFWA,SM,336000,238400,70.95
20,741,EFORCE,SM,91200,67200,73.68
20,742,EGOLD,EQ,2193,1968,89.74
20,743,EICHERMOT,EQ,382109,240203,62.86
20,744,EIDPARRY,EQ,465560,260094,55.87
20,745,EIFFL,EQ,32122,26362,82.07
20,746,EIHAHOTELS,EQ,30114,17430,57.88
20,747,EIHOTEL,EQ,404105,235326,58.23
20,748,EIMCOELECO,EQ,4095,4095,100.00
20,749,EKC,EQ,2806674,892336,31.79
20,750,ELDEHSG,EQ,2243,1477,65.85
20,751,ELECON,EQ,256392,142358,55.52
20,752,ELECTCAST,EQ,3781336,1779467,47.06
20,753,ELGIEQUIP,EQ,390093,156055,40.00
20,754,ELIN,EQ,553145,201490,36.43
20,755,EMAMILTD,EQ,1097883,324208,29.53
20,756,EMAMIPAP,EQ,272721,113329,41.55
20,757,EMAMIREAL,EQ,1466337,634940,43.30
20,758,EMBASSY,RR,479665,439188,91.56
20,759,EMBDL,EQ,23116368,9234651,39.95
20,760,EMCURE,EQ,181716,88025,48.44
20,761,EMIL,EQ,965898,423377,43.83
20,762,EMKAYTOOLS,SM,1200,1200,100.00
20,763,EMMBI,EQ,209785,95204,45.38
20,764,EMMIL,SM,59000,50000,84.75
20,765,EMSLIMITED,EQ,283197,147100,51.94
20,766,EMUDHRA,EQ,77310,29606,38.30
20,767,ENDURANCE,EQ,65606,41209,62.81
20,768,ENFUSE,ST,21600,20400,94.44
20,769,ENGINERSIN,EQ,2663524,1204896,45.24
20,770,ENIL,EQ,66232,32356,48.85
20,771,ENSER,SM,6000,6000,100.00
20,772,ENTERO,EQ,25588,15404,60.20
20,773,EPACK,EQ,626384,369316,58.96
20,774,EPIGRAL,EQ,115386,46210,40.05
20,775,EPL,EQ,2842280,1095449,38.54
20,776,EQUAL50ADD,EQ,3228,2493,77.23
20,777,EQUITASBNK,EQ,4214362,2481227,58.88
20,778,ERIS,EQ,141460,70512,49.85
20,779,EROSMEDIA,EQ,486916,287203,58.98
20,780,ESABINDIA,EQ,6096,2537,41.62
20,781,ESAFSFB,EQ,907372,625685,68.96
20,782,ESCONET,ST,41600,33600,80.77
20,783,ESCORTS,EQ,195737,70393,35.96
20,784,ESFL,SM,732600,467400,63.80
20,785,ESG,EQ,11591,10060,86.79
20,786,ESILVER,EQ,3804,3348,88.01
20,787,ESPRIT,SM,94400,60800,64.41
20,788,ESSENTIA,EQ,11910760,6169253,51.80
20,789,ESTER,EQ,399516,202676,50.73
20,790,ETHOSLTD,EQ,30192,14092,46.67
20,791,EUROBOND,SM,18000,12000,66.67
20,792,EUROTEXIND,EQ,7962,6443,80.92
20,793,EVEREADY,EQ,344565,146024,42.38
20,794,EVERESTIND,EQ,12253,6059,49.45
20,795,EVINDIA,EQ,552612,463984,83.96
20,796,EXCELINDUS,EQ,48236,18064,37.45
20,797,EXIDEIND,EQ,3493620,1656164,47.41
20,798,EXPLEOSOL,EQ,49606,23519,47.41
20,799,EXXARO,EQ,36164,18774,51.91
20,800,FACT,EQ,960021,156187,16.27
20,801,FAIRCHEMOR,EQ,14857,5807,39.09
20,802,FALCONTECH,SM,4800,3600,75.00
20,803,FAZE3Q,EQ,17439,8261,47.37
20,804,FCL,EQ,355515,145126,40.82
20,805,FCSSOFT,EQ,4261371,2395524,56.21
20,806,FDC,EQ,460409,243446,52.88
20,807,FEDERALBNK,EQ,6295365,3893751,61.85
20,808,FEDFINA,EQ,3326597,2168242,65.18
20,809,FELIX,SM,389000,209000,53.73
20,810,FIDEL,SM,46000,36000,78.26
20,811,FIEMIND,EQ,171333,79584,46.45
20,812,FILATEX,EQ,3546914,1244117,35.08
20,813,FILATFASH,EQ,87900617,43104515,49.04
20,814,FINCABLES,EQ,194847,108009,55.43
20,815,FINEORG,EQ,51806,18556,35.82
20,816,FINIETF,EQ,265232,192228,72.48
20,817,FINOPB,EQ,644865,237519,36.83
20,818,FINPIPE,EQ,465061,231001,49.67
20,819,FIRSTCRY,EQ,1029636,419999,40.79
20,820,FIVESTAR,EQ,217951,143697,65.93
20,821,FLAIR,EQ,79263,50050,63.14
20,822,FLUOROCHEM,EQ,665864,430920,64.72
20,823,FMCGIETF,EQ,461534,416060,90.15
20,824,FMGOETZE,EQ,89928,58816,65.40
20,825,FMNL,EQ,290063,249763,86.11
20,826,FOCE,SM,200,200,100.00
20,827,FONEBOX,SM,1000,1000,100.00
20,828,FOODSIN,EQ,126398,81149,64.20
20,829,FORCAS,ST,35200,35200,100.00
20,830,FORCEMOT,EQ,20638,12193,59.08
20,831,FORTIS,EQ,794329,392346,49.39
20,832,FOSECOIND,EQ,1570,817,52.04
20,833,FROG,SM,23600,17200,72.88
20,834,FSL,EQ,4889548,1475841,30.18
20,835,FUSION,EQ,482882,273340,56.61
20,836,GABRIEL,EQ,274912,135091,49.14
20,837,GAEL,EQ,16003269,3548917,22.18
20,838,GAIL,EQ,11974901,6905443,57.67
20,839,GALAXYSURF,EQ,13416,6951,51.81
20,840,GANDHAR,EQ,160803,82016,51.00
20,841,GANDHITUBE,EQ,1744,1266,72.59
20,842,GANECOS,EQ,44306,25125,56.71
20,843,GANESHBE,EQ,124354,69157,55.61
20,844,GANESHHOUC,EQ,60286,37696,62.53
20,845,GANGAFORGE,EQ,4620666,2784170,60.25
20,846,GANGESSECU,EQ,15832,9790,61.84
20,847,GARFIBRES,EQ,34360,13421,39.06
20,848,GATECH,EQ,1259097,805542,63.98
20,849,GATEWAY,EQ,987595,741294,75.06
20,850,GEECEE,EQ,174481,66567,38.15
20,851,GEEKAYWIRE,EQ,327522,187703,57.31
20,852,GENESYS,EQ,503880,215037,42.68
20,853,GENSOL,EQ,220237,96696,43.91
20,854,GENUSPAPER,EQ,2395944,887280,37.03
20,855,GENUSPOWER,EQ,919908,566875,61.62
20,856,GEOJITFSL,EQ,1923261,672048,34.94
20,857,GESHIP,EQ,910128,365414,40.15
20,858,GFLLIMITED,EQ,50582,28381,56.11
20,859,GGBL,SM,148200,93000,62.75
20,860,GHCL,EQ,1299963,282396,21.72
20,861,GHCLTEXTIL,EQ,427326,199843,46.77
20,862,GICHSGFIN,EQ,204775,108513,52.99
20,863,GICRE,EQ,2452845,720458,29.37
20,864,GILLANDERS,EQ,76594,37530,49.00
20,865,GILLETTE,EQ,101794,33315,32.73
20,866,GILT5YBEES,EQ,355624,267527,75.23
20,867,GINNIFILA,EQ,129429,88694,68.53
20,868,GIPCL,EQ,3378428,1371056,40.58
20,869,GIRIRAJ,SM,1000,1000,100.00
20,870,GKWLIMITED,EQ,1248,869,69.63
20,871,GLAND,EQ,1012396,788756,77.91
20,872,GLAXO,EQ,95840,56600,59.06
20,873,GLENMARK,EQ,800190,422519,52.80
20,874,GLOBAL,EQ,272004,144967,53.30
20,875,GLOBALPET,SM,96000,61500,64.06
20,876,GLOBUSSPR,EQ,78566,38861,49.46
20,877,GLOSTERLTD,EQ,1968,1027,52.18
20,878,GLS,EQ,129757,73026,56.28
20,879,GMBREW,EQ,56107,28279,50.40
20,880,GMDCLTD,EQ,539449,217129,40.25
20,881,GMMPFAUDLR,EQ,91650,70951,77.42
20,882,GMRINFRA,EQ,18564985,12203555,65.73
20,883,GMRP&UI,EQ,10635861,4467914,42.01
20,884,GNA,EQ,60591,39228,64.74
20,885,GNFC,EQ,2378178,693535,29.16
20,886,GOACARBON,EQ,235959,60563,25.67
20,887,GOCLCORP,EQ,579647,250555,43.23
20,888,GOCOLORS,EQ,26164,11545,44.13
20,889,GODFRYPHLP,EQ,89999,25386,28.21
20,890,GODIGIT,EQ,3781628,2685422,71.01
20,891,GODREJAGRO,EQ,121137,47774,39.44
20,892,GODREJCP,EQ,450900,247598,54.91
20,893,GODREJIND,EQ,1182813,212305,17.95
20,894,GODREJPROP,EQ,420161,194295,46.24
20,895,GOKEX,EQ,277969,122351,44.02
20,896,GOKUL,EQ,502609,251494,50.04
20,897,GOKULAGRO,EQ,338903,110205,32.52
20,898,GOLD1,EQ,835655,614794,73.57
20,899,GOLDBEES,EQ,16238244,14242468,87.71
20,900,GOLDCASE,EQ,326719,299138,91.56
20,901,GOLDETF,EQ,79331,64716,81.58
20,902,GOLDETFADD,EQ,588775,587587,99.80
20,903,GOLDIAM,EQ,4242092,1275791,30.07
20,904,GOLDIETF,EQ,1033811,836935,80.96
20,905,GOLDSHARE,EQ,147521,132633,89.91
20,906,GOLDSTAR,SM,225000,168750,75.00
20,907,GOLDTECH,EQ,40045,25925,64.74
20,908,GOODLUCK,EQ,930979,414170,44.49
20,909,GOPAL,EQ,134765,88963,66.01
20,910,GOYALALUM,EQ,165673,126052,76.08
20,911,GOYALSALT,SM,22200,17400,78.38
20,912,GPECO,SM,40800,28800,70.59
20,913,GPIL,EQ,619675,344953,55.67
20,914,GPPL,EQ,1539917,695479,45.16
20,915,GPTHEALTH,EQ,258530,135536,52.43
20,916,GRANULES,EQ,3167568,1519161,47.96
20,917,GRAPHISAD,SM,22800,20400,89.47
20,918,GRAPHITE,EQ,332571,157784,47.44
20,919,GRASIM,EQ,1450595,1223903,84.37
20,920,GRASIMPP1,E1,7394,6852,92.67
20,921,GRAVITA,EQ,237280,106936,45.07
20,922,GRCL,SM,500,500,100.00
20,923,GREAVESCOT,EQ,4036451,1686819,41.79
20,924,GREENCHEF,SM,75200,49600,65.96
20,925,GREENLAM,EQ,24625,16154,65.60
20,926,GREENPANEL,EQ,257862,150558,58.39
20,927,GREENPLY,EQ,511293,171182,33.48
20,928,GREENPOWER,EQ,6001139,3980252,66.32
20,929,GRINDWELL,EQ,31752,17219,54.23
20,930,GRINFRA,EQ,27038,16168,59.80
20,931,GRMOVER,EQ,228030,120658,52.91
20,932,GROBTEA,EQ,401,286,71.32
20,933,GROWWEV,EQ,2097055,1723816,82.20
20,934,GRSE,EQ,604641,198929,32.90
20,935,GRWRHITECH,EQ,127137,79419,62.47
20,936,GSEC10ABSL,EQ,196,195,99.49
20,937,GSEC10IETF,EQ,156,156,100.00
20,938,GSEC10YEAR,EQ,9244,5906,63.89
20,939,GSEC5IETF,EQ,102,102,100.00
20,940,GSFC,EQ,2976764,745281,25.04
20,941,GSLSU,EQ,1816089,455486,25.08
20,942,GSMFOILS,ST,208000,196000,94.23
20,943,GSPL,EQ,36033473,7059228,19.59
20,944,GSTL,ST,121000,84000,69.42
20,945,GTL,EQ,1750023,1143762,65.36
20,946,GTLINFRA,EQ,86043762,48671681,56.57
20,947,GTPL,EQ,161521,65270,40.41
20,948,GUFICBIO,EQ,1134999,329560,29.04
20,949,GUJALKALI,EQ,88731,44619,50.29
20,950,GUJAPOLLO,EQ,190286,105070,55.22
20,951,GUJGASLTD,EQ,992885,437386,44.05
20,952,GUJRAFFIA,EQ,4952,3487,70.42
20,953,GULFOILLUB,EQ,207242,85769,41.39
20,954,GULFPETRO,EQ,5247263,1614240,30.76
20,955,GULPOLY,EQ,239039,126164,52.78
20,956,GVPTECH,EQ,114821,75427,65.69
20,957,HAL,EQ,1074033,524747,48.86
20,958,HAPPSTMNDS,EQ,391253,185854,47.50
20,959,HAPPYFORGE,EQ,18688,9659,51.69
20,960,HARDWYN,EQ,148892,99225,66.64
20,961,HARIOMPIPE,EQ,197057,80485,40.84
20,962,HARRMALAYA,EQ,65206,45187,69.30
20,963,HARSHA,EQ,89469,38876,43.45
20,964,HATHWAY,EQ,4361354,2146499,49.22
20,965,HATSUN,EQ,26941,15907,59.04
20,966,HAVELLS,EQ,1032266,398757,38.63
20,967,HAVISHA,EQ,72612,54294,74.77
20,968,HBLPOWER,EQ,2769841,885648,31.97
20,969,HCC,EQ,12518580,4157157,33.21
20,970,HCG,EQ,278446,123689,44.42
20,971,HCL-INSYS,EQ,157375,109020,69.27
20,972,HCLTECH,EQ,3556487,1217190,34.22
20,973,HDFCAMC,EQ,829461,408945,49.30
20,974,HDFCBANK,EQ,17886622,11020707,61.61
20,975,HDFCBSE500,EQ,38796,27086,69.82
20,976,HDFCGOLD,EQ,2995354,2842437,94.89
20,977,HDFCGROWTH,EQ,5917,4921,83.17
20,978,HDFCLIFE,EQ,5627130,2763739,49.11
20,979,HDFCLIQUID,EQ,2089,1756,84.06
20,980,HDFCLOWVOL,EQ,17111,14984,87.57
20,981,HDFCMID150,EQ,237525,165801,69.80
20,982,HDFCMOMENT,EQ,334876,255743,76.37
20,983,HDFCNEXT50,EQ,29422,26657,90.60
20,984,HDFCNIF100,EQ,66062,59520,90.10
20,985,HDFCNIFBAN,EQ,44480,35488,79.78
20,986,HDFCNIFIT,EQ,55545,33910,61.05
20,987,HDFCNIFTY,EQ,25668,14400,56.10
20,988,HDFCPSUBK,EQ,41490,35937,86.62
20,989,HDFCPVTBAN,EQ,152110,129428,85.09
20,990,HDFCQUAL,EQ,12259,7386,60.25
20,991,HDFCSENSEX,EQ,33058,30261,91.54
20,992,HDFCSILVER,EQ,210738,170308,80.82
20,993,HDFCSML250,EQ,315761,228181,72.26
20,994,HDFCVALUE,EQ,12361,8114,65.64
20,995,HEADSUP,EQ,462683,280482,60.62
20,996,HEALTHADD,EQ,8528,8351,97.92
20,997,HEALTHIETF,EQ,26350,13434,50.98
20,998,HEALTHY,EQ,290504,223220,76.84
20,999,HEG,EQ,81694,41660,51.00
20,1000,HEIDELBERG,EQ,215504,117923,54.72
20,1001,HEMIPROP,EQ,476607,186096,39.05
20,1002,HERANBA,EQ,93648,40795,43.56
20,1003,HERCULES,EQ,18604,10627,57.12
20,1004,HERITGFOOD,EQ,430652,289961,67.33
20,1005,HEROMOTOCO,EQ,672259,460434,68.49
20,1006,HESTERBIO,EQ,5890,3341,56.72
20,1007,HEUBACHIND,EQ,183566,75140,40.93
20,1008,HEXATRADEX,EQ,36866,25799,69.98
20,1009,HFCL,EQ,25519951,5683308,22.27
20,1010,HGINFRA,EQ,209292,149626,71.49
20,1011,HGS,EQ,132822,38214,28.77
20,1012,HIGREEN,SM,34400,22400,65.12
20,1013,HIKAL,EQ,115683,51599,44.60
20,1014,HIL,EQ,22102,14337,64.87
20,1015,HILTON,EQ,581794,266129,45.74
20,1016,HIMATSEIDE,EQ,2510675,1179481,46.98
20,1017,HINDALCO,EQ,6465241,3747632,57.97
20,1018,HINDCOMPOS,EQ,18714,9460,50.55
20,1019,HINDCON,EQ,181640,90769,49.97
20,1020,HINDCOPPER,EQ,20065763,7764086,38.69
20,1021,HINDOILEXP,EQ,714032,309616,43.36
20,1022,HINDPETRO,EQ,7476660,2628751,35.16
20,1023,HINDUNILVR,EQ,1357212,986503,72.69
20,1024,HINDWAREAP,EQ,84590,43048,50.89
20,1025,HINDZINC,EQ,5904226,3831731,64.90
20,1026,HIRECT,EQ,37003,21086,56.98
20,1027,HISARMETAL,EQ,3969,3615,91.08
20,1028,HITECH,EQ,2607689,1238345,47.49
20,1029,HITECHCORP,EQ,15491,9108,58.80
20,1030,HITECHGEAR,EQ,15659,10839,69.22
20,1031,HLEGLAS,EQ,90632,55447,61.18
20,1032,HLVLTD,EQ,361528,227233,62.85
20,1033,HMAAGRO,EQ,162391,118145,72.75
20,1034,HMVL,EQ,44322,23830,53.77
20,1035,HNDFDS,EQ,60673,26313,43.37
20,1036,HNGSNGBEES,EQ,66106,43621,65.99
20,1037,HOACFOODS,SM,3000,3000,100.00
20,1038,HOLMARC,SM,10500,9000,85.71
20,1039,HOMEFIRST,EQ,271778,157872,58.09
20,1040,HOMESFY,SM,4200,4200,100.00
20,1041,HONASA,EQ,3315726,499367,15.06
20,1042,HONAUT,EQ,4724,2959,62.64
20,1043,HONDAPOWER,EQ,5652,2232,39.49
20,1044,HOVS,EQ,45731,19969,43.67
20,1045,HPAL,EQ,237957,128354,53.94
20,1046,HPIL,EQ,3532,2027,57.39
20,1047,HPL,EQ,269535,139125,51.62
20,1048,HRHNEXT,SM,21000,21000,100.00
20,1049,HSCL,EQ,1975531,627945,31.79
20,1050,HTMEDIA,EQ,278358,113405,40.74
20,1051,HUDCO,EQ,4550366,1534145,33.71
20,1052,HUHTAMAKI,EQ,190218,106512,55.99
20,1053,IBLFL,SM,4000,4000,100.00
20,1054,ICEMAKE,EQ,14146,8478,59.93
20,1055,ICICIB22,EQ,1112598,821711,73.86
20,1056,ICICIBANK,EQ,16295325,9162721,56.23
20,1057,ICICIGI,EQ,1057812,587051,55.50
20,1058,ICICIPRULI,EQ,3156537,1460423,46.27
20,1059,ICIL,EQ,839530,435709,51.90
20,1060,ICRA,EQ,2358,1482,62.85
20,1061,IDBI,EQ,6563148,2734333,41.66
20,1062,IDEA,EQ,415465213,174761897,42.06
20,1063,IDEAFORGE,EQ,128791,56155,43.60
20,1064,IDFC,EQ,5561897,2519138,45.29
20,1065,IDFCFIRSTB,EQ,17028051,7961688,46.76
20,1066,IDFNIFTYET,EQ,1724,1711,99.25
20,1067,IEL,EQ,1393873,887710,63.69
20,1068,IEML,SM,19000,15000,78.95
20,1069,IEX,EQ,19944502,8456602,42.40
20,1070,IFBIND,EQ,41858,17366,41.49
20,1071,IFCI,EQ,9350042,3377463,36.12
20,1072,IFCIZC24,NI,10,10,100.00
20,1073,IFGLEXPOR,EQ,25300,13176,52.08
20,1074,IGARASHI,EQ,335386,95089,28.35
20,1075,IGL,EQ,1427104,781612,54.77
20,1076,IGPL,EQ,320194,117136,36.58
20,1077,IIFL,EQ,468928,226523,48.31
20,1078,IIFLSEC,EQ,1088681,444594,40.84
20,1079,IIFLZC25,ND,30,30,100.00
20,1080,IIFLZC25A,NP,122,122,100.00
20,1081,IIFLZC25C,N8,25,25,100.00
20,1082,IIFLZC28,NG,149,149,100.00
20,1083,IKIO,EQ,129577,60374,46.59
20,1084,IMAGICAA,EQ,3764660,1408590,37.42
20,1085,IMC1,N0,234,234,100.00
20,1086,IMC1,N1,10,10,100.00
20,1087,IMC1,N2,329,329,100.00
20,1088,IMC1,N3,119,119,100.00
20,1089,IMFA,EQ,74538,47918,64.29
20,1090,IMPAL,EQ,1950,1014,52.00
20,1091,INDBANK,EQ,49453,30210,61.09
20,1092,INDGN,EQ,257552,140182,54.43
20,1093,INDHOTEL,EQ,2847909,1432563,50.30
20,1094,INDIACEM,EQ,1177465,492810,41.85
20,1095,INDIAGLYCO,EQ,119927,51002,42.53
20,1096,INDIAMART,EQ,245703,99278,40.41
20,1097,INDIANB,EQ,482197,245969,51.01
20,1098,INDIANCARD,EQ,8691,6327,72.80
20,1099,INDIANHUME,EQ,206139,77257,37.48
20,1100,INDIASHLTR,EQ,112735,62718,55.63
20,1101,INDIFRA,SM,6000,4000,66.67
20,1102,INDIGO,EQ,1051934,476092,45.26
20,1103,INDIGOPNTS,EQ,29381,12733,43.34
20,1104,INDIGRID,IV,2329648,2159936,92.72
20,1105,INDNIPPON,EQ,70101,39199,55.92
20,1106,INDOAMIN,EQ,517693,154651,29.87
20,1107,INDOBORAX,EQ,251778,140304,55.73
20,1108,INDOCO,EQ,224781,137388,61.12
20,1109,INDORAMA,EQ,122367,52556,42.95
20,1110,INDOSTAR,EQ,167867,92904,55.34
20,1111,INDOTHAI,EQ,362151,169931,46.92
20,1112,INDRAMEDCO,EQ,553802,244560,44.16
20,1113,INDSWFTLTD,EQ,108392,66000,60.89
20,1114,INDTERRAIN,EQ,92974,43199,46.46
20,1115,INDUSINDBK,EQ,1167406,548472,46.98
20,1116,INDUSTOWER,EQ,6392653,3399648,53.18
20,1117,INFIBEAM,EQ,13758693,6740076,48.99
20,1118,INFINIUM,SM,3500,3000,85.71
20,1119,INFOBEAN,EQ,39662,17627,44.44
20,1120,INFOLLION,ST,7200,7200,100.00
20,1121,INFRABEES,EQ,17600,10137,57.60
20,1122,INFRAIETF,EQ,52274,34397,65.80
20,1123,INFY,EQ,3830679,2434852,63.56
20,1124,INGERRAND,EQ,6882,4001,58.14
20,1125,INNOVACAP,EQ,165536,81302,49.11
20,1126,INNOVANA,SM,400,400,100.00
20,1127,INOXGREEN,EQ,3441304,1229410,35.73
20,1128,INOXINDIA,EQ,238263,156448,65.66
20,1129,INOXWIND,EQ,10885837,3253983,29.89
20,1130,INSECTICID,EQ,72282,42472,58.76
20,1131,INSPIRE,SM,12000,8000,66.67
20,1132,INTELLECT,EQ,101504,61028,60.12
20,1133,INTERARCH,EQ,923120,370333,40.12
20,1134,INTLCONV,EQ,244111,92659,37.96
20,1135,INVENTURE,EQ,54121772,15592299,28.81
20,1136,IOB,EQ,3967400,1457549,36.74
20,1137,IOC,EQ,11132430,5341240,47.98
20,1138,IOLCP,EQ,420840,185488,44.08
20,1139,IONEXCHANG,EQ,287894,132971,46.19
20,1140,IPCALAB,EQ,247309,82369,33.31
20,1141,IPL,EQ,435754,185160,42.49
20,1142,IRB,EQ,13299429,7386725,55.54
20,1143,IRBINVIT,IV,293682,265026,90.24
20,1144,IRCON,EQ,3751987,1285592,34.26
20,1145,IRCTC,EQ,707733,319185,45.10
20,1146,IREDA,EQ,12343641,3329041,26.97
20,1147,IRFC,EQ,12765877,3963049,31.04
20,1148,IRISDOREME,EQ,348934,137151,39.31
20,1149,IRMENERGY,EQ,278374,174745,62.77
20,1150,ISEC,EQ,269689,129126,47.88
20,1151,ISFT,EQ,1471593,490666,33.34
20,1152,ISGEC,EQ,130492,57299,43.91
20,1153,ISHAN,ST,1248000,1248000,100.00
20,1154,IT,EQ,47730,34468,72.21
20,1155,ITALIANE,SM,102000,94000,92.16
20,1156,ITBEES,EQ,2745783,1613331,58.76
20,1157,ITC,EQ,7954114,4939849,62.10
20,1158,ITDC,EQ,31675,9676,30.55
20,1159,ITDCEM,EQ,434532,193161,44.45
20,1160,ITETF,EQ,178563,164120,91.91
20,1161,ITETFADD,EQ,6143,4308,70.13
20,1162,ITI,EQ,812221,182492,22.47
20,1163,ITIETF,EQ,335048,136412,40.71
20,1164,IVZINGOLD,EQ,120,84,70.00
20,1165,IXIGO,EQ,2514152,1006616,40.04
20,1166,JAGRAN,EQ,192049,104191,54.25
20,1167,JAGSNPHARM,EQ,214977,83920,39.04
20,1168,JAICORPLTD,EQ,1489930,496958,33.35
20,1169,JAIPURKURT,EQ,512146,277336,54.15
20,1170,JALAN,SM,999000,723000,72.37
20,1171,JAMNAAUTO,EQ,1340344,771768,57.58
20,1172,JASH,EQ,19952,11637,58.32
20,1173,JAYAGROGN,EQ,241254,71533,29.65
20,1174,JAYBARMARU,EQ,357316,162423,45.46
20,1175,JAYNECOIND,EQ,335318,185506,55.32
20,1176,JAYSREETEA,EQ,170401,91457,53.67
20,1177,JBCHEPHARM,EQ,338497,156425,46.21
20,1178,JBMA,EQ,71984,33183,46.10
20,1179,JCHAC,EQ,20939,13149,62.80
20,1180,JETFREIGHT,EQ,5541932,2360519,42.59
20,1181,JFLLIFE,ST,6000,6000,100.00
20,1182,JGCHEM,EQ,347871,152217,43.76
20,1183,JHS,EQ,913121,650619,71.25
20,1184,JINDALPHOT,EQ,21628,8061,37.27
20,1185,JINDALPOLY,EQ,422577,222661,52.69
20,1186,JINDALSAW,EQ,663092,272267,41.06
20,1187,JINDALSTEL,EQ,983842,473836,48.16
20,1188,JINDRILL,EQ,38482,20924,54.37
20,1189,JINDWORLD,EQ,128417,94451,73.55
20,1190,JIOFIN,EQ,16600233,9358991,56.38
20,1191,JISLDVREQS,EQ,259121,147728,57.01
20,1192,JISLJALEQS,EQ,3825929,1516651,39.64
20,1193,JITFINFRA,EQ,68663,30322,44.16
20,1194,JIWANRAM,SM,42000,30000,71.43
20,1195,J&KBANK,EQ,2027078,1232499,60.80
20,1196,JKCEMENT,EQ,109114,57415,52.62
20,1197,JKIL,EQ,97554,52703,54.02
20,1198,JKLAKSHMI,EQ,175595,94763,53.97
20,1199,JKPAPER,EQ,215405,128000,59.42
20,1200,JKTYRE,EQ,707645,269351,38.06
20,1201,JLHL,EQ,7447,3863,51.87
20,1202,JMA,EQ,142748,77052,53.98
20,1203,JMFINANCIL,EQ,15596924,3126942,20.05
20,1204,JOCIL,EQ,92881,51617,55.57
20,1205,JPOLYINVST,EQ,5913,3542,59.90
20,1206,JPPOWER,EQ,19676891,11091284,56.37
20,1207,JSFB,EQ,258633,198890,76.90
20,1208,JSL,EQ,270576,158165,58.45
20,1209,JSLL,SM,20700,19440,93.91
20,1210,JSWENERGY,EQ,2632192,1031510,39.19
20,1211,JSWHL,EQ,7008,2921,41.68
20,1212,JSWINFRA,EQ,8904177,2337623,26.25
20,1213,JSWSTEEL,EQ,2480788,1287222,51.89
20,1214,JTEKTINDIA,EQ,653461,337248,51.61
20,1215,JTLIND,EQ,2305804,1094232,47.46
20,1216,JUBLFOOD,EQ,1769224,1021213,57.72
20,1217,JUBLINDS,EQ,30229,20021,66.23
20,1218,JUBLINGREA,EQ,440939,127530,28.92
20,1219,JUBLPHARMA,EQ,838119,297145,35.45
20,1220,JUNIORBEES,EQ,121471,83136,68.44
20,1221,JUNIPER,EQ,111068,69733,62.78
20,1222,JUSTDIAL,EQ,196007,60311,30.77
20,1223,JWL,EQ,699983,365745,52.25
20,1224,JYOTHYLAB,EQ,846889,492144,58.11
20,1225,JYOTICNC,EQ,215606,110976,51.47
20,1226,JYOTISTRUC,EQ,3398101,2398230,70.58
20,1227,K2INFRA,ST,45600,43200,94.74
20,1228,KABRAEXTRU,EQ,254483,44469,17.47
20,1229,KAJARIACER,EQ,51802,28633,55.27
20,1230,KAKATCEM,EQ,39534,27758,70.21
20,1231,KALAMANDIR,EQ,250531,127736,50.99
20,1232,KALYANKJIL,EQ,4312858,1343847,31.16
20,1233,KAMATHOTEL,EQ,25348,14372,56.70
20,1234,KAMDHENU,EQ,1261933,354976,28.13
20,1235,KAMOPAINTS,EQ,25738773,10158299,39.47
20,1236,KANANIIND,EQ,2285224,1397273,61.14
20,1237,KANDARP,SM,44000,12000,27.27
20,1238,KANORICHEM,EQ,68515,33741,49.25
20,1239,KANPRPLA,EQ,31165,12466,40.00
20,1240,KANSAINER,EQ,477822,264086,55.27
20,1241,KARNIKA,SM,14800,12400,83.78
20,1242,KARURVYSYA,EQ,1634432,956747,58.54
20,1243,KATARIA,SM,54000,33600,62.22
20,1244,KAYNES,EQ,150121,60540,40.33
20,1245,KCEIL,ST,129000,112000,86.82
20,1246,KCP,EQ,364470,195993,53.77
20,1247,KCPSUGIND,EQ,521268,235391,45.16
20,1248,KDDL,EQ,19171,7341,38.29
20,1249,KDL,ST,8300,6700,80.72
20,1250,KEC,EQ,671497,273247,40.69
20,1251,KECL,EQ,213743,129069,60.39
20,1252,KEI,EQ,84288,36160,42.90
20,1253,KEL,SM,14400,13200,91.67
20,1254,KELLTONTEC,EQ,917605,371582,40.49
20,1255,KERNEX,EQ,268535,117132,43.62
20,1256,KESORAMIND,EQ,234090,108381,46.30
20,1257,KEYFINSERV,EQ,8557,4459,52.11
20,1258,KFINTECH,EQ,11480772,1494701,13.02
20,1259,KHADIM,EQ,15129,8661,57.25
20,1260,KHAICHEM,EQ,15752842,2670359,16.95
20,1261,KHANDSE,EQ,15790,6379,40.40
20,1262,KHFM,SM,89900,58900,65.52
20,1263,KILITCH,EQ,15489,10131,65.41
20,1264,KIMS,EQ,80544,44124,54.78
20,1265,KINGFA,EQ,12343,5479,44.39
20,1266,KIOCL,EQ,73464,34092,46.41
20,1267,KIRIINDUS,EQ,1978526,696060,35.18
20,1268,KIRLOSBROS,EQ,105729,71039,67.19
20,1269,KIRLOSENG,EQ,371460,308550,83.06
20,1270,KIRLOSIND,EQ,6942,5122,73.78
20,1271,KIRLPNU,EQ,47625,26247,55.11
20,1272,KITEX,EQ,444125,142709,32.13
20,1273,KKCL,EQ,31959,24398,76.34
20,1274,KLL,SM,184000,107200,58.26
20,1275,KNAGRI,ST,42400,36800,86.79
20,1276,KNRCON,EQ,748878,298079,39.80
20,1277,KODYTECH,SM,1300,1300,100.00
20,1278,KOHINOOR,EQ,41684,20056,48.11
20,1279,KOKUYOCMLN,EQ,829054,313570,37.82
20,1280,KOLTEPATIL,EQ,1531528,674449,44.04
20,1281,KONSTELEC,SM,191000,164000,85.86
20,1282,KONTOR,SM,84000,68400,81.43
20,1283,KOPRAN,EQ,618680,231307,37.39
20,1284,KORE,ST,14000,13500,96.43
20,1285,KOTAKBANK,EQ,4541696,2697127,59.39
20,1286,KOTARISUG,EQ,195139,48738,24.98
20,1287,KOTHARIPET,EQ,992651,248028,24.99
20,1288,KOTYARK,SM,11400,8500,74.56
20,1289,KPIL,EQ,192619,93323,48.45
20,1290,KPITTECH,EQ,1048434,284124,27.10
20,1291,KPRMILL,EQ,154430,73265,47.44
20,1292,KRBL,EQ,597769,325675,54.48
20,1293,KRISHANA,EQ,21076,15453,73.32
20,1294,KRISHCA,ST,180000,170500,94.72
20,1295,KRISHNADEF,ST,45500,43000,94.51
20,1296,KRITI,EQ,33524,20248,60.40
20,1297,KRITIKA,EQ,286711,202610,70.67
20,1298,KRONOX,EQ,318738,170911,53.62
20,1299,KRSNAA,EQ,81684,43846,53.68
20,1300,KRYSTAL,EQ,107001,58311,54.50
20,1301,KSB,EQ,85351,50061,58.65
20,1302,KSCL,EQ,153756,61578,40.05
20,1303,KSL,EQ,80738,48997,60.69
20,1304,KSOLVES,EQ,26131,15382,58.86
20,1305,KTKBANK,EQ,1049877,757228,72.13
20,1306,KTL,SM,60000,39000,65.00
20,1307,KUANTUM,EQ,298507,42739,14.32
20,1308,LAGNAM,EQ,47647,25743,54.03
20,1309,LAL,EQ,53407,32368,60.61
20,1310,LALPATHLAB,EQ,203338,96259,47.34
20,1311,LAMBODHARA,EQ,40037,23549,58.82
20,1312,LANCORHOL,EQ,76749,48263,62.88
20,1313,LANDMARK,EQ,145121,67300,46.38
20,1314,LAOPALA,EQ,90600,55090,60.81
20,1315,LASA,EQ,1572285,666840,42.41
20,1316,LATENTVIEW,EQ,244886,167283,68.31
20,1317,LAURUSLABS,EQ,1863007,629985,33.82
20,1318,LAWSIKHO,SM,199500,138000,69.17
20,1319,LAXMICOT,EQ,436149,112033,25.69
20,1320,LAXMIMACH,EQ,5729,3701,64.60
20,1321,LEMERITE,SM,158400,70400,44.44
20,1322,LEMONTREE,EQ,7429684,3659742,49.26
20,1323,LEXUS,EQ,18152,9805,54.02
20,1324,LFIC,EQ,7479,2147,28.71
20,1325,LGBBROSLTD,EQ,28718,19186,66.81
20,1326,LIBAS,EQ,200297,87407,43.64
20,1327,LICHSGFIN,EQ,4318499,1758885,40.73
20,1328,LICI,EQ,3116822,1222765,39.23
20,1329,LICMFGOLD,EQ,225,124,55.11
20,1330,LICNETFGSC,EQ,97090,86012,88.59
20,1331,LICNETFN50,EQ,516,364,70.54
20,1332,LICNETFSEN,EQ,40,20,50.00
20,1333,LICNFNHGP,EQ,527,394,74.76
20,1334,LICNMID100,EQ,15810,11405,72.14
20,1335,LIKHITHA,EQ,105060,56977,54.23
20,1336,LINC,EQ,18880,10236,54.22
20,1337,LINCOLN,EQ,85325,36133,42.35
20,1338,LINDEINDIA,EQ,65148,29904,45.90
20,1339,LIQUID,EQ,366214,243398,66.46
20,1340,LIQUID1,EQ,32844,20896,63.62
20,1341,LIQUIDADD,EQ,250122,177348,70.90
20,1342,LIQUIDBEES,EQ,1888320,1502560,79.57
20,1343,LIQUIDBETF,EQ,4200,2100,50.00
20,1344,LIQUIDCASE,EQ,5017281,4235180,84.41
20,1345,LIQUIDETF,EQ,2249355,2227009,99.01
20,1346,LIQUIDIETF,EQ,3077494,2289463,74.39
20,1347,LIQUIDSBI,EQ,31348,31298,99.84
20,1348,LIQUIDSHRI,EQ,984,710,72.15
20,1349,LLOYDS,SM,6000,6000,100.00
20,1350,LLOYDSENGG,EQ,2688727,1464223,54.46
20,1351,LLOYDSME,EQ,591230,211649,35.80
20,1352,LODHA,EQ,2194264,988159,45.03
20,1353,LOKESHMACH,EQ,116733,75237,64.45
20,1354,LORDSCHLO,EQ,177543,96693,54.46
20,1355,LOTUSEYE,EQ,136570,62410,45.70
20,1356,LOVABLE,EQ,340420,170431,50.06
20,1357,LOWVOL,EQ,420,285,67.86
20,1358,LOWVOL1,EQ,52446,49040,93.51
20,1359,LOWVOLIETF,EQ,4590629,4415010,96.17
20,1360,LOYALTEX,EQ,5059,2485,49.12
20,1361,LRRPL,ST,39000,39000,100.00
20,1362,LT,EQ,3315435,1682903,50.76
20,1363,LTF,EQ,4638048,1641429,35.39
20,1364,LTFOODS,EQ,903127,512641,56.76
20,1365,LTGILTBEES,EQ,5321028,5181451,97.38
20,1366,LTIM,EQ,269054,103840,38.59
20,1367,LTTS,EQ,66673,26510,39.76
20,1368,LUMAXIND,EQ,15898,11581,72.85
20,1369,LUMAXTECH,EQ,50343,23771,47.22
20,1370,LUPIN,EQ,2255865,1096613,48.61
20,1371,LUXIND,EQ,56718,22603,39.85
20,1372,LXCHEM,EQ,12679594,3714031,29.29
20,1373,LYKALABS,EQ,299765,143001,47.70
20,1374,LYPSAGEMS,EQ,391466,330178,84.34
20,1375,MAANALU,EQ,85577,39399,46.04
20,1376,MACOBSTECH,SM,8000,6400,80.00
20,1377,MADHAV,EQ,150062,80217,53.46
20,1378,MADHAVBAUG,SM,4000,3200,80.00
20,1379,MADHUSUDAN,SM,24000,16000,66.67
20,1380,MADRASFERT,EQ,704511,145660,20.68
20,1381,MAFANG,EQ,657204,381650,58.07
20,1382,MAGADSUGAR,EQ,21784,8491,38.98
20,1383,MAGNUM,EQ,319867,191872,59.98
20,1384,MAGSON,SM,4000,2000,50.00
20,1385,MAHABANK,EQ,9103447,4056934,44.56
20,1386,MAHASTEEL,EQ,258915,139139,53.74
20,1387,MAHESHWARI,EQ,128224,28800,22.46
20,1388,MAHICKRA,SM,1500,1500,100.00
20,1389,MAHKTECH,EQ,920694,788754,85.67
20,1390,MAHLIFE,EQ,195327,110975,56.81
20,1391,MAHLOG,EQ,46031,23030,50.03
20,1392,MAHSCOOTER,EQ,3378,1932,57.19
20,1393,MAHSEAMLES,EQ,891579,451781,50.67
20,1394,MAITHANALL,EQ,43596,24490,56.17
20,1395,MAITREYA,ST,29600,28800,97.30
20,1396,MAKEINDIA,EQ,30980,24138,77.91
20,1397,MAKS,ST,3000,3000,100.00
20,1398,MAL,SM,86400,32000,37.04
20,1399,MALLCOM,EQ,12492,5725,45.83
20,1400,MALUPAPER,EQ,74653,46338,62.07
20,1401,MANAKSIA,EQ,69567,41041,58.99
20,1402,MANAKSTEEL,EQ,67724,32390,47.83
20,1403,MANALIPETC,EQ,349281,159611,45.70
20,1404,MANAPPURAM,EQ,7825920,2469005,31.55
20,1405,MANAV,SM,8000,8000,100.00
20,1406,MANCREDIT,EQ,125278,76866,61.36
20,1407,MANDEEP,ST,16000,16000,100.00
20,1408,MANGALAM,EQ,167455,78773,47.04
20,1409,MANGCHEFER,EQ,234916,109490,46.61
20,1410,MANGLMCEM,EQ,182716,107375,58.77
20,1411,MANINDS,EQ,230996,140822,60.96
20,1412,MANINFRA,EQ,445302,202250,45.42
20,1413,MANKIND,EQ,660177,451007,68.32
20,1414,MANORAMA,EQ,20987,14155,67.45
20,1415,MANORG,EQ,17322,13039,75.27
20,1416,MANUGRAPH,EQ,224618,137148,61.06
20,1417,MANYAVAR,EQ,186044,114428,61.51
20,1418,MAPMYINDIA,EQ,156464,77212,49.35
20,1419,MARALOVER,EQ,382168,216500,56.65
20,1420,MARATHON,EQ,26823,12774,47.62
20,1421,MARCO,SM,240000,156000,65.00
20,1422,MARICO,EQ,1403508,602116,42.90
20,1423,MARINETRAN,SM,8000,8000,100.00
20,1424,MARKSANS,EQ,1648501,651744,39.54
20,1425,MARSHALL,EQ,101000,59714,59.12
20,1426,MARUTI,EQ,477609,207442,43.43
20,1427,MASFIN,EQ,243241,131419,54.03
20,1428,MASON,SM,750000,394000,52.53
20,1429,MASPTOP50,EQ,135096,99966,74.00
20,1430,MASTEK,EQ,76801,40867,53.21
20,1431,MATRIMONY,EQ,32839,15162,46.17
20,1432,MAWANASUG,EQ,144648,75461,52.17
20,1433,MAXESTATES,EQ,229085,102761,44.86
20,1434,MAXHEALTH,EQ,808632,614045,75.94
20,1435,MAXIND,EQ,94251,59069,62.67
20,1436,MAXPOSURE,SM,144000,82000,56.94
20,1437,MAYURUNIQ,EQ,61037,33863,55.48
20,1438,MAZDA,EQ,9290,5811,62.55
20,1439,MAZDOCK,EQ,1461282,200186,13.70
20,1440,MBAPL,EQ,46396,27599,59.49
20,1441,MCL,EQ,124730,73921,59.26
20,1442,MCLEODRUSS,EQ,285759,183906,64.36
20,1443,MCON,ST,14000,12000,85.71
20,1444,MCX,EQ,173192,43710,25.24
20,1445,MDL,SM,6000,4000,66.67
20,1446,MEDANTA,EQ,261372,159822,61.15
20,1447,MEDIASSIST,EQ,3324290,708443,21.31
20,1448,MEDICAMEQ,EQ,11384,5324,46.77
20,1449,MEDIORG,SM,48000,32000,66.67
20,1450,MEDPLUS,EQ,3132031,972414,31.05
20,1451,MEGAFLEX,SM,3000,3000,100.00
20,1452,MEGASOFT,EQ,579535,252388,43.55
20,1453,MEGASTAR,EQ,1955,1240,63.43
20,1454,MEGATHERM,ST,39600,37600,94.95
20,1455,MENONBE,EQ,75234,39117,51.99
20,1456,METALIETF,EQ,2860245,1653254,57.80
20,1457,METROBRAND,EQ,78138,42873,54.87
20,1458,METROPOLIS,EQ,69125,20999,30.38
20,1459,MFSL,EQ,1031218,720129,69.83
20,1460,MGL,EQ,273881,138305,50.50
20,1461,MHHL,SM,28500,24000,84.21
20,1462,MHLXMIRU,EQ,27531,18531,67.31
20,1463,MHRIL,EQ,109750,57396,52.30
20,1464,MICROPRO,SM,14400,12800,88.89
20,1465,MID150BEES,EQ,462635,313694,67.81
20,1466,MID150CASE,EQ,161864,130722,80.76
20,1467,MIDCAP,EQ,19461,15500,79.65
20,1468,MIDCAPETF,EQ,1228155,874300,71.19
20,1469,MIDCAPIETF,EQ,277235,158486,57.17
20,1470,MIDHANI,EQ,267764,133620,49.90
20,1471,MIDQ50ADD,EQ,46711,46245,99.00
20,1472,MIDSELIETF,EQ,249165,179060,71.86
20,1473,MIDSMALL,EQ,522518,459976,88.03
20,1474,MIEL,SM,166000,116000,69.88
20,1475,MILTON,SM,4400,4400,100.00
20,1476,MINDACORP,EQ,2313270,554188,23.96
20,1477,MINDPOOL,ST,2000,2000,100.00
20,1478,MINDSPACE,RR,299918,295718,98.60
20,1479,MIRCELECTR,EQ,4807519,2143628,44.59
20,1480,MIRZAINT,EQ,202533,117399,57.97
20,1481,MITCON,EQ,19410,13271,68.37
20,1482,MITCONPP,E1,2480,2340,94.35
20,1483,MITTAL,EQ,855076,584187,68.32
20,1484,M&M,EQ,1604159,1031734,64.32
20,1485,M&MFIN,EQ,4272587,1497285,35.04
20,1486,MMFL,EQ,106688,66091,61.95
20,1487,MMP,EQ,88386,46634,52.76
20,1488,MMTC,EQ,5460207,1229280,22.51
20,1489,MNC,EQ,35254,18676,52.98
20,1490,MODEFENCE,EQ,13140,11271,85.78
20,1491,MODIRUBBER,EQ,13360,6121,45.82
20,1492,MODISONLTD,EQ,420140,125182,29.80
20,1493,MOGSEC,EQ,1288,722,56.06
20,1494,MOHEALTH,EQ,24298,19646,80.85
20,1495,MOIL,EQ,1260076,586317,46.53
20,1496,MOKSH,EQ,327491,215392,65.77
20,1497,MOL,EQ,6944918,2338610,33.67
20,1498,MOLDTECH,EQ,130120,75651,58.14
20,1499,MOLDTKPAC,EQ,169466,138030,81.45
20,1500,MOLOWVOL,EQ,66254,65313,98.58
20,1501,MOM100,EQ,374895,157520,42.02
20,1502,MOM30IETF,EQ,797978,485879,60.89
20,1503,MOM50,EQ,999,986,98.70
20,1504,MOMENTUM,EQ,56214,51020,90.76
20,1505,MOMOMENTUM,EQ,165682,145099,87.58
20,1506,MON100,EQ,534592,357438,66.86
20,1507,MONARCH,EQ,165838,62694,37.80
20,1508,MONIFTY500,EQ,395695,360194,91.03
20,1509,MONQ50,EQ,59821,40455,67.63
20,1510,MONTECARLO,EQ,51528,25602,49.69
20,1511,MOQUALITY,EQ,662,566,85.50
20,1512,MOREALTY,EQ,101657,75300,74.07
20,1513,MOREPENLAB,EQ,16298248,5232148,32.10
20,1514,MOS,SM,223200,127200,56.99
20,1515,MOSMALL250,EQ,446881,316208,70.76
20,1516,MOTHERSON,EQ,12200380,7279836,59.67
20,1517,MOTILALOFS,EQ,1568598,531735,33.90
20,1518,MOTISONS,EQ,448190,218162,48.68
20,1519,MOTOGENFIN,EQ,21290,15877,74.57
20,1520,MOVALUE,EQ,112569,91989,81.72
20,1521,MOXSH,ST,4800,4800,100.00
20,1522,MPHASIS,EQ,411818,202193,49.10
20,1523,MPSLTD,EQ,23535,15280,64.92
20,1524,MPTODAY,SM,4000,4000,100.00
20,1525,MRF,EQ,4576,1420,31.03
20,1526,MRO-TEK,EQ,564291,262332,46.49
20,1527,MRPL,EQ,1632017,870426,53.33
20,1528,MSPL,EQ,2614029,1651074,63.16
20,1529,MSTCLTD,EQ,892446,283821,31.80
20,1530,MSUMI,EQ,6139507,3807686,62.02
20,1531,MTARTECH,EQ,99943,51874,51.90
20,1532,MTNL,EQ,7009810,2195455,31.32
20,1533,MUFIN,EQ,148901,82925,55.69
20,1534,MUFTI,EQ,707171,303166,42.87
20,1535,MUKANDLTD,EQ,177361,87193,49.16
20,1536,MUKKA,EQ,1265306,533545,42.17
20,1537,MUKTAARTS,EQ,14990,8758,58.43
20,1538,MUNJALAU,EQ,912144,388157,42.55
20,1539,MUNJALSHOW,EQ,228550,108978,47.68
20,1540,MURUDCERA,EQ,205580,110796,53.89
20,1541,MUTHOOTCAP,EQ,25670,14070,54.81
20,1542,MUTHOOTFIN,EQ,803610,339633,42.26
20,1543,MUTHOOTMF,EQ,217460,133386,61.34
20,1544,MVGJL,EQ,336876,101666,30.18
20,1545,MVKAGRO,SM,45600,39600,86.84
20,1546,MWL,SM,6000,3600,60.00
20,1547,NACLIND,EQ,214670,126343,58.85
20,1548,NAGAFERT,EQ,887601,474694,53.48
20,1549,NAGREEKEXP,EQ,893111,337068,37.74
20,1550,NAHARCAP,EQ,34829,12679,36.40
20,1551,NAHARINDUS,EQ,637790,247101,38.74
20,1552,NAHARSPING,EQ,80867,41695,51.56
20,1553,NAMAN,SM,81600,60800,74.51
20,1554,NAM-INDIA,EQ,640823,430440,67.17
20,1555,NATCOPHARM,EQ,564389,303844,53.84
20,1556,NATIONALUM,EQ,23051497,8450566,36.66
20,1557,NAUKRI,EQ,106441,54299,51.01
20,1558,NAVA,EQ,196385,97361,49.58
20,1559,NAVINFLUOR,EQ,266780,159707,59.86
20,1560,NAVINIFTY,EQ,265,198,74.72
20,1561,NAVKARCORP,EQ,1956529,934229,47.75
20,1562,NAVNETEDUL,EQ,136897,64655,47.23
20,1563,NAZARA,EQ,1424381,633062,44.44
20,1564,NBCC,EQ,8497937,2704927,31.83
20,1565,NCC,EQ,3141520,1558332,49.60
20,1566,NCLIND,EQ,115989,66649,57.46
20,1567,NDL,EQ,617375,315719,51.14
20,1568,NDLVENTURE,EQ,7898,5424,68.68
20,1569,NDRAUTO,EQ,118579,34460,29.06
20,1570,NDRINVIT,IV,200000,200000,100.00
20,1571,NDTV,EQ,108521,59323,54.66
20,1572,NECLIFE,EQ,8070359,2667101,33.05
20,1573,NELCAST,EQ,239484,135056,56.39
20,1574,NELCO,EQ,1362059,334921,24.59
20,1575,NEOGEN,EQ,26313,14320,54.42
20,1576,NEPHROCARE,SM,108800,80000,73.53
20,1577,NESCO,EQ,38610,18269,47.32
20,1578,NESTLEIND,EQ,391065,258983,66.23
20,1579,NETF,EQ,2144,1649,76.91
20,1580,NETWEB,EQ,111803,57062,51.04
20,1581,NETWORK18,EQ,3480504,977676,28.09
20,1582,NEULANDLAB,EQ,15255,8367,54.85
20,1583,NEWGEN,EQ,154849,90472,58.43
20,1584,NEWJAISA,SM,19500,15000,76.92
20,1585,NEXT50,EQ,13947,12506,89.67
20,1586,NEXT50IETF,EQ,342744,229397,66.93
20,1587,NFL,EQ,6248317,1312451,21.00
20,1588,NGIL,EQ,44722,13116,29.33
20,1589,NGLFINE,EQ,5007,2164,43.22
20,1590,NH,EQ,240527,144715,60.17
20,1591,NHPC,EQ,18858070,9294117,49.28
20,1592,NIACL,EQ,2978559,893572,30.00
20,1593,NIBL,EQ,39034,27298,69.93
20,1594,NIDAN,SM,7000,5000,71.43
20,1595,NIF100BEES,EQ,11960,9581,80.11
20,1596,NIF100IETF,EQ,100223,77142,76.97
20,1597,NIF10GETF,EQ,2301,1551,67.41
20,1598,NIF5GETF,EQ,491,489,99.59
20,1599,NIFITETF,EQ,558,435,77.96
20,1600,NIFMID150,EQ,1017,618,60.77
20,1601,NIFTY1,EQ,11778,9692,82.29
20,1602,NIFTY50ADD,EQ,4632,3759,81.15
20,1603,NIFTYBEES,EQ,2003702,1534324,76.57
20,1604,NIFTYBETF,EQ,949,704,74.18
20,1605,NIFTYETF,EQ,45342,38792,85.55
20,1606,NIFTYIETF,EQ,299131,205407,68.67
20,1607,NIFTYQLITY,EQ,37938,31225,82.31
20,1608,NIITLTD,EQ,52491694,6522141,12.43
20,1609,NIITMTS,EQ,156383,83558,53.43
20,1610,NILAINFRA,EQ,3046503,1611365,52.89
20,1611,NILKAMAL,EQ,17077,13318,77.99
20,1612,NINSYS,EQ,32077,18815,58.66
20,1613,NIPPOBATRY,EQ,15149,8757,57.81
20,1614,NIRAJ,EQ,90238,41691,46.20
20,1615,NIRMAN,ST,16800,14400,85.71
20,1616,NITCO,EQ,829948,529181,63.76
20,1617,NITINSPIN,EQ,130391,63911,49.01
20,1618,NITIRAJ,EQ,13969,13969,100.00
20,1619,NKIND,EQ,657,450,68.49
20,1620,NLCINDIA,EQ,4436341,1172413,26.43
20,1621,NMDC,EQ,7506640,2605464,34.71
20,1622,NOCIL,EQ,440450,175117,39.76
20,1623,NORBTEAEXP,EQ,66797,52465,78.54
20,1624,NPBET,EQ,2017,1006,49.88
20,1625,NPST,SM,58000,30000,51.72
20,1626,NRAIL,EQ,16205,10206,62.98
20,1627,NRBBEARING,EQ,127655,70337,55.10
20,1628,NRL,EQ,34401,19472,56.60
20,1629,NSIL,EQ,13063,5928,45.38
20,1630,NSLNISP,EQ,3366119,1615281,47.99
20,1631,NTPC,EQ,8441188,4686472,55.52
20,1632,NUCLEUS,EQ,78956,54963,69.61
20,1633,NURECA,EQ,83837,41729,49.77
20,1634,NUVAMA,EQ,207699,110895,53.39
20,1635,NUVOCO,EQ,124102,60589,48.82
20,1636,NV20,EQ,17837,5898,33.07
20,1637,NV20BEES,EQ,14274,9976,69.89
20,1638,NV20IETF,EQ,465668,222067,47.69
20,1639,NXST,RR,2225594,1692422,76.04
20,1640,NYKAA,EQ,20807251,6787623,32.62
20,1641,OAL,EQ,44704,16569,37.06
20,1642,OBCL,EQ,56363,11144,19.77
20,1643,OBEROIRLTY,EQ,490753,263892,53.77
20,1644,OFSS,EQ,186166,103681,55.69
20,1645,OIL,EQ,6716477,2103999,31.33
20,1646,OILIETF,EQ,516981,315696,61.07
20,1647,OLAELEC,EQ,62973982,12413894,19.71
20,1648,OLECTRA,EQ,462509,242281,52.38
20,1649,OLIL,ST,1200,1200,100.00
20,1650,OMAXAUTO,EQ,36100,19376,53.67
20,1651,OMFURN,SM,19200,19200,100.00
20,1652,ONDOOR,SM,600,600,100.00
20,1653,ONEPOINT,EQ,3367602,1790607,53.17
20,1654,ONGC,EQ,20165503,8606091,42.68
20,1655,ONMOBILE,EQ,603363,233943,38.77
20,1656,ONWARDTEC,EQ,408960,202163,49.43
20,1657,OPTIEMUS,EQ,304627,129278,42.44
20,1658,ORBTEXP,EQ,14200,9066,63.85
20,1659,ORCHPHARMA,EQ,82882,37133,44.80
20,1660,ORIANA,SM,106200,58650,55.23
20,1661,ORICONENT,EQ,478497,236359,49.40
20,1662,ORIENTALTL,EQ,5141120,2173175,42.27
20,1663,ORIENTBELL,EQ,16472,8868,53.84
20,1664,ORIENTCEM,EQ,1680949,879544,52.32
20,1665,ORIENTCER,EQ,3996568,3728378,93.29
20,1666,ORIENTELEC,EQ,368030,231002,62.77
20,1667,ORIENTHOT,EQ,533671,193259,36.21
20,1668,ORIENTLTD,EQ,12755,6848,53.69
20,1669,ORIENTPPR,EQ,901281,328219,36.42
20,1670,ORISSAMINE,EQ,32324,11507,35.60
20,1671,ORTINLAB,EQ,424208,213863,50.41
20,1672,OSWALAGRO,EQ,346503,82514,23.81
20,1673,OSWALGREEN,EQ,1728011,389584,22.55
20,1674,OSWALSEEDS,EQ,5942816,2059579,34.66
20,1675,OWAIS,SM,41600,30400,73.08
20,1676,PAGEIND,EQ,10982,6138,55.89
20,1677,PAISALO,EQ,2067678,1346168,65.11
20,1678,PAKKA,EQ,348711,159511,45.74
20,1679,PALASHSECU,EQ,568895,77637,13.65
20,1680,PANACEABIO,EQ,2525844,970758,38.43
20,1681,PANAMAPET,EQ,77896,45121,57.92
20,1682,PAR,EQ,9728,4919,50.57
20,1683,PARACABLES,EQ,12108057,3967887,32.77
20,1684,PARADEEP,EQ,3712520,1014958,27.34
20,1685,PARAGMILK,EQ,333083,175952,52.83
20,1686,PARAGON,SM,58800,42000,71.43
20,1687,PARKHOTELS,EQ,151234,98879,65.38
20,1688,PARTYCRUS,SM,35000,29000,82.86
20,1689,PASUPTAC,EQ,405686,157661,38.86
20,1690,PATANJALI,EQ,242401,143719,59.29
20,1691,PATELENG,EQ,5766250,2743273,47.57
20,1692,PATINTLOG,EQ,540883,230224,42.56
20,1693,PAVNAIND,EQ,10364,6921,66.78
20,1694,PAYTM,EQ,6561483,1751280,26.69
20,1695,PCBL,EQ,4630976,1563221,33.76
20,1696,PCCL,SM,58400,51200,87.67
20,1697,PCJEWELLER,EQ,12981868,6254856,48.18
20,1698,PDMJEPAPER,EQ,259596,135598,52.23
20,1699,PDSL,EQ,310510,135349,43.59
20,1700,PEARLPOLY,EQ,54757,30681,56.03
20,1701,PEL,EQ,2187105,716970,32.78
20,1702,PENIND,EQ,476332,230165,48.32
20,1703,PENINLAND,EQ,494230,194455,39.35
20,1704,PENTAGON,SM,13000,11000,84.62
20,1705,PERFECT,ST,15000,12000,80.00
20,1706,PERSISTENT,EQ,394026,164440,41.73
20,1707,PETRONET,EQ,2483789,1374648,55.34
20,1708,PFC,EQ,19377943,6570845,33.91
20,1709,PFIZER,EQ,186784,160430,85.89
20,1710,PFS,EQ,15886710,4852803,30.55
20,1711,PGEL,EQ,1290041,759861,58.90
20,1712,PGHH,EQ,5708,2422,42.43
20,1713,PGHL,EQ,6307,3820,60.57
20,1714,PGIL,EQ,135089,82827,61.31
20,1715,PGINVIT,IV,676481,616211,91.09
20,1716,PHANTOMFX,SM,36300,24900,68.60
20,1717,PHARMABEES,EQ,2903681,1852737,63.81
20,1718,PHOENIXLTD,EQ,164495,102396,62.25
20,1719,PIDILITIND,EQ,129045,63073,48.88
20,1720,PIIND,EQ,221607,114120,51.50
20,1721,PILANIINVS,EQ,20109,7854,39.06
20,1722,PILITA,EQ,983413,262695,26.71
20,1723,PIONEEREMB,EQ,60840,40020,65.78
20,1724,PITTIENG,EQ,45520,21441,47.10
20,1725,PIXTRANS,EQ,30588,17171,56.14
20,1726,PLASTIBLEN,EQ,33950,19138,56.37
20,1727,PLATIND,EQ,344569,133824,38.84
20,1728,PLAZACABLE,EQ,171085,74957,43.81
20,1729,PNB,EQ,9861808,4199694,42.59
20,1730,PNBGILTS,EQ,968381,369933,38.20
20,1731,PNBHOUSING,EQ,972324,489764,50.37
20,1732,PNC,EQ,29134,11162,38.31
20,1733,PNCINFRA,EQ,411346,257655,62.64
20,1734,POCL,EQ,102849,47999,46.67
20,1735,PODDARMENT,EQ,6281,3730,59.39
20,1736,POKARNA,EQ,57758,29734,51.48
20,1737,POLICYBZR,EQ,1082557,619497,57.23
20,1738,POLYCAB,EQ,200927,90852,45.22
20,1739,POLYMED,EQ,175871,113682,64.64
20,1740,POLYPLEX,EQ,463302,238615,51.50
20,1741,POLYSIL,SM,10000,10000,100.00
20,1742,PONNIERODE,EQ,15661,7368,47.05
20,1743,POONAWALLA,EQ,1258005,596280,47.40
20,1744,POSITRON,ST,33600,33600,100.00
20,1745,POWERGRID,EQ,9589690,5996875,62.53
20,1746,POWERINDIA,EQ,15535,8254,53.13
20,1747,POWERMECH,EQ,112643,42697,37.90
20,1748,PPAP,EQ,59602,33184,55.68
20,1749,PPL,EQ,606434,275255,45.39
20,1750,PPLPHARMA,EQ,1460220,762220,52.20
20,1751,PPSL,SM,1602000,774000,48.31
20,1752,PRAENG,EQ,526977,322828,61.26
20,1753,PRAJIND,EQ,772491,308292,39.91
20,1754,PRAKASH,EQ,3420456,1402978,41.02
20,1755,PRAMARA,SM,4000,4000,100.00
20,1756,PRATHAM,SM,59200,36800,62.16
20,1757,PRECAM,EQ,1489132,646807,43.44
20,1758,PRECISION,SM,28000,18000,64.29
20,1759,PRECWIRE,EQ,1670562,603645,36.13
20,1760,PREMIERPOL,EQ,32237,18126,56.23
20,1761,PRESSTONIC,SM,14400,10400,72.22
20,1762,PRESTIGE,EQ,1752960,989886,56.47
20,1763,PRICOLLTD,EQ,204184,97953,47.97
20,1764,PRIMESECU,EQ,104962,65660,62.56
20,1765,PRINCEPIPE,EQ,89393,42208,47.22
20,1766,PRITI,EQ,41775,22933,54.90
20,1767,PRITIKA,SM,550000,194000,35.27
20,1768,PRITIKAUTO,EQ,3063308,1796568,58.65
20,1769,PRIVISCL,EQ,18960,9811,51.75
20,1770,PRIZOR,SM,180800,97600,53.98
20,1771,PRLIND,SM,142000,100000,70.42
20,1772,PROPEQUITY,SM,6600,6000,90.91
20,1773,PROV,SM,320,320,100.00
20,1774,PROZONER,EQ,433628,223176,51.47
20,1775,PRSMJOHNSN,EQ,514157,141714,27.56
20,1776,PRUDENT,EQ,29029,16015,55.17
20,1777,PRUDMOULI,EQ,270676,241892,89.37
20,1778,PSB,EQ,639296,255135,39.91
20,1779,PSPPROJECT,EQ,68834,33036,47.99
20,1780,PSUBANK,EQ,11161,8730,78.22
20,1781,PSUBANKADD,EQ,9946,7666,77.08
20,1782,PSUBNKBEES,EQ,1188661,729726,61.39
20,1783,PSUBNKIETF,EQ,277265,215140,77.59
20,1784,PTC,EQ,1978777,1127682,56.99
20,1785,PTL,EQ,368250,194262,52.75
20,1786,PULZ,SM,16000,16000,100.00
20,1787,PUNJABCHEM,EQ,5804,2070,35.67
20,1788,PURVFLEXI,SM,73600,72000,97.83
20,1789,PVRINOX,EQ,476415,282179,59.23
20,1790,PVSL,EQ,44724,22365,50.01
20,1791,PVTBANIETF,EQ,1136602,864762,76.08
20,1792,PVTBANKADD,EQ,141053,89362,63.35
20,1793,PYRAMID,EQ,65325,41958,64.23
20,1794,QFIL,SM,2000,2000,100.00
20,1795,QGOLDHALF,EQ,29392,25914,88.17
20,1796,QMSMEDI,SM,96000,61000,63.54
20,1797,QNIFTY,EQ,650,422,64.92
20,1798,QUADPRO,SM,72000,60000,83.33
20,1799,QUAL30IETF,EQ,1372294,1337781,97.49
20,1800,QUESS,EQ,1273051,368689,28.96
20,1801,QUESTLAB,SM,74400,72000,96.77
20,1802,QUICKHEAL,EQ,685316,159066,23.21
20,1803,QUICKTOUCH,SM,11500,10500,91.30
20,1804,RACE,EQ,45909,21145,46.06
20,1805,RADHIKAJWE,EQ,3046815,910227,29.87
20,1806,RADIANTCMS,EQ,281084,181821,64.69
20,1807,RADICO,EQ,232156,106578,45.91
20,1808,RADIOCITY,EQ,2331727,1029497,44.15
20,1809,RADIOCITY,P1,6632,6632,100.00
20,1810,RADIOWALLA,SM,3200,3200,100.00
20,1811,RAILTEL,EQ,2841557,753403,26.51
20,1812,RAIN,EQ,6805568,2613837,38.41
20,1813,RAINBOW,EQ,41435,20390,49.21
20,1814,RAJESHEXPO,EQ,290209,117153,40.37
20,1815,RAJINDLTD,SM,456000,267000,58.55
20,1816,RAJMET,EQ,1056819,491577,46.51
20,1817,RAJRATAN,EQ,38122,19186,50.33
20,1818,RAJSREESUG,EQ,104659,35152,33.59
20,1819,RALLIS,EQ,2157464,595764,27.61
20,1820,RAMANEWS,EQ,221554,158887,71.71
20,1821,RAMAPHO,EQ,21017,13160,62.62
20,1822,RAMASTEEL,EQ,53490863,15710757,29.37
20,1823,RAMCOCEM,EQ,352159,101596,28.85
20,1824,RAMCOIND,EQ,95354,61686,64.69
20,1825,RAMCOSYS,EQ,47940,28050,58.51
20,1826,RAMKY,EQ,122937,58770,47.80
20,1827,RAMRAT,EQ,251967,105090,41.71
20,1828,RANASUG,EQ,667328,352739,52.86
20,1829,RANEHOLDIN,EQ,26186,16932,64.66
20,1830,RATEGAIN,EQ,310022,206940,66.75
20,1831,RATNAMANI,EQ,37332,16217,43.44
20,1832,RAYMOND,EQ,152541,47919,31.41
20,1833,RBA,EQ,2552696,1379728,54.05
20,1834,RBL,EQ,37348,20274,54.28
20,1835,RBLBANK,EQ,7079433,2958068,41.78
20,1836,RBMINFRA,SM,59600,41000,68.79
20,1837,RBS,SM,25600,16000,62.50
20,1838,RCDL,SM,102000,90000,88.24
20,1839,RCF,EQ,7416177,1742180,23.49
20,1840,RECLTD,EQ,16554285,5464290,33.01
20,1841,REDINGTON,EQ,789077,408742,51.80
20,1842,REDTAPE,EQ,70679,32356,45.78
20,1843,REFEX,EQ,1411483,552719,39.16
20,1844,REFRACTORY,ST,184000,172000,93.48
20,1845,RELAXO,EQ,54624,33151,60.69
20,1846,RELCHEMQ,EQ,2522,1340,53.13
20,1847,RELIANCE,EQ,3125578,2014932,64.47
20,1848,RELIGARE,EQ,1661975,914637,55.03
20,1849,RELINFRA,EQ,5588588,1597024,28.58
20,1850,RELTD,EQ,91668,61830,67.45
20,1851,REMSONSIND,EQ,5826,3581,61.47
20,1852,REMUS,SM,3600,2700,75.00
20,1853,RENUKA,EQ,5979448,1992660,33.33
20,1854,REPCOHOME,EQ,76520,37723,49.30
20,1855,REPL,EQ,413756,131855,31.87
20,1856,REPRO,EQ,275231,177242,64.40
20,1857,RESPONIND,EQ,132634,53523,40.35
20,1858,REXPIPES,SM,10000,8000,80.00
20,1859,RGL,EQ,259226,106267,40.99
20,1860,RHFL,EQ,1030617,1030607,100.00
20,1861,RHIM,EQ,233645,188813,80.81
20,1862,RICHA,SM,11000,8000,72.73
20,1863,RICOAUTO,EQ,306607,162146,52.88
20,1864,RIIL,EQ,138260,26112,18.89
20,1865,RILINFRA,ST,87200,78600,90.14
20,1866,RISHABH,EQ,96686,55356,57.25
20,1867,RITCO,EQ,37493,15861,42.30
20,1868,RITES,EQ,607016,295133,48.62
20,1869,RITEZONE,SM,1600,1600,100.00
20,1870,RKFORGE,EQ,389262,156641,40.24
20,1871,RKSWAMY,EQ,96054,46639,48.55
20,1872,RMDRIP,SM,3000,3000,100.00
20,1873,RML,EQ,42544,16610,39.04
20,1874,RNFI,SM,164400,130800,79.56
20,1875,ROCKINGDCE,SM,41000,25750,62.80
20,1876,ROHLTD,EQ,128729,56807,44.13
20,1877,ROLEXRINGS,EQ,69311,38050,54.90
20,1878,ROML,EQ,18053,4445,24.62
20,1879,ROSSARI,EQ,730982,191239,26.16
20,1880,ROSSELLIND,EQ,22994,12686,55.17
20,1881,ROTO,EQ,69913,34020,48.66
20,1882,ROUTE,EQ,53298,26422,49.57
20,1883,ROXHITECH,SM,48000,33600,70.00
20,1884,RPEL,EQ,22688,8946,39.43
20,1885,RPGLIFE,EQ,27566,9575,34.73
20,1886,RPOWER,EQ,7812060,7812060,100.00
20,1887,RPPL,EQ,99091,62182,62.75
20,1888,RPSGVENT,EQ,593432,170968,28.81
20,1889,RPTECH,EQ,353632,142400,40.27
20,1890,RRKABEL,EQ,111466,65415,58.69
20,1891,RSWM,EQ,73562,35583,48.37
20,1892,RSYSTEMS,EQ,112115,62141,55.43
20,1893,RTNINDIA,EQ,4027831,1753039,43.52
20,1894,RTNPOWER,EQ,9267741,6344954,68.46
20,1895,RUBFILA,EQ,110061,63714,57.89
20,1896,RUBYMILLS,EQ,390779,123981,31.73
20,1897,RUCHINFRA,EQ,5934660,1967459,33.15
20,1898,RUCHIRA,EQ,83951,42389,50.49
20,1899,RULKA,ST,34200,33000,96.49
20,1900,RUPA,EQ,338371,144238,42.63
20,1901,RUSHIL,EQ,860640,478164,55.56
20,1902,RUSTOMJEE,EQ,94243,40259,42.72
20,1903,RVHL,EQ,88193,48142,54.59
20,1904,RVNL,EQ,13076800,3914605,29.94
20,1905,SAAKSHI,ST,9600,8400,87.50
20,1906,SABAR,SM,55000,50000,90.91
20,1907,SADBHAV,EQ,1977365,1058062,53.51
20,1908,SADHAV,SM,36000,28800,80.00
20,1909,SADHNANIQ,EQ,186352,91714,49.22
20,1910,SAFARI,EQ,32813,18102,55.17
20,1911,SAGCEM,EQ,70324,40156,57.10
20,1912,SAH,EQ,35352,8677,24.54
20,1913,SAHAJ,SM,116000,32000,27.59
20,1914,SAHAJSOLAR,SM,280000,140000,50.00
20,1915,SAHANA,SM,3250,2500,76.92
20,1916,SAHYADRI,EQ,29072,18146,62.42
20,1917,SAIFL,SM,564000,322400,57.16
20,1918,SAIL,EQ,12380923,3543424,28.62
20,1919,SAKAR,EQ,9709,6785,69.88
20,1920,SAKHTISUG,EQ,299160,141608,47.34
20,1921,SAKSOFT,EQ,262415,164511,62.69
20,1922,SAKUMA,EQ,61750224,29780147,48.23
20,1923,SALASAR,EQ,7378050,3645266,49.41
20,1924,SALONA,EQ,3166,2545,80.39
20,1925,SALSTEEL,EQ,597058,413519,69.26
20,1926,SALZERELEC,EQ,162253,52509,32.36
20,1927,SAMBHAAV,EQ,1473538,750968,50.96
20,1928,SAMHI,EQ,520272,218939,42.08
20,1929,SAMMAANCAP,EQ,4166955,1804270,43.30
20,1930,SANDESH,EQ,2622,1332,50.80
20,1931,SANDHAR,EQ,50484,36363,72.03
20,1932,SANDUMA,EQ,87158,53124,60.95
20,1933,SANGAMIND,EQ,28574,17217,60.25
20,1934,SANGANI,SM,3000,3000,100.00
20,1935,SANGHIIND,EQ,361873,195252,53.96
20,1936,SANGHVIMOV,EQ,1522303,503950,33.10
20,1937,SANGINITA,EQ,54172,36669,67.69
20,1938,SANOFI,EQ,4000,1900,47.50
20,1939,SANSERA,EQ,82049,44151,53.81
20,1940,SANSTAR,EQ,3259867,1034739,31.74
20,1941,SAPPHIRE,EQ,65263,35741,54.76
20,1942,SARDAEN,EQ,2204653,446209,20.24
20,1943,SAREGAMA,EQ,196372,102337,52.11
20,1944,SAROJA,SM,1600,1600,100.00
20,1945,SARTELE,SM,504000,448000,88.89
20,1946,SARVESHWAR,EQ,2573938,1358885,52.79
20,1947,SASKEN,EQ,15184,12103,79.71
20,1948,SASTASUNDR,EQ,23245,14174,60.98
20,1949,SATECH,SM,530000,286000,53.96
20,1950,SATIA,EQ,633746,368842,58.20
20,1951,SATIN,EQ,476238,262559,55.13
20,1952,SATINDLTD,EQ,1879756,884465,47.05
20,1953,SATIPOLY,SM,18000,17000,94.44
20,1954,SAURASHCEM,EQ,111595,67392,60.39
20,1955,SBC,EQ,2459076,762039,30.99
20,1956,SBCL,EQ,107216,61065,56.96
20,1957,SBFC,EQ,2871946,1624806,56.58
20,1958,SBGLP,EQ,226266,92312,40.80
20,1959,SBICARD,EQ,3527927,1399145,39.66
20,1960,SBIETFCON,EQ,9050,8128,89.81
20,1961,SBIETFIT,EQ,9830,6673,67.88
20,1962,SBIETFPB,EQ,11945,9851,82.47
20,1963,SBIETFQLTY,EQ,10161,9969,98.11
20,1964,SBILIFE,EQ,2239371,951296,42.48
20,1965,SBIN,EQ,12833290,5496803,42.83
20,1966,SBINEQWETF,EQ,40005,31313,78.27
20,1967,SBISILVER,EQ,72253,62568,86.60
20,1968,SCHAEFFLER,EQ,58411,34561,59.17
20,1969,SCHAND,EQ,81657,48618,59.54
20,1970,SCHNEIDER,EQ,265754,111868,42.09
20,1971,SCI,EQ,1533041,655570,42.76
20,1972,SCILAL,EQ,1276232,529565,41.49
20,1973,SCLZC25B,AT,20,20,100.00
20,1974,SCML,SM,22000,14000,63.64
20,1975,SCPL,EQ,23171,16083,69.41
20,1976,SDBL,EQ,829912,629028,75.79
20,1977,SDL24BEES,EQ,3345,2143,64.07
20,1978,SDL26BEES,EQ,441,181,41.04
20,1979,SEAMECLTD,EQ,239616,81497,34.01
20,1980,SECMARK,EQ,1792,994,55.47
20,1981,SECURKLOUD,EQ,39513,23748,60.10
20,1982,SEL,SM,12400,10000,80.65
20,1983,SELAN,EQ,66211,26072,39.38
20,1984,SENCO,EQ,211011,124490,59.00
20,1985,SENSEXADD,EQ,338,315,93.20
20,1986,SENSEXETF,EQ,4883,4400,90.11
20,1987,SENSEXIETF,EQ,1200,822,68.50
20,1988,SEPC,EQ,53780927,17522304,32.58
20,1989,SEQUENT,EQ,2008754,772244,38.44
20,1990,SERVICE,SM,116000,110000,94.83
20,1991,SERVOTECH,EQ,5844002,2440989,41.77
20,1992,SESHAPAPER,EQ,26578,14762,55.54
20,1993,SETF10GILT,EQ,8299,7589,91.44
20,1994,SETFGOLD,EQ,1753629,1423095,81.15
20,1995,SETFNIF50,EQ,216538,153658,70.96
20,1996,SETFNIFBK,EQ,377809,336217,88.99
20,1997,SETFNN50,EQ,12777,8766,68.61
20,1998,SFL,EQ,41406,23847,57.59
20,1999,SFLZC25A,ZK,37,37,100.00
20,2000,SFLZC26A,ZC,220,170,77.27
20,2001,SGBAPR28I,GB,211,152,72.04
20,2002,SGBAUG27,GB,176,121,68.75
20,2003,SGBAUG28V,GB,605,456,75.37
20,2004,SGBAUG29V,GB,129,96,74.42
20,2005,SGBAUG30,GB,100,59,59.00
20,2006,SGBD29VIII,GB,403,397,98.51
20,2007,SGBDC27VII,GB,3,2,66.67
20,2008,SGBDE30III,GB,151,95,62.91
20,2009,SGBDE31III,GB,1358,995,73.27
20,2010,SGBDEC25,GB,2,2,100.00
20,2011,SGBDEC2513,GB,3,3,100.00
20,2012,SGBDEC26,GB,3,3,100.00
20,2013,SGBFEB27,GB,49,29,59.18
20,2014,SGBFEB28IX,GB,79,63,79.75
20,2015,SGBFEB29XI,GB,97,86,88.66
20,2016,SGBFEB32IV,GB,1301,1067,82.01
20,2017,SGBJ28VIII,GB,292,292,100.00
20,2018,SGBJAN26,GB,7,7,100.00
20,2019,SGBJAN27,GB,1,1,100.00
20,2020,SGBJAN29IX,GB,120,90,75.00
20,2021,SGBJAN29X,GB,94,57,60.64
20,2022,SGBJAN30IX,GB,454,277,61.01
20,2023,SGBJU29III,GB,180,164,91.11
20,2024,SGBJUL25,GB,45,34,75.56
20,2025,SGBJUL27,GB,26,26,100.00
20,2026,SGBJUL28IV,GB,212,192,90.57
20,2027,SGBJUL29IV,GB,253,213,84.19
20,2028,SGBJUN27,GB,2,2,100.00
20,2029,SGBJUN28,GB,172,172,100.00
20,2030,SGBJUN29II,GB,359,224,62.40
20,2031,SGBJUN30,GB,69,67,97.10
20,2032,SGBJUN31I,GB,469,313,66.74
20,2033,SGBMAR25,GB,40,35,87.50
20,2034,SGBMAR28X,GB,43,35,81.40
20,2035,SGBMAR30X,GB,77,54,70.13
20,2036,SGBMAR31IV,GB,151,121,80.13
20,2037,SGBMAY25,GB,122,83,68.03
20,2038,SGBMAY26,GB,13,13,100.00
20,2039,SGBMAY28,GB,2077,1765,84.98
20,2040,SGBMAY29I,GB,1106,976,88.25
20,2041,SGBMR29XII,GB,466,319,68.45
20,2042,SGBN28VIII,GB,350,231,66.00
20,2043,SGBNOV24,GB,23,14,60.87
20,2044,SGBNOV26,GB,2,2,100.00
20,2045,SGBNV29VII,GB,445,280,62.92
20,2046,SGBOC28VII,GB,768,746,97.14
20,2047,SGBOCT25,GB,11,11,100.00
20,2048,SGBOCT25IV,GB,2,2,100.00
20,2049,SGBOCT25V,GB,10,10,100.00
20,2050,SGBOCT26,GB,13,13,100.00
20,2051,SGBOCT27,GB,11,11,100.00
20,2052,SGBOCT27VI,GB,61,46,75.41
20,2053,SGBSEP24,GB,87,78,89.66
20,2054,SGBSEP27,GB,13,13,100.00
20,2055,SGBSEP28VI,GB,211,162,76.78
20,2056,SGBSEP29VI,GB,323,219,67.80
20,2057,SGBSEP31II,GB,736,593,80.57
20,2058,SGIL,EQ,45414,27170,59.83
20,2059,SHAHALLOYS,EQ,39780,23704,59.59
20,2060,SHAILY,EQ,690205,451325,65.39
20,2061,SHALBY,EQ,133973,68002,50.76
20,2062,SHALPAINTS,EQ,144311,104050,72.10
20,2063,SHANKARA,EQ,91496,55879,61.07
20,2064,SHANTHALA,SM,4800,4800,100.00
20,2065,SHANTI,EQ,112916,75887,67.21
20,2066,SHANTIGEAR,EQ,15574,7725,49.60
20,2067,SHARDACROP,EQ,1148322,231398,20.15
20,2068,SHARDAMOTR,EQ,30684,15680,51.10
20,2069,SHAREINDIA,EQ,196479,97673,49.71
20,2070,SHAREINDIA,W1,44090,44015,99.83
20,2071,SHARIABEES,EQ,3034,2646,87.21
20,2072,SHEETAL,SM,82000,62000,75.61
20,2073,SHEMAROO,EQ,38889,25637,65.92
20,2074,SHERA,SM,60000,45000,75.00
20,2075,SHIGAN,SM,18000,15000,83.33
20,2076,SHILPAMED,EQ,1730924,418621,24.18
20,2077,SHIVALIK,EQ,10191,6463,63.42
20,2078,SHIVAMILLS,EQ,141435,70162,49.61
20,2079,SHIVATEX,EQ,13874,4530,32.65
20,2080,SHK,EQ,792982,329864,41.60
20,2081,SHOPERSTOP,EQ,41259,33572,81.37
20,2082,SHREDIGCEM,EQ,245150,118502,48.34
20,2083,SHREECEM,EQ,23212,12128,52.25
20,2084,SHREEKARNI,ST,19200,19200,100.00
20,2085,SHREEOSFM,SM,13000,12000,92.31
20,2086,SHREEPUSHK,EQ,575148,245163,42.63
20,2087,SHREYANIND,EQ,37206,24419,65.63
20,2088,SHREYAS,EQ,43228,22508,52.07
20,2089,SHRIPISTON,EQ,87706,48446,55.24
20,2090,SHRIRAMFIN,EQ,1983161,653105,32.93
20,2091,SHRIRAMPPS,EQ,2975003,1467470,49.33
20,2092,SHRITECH,SM,64000,40000,62.50
20,2093,SHUBHLAXMI,SM,15000,13000,86.67
20,2094,SHYAMCENT,EQ,979966,606063,61.85
20,2095,SHYAMMETL,EQ,1096895,568202,51.80
20,2096,SIDDHIKA,SM,2000,2000,100.00
20,2097,SIEMENS,EQ,180413,107895,59.80
20,2098,SIGACHI,EQ,839278,475949,56.71
20,2099,SIGIND,EQ,33744,18640,55.24
20,2100,SIGMA,EQ,14354,9676,67.41
20,2101,SIGNATURE,EQ,485246,84491,17.41
20,2102,SIGNORIA,SM,40000,22000,55.00
20,2103,SIGNPOST,EQ,91653,58361,63.68
20,2104,SILGO,EQ,78275,33956,43.38
20,2105,SILINV,EQ,15347,9489,61.83
20,2106,SILKFLEX,SM,8000,6000,75.00
20,2107,SILVER,EQ,78591,47542,60.49
20,2108,SILVER1,EQ,57090,35940,62.95
20,2109,SILVERADD,EQ,45396,41504,91.43
20,2110,SILVERBEES,EQ,6720490,4885999,72.70
20,2111,SILVERETF,EQ,162271,90234,55.61
20,2112,SILVERIETF,EQ,2566536,2223002,86.61
20,2113,SILVERTUC,EQ,23066,5354,23.21
20,2114,SILVRETF,EQ,24720,16429,66.46
20,2115,SIMPLEXINF,EQ,267155,206410,77.26
20,2116,SINCLAIR,EQ,42710,25583,59.90
20,2117,SINDHUTRAD,EQ,364933,236530,64.81
20,2118,SINTERCOM,EQ,15183,7461,49.14
20,2119,SIRCA,EQ,122381,70880,57.92
20,2120,SIS,EQ,137031,76654,55.94
20,2121,SIYSIL,EQ,33864,16461,48.61
20,2122,SJLOGISTIC,SM,39000,26500,67.95
20,2123,SJS,EQ,54056,29412,54.41
20,2124,SJVN,EQ,5502648,2285888,41.54
20,2125,SKFINDIA,EQ,145390,124313,85.50
20,2126,SKIPPER,EQ,377115,149026,39.52
20,2127,SKIPPERPP,E1,957,756,79.00
20,2128,SKMEGGPROD,EQ,352673,186473,52.87
20,2129,SKP,SM,19500,16000,82.05
20,2130,SLONE,ST,17600,17600,100.00
20,2131,SMALLCAP,EQ,694558,559194,80.51
20,2132,SMCGLOBAL,EQ,131174,81000,61.75
20,2133,SMLISUZU,EQ,7416,3783,51.01
20,2134,SMLT,EQ,9528,5496,57.68
20,2135,SMSPHARMA,EQ,376289,124358,33.05
20,2136,SMVD,SM,4040,4040,100.00
20,2137,SNOWMAN,EQ,2361316,993394,42.07
20,2138,SOBHA,EQ,217781,141893,65.15
20,2139,SOBHAPP,E1,4251,3927,92.38
20,2140,SOFTTECH,EQ,7002,5782,82.58
20,2141,SOLARAPP,X1,6400,5372,83.94
20,2142,SOLARINDS,EQ,74214,54179,73.00
20,2143,SOLEX,SM,16200,9400,58.02
20,2144,SOMANYCERA,EQ,61603,47415,76.97
20,2145,SOMATEX,EQ,31756,13723,43.21
20,2146,SONACOMS,EQ,2966671,891924,30.06
20,2147,SONAMAC,SM,24000,15000,62.50
20,2148,SONAMLTD,EQ,112105,42290,37.72
20,2149,SONATSOFTW,EQ,411682,165450,40.19
20,2150,SOTAC,ST,1200,1200,100.00
20,2151,SOTL,EQ,309122,85210,27.57
20,2152,SOUTHBANK,EQ,8428067,4026743,47.78
20,2153,SOUTHWEST,EQ,608680,338252,55.57
20,2154,SPAL,EQ,19854,12324,62.07
20,2155,SPANDANA,EQ,174262,96885,55.60
20,2156,SPARC,EQ,780132,313425,40.18
20,2157,SPCENET,EQ,1091119,570991,52.33
20,2158,SPCL,SM,256800,147600,57.48
20,2159,SPECIALITY,EQ,95822,54276,56.64
20,2160,SPECTRUM,SM,12625,12250,97.03
20,2161,SPECTSTM,SM,17600,13600,77.27
20,2162,SPENCERS,EQ,6939612,1597917,23.03
20,2163,SPIC,EQ,3607139,1177947,32.66
20,2164,SPLIL,EQ,23605,13299,56.34
20,2165,SPLPETRO,EQ,95151,52899,55.59
20,2166,SPORTKING,EQ,63494,30082,47.38
20,2167,SPRL,ST,1600,1600,100.00
20,2168,SREEL,EQ,7375,3802,51.55
20,2169,SRF,EQ,598139,250189,41.83
20,2170,SRGHFL,EQ,4501,2908,64.61
20,2171,SRHHYPOLTD,EQ,61025,32978,54.04
20,2172,SRIVASAVI,SM,20000,14000,70.00
20,2173,SRPL,EQ,2490273,1418464,56.96
20,2174,SSEGL,SM,948000,481000,50.74
20,2175,SSFL,SM,19500,15500,79.49
20,2176,SSWL,EQ,251436,141447,56.26
20,2177,STANLEY,EQ,109774,61235,55.78
20,2178,STAR,EQ,174415,101327,58.10
20,2179,STARCEMENT,EQ,423293,206651,48.82
20,2180,STARHEALTH,EQ,4213483,3336380,79.18
20,2181,STARPAPER,EQ,41700,30346,72.77
20,2182,STCINDIA,EQ,312721,60663,19.40
20,2183,STEELCAS,EQ,22037,15939,72.33
20,2184,STEELCITY,EQ,10600,6854,64.66
20,2185,STEELXIND,EQ,5520312,2687020,48.68
20,2186,STERTOOLS,EQ,492573,179562,36.45
20,2187,STLTECH,EQ,1125371,625679,55.60
20,2188,STOVEKRAFT,EQ,183310,75437,41.15
20,2189,STYLAMIND,EQ,204877,116816,57.02
20,2190,STYRENIX,EQ,48013,25926,54.00
20,2191,SUBEXLTD,EQ,2973870,1574430,52.94
20,2192,SUBROS,EQ,2041545,276911,13.56
20,2193,SUDARSCHEM,EQ,130526,71371,54.68
20,2194,SUKHJITS,EQ,13280,6402,48.21
20,2195,SULA,EQ,235054,131271,55.85
20,2196,SUMICHEM,EQ,541227,210965,38.98
20,2197,SUMMITSEC,EQ,9522,4928,51.75
20,2198,SUNCLAY,EQ,8669,6036,69.63
20,2199,SUNDARMFIN,EQ,87053,44732,51.38
20,2200,SUNDARMHLD,EQ,1076798,357236,33.18
20,2201,SUNDRMBRAK,EQ,12202,7515,61.59
20,2202,SUNDRMFAST,EQ,37689,15193,40.31
20,2203,SUNFLAG,EQ,192538,101114,52.52
20,2204,SUNLITE,ST,86400,86400,100.00
20,2205,SUNPHARMA,EQ,1231023,652942,53.04
20,2206,SUNREST,SM,1600,1600,100.00
20,2207,SUNTECK,EQ,468910,249347,53.18
20,2208,SUNTV,EQ,1604779,611741,38.12
20,2209,SUPERHOUSE,EQ,34033,19818,58.23
20,2210,SUPERSPIN,EQ,767645,451737,58.85
20,2211,SUPRAJIT,EQ,446246,262789,58.89
20,2212,SUPREMEIND,EQ,62770,37907,60.39
20,2213,SUPREMEPWR,ST,93000,85000,91.40
20,2214,SUPRIYA,EQ,328674,135731,41.30
20,2215,SURANASOL,EQ,239380,139928,58.45
20,2216,SURANI,SM,12400,9000,72.58
20,2217,SURYALAXMI,EQ,30268,14919,49.29
20,2218,SURYAROSNI,EQ,189678,92532,48.78
20,2219,SURYODAY,EQ,471129,325377,69.06
20,2220,SUTLEJTEX,EQ,478290,222697,46.56
20,2221,SUVEN,EQ,1048995,373874,35.64
20,2222,SUVENPHAR,EQ,467360,154163,32.99
20,2223,SUVIDHAA,EQ,356896,135462,37.96
20,2224,SUYOG,EQ,49045,39697,80.94
20,2225,SUZLON,EQ,32622346,17613312,53.99
20,2226,SVLL,EQ,22288,18404,82.57
20,2227,SVPGLOB,EQ,36469,22496,61.69
20,2228,SWANENERGY,EQ,1122901,394558,35.14
20,2229,SWARAJ,SM,25000,21000,84.00
20,2230,SWARAJENG,EQ,53905,20781,38.55
20,2231,SWASTIK,SM,86400,68400,79.17
20,2232,SWELECTES,EQ,81905,25489,31.12
20,2233,SWSOLAR,EQ,514113,359535,69.93
20,2234,SYLVANPLY,SM,18000,14000,77.78
20,2235,SYMPHONY,EQ,552594,226426,40.98
20,2236,SYNCOMF,EQ,38962590,11332174,29.08
20,2237,SYNGENE,EQ,737791,331911,44.99
20,2238,SYNOPTICS,SM,27000,23400,86.67
20,2239,SYRMA,EQ,302733,113252,37.41
20,2240,SYSTANGO,SM,30400,22400,73.68
20,2241,TAC,SM,24000,18000,75.00
20,2242,TAJGVK,EQ,178413,96297,53.97
20,2243,TAKE,EQ,144501,91497,63.32
20,2244,TALBROAUTO,EQ,129736,59555,45.90
20,2245,TANLA,EQ,2020488,796510,39.42
20,2246,TAPIFRUIT,SM,18000,14250,79.17
20,2247,TARACHAND,EQ,32237,21782,67.57
20,2248,TARSONS,EQ,37082,19105,51.52
20,2249,TASTYBITE,EQ,20690,7697,37.20
20,2250,TATACHEM,EQ,1126815,299193,26.55
20,2251,TATACOMM,EQ,262769,64217,24.44
20,2252,TATACONSUM,EQ,483025,247650,51.27
20,2253,TATAELXSI,EQ,5503022,746835,13.57
20,2254,TATAGOLD,EQ,1692965,1151726,68.03
20,2255,TATAINVEST,EQ,1179782,248169,21.04
20,2256,TATAMOTORS,EQ,8813305,4653333,52.80
20,2257,TATAMTRDVR,EQ,6862376,5971667,87.02
20,2258,TATAPOWER,EQ,11895337,5580090,46.91
20,2259,TATASTEEL,EQ,24523684,9811497,40.01
20,2260,TATATECH,EQ,23579885,7762523,32.92
20,2261,TATSILV,EQ,953711,773889,81.15
20,2262,TATVA,EQ,54522,25598,46.95
20,2263,TBI,ST,27600,24000,86.96
20,2264,TBOTEK,EQ,73489,58439,79.52
20,2265,TBZ,EQ,2767684,577785,20.88
20,2266,TCHF30,NB,1208,928,76.82
20,2267,TCI,EQ,73768,29338,39.77
20,2268,TCIEXP,EQ,219854,61649,28.04
20,2269,TCL,SM,154400,116800,75.65
20,2270,TCNSBRANDS,EQ,68024,36013,52.94
20,2271,TCPLPACK,EQ,21374,11539,53.99
20,2272,TCS,EQ,930697,599149,64.38
20,2273,TDPOWERSYS,EQ,1059657,430576,40.63
20,2274,TEAMLEASE,EQ,18831,7824,41.55
20,2275,TECH,EQ,19000,14038,73.88
20,2276,TECHLABS,ST,17500,15500,88.57
20,2277,TECHM,EQ,1083351,585599,54.05
20,2278,TEGA,EQ,20741,10547,50.85
20,2279,TEJASNET,EQ,921965,401128,43.51
20,2280,TEMBO,EQ,292854,58329,19.92
20,2281,TEXINFRA,EQ,899079,513522,57.12
20,2282,TEXMOPIPES,EQ,222057,138920,62.56
20,2283,TEXRAIL,EQ,1410665,587218,41.63
20,2284,TFCILTD,EQ,1369091,637730,46.58
20,2285,TGBHOTELS,EQ,176417,92195,52.26
20,2286,TGL,ST,20400,20400,100.00
20,2287,THANGAMAYL,EQ,36065,17104,47.43
20,2288,THEJO,EQ,10922,5675,51.96
20,2289,THEMISMED,EQ,71527,47564,66.50
20,2290,THERMAX,EQ,186854,150233,80.40
20,2291,THOMASCOOK,EQ,1611838,1032464,64.06
20,2292,THYROCARE,EQ,56086,24522,43.72
20,2293,TI,EQ,1469136,746437,50.81
20,2294,TIDEWATER,EQ,25282,10935,43.25
20,2295,TIIL,EQ,73524,29510,40.14
20,2296,TIINDIA,EQ,128102,77035,60.14
20,2297,TIMESCAN,SM,28000,20000,71.43
20,2298,TIMESGTY,EQ,12544,6950,55.40
20,2299,TIMETECHNO,EQ,1149083,153530,13.36
20,2300,TIMKEN,EQ,128177,56174,43.83
20,2301,TIPSFILMS,EQ,5676,3205,56.47
20,2302,TIPSINDLTD,EQ,284400,140428,49.38
20,2303,TIRUMALCHM,EQ,1268341,372287,29.35
20,2304,TIRUPATI,SM,500,500,100.00
20,2305,TITAGARH,EQ,2716184,699809,25.76
20,2306,TITAN,EQ,1169007,476608,40.77
20,2307,TMB,EQ,96451,63233,65.56
20,2308,TNIDETF,EQ,52738,44590,84.55
20,2309,TNPETRO,EQ,437105,218898,50.08
20,2310,TNPL,EQ,641744,304295,47.42
20,2311,TOKYOPLAST,EQ,13349,9457,70.84
20,2312,TOP100CASE,EQ,126498,118957,94.04
20,2313,TORNTPHARM,EQ,219015,127114,58.04
20,2314,TORNTPOWER,EQ,831236,256202,30.82
20,2315,TRACXN,EQ,716333,422773,59.02
20,2316,TRANSTEEL,SM,122000,98000,80.33
20,2317,TRANSWIND,SM,8000,8000,100.00
20,2318,TREEHOUSE,EQ,71633,44905,62.69
20,2319,TREJHARA,EQ,44783,37865,84.55
20,2320,TREL,EQ,440762,186249,42.26
20,2321,TRENT,EQ,578002,303749,52.55
20,2322,TRF,EQ,174413,98877,56.69
20,2323,TRIDENT,EQ,4867560,1665077,34.21
20,2324,TRIDHYA,SM,33000,24000,72.73
20,2325,TRITURBINE,EQ,2588003,575469,22.24
20,2326,TRIVENI,EQ,341957,113526,33.20
20,2327,TROM,SM,170400,94800,55.63
20,2328,TRU,EQ,2318867,944912,40.75
20,2329,TRUST,ST,282000,261600,92.77
20,2330,TTKHLTCARE,EQ,3479,2092,60.13
20,2331,TTKPRESTIG,EQ,25472,13855,54.39
20,2332,TTL,EQ,128270,71042,55.38
20,2333,TTML,EQ,72108829,11544766,16.01
20,2334,TUNWAL,SM,438000,262000,59.82
20,2335,TV18BRDCST,EQ,9535399,3150832,33.04
20,2336,TVSELECT,EQ,698130,170839,24.47
20,2337,TVSHLTD,EQ,29228,6363,21.77
20,2338,TVSMOTOR,EQ,917102,675092,73.61
20,2339,TVSSCS,EQ,1490854,507315,34.03
20,2340,TVSSRICHAK,EQ,9105,4049,44.47
20,2341,TVTODAY,EQ,289536,147271,50.86
20,2342,UBL,EQ,185861,79752,42.91
20,2343,UCAL,EQ,844865,422078,49.96
20,2344,UCOBANK,EQ,3363183,1052266,31.29
20,2345,UDAICEMENT,EQ,674147,371326,55.08
20,2346,UDS,EQ,226189,103870,45.92
20,2347,UFLEX,EQ,327760,177425,54.13
20,2348,UFO,EQ,171658,63890,37.22
20,2349,UGARSUGAR,EQ,191835,67410,35.14
20,2350,UGROCAP,EQ,101329,60330,59.54
20,2351,UJJIVANSFB,EQ,8926150,5231795,58.61
20,2352,ULTRACEMCO,EQ,184428,91754,49.75
20,2353,UMA,SM,20000,20000,100.00
20,2354,UMAEXPORTS,EQ,2326350,642913,27.64
20,2355,UNICHEMLAB,EQ,32558,9550,29.33
20,2356,UNIDT,EQ,16983,8594,50.60
20,2357,UNIECOM,EQ,3114861,708407,22.74
20,2358,UNIENTER,EQ,17006,12539,73.73
20,2359,UNIHEALTH,SM,51000,37000,72.55
20,2360,UNIINFO,EQ,25778,6755,26.20
20,2361,UNIONBANK,EQ,5719506,2748361,48.05
20,2362,UNIPARTS,EQ,112722,72859,64.64
20,2363,UNITDSPR,EQ,580798,293907,50.60
20,2364,UNITEDPOLY,EQ,13997,9773,69.82
20,2365,UNITEDTEA,EQ,4853,3986,82.13
20,2366,UNIVASTU,EQ,22819,12470,54.65
20,2367,UNIVCABLES,EQ,263827,140804,53.37
20,2368,UNIVPHOTO,EQ,4245,2929,69.00
20,2369,UNOMINDA,EQ,513247,272194,53.03
20,2370,UPL,EQ,2705825,796428,29.43
20,2371,URBAN,SM,22000,15200,69.09
20,2372,URJA,EQ,4775240,1872573,39.21
20,2373,USASEEDS,SM,900,900,100.00
20,2374,USHAMART,EQ,953818,599877,62.89
20,2375,UTIAMC,EQ,251117,161186,64.19
20,2376,UTIBANKETF,EQ,1139631,1062705,93.25
20,2377,UTINEXT50,EQ,120501,110635,91.81
20,2378,UTINIFTETF,EQ,11198,10158,90.71
20,2379,UTISENSETF,EQ,4384,2560,58.39
20,2380,UTISXN50,EQ,1026,923,89.96
20,2381,UTKARSHBNK,EQ,876856,530464,60.50
20,2382,UTSSAV,SM,727200,466800,64.19
20,2383,UTTAMSUGAR,EQ,65518,29905,45.64
20,2384,VADILALIND,EQ,9273,6895,74.36
20,2385,VAIBHAVGBL,EQ,679494,228209,33.59
20,2386,VAISHALI,EQ,348824,199603,57.22
20,2387,VAKRANGEE,EQ,3224417,1496814,46.42
20,2388,VALIANTLAB,EQ,478951,209412,43.72
20,2389,VALIANTORG,EQ,188431,88666,47.05
20,2390,VARDHACRLC,EQ,91219,57947,63.53
20,2391,VARDMNPOLY,EQ,2313855,1518715,65.64
20,2392,VARROC,EQ,538178,143519,26.67
20,2393,VASCONEQ,EQ,1548176,747425,48.28
20,2394,VASWANI,EQ,73733,37532,50.90
20,2395,VBL,EQ,889359,526373,59.19
20,2396,VEDL,EQ,10906758,5255574,48.19
20,2397,VEEKAYEM,SM,7000,6000,85.71
20,2398,VELS,SM,6000,4800,80.00
20,2399,VENKEYS,EQ,31951,15123,47.33
20,2400,VENUSPIPES,EQ,159346,94063,59.03
20,2401,VENUSREM,EQ,38578,24922,64.60
20,2402,VERITAAS,SM,22800,21600,94.74
20,2403,VERTOZ,EQ,674749,577861,85.64
20,2404,VESUVIUS,EQ,14419,8529,59.15
20,2405,VETO,EQ,985102,229260,23.27
20,2406,VGUARD,EQ,1466580,381634,26.02
20,2407,VHL,EQ,1077,593,55.06
20,2408,VIDHIING,EQ,47754,14636,30.65
20,2409,VIJAYA,EQ,261491,169393,64.78
20,2410,VIKASECO,EQ,6871350,3166357,46.08
20,2411,VIKASLIFE,EQ,6379482,3962459,62.11
20,2412,VILAS,ST,22000,21000,95.45
20,2413,VILINBIO,SM,12000,12000,100.00
20,2414,VIMTALABS,EQ,43422,24436,56.28
20,2415,VINATIORGA,EQ,57958,19776,34.12
20,2416,VINDHYATEL,EQ,107661,56818,52.77
20,2417,VINEETLAB,EQ,37779,23993,63.51
20,2418,VINSYS,SM,11500,8000,69.57
20,2419,VINYAS,ST,2000,1800,90.00
20,2420,VINYLINDIA,EQ,43392,18301,42.18
20,2421,VIPIND,EQ,322156,199925,62.06
20,2422,VIPULLTD,EQ,10024320,5598215,55.85
20,2423,VIRINCHI,EQ,787804,455273,57.79
20,2424,VISAKAIND,EQ,320990,156971,48.90
20,2425,VISAMAN,SM,3000,3000,100.00
20,2426,VISHNU,EQ,147775,91081,61.63
20,2427,VISHNUINFR,SM,82500,58500,70.91
20,2428,VISHWARAJ,EQ,604102,350073,57.95
20,2429,VISHWAS,SM,20800,19200,92.31
20,2430,VITAL,ST,14400,14400,100.00
20,2431,VIVIANA,ST,19500,18500,94.87
20,2432,VIVO,SM,4800,4800,100.00
20,2433,VLEGOV,EQ,6435085,1172840,18.23
20,2434,VLINFRA,SM,414000,249000,60.14
20,2435,VLSFINANCE,EQ,211508,105140,49.71
20,2436,VMARCIND,SM,91000,63000,69.23
20,2437,VMART,EQ,14039,5252,37.41
20,2438,VOLTAMP,EQ,12423,5167,41.59
20,2439,VOLTAS,EQ,2743023,1428727,52.09
20,2440,VPRPL,EQ,739252,380107,51.42
20,2441,VR,SM,9600,6400,66.67
20,2442,VRAJ,EQ,190579,91993,48.27
20,2443,VRLLOG,EQ,53356,30932,57.97
20,2444,VSCL,SM,12000,12000,100.00
20,2445,VSSL,EQ,242813,161695,66.59
20,2446,VSTIND,EQ,160881,85953,53.43
20,2447,VSTTILLERS,EQ,10874,6351,58.41
20,2448,VTL,EQ,942214,299447,31.78
20,2449,WABAG,EQ,234564,103998,44.34
20,2450,WALCHANNAG,EQ,232260,104057,44.80
20,2451,WALPAR,SM,12000,8000,66.67
20,2452,WANBURY,EQ,470580,330915,70.32
20,2453,WEL,EQ,125119,46824,37.42
20,2454,WELCORP,EQ,1156714,563989,48.76
20,2455,WELENT,EQ,273851,162179,59.22
20,2456,WELINV,EQ,19477,8429,43.28
20,2457,WELSPUNLIV,EQ,12199603,4965086,40.70
20,2458,WENDT,EQ,268,196,73.13
20,2459,WESTLIFE,EQ,65969,30159,45.72
20,2460,WHEELS,EQ,36517,22618,61.94
20,2461,WHIRLPOOL,EQ,283359,222801,78.63
20,2462,WILLAMAGOR,EQ,33512,23624,70.49
20,2463,WINDLAS,EQ,29848,16053,53.78
20,2464,WINDMACHIN,EQ,739356,417524,56.47
20,2465,WINNY,SM,21000,11000,52.38
20,2466,WINSOL,SM,132800,75200,56.63
20,2467,WIPRO,EQ,3982898,1962543,49.27
20,2468,WOMANCART,ST,1600,1600,100.00
20,2469,WONDERLA,EQ,42689,20989,49.17
20,2470,WORTH,EQ,192067,121527,63.27
20,2471,WSI,EQ,103850,56789,54.68
20,2472,WSTCSTPAPR,EQ,93759,55199,58.87
20,2473,WTICAB,SM,58000,33000,56.90
20,2474,XCHANGING,EQ,444093,178542,40.20
20,2475,XELPMOC,EQ,93668,18405,19.65
20,2476,XPROINDIA,EQ,24633,15167,61.57
20,2477,YAARI,EQ,104736,104736,100.00
20,2478,YASHO,EQ,8911,5596,62.80
20,2479,YASHOPTICS,SM,72000,46400,64.44
20,2480,YATHARTH,EQ,974497,500895,51.40
20,2481,YATRA,EQ,383240,208228,54.33
20,2482,YESBANK,EQ,65729887,29039062,44.18
20,2483,YUDIZ,ST,20800,20000,96.15
20,2484,YUKEN,EQ,19463,10970,56.36
20,2485,ZAGGLE,EQ,860886,363080,42.18
20,2486,ZEAL,SM,73200,56400,77.05
20,2487,ZEEL,EQ,101988877,28481036,27.93
20,2488,ZEEMEDIA,EQ,23186516,9880188,42.61
20,2489,ZENITHDRUG,SM,193600,131200,67.77
20,2490,ZENSARTECH,EQ,470072,161459,34.35
20,2491,ZENTEC,EQ,954106,444589,46.60
20,2492,ZFCVINDIA,EQ,4002,2251,56.25
20,2493,ZIMLAB,EQ,130020,64770,49.82
20,2494,ZODIAC,EQ,75193,54433,72.39
20,2495,ZOMATO,EQ,31816706,16086235,50.56
20,2496,ZOTA,EQ,31735,16461,51.87
20,2497,ZTECH,SM,151200,102000,67.46
20,2498,ZUARI,EQ,186476,78188,41.93
20,2499,ZUARIIND,EQ,85119,45962,54.00
20,2500,ZYDUSLIFE,EQ,3437214,1453890,42.30
20,2501,ZYDUSWELL,EQ,18856,7826,41.50
