Security Wise Delivery Position - Compulsory Rolling Settlement
10,MTO,25072024,2120010359,0002494
Trade Date <25-JUL-2024>,Settlement Type <N>
Record Type,Sr No,Name of Security,Quantity Traded,Deliverable Quantity(gross across client level),% of Deliverable Quantity to Traded Quantity
20,1,0MOFSL26,N1,30,30,100.00
20,2,1003IIFL29,NC,1996,1746,87.47
20,3,1003ISFL28,N4,52,52,100.00
20,4,1015ECL29,NR,399,397,99.50
20,5,1018GS2026,GS,651,651,100.00
20,6,1025IHF34,Z8,400,400,100.00
20,7,1049DLSL25,NX,100,100,100.00
20,8,1050ISFL28,N5,1,1,100.00
20,9,1050NFL26,N7,288,288,100.00
20,10,1060ECL29,NS,90,90,100.00
20,11,1065NFL27,NC,989,989,100.00
20,12,10IIFL28,N4,334,286,85.63
20,13,10IIFL28A,NE,108,103,95.37
20,14,10NIDO26,N6,2532,2532,100.00
20,15,1102NFL26,N8,20,10,50.00
20,16,1119NFL27,ND,456,456,100.00
20,17,11DLSL25A,Y3,10,10,100.00
20,18,182D050924,TB,1000,1000,100.00
20,19,182D090125,TB,1200,1200,100.00
20,20,182D121224,TB,500,500,100.00
20,21,182D191224,TB,100,100,100.00
20,22,182D281124,TB,400,400,100.00
20,23,182D290824,TB,800,800,100.00
20,24,20MICRONS,EQ,161438,67758,41.97
20,25,360ONE,EQ,316835,224173,70.75
20,26,364D130225,TB,1700,1500,88.24
20,27,3IINFOLTD,EQ,1452598,442814,30.48
20,28,3MINDIA,EQ,4205,2172,51.65
20,29,3PLAND,EQ,72313,30035,41.53
20,30,522GS2025,GS,1,1,100.00
20,31,563GS2026,GS,2,2,100.00
20,32,574GS2026,GS,12,12,100.00
20,33,5PAISA,EQ,44940,21366,47.54
20,34,610GS2031,GS,509,509,100.00
20,35,63MOONS,EQ,119947,69699,58.11
20,36,654GS2032,GS,1,1,100.00
20,37,667GS2035,GS,8003,8003,100.00
20,38,667GS2050,GS,2938,2938,100.00
20,39,676GS2061,GS,834,834,100.00
20,40,689GS2025,GS,100,100,100.00
20,41,699GS2026,GS,800,800,100.00
20,42,699GS2051,GS,4983,1661,33.33
20,43,702GS2027,GS,600,600,100.00
20,44,702GS2031,GS,300,300,100.00
20,45,704GS2029,GS,2112,2112,100.00
20,46,706GS2028,GS,2000,2000,100.00
20,47,710GS2029,GS,18919,18919,100.00
20,48,717GS2030,GS,4004,3843,95.98
20,49,718GS2033,GS,599,599,100.00
20,50,718GS2037,GS,23384,20601,88.10
20,51,719HUDCO28,N7,104,104,100.00
20,52,725GS2063,GS,29276,29276,100.00
20,53,726GS2032,GS,5500,5500,100.00
20,54,726GS2033,GS,10000,10000,100.00
20,55,727GS2026,GS,53,53,100.00
20,56,732GS2030,GS,1200,1200,100.00
20,57,732IRFC25,NI,396,396,100.00
20,58,733GS2026,GS,2200,2200,100.00
20,59,734GS2064,GS,6187,6067,98.06
20,60,735NHAI31,N9,234,234,100.00
20,61,736GS2052,GS,1,1,100.00
20,62,737GS2028,GS,1480,740,50.00
20,63,738GS2027,GS,100903,100903,100.00
20,64,739NHAI26,N8,1824,1824,100.00
20,65,73GS2053,GS,9990,9103,91.12
20,66,741GS2036,GS,86399,85389,98.83
20,67,743REC35,NH,5,5,100.00
20,68,746GS2073,GS,1,1,100.00
20,69,74GS2035,GS,1,1,100.00
20,70,74GS2062,GS,1,1,100.00
20,71,753IRFC30,NJ,2318,1818,78.43
20,72,754GS2036,GS,294658,291018,98.76
20,73,760PFCL35,N3,50,50,100.00
20,74,762NTPC35F,ND,300,300,100.00
20,75,764HUDCO31,N8,23,23,100.00
20,76,764IRFC31,NO,1615,1275,78.95
20,77,764NABAR31,N2,1133,1000,88.26
20,78,769HUDCO31,N9,115,110,95.65
20,79,769NHAI31,NE,1,1,100.00
20,80,76IGT26,ND,680,680,100.00
20,81,76NHAI31,NA,1251,680,54.36
20,82,774IREDA31,N7,229,229,100.00
20,83,79IGT28,NF,100,100,100.00
20,84,79NHIT35,N1,278,239,85.97
20,85,79NHIT40,N2,139,139,100.00
20,86,79NHIT47,N3,422,369,87.44
20,87,810IRFC27,N2,20,20,100.00
20,88,812REC27,NI,104,104,100.00
20,89,81ABFL33,N5,232,116,50.00
20,90,824GS2027,GS,899,899,100.00
20,91,826GS2027,GS,100,100,100.00
20,92,828GS2027,GS,4900,4900,100.00
20,93,82HUDCO27,N2,464,464,100.00
20,94,82IGT31,NJ,100,100,100.00
20,95,830NHAI27,N2,629,624,99.21
20,96,830PFCL27,N5,5,5,100.00
20,97,835IFL25,NV,301,301,100.00
20,98,835PCHF23,NN,60,60,100.00
20,99,83TCHF25,N6,470,250,53.19
20,100,840CIFCL28,N4,300,300,100.00
20,101,842IIFL26,NL,719,719,100.00
20,102,848NTPC28,N2,1,1,100.00
20,103,849NTPC25,N7,33643,32730,97.29
20,104,84TCHF28,NA,4,4,100.00
20,105,850IIFL27,NA,140,140,100.00
20,106,85IIFL25,NO,17,17,100.00
20,107,85TCAPS24,N6,429,332,77.39
20,108,865IBHFL26,N8,7,7,100.00
20,109,865IFL28,NZ,150,150,100.00
20,110,865IIFL28,NS,600,600,100.00
20,111,865IRFC29,NA,352,342,97.16
20,112,865LTF26,NN,405,390,96.30
20,113,86LTF24,NJ,20,20,100.00
20,114,871REC28,N9,1200,1200,100.00
20,115,872MMFSL26,N1,215,150,69.77
20,116,875CIFC23B,NJ,10,10,100.00
20,117,875IHFL26,NQ,26,26,100.00
20,118,875IHFL29,ND,139,139,100.00
20,119,875NHAI29,N6,1165,1000,85.84
20,120,875PCHFL26,N8,10,10,100.00
20,121,875SFL27,ZF,75,75,100.00
20,122,876HUDCO28,ND,344,344,100.00
20,123,87LTF27,NH,511,475,92.95
20,124,880IREDA29,N5,53,52,98.11
20,125,880IREDA34,N6,25,25,100.00
20,126,885MOFSL26,N0,930,930,100.00
20,127,888IRFC29,NE,54,54,100.00
20,128,888REC29,NF,113,88,77.88
20,129,889IHFL27,YC,404,404,100.00
20,130,88IHFL25,YZ,1,1,100.00
20,131,891NTPC33,N6,276,219,79.35
20,132,892NHPC33,N6,40,40,100.00
20,133,892PFCL33,N8,50,50,100.00
20,134,893NHB29,N6,2,2,100.00
20,135,897MOFSL29,N4,440,440,100.00
20,136,898LTF29,N7,406,386,95.07
20,137,903SFL28,YI,35,35,100.00
20,138,905IHF24,YV,2,2,100.00
20,139,910CAGL25,N7,4,4,100.00
20,140,910TCAP28,NA,412,331,80.34
20,141,915IBHFL26,NE,45,45,100.00
20,142,916IHFL25,ZW,200,200,100.00
20,143,91D020824,TB,800,800,100.00
20,144,91D031024,TB,800,800,100.00
20,145,91D080824,TB,100,100,100.00
20,146,91D101024,TB,300,300,100.00
20,147,91D120924,TB,300,200,66.67
20,148,91D150824,TB,100,100,100.00
20,149,91D230824,TB,300,200,66.67
20,150,91D260924,TB,500,500,100.00
20,151,91MOFSL27,N2,10,10,100.00
20,152,921ISFL25,N0,2,1,50.00
20,153,925ERFL28,N6,10,10,100.00
20,154,925IHFL25C,AR,18,18,100.00
20,155,92GS2030,GS,928,928,100.00
20,156,930SFL28,YP,20,20,100.00
20,157,931SFL26,Z5,117,117,100.00
20,158,935LTF29,N5,571,511,89.49
20,159,93IHFL24,ZP,64,64,100.00
20,160,943ECL28,NJ,50,50,100.00
20,161,945CAGL24,N1,10,10,100.00
20,162,948IHFL26,N9,5,5,100.00
20,163,948IHFL26I,AX,127,102,80.31
20,164,94IFCI25,NL,482,482,100.00
20,165,94SFL28,YL,670,670,100.00
20,166,955IHFL25,ZU,76,76,100.00
20,167,957ISFL26,N2,56,56,100.00
20,168,957NIDO26,N5,15,15,100.00
20,169,965IBHFL25,AG,10,5,50.00
20,170,965IHFL25B,Y1,11,11,100.00
20,171,96IIFL28,N5,357,357,100.00
20,172,96IIFL28A,NF,545,545,100.00
20,173,971IHFL28I,BC,115,115,100.00
20,174,97MOFSL34,N7,200,200,100.00
20,175,97SFL29,YZ,9,7,77.78
20,176,985ECL28,NK,612,612,100.00
20,177,985IIFL22,NC,16,16,100.00
20,178,990IBHFL26,AJ,15,15,100.00
20,179,990IHFL26,N7,5,5,100.00
20,180,990IHFL26I,AV,73,73,100.00
20,181,99IFCI24,NH,217,217,100.00
20,182,9IHFL25,Y5,100,100,100.00
20,183,9IIFL28,Y0,57,57,100.00
20,184,9IIFL28A,NT,1000,1000,100.00
20,185,9MMFSML,N2,1625,1625,100.00
20,186,9PCHFL31A,NA,550,492,89.45
20,187,AAATECH,EQ,28483,7310,25.66
20,188,AADHARHFC,EQ,567289,260576,45.93
20,189,AAREYDRUGS,EQ,124479,85268,68.50
20,190,AARON,EQ,4058,2546,62.74
20,191,AARTIDRUGS,EQ,83909,32501,38.73
20,192,AARTIIND,EQ,447192,166785,37.30
20,193,AARTIPHARM,EQ,89028,48626,54.62
20,194,AARTISURF,EQ,21991,11223,51.03
20,195,AARTISURF,P1,20,10,50.00
20,196,AARVEEDEN,EQ,65199,41681,63.93
20,197,AARVI,EQ,20723,13740,66.30
20,198,AATMAJ,SM,20000,16000,80.00
20,199,AAVAS,EQ,104909,48728,46.45
20,200,ABB,EQ,304924,112703,36.96
20,201,ABBOTINDIA,EQ,7455,2402,32.22
20,202,ABCAPITAL,EQ,4818254,2225063,46.18
20,203,ABCOTS,SM,2000,1500,75.00
20,204,ABDL,EQ,764199,381960,49.98
20,205,ABFRL,EQ,2945993,911527,30.94
20,206,ABGSEC,EQ,149,80,53.69
20,207,ABINFRA,SM,26000,24000,92.31
20,208,ABSLAMC,EQ,499143,287598,57.62
20,209,ABSLBANETF,EQ,2224231,2184626,98.22
20,210,ABSLLIQUID,EQ,4297,2701,62.86
20,211,ABSLNN50ET,EQ,20344,12147,59.71
20,212,ABSLPSE,EQ,1616030,1213973,75.12
20,213,ABSMARINE,SM,86000,58000,67.44
20,214,ACC,EQ,432019,250332,57.94
20,215,ACCELYA,EQ,13438,7389,54.99
20,216,ACCENTMIC,SM,18500,14500,78.38
20,217,ACCORD,SM,2000,2000,100.00
20,218,ACE,EQ,123965,63875,51.53
20,219,ACEINTEG,EQ,26441,7438,28.13
20,220,ACI,EQ,414098,201747,48.72
20,221,ACL,EQ,114816,67921,59.16
20,222,ACLGATI,EQ,523285,301083,57.54
20,223,ACSAL,SM,72000,54000,75.00
20,224,ADANIENSOL,EQ,1144067,577011,50.44
20,225,ADANIENT,EQ,1105721,278328,25.17
20,226,ADANIGREEN,EQ,3002543,920605,30.66
20,227,ADANIPORTS,EQ,2211808,853116,38.57
20,228,ADANIPOWER,EQ,2769562,910961,32.89
20,229,ADFFOODS,EQ,206273,89611,43.44
20,230,ADL,EQ,6049,2571,42.50
20,231,ADORWELD,EQ,11294,6550,58.00
20,232,ADROITINFO,EQ,45110,29360,65.09
20,233,ADSL,EQ,744351,317758,42.69
20,234,ADVANIHOTR,EQ,79683,36905,46.31
20,235,ADVENZYMES,EQ,949107,678745,71.51
20,236,AEGISLOG,EQ,353395,209603,59.31
20,237,AEROFLEX,EQ,491150,201074,40.94
20,238,AETHER,EQ,45658,21163,46.35
20,239,AFFLE,EQ,869911,500233,57.50
20,240,AFIL,EQ,720835,322287,44.71
20,241,AGARIND,EQ,44032,20706,47.02
20,242,AGARWALFT,ST,27000,18000,66.67
20,243,AGI,EQ,93392,41667,44.62
20,244,AGIIL,EQ,344,236,68.60
20,245,AGNI,SM,52500,30000,57.14
20,246,AGRITECH,EQ,1714019,427075,24.92
20,247,AGROPHOS,EQ,94574,34762,36.76
20,248,AGSTRA,EQ,745785,346268,46.43
20,249,AHIMSA,ST,90000,90000,100.00
20,250,AHL,EQ,59646,24757,41.51
20,251,AHLEAST,EQ,5131,3412,66.50
20,252,AHLUCONT,EQ,43935,24834,56.52
20,253,AIAENG,EQ,42151,20082,47.64
20,254,AIIL,EQ,25893,14627,56.49
20,255,AILIMITED,ST,24000,24000,100.00
20,256,AIMTRON,ST,118400,110400,93.24
20,257,AIRAN,EQ,412253,152539,37.00
20,258,AIROLAM,EQ,79157,46771,59.09
20,259,AIRTELPP,E1,160457,133905,83.45
20,260,AJANTPHARM,EQ,71566,37709,52.69
20,261,AJMERA,EQ,38356,17562,45.79
20,262,AJOONI,EQ,2233206,1715873,76.83
20,263,AKANKSHA,ST,34000,34000,100.00
20,264,AKASH,EQ,21781,12191,55.97
20,265,AKG,EQ,169237,148668,87.85
20,266,AKI,EQ,147166,80099,54.43
20,267,AKIKO,SM,57600,33600,58.33
20,268,AKSHAR,EQ,3486074,2542270,72.93
20,269,AKSHARCHEM,EQ,40048,21193,52.92
20,270,AKSHOPTFBR,EQ,251302,181006,72.03
20,271,AKZOINDIA,EQ,9672,4731,48.91
20,272,ALANKIT,EQ,1257859,570975,45.39
20,273,ALBERTDAVD,EQ,21001,11021,52.48
20,274,ALEMBICLTD,EQ,4159292,1169496,28.12
20,275,ALICON,EQ,6072,3431,56.51
20,276,ALKALI,EQ,53434,31134,58.27
20,277,ALKEM,EQ,92426,58319,63.10
20,278,ALKYLAMINE,EQ,17920,9182,51.24
20,279,ALLCARGO,EQ,1499963,653505,43.57
20,280,ALLETEC,SM,79200,38800,48.99
20,281,ALLSEC,EQ,59773,38230,63.96
20,282,ALMONDZ,EQ,928297,562048,60.55
20,283,ALOKINDS,EQ,17799512,5380121,30.23
20,284,ALPA,EQ,46140,16438,35.63
20,285,ALPEXSOLAR,ST,98400,77600,78.86
20,286,ALPHA,EQ,757345,476713,62.95
20,287,ALPHAETF,EQ,440557,218363,49.57
20,288,ALPL30IETF,EQ,992152,912314,91.95
20,289,ALUWIND,ST,21000,21000,100.00
20,290,AMBER,EQ,122306,61046,49.91
20,291,AMBEY,ST,480000,440000,91.67
20,292,AMBICAAGAR,EQ,47413,28534,60.18
20,293,AMBIKCO,EQ,140584,63067,44.86
20,294,AMBUJACEM,EQ,1226783,421144,34.33
20,295,AMDIND,EQ,14716,8989,61.08
20,296,AMEYA,SM,40000,32000,80.00
20,297,AMIABLE,SM,3200,3200,100.00
20,298,AMIORG,EQ,67904,40698,59.93
20,299,AMNPLST,EQ,635382,170777,26.88
20,300,AMRUTANJAN,EQ,25440,15767,61.98
20,301,ANANDRATHI,EQ,33102,24280,73.35
20,302,ANANTRAJ,EQ,872704,356515,40.85
20,303,ANDHRAPAP,EQ,273987,124519,45.45
20,304,ANDHRSUGAR,EQ,487233,172600,35.42
20,305,ANGELONE,EQ,494559,246068,49.76
20,306,ANLON,ST,3200,2800,87.50
20,307,ANNAPURNA,SM,288000,197000,68.40
20,308,ANTGRAPHIC,EQ,8395748,4621936,55.05
20,309,ANUP,EQ,25211,14774,58.60
20,310,ANURAS,EQ,273483,144062,52.68
20,311,APARINDS,EQ,68431,39312,57.45
20,312,APCL,EQ,51923,35710,68.77
20,313,APCOTEXIND,EQ,19730,10570,53.57
20,314,APEX,EQ,3472319,791978,22.81
20,315,APLAPOLLO,EQ,358378,221700,61.86
20,316,APLLTD,EQ,638987,201404,31.52
20,317,APOLLO,EQ,4940844,2495020,50.50
20,318,APOLLOHOSP,EQ,412373,312708,75.83
20,319,APOLLOPIPE,EQ,43702,26017,59.53
20,320,APOLLOTYRE,EQ,1848936,607206,32.84
20,321,APOLSINHOT,EQ,2958,1886,63.76
20,322,APS,ST,29000,28000,96.55
20,323,APTECHT,EQ,1521937,508712,33.43
20,324,APTUS,EQ,242658,126165,51.99
20,325,ARABIAN,SM,42000,30000,71.43
20,326,ARCHIES,EQ,144162,77646,53.86
20,327,ARE&M,EQ,409281,211470,51.67
20,328,ARENTERP,EQ,6307,4736,75.09
20,329,ARHAM,SM,18000,13000,72.22
20,330,ARIES,EQ,33837,14006,41.39
20,331,ARIHANTACA,SM,85600,84000,98.13
20,332,ARIHANTCAP,EQ,4185934,1167149,27.88
20,333,ARIHANTSUP,EQ,30744,21248,69.11
20,334,ARISTO,SM,8000,4800,60.00
20,335,ARMANFIN,EQ,105690,67483,63.85
20,336,AROGRANITE,EQ,88514,48620,54.93
20,337,ARROWGREEN,EQ,110951,54062,48.73
20,338,ARTEMISMED,EQ,166540,116616,70.02
20,339,ARTNIRMAN,EQ,30250,3475,11.49
20,340,ARVIND,EQ,427777,200222,46.81
20,341,ARVINDFASN,EQ,281195,189654,67.45
20,342,ARVSMART,EQ,583483,212671,36.45
20,343,ASAHIINDIA,EQ,103329,42192,40.83
20,344,ASAHISONG,EQ,21624,8573,39.65
20,345,ASAL,EQ,165188,47798,28.94
20,346,ASALCBR,EQ,151179,57375,37.95
20,347,ASCOM,ST,500,500,100.00
20,348,ASHAPURMIN,EQ,104894,60893,58.05
20,349,ASHIANA,EQ,45388,21835,48.11
20,350,ASHIMASYN,EQ,1027142,600216,58.44
20,351,ASHOKA,EQ,2467252,956062,38.75
20,352,ASHOKAMET,EQ,45276,35036,77.38
20,353,ASHOKLEY,EQ,21033162,4464343,21.23
20,354,ASIANENE,EQ,64099,32111,50.10
20,355,ASIANHOTNR,EQ,32304,20472,63.37
20,356,ASIANPAINT,EQ,1239922,774725,62.48
20,357,ASIANTILES,EQ,967522,353471,36.53
20,358,ASKAUTOLTD,EQ,99790,57125,57.25
20,359,ASMS,EQ,2228699,958238,43.00
20,360,ASPINWALL,EQ,6604,3878,58.72
20,361,ASPIRE,SM,26000,24000,92.31
20,362,ASTEC,EQ,13846,6623,47.83
20,363,ASTERDM,EQ,1648628,1017771,61.73
20,364,ASTRAL,EQ,281751,119699,42.48
20,365,ASTRAMICRO,EQ,567615,430051,75.76
20,366,ASTRAZEN,EQ,22659,5025,22.18
20,367,ATAM,EQ,39499,29676,75.13
20,368,ATFL,EQ,397473,135954,34.20
20,369,ATGL,EQ,925391,375502,40.58
20,370,ATL,EQ,428094,225344,52.64
20,371,ATMASTCO,ST,25600,22400,87.50
20,372,ATUL,EQ,43719,20590,47.10
20,373,AUBANK,EQ,2401579,975805,40.63
20,374,AURDIS,SM,1500,1500,100.00
20,375,AURIONPRO,EQ,42882,30737,71.68
20,376,AUROIMPEX,SM,51200,36800,71.88
20,377,AUROPHARMA,EQ,530041,266479,50.28
20,378,AURUM,EQ,469606,262968,56.00
20,379,AURUMPP1,E1,27164,26057,95.92
20,380,AUTOAXLES,EQ,124700,106688,85.56
20,381,AUTOBEES,EQ,205009,150877,73.60
20,382,AUTOIETF,EQ,937575,681142,72.65
20,383,AUTOIND,EQ,137884,66378,48.14
20,384,AVADHSUGAR,EQ,137619,32949,23.94
20,385,AVALON,EQ,57144,30069,52.62
20,386,AVANTIFEED,EQ,6629423,975566,14.72
20,387,AVG,EQ,30538,16499,54.03
20,388,AVPINFRA,SM,75200,46400,61.70
20,389,AVROIND,EQ,20791,15259,73.39
20,390,AVTNPL,EQ,131564,75480,57.37
20,391,AWFIS,EQ,117240,34376,29.32
20,392,AWHCL,EQ,2338512,369557,15.80
20,393,AWL,EQ,1082813,460897,42.56
20,394,AXISBANK,EQ,32979871,18448741,55.94
20,395,AXISBNKETF,EQ,7465,7011,93.92
20,396,AXISBPSETF,EQ,25278,18606,73.61
20,397,AXISCADES,EQ,85316,38596,45.24
20,398,AXISCETF,EQ,4333,3648,84.19
20,399,AXISGOLD,EQ,146336,84357,57.65
20,400,AXISHCETF,EQ,11822,8361,70.72
20,401,AXISILVER,EQ,88977,70756,79.52
20,402,AXISNIFTY,EQ,2876,2266,78.79
20,403,AXISTECETF,EQ,5768,4525,78.45
20,404,AXITA,EQ,2220580,1094490,49.29
20,405,AXSENSEX,EQ,547,302,55.21
20,406,AYMSYNTEX,EQ,396441,192327,48.51
20,407,AZAD,EQ,221721,118555,53.47
20,408,BABAFP,SM,9600,6400,66.67
20,409,BAHETI,SM,22500,18750,83.33
20,410,BAIDFIN,EQ,722324,196782,27.24
20,411,BAJAJ-AUTO,EQ,262328,133732,50.98
20,412,BAJAJCON,EQ,506708,259840,51.28
20,413,BAJAJELEC,EQ,24009,9965,41.51
20,414,BAJAJFINSV,EQ,1694503,922872,54.46
20,415,BAJAJHCARE,EQ,347906,166298,47.80
20,416,BAJAJHIND,EQ,49109065,14486501,29.50
20,417,BAJAJHLDNG,EQ,23383,8485,36.29
20,418,BAJEL,EQ,1546099,553066,35.77
20,419,BAJFINANCE,EQ,950965,444297,46.72
20,420,BALAJITELE,EQ,360026,195521,54.31
20,421,BALAMINES,EQ,33555,15668,46.69
20,422,BALAXI,EQ,9730,5536,56.90
20,423,BALKRISHNA,EQ,57443,26032,45.32
20,424,BALKRISIND,EQ,209481,119151,56.88
20,425,BALMLAWRIE,EQ,529592,224230,42.34
20,426,BALPHARMA,EQ,10251,6463,63.05
20,427,BALRAMCHIN,EQ,2354865,534878,22.71
20,428,BALUFORGE,EQ,1031540,350990,34.03
20,429,BANARBEADS,EQ,14196,2229,15.70
20,430,BANARISUG,EQ,2497,737,29.52
20,431,BANCOINDIA,EQ,73286,30797,42.02
20,432,BANDHANBNK,EQ,11606916,4683050,40.35
20,433,BANG,EQ,18604,9096,48.89
20,434,BANKBARODA,EQ,16680821,9163046,54.93
20,435,BANKBEES,EQ,800388,478687,59.81
20,436,BANKBETF,EQ,76088,74445,97.84
20,437,BANKETF,EQ,22261,18961,85.18
20,438,BANKETFADD,EQ,107471,89855,83.61
20,439,BANKIETF,EQ,175080,102747,58.69
20,440,BANKINDIA,EQ,5203991,2473188,47.52
20,441,BANKNIFTY1,EQ,325713,263178,80.80
20,442,BANSALWIRE,EQ,546813,388488,71.05
20,443,BANSWRAS,EQ,131018,63614,48.55
20,444,BARBEQUE,EQ,50262,23054,45.87
20,445,BASF,EQ,48235,18019,37.36
20,446,BASILIC,ST,26100,22500,86.21
20,447,BASML,EQ,1142865,593336,51.92
20,448,BATAINDIA,EQ,584433,273575,46.81
20,449,BAWEJA,SM,11200,9600,85.71
20,450,BAYERCROP,EQ,41264,33722,81.72
20,451,BBETF0432,EQ,3884,3870,99.64
20,452,BBL,EQ,57142,36419,63.73
20,453,BBNPNBETF,EQ,22225,21024,94.60
20,454,BBNPPGOLD,EQ,7453,6439,86.39
20,455,BBTC,EQ,73758,28325,38.40
20,456,BBTCL,EQ,2766,2232,80.69
20,457,BCLIND,EQ,2849766,1180937,41.44
20,458,BCONCEPTS,EQ,55946,33906,60.60
20,459,BDL,EQ,1387692,612711,44.15
20,460,BEACON,SM,94000,66000,70.21
20,461,BEARDSELL,EQ,25031,11680,46.66
20,462,BECTORFOOD,EQ,75852,37799,49.83
20,463,BEDMUTHA,EQ,20181,14277,70.74
20,464,BEL,EQ,27820556,12262497,44.08
20,465,BEML,EQ,340269,89025,26.16
20,466,BEPL,EQ,2297590,1107973,48.22
20,467,BERGEPAINT,EQ,736843,306642,41.62
20,468,BESTAGRO,EQ,41830,20504,49.02
20,469,BETA,SM,6000,3500,58.33
20,470,BEWLTD,SM,250,250,100.00
20,471,BFINVEST,EQ,31933,11495,36.00
20,472,BFSI,EQ,327975,316133,96.39
20,473,BFUTILITIE,EQ,123978,44119,35.59
20,474,BHAGCHEM,EQ,4906740,1267550,25.83
20,475,BHAGERIA,EQ,34697,17197,49.56
20,476,BHAGYANGR,EQ,148922,74881,50.28
20,477,BHANDARI,EQ,716882,468489,65.35
20,478,BHARATFORG,EQ,447267,225224,50.36
20,479,BHARATGEAR,EQ,25676,17320,67.46
20,480,BHARATRAS,EQ,8201,4591,55.98
20,481,BHARATWIRE,EQ,186573,101851,54.59
20,482,BHARTIARTL,EQ,4277756,2693727,62.97
20,483,BHARTIHEXA,EQ,524592,355657,67.80
20,484,BHEL,EQ,13306048,3710335,27.88
20,485,BHINVIT,IV,67897,61817,91.05
20,486,BIGBLOC,EQ,315559,97996,31.05
20,487,BIKAJI,EQ,574916,319961,55.65
20,488,BINANIIND,EQ,20118,15415,76.62
20,489,BIOCON,EQ,6420578,2082420,32.43
20,490,BIOFILCHEM,EQ,22684,10879,47.96
20,491,BIRDYS,ST,2400,2400,100.00
20,492,BIRET,RR,414602,402666,97.12
20,493,BIRLACABLE,EQ,312188,90594,29.02
20,494,BIRLACORPN,EQ,142717,101722,71.28
20,495,BIRLAMONEY,EQ,214725,98947,46.08
20,496,BLAL,EQ,468941,178019,37.96
20,497,BLISSGVS,EQ,1273719,577744,45.36
20,498,BLKASHYAP,EQ,977984,479238,49.00
20,499,BLS,EQ,1772900,745647,42.06
20,500,BLSE,EQ,272845,117225,42.96
20,501,BLUEDART,EQ,177270,121411,68.49
20,502,BLUEJET,EQ,561651,178923,31.86
20,503,BLUEPEBBLE,SM,30400,23200,76.32
20,504,BLUESTARCO,EQ,112038,54011,48.21
20,505,BMETRICS,SM,3200,2800,87.50
20,506,BODALCHEM,EQ,823244,273429,33.21
20,507,BOMDYEING,EQ,5834623,1538632,26.37
20,508,BOROLTD,EQ,230332,126083,54.74
20,509,BORORENEW,EQ,2801996,643443,22.96
20,510,BOROSCI,EQ,148190,81328,54.88
20,511,BOSCHLTD,EQ,20428,7577,37.09
20,512,BPCL,EQ,30554549,13311493,43.57
20,513,BRIGADE,EQ,709406,422228,59.52
20,514,BRIGHT,SZ,135000,99000,73.33
20,515,BRITANNIA,EQ,303638,184721,60.84
20,516,BROOKS,EQ,112442,80608,71.69
20,517,BSE,EQ,1439123,660117,45.87
20,518,BSE500IETF,EQ,106776,69876,65.44
20,519,BSHSL,EQ,24374,16152,66.27
20,520,BSL,EQ,37624,23034,61.22
20,521,BSLGOLDETF,EQ,53431,36534,68.38
20,522,BSLNIFTY,EQ,334207,209205,62.60
20,523,BSLSENETFG,EQ,1593,1193,74.89
20,524,BSOFT,EQ,1744820,712885,40.86
20,525,BUTTERFLY,EQ,38696,17118,44.24
20,526,BVCL,EQ,54901,21368,38.92
20,527,CADSYS,SM,33000,31000,93.94
20,528,CALSOFT,EQ,25544,16409,64.24
20,529,CAMLINFINE,EQ,1288869,482346,37.42
20,530,CAMPUS,EQ,2377250,979115,41.19
20,531,CAMS,EQ,126224,72638,57.55
20,532,CANARYS,ST,72000,68000,94.44
20,533,CANBK,EQ,76948576,24221105,31.48
20,534,CANFINHOME,EQ,1079220,455848,42.24
20,535,CANTABIL,EQ,260351,106947,41.08
20,536,CAPACITE,EQ,592048,276857,46.76
20,537,CAPITALSFB,EQ,24204,13757,56.84
20,538,CAPLIPOINT,EQ,58637,25714,43.85
20,539,CAPTRUST,EQ,1292638,314699,24.35
20,540,CARBORUNIV,EQ,56541,28770,50.88
20,541,CAREERP,EQ,197428,84670,42.89
20,542,CARERATING,EQ,48182,35176,73.01
20,543,CARTRADE,EQ,121437,53299,43.89
20,544,CARYSIL,EQ,56260,31271,55.58
20,545,CASTROLIND,EQ,15764572,4638124,29.42
20,546,CCL,EQ,649199,169655,26.13
20,547,CDSL,EQ,1077223,331841,30.81
20,548,CEATLTD,EQ,222016,70523,31.76
20,549,CELEBRITY,EQ,339954,250540,73.70
20,550,CELLECOR,SM,38400,25200,65.63
20,551,CELLO,EQ,103542,63730,61.55
20,552,CELLPOINT,SM,9600,8400,87.50
20,553,CENTENKA,EQ,24248,10369,42.76
20,554,CENTEXT,EQ,198728,163046,82.04
20,555,CENTRALBK,EQ,6728637,1733105,25.76
20,556,CENTRUM,EQ,1199842,588572,49.05
20,557,CENTUM,EQ,13616,6694,49.16
20,558,CENTURYPLY,EQ,58665,27429,46.76
20,559,CENTURYTEX,EQ,214981,86117,40.06
20,560,CERA,EQ,5345,2012,37.64
20,561,CEREBRAINT,EQ,183445,183445,100.00
20,562,CESC,EQ,4421855,1714011,38.76
20,563,CGCL,EQ,128250,71136,55.47
20,564,CGPOWER,EQ,8677549,3229454,37.22
20,565,CGRAPHICS,SM,246400,204800,83.12
20,566,CHALET,EQ,92199,36636,39.74
20,567,CHAMBLFERT,EQ,2047038,602839,29.45
20,568,CHAVDA,SM,41000,26000,63.41
20,569,CHEMBOND,EQ,86139,26055,30.25
20,570,CHEMCON,EQ,61719,26226,42.49
20,571,CHEMFAB,EQ,126489,46017,36.38
20,572,CHEMPLASTS,EQ,50608,25138,49.67
20,573,CHENNPETRO,EQ,1835046,402186,21.92
20,574,CHEVIOT,EQ,2172,1228,56.54
20,575,CHOICEIN,EQ,365375,73812,20.20
20,576,CHOLAFIN,EQ,1301367,666013,51.18
20,577,CHOLAHLDNG,EQ,59384,36447,61.38
20,578,CIEINDIA,EQ,66397,32240,48.56
20,579,CIFC26A,N9,3,3,100.00
20,580,CIFCZC26A,N3,5,5,100.00
20,581,CIGNITITEC,EQ,61126,50675,82.90
20,582,CINELINE,EQ,18915,8360,44.20
20,583,CINEVISTA,EQ,33859,23424,69.18
20,584,CIPLA,EQ,2200932,1373522,62.41
20,585,CLEAN,EQ,632885,182479,28.83
20,586,CLEDUCATE,EQ,118950,60849,51.16
20,587,CLOUD,ST,345000,309000,89.57
20,588,CLSEL,EQ,53835,26334,48.92
20,589,CLSL,SM,12000,12000,100.00
20,590,CMMIPL,ST,93000,93000,100.00
20,591,CMNL,SM,81000,72000,88.89
20,592,CMRSL,SM,3200,3200,100.00
20,593,CMSINFO,EQ,1126989,717928,63.70
20,594,COALINDIA,EQ,10281157,4265836,41.49
20,595,COASTCORP,EQ,268879,82913,30.84
20,596,COCHINSHIP,EQ,1574069,661713,42.04
20,597,COFFEEDAY,EQ,5116309,1595503,31.18
20,598,COFORGE,EQ,437234,91650,20.96
20,599,COLPAL,EQ,223604,117399,52.50
20,600,COMMITTED,SM,3200,3200,100.00
20,601,COMMOIETF,EQ,30071,11439,38.04
20,602,COMPUSOFT,EQ,205010,123947,60.46
20,603,COMSYN,EQ,37006,6328,17.10
20,604,CONCOR,EQ,2277785,1034750,45.43
20,605,CONCORDBIO,EQ,50917,39016,76.63
20,606,CONFIPET,EQ,23512915,5441060,23.14
20,607,CONS,EQ,913,795,87.08
20,608,CONSOFINVT,EQ,15546,7528,48.42
20,609,CONSUMBEES,EQ,40829,29254,71.65
20,610,CONSUMIETF,EQ,6195,3548,57.27
20,611,CONTI,ST,16665,16665,100.00
20,612,CONTROLPR,EQ,33603,20224,60.19
20,613,COOLCAPS,SM,750,750,100.00
20,614,CORALFINAC,EQ,116446,48519,41.67
20,615,COROMANDEL,EQ,768044,308669,40.19
20,616,COSMOFIRST,EQ,122939,65958,53.65
20,617,COUNCODOS,EQ,190347,135037,70.94
20,618,CPSEETF,EQ,4593290,2151075,46.83
20,619,CRAFTSMAN,EQ,100853,32952,32.67
20,620,CRAYONS,SM,131000,82000,62.60
20,621,CREATIVE,EQ,30908,19193,62.10
20,622,CREDITACC,EQ,552575,441073,79.82
20,623,CREST,EQ,66269,38218,57.67
20,624,CRISIL,EQ,56586,48072,84.95
20,625,CROMPTON,EQ,10566397,7454112,70.55
20,626,CSBBANK,EQ,155395,81109,52.20
20,627,CSLFINANCE,EQ,13506,7422,54.95
20,628,CUB,EQ,2556300,1597489,62.49
20,629,CUMMINSIND,EQ,1111742,567500,51.05
20,630,CYBERMEDIA,EQ,474601,281451,59.30
20,631,CYBERTECH,EQ,462793,222871,48.16
20,632,CYIENT,EQ,251942,144105,57.20
20,633,CYIENTDLM,EQ,369540,213076,57.66
20,634,DABUR,EQ,1831371,836302,45.67
20,635,DALBHARAT,EQ,522118,318626,61.03
20,636,DALMIASUG,EQ,132570,40165,30.30
20,637,DAMODARIND,EQ,22156,14489,65.40
20,638,DANGEE,EQ,95427,71330,74.75
20,639,DATAMATICS,EQ,94364,43219,45.80
20,640,DATAPATTNS,EQ,3101407,418294,13.49
20,641,DAVANGERE,EQ,11523970,5051893,43.84
20,642,DBCORP,EQ,257132,140055,54.47
20,643,DBL,EQ,160976,61211,38.02
20,644,DBOL,EQ,557464,121137,21.73
20,645,DBREALTY,EQ,4489672,1947722,43.38
20,646,DBSTOCKBRO,EQ,7527,5341,70.96
20,647,DCAL,EQ,333392,137277,41.18
20,648,DCBBANK,EQ,4614084,2428729,52.64
20,649,DCG,ST,86400,82800,95.83
20,650,DCM,EQ,320188,162418,50.73
20,651,DCMFINSERV,EQ,24005,22600,94.15
20,652,DCMSHRIRAM,EQ,59583,34051,57.15
20,653,DCMSRIND,EQ,120894,59919,49.56
20,654,DCW,EQ,2880544,886849,30.79
20,655,DECCANCE,EQ,18420,9796,53.18
20,656,DEEDEV,EQ,931362,406220,43.62
20,657,DEEM,SM,7000,4000,57.14
20,658,DEEPAKFERT,EQ,1400878,608408,43.43
20,659,DEEPAKNTR,EQ,525815,190002,36.13
20,660,DEEPENR,EQ,90327,62418,69.10
20,661,DEEPINDS,EQ,253446,86225,34.02
20,662,DELAPLEX,SM,5400,3600,66.67
20,663,DELHIVERY,EQ,2504657,1544381,61.66
20,664,DELTACORP,EQ,927855,421678,45.45
20,665,DELTAMAGNT,EQ,8242,4018,48.75
20,666,DEN,EQ,2165410,892415,41.21
20,667,DENEERS,SM,7200,6600,91.67
20,668,DENORA,EQ,9982,4692,47.00
20,669,DENTALKART,SM,42750,30750,71.93
20,670,DESTINY,SM,66000,57000,86.36
20,671,DEVIT,EQ,101714,49413,48.58
20,672,DEVYANI,EQ,2700020,1585073,58.71
20,673,DHAMPURSUG,EQ,748835,252897,33.77
20,674,DHANBANK,EQ,617241,367772,59.58
20,675,DHANI,EQ,4154302,1459579,35.13
20,676,DHANUKA,EQ,24782,10101,40.76
20,677,DHARMAJ,EQ,1109105,331208,29.86
20,678,DHTL,SM,24000,16000,66.67
20,679,DHUNINV,EQ,1259,798,63.38
20,680,DIAMINESQ,EQ,64308,35105,54.59
20,681,DIAMONDYD,EQ,16934,11999,70.86
20,682,DICIND,EQ,35727,18273,51.15
20,683,DIGIKORE,ST,7000,6400,91.43
20,684,DIL,EQ,615458,359924,58.48
20,685,DISHTV,EQ,39324420,10715928,27.25
20,686,DIVGIITTS,EQ,41627,24954,59.95
20,687,DIVISLAB,EQ,232749,78416,33.69
20,688,DIVOPPBEES,EQ,31987,19460,60.84
20,689,DIXON,EQ,241219,54663,22.66
20,690,DKEGL,SM,3000,1500,50.00
20,691,DLF,EQ,3694096,1518828,41.12
20,692,DLINKINDIA,EQ,533327,161291,30.24
20,693,DMART,EQ,393012,300348,76.42
20,694,DMCC,EQ,20751,11246,54.19
20,695,DNAMEDIA,EQ,125936,78846,62.61
20,696,DODLA,EQ,63139,26039,41.24
20,697,DOLATALGO,EQ,483065,284107,58.81
20,698,DOLLAR,EQ,109493,58357,53.30
20,699,DOLLEX,SM,32000,28000,87.50
20,700,DOMS,EQ,181681,116211,63.96
20,701,DONEAR,EQ,954500,324604,34.01
20,702,DPABHUSHAN,EQ,9601,4476,46.62
20,703,DPEL,SM,63000,42000,66.67
20,704,DPSCLTD,EQ,2756023,1288639,46.76
20,705,DPWIRES,EQ,42955,24120,56.15
20,706,DREAMFOLKS,EQ,80995,48863,60.33
20,707,DRONE,ST,49000,47000,95.92
20,708,DRREDDY,EQ,263105,98534,37.45
20,709,DRSDILIP,SM,800,800,100.00
20,710,DSSL,EQ,23639,13519,57.19
20,711,DTIL,EQ,61806,40634,65.74
20,712,DTL,SM,54000,31200,57.78
20,713,DUCOL,ST,16800,14400,85.71
20,714,DUGLOBAL,SM,57500,37500,65.22
20,715,DURLAX,SM,94000,56000,59.57
20,716,DVL,EQ,24782,13956,56.32
20,717,DWARKESH,EQ,2561541,829871,32.40
20,718,DYCL,EQ,36736,18638,50.73
20,719,DYNAMATECH,EQ,2610,1387,53.14
20,720,DYNAMIC,SM,139000,97000,69.78
20,721,EASEMYTRIP,EQ,18853381,3889833,20.63
20,722,EBBETF0425,EQ,3381,2762,81.69
20,723,EBBETF0430,EQ,5332,4876,91.45
20,724,EBBETF0431,EQ,1074,1031,96.00
20,725,EBBETF0433,EQ,2076,2027,97.64
20,726,ECLERX,EQ,38679,21733,56.19
20,727,EDELWEISS,EQ,2318135,825101,35.59
20,728,EFACTOR,SM,13600,9600,70.59
20,729,EFFWA,ST,65600,65600,100.00
20,730,EFORCE,SM,37200,27600,74.19
20,731,EGOLD,EQ,6522,6454,98.96
20,732,EICHERMOT,EQ,413861,242975,58.71
20,733,EIDPARRY,EQ,277709,116683,42.02
20,734,EIFFL,EQ,27501,23447,85.26
20,735,EIHAHOTELS,EQ,11424,5593,48.96
20,736,EIHOTEL,EQ,454086,265622,58.50
20,737,EKC,EQ,5041729,1342660,26.63
20,738,ELDEHSG,EQ,2184,1334,61.08
20,739,ELECON,EQ,325103,175967,54.13
20,740,ELECTCAST,EQ,6230338,2890585,46.40
20,741,ELGIEQUIP,EQ,114133,50939,44.63
20,742,ELIN,EQ,162175,72258,44.56
20,743,EMAMILTD,EQ,493459,200750,40.68
20,744,EMAMIPAP,EQ,140956,66366,47.08
20,745,EMAMIREAL,EQ,13698,6469,47.23
20,746,EMBASSY,RR,425421,345806,81.29
20,747,EMBDL,EQ,3944364,1795840,45.53
20,748,EMCURE,EQ,77559,43557,56.16
20,749,EMIL,EQ,154688,74952,48.45
20,750,EMKAYTOOLS,SM,300,300,100.00
20,751,EMMBI,EQ,105717,61562,58.23
20,752,EMMIL,SM,22000,14000,63.64
20,753,EMSLIMITED,EQ,1409471,455624,32.33
20,754,EMUDHRA,EQ,91106,47722,52.38
20,755,ENDURANCE,EQ,49221,28467,57.84
20,756,ENERGYDEV,EQ,218122,183651,84.20
20,757,ENFUSE,ST,34800,31200,89.66
20,758,ENGINERSIN,EQ,5541001,1503215,27.13
20,759,ENIL,EQ,108050,34859,32.26
20,760,ENSER,SM,42000,28000,66.67
20,761,ENTERO,EQ,97437,57972,59.50
20,762,EPACK,EQ,3918756,2056557,52.48
20,763,EPIGRAL,EQ,794912,211004,26.54
20,764,EPL,EQ,778664,357541,45.92
20,765,EQUAL50ADD,EQ,1485,1108,74.61
20,766,EQUITASBNK,EQ,2472607,1645523,66.55
20,767,ERIS,EQ,111053,57684,51.94
20,768,EROSMEDIA,EQ,560972,354830,63.25
20,769,ESABINDIA,EQ,5626,1394,24.78
20,770,ESAFSFB,EQ,761833,390645,51.28
20,771,ESCONET,ST,28800,28800,100.00
20,772,ESCORTS,EQ,231030,113794,49.26
20,773,ESFL,SM,38400,28800,75.00
20,774,ESG,EQ,10075,6393,63.45
20,775,ESILVER,EQ,58488,54696,93.52
20,776,ESTER,EQ,518466,192969,37.22
20,777,ETHOSLTD,EQ,47975,18824,39.24
20,778,EUROTEXIND,EQ,4162,3276,78.71
20,779,EVEREADY,EQ,1755055,603018,34.36
20,780,EVERESTIND,EQ,4903,2306,47.03
20,781,EVINDIA,EQ,470828,394029,83.69
20,782,EXCELINDUS,EQ,90652,43252,47.71
20,783,EXIDEIND,EQ,2209120,886650,40.14
20,784,EXPLEOSOL,EQ,8607,5053,58.71
20,785,EXXARO,EQ,33123,15443,46.62
20,786,FACT,EQ,263301,67597,25.67
20,787,FAIRCHEMOR,EQ,11579,6629,57.25
20,788,FALCONTECH,SM,7200,6000,83.33
20,789,FAZE3Q,EQ,629127,160782,25.56
20,790,FCL,EQ,141463,67771,47.91
20,791,FCSSOFT,EQ,4588116,2626340,57.24
20,792,FDC,EQ,125853,78762,62.58
20,793,FEDERALBNK,EQ,26159847,11722157,44.81
20,794,FEDFINA,EQ,280890,163074,58.06
20,795,FELIX,SM,73500,41500,56.46
20,796,FIBERWEB,EQ,198014,83531,42.18
20,797,FIDEL,SM,19000,11000,57.89
20,798,FIEMIND,EQ,70566,37578,53.25
20,799,FILATEX,EQ,2225665,825382,37.08
20,800,FILATFASH,EQ,11184054,5718230,51.13
20,801,FINCABLES,EQ,70101,24467,34.90
20,802,FINEORG,EQ,19085,9556,50.07
20,803,FINIETF,EQ,47699,24480,51.32
20,804,FINOPB,EQ,73884,40528,54.85
20,805,FINPIPE,EQ,415007,179316,43.21
20,806,FIVESTAR,EQ,382135,181294,47.44
20,807,FLAIR,EQ,111392,64534,57.93
20,808,FLUOROCHEM,EQ,48262,25947,53.76
20,809,FMCGIETF,EQ,612380,359860,58.76
20,810,FMGOETZE,EQ,204597,123524,60.37
20,811,FMNL,EQ,77825,63382,81.44
20,812,FOCE,SM,13200,13200,100.00
20,813,FOCUS,EQ,177615,81097,45.66
20,814,FONEBOX,SM,5000,4000,80.00
20,815,FOODSIN,EQ,121823,77308,63.46
20,816,FORCEMOT,EQ,11071,6039,54.55
20,817,FORTIS,EQ,4413514,1303304,29.53
20,818,FOSECOIND,EQ,7496,2762,36.85
20,819,FROG,SM,49200,27600,56.10
20,820,FSL,EQ,915438,339063,37.04
20,821,FUSION,EQ,237515,190090,80.03
20,822,GABRIEL,EQ,201077,84292,41.92
20,823,GAEL,EQ,1247443,615463,49.34
20,824,GAIL,EQ,21033610,9294519,44.19
20,825,GALAXYSURF,EQ,7979,4235,53.08
20,826,GANDHAR,EQ,272886,128952,47.25
20,827,GANDHITUBE,EQ,5079,3123,61.49
20,828,GANECOS,EQ,79717,26615,33.39
20,829,GANESHBE,EQ,1359549,692602,50.94
20,830,GANESHHOUC,EQ,72702,36253,49.87
20,831,GANGESSECU,EQ,4563,2446,53.61
20,832,GARFIBRES,EQ,3141,1393,44.35
20,833,GATECH,EQ,1429418,1212606,84.83
20,834,GATEWAY,EQ,949142,474332,49.97
20,835,GEECEE,EQ,16053,6214,38.71
20,836,GEEKAYWIRE,EQ,195558,103928,53.14
20,837,GENESYS,EQ,420638,108147,25.71
20,838,GENSOL,EQ,98257,62012,63.11
20,839,GENUSPAPER,EQ,1087034,584029,53.73
20,840,GENUSPOWER,EQ,802779,448280,55.84
20,841,GEOJITFSL,EQ,1398409,390640,27.93
20,842,GESHIP,EQ,1099979,351020,31.91
20,843,GFLLIMITED,EQ,192133,69034,35.93
20,844,GGBL,ST,535200,472200,88.23
20,845,GHCL,EQ,124633,61552,49.39
20,846,GHCLTEXTIL,EQ,1247489,820829,65.80
20,847,GICHSGFIN,EQ,158471,62491,39.43
20,848,GICL,SM,129000,120000,93.02
20,849,GICRE,EQ,1237321,438826,35.47
20,850,GILLANDERS,EQ,6988,6094,87.21
20,851,GILLETTE,EQ,9601,5351,55.73
20,852,GILT5YBEES,EQ,272653,228947,83.97
20,853,GINNIFILA,EQ,238664,147393,61.76
20,854,GIPCL,EQ,351233,160150,45.60
20,855,GIRIRAJ,SM,500,500,100.00
20,856,GKWLIMITED,EQ,1217,913,75.02
20,857,GLAND,EQ,240176,177703,73.99
20,858,GLAXO,EQ,114251,57933,50.71
20,859,GLENMARK,EQ,772348,349042,45.19
20,860,GLOBALPET,SM,1500,1500,100.00
20,861,GLOBUSSPR,EQ,324948,120800,37.18
20,862,GLOSTERLTD,EQ,2425,1428,58.89
20,863,GLS,EQ,536266,320002,59.67
20,864,GMBREW,EQ,315597,83993,26.61
20,865,GMDCLTD,EQ,1517396,453689,29.90
20,866,GMMPFAUDLR,EQ,102385,46722,45.63
20,867,GMRINFRA,EQ,10902252,3666379,33.63
20,868,GMRP&UI,EQ,1296402,806695,62.23
20,869,GNA,EQ,35208,17680,50.22
20,870,GNFC,EQ,2055489,710373,34.56
20,871,GOACARBON,EQ,22016,9697,44.05
20,872,GOCLCORP,EQ,199932,113553,56.80
20,873,GOCOLORS,EQ,407942,311413,76.34
20,874,GODFRYPHLP,EQ,1042378,100006,9.59
20,875,GODIGIT,EQ,221690,125388,56.56
20,876,GODREJAGRO,EQ,338351,149548,44.20
20,877,GODREJCP,EQ,600745,273454,45.52
20,878,GODREJIND,EQ,162177,107588,66.34
20,879,GODREJPROP,EQ,490352,262472,53.53
20,880,GOKEX,EQ,601533,252206,41.93
20,881,GOKUL,EQ,194773,122774,63.03
20,882,GOKULAGRO,EQ,420437,200607,47.71
20,883,GOLD1,EQ,2444663,1850085,75.68
20,884,GOLDBEES,EQ,12969604,10932077,84.29
20,885,GOLDCASE,EQ,936465,751736,80.27
20,886,GOLDETF,EQ,528484,457415,86.55
20,887,GOLDETFADD,EQ,72696,69294,95.32
20,888,GOLDIAM,EQ,669885,265458,39.63
20,889,GOLDIETF,EQ,3700671,3549474,95.91
20,890,GOLDSHARE,EQ,91222,64255,70.44
20,891,GOLDSTAR,SM,202500,146250,72.22
20,892,GOLDTECH,EQ,43132,21845,50.65
20,893,GOODLUCK,EQ,82589,55928,67.72
20,894,GOPAL,EQ,47185,25616,54.29
20,895,GOYALALUM,EQ,153780,113785,73.99
20,896,GOYALSALT,SM,39600,30600,77.27
20,897,GPECO,SM,115200,67200,58.33
20,898,GPIL,EQ,333156,135667,40.72
20,899,GPPL,EQ,1225802,557093,45.45
20,900,GPTHEALTH,EQ,100005,60107,60.10
20,901,GRANULES,EQ,3662401,1961010,53.54
20,902,GRAPHISAD,SM,8400,6000,71.43
20,903,GRAPHITE,EQ,1046968,441636,42.18
20,904,GRASIM,EQ,550900,241771,43.89
20,905,GRAVITA,EQ,451036,123174,27.31
20,906,GRCL,SM,500,500,100.00
20,907,GREAVESCOT,EQ,1459174,616552,42.25
20,908,GREENCHEF,SM,12800,10400,81.25
20,909,GREENLAM,EQ,23875,10015,41.95
20,910,GREENPANEL,EQ,52075,28562,54.85
20,911,GREENPLY,EQ,79029,33024,41.79
20,912,GREENPOWER,EQ,10483000,5056366,48.23
20,913,GRINDWELL,EQ,76258,58568,76.80
20,914,GRINFRA,EQ,20150,9158,45.45
20,915,GRMOVER,EQ,210199,86552,41.18
20,916,GROBTEA,EQ,689,438,63.57
20,917,GRSE,EQ,1686099,702206,41.65
20,918,GRWRHITECH,EQ,88054,43574,49.49
20,919,GSEC10YEAR,EQ,25393,17102,67.35
20,920,GSEC5IETF,EQ,2113,2113,100.00
20,921,GSFC,EQ,1928646,839544,43.53
20,922,GSLSU,EQ,122192,101607,83.15
20,923,GSMFOILS,ST,44000,44000,100.00
20,924,GSPL,EQ,1833984,1096351,59.78
20,925,GSTL,SM,19000,17000,89.47
20,926,GSTL-RE,ST,209250,204000,97.49
20,927,GTLINFRA,EQ,15936217,15936217,100.00
20,928,GTPL,EQ,40238,19132,47.55
20,929,GUFICBIO,EQ,39309,18292,46.53
20,930,GUJALKALI,EQ,59347,28144,47.42
20,931,GUJAPOLLO,EQ,11409,7150,62.67
20,932,GUJGASLTD,EQ,1105573,316331,28.61
20,933,GUJRAFFIA,EQ,42845,13496,31.50
20,934,GULFOILLUB,EQ,333590,125426,37.60
20,935,GULFPETRO,EQ,939548,427349,45.48
20,936,GULPOLY,EQ,115585,66910,57.89
20,937,GVPTECH,EQ,52158,35019,67.14
20,938,HAL,EQ,2232884,751635,33.66
20,939,HAPPSTMNDS,EQ,289210,153543,53.09
20,940,HAPPYFORGE,EQ,39503,16033,40.59
20,941,HARDWYN,EQ,341253,291331,85.37
20,942,HARIOMPIPE,EQ,255802,57142,22.34
20,943,HARRMALAYA,EQ,82894,32393,39.08
20,944,HARSHA,EQ,95291,39511,41.46
20,945,HATHWAY,EQ,16536608,6415939,38.80
20,946,HATSUN,EQ,51973,19454,37.43
20,947,HAVELLS,EQ,1449713,1017937,70.22
20,948,HAVISHA,EQ,74253,38417,51.74
20,949,HBLPOWER,EQ,2260634,962803,42.59
20,950,HBSL,EQ,82541,48930,59.28
20,951,HCC,EQ,110220438,32466682,29.46
20,952,HCG,EQ,41649,23396,56.17
20,953,HCL-INSYS,EQ,283096,210755,74.45
20,954,HCLTECH,EQ,2934731,1902447,64.83
20,955,HDFCAMC,EQ,522086,323908,62.04
20,956,HDFCBANK,EQ,12767866,6858515,53.72
20,957,HDFCBSE500,EQ,145001,115237,79.47
20,958,HDFCGOLD,EQ,3016091,2748792,91.14
20,959,HDFCGROWTH,EQ,5053,2181,43.16
20,960,HDFCLIFE,EQ,9386864,5822240,62.03
20,961,HDFCLIQUID,EQ,1561,1060,67.91
20,962,HDFCLOWVOL,EQ,20901,19670,94.11
20,963,HDFCMID150,EQ,166920,131975,79.06
20,964,HDFCMOMENT,EQ,144517,98049,67.85
20,965,HDFCNEXT50,EQ,30680,24171,78.78
20,966,HDFCNIF100,EQ,33788,25403,75.18
20,967,HDFCNIFBAN,EQ,54829,41135,75.02
20,968,HDFCNIFIT,EQ,25278,23052,91.19
20,969,HDFCNIFTY,EQ,31278,25774,82.40
20,970,HDFCPSUBK,EQ,41909,40299,96.16
20,971,HDFCPVTBAN,EQ,138642,123873,89.35
20,972,HDFCQUAL,EQ,3630,2337,64.38
20,973,HDFCSENSEX,EQ,20847,17331,83.13
20,974,HDFCSILVER,EQ,1189511,991491,83.35
20,975,HDFCSML250,EQ,280673,181429,64.64
20,976,HDFCVALUE,EQ,3935,3244,82.44
20,977,HEALTHADD,EQ,457,370,80.96
20,978,HEALTHIETF,EQ,59196,19614,33.13
20,979,HEALTHY,EQ,272562,200522,73.57
20,980,HEG,EQ,106042,28055,26.46
20,981,HEIDELBERG,EQ,430940,227178,52.72
20,982,HEMIPROP,EQ,940289,349226,37.14
20,983,HERANBA,EQ,117735,70068,59.51
20,984,HERCULES,EQ,26480,12949,48.90
20,985,HERITGFOOD,EQ,1776462,932480,52.49
20,986,HEROMOTOCO,EQ,438831,206765,47.12
20,987,HESTERBIO,EQ,113883,21898,19.23
20,988,HEUBACHIND,EQ,302576,138610,45.81
20,989,HEXATRADEX,EQ,11493,6269,54.55
20,990,HFCL,EQ,47128405,13741202,29.16
20,991,HGINFRA,EQ,451639,100914,22.34
20,992,HGS,EQ,40796,28189,69.10
20,993,HIGREEN,SM,20800,15200,73.08
20,994,HIKAL,EQ,282711,150259,53.15
20,995,HIL,EQ,31440,19025,60.51
20,996,HILTON,EQ,163553,120506,73.68
20,997,HIMATSEIDE,EQ,253588,125223,49.38
20,998,HINDALCO,EQ,6171776,2519567,40.82
20,999,HINDCOMPOS,EQ,13403,6523,48.67
20,1000,HINDCOPPER,EQ,3728928,1167573,31.31
20,1001,HINDMOTORS,EQ,1576568,1243637,78.88
20,1002,HINDOILEXP,EQ,8553181,2635037,30.81
20,1003,HINDPETRO,EQ,20611250,7815111,37.92
20,1004,HINDUNILVR,EQ,2166670,1095480,50.56
20,1005,HINDWAREAP,EQ,136083,73729,54.18
20,1006,HINDZINC,EQ,783701,507396,64.74
20,1007,HIRECT,EQ,21126,9384,44.42
20,1008,HISARMETAL,EQ,1431,898,62.75
20,1009,HITECH,EQ,1695654,762986,45.00
20,1010,HITECHCORP,EQ,32997,23460,71.10
20,1011,HLEGLAS,EQ,77105,30289,39.28
20,1012,HLVLTD,EQ,1427079,930358,65.19
20,1013,HMAAGRO,EQ,956116,538835,56.36
20,1014,HMVL,EQ,253824,122423,48.23
20,1015,HNDFDS,EQ,79760,59760,74.92
20,1016,HNGSNGBEES,EQ,76421,46187,60.44
20,1017,HOACFOODS,SM,12000,6000,50.00
20,1018,HOLMARC,SM,3000,1500,50.00
20,1019,HOMEFIRST,EQ,124439,71631,57.56
20,1020,HOMESFY,SM,2100,1800,85.71
20,1021,HONASA,EQ,80883,41852,51.74
20,1022,HONAUT,EQ,6347,3353,52.83
20,1023,HONDAPOWER,EQ,17284,7002,40.51
20,1024,HOVS,EQ,68325,31599,46.25
20,1025,HPAL,EQ,1001602,451046,45.03
20,1026,HPIL,EQ,3153,1069,33.90
20,1027,HPL,EQ,250393,102399,40.90
20,1028,HRHNEXT,SM,6000,6000,100.00
20,1029,HSCL,EQ,404477,260711,64.46
20,1030,HTMEDIA,EQ,806804,347755,43.10
20,1031,HUDCO,EQ,32845784,8352289,25.43
20,1032,HUHTAMAKI,EQ,142214,74720,52.54
20,1033,HYBRIDFIN,EQ,5113,3781,73.95
20,1034,IBLFL,SM,14000,8000,57.14
20,1035,IBULHSGFIN,EQ,4986459,2005964,40.23
20,1036,ICCL25,NS,25,25,100.00
20,1037,ICEMAKE,EQ,25489,15269,59.90
20,1038,ICICIB22,EQ,1157955,854048,73.75
20,1039,ICICIBANK,EQ,14154461,7879760,55.67
20,1040,ICICIGI,EQ,1248295,748153,59.93
20,1041,ICICIPRULI,EQ,2873383,1310839,45.62
20,1042,ICIL,EQ,470163,235075,50.00
20,1043,ICRA,EQ,3437,1957,56.94
20,1044,IDBI,EQ,157383670,24873279,15.80
20,1045,IDEA,EQ,702308285,412815829,58.78
20,1046,IDEAFORGE,EQ,248174,101870,41.05
20,1047,IDFC,EQ,5376046,3444388,64.07
20,1048,IDFCFIRSTB,EQ,32863157,15699909,47.77
20,1049,IDFNIFTYET,EQ,1005,981,97.61
20,1050,IEL,EQ,897197,639306,71.26
20,1051,IEML,SM,35000,19000,54.29
20,1052,IEX,EQ,14791706,3510592,23.73
20,1053,IFBIND,EQ,75924,50373,66.35
20,1054,IFCI,EQ,209529051,37065179,17.69
20,1055,IFCIZC24,NI,10,10,100.00
20,1056,IFGLEXPOR,EQ,12015,6002,49.95
20,1057,IGARASHI,EQ,110288,53922,48.89
20,1058,IGL,EQ,2452392,939294,38.30
20,1059,IGPL,EQ,139026,70931,51.02
20,1060,IIFL,EQ,710600,379113,53.35
20,1061,IIFLSEC,EQ,249648,103491,41.45
20,1062,IIFLZC24,NK,500,500,100.00
20,1063,IIFLZC25,ND,20,20,100.00
20,1064,IIFLZC25C,N8,200,200,100.00
20,1065,IIFLZC28,NG,101,101,100.00
20,1066,IITL,EQ,16936,12784,75.48
20,1067,IKIO,EQ,171799,93754,54.57
20,1068,IMAGICAA,EQ,803447,424555,52.84
20,1069,IMC1,N0,70,60,85.71
20,1070,IMC1,N1,30,20,66.67
20,1071,IMC1,N2,20,10,50.00
20,1072,IMC1,N3,40,20,50.00
20,1073,IMFA,EQ,78299,50648,64.69
20,1074,IMPAL,EQ,61415,28014,45.61
20,1075,INCREDIBLE,EQ,86046,36222,42.10
20,1076,INDBANK,EQ,3390934,1253240,36.96
20,1077,INDGN,EQ,2738797,1131309,41.31
20,1078,INDHOTEL,EQ,5421179,3792689,69.96
20,1079,INDIACEM,EQ,14262592,4636055,32.50
20,1080,INDIAGLYCO,EQ,1178281,412282,34.99
20,1081,INDIAMART,EQ,475889,162372,34.12
20,1082,INDIANB,EQ,770119,350926,45.57
20,1083,INDIANCARD,EQ,6201,3430,55.31
20,1084,INDIANHUME,EQ,439685,167524,38.10
20,1085,INDIASHLTR,EQ,33560,18943,56.45
20,1086,INDIFRA,SM,8000,6000,75.00
20,1087,INDIGO,EQ,1133699,549398,48.46
20,1088,INDIGOPNTS,EQ,43198,21329,49.37
20,1089,INDIGRID,IV,374515,343596,91.74
20,1090,INDNIPPON,EQ,26924,6311,23.44
20,1091,INDOAMIN,EQ,435501,153818,35.32
20,1092,INDOBORAX,EQ,60430,28637,47.39
20,1093,INDOCO,EQ,89049,42207,47.40
20,1094,INDORAMA,EQ,214312,103148,48.13
20,1095,INDOSTAR,EQ,105491,61093,57.91
20,1096,INDOTECH,EQ,24581,15564,63.32
20,1097,INDOTHAI,EQ,6889,3220,46.74
20,1098,INDRAMEDCO,EQ,1612681,688667,42.70
20,1099,INDSWFTLAB,EQ,794929,322876,40.62
20,1100,INDSWFTLTD,EQ,122045,84003,68.83
20,1101,INDTERRAIN,EQ,120466,52815,43.84
20,1102,INDUSINDBK,EQ,3631639,1848717,50.91
20,1103,INDUSTOWER,EQ,13231597,7083556,53.54
20,1104,INFIBEAM,EQ,8026926,3039092,37.86
20,1105,INFINIUM,SM,13000,5500,42.31
20,1106,INFOBEAN,EQ,24029,13656,56.83
20,1107,INFOLLION,ST,50400,50400,100.00
20,1108,INFRABEES,EQ,10462,6458,61.73
20,1109,INFRAIETF,EQ,72651,38913,53.56
20,1110,INFY,EQ,5815599,3697613,63.58
20,1111,INGERRAND,EQ,7199,3449,47.91
20,1112,INM,SM,600,600,100.00
20,1113,INNOVACAP,EQ,179495,88465,49.29
20,1114,INNOVANA,SM,1000,800,80.00
20,1115,INOXGREEN,EQ,2124245,1190920,56.06
20,1116,INOXINDIA,EQ,144850,93099,64.27
20,1117,INOXWIND,EQ,16522753,5808658,35.16
20,1118,INSECTICID,EQ,31782,11752,36.98
20,1119,INSPIRE,SM,12000,12000,100.00
20,1120,INSPIRISYS,EQ,71473,49518,69.28
20,1121,INTELLECT,EQ,303866,120202,39.56
20,1122,INTLCONV,EQ,2744301,954539,34.78
20,1123,INVENTURE,EQ,13845020,5998766,43.33
20,1124,IOB,EQ,14552231,2969185,20.40
20,1125,IOC,EQ,75894556,42022660,55.37
20,1126,IOLCP,EQ,144859,63018,43.50
20,1127,IONEXCHANG,EQ,360479,165366,45.87
20,1128,IPCALAB,EQ,476137,169806,35.66
20,1129,IPL,EQ,433331,217133,50.11
20,1130,IRB,EQ,28274028,12155081,42.99
20,1131,IRBINVIT,IV,207984,191820,92.23
20,1132,IRCON,EQ,13357470,5176067,38.75
20,1133,IRCTC,EQ,1573736,636467,40.44
20,1134,IREDA,EQ,23498679,7219304,30.72
20,1135,IRFC,EQ,73915719,25436303,34.41
20,1136,IRISDOREME,EQ,70067,27091,38.66
20,1137,IRMENERGY,EQ,69921,31445,44.97
20,1138,ISEC,EQ,179934,95909,53.30
20,1139,ISFT,EQ,128173,73169,57.09
20,1140,ISGEC,EQ,27118,10622,39.17
20,1141,ISHAN,SM,1248000,1008000,80.77
20,1142,ISMTLTD,EQ,586286,262940,44.85
20,1143,IT,EQ,63159,41974,66.46
20,1144,ITALIANE,SM,12000,12000,100.00
20,1145,ITBEES,EQ,5997832,4073729,67.92
20,1146,ITC,EQ,17878994,9577960,53.57
20,1147,ITDC,EQ,600381,160565,26.74
20,1148,ITDCEM,EQ,489304,246634,50.41
20,1149,ITETF,EQ,100788,48015,47.64
20,1150,ITETFADD,EQ,15904,11926,74.99
20,1151,ITI,EQ,837721,220797,26.36
20,1152,ITIETF,EQ,476235,236538,49.67
20,1153,IVC,EQ,13930518,5697286,40.90
20,1154,IVZINGOLD,EQ,380,282,74.21
20,1155,IVZINNIFTY,EQ,4,4,100.00
20,1156,IWEL,EQ,17440,11511,66.00
20,1157,IXIGO,EQ,808342,371611,45.97
20,1158,IZMO,EQ,50139,25503,50.86
20,1159,JAGRAN,EQ,278955,155219,55.64
20,1160,JAGSNPHARM,EQ,206295,70186,34.02
20,1161,JAICORPLTD,EQ,659880,179178,27.15
20,1162,JALAN,SM,72000,57000,79.17
20,1163,JAMNAAUTO,EQ,9560333,4283779,44.81
20,1164,JASH,EQ,83290,39900,47.90
20,1165,JAYAGROGN,EQ,49626,15056,30.34
20,1166,JAYBARMARU,EQ,77261,40274,52.13
20,1167,JAYNECOIND,EQ,197399,120040,60.81
20,1168,JAYSREETEA,EQ,647966,303722,46.87
20,1169,JBCHEPHARM,EQ,109536,65269,59.59
20,1170,JBMA,EQ,131211,57379,43.73
20,1171,JCHAC,EQ,91869,47827,52.06
20,1172,JETFREIGHT,EQ,151400,82921,54.77
20,1173,JFLLIFE,ST,8000,6000,75.00
20,1174,JGCHEM,EQ,333134,173044,51.94
20,1175,JINDALPHOT,EQ,26727,7671,28.70
20,1176,JINDALPOLY,EQ,78929,40491,51.30
20,1177,JINDALSAW,EQ,746414,397063,53.20
20,1178,JINDALSTEL,EQ,5020305,1852775,36.91
20,1179,JINDRILL,EQ,48034,24771,51.57
20,1180,JINDWORLD,EQ,86750,31947,36.83
20,1181,JIOFIN,EQ,12201643,7145756,58.56
20,1182,JISLDVREQS,EQ,166525,74775,44.90
20,1183,JISLJALEQS,EQ,7729726,2516525,32.56
20,1184,JITFINFRA,EQ,112052,77589,69.24
20,1185,JIWANRAM,SM,6000,6000,100.00
20,1186,J&KBANK,EQ,2956802,1608878,54.41
20,1187,JKCEMENT,EQ,171871,29588,17.22
20,1188,JKIL,EQ,231011,96074,41.59
20,1189,JKLAKSHMI,EQ,61712,29093,47.14
20,1190,JKPAPER,EQ,2032675,817596,40.22
20,1191,JKTYRE,EQ,512651,215398,42.02
20,1192,JLHL,EQ,22554,13391,59.37
20,1193,JMA,EQ,19684,13105,66.58
20,1194,JMFINANCIL,EQ,2506829,818300,32.64
20,1195,JOCIL,EQ,11136,7756,69.65
20,1196,JPOLYINVST,EQ,7861,3716,47.27
20,1197,JPPOWER,EQ,46283601,25132816,54.30
20,1198,JSFB,EQ,103723,46312,44.65
20,1199,JSL,EQ,470749,237531,50.46
20,1200,JSLL,SM,29520,21960,74.39
20,1201,JSWENERGY,EQ,3964959,1929426,48.66
20,1202,JSWHL,EQ,3500,964,27.54
20,1203,JSWINFRA,EQ,3389121,1766344,52.12
20,1204,JSWSTEEL,EQ,1636466,578608,35.36
20,1205,JTEKTINDIA,EQ,75315,31183,41.40
20,1206,JTLIND,EQ,771979,474907,61.52
20,1207,JUBLFOOD,EQ,1730391,650404,37.59
20,1208,JUBLINDS,EQ,8213,3732,45.44
20,1209,JUBLINGREA,EQ,316585,145728,46.03
20,1210,JUBLPHARMA,EQ,149280,64217,43.02
20,1211,JUNIORBEES,EQ,291032,204057,70.11
20,1212,JUNIPER,EQ,37132,17232,46.41
20,1213,JUSTDIAL,EQ,964261,297554,30.86
20,1214,JWL,EQ,1260592,816620,64.78
20,1215,JYOTHYLAB,EQ,13232496,1686245,12.74
20,1216,JYOTICNC,EQ,533041,470313,88.23
20,1217,JYOTISTRUC,EQ,5511349,3802348,68.99
20,1218,K2INFRA,ST,26400,20400,77.27
20,1219,KABRAEXTRU,EQ,51788,21806,42.11
20,1220,KAJARIACER,EQ,158320,101154,63.89
20,1221,KAKATCEM,EQ,9331,6365,68.21
20,1222,KALAMANDIR,EQ,282937,153001,54.08
20,1223,KALYANKJIL,EQ,5340282,2068570,38.74
20,1224,KAMATHOTEL,EQ,109068,94280,86.44
20,1225,KAMDHENU,EQ,142724,30041,21.05
20,1226,KAMOPAINTS,EQ,5810943,551090,9.48
20,1227,KANANIIND,EQ,839823,521904,62.14
20,1228,KANDARP,SM,284000,196000,69.01
20,1229,KANORICHEM,EQ,31331,15846,50.58
20,1230,KANPRPLA,EQ,89212,44954,50.39
20,1231,KANSAINER,EQ,289406,163951,56.65
20,1232,KARNIKA,SM,1200,1200,100.00
20,1233,KARURVYSYA,EQ,2265650,1302796,57.50
20,1234,KATARIA,ST,459600,459600,100.00
20,1235,KAYNES,EQ,115670,48483,41.91
20,1236,KCEIL,ST,53500,51000,95.33
20,1237,KCK,SM,10000,10000,100.00
20,1238,KCP,EQ,1160740,467679,40.29
20,1239,KCPSUGIND,EQ,1955314,678616,34.71
20,1240,KDDL,EQ,39420,14811,37.57
20,1241,KDL,ST,3400,3200,94.12
20,1242,KEC,EQ,404813,137169,33.88
20,1243,KECL,EQ,873555,342138,39.17
20,1244,KEI,EQ,148349,72690,49.00
20,1245,KEL,SM,8400,7200,85.71
20,1246,KELLTONTEC,EQ,1595579,857693,53.75
20,1247,KERNEX,EQ,189500,134968,71.22
20,1248,KESORAMIND,EQ,965520,678223,70.24
20,1249,KEYFINSERV,EQ,25872,10374,40.10
20,1250,KFINTECH,EQ,644889,197873,30.68
20,1251,KHADIM,EQ,334274,108697,32.52
20,1252,KHAICHEM,EQ,5324861,1241015,23.31
20,1253,KHAITANLTD,EQ,21067,12618,59.89
20,1254,KHANDSE,EQ,32642,17166,52.59
20,1255,KHFM,SM,9300,9300,100.00
20,1256,KILITCH,EQ,11525,5902,51.21
20,1257,KIMS,EQ,41797,26754,64.01
20,1258,KINGFA,EQ,130187,42028,32.28
20,1259,KIOCL,EQ,402811,90234,22.40
20,1260,KIRIINDUS,EQ,117832,65135,55.28
20,1261,KIRLOSBROS,EQ,77864,56783,72.93
20,1262,KIRLOSENG,EQ,119298,80791,67.72
20,1263,KIRLOSIND,EQ,3019,1269,42.03
20,1264,KIRLPNU,EQ,39157,24409,62.34
20,1265,KITEX,EQ,190251,89300,46.94
20,1266,KKCL,EQ,22528,11886,52.76
20,1267,KLL,SM,36800,24000,65.22
20,1268,KNAGRI,ST,11200,11200,100.00
20,1269,KNRCON,EQ,1627819,720507,44.26
20,1270,KODYTECH,SM,17300,9700,56.07
20,1271,KOHINOOR,EQ,474087,236751,49.94
20,1272,KOKUYOCMLN,EQ,82709,42512,51.40
20,1273,KOLTEPATIL,EQ,172668,108596,62.89
20,1274,KONSTELEC,SM,59000,46000,77.97
20,1275,KONTOR,SM,9600,9600,100.00
20,1276,KOPRAN,EQ,336080,153726,45.74
20,1277,KORE,ST,500,500,100.00
20,1278,KOTAKBANK,EQ,3096397,1549010,50.03
20,1279,KOTARISUG,EQ,547148,197583,36.11
20,1280,KOTHARIPET,EQ,2766182,598731,21.64
20,1281,KOTHARIPRO,EQ,447046,181349,40.57
20,1282,KOTYARK,SM,33100,23100,69.79
20,1283,KPIL,EQ,118015,50334,42.65
20,1284,KPITTECH,EQ,1828473,901885,49.32
20,1285,KPRMILL,EQ,123689,69853,56.47
20,1286,KRBL,EQ,1214685,648314,53.37
20,1287,KRISHANA,EQ,32388,9294,28.70
20,1288,KRISHCA,ST,18000,18000,100.00
20,1289,KRISHIVAL,SM,2000,2000,100.00
20,1290,KRISHNADEF,ST,38500,35500,92.21
20,1291,KRITI,EQ,49355,24687,50.02
20,1292,KRITIKA,EQ,304938,221820,72.74
20,1293,KRITINUT,EQ,76574,47139,61.56
20,1294,KRONOX,EQ,120501,66078,54.84
20,1295,KRSNAA,EQ,68236,42597,62.43
20,1296,KRYSTAL,EQ,27183,14183,52.18
20,1297,KSB,EQ,290671,117190,40.32
20,1298,KSCL,EQ,872212,394409,45.22
20,1299,KSL,EQ,57528,29827,51.85
20,1300,KSOLVES,EQ,46016,30521,66.33
20,1301,KTKBANK,EQ,5486341,2941700,53.62
20,1302,KTL,SM,6000,6000,100.00
20,1303,KUANTUM,EQ,112035,46262,41.29
20,1304,LAGNAM,EQ,61016,28846,47.28
20,1305,LAL,EQ,282197,104196,36.92
20,1306,LALPATHLAB,EQ,159966,51325,32.08
20,1307,LAMBODHARA,EQ,21228,13437,63.30
20,1308,LANCORHOL,EQ,42473,24134,56.82
20,1309,LANDMARK,EQ,44614,28084,62.95
20,1310,LAOPALA,EQ,105039,54369,51.76
20,1311,LASA,EQ,29427,20107,68.33
20,1312,LATENTVIEW,EQ,295164,151090,51.19
20,1313,LAURUSLABS,EQ,6274662,2007279,31.99
20,1314,LAWSIKHO,SM,13500,11500,85.19
20,1315,LAXMICOT,EQ,110838,23746,21.42
20,1316,LAXMIMACH,EQ,3009,1553,51.61
20,1317,LEMERITE,SM,243200,131200,53.95
20,1318,LEMONTREE,EQ,1361570,492892,36.20
20,1319,LEXUS,EQ,184713,93744,50.75
20,1320,LFIC,EQ,18625,3008,16.15
20,1321,LGBBROSLTD,EQ,19583,11984,61.20
20,1322,LGHL,EQ,1534,1089,70.99
20,1323,LIBAS,EQ,61024,40239,65.94
20,1324,LIBERTSHOE,EQ,390026,146823,37.64
20,1325,LICHSGFIN,EQ,2947125,947304,32.14
20,1326,LICI,EQ,5527885,1792437,32.43
20,1327,LICMFGOLD,EQ,1120,991,88.48
20,1328,LICNETFGSC,EQ,72281,61776,85.47
20,1329,LICNETFN50,EQ,245,244,99.59
20,1330,LICNETFSEN,EQ,3,3,100.00
20,1331,LICNFNHGP,EQ,1759,1278,72.65
20,1332,LICNMID100,EQ,12853,11640,90.56
20,1333,LIKHITHA,EQ,141960,64298,45.29
20,1334,LINC,EQ,5410,2806,51.87
20,1335,LINCOLN,EQ,36916,20850,56.48
20,1336,LINDEINDIA,EQ,224266,74870,33.38
20,1337,LIQUID,EQ,189665,122138,64.40
20,1338,LIQUID1,EQ,121678,71556,58.81
20,1339,LIQUIDADD,EQ,339136,329178,97.06
20,1340,LIQUIDBEES,EQ,4976639,3794122,76.24
20,1341,LIQUIDBETF,EQ,7524,3762,50.00
20,1342,LIQUIDCASE,EQ,3238272,2897929,89.49
20,1343,LIQUIDETF,EQ,690371,453897,65.75
20,1344,LIQUIDIETF,EQ,942916,472022,50.06
20,1345,LIQUIDSBI,EQ,802,643,80.17
20,1346,LIQUIDSHRI,EQ,936,769,82.16
20,1347,LLOYDS,SM,76000,68000,89.47
20,1348,LLOYDSENGG,EQ,14749017,5348703,36.26
20,1349,LLOYDSME,EQ,211338,113185,53.56
20,1350,LODHA,EQ,718930,434736,60.47
20,1351,LOKESHMACH,EQ,90099,50343,55.88
20,1352,LOTUSEYE,EQ,119122,75679,63.53
20,1353,LOVABLE,EQ,205410,99049,48.22
20,1354,LOWVOL,EQ,3267,3164,96.85
20,1355,LOWVOL1,EQ,162573,155092,95.40
20,1356,LOWVOLIETF,EQ,1107247,932771,84.24
20,1357,LOYALTEX,EQ,305,276,90.49
20,1358,LRRPL,SM,117000,87000,74.36
20,1359,LT,EQ,4691483,1714741,36.55
20,1360,LTF,EQ,5458213,2079514,38.10
20,1361,LTFOODS,EQ,1616975,307255,19.00
20,1362,LTGILTBEES,EQ,1255011,839756,66.91
20,1363,LTIM,EQ,273149,114502,41.92
20,1364,LTTS,EQ,160193,62196,38.83
20,1365,LUMAXIND,EQ,2613,1296,49.60
20,1366,LUMAXTECH,EQ,82542,39002,47.25
20,1367,LUPIN,EQ,901199,564608,62.65
20,1368,LUXIND,EQ,112769,45925,40.72
20,1369,LXCHEM,EQ,3175052,1621260,51.06
20,1370,LYKALABS,EQ,141252,90682,64.20
20,1371,LYPSAGEMS,EQ,160886,85277,53.00
20,1372,MAANALU,EQ,129545,64213,49.57
20,1373,MACOBSTECH,ST,603200,560000,92.84
20,1374,MADHAV,EQ,8871,3630,40.92
20,1375,MADHAVBAUG,SM,7600,7200,94.74
20,1376,MADHUSUDAN,SM,322000,228000,70.81
20,1377,MADRASFERT,EQ,802166,271790,33.88
20,1378,MAFANG,EQ,778951,451163,57.92
20,1379,MAGADSUGAR,EQ,124422,35627,28.63
20,1380,MAGNUM,EQ,216865,161962,74.68
20,1381,MAGSON,SM,2000,2000,100.00
20,1382,MAHABANK,EQ,12331832,3723499,30.19
20,1383,MAHAPEXLTD,EQ,29580,18856,63.75
20,1384,MAHASTEEL,EQ,46992,17408,37.04
20,1385,MAHESHWARI,EQ,37052,21647,58.42
20,1386,MAHICKRA,SM,60000,58500,97.50
20,1387,MAHKTECH,EQ,340363,271907,79.89
20,1388,MAHLIFE,EQ,282189,131286,46.52
20,1389,MAHLOG,EQ,142956,52042,36.40
20,1390,MAHSCOOTER,EQ,6412,4390,68.47
20,1391,MAHSEAMLES,EQ,186931,122734,65.66
20,1392,MAITHANALL,EQ,24322,13593,55.89
20,1393,MAITREYA,SM,5600,5600,100.00
20,1394,MAKEINDIA,EQ,34117,25623,75.10
20,1395,MAKS,ST,1500,1500,100.00
20,1396,MAL,SM,232000,160000,68.97
20,1397,MALLCOM,EQ,4837,3254,67.27
20,1398,MALUPAPER,EQ,31777,15059,47.39
20,1399,MANAKSIA,EQ,79561,42971,54.01
20,1400,MANAKSTEEL,EQ,53431,20977,39.26
20,1401,MANALIPETC,EQ,2134960,556297,26.06
20,1402,MANAPPURAM,EQ,12420845,7439073,59.89
20,1403,MANDEEP,ST,14000,12000,85.71
20,1404,MANGALAM,EQ,47353,32890,69.46
20,1405,MANGCHEFER,EQ,259366,129122,49.78
20,1406,MANGLMCEM,EQ,34636,22669,65.45
20,1407,MANINDS,EQ,187321,95502,50.98
20,1408,MANINFRA,EQ,2297113,1023608,44.56
20,1409,MANKIND,EQ,339217,139318,41.07
20,1410,MANOMAY,EQ,86531,22204,25.66
20,1411,MANORAMA,EQ,63827,49211,77.10
20,1412,MANORG,EQ,18988,10904,57.43
20,1413,MANUGRAPH,EQ,14059,7940,56.48
20,1414,MANYAVAR,EQ,389358,367075,94.28
20,1415,MAPMYINDIA,EQ,88310,28769,32.58
20,1416,MARALOVER,EQ,397251,178642,44.97
20,1417,MARATHON,EQ,517124,395853,76.55
20,1418,MARCO,SM,234000,150000,64.10
20,1419,MARICO,EQ,2901644,1345586,46.37
20,1420,MARINETRAN,SM,20000,12000,60.00
20,1421,MARKSANS,EQ,4016251,1385242,34.49
20,1422,MARUTI,EQ,396789,225328,56.79
20,1423,MASFIN,EQ,255178,117755,46.15
20,1424,MASON,SM,408000,242000,59.31
20,1425,MASPTOP50,EQ,160960,96232,59.79
20,1426,MASTEK,EQ,44423,20726,46.66
20,1427,MASTER,ST,10000,10000,100.00
20,1428,MATRIMONY,EQ,20025,12916,64.50
20,1429,MAWANASUG,EQ,443902,156915,35.35
20,1430,MAXESTATES,EQ,70171,39755,56.65
20,1431,MAXHEALTH,EQ,862331,464590,53.88
20,1432,MAXIND,EQ,26150,18049,69.02
20,1433,MAXPOSURE,SM,36000,26000,72.22
20,1434,MAYURUNIQ,EQ,356662,172557,48.38
20,1435,MAZDA,EQ,4381,2403,54.85
20,1436,MAZDOCK,EQ,1672094,388766,23.25
20,1437,MBAPL,EQ,6705,3435,51.23
20,1438,MBECL,EQ,82093,57824,70.44
20,1439,MCL,EQ,34480,22278,64.61
20,1440,MCLEODRUSS,EQ,858282,653591,76.15
20,1441,MCON,ST,7000,7000,100.00
20,1442,MCX,EQ,733753,246712,33.62
20,1443,MDL,SM,8000,6000,75.00
20,1444,MEDANTA,EQ,166122,96372,58.01
20,1445,MEDIASSIST,EQ,70092,32091,45.78
20,1446,MEDICAMEQ,EQ,14762,7133,48.32
20,1447,MEDIORG,SM,68000,40000,58.82
20,1448,MEDPLUS,EQ,71954,37643,52.32
20,1449,MEGAFLEX,SM,6000,6000,100.00
20,1450,MEGASOFT,EQ,84744,51477,60.74
20,1451,MEGASTAR,EQ,5170,2767,53.52
20,1452,MEGATHERM,ST,21200,19200,90.57
20,1453,MENONBE,EQ,76334,45871,60.09
20,1454,METROBRAND,EQ,144301,112388,77.88
20,1455,METROPOLIS,EQ,118113,63719,53.95
20,1456,MFSL,EQ,913036,495152,54.23
20,1457,MGL,EQ,867868,367753,42.37
20,1458,MHHL,SM,40500,30000,74.07
20,1459,MHLXMIRU,EQ,11040,6818,61.76
20,1460,MHRIL,EQ,2362694,298025,12.61
20,1461,MICROPRO,SM,6400,6400,100.00
20,1462,MID150BEES,EQ,253567,138063,54.45
20,1463,MID150CASE,EQ,75084,69075,92.00
20,1464,MIDCAP,EQ,11706,6227,53.19
20,1465,MIDCAPETF,EQ,1143652,924069,80.80
20,1466,MIDCAPIETF,EQ,320425,228450,71.30
20,1467,MIDHANI,EQ,623594,272083,43.63
20,1468,MIDQ50ADD,EQ,594,488,82.15
20,1469,MIDSELIETF,EQ,91996,69081,75.09
20,1470,MIDSMALL,EQ,175399,163482,93.21
20,1471,MILTON,SM,8800,4400,50.00
20,1472,MINDACORP,EQ,54765,25019,45.68
20,1473,MINDSPACE,RR,106390,91411,85.92
20,1474,MINDTECK,EQ,159389,58180,36.50
20,1475,MIRCELECTR,EQ,799743,493619,61.72
20,1476,MIRZAINT,EQ,556226,208688,37.52
20,1477,MITCON,EQ,9085,5421,59.67
20,1478,MITTAL,EQ,1075233,819591,76.22
20,1479,M&M,EQ,1857122,1041104,56.06
20,1480,M&MFIN,EQ,4350537,2444720,56.19
20,1481,MMFL,EQ,33870,20312,59.97
20,1482,MMP,EQ,76100,41920,55.09
20,1483,MMTC,EQ,154350289,17691456,11.46
20,1484,MNC,EQ,50040,14893,29.76
20,1485,MODIRUBBER,EQ,3696,2935,79.41
20,1486,MODISONLTD,EQ,79778,43292,54.27
20,1487,MOGSEC,EQ,69516,68883,99.09
20,1488,MOHEALTH,EQ,33187,31146,93.85
20,1489,MOIL,EQ,1623754,405237,24.96
20,1490,MOKSH,EQ,507238,276400,54.49
20,1491,MOL,EQ,831398,348933,41.97
20,1492,MOLDTECH,EQ,69090,33472,48.45
20,1493,MOLDTKPAC,EQ,67523,48173,71.34
20,1494,MOLOWVOL,EQ,107366,100989,94.06
20,1495,MOM100,EQ,200684,113125,56.37
20,1496,MOM30IETF,EQ,617990,284181,45.98
20,1497,MOM50,EQ,1993,1868,93.73
20,1498,MOMENTUM,EQ,95015,73112,76.95
20,1499,MOMOMENTUM,EQ,77229,46006,59.57
20,1500,MON100,EQ,1926641,1539226,79.89
20,1501,MONARCH,EQ,223697,105334,47.09
20,1502,MONIFTY500,EQ,160439,126644,78.94
20,1503,MONQ50,EQ,399040,337020,84.46
20,1504,MONTECARLO,EQ,35320,16012,45.33
20,1505,MOQUALITY,EQ,1164,1124,96.56
20,1506,MOREALTY,EQ,103351,89047,86.16
20,1507,MOREPENLAB,EQ,7549576,2986370,39.56
20,1508,MOS,SM,1400000,396000,28.29
20,1509,MOSMALL250,EQ,328512,172306,52.45
20,1510,MOTHERSON,EQ,15033688,7372078,49.04
20,1511,MOTILALOFS,EQ,1051064,534007,50.81
20,1512,MOTISONS,EQ,348809,182807,52.41
20,1513,MOTOGENFIN,EQ,6530,3238,49.59
20,1514,MOVALUE,EQ,70020,50468,72.08
20,1515,MPHASIS,EQ,673584,222903,33.09
20,1516,MPSLTD,EQ,49727,32391,65.14
20,1517,MRF,EQ,17629,3853,21.86
20,1518,MRPL,EQ,8699987,1678723,19.30
20,1519,MSPL,EQ,251632,148315,58.94
20,1520,MSTCLTD,EQ,4328948,788233,18.21
20,1521,MSUMI,EQ,4820818,2698382,55.97
20,1522,MTARTECH,EQ,314522,79854,25.39
20,1523,MTNL,EQ,17111142,6867277,40.13
20,1524,MUFIN,EQ,76000,45030,59.25
20,1525,MUFTI,EQ,106483,57727,54.21
20,1526,MUKANDLTD,EQ,221546,128030,57.79
20,1527,MUKKA,EQ,6952682,3511799,50.51
20,1528,MUKTAARTS,EQ,5713,4396,76.95
20,1529,MUNJALAU,EQ,160059,68477,42.78
20,1530,MUNJALSHOW,EQ,75028,40174,53.55
20,1531,MURUDCERA,EQ,773422,297579,38.48
20,1532,MUTHOOTCAP,EQ,31182,13101,42.01
20,1533,MUTHOOTFIN,EQ,220022,97707,44.41
20,1534,MUTHOOTMF,EQ,130861,75516,57.71
20,1535,MVGJL,EQ,404749,181026,44.73
20,1536,MVKAGRO,SM,10800,9600,88.89
20,1537,MWL,SM,16800,15600,92.86
20,1538,NACLIND,EQ,2330825,640590,27.48
20,1539,NAGAFERT,EQ,1345755,697995,51.87
20,1540,NAGREEKEXP,EQ,119472,56866,47.60
20,1541,NAHARCAP,EQ,36264,20388,56.22
20,1542,NAHARINDUS,EQ,1234359,442902,35.88
20,1543,NAHARPOLY,EQ,31755,17748,55.89
20,1544,NAHARSPING,EQ,203450,86562,42.55
20,1545,NAMAN,SM,36800,28800,78.26
20,1546,NAM-INDIA,EQ,868815,524560,60.38
20,1547,NATCOPHARM,EQ,959535,367921,38.34
20,1548,NATIONALUM,EQ,9655910,3101972,32.13
20,1549,NAUKRI,EQ,143654,92213,64.19
20,1550,NAVA,EQ,248372,117412,47.27
20,1551,NAVINFLUOR,EQ,245304,116928,47.67
20,1552,NAVINIFTY,EQ,135,130,96.30
20,1553,NAVKARCORP,EQ,6083306,1996680,32.82
20,1554,NAVNETEDUL,EQ,121174,65142,53.76
20,1555,NAZARA,EQ,448729,199782,44.52
20,1556,NBCC,EQ,19705543,6486693,32.92
20,1557,NCC,EQ,7365421,2642126,35.87
20,1558,NCLIND,EQ,173092,83892,48.47
20,1559,NDL,EQ,2082333,931691,44.74
20,1560,NDLVENTURE,EQ,3420,1725,50.44
20,1561,NDRAUTO,EQ,40753,17737,43.52
20,1562,NDRINVIT,IV,400000,400000,100.00
20,1563,NDTV,EQ,326501,102259,31.32
20,1564,NECLIFE,EQ,679891,327303,48.14
20,1565,NELCAST,EQ,136306,72815,53.42
20,1566,NELCO,EQ,139276,52622,37.78
20,1567,NEOGEN,EQ,16019,5327,33.25
20,1568,NEPHROCARE,SM,548800,324800,59.18
20,1569,NESCO,EQ,22020,9650,43.82
20,1570,NESTLEIND,EQ,3469181,1937926,55.86
20,1571,NETF,EQ,1570,1251,79.68
20,1572,NETWEB,EQ,91751,54507,59.41
20,1573,NETWORK18,EQ,1912303,1029111,53.82
20,1574,NEULANDLAB,EQ,11342,5998,52.88
20,1575,NEWGEN,EQ,136806,69747,50.98
20,1576,NEWJAISA,SM,36000,27000,75.00
20,1577,NEXT50,EQ,18013,17190,95.43
20,1578,NEXT50IETF,EQ,407578,235591,57.80
20,1579,NEXTMEDIA,EQ,24165,17955,74.30
20,1580,NFL,EQ,6731953,1895070,28.15
20,1581,NGIL,EQ,31486,17046,54.14
20,1582,NGILPP,E1,13192,11020,83.54
20,1583,NGLFINE,EQ,3453,2007,58.12
20,1584,NH,EQ,214356,117779,54.95
20,1585,NHPC,EQ,37870720,12644103,33.39
20,1586,NIACL,EQ,2353290,1070925,45.51
20,1587,NIBL,EQ,49464,19404,39.23
20,1588,NIDAN,SM,75000,47000,62.67
20,1589,NIF100BEES,EQ,13668,6163,45.09
20,1590,NIF100IETF,EQ,37994,21651,56.99
20,1591,NIF10GETF,EQ,899,648,72.08
20,1592,NIF5GETF,EQ,62,40,64.52
20,1593,NIFITETF,EQ,686,399,58.16
20,1594,NIFMID150,EQ,788,724,91.88
20,1595,NIFTY1,EQ,19413,12971,66.82
20,1596,NIFTY50ADD,EQ,6711,4022,59.93
20,1597,NIFTYBEES,EQ,2319944,1534869,66.16
20,1598,NIFTYBETF,EQ,707,569,80.48
20,1599,NIFTYETF,EQ,1141716,1138630,99.73
20,1600,NIFTYIETF,EQ,583532,497293,85.22
20,1601,NIFTYQLITY,EQ,34580,26586,76.88
20,1602,NIITLTD,EQ,1201921,498869,41.51
20,1603,NIITMTS,EQ,178802,111128,62.15
20,1604,NILAINFRA,EQ,2647905,1606906,60.69
20,1605,NILKAMAL,EQ,27917,20892,74.84
20,1606,NINSYS,EQ,3083,1815,58.87
20,1607,NIPPOBATRY,EQ,7013,3612,51.50
20,1608,NIRAJ,EQ,81283,29155,35.87
20,1609,NIRMAN,ST,63000,59400,94.29
20,1610,NITCO,EQ,82361,56427,68.51
20,1611,NITINSPIN,EQ,631856,197617,31.28
20,1612,NKIND,EQ,719,351,48.82
20,1613,NLCINDIA,EQ,7073119,2127848,30.08
20,1614,NMDC,EQ,10759754,4969512,46.19
20,1615,NOCIL,EQ,1578524,534364,33.85
20,1616,NORBTEAEXP,EQ,9922,6179,62.28
20,1617,NOVAAGRI,EQ,21242951,4647317,21.88
20,1618,NPBET,EQ,1325,1260,95.09
20,1619,NPST,SM,70400,50300,71.45
20,1620,NRAIL,EQ,8691,5378,61.88
20,1621,NRBBEARING,EQ,68526,33650,49.11
20,1622,NRL,EQ,104972,64115,61.08
20,1623,NSIL,EQ,25942,11140,42.94
20,1624,NSLNISP,EQ,5182234,2201679,42.49
20,1625,NTPC,EQ,25973101,13203114,50.83
20,1626,NUCLEUS,EQ,36036,16146,44.81
20,1627,NURECA,EQ,15374,8560,55.68
20,1628,NUVAMA,EQ,208902,84869,40.63
20,1629,NUVOCO,EQ,366280,247995,67.71
20,1630,NV20,EQ,7516,3959,52.67
20,1631,NV20BEES,EQ,15946,13069,81.96
20,1632,NV20IETF,EQ,313199,161768,51.65
20,1633,NXST,RR,199930,176930,88.50
20,1634,NYKAA,EQ,2756382,1213366,44.02
20,1635,OAL,EQ,73699,26148,35.48
20,1636,OBCL,EQ,24648,14296,58.00
20,1637,OBEROIRLTY,EQ,957754,525681,54.89
20,1638,OFSS,EQ,807903,163862,20.28
20,1639,OIL,EQ,21807623,4374148,20.06
20,1640,OILIETF,EQ,779879,659684,84.59
20,1641,OLECTRA,EQ,337606,162114,48.02
20,1642,OLIL,ST,2400,2400,100.00
20,1643,OMFURN,SM,7200,7200,100.00
20,1644,ONDOOR,SM,6600,4200,63.64
20,1645,ONEPOINT,EQ,595265,344787,57.92
20,1646,ONGC,EQ,42054664,12438980,29.58
20,1647,ONMOBILE,EQ,1247570,507220,40.66
20,1648,ONWARDTEC,EQ,129363,62741,48.50
20,1649,OPTIEMUS,EQ,3048894,754591,24.75
20,1650,ORBTEXP,EQ,3662,2221,60.65
20,1651,ORCHPHARMA,EQ,215595,147497,68.41
20,1652,ORIANA,SM,139200,82950,59.59
20,1653,ORICONENT,EQ,1381197,577484,41.81
20,1654,ORIENTALTL,EQ,769626,217488,28.26
20,1655,ORIENTBELL,EQ,8592,4752,55.31
20,1656,ORIENTCEM,EQ,1714116,665500,38.82
20,1657,ORIENTCER,EQ,108718,49875,45.88
20,1658,ORIENTELEC,EQ,437520,307748,70.34
20,1659,ORIENTHOT,EQ,71461,39184,54.83
20,1660,ORIENTLTD,EQ,14629,8268,56.52
20,1661,ORIENTPPR,EQ,1323082,511680,38.67
20,1662,ORISSAMINE,EQ,75151,20585,27.39
20,1663,ORTINLAB,EQ,8401,7038,83.78
20,1664,OSWALAGRO,EQ,908823,351474,38.67
20,1665,OSWALGREEN,EQ,13166040,2801133,21.28
20,1666,OSWALSEEDS,EQ,463901,207145,44.65
20,1667,OWAIS,SM,22400,16000,71.43
20,1668,PAGEIND,EQ,16055,6938,43.21
20,1669,PAISALO,EQ,1808953,1075018,59.43
20,1670,PAKKA,EQ,840938,386785,45.99
20,1671,PALASHSECU,EQ,110948,56826,51.22
20,1672,PANACEABIO,EQ,76574,39634,51.76
20,1673,PANAMAPET,EQ,293004,137125,46.80
20,1674,PANSARI,EQ,10116,10116,100.00
20,1675,PAR,EQ,59785,40094,67.06
20,1676,PARACABLES,EQ,508860,316407,62.18
20,1677,PARADEEP,EQ,2282524,930499,40.77
20,1678,PARAGMILK,EQ,724004,319034,44.07
20,1679,PARAGON,SM,12000,7200,60.00
20,1680,PARIN,SM,8000,7000,87.50
20,1681,PARKHOTELS,EQ,137031,73126,53.36
20,1682,PARSVNATH,EQ,357283,202519,56.68
20,1683,PASHUPATI,SM,800,800,100.00
20,1684,PASUPTAC,EQ,101141,42904,42.42
20,1685,PATANJALI,EQ,327196,225555,68.94
20,1686,PATELENG,EQ,5445871,2523128,46.33
20,1687,PATINTLOG,EQ,714739,325285,45.51
20,1688,PATTECH,SM,4500,4500,100.00
20,1689,PAVNAIND,EQ,21492,6408,29.82
20,1690,PAYTM,EQ,1919454,882565,45.98
20,1691,PCBL,EQ,1820844,883681,48.53
20,1692,PCCL,SM,76800,56800,73.96
20,1693,PCJEWELLER,EQ,2450592,2386666,97.39
20,1694,PDMJEPAPER,EQ,268660,137469,51.17
20,1695,PDSL,EQ,112551,67549,60.02
20,1696,PEL,EQ,1155837,356373,30.83
20,1697,PENIND,EQ,830864,285067,34.31
20,1698,PENINLAND,EQ,652685,297360,45.56
20,1699,PENTAGON,SM,3000,2000,66.67
20,1700,PERFECT,SM,69000,60000,86.96
20,1701,PERSISTENT,EQ,413931,177684,42.93
20,1702,PETRONET,EQ,15127989,4183046,27.65
20,1703,PFC,EQ,6448853,2279883,35.35
20,1704,PFIZER,EQ,29244,15979,54.64
20,1705,PFS,EQ,13383646,4249624,31.75
20,1706,PGEL,EQ,9312806,4509529,48.42
20,1707,PGHH,EQ,6758,3433,50.80
20,1708,PGHL,EQ,11006,5603,50.91
20,1709,PGIL,EQ,138036,71962,52.13
20,1710,PGINVIT,IV,2058159,1977970,96.10
20,1711,PHANTOMFX,SM,42900,32100,74.83
20,1712,PHARMABEES,EQ,4090165,2952250,72.18
20,1713,PHOENIXLTD,EQ,560326,291366,52.00
20,1714,PIDILITIND,EQ,244227,164241,67.25
20,1715,PIIND,EQ,199590,87610,43.89
20,1716,PILANIINVS,EQ,2551,978,38.34
20,1717,PILITA,EQ,505557,258323,51.10
20,1718,PIONEEREMB,EQ,24235,15845,65.38
20,1719,PITTIENG,EQ,136667,50816,37.18
20,1720,PIXTRANS,EQ,99801,21018,21.06
20,1721,PLASTIBLEN,EQ,18212,10504,57.68
20,1722,PLATIND,EQ,2030686,823875,40.57
20,1723,PLAZACABLE,EQ,82805,34851,42.09
20,1724,PNB,EQ,22543073,8178688,36.28
20,1725,PNBGILTS,EQ,1087108,483115,44.44
20,1726,PNBHOUSING,EQ,1600605,399122,24.94
20,1727,PNC,EQ,160550,80335,50.04
20,1728,PNCINFRA,EQ,330741,123767,37.42
20,1729,POCL,EQ,736689,133132,18.07
20,1730,PODDARMENT,EQ,6883,4143,60.19
20,1731,POKARNA,EQ,62363,22276,35.72
20,1732,POLICYBZR,EQ,291915,137600,47.14
20,1733,POLYCAB,EQ,589561,261576,44.37
20,1734,POLYMED,EQ,48791,20521,42.06
20,1735,POLYPLEX,EQ,91716,42357,46.18
20,1736,POLYSIL,SM,18000,10000,55.56
20,1737,PONNIERODE,EQ,76138,30656,40.26
20,1738,POONAWALLA,EQ,4951635,2868777,57.94
20,1739,POWERGRID,EQ,16271884,8923638,54.84
20,1740,POWERINDIA,EQ,84682,37746,44.57
20,1741,POWERMECH,EQ,33421,12228,36.59
20,1742,PPAP,EQ,33864,21138,62.42
20,1743,PPL,EQ,80609,42467,52.68
20,1744,PPLPHARMA,EQ,6029781,2402360,39.84
20,1745,PRAENG,EQ,317369,271611,85.58
20,1746,PRAJIND,EQ,524404,175020,33.38
20,1747,PRAKASH,EQ,723809,361869,50.00
20,1748,PRATHAM,SM,12800,11200,87.50
20,1749,PRECAM,EQ,227968,89358,39.20
20,1750,PRECISION,SM,36000,34000,94.44
20,1751,PRECWIRE,EQ,684776,285395,41.68
20,1752,PREMIERPOL,EQ,55741,29519,52.96
20,1753,PRESSTONIC,SM,23200,13600,58.62
20,1754,PRESTIGE,EQ,1540843,1093190,70.95
20,1755,PRICOLLTD,EQ,262147,126899,48.41
20,1756,PRIMESECU,EQ,452330,165656,36.62
20,1757,PRINCEPIPE,EQ,41838,20916,49.99
20,1758,PRITI,EQ,17418,10500,60.28
20,1759,PRITIKA,SM,146000,76000,52.05
20,1760,PRITIKAUTO,EQ,757088,604758,79.88
20,1761,PRIVISCL,EQ,26716,13808,51.68
20,1762,PRIZOR,ST,488000,451200,92.46
20,1763,PRLIND,SM,154000,90000,58.44
20,1764,PROLIFE,SM,2500,2500,100.00
20,1765,PROPEQUITY,SM,1800,1200,66.67
20,1766,PROV,SM,960,800,83.33
20,1767,PROZONER,EQ,1276525,522215,40.91
20,1768,PRSMJOHNSN,EQ,150768,67877,45.02
20,1769,PRUDENT,EQ,180007,129717,72.06
20,1770,PRUDMOULI,EQ,61704,53116,86.08
20,1771,PSB,EQ,4655622,1267353,27.22
20,1772,PSPPROJECT,EQ,228134,186927,81.94
20,1773,PSUBANK,EQ,170462,162718,95.46
20,1774,PSUBANKADD,EQ,9854,6800,69.01
20,1775,PSUBNKBEES,EQ,1293611,675666,52.23
20,1776,PSUBNKIETF,EQ,79291,30814,38.86
20,1777,PTC,EQ,2369672,1021002,43.09
20,1778,PTL,EQ,99164,55749,56.22
20,1779,PULZ,SM,18000,15000,83.33
20,1780,PUNJABCHEM,EQ,13220,5420,41.00
20,1781,PURVFLEXI,SM,1600,1600,100.00
20,1782,PVP,EQ,518648,268190,51.71
20,1783,PVRINOX,EQ,748747,253789,33.90
20,1784,PVSL,EQ,42650,20103,47.13
20,1785,PVTBANIETF,EQ,893966,592867,66.32
20,1786,PVTBANKADD,EQ,62899,50939,80.99
20,1787,PYRAMID,EQ,111833,69964,62.56
20,1788,QGOLDHALF,EQ,31139,27673,88.87
20,1789,QMSMEDI,SM,6000,6000,100.00
20,1790,QNIFTY,EQ,328,320,97.56
20,1791,QUADPRO,SM,60000,60000,100.00
20,1792,QUAL30IETF,EQ,170079,131586,77.37
20,1793,QUESS,EQ,2190101,509412,23.26
20,1794,QUESTLAB,SM,15600,12000,76.92
20,1795,QUICKHEAL,EQ,120246,44317,36.86
20,1796,QUICKTOUCH,SM,2500,2000,80.00
20,1797,RACE,EQ,14068,7864,55.90
20,1798,RADHIKAJWE,EQ,3805240,1477183,38.82
20,1799,RADIANTCMS,EQ,174467,105416,60.42
20,1800,RADICO,EQ,516030,315641,61.17
20,1801,RADIOCITY,EQ,393214,160730,40.88
20,1802,RADIOCITY,P1,443,443,100.00
20,1803,RADIOWALLA,SM,4800,4800,100.00
20,1804,RAILTEL,EQ,5943205,1815262,30.54
20,1805,RAIN,EQ,1247400,457479,36.67
20,1806,RAINBOW,EQ,858002,632955,73.77
20,1807,RAJESHEXPO,EQ,530642,183028,34.49
20,1808,RAJMET,EQ,2002094,1185964,59.24
20,1809,RAJRATAN,EQ,14935,7488,50.14
20,1810,RAJSREESUG,EQ,304161,114584,37.67
20,1811,RALLIS,EQ,485158,202873,41.82
20,1812,RAMANEWS,EQ,791043,530256,67.03
20,1813,RAMAPHO,EQ,29519,14865,50.36
20,1814,RAMASTEEL,EQ,10382626,2922913,28.15
20,1815,RAMCOCEM,EQ,952357,330640,34.72
20,1816,RAMCOIND,EQ,81972,47479,57.92
20,1817,RAMCOSYS,EQ,186971,112862,60.36
20,1818,RAMKY,EQ,643924,186118,28.90
20,1819,RAMRAT,EQ,49990,32327,64.67
20,1820,RANASUG,EQ,1678602,558903,33.30
20,1821,RANEENGINE,EQ,14482,8855,61.14
20,1822,RANEHOLDIN,EQ,7924,4441,56.04
20,1823,RATEGAIN,EQ,219888,89920,40.89
20,1824,RATNAMANI,EQ,154628,131112,84.79
20,1825,RATNAVEER,EQ,2682200,902225,33.64
20,1826,RBA,EQ,783980,369444,47.12
20,1827,RBL,EQ,28182,8259,29.31
20,1828,RBLBANK,EQ,25988076,11166064,42.97
20,1829,RBMINFRA,SM,10000,6800,68.00
20,1830,RBS,SM,46400,43200,93.10
20,1831,RCDL,SM,135000,105000,77.78
20,1832,RCF,EQ,6913830,1970729,28.50
20,1833,RECLTD,EQ,7184870,2043739,28.45
20,1834,REDINGTON,EQ,1206797,727848,60.31
20,1835,REDTAPE,EQ,32865,14420,43.88
20,1836,REFEX,EQ,860220,466583,54.24
20,1837,REFRACTORY,ST,72000,68000,94.44
20,1838,RELAXO,EQ,163240,83911,51.40
20,1839,RELCHEMQ,EQ,70178,29699,42.32
20,1840,RELIABLE,EQ,113874,65469,57.49
20,1841,RELIANCE,EQ,6259938,3729490,59.58
20,1842,RELIGARE,EQ,3572440,2091018,58.53
20,1843,RELINFRA,EQ,4506327,1632668,36.23
20,1844,REMSONSIND,EQ,13616,8296,60.93
20,1845,REMUS,SM,2500,1700,68.00
20,1846,RENUKA,EQ,74897734,17221835,22.99
20,1847,REPCOHOME,EQ,98023,45248,46.16
20,1848,REPL,EQ,12581,6370,50.63
20,1849,REPRO,EQ,127967,65481,51.17
20,1850,RESPONIND,EQ,354797,20698,5.83
20,1851,REXPIPES,SM,2000,2000,100.00
20,1852,RGL,EQ,204584,111871,54.68
20,1853,RHIM,EQ,284409,113274,39.83
20,1854,RHL,EQ,7607,3774,49.61
20,1855,RICHA,SM,5000,5000,100.00
20,1856,RICOAUTO,EQ,1946890,659463,33.87
20,1857,RIIL,EQ,134611,40475,30.07
20,1858,RILINFRA,ST,34900,34900,100.00
20,1859,RISHABH,EQ,76142,43596,57.26
20,1860,RITCO,EQ,110232,31684,28.74
20,1861,RITES,EQ,2473228,716306,28.96
20,1862,RKFORGE,EQ,514338,227734,44.28
20,1863,RKSWAMY,EQ,1088453,459633,42.23
20,1864,RMDRIP,SM,10000,8000,80.00
20,1865,RML,EQ,76382,21478,28.12
20,1866,ROCKINGDCE,SM,13500,5000,37.04
20,1867,ROHLTD,EQ,52223,24984,47.84
20,1868,ROLEXRINGS,EQ,72650,63692,87.67
20,1869,ROSSARI,EQ,41823,22836,54.60
20,1870,ROSSELLIND,EQ,172252,75071,43.58
20,1871,ROTO,EQ,808984,302147,37.35
20,1872,ROUTE,EQ,56352,26931,47.79
20,1873,ROXHITECH,SM,52800,38400,72.73
20,1874,RPGLIFE,EQ,40084,12422,30.99
20,1875,RPOWER,EQ,46151809,25971897,56.27
20,1876,RPPINFRA,EQ,3099950,1108317,35.75
20,1877,RPPL,EQ,50274,25546,50.81
20,1878,RPSGVENT,EQ,50176,31524,62.83
20,1879,RPTECH,EQ,207791,97764,47.05
20,1880,RRKABEL,EQ,57724,30839,53.42
20,1881,RSWM,EQ,2040547,697064,34.16
20,1882,RSYSTEMS,EQ,76080,44658,58.70
20,1883,RTNINDIA,EQ,4418991,2153493,48.73
20,1884,RTNPOWER,EQ,24263037,16484503,67.94
20,1885,RUBYMILLS,EQ,24781,12497,50.43
20,1886,RUCHINFRA,EQ,834307,551712,66.13
20,1887,RUCHIRA,EQ,110037,75015,68.17
20,1888,RULKA,ST,7200,7200,100.00
20,1889,RUPA,EQ,150720,58864,39.06
20,1890,RUSHIL,EQ,175196,82609,47.15
20,1891,RUSTOMJEE,EQ,73969,57278,77.44
20,1892,RVHL,EQ,26989,15314,56.74
20,1893,RVNL,EQ,17201205,5187099,30.16
20,1894,SAAKSHI,ST,8400,7200,85.71
20,1895,SABAR,SM,25000,20000,80.00
20,1896,SADBHAV,EQ,351564,191955,54.60
20,1897,SADBHIN,EQ,221446,187167,84.52
20,1898,SADHAV,SM,36000,22800,63.33
20,1899,SADHNANIQ,EQ,225789,114994,50.93
20,1900,SAFARI,EQ,17490,8605,49.20
20,1901,SAGCEM,EQ,83545,47202,56.50
20,1902,SAH,EQ,77489,41056,52.98
20,1903,SAHAJ,SM,4000,4000,100.00
20,1904,SAHAJSOLAR,ST,144800,144800,100.00
20,1905,SAHANA,SM,5250,4250,80.95
20,1906,SAHYADRI,EQ,9713,5232,53.87
20,1907,SAIFL,SM,23200,18400,79.31
20,1908,SAIL,EQ,31653400,10403561,32.87
20,1909,SAKAR,EQ,13148,6951,52.87
20,1910,SAKHTISUG,EQ,1035357,341415,32.98
20,1911,SAKSOFT,EQ,143998,64379,44.71
20,1912,SAKUMA,EQ,4024323,1710948,42.52
20,1913,SALASAR,EQ,2613679,1495825,57.23
20,1914,SALONA,EQ,4991,2720,54.50
20,1915,SALZERELEC,EQ,60091,29053,48.35
20,1916,SAMBHAAV,EQ,130607,76027,58.21
20,1917,SAMHI,EQ,365966,186472,50.95
20,1918,SANDESH,EQ,3280,1716,52.32
20,1919,SANDHAR,EQ,91419,49773,54.44
20,1920,SANDUMA,EQ,208473,91545,43.91
20,1921,SANGAMIND,EQ,123318,58096,47.11
20,1922,SANGHIIND,EQ,345604,178290,51.59
20,1923,SANGHVIMOV,EQ,149437,63211,42.30
20,1924,SANGINITA,EQ,110791,97833,88.30
20,1925,SANOFI,EQ,22530,13428,59.60
20,1926,SANSERA,EQ,85554,47392,55.39
20,1927,SAPPHIRE,EQ,140208,114942,81.98
20,1928,SARDAEN,EQ,615476,295185,47.96
20,1929,SAREGAMA,EQ,171970,70964,41.27
20,1930,SARLAPOLY,EQ,390848,165332,42.30
20,1931,SAROJA,SM,1600,1600,100.00
20,1932,SARTELE,SM,107500,87000,80.93
20,1933,SARVESHWAR,EQ,2454298,1462054,59.57
20,1934,SASKEN,EQ,7243,3140,43.35
20,1935,SASTASUNDR,EQ,58876,37946,64.45
20,1936,SATIA,EQ,594515,306168,51.50
20,1937,SATIN,EQ,261479,110715,42.34
20,1938,SATINDLTD,EQ,1886800,792125,41.98
20,1939,SATIPOLY,ST,2000,2000,100.00
20,1940,SAURASHCEM,EQ,994845,515485,51.82
20,1941,SBC,EQ,1767602,791619,44.78
20,1942,SBCL,EQ,126655,51885,40.97
20,1943,SBFC,EQ,740756,366048,49.42
20,1944,SBGLP,EQ,574495,348150,60.60
20,1945,SBICARD,EQ,2374154,996917,41.99
20,1946,SBIETFCON,EQ,7817,4999,63.95
20,1947,SBIETFIT,EQ,9163,5661,61.78
20,1948,SBIETFPB,EQ,17343,12412,71.57
20,1949,SBIETFQLTY,EQ,1104,739,66.94
20,1950,SBILIFE,EQ,4427012,1503422,33.96
20,1951,SBIN,EQ,9522375,2890970,30.36
20,1952,SBINEQWETF,EQ,17304,13829,79.92
20,1953,SBISILVER,EQ,213295,190350,89.24
20,1954,SCHAEFFLER,EQ,174321,108158,62.05
20,1955,SCHAND,EQ,61827,28244,45.68
20,1956,SCHNEIDER,EQ,211010,123136,58.36
20,1957,SCI,EQ,11552644,4068427,35.22
20,1958,SCILAL,EQ,10700021,3030180,28.32
20,1959,SCML,SM,20000,12000,60.00
20,1960,SCPL,EQ,19630,10043,51.16
20,1961,SDBL,EQ,695247,330584,47.55
20,1962,SDL24BEES,EQ,1151,1150,99.91
20,1963,SDL26BEES,EQ,1846,1032,55.90
20,1964,SEAMECLTD,EQ,136476,76242,55.86
20,1965,SECL,SM,12500,12500,100.00
20,1966,SECMARK,EQ,464,295,63.58
20,1967,SECURKLOUD,EQ,44807,11628,25.95
20,1968,SEL,SM,4400,3600,81.82
20,1969,SELAN,EQ,406518,108415,26.67
20,1970,SELMC,EQ,20070,17618,87.78
20,1971,SENCO,EQ,509625,324813,63.74
20,1972,SENSEXADD,EQ,1028,778,75.68
20,1973,SENSEXETF,EQ,5105,4429,86.76
20,1974,SENSEXIETF,EQ,1519,1286,84.66
20,1975,SEPC,EQ,37987180,16706451,43.98
20,1976,SEQUENT,EQ,1348715,417040,30.92
20,1977,SERVICE,SM,58000,58000,100.00
20,1978,SERVOTECH,EQ,3307674,1361935,41.18
20,1979,SESHAPAPER,EQ,28432,15115,53.16
20,1980,SETF10GILT,EQ,17754,13549,76.32
20,1981,SETFGOLD,EQ,842559,563772,66.91
20,1982,SETFNIF50,EQ,1612841,1566355,97.12
20,1983,SETFNIFBK,EQ,855944,674378,78.79
20,1984,SETFNN50,EQ,156198,151426,96.94
20,1985,SFL,EQ,53007,27705,52.27
20,1986,SFLZC24A,ZB,1,1,100.00
20,1987,SFLZC26A,ZC,125,125,100.00
20,1988,SGBAPR28I,GB,274,230,83.94
20,1989,SGBAUG24,GB,946,827,87.42
20,1990,SGBAUG27,GB,173,113,65.32
20,1991,SGBAUG28V,GB,2366,1906,80.56
20,1992,SGBAUG29V,GB,315,288,91.43
20,1993,SGBAUG30,GB,1112,984,88.49
20,1994,SGBD29VIII,GB,406,324,79.80
20,1995,SGBDC27VII,GB,60,60,100.00
20,1996,SGBDE30III,GB,559,382,68.34
20,1997,SGBDE31III,GB,5964,5500,92.22
20,1998,SGBDEC25,GB,1,1,100.00
20,1999,SGBDEC2512,GB,1,1,100.00
20,2000,SGBDEC2513,GB,13,13,100.00
20,2001,SGBDEC26,GB,38,38,100.00
20,2002,SGBFEB27,GB,15,15,100.00
20,2003,SGBFEB28IX,GB,94,93,98.94
20,2004,SGBFEB29XI,GB,180,161,89.44
20,2005,SGBFEB32IV,GB,3736,3145,84.18
20,2006,SGBJ28VIII,GB,53,53,100.00
20,2007,SGBJAN26,GB,48,45,93.75
20,2008,SGBJAN29IX,GB,496,431,86.90
20,2009,SGBJAN29X,GB,238,224,94.12
20,2010,SGBJAN30IX,GB,317,244,76.97
20,2011,SGBJU29III,GB,239,223,93.31
20,2012,SGBJUL25,GB,104,98,94.23
20,2013,SGBJUL27,GB,317,303,95.58
20,2014,SGBJUL28IV,GB,879,764,86.92
20,2015,SGBJUL29IV,GB,607,463,76.28
20,2016,SGBJUN27,GB,854,543,63.58
20,2017,SGBJUN28,GB,1223,953,77.92
20,2018,SGBJUN29II,GB,318,290,91.19
20,2019,SGBJUN30,GB,243,228,93.83
20,2020,SGBJUN31I,GB,1456,1139,78.23
20,2021,SGBMAR25,GB,97,66,68.04
20,2022,SGBMAR28X,GB,718,673,93.73
20,2023,SGBMAR30X,GB,277,186,67.15
20,2024,SGBMAR31IV,GB,380,345,90.79
20,2025,SGBMAY25,GB,71,67,94.37
20,2026,SGBMAY26,GB,40,21,52.50
20,2027,SGBMAY28,GB,747,704,94.24
20,2028,SGBMAY29I,GB,1633,1472,90.14
20,2029,SGBMR29XII,GB,1313,928,70.68
20,2030,SGBN28VIII,GB,564,396,70.21
20,2031,SGBNOV24,GB,134,128,95.52
20,2032,SGBNOV25,GB,3,2,66.67
20,2033,SGBNOV258,GB,94,91,96.81
20,2034,SGBNOV25IX,GB,18,18,100.00
20,2035,SGBNOV25VI,GB,13,13,100.00
20,2036,SGBNOV26,GB,10,8,80.00
20,2037,SGBNV29VII,GB,376,314,83.51
20,2038,SGBOC28VII,GB,667,480,71.96
20,2039,SGBOCT25,GB,29,28,96.55
20,2040,SGBOCT25IV,GB,27,22,81.48
20,2041,SGBOCT25V,GB,10,10,100.00
20,2042,SGBOCT26,GB,194,149,76.80
20,2043,SGBOCT27VI,GB,242,160,66.12
20,2044,SGBSEP24,GB,210,151,71.90
20,2045,SGBSEP27,GB,358,186,51.96
20,2046,SGBSEP28VI,GB,670,512,76.42
20,2047,SGBSEP29VI,GB,1251,948,75.78
20,2048,SGBSEP31II,GB,2559,1916,74.87
20,2049,SGIL,EQ,38071,22899,60.15
20,2050,SGL,EQ,17144,12468,72.73
20,2051,SHAH,EQ,3911671,2090815,53.45
20,2052,SHAHALLOYS,EQ,9908,6725,67.87
20,2053,SHAILY,EQ,85650,59836,69.86
20,2054,SHALBY,EQ,94169,37132,39.43
20,2055,SHALPAINTS,EQ,107377,61557,57.33
20,2056,SHANKARA,EQ,71572,43301,60.50
20,2057,SHANTHALA,SM,6000,3600,60.00
20,2058,SHANTIGEAR,EQ,22498,11861,52.72
20,2059,SHARDACROP,EQ,914471,392113,42.88
20,2060,SHARDAMOTR,EQ,13476,8376,62.15
20,2061,SHAREINDIA,EQ,652378,394612,60.49
20,2062,SHAREINDIA,W1,4129,3998,96.83
20,2063,SHARIABEES,EQ,2776,1474,53.10
20,2064,SHEETAL,SM,46000,22000,47.83
20,2065,SHEMAROO,EQ,281468,100650,35.76
20,2066,SHERA,SM,73000,56000,76.71
20,2067,SHIGAN,SM,10500,9000,85.71
20,2068,SHILPAMED,EQ,173056,72271,41.76
20,2069,SHIVALIK,EQ,12034,5845,48.57
20,2070,SHIVAMAUTO,EQ,165164,79089,47.89
20,2071,SHIVAMILLS,EQ,70278,27169,38.66
20,2072,SHIVATEX,EQ,94260,56392,59.83
20,2073,SHK,EQ,379099,213623,56.35
20,2074,SHOPERSTOP,EQ,26246,10121,38.56
20,2075,SHREDIGCEM,EQ,428407,220413,51.45
20,2076,SHREECEM,EQ,20756,8912,42.94
20,2077,SHREEKARNI,ST,9000,8400,93.33
20,2078,SHREEOSFM,SM,8000,6000,75.00
20,2079,SHREEPUSHK,EQ,158430,83539,52.73
20,2080,SHREYANIND,EQ,25575,15642,61.16
20,2081,SHREYAS,EQ,157680,46671,29.60
20,2082,SHRIPISTON,EQ,167140,81851,48.97
20,2083,SHRIRAMFIN,EQ,2089082,1301559,62.30
20,2084,SHRIRAMPPS,EQ,917058,411138,44.83
20,2085,SHRITECH,SM,34000,22000,64.71
20,2086,SHUBHLAXMI,SM,11000,8000,72.73
20,2087,SHYAMCENT,EQ,159750,111328,69.69
20,2088,SHYAMMETL,EQ,191186,112185,58.68
20,2089,SIDDHIKA,SM,10000,9000,90.00
20,2090,SIEMENS,EQ,342733,156755,45.74
20,2091,SIGACHI,EQ,9989588,3458337,34.62
20,2092,SIGIND,EQ,72567,44749,61.67
20,2093,SIGMA,EQ,3269,2043,62.50
20,2094,SIGNATURE,EQ,507551,72709,14.33
20,2095,SIGNORIA,SM,2000,2000,100.00
20,2096,SIGNPOST,EQ,54793,28846,52.65
20,2097,SIL,EQ,2996862,1317515,43.96
20,2098,SILGO,EQ,57849,24409,42.19
20,2099,SILINV,EQ,6970,2407,34.53
20,2100,SILKFLEX,SM,292000,164000,56.16
20,2101,SILLYMONKS,EQ,575691,307911,53.49
20,2102,SILVER,EQ,508927,384153,75.48
20,2103,SILVER1,EQ,149836,132400,88.36
20,2104,SILVERADD,EQ,242509,234606,96.74
20,2105,SILVERBEES,EQ,21276178,17198997,80.84
20,2106,SILVERETF,EQ,438566,379206,86.46
20,2107,SILVERIETF,EQ,3081959,2806478,91.06
20,2108,SILVERTUC,EQ,23829,7335,30.78
20,2109,SILVRETF,EQ,71064,67378,94.81
20,2110,SIMPLEXINF,EQ,78735,57352,72.84
20,2111,SINCLAIR,EQ,51976,28790,55.39
20,2112,SINDHUTRAD,EQ,691129,492541,71.27
20,2113,SINTERCOM,EQ,23090,9356,40.52
20,2114,SIRCA,EQ,78125,40227,51.49
20,2115,SIS,EQ,57559,32990,57.32
20,2116,SIYSIL,EQ,38715,17778,45.92
20,2117,SJLOGISTIC,SM,94000,73500,78.19
20,2118,SJS,EQ,30638,17547,57.27
20,2119,SJVN,EQ,9982023,3454534,34.61
20,2120,SKFINDIA,EQ,38290,29183,76.22
20,2121,SKIPPER,EQ,180853,69327,38.33
20,2122,SKIPPERPP,E1,1768,973,55.03
20,2123,SKMEGGPROD,EQ,177331,77685,43.81
20,2124,SKP,SM,2000,1500,75.00
20,2125,SLONE,ST,1600,1600,100.00
20,2126,SMALLCAP,EQ,500854,320587,64.01
20,2127,SMCGLOBAL,EQ,232100,131392,56.61
20,2128,SMLISUZU,EQ,13644,7473,54.77
20,2129,SMLT,EQ,10716,5696,53.15
20,2130,SMSLIFE,EQ,2877,2192,76.19
20,2131,SMSPHARMA,EQ,209833,72131,34.38
20,2132,SMVD,SM,4040,4040,100.00
20,2133,SNOWMAN,EQ,2809647,1193217,42.47
20,2134,SOBHA,EQ,98546,43406,44.05
20,2135,SOBHAPP,E1,2663,2069,77.69
20,2136,SOFTTECH,EQ,8952,4875,54.46
20,2137,SOLARAPP,X1,10221,10146,99.27
20,2138,SOLARINDS,EQ,118953,75746,63.68
20,2139,SOLEX,SM,65400,33400,51.07
20,2140,SOMANYCERA,EQ,15454,9377,60.68
20,2141,SONACOMS,EQ,3355349,1397619,41.65
20,2142,SONAMAC,SM,22000,14000,63.64
20,2143,SONAMLTD,EQ,363568,262217,72.12
20,2144,SONATSOFTW,EQ,935941,376353,40.21
20,2145,SONUINFRA,ST,24000,24000,100.00
20,2146,SOTL,EQ,80671,25454,31.55
20,2147,SOUTHBANK,EQ,16522662,8330816,50.42
20,2148,SOUTHWEST,EQ,82327,49255,59.83
20,2149,SPAL,EQ,28068,6362,22.67
20,2150,SPANDANA,EQ,166381,94820,56.99
20,2151,SPARC,EQ,554934,268411,48.37
20,2152,SPCENET,EQ,1088309,676962,62.20
20,2153,SPCL,SM,88800,52800,59.46
20,2154,SPECIALITY,EQ,16774,8799,52.46
20,2155,SPECTRUM,SM,8000,4750,59.38
20,2156,SPECTSTM,SM,51200,39200,76.56
20,2157,SPENCERS,EQ,257356,130245,50.61
20,2158,SPIC,EQ,1049093,391189,37.29
20,2159,SPLIL,EQ,124295,64815,52.15
20,2160,SPLPETRO,EQ,111513,61675,55.31
20,2161,SPMLINFRA,EQ,92419,69001,74.66
20,2162,SPORTKING,EQ,193116,57588,29.82
20,2163,SPRL,ST,4800,3200,66.67
20,2164,SREEL,EQ,48817,24030,49.22
20,2165,SRF,EQ,1150332,805677,70.04
20,2166,SRGHFL,EQ,6679,4096,61.33
20,2167,SRHHYPOLTD,EQ,128296,68090,53.07
20,2168,SRIVASAVI,SM,14000,9000,64.29
20,2169,SRM,EQ,389624,204599,52.51
20,2170,SSFL,SM,16500,10000,60.61
20,2171,SSWL,EQ,348583,174654,50.10
20,2172,STANLEY,EQ,252944,126990,50.20
20,2173,STAR,EQ,242731,126871,52.27
20,2174,STARCEMENT,EQ,258140,129527,50.18
20,2175,STARHEALTH,EQ,525218,332529,63.31
20,2176,STARPAPER,EQ,31552,13735,43.53
20,2177,STCINDIA,EQ,12589562,962387,7.64
20,2178,STEELCAS,EQ,19342,13838,71.54
20,2179,STEELCITY,EQ,29606,13646,46.09
20,2180,STEELXIND,EQ,12185196,5566144,45.68
20,2181,STEL,EQ,12822,6701,52.26
20,2182,STERTOOLS,EQ,58934,23637,40.11
20,2183,STLTECH,EQ,1614970,731083,45.27
20,2184,STOVEKRAFT,EQ,114609,58579,51.11
20,2185,STYLAMIND,EQ,20955,12846,61.30
20,2186,STYRENIX,EQ,52562,22256,42.34
20,2187,SUBEXLTD,EQ,36829620,10332775,28.06
20,2188,SUBROS,EQ,32956,17066,51.78
20,2189,SUDARSCHEM,EQ,328289,209854,63.92
20,2190,SUKHJITS,EQ,158263,70540,44.57
20,2191,SULA,EQ,226076,104157,46.07
20,2192,SUMICHEM,EQ,309181,148949,48.18
20,2193,SUMMITSEC,EQ,6355,3692,58.10
20,2194,SUNCLAY,EQ,37093,22133,59.67
20,2195,SUNDARMFIN,EQ,16364,6124,37.42
20,2196,SUNDARMHLD,EQ,46900,26812,57.17
20,2197,SUNDRMBRAK,EQ,7536,4665,61.90
20,2198,SUNDRMFAST,EQ,43731,23441,53.60
20,2199,SUNFLAG,EQ,373302,176245,47.21
20,2200,SUNPHARMA,EQ,5329712,3267365,61.30
20,2201,SUNTECK,EQ,619669,162725,26.26
20,2202,SUNTV,EQ,1325153,844829,63.75
20,2203,SUPERHOUSE,EQ,66382,26911,40.54
20,2204,SUPERSPIN,EQ,42829,26804,62.58
20,2205,SUPRAJIT,EQ,111336,52149,46.84
20,2206,SUPREMEIND,EQ,241048,173879,72.13
20,2207,SUPREMEPWR,ST,43000,41000,95.35
20,2208,SUPRIYA,EQ,91937,52343,56.93
20,2209,SURANASOL,EQ,548136,318718,58.15
20,2210,SURANI,SM,6000,4800,80.00
20,2211,SURYALAXMI,EQ,43629,16057,36.80
20,2212,SURYAROSNI,EQ,109068,50949,46.71
20,2213,SURYODAY,EQ,138806,75067,54.08
20,2214,SUTLEJTEX,EQ,545905,274435,50.27
20,2215,SUVEN,EQ,643874,358307,55.65
20,2216,SUVENPHAR,EQ,1542160,1180710,76.56
20,2217,SUVIDHAA,EQ,1013518,741299,73.14
20,2218,SUZLON,EQ,170325709,81887881,48.08
20,2219,SVLL,EQ,130,73,56.15
20,2220,SVPGLOB,EQ,166251,120683,72.59
20,2221,SWANENERGY,EQ,4937679,2939957,59.54
20,2222,SWARAJ,SM,43000,29000,67.44
20,2223,SWARAJENG,EQ,8101,4453,54.97
20,2224,SWASTIK,SM,3600,3600,100.00
20,2225,SWELECTES,EQ,30524,12751,41.77
20,2226,SWSOLAR,EQ,465356,301124,64.71
20,2227,SYLVANPLY,SM,226000,112000,49.56
20,2228,SYMPHONY,EQ,97196,47462,48.83
20,2229,SYNCOMF,EQ,5351927,2509765,46.89
20,2230,SYNGENE,EQ,3470880,1644203,47.37
20,2231,SYNOPTICS,SM,600,600,100.00
20,2232,SYRMA,EQ,331829,159438,48.05
20,2233,SYSTANGO,SM,20000,14400,72.00
20,2234,TAC,SM,24000,18000,75.00
20,2235,TAJGVK,EQ,213181,117164,54.96
20,2236,TAKE,EQ,157926,104754,66.33
20,2237,TALBROAUTO,EQ,224824,101458,45.13
20,2238,TANLA,EQ,231853,118170,50.97
20,2239,TAPIFRUIT,SM,2250,2250,100.00
20,2240,TARACHAND,EQ,12008,7639,63.62
20,2241,TARMAT,EQ,475186,249410,52.49
20,2242,TARSONS,EQ,100458,53203,52.96
20,2243,TASTYBITE,EQ,4746,2563,54.00
20,2244,TATACHEM,EQ,425920,128464,30.16
20,2245,TATACOMM,EQ,287249,151318,52.68
20,2246,TATACONSUM,EQ,2498031,1510075,60.45
20,2247,TATAELXSI,EQ,117635,80441,68.38
20,2248,TATAGOLD,EQ,2963418,2073412,69.97
20,2249,TATAINVEST,EQ,19522,11035,56.53
20,2250,TATAMOTORS,EQ,32766835,10908542,33.29
20,2251,TATAMTRDVR,EQ,5577936,2211933,39.66
20,2252,TATAPOWER,EQ,12474704,5863383,47.00
20,2253,TATASTEEL,EQ,45155876,21204711,46.96
20,2254,TATATECH,EQ,382077,231168,60.50
20,2255,TATSILV,EQ,2591149,2374144,91.63
20,2256,TATVA,EQ,213831,122051,57.08
20,2257,TBI,ST,142800,133200,93.28
20,2258,TBOTEK,EQ,89592,67805,75.68
20,2259,TBZ,EQ,1303595,426615,32.73
20,2260,TCHF30,NB,440,440,100.00
20,2261,TCI,EQ,30780,13253,43.06
20,2262,TCIEXP,EQ,19066,9352,49.05
20,2263,TCL,SM,76000,48800,64.21
20,2264,TCNSBRANDS,EQ,873428,446052,51.07
20,2265,TCPLPACK,EQ,6099,3402,55.78
20,2266,TCS,EQ,2810342,1830024,65.12
20,2267,TDPOWERSYS,EQ,353058,114164,32.34
20,2268,TEAMLEASE,EQ,30781,12932,42.01
20,2269,TECH,EQ,14449,9102,62.99
20,2270,TECHLABS,ST,26000,21000,80.77
20,2271,TECHM,EQ,3283912,1311949,39.95
20,2272,TEGA,EQ,37608,22927,60.96
20,2273,TEJASNET,EQ,443084,245630,55.44
20,2274,TEMBO,EQ,40027,8196,20.48
20,2275,TEXINFRA,EQ,1632974,789801,48.37
20,2276,TEXMOPIPES,EQ,73194,40911,55.89
20,2277,TEXRAIL,EQ,8345396,2763676,33.12
20,2278,TFCILTD,EQ,1636492,578522,35.35
20,2279,TGBHOTELS,EQ,624376,323054,51.74
20,2280,TGL,ST,27600,27600,100.00
20,2281,THANGAMAYL,EQ,206277,76858,37.26
20,2282,THEJO,EQ,13679,8338,60.95
20,2283,THEMISMED,EQ,328535,179743,54.71
20,2284,THERMAX,EQ,35601,19290,54.18
20,2285,THOMASCOOK,EQ,367826,192762,52.41
20,2286,THYROCARE,EQ,1571820,360918,22.96
20,2287,TI,EQ,2537137,812336,32.02
20,2288,TIDEWATER,EQ,222277,72641,32.68
20,2289,TIIL,EQ,9111,4830,53.01
20,2290,TIINDIA,EQ,216651,137704,63.56
20,2291,TIMESCAN,SM,4000,4000,100.00
20,2292,TIMESGTY,EQ,25667,11599,45.19
20,2293,TIMETECHNO,EQ,980621,362847,37.00
20,2294,TIMKEN,EQ,111333,51063,45.87
20,2295,TIPSFILMS,EQ,19809,9531,48.11
20,2296,TIPSINDLTD,EQ,1228752,479093,38.99
20,2297,TIRUMALCHM,EQ,2198845,835413,37.99
20,2298,TIRUPATI,SM,10250,10250,100.00
20,2299,TITAGARH,EQ,781844,389001,49.75
20,2300,TITAN,EQ,1476422,714284,48.38
20,2301,TMB,EQ,89472,56727,63.40
20,2302,TNIDETF,EQ,27277,22633,82.97
20,2303,TNPETRO,EQ,1492890,444981,29.81
20,2304,TNPL,EQ,87688,49236,56.15
20,2305,TOKYOPLAST,EQ,10874,6897,63.43
20,2306,TOP100CASE,EQ,106647,63788,59.81
20,2307,TORNTPHARM,EQ,507075,330572,65.19
20,2308,TORNTPOWER,EQ,159592,60308,37.79
20,2309,TOUCHWOOD,EQ,7281,2904,39.88
20,2310,TPLPLASTEH,EQ,905313,273452,30.21
20,2311,TRACXN,EQ,408384,166809,40.85
20,2312,TRANSTEEL,SM,42000,30000,71.43
20,2313,TRANSWIND,SM,8000,8000,100.00
20,2314,TREEHOUSE,EQ,15970,12955,81.12
20,2315,TREL,EQ,512799,240572,46.91
20,2316,TRENT,EQ,302964,141118,46.58
20,2317,TRIDENT,EQ,13873757,4621685,33.31
20,2318,TRIDHYA,SM,15000,15000,100.00
20,2319,TRITURBINE,EQ,115204,52652,45.70
20,2320,TRIVENI,EQ,559083,172406,30.84
20,2321,TRU,EQ,7894434,832926,10.55
20,2322,TRUST,ST,36000,33600,93.33
20,2323,TTKHLTCARE,EQ,21202,15429,72.77
20,2324,TTKPRESTIG,EQ,70067,41705,59.52
20,2325,TTL,EQ,13360,8501,63.63
20,2326,TTML,EQ,103026162,14326724,13.91
20,2327,TUNWAL,ST,126000,126000,100.00
20,2328,TV18BRDCST,EQ,11487336,6578475,57.27
20,2329,TVSELECT,EQ,126507,87495,69.16
20,2330,TVSHLTD,EQ,5213,2006,38.48
20,2331,TVSMOTOR,EQ,395417,153179,38.74
20,2332,TVSSCS,EQ,2893593,1381981,47.76
20,2333,TVSSRICHAK,EQ,6071,3155,51.97
20,2334,TVTODAY,EQ,182869,93452,51.10
20,2335,UBL,EQ,419567,82749,19.72
20,2336,UCAL,EQ,43762,23718,54.20
20,2337,UCL,SM,4000,4000,100.00
20,2338,UCOBANK,EQ,7828296,2014946,25.74
20,2339,UDAICEMENT,EQ,644147,315380,48.96
20,2340,UDS,EQ,94789,50148,52.90
20,2341,UFLEX,EQ,115169,62473,54.24
20,2342,UFO,EQ,83866,42333,50.48
20,2343,UGARSUGAR,EQ,727119,338291,46.52
20,2344,UGROCAP,EQ,178222,90955,51.03
20,2345,UJJIVANSFB,EQ,19502577,9335622,47.87
20,2346,ULTRACEMCO,EQ,254683,129011,50.66
20,2347,UMA,SM,52000,36000,69.23
20,2348,UMAEXPORTS,EQ,20854,11549,55.38
20,2349,UNICHEMLAB,EQ,10252,3007,29.33
20,2350,UNIDT,EQ,16797,8801,52.40
20,2351,UNIENTER,EQ,1872,1103,58.92
20,2352,UNIHEALTH,SM,3000,3000,100.00
20,2353,UNIINFO,EQ,21192,13340,62.95
20,2354,UNIONBANK,EQ,9428228,4872725,51.68
20,2355,UNIPARTS,EQ,165951,109052,65.71
20,2356,UNITDSPR,EQ,3367113,1637695,48.64
20,2357,UNITEDPOLY,EQ,4982,2244,45.04
20,2358,UNITEDTEA,EQ,22424,12069,53.82
20,2359,UNIVCABLES,EQ,47253,21767,46.06
20,2360,UNIVPHOTO,EQ,1760,1273,72.33
20,2361,UNOMINDA,EQ,338667,149808,44.23
20,2362,UPL,EQ,1833988,605550,33.02
20,2363,URAVI,EQ,1846,1473,79.79
20,2364,URBAN,SM,12000,12000,100.00
20,2365,URJA,EQ,13361973,8266846,61.87
20,2366,USASEEDS,SM,300,300,100.00
20,2367,USHAMART,EQ,473697,253673,53.55
20,2368,UTIAMC,EQ,380859,130376,34.23
20,2369,UTIBANKETF,EQ,81676,70635,86.48
20,2370,UTINEXT50,EQ,64197,25679,40.00
20,2371,UTINIFTETF,EQ,6409,5578,87.03
20,2372,UTISENSETF,EQ,1361,888,65.25
20,2373,UTISXN50,EQ,3865,2598,67.22
20,2374,UTKARSHBNK,EQ,919622,528487,57.47
20,2375,UTTAMSUGAR,EQ,141206,44981,31.85
20,2376,UWCSL,SM,4000,0,0.00
20,2377,VADILALIND,EQ,3226,1507,46.71
20,2378,VAIBHAVGBL,EQ,2949812,1034628,35.07
20,2379,VAISHALI,EQ,216094,125399,58.03
20,2380,VAKRANGEE,EQ,7631873,2786678,36.51
20,2381,VALIANTLAB,EQ,101755,22054,21.67
20,2382,VALIANTORG,EQ,66533,31896,47.94
20,2383,VARDHACRLC,EQ,194155,121747,62.71
20,2384,VARDMNPOLY,EQ,99808,65117,65.24
20,2385,VARROC,EQ,193989,106465,54.88
20,2386,VASA,ST,8000,8000,100.00
20,2387,VASCONEQ,EQ,9609603,3887624,40.46
20,2388,VASWANI,EQ,1071557,495928,46.28
20,2389,VBL,EQ,2521637,1463158,58.02
20,2390,VEDL,EQ,18871603,10947128,58.01
20,2391,VEEKAYEM,SM,2000,2000,100.00
20,2392,VENKEYS,EQ,62554,23863,38.15
20,2393,VENUSPIPES,EQ,279127,101492,36.36
20,2394,VENUSREM,EQ,133572,78077,58.45
20,2395,VERA,SM,6000,6000,100.00
20,2396,VERITAAS,SM,8400,6000,71.43
20,2397,VESUVIUS,EQ,35279,18341,51.99
20,2398,VETO,EQ,1638867,739677,45.13
20,2399,VGUARD,EQ,942872,338831,35.94
20,2400,VHL,EQ,1767,645,36.50
20,2401,VIAZ,SM,2000,2000,100.00
20,2402,VIDHIING,EQ,12364,7100,57.42
20,2403,VIJAYA,EQ,243571,170907,70.17
20,2404,VIKASECO,EQ,11935621,5330508,44.66
20,2405,VIKASLIFE,EQ,14870548,5925855,39.85
20,2406,VILAS,ST,46000,43000,93.48
20,2407,VIMTALABS,EQ,74110,17320,23.37
20,2408,VINATIORGA,EQ,256842,124347,48.41
20,2409,VINDHYATEL,EQ,203320,70074,34.46
20,2410,VINEETLAB,EQ,7893,4632,58.68
20,2411,VINNY,EQ,507948,310343,61.10
20,2412,VINSYS,SM,15000,11500,76.67
20,2413,VINYAS,ST,5600,4800,85.71
20,2414,VINYLINDIA,EQ,30736,12067,39.26
20,2415,VIPIND,EQ,148669,71733,48.25
20,2416,VIPULLTD,EQ,1072874,496386,46.27
20,2417,VIRINCHI,EQ,574673,261127,45.44
20,2418,VISAKAIND,EQ,193085,115457,59.80
20,2419,VISAMAN,SM,9000,9000,100.00
20,2420,VISHNU,EQ,137080,77783,56.74
20,2421,VISHNUINFR,SM,65500,45000,68.70
20,2422,VISHWARAJ,EQ,1817925,451090,24.81
20,2423,VISHWAS,SM,72000,44800,62.22
20,2424,VITAL,ST,114000,109200,95.79
20,2425,VIVIANA,ST,11000,9500,86.36
20,2426,VLEGOV,EQ,520811,277800,53.34
20,2427,VLSFINANCE,EQ,36888,19642,53.25
20,2428,VMARCIND,SM,207000,166000,80.19
20,2429,VMART,EQ,21024,10882,51.76
20,2430,VOLTAMP,EQ,21720,15032,69.21
20,2431,VOLTAS,EQ,817753,458995,56.13
20,2432,VPRPL,EQ,2534863,1112919,43.90
20,2433,VR,SM,4800,0,0.00
20,2434,VRAJ,EQ,210529,90782,43.12
20,2435,VRLLOG,EQ,38776,26038,67.15
20,2436,VSSL,EQ,232353,48471,20.86
20,2437,VSTIND,EQ,391185,128700,32.90
20,2438,VSTTILLERS,EQ,10657,4529,42.50
20,2439,VTL,EQ,315671,126701,40.14
20,2440,WABAG,EQ,944545,332703,35.22
20,2441,WALCHANNAG,EQ,291814,218967,75.04
20,2442,WALPAR,SM,3000,3000,100.00
20,2443,WANBURY,EQ,211842,156617,73.93
20,2444,WEALTH,EQ,21580,11816,54.75
20,2445,WEL,EQ,24171,4935,20.42
20,2446,WELCORP,EQ,1022201,466018,45.59
20,2447,WELENT,EQ,203195,92610,45.58
20,2448,WELINV,EQ,280,151,53.93
20,2449,WELSPUNLIV,EQ,8215036,2953561,35.95
20,2450,WENDT,EQ,243,144,59.26
20,2451,WESTLIFE,EQ,113244,12577,11.11
20,2452,WHEELS,EQ,36815,15979,43.40
20,2453,WHIRLPOOL,EQ,731503,626499,85.65
20,2454,WILLAMAGOR,EQ,18885,14494,76.75
20,2455,WINDLAS,EQ,57505,26556,46.18
20,2456,WINDMACHIN,EQ,456514,268614,58.84
20,2457,WINNY,SM,41000,37000,90.24
20,2458,WINSOL,SM,72000,40000,55.56
20,2459,WIPL,EQ,2925,2278,77.88
20,2460,WIPRO,EQ,10943945,5847757,53.43
20,2461,WOMANCART,ST,8000,8000,100.00
20,2462,WONDERLA,EQ,66647,46086,69.15
20,2463,WORTH,EQ,1183213,426389,36.04
20,2464,WSI,EQ,248382,130233,52.43
20,2465,WSTCSTPAPR,EQ,318317,185951,58.42
20,2466,WTICAB,SM,95000,71000,74.74
20,2467,XCHANGING,EQ,976976,420720,43.06
20,2468,XELPMOC,EQ,20478,8864,43.29
20,2469,XPROINDIA,EQ,31105,21880,70.34
20,2470,YAARI,EQ,306050,251418,82.15
20,2471,YASHO,EQ,6853,3425,49.98
20,2472,YASHOPTICS,SM,32000,25600,80.00
20,2473,YATHARTH,EQ,282383,169900,60.17
20,2474,YATRA,EQ,226229,143110,63.26
20,2475,YCCL,SM,21000,18000,85.71
20,2476,YESBANK,EQ,106791946,35971213,33.68
20,2477,YUDIZ,ST,2400,2400,100.00
20,2478,YUKEN,EQ,11999,7805,65.05
20,2479,ZAGGLE,EQ,1384011,504010,36.42
20,2480,ZEAL,SM,13200,8400,63.64
20,2481,ZEEL,EQ,14302327,5243588,36.66
20,2482,ZEEMEDIA,EQ,8852074,2175752,24.58
20,2483,ZENITHDRUG,SM,552000,257600,46.67
20,2484,ZENSARTECH,EQ,527939,207743,39.35
20,2485,ZENTEC,EQ,218765,146209,66.83
20,2486,ZFCVINDIA,EQ,3227,1691,52.40
20,2487,ZIMLAB,EQ,220882,104859,47.47
20,2488,ZOMATO,EQ,26124437,13916294,53.27
20,2489,ZOTA,EQ,24193,14472,59.82
20,2490,ZTECH,SM,280800,195600,69.66
20,2491,ZUARI,EQ,123043,55018,44.71
20,2492,ZUARIIND,EQ,52490,24952,47.54
20,2493,ZYDUSLIFE,EQ,980665,444642,45.34
20,2494,ZYDUSWELL,EQ,43291,28208,65.16
