Security Wise Delivery Position - Compulsory Rolling Settlement
10,MTO,22042024,1881353718,0002425
Trade Date <22-APR-2024>,Settlement Type <N>
Record Type,Sr No,Name of Security,Quantity Traded,Deliverable Quantity(gross across client level),% of Deliverable Quantity to Traded Quantity
20,1,1018GS2026,GS,568,450,79.23
20,2,182D031024,TB,10100,10100,100.00
20,3,182D040724,TB,1000,1000,100.00
20,4,182D050924,TB,6400,6400,100.00
20,5,182D060624,TB,200,200,100.00
20,6,182D080824,TB,900,900,100.00
20,7,182D090524,TB,400,200,50.00
20,8,182D111024,TB,2500,2500,100.00
20,9,182D120924,TB,11100,11100,100.00
20,10,182D130624,TB,800,800,100.00
20,11,182D150824,TB,4300,4300,100.00
20,12,182D181024,TB,200,200,100.00
20,13,182D190924,TB,6900,6900,100.00
20,14,182D200624,TB,100,100,100.00
20,15,182D220824,TB,3600,3600,100.00
20,16,182D250724,TB,200,200,100.00
20,17,182D260924,TB,300,300,100.00
20,18,182D270624,TB,1000,1000,100.00
20,19,182D290824,TB,3400,3400,100.00
20,20,20MICRONS,EQ,54991,32646,59.37
20,21,360ONE,EQ,507505,315581,62.18
20,22,364D020125,TB,100,100,100.00
20,23,364D030425,TB,800,800,100.00
20,24,364D050924,TB,100,100,100.00
20,25,364D060225,TB,100,100,100.00
20,26,364D060325,TB,100,100,100.00
20,27,364D071124,TB,700,700,100.00
20,28,364D080824,TB,400,400,100.00
20,29,364D110425,TB,10000,10000,100.00
20,30,364D120924,TB,300,300,100.00
20,31,364D121224,TB,1100,1100,100.00
20,32,364D141124,TB,1400,1400,100.00
20,33,364D180425,TB,9700,9700,100.00
20,34,364D200225,TB,600,600,100.00
20,35,364D230125,TB,2300,2300,100.00
20,36,364D241024,TB,1500,1500,100.00
20,37,364D250424,TB,200,200,100.00
20,38,364D261224,TB,1900,1900,100.00
20,39,364D270924,TB,3400,3400,100.00
20,40,364D300125,TB,200,200,100.00
20,41,364D311024,TB,2600,2600,100.00
20,42,3IINFOLTD,EQ,1599837,1026758,64.18
20,43,3MINDIA,EQ,3303,1971,59.67
20,44,515GS2025,GS,1,1,100.00
20,45,522GS2025,GS,100,100,100.00
20,46,574GS2026,GS,306,306,100.00
20,47,577GS2030,GS,200,200,100.00
20,48,585GS2030,GS,17,17,100.00
20,49,5PAISA,EQ,74098,42940,57.95
20,50,618GS2024,GS,208,208,100.00
20,51,622GS2035,GS,100,100,100.00
20,52,63MOONS,EQ,153478,104642,68.18
20,53,654GS2032,GS,57413,57400,99.98
20,54,663TN35,SG,200,200,100.00
20,55,667GS2050,GS,2394,2394,100.00
20,56,669GS2024,GS,6,6,100.00
20,57,676GS2061,GS,200,200,100.00
20,58,699GS2026,GS,1101,1101,100.00
20,59,699GS2051,GS,40,20,50.00
20,60,706GS2028,GS,37641,37641,100.00
20,61,710GS2029,GS,68076,68074,100.00
20,62,716GS2050,GS,1066,1066,100.00
20,63,717GS2030,GS,5527,5527,100.00
20,64,718GS2033,GS,103,103,100.00
20,65,718GS2037,GS,41157,41157,100.00
20,66,723GS2039,GS,2,2,100.00
20,67,725GS2063,GS,140154,138797,99.03
20,68,726GS2032,GS,14402,11827,82.12
20,69,726GS2033,GS,501,500,99.80
20,70,732GS2030,GS,215,215,100.00
20,71,733GS2026,GS,7400,5700,77.03
20,72,736GS2052,GS,3219,3219,100.00
20,73,737GR2054,GS,100,100,100.00
20,74,737GS2028,GS,34887,33837,96.99
20,75,738GS2027,GS,126585,112570,88.93
20,76,73GS2053,GS,11700,11700,100.00
20,77,741GS2036,GS,5372,5367,99.91
20,78,746GS2073,GS,27209,27109,99.63
20,79,74GS2062,GS,1,1,100.00
20,80,754GS2036,GS,419631,419631,100.00
20,81,757GS2033,GS,245,245,100.00
20,82,758GJ32,SG,100,100,100.00
20,83,762GS2039,GS,489,489,100.00
20,84,767KA36,SG,200,200,100.00
20,85,771WB43,SG,100,100,100.00
20,86,772GS2049,GS,163,83,50.92
20,87,777MN38,SG,200,200,100.00
20,88,779PN36,SG,100,100,100.00
20,89,77MH33A,SG,100,100,100.00
20,90,817GS2044,GS,88,88,100.00
20,91,883GS2041,GS,341,341,100.00
20,92,91D020524,TB,25700,25700,100.00
20,93,91D040724,TB,500,500,100.00
20,94,91D090524,TB,1200,1200,100.00
20,95,91D120724,TB,100,100,100.00
20,96,91D130624,TB,500,500,100.00
20,97,91D160524,TB,400,400,100.00
20,98,91D200624,TB,200,200,100.00
20,99,91D230524,TB,200,200,100.00
20,100,91D250424,TB,3700,3700,100.00
20,101,91D270624,TB,100,100,100.00
20,102,91D300524,TB,100,100,100.00
20,103,92GS2030,GS,5373,5083,94.60
20,104,AAATECH,EQ,445291,136396,30.63
20,105,AAKASH,EQ,585574,351807,60.08
20,106,AARON,EQ,7023,5072,72.22
20,107,AARTECH,EQ,159963,89123,55.71
20,108,AARTIDRUGS,EQ,72115,36837,51.08
20,109,AARTIIND,EQ,661930,286778,43.32
20,110,AARTIPHARM,EQ,288383,96099,33.32
20,111,AARTISURF,EQ,56030,23355,41.68
20,112,AARTISURF,P1,31,31,100.00
20,113,AARVEEDEN,EQ,108536,57041,52.55
20,114,AARVI,EQ,31469,14448,45.91
20,115,AATMAJ,SM,72000,36000,50.00
20,116,AAVAS,EQ,118701,61149,51.52
20,117,ABB,EQ,384870,132947,34.54
20,118,ABBOTINDIA,EQ,12690,5102,40.20
20,119,ABCAPITAL,EQ,4141137,1676667,40.49
20,120,ABFRL,EQ,8535230,2635662,30.88
20,121,ABINFRA,SM,12000,8000,66.67
20,122,ABMINTLLTD,EQ,713,326,45.72
20,123,ABSLAMC,EQ,270933,194859,71.92
20,124,ABSLBANETF,EQ,108131,89383,82.66
20,125,ABSLLIQUID,EQ,19130,18517,96.80
20,126,ABSLNN50ET,EQ,10896,8851,81.23
20,127,ACC,EQ,572343,300054,52.43
20,128,ACCELYA,EQ,32320,16060,49.69
20,129,ACCENTMIC,SM,28000,27000,96.43
20,130,ACCORD,SM,14000,12000,85.71
20,131,ACE,EQ,605762,251524,41.52
20,132,ACEINTEG,EQ,7638,4476,58.60
20,133,ACI,EQ,367646,128993,35.09
20,134,ACL,EQ,21953,13827,62.98
20,135,ACLGATI,EQ,396877,192439,48.49
20,136,ACSAL,SM,69000,54000,78.26
20,137,ADANIENSOL,EQ,667886,267205,40.01
20,138,ADANIENT,EQ,993929,502025,50.51
20,139,ADANIGREEN,EQ,346708,205526,59.28
20,140,ADANIPORTS,EQ,8903130,7506568,84.31
20,141,ADANIPOWER,EQ,1264700,753571,59.58
20,142,ADFFOODS,EQ,1304057,553568,42.45
20,143,ADL,EQ,3502,3280,93.66
20,144,ADORWELD,EQ,17591,7244,41.18
20,145,ADROITPP,X1,10750,10750,100.00
20,146,ADSL,EQ,361495,125620,34.75
20,147,ADVANIHOTR,EQ,132941,73851,55.55
20,148,ADVENZYMES,EQ,235819,141800,60.13
20,149,AEGISCHEM,EQ,1067369,308268,28.88
20,150,AEROFLEX,EQ,264717,71524,27.02
20,151,AETHER,EQ,45909,21974,47.86
20,152,AFFLE,EQ,211473,140410,66.40
20,153,AGARIND,EQ,226201,71653,31.68
20,154,AGARWALFT,SM,57000,57000,100.00
20,155,AGI,EQ,114407,51470,44.99
20,156,AGNI,ST,45000,45000,100.00
20,157,AGRITECH,EQ,6175,3777,61.17
20,158,AGROPHOS,EQ,53285,30722,57.66
20,159,AGUL,ST,20000,18000,90.00
20,160,AHL,EQ,235111,210912,89.71
20,161,AHLADA,EQ,21640,14884,68.78
20,162,AHLEAST,EQ,34647,23149,66.81
20,163,AHLUCONT,EQ,187912,71180,37.88
20,164,AIAENG,EQ,41077,31581,76.88
20,165,AILIMITED,SM,12000,12000,100.00
20,166,AIROLAM,EQ,16385,10320,62.98
20,167,AIRTELPP,E1,625784,475701,76.02
20,168,AISL,SM,2400,2400,100.00
20,169,AJANTPHARM,EQ,138405,119625,86.43
20,170,AJMERA,EQ,89076,27577,30.96
20,171,AJOONI,EQ,1556648,787641,50.60
20,172,AKANKSHA,SM,140000,120000,85.71
20,173,AKASH,EQ,24730,19487,78.80
20,174,AKG,EQ,63982,38031,59.44
20,175,AKZOINDIA,EQ,9186,5021,54.66
20,176,ALBERTDAVD,EQ,8644,5504,63.67
20,177,ALEMBICLTD,EQ,722825,312977,43.30
20,178,ALICON,EQ,10581,6287,59.42
20,179,ALKALI,EQ,14955,8755,58.54
20,180,ALKEM,EQ,188465,105810,56.14
20,181,ALKYLAMINE,EQ,32342,12805,39.59
20,182,ALLCARGO,EQ,950417,470295,49.48
20,183,ALLETEC,SM,41600,24800,59.62
20,184,ALLSEC,EQ,14761,9584,64.93
20,185,ALPA,EQ,25632,14705,57.37
20,186,ALPEXSOLAR,SM,33600,33600,100.00
20,187,ALPHA,EQ,286225,207210,72.39
20,188,ALPHAETF,EQ,84281,77869,92.39
20,189,ALPHAGEO,EQ,31596,15753,49.86
20,190,ALPL30IETF,EQ,208437,193139,92.66
20,191,ALUWIND,ST,459000,438000,95.42
20,192,AMBER,EQ,87537,30586,34.94
20,193,AMBICAAGAR,EQ,142533,80043,56.16
20,194,AMBIKCO,EQ,8229,5849,71.08
20,195,AMBUJACEM,EQ,1566507,666383,42.54
20,196,AMDIND,EQ,133451,61775,46.29
20,197,AMEYA,SM,18000,10000,55.56
20,198,AMIABLE,SM,3200,3200,100.00
20,199,AMIORG,EQ,112952,58696,51.97
20,200,AMJLAND,EQ,81450,51938,63.77
20,201,AMNPLST,EQ,44958,32411,72.09
20,202,AMRUTANJAN,EQ,138866,48767,35.12
20,203,ANANDRATHI,EQ,69833,43244,61.92
20,204,ANANTRAJ,EQ,1570594,928667,59.13
20,205,ANDHRAPAP,EQ,35465,22514,63.48
20,206,ANDHRSUGAR,EQ,156652,51529,32.89
20,207,ANGELONE,EQ,727746,332956,45.75
20,208,ANIKINDS,EQ,40839,21248,52.03
20,209,ANKITMETAL,EQ,133881,123204,92.03
20,210,ANLON,SM,19200,16000,83.33
20,211,ANMOL,EQ,769873,377486,49.03
20,212,ANNAPURNA,SM,29500,22500,76.27
20,213,ANUP,EQ,58983,30587,51.86
20,214,ANURAS,EQ,233062,104081,44.66
20,215,APARINDS,EQ,127270,60476,47.52
20,216,APCL,EQ,14422,8140,56.44
20,217,APCOTEXIND,EQ,35532,17709,49.84
20,218,APEX,EQ,80526,39809,49.44
20,219,APLAPOLLO,EQ,179029,118632,66.26
20,220,APLLTD,EQ,61662,30411,49.32
20,221,APOLLO,EQ,1742536,939704,53.93
20,222,APOLLOHOSP,EQ,197001,89384,45.37
20,223,APOLLOPIPE,EQ,17265,9983,57.82
20,224,APOLLOTYRE,EQ,3589441,1023972,28.53
20,225,APOLSINHOT,EQ,975,515,52.82
20,226,APS,SM,24000,24000,100.00
20,227,APTECHT,EQ,181316,77361,42.67
20,228,APTUS,EQ,313117,238297,76.10
20,229,ARABIAN,SM,34000,28000,82.35
20,230,ARCHIDPLY,EQ,42114,27995,66.47
20,231,ARE&M,EQ,4179810,944545,22.60
20,232,ARENTERP,EQ,7059,5729,81.16
20,233,ARHAM,SM,47000,36000,76.60
20,234,ARIES,EQ,43776,20364,46.52
20,235,ARIHANTCAP,EQ,135116,79518,58.85
20,236,ARIHANTSUP,EQ,25665,13190,51.39
20,237,ARISTO,SM,40000,30400,76.00
20,238,ARMANFIN,EQ,20412,11211,54.92
20,239,AROGRANITE,EQ,84512,42090,49.80
20,240,ARROWGREEN,EQ,27239,15255,56.00
20,241,ARTEMISMED,EQ,57381,36571,63.73
20,242,ARVIND,EQ,208008,110853,53.29
20,243,ARVINDFASN,EQ,121409,77791,64.07
20,244,ARVSMART,EQ,43590,16769,38.47
20,245,ASAHIINDIA,EQ,52413,28051,53.52
20,246,ASAHISONG,EQ,14082,7393,52.50
20,247,ASAL,EQ,964576,240285,24.91
20,248,ASALCBR,EQ,46658,21122,45.27
20,249,ASCOM,ST,500,500,100.00
20,250,ASHAPURMIN,EQ,310751,161279,51.90
20,251,ASHIANA,EQ,254594,98977,38.88
20,252,ASHIMASYN,EQ,325991,175479,53.83
20,253,ASHOKA,EQ,1398091,795751,56.92
20,254,ASHOKLEY,EQ,12831083,7327931,57.11
20,255,ASIANENE,EQ,41038,21772,53.05
20,256,ASIANPAINT,EQ,676040,387414,57.31
20,257,ASIANTILES,EQ,456818,242843,53.16
20,258,ASKAUTOLTD,EQ,518733,310245,59.81
20,259,ASMS,EQ,30573,30571,99.99
20,260,ASPINWALL,EQ,6541,1909,29.19
20,261,ASPIRE,SM,884000,348000,39.37
20,262,ASTEC,EQ,23177,10573,45.62
20,263,ASTERDM,EQ,7557820,5291390,70.01
20,264,ASTRAL,EQ,332780,130092,39.09
20,265,ASTRAMICRO,EQ,256106,139454,54.45
20,266,ASTRAZEN,EQ,4879,2059,42.20
20,267,ATALREAL,EQ,997473,781532,78.35
20,268,ATAM,EQ,161720,79982,49.46
20,269,ATFL,EQ,69620,52401,75.27
20,270,ATGL,EQ,517419,221140,42.74
20,271,ATL,EQ,378686,234006,61.79
20,272,ATMASTCO,SM,569600,361600,63.48
20,273,ATUL,EQ,53875,34976,64.92
20,274,ATULAUTO,EQ,65759,34142,51.92
20,275,AUBANK,EQ,4363957,2332603,53.45
20,276,AURDIS,SM,1500,1500,100.00
20,277,AUROIMPEX,SM,14400,12800,88.89
20,278,AUROPHARMA,EQ,1267744,734962,57.97
20,279,AUSOMENT,EQ,7798,4545,58.28
20,280,AUTOAXLES,EQ,19109,13040,68.24
20,281,AUTOBEES,EQ,125699,68641,54.61
20,282,AUTOIETF,EQ,129554,72918,56.28
20,283,AUTOIND,EQ,52642,27933,53.06
20,284,AVADHSUGAR,EQ,59873,27450,45.85
20,285,AVALON,EQ,83281,45509,54.65
20,286,AVANTIFEED,EQ,232711,86482,37.16
20,287,AVG,EQ,36850,20715,56.21
20,288,AVONMORE,EQ,68551,22164,32.33
20,289,AVPINFRA,SM,953600,678400,71.14
20,290,AVROIND,EQ,29313,16568,56.52
20,291,AVTNPL,EQ,123094,61415,49.89
20,292,AWHCL,EQ,122013,55177,45.22
20,293,AWL,EQ,795858,384722,48.34
20,294,AXISBANK,EQ,9410832,5700541,60.57
20,295,AXISBNKETF,EQ,4599,4236,92.11
20,296,AXISBPSETF,EQ,46469,29861,64.26
20,297,AXISCADES,EQ,39034,18461,47.29
20,298,AXISCETF,EQ,817,544,66.59
20,299,AXISGOLD,EQ,96252,69423,72.13
20,300,AXISHCETF,EQ,1721,1481,86.05
20,301,AXISILVER,EQ,43999,27417,62.31
20,302,AXISNIFTY,EQ,2901,2640,91.00
20,303,AXISTECETF,EQ,4532,4361,96.23
20,304,AXITA,EQ,1621272,720466,44.44
20,305,AXSENSEX,EQ,2051,1762,85.91
20,306,AYMSYNTEX,EQ,52385,29197,55.74
20,307,AZAD,EQ,164604,98150,59.63
20,308,BABAFP,SM,32000,20800,65.00
20,309,BAHETI,SM,9000,7500,83.33
20,310,BAIDFIN,EQ,56365,35820,63.55
20,311,BAJAJ-AUTO,EQ,323734,118609,36.64
20,312,BAJAJCON,EQ,297111,171544,57.74
20,313,BAJAJELEC,EQ,56818,32804,57.74
20,314,BAJAJFINSV,EQ,703167,366305,52.09
20,315,BAJAJHCARE,EQ,44701,20096,44.96
20,316,BAJAJHIND,EQ,14229035,5058216,35.55
20,317,BAJAJHLDNG,EQ,36625,20253,55.30
20,318,BAJEL,EQ,3017125,1149394,38.10
20,319,BAJFINANCE,EQ,1165272,639431,54.87
20,320,BALAJITELE,EQ,128439,100048,77.90
20,321,BALAMINES,EQ,36814,13824,37.55
20,322,BALAXI,EQ,7649,5408,70.70
20,323,BALKRISIND,EQ,107992,48375,44.79
20,324,BALMLAWRIE,EQ,364850,160724,44.05
20,325,BALPHARMA,EQ,8143,6740,82.77
20,326,BALRAMCHIN,EQ,2260096,1011618,44.76
20,327,BANARBEADS,EQ,6155,1743,28.32
20,328,BANARISUG,EQ,923,564,61.11
20,329,BANCOINDIA,EQ,37822,16242,42.94
20,330,BANDHANBNK,EQ,13392591,6499445,48.53
20,331,BANKBARODA,EQ,9419094,3206585,34.04
20,332,BANKBEES,EQ,612365,347678,56.78
20,333,BANKBETF,EQ,3904,2804,71.82
20,334,BANKETF,EQ,2170,1181,54.42
20,335,BANKETFADD,EQ,73103,63484,86.84
20,336,BANKIETF,EQ,347961,197026,56.62
20,337,BANKINDIA,EQ,9355760,4133107,44.18
20,338,BANKNIFTY1,EQ,359866,317679,88.28
20,339,BANSWRAS,EQ,32676,23466,71.81
20,340,BARBEQUE,EQ,40822,27207,66.65
20,341,BASF,EQ,24820,13022,52.47
20,342,BASILIC,SM,99600,48000,48.19
20,343,BASML,EQ,87979,35049,39.84
20,344,BATAINDIA,EQ,520748,221638,42.56
20,345,BAWEJA,SM,24000,20800,86.67
20,346,BAYERCROP,EQ,14152,7375,52.11
20,347,BBETF0432,EQ,2131,2122,99.58
20,348,BBL,EQ,58954,29251,49.62
20,349,BBNPPGOLD,EQ,349,329,94.27
20,350,BBOX,EQ,311440,203057,65.20
20,351,BBTC,EQ,564236,135522,24.02
20,352,BBTCL,EQ,5309,3417,64.36
20,353,BCG,EQ,21062648,7060710,33.52
20,354,BCLIND,EQ,1462021,594901,40.69
20,355,BDL,EQ,672524,267954,39.84
20,356,BEARDSELL,EQ,64482,38170,59.19
20,357,BECTORFOOD,EQ,176239,89193,50.61
20,358,BEL,EQ,17549094,8328861,47.46
20,359,BEML,EQ,105353,35339,33.54
20,360,BEPL,EQ,3998238,1464336,36.62
20,361,BERGEPAINT,EQ,1908717,871473,45.66
20,362,BESTAGRO,EQ,14088,8981,63.75
20,363,BETA,SM,3100,2600,83.87
20,364,BEWLTD,SM,1375,1125,81.82
20,365,BFINVEST,EQ,886559,141059,15.91
20,366,BFSI,EQ,282454,143465,50.79
20,367,BFUTILITIE,EQ,1168584,186809,15.99
20,368,BHAGCHEM,EQ,21064,11727,55.67
20,369,BHAGERIA,EQ,70311,31190,44.36
20,370,BHAGYANGR,EQ,232047,130812,56.37
20,371,BHANDARI,EQ,620804,351851,56.68
20,372,BHARATFORG,EQ,757775,289546,38.21
20,373,BHARATGEAR,EQ,26700,16167,60.55
20,374,BHARATRAS,EQ,1293,814,62.95
20,375,BHARATWIRE,EQ,76456,54270,70.98
20,376,BHARTIARTL,EQ,7894656,5062598,64.13
20,377,BHARTIHEXA,EQ,3677669,943961,25.67
20,378,BHEL,EQ,12338668,4901431,39.72
20,379,BHINVIT,IV,357599,309559,86.57
20,380,BIGBLOC,EQ,1034884,325549,31.46
20,381,BIKAJI,EQ,93933,56746,60.41
20,382,BIL,EQ,11437,7272,63.58
20,383,BIOCON,EQ,8601670,4301286,50.01
20,384,BIOFILCHEM,EQ,564197,307966,54.58
20,385,BIRET,RR,131520,121867,92.66
20,386,BIRLACABLE,EQ,566330,140165,24.75
20,387,BIRLACORPN,EQ,136210,70095,51.46
20,388,BLAL,EQ,252790,121820,48.19
20,389,BLISSGVS,EQ,297829,145556,48.87
20,390,BLKASHYAP,EQ,494907,373370,75.44
20,391,BLS,EQ,1418685,443180,31.24
20,392,BLSE,EQ,303895,118695,39.06
20,393,BLUEDART,EQ,26984,13637,50.54
20,394,BLUEJET,EQ,157894,110703,70.11
20,395,BLUEPEBBLE,SM,52800,40000,75.76
20,396,BLUESTARCO,EQ,1014933,606788,59.79
20,397,BMETRICS,SM,5200,3600,69.23
20,398,BODALCHEM,EQ,508705,242586,47.69
20,399,BOMDYEING,EQ,1065263,552382,51.85
20,400,BOROLTD,EQ,85317,48127,56.41
20,401,BORORENEW,EQ,273585,122366,44.73
20,402,BOSCHLTD,EQ,32663,13135,40.21
20,403,BPCL,EQ,8762809,2320176,26.48
20,404,BPL,EQ,198260,94874,47.85
20,405,BRIGADE,EQ,330128,160223,48.53
20,406,BRIGHT,SM,180000,135000,75.00
20,407,BRITANNIA,EQ,321925,214302,66.57
20,408,BRITANNIA,N3,2929,2729,93.17
20,409,BSE,EQ,556708,279344,50.18
20,410,BSE500IETF,EQ,117729,65584,55.71
20,411,BSHSL,EQ,12664,10436,82.41
20,412,BSL,EQ,18550,17593,94.84
20,413,BSLGOLDETF,EQ,277297,263922,95.18
20,414,BSLNIFTY,EQ,128328,71939,56.06
20,415,BSLSENETFG,EQ,2832,1531,54.06
20,416,BSOFT,EQ,2233611,726662,32.53
20,417,BTML,EQ,10212969,3269706,32.02
20,418,BURNPUR,EQ,286187,184574,64.49
20,419,BUTTERFLY,EQ,2436,1511,62.03
20,420,BYKE,EQ,67699,50569,74.70
20,421,CADSYS,SM,22000,18000,81.82
20,422,CALSOFT,EQ,43597,30823,70.70
20,423,CAMLINFINE,EQ,830267,321896,38.77
20,424,CAMPUS,EQ,455846,257144,56.41
20,425,CAMS,EQ,336986,135301,40.15
20,426,CANARYS,SM,708000,532000,75.14
20,427,CANBK,EQ,10489215,3867434,36.87
20,428,CANFINHOME,EQ,305781,151156,49.43
20,429,CANTABIL,EQ,80405,31494,39.17
20,430,CAPACITE,EQ,2201958,867493,39.40
20,431,CAPITALSFB,EQ,47999,31355,65.32
20,432,CAPLIPOINT,EQ,74419,40762,54.77
20,433,CAPTRUST,EQ,83188,26719,32.12
20,434,CARBORUNIV,EQ,101127,50509,49.95
20,435,CARERATING,EQ,40661,25302,62.23
20,436,CARTRADE,EQ,44741,22656,50.64
20,437,CARYSIL,EQ,87548,43549,49.74
20,438,CASTROLIND,EQ,2627366,1102828,41.97
20,439,CBAZAAR,SM,48000,24000,50.00
20,440,CCL,EQ,159273,89200,56.00
20,441,CDSL,EQ,1768212,595264,33.66
20,442,CEATLTD,EQ,112328,30215,26.90
20,443,CELEBRITY,EQ,614379,397648,64.72
20,444,CELLECOR,SM,436800,250800,57.42
20,445,CELLO,EQ,949770,464388,48.89
20,446,CELLPOINT,SM,20400,18000,88.24
20,447,CENTENKA,EQ,24156,14491,59.99
20,448,CENTRALBK,EQ,13443977,5382646,40.04
20,449,CENTRUM,EQ,1817205,1067242,58.73
20,450,CENTUM,EQ,72766,27633,37.98
20,451,CENTURYPLY,EQ,251410,192753,76.67
20,452,CENTURYTEX,EQ,631769,173023,27.39
20,453,CERA,EQ,10413,4818,46.27
20,454,CESC,EQ,6155080,2754210,44.75
20,455,CGCL,EQ,290751,76437,26.29
20,456,CGPOWER,EQ,1992375,1177945,59.12
20,457,CGRAPHICS,ST,38400,38400,100.00
20,458,CHALET,EQ,210645,65846,31.26
20,459,CHAMBLFERT,EQ,633534,240944,38.03
20,460,CHAVDA,SM,478000,302000,63.18
20,461,CHEMBOND,EQ,7940,4952,62.37
20,462,CHEMCON,EQ,19657,11080,56.37
20,463,CHEMFAB,EQ,8471,5305,62.63
20,464,CHEMPLASTS,EQ,92343,43420,47.02
20,465,CHENNPETRO,EQ,649866,186681,28.73
20,466,CHEVIOT,EQ,1899,1489,78.41
20,467,CHOICEIN,EQ,2091452,792349,37.89
20,468,CHOLAFIN,EQ,1111419,655725,59.00
20,469,CHOLAFIN,N0,105,105,100.00
20,470,CHOLAFIN,N2,25,25,100.00
20,471,CHOLAFIN,N3,500,500,100.00
20,472,CHOLAFIN,N6,90,90,100.00
20,473,CHOLAFIN,N7,300,150,50.00
20,474,CHOLAFIN,NC,10,10,100.00
20,475,CHOLAHLDNG,EQ,67328,30478,45.27
20,476,CIEINDIA,EQ,250029,141112,56.44
20,477,CIGNITITEC,EQ,134084,69324,51.70
20,478,CINELINE,EQ,52538,35790,68.12
20,479,CINEVISTA,EQ,77161,39264,50.89
20,480,CIPLA,EQ,974434,642719,65.96
20,481,CLEAN,EQ,70111,39984,57.03
20,482,CLEDUCATE,EQ,119592,92696,77.51
20,483,CLOUD,SM,168000,114000,67.86
20,484,CLSEL,EQ,56362,25715,45.62
20,485,CLSL,SM,18000,12000,66.67
20,486,CMMIPL,ST,27000,24000,88.89
20,487,CMNL,SM,21000,16500,78.57
20,488,CMRSL,SM,9600,8800,91.67
20,489,CMSINFO,EQ,485524,265478,54.68
20,490,COALINDIA,EQ,6396926,2376393,37.15
20,491,COASTCORP,EQ,39394,21154,53.70
20,492,COCHINSHIP,EQ,1597916,447592,28.01
20,493,COFFEEDAY,EQ,5270578,1887231,35.81
20,494,COFORGE,EQ,332642,168474,50.65
20,495,COLPAL,EQ,249401,161951,64.94
20,496,COMMITTED,SM,16000,16000,100.00
20,497,COMMOIETF,EQ,35282,16507,46.79
20,498,COMPUSOFT,EQ,47075,31496,66.91
20,499,COMSYN,EQ,10231,3579,34.98
20,500,CONCOR,EQ,1124453,498559,44.34
20,501,CONCORDBIO,EQ,96969,54450,56.15
20,502,CONFIPET,EQ,1201119,506846,42.20
20,503,CONS,EQ,1062,1030,96.99
20,504,CONSOFINVT,EQ,49427,30075,60.85
20,505,CONSUMBEES,EQ,34375,22425,65.24
20,506,CONSUMIETF,EQ,4836,2941,60.81
20,507,CONTI,SM,6666,6666,100.00
20,508,CONTROLPR,EQ,17130,10883,63.53
20,509,COROMANDEL,EQ,532890,262144,49.19
20,510,COSMOFIRST,EQ,20873,13062,62.58
20,511,COUNCODOS,EQ,225723,154292,68.35
20,512,CPS,SM,600,600,100.00
20,513,CPSEETF,EQ,2558427,2042656,79.84
20,514,CRAFTSMAN,EQ,28359,17677,62.33
20,515,CRAYONS,SM,14000,14000,100.00
20,516,CREATIVE,EQ,42651,24419,57.25
20,517,CREDITACC,EQ,101171,69156,68.36
20,518,CREDITACC,N5,97,97,100.00
20,519,CREDITACC,ND,49,49,100.00
20,520,CREST,EQ,12881,9944,77.20
20,521,CRISIL,EQ,67233,45674,67.93
20,522,CROMPTON,EQ,6505420,3311388,50.90
20,523,CSBBANK,EQ,390291,263446,67.50
20,524,CSLFINANCE,EQ,21345,11451,53.65
20,525,CUB,EQ,3968026,2687521,67.73
20,526,CUMMINSIND,EQ,365623,98314,26.89
20,527,CYBERTECH,EQ,84096,41085,48.85
20,528,CYIENT,EQ,367059,239518,65.25
20,529,CYIENTDLM,EQ,141247,85416,60.47
20,530,DABUR,EQ,1208372,822147,68.04
20,531,DALBHARAT,EQ,162081,86040,53.08
20,532,DALMIASUG,EQ,90727,32350,35.66
20,533,DAMODARIND,EQ,62433,30104,48.22
20,534,DANGEE,EQ,197108,104030,52.78
20,535,DATAMATICS,EQ,89751,25281,28.17
20,536,DATAPATTNS,EQ,694556,137219,19.76
20,537,DAVANGERE,EQ,447331,338444,75.66
20,538,DBL,EQ,239304,92153,38.51
20,539,DBOL,EQ,172900,92084,53.26
20,540,DBREALTY,EQ,4303969,2127020,49.42
20,541,DBSTOCKBRO,EQ,9387,5621,59.88
20,542,DCAL,EQ,525363,172203,32.78
20,543,DCBBANK,EQ,819368,487450,59.49
20,544,DCG,ST,193200,177600,91.93
20,545,DCI,EQ,12238,8291,67.75
20,546,DCM,EQ,40654,16783,41.28
20,547,DCMNVL,EQ,43853,25108,57.25
20,548,DCMSHRIRAM,EQ,19513,10910,55.91
20,549,DCMSRIND,EQ,324370,168604,51.98
20,550,DCW,EQ,1763786,733022,41.56
20,551,DCXINDIA,EQ,362596,186115,51.33
20,552,DECCANCE,EQ,14828,9305,62.75
20,553,DEEM,SM,116000,105000,90.52
20,554,DEEPAKFERT,EQ,287712,117735,40.92
20,555,DEEPAKNTR,EQ,244590,77820,31.82
20,556,DEEPENR,EQ,29660,17872,60.26
20,557,DEEPINDS,EQ,165229,77810,47.09
20,558,DELAPLEX,SM,25200,18000,71.43
20,559,DELHIVERY,EQ,1301530,701421,53.89
20,560,DELPHIFX,EQ,16338,12891,78.90
20,561,DELTACORP,EQ,809660,339797,41.97
20,562,DELTAMAGNT,EQ,11045,7657,69.33
20,563,DEN,EQ,1223079,608007,49.71
20,564,DENEERS,SM,1800,1800,100.00
20,565,DENORA,EQ,104524,31490,30.13
20,566,DENTALKART,SM,9250,6250,67.57
20,567,DESTINY,SM,3000,3000,100.00
20,568,DEVIT,EQ,20140,12557,62.35
20,569,DEVYANI,EQ,2253086,1260408,55.94
20,570,DGCONTENT,EQ,73104,65106,89.06
20,571,DHAMPURSUG,EQ,294282,120513,40.95
20,572,DHANI,EQ,13754260,2551258,18.55
20,573,DHANILOANS,NF,225,225,100.00
20,574,DHANILOANS,NV,7,7,100.00
20,575,DHANILOANS,NZ,10,10,100.00
20,576,DHANUKA,EQ,59405,23508,39.57
20,577,DHARMAJ,EQ,61028,36800,60.30
20,578,DHTL,SM,19200,12800,66.67
20,579,DHUNINV,EQ,8708,3583,41.15
20,580,DIAMINESQ,EQ,15891,8356,52.58
20,581,DIAMONDYD,EQ,18569,10618,57.18
20,582,DICIND,EQ,2956,2436,82.41
20,583,DIGIKORE,SM,8000,6400,80.00
20,584,DIGISPICE,EQ,88681,49275,55.56
20,585,DIL,EQ,645081,271287,42.05
20,586,DISHTV,EQ,15036853,4213766,28.02
20,587,DIVGIITTS,EQ,49528,23673,47.80
20,588,DIVISLAB,EQ,439590,217731,49.53
20,589,DIVOPPBEES,EQ,25780,17385,67.44
20,590,DIXON,EQ,474249,169197,35.68
20,591,DJML,EQ,331530,169755,51.20
20,592,DLF,EQ,2662369,1272750,47.81
20,593,DLINKINDIA,EQ,355700,116641,32.79
20,594,DMART,EQ,257706,140389,54.48
20,595,DMCC,EQ,185517,82940,44.71
20,596,DODLA,EQ,43336,18616,42.96
20,597,DOLATALGO,EQ,2291941,1175739,51.30
20,598,DOLLAR,EQ,60489,35960,59.45
20,599,DOLLEX,SM,36000,20000,55.56
20,600,DOMS,EQ,87017,34689,39.86
20,601,DONEAR,EQ,299784,124690,41.59
20,602,DPABHUSHAN,EQ,7315,3603,49.25
20,603,DPSCLTD,EQ,288835,225198,77.97
20,604,DPWIRES,EQ,38110,16026,42.05
20,605,DRCSYSTEMS,EQ,477543,419727,87.89
20,606,DREAMFOLKS,EQ,142635,73257,51.36
20,607,DRONE,SM,590000,401000,67.97
20,608,DRREDDY,EQ,333457,198566,59.55
20,609,DSSL,EQ,273461,99084,36.23
20,610,DTIL,EQ,2620,1753,66.91
20,611,DUCOL,SM,1600,1600,100.00
20,612,DUGLOBAL,SM,12500,10000,80.00
20,613,DVL,EQ,35230,23180,65.80
20,614,DWARKESH,EQ,1390203,609789,43.86
20,615,DYCL,EQ,116534,47024,40.35
20,616,DYNAMATECH,EQ,16163,7187,44.47
20,617,DYNAMIC,SM,19000,19000,100.00
20,618,DYNPRO,EQ,10069,5303,52.67
20,619,EASEMYTRIP,EQ,15202084,5285694,34.77
20,620,EBBETF0425,EQ,3909,2825,72.27
20,621,EBBETF0430,EQ,6944,6571,94.63
20,622,EBBETF0431,EQ,52114,50746,97.37
20,623,EBBETF0433,EQ,17579,7629,43.40
20,624,ECLERX,EQ,66049,35624,53.94
20,625,ECLFINANCE,NJ,130,75,57.69
20,626,ECLFINANCE,NR,100,100,100.00
20,627,EDELWEISS,EQ,7753206,2884565,37.20
20,628,EFACTOR,SM,16000,16000,100.00
20,629,EFORCE,SM,76800,49200,64.06
20,630,EGOLD,EQ,2331,1521,65.25
20,631,EICHERMOT,EQ,781218,322691,41.31
20,632,EIDPARRY,EQ,274470,131006,47.73
20,633,EIFFL,EQ,21762,18957,87.11
20,634,EIHAHOTELS,EQ,28966,15471,53.41
20,635,EIHOTEL,EQ,637445,343422,53.87
20,636,EKC,EQ,420304,213767,50.86
20,637,ELDEHSG,EQ,34394,18093,52.61
20,638,ELECON,EQ,1329578,599380,45.08
20,639,ELECTCAST,EQ,6045900,2798907,46.29
20,640,ELGIEQUIP,EQ,171720,96234,56.04
20,641,ELGIRUBCO,EQ,25541,16126,63.14
20,642,ELIN,EQ,522695,253438,48.49
20,643,EMAMILTD,EQ,171098,101974,59.60
20,644,EMAMIPAP,EQ,29885,16989,56.85
20,645,EMAMIREAL,EQ,77837,54490,70.01
20,646,EMBASSY,RR,804277,590578,73.43
20,647,EMIL,EQ,163599,108823,66.52
20,648,EMKAY,EQ,189139,106688,56.41
20,649,EMKAYTOOLS,SM,300,300,100.00
20,650,EMMBI,EQ,21499,10965,51.00
20,651,EMSLIMITED,EQ,241378,135854,56.28
20,652,EMUDHRA,EQ,181914,76602,42.11
20,653,ENDURANCE,EQ,30350,18980,62.54
20,654,ENERGYDEV,EQ,218781,125738,57.47
20,655,ENFUSE,SM,90000,63600,70.67
20,656,ENGINERSIN,EQ,2682239,937302,34.94
20,657,ENIL,EQ,169020,43037,25.46
20,658,ENSER,SM,124000,116000,93.55
20,659,ENTERO,EQ,55632,32706,58.79
20,660,EPACK,EQ,1619941,608344,37.55
20,661,EPIGRAL,EQ,487278,135719,27.85
20,662,EPL,EQ,314997,167994,53.33
20,663,EQUAL50ADD,EQ,6322,5313,84.04
20,664,EQUITASBNK,EQ,2045415,1121397,54.82
20,665,ERFLNCDI,N6,15,15,100.00
20,666,ERIS,EQ,41772,25777,61.71
20,667,EROSMEDIA,EQ,288502,133402,46.24
20,668,ESABINDIA,EQ,3029,1340,44.24
20,669,ESAFSFB,EQ,1230440,615072,49.99
20,670,ESCONET,SM,150400,80000,53.19
20,671,ESCORTS,EQ,469842,117420,24.99
20,672,ESFL,SM,3600,1200,33.33
20,673,ESG,EQ,33533,17764,52.97
20,674,ESILVER,EQ,5602,3603,64.32
20,675,ESSARSHPNG,EQ,1136705,640693,56.36
20,676,ESTER,EQ,1985689,843469,42.48
20,677,ETHOSLTD,EQ,26116,14578,55.82
20,678,EUROBOND,SM,12000,5000,41.67
20,679,EVEREADY,EQ,264766,82552,31.18
20,680,EVERESTIND,EQ,10363,2762,26.65
20,681,EXCELINDUS,EQ,24964,14163,56.73
20,682,EXICOM,EQ,3804127,1120671,29.46
20,683,EXIDEIND,EQ,22247019,4333728,19.48
20,684,EXPLEOSOL,EQ,9078,5292,58.29
20,685,EXXARO,EQ,28334,18443,65.09
20,686,FACT,EQ,486678,82856,17.02
20,687,FAIRCHEMOR,EQ,53894,24975,46.34
20,688,FAZE3Q,EQ,20270,14678,72.41
20,689,FCL,EQ,240047,104023,43.33
20,690,FCSSOFT,EQ,7150513,3775517,52.80
20,691,FDC,EQ,44580,24543,55.05
20,692,FEDERALBNK,EQ,12152983,5517875,45.40
20,693,FEDFINA,EQ,114596,75593,65.96
20,694,FELIX,ST,15000,14000,93.33
20,695,FIBERWEB,EQ,174724,67982,38.91
20,696,FIDEL,SM,7000,6000,85.71
20,697,FIEMIND,EQ,28314,15525,54.83
20,698,FILATEX,EQ,1293357,453316,35.05
20,699,FINCABLES,EQ,72346,34556,47.76
20,700,FINEORG,EQ,20851,12830,61.53
20,701,FINIETF,EQ,165387,57597,34.83
20,702,FINOPB,EQ,56942,38191,67.07
20,703,FINPIPE,EQ,393069,197997,50.37
20,704,FIVESTAR,EQ,214846,134195,62.46
20,705,FLAIR,EQ,186086,111283,59.80
20,706,FLUOROCHEM,EQ,293037,159414,54.40
20,707,FMCGIETF,EQ,40877,30383,74.33
20,708,FMGOETZE,EQ,94646,51616,54.54
20,709,FOCE,SM,200,200,100.00
20,710,FOCUS,EQ,67722,27234,40.21
20,711,FONEBOX,SM,14000,12000,85.71
20,712,FOODSIN,EQ,415197,195040,46.98
20,713,FORCEMOT,EQ,364926,62726,17.19
20,714,FORTIS,EQ,2366953,1973302,83.37
20,715,FOSECOIND,EQ,3807,2028,53.27
20,716,FROG,SM,17200,12400,72.09
20,717,FSL,EQ,1486612,682557,45.91
20,718,FUSION,EQ,181623,111879,61.60
20,719,GABRIEL,EQ,161922,82944,51.22
20,720,GAEL,EQ,332457,143891,43.28
20,721,GAIL,EQ,36002648,15037842,41.77
20,722,GALAXYSURF,EQ,23375,13313,56.95
20,723,GANDHAR,EQ,166826,99789,59.82
20,724,GANDHITUBE,EQ,5949,3399,57.14
20,725,GANECOS,EQ,46225,26407,57.13
20,726,GANESHBE,EQ,167655,115041,68.62
20,727,GANESHHOUC,EQ,93765,57240,61.05
20,728,GANGESSECU,EQ,62220,29358,47.18
20,729,GARFIBRES,EQ,17833,12286,68.89
20,730,GATEWAY,EQ,793395,506248,63.81
20,731,GEECEE,EQ,13504,10491,77.69
20,732,GEEKAYWIRE,EQ,59134,42307,71.54
20,733,GENCON,EQ,42125,23327,55.38
20,734,GENESYS,EQ,182360,76382,41.89
20,735,GENSOL,EQ,50334,43473,86.37
20,736,GENUSPAPER,EQ,550322,205683,37.38
20,737,GENUSPOWER,EQ,1021947,611644,59.85
20,738,GEOJITFSL,EQ,1202083,572481,47.62
20,739,GEPIL,EQ,711114,282588,39.74
20,740,GESHIP,EQ,552135,269570,48.82
20,741,GFLLIMITED,EQ,340337,159284,46.80
20,742,GHCL,EQ,149476,75326,50.39
20,743,GHCLTEXTIL,EQ,204712,107630,52.58
20,744,GICHSGFIN,EQ,132032,67672,51.25
20,745,GICL,SM,21000,18000,85.71
20,746,GICRE,EQ,494016,182695,36.98
20,747,GILLETTE,EQ,19965,15035,75.31
20,748,GILT5YBEES,EQ,186538,149303,80.04
20,749,GINNIFILA,EQ,137758,118559,86.06
20,750,GIPCL,EQ,656566,363733,55.40
20,751,GKWLIMITED,EQ,2920,2322,79.52
20,752,GLAND,EQ,86990,47933,55.10
20,753,GLAXO,EQ,209647,118563,56.55
20,754,GLENMARK,EQ,260452,73901,28.37
20,755,GLOBALPET,SM,10500,7500,71.43
20,756,GLOBE,EQ,2155460,1689021,78.36
20,757,GLOBUSSPR,EQ,90881,33456,36.81
20,758,GLS,EQ,109398,66105,60.43
20,759,GMBREW,EQ,83776,45048,53.77
20,760,GMDCLTD,EQ,1070449,389712,36.41
20,761,GMMPFAUDLR,EQ,131526,80870,61.49
20,762,GMRINFRA,EQ,13243769,5967833,45.06
20,763,GMRP&UI,EQ,15643596,8316819,53.16
20,764,GNA,EQ,40280,21124,52.44
20,765,GNFC,EQ,795857,247390,31.08
20,766,GOACARBON,EQ,225419,57969,25.72
20,767,GOCLCORP,EQ,144274,75544,52.36
20,768,GOCOLORS,EQ,42595,27504,64.57
20,769,GODFRYPHLP,EQ,22258,10399,46.72
20,770,GODREJAGRO,EQ,111176,60655,54.56
20,771,GODREJCP,EQ,700862,490801,70.03
20,772,GODREJIND,EQ,118138,61132,51.75
20,773,GODREJPROP,EQ,514682,267722,52.02
20,774,GOKEX,EQ,76951,37704,49.00
20,775,GOKULAGRO,EQ,144813,87521,60.44
20,776,GOLD1,EQ,589166,501724,85.16
20,777,GOLDBEES,EQ,8180384,4634383,56.65
20,778,GOLDCASE,EQ,720216,480400,66.70
20,779,GOLDETF,EQ,114553,83074,72.52
20,780,GOLDETFADD,EQ,24154,23250,96.26
20,781,GOLDIAM,EQ,320725,143932,44.88
20,782,GOLDIETF,EQ,1351297,810014,59.94
20,783,GOLDSHARE,EQ,182844,136430,74.62
20,784,GOLDSTAR,SM,213750,191250,89.47
20,785,GOLDTECH,EQ,10800,4566,42.28
20,786,GOODLUCK,EQ,82730,49917,60.34
20,787,GOPAL,EQ,206544,150923,73.07
20,788,GOYALSALT,SM,69000,51000,73.91
20,789,GPIL,EQ,849793,329576,38.78
20,790,GPPL,EQ,2334535,1120308,47.99
20,791,GPTHEALTH,EQ,219175,93360,42.60
20,792,GPTINFRA,EQ,57073,33687,59.02
20,793,GRANULES,EQ,435404,141617,32.53
20,794,GRAPHISAD,SM,34800,27600,79.31
20,795,GRAPHITE,EQ,2009338,509953,25.38
20,796,GRASIM,EQ,445671,256541,57.56
20,797,GRASIMPP,E1,11070,9678,87.43
20,798,GRAVITA,EQ,179178,161167,89.95
20,799,GREAVESCOT,EQ,554318,276053,49.80
20,800,GREENCHEF,SM,18400,15200,82.61
20,801,GREENLAM,EQ,150455,61318,40.76
20,802,GREENPANEL,EQ,159619,83791,52.49
20,803,GREENPLY,EQ,207117,94352,45.55
20,804,GRINDWELL,EQ,10853,6639,61.17
20,805,GRINFRA,EQ,50662,26213,51.74
20,806,GRMOVER,EQ,255842,116133,45.39
20,807,GROBTEA,EQ,4360,3065,70.30
20,808,GRPLTD,EQ,204,108,52.94
20,809,GRSE,EQ,403899,139875,34.63
20,810,GRWRHITECH,EQ,18541,11385,61.40
20,811,GSEC10IETF,EQ,103,100,97.09
20,812,GSEC10YEAR,EQ,551,547,99.27
20,813,GSEC5IETF,EQ,1498,1461,97.53
20,814,GSFC,EQ,7179929,2235610,31.14
20,815,GSLSU,EQ,142768,50225,35.18
20,816,GSPL,EQ,31045742,15034790,48.43
20,817,GSTL,SM,11000,8000,72.73
20,818,GTLINFRA,EQ,35778564,24470109,68.39
20,819,GTPL,EQ,47926,20829,43.46
20,820,GUFICBIO,EQ,70520,34050,48.28
20,821,GUJALKALI,EQ,34432,16734,48.60
20,822,GUJGASLTD,EQ,1719258,727852,42.34
20,823,GULFOILLUB,EQ,78141,36057,46.14
20,824,GULFPETRO,EQ,101999,59658,58.49
20,825,GULPOLY,EQ,248606,135109,54.35
20,826,GVKPIL,EQ,2398320,1391454,58.02
20,827,GVPTECH,EQ,80429,69650,86.60
20,828,HAL,EQ,1337755,610094,45.61
20,829,HAPPSTMNDS,EQ,217917,106182,48.73
20,830,HAPPYFORGE,EQ,424494,259926,61.23
20,831,HARDWYN,EQ,404818,286895,70.87
20,832,HARIOMPIPE,EQ,41693,20909,50.15
20,833,HARRMALAYA,EQ,51625,31160,60.36
20,834,HARSHA,EQ,112487,53365,47.44
20,835,HATHWAY,EQ,7199739,2756354,38.28
20,836,HATSUN,EQ,70699,41991,59.39
20,837,HAVELLS,EQ,1567505,712520,45.46
20,838,HBLPOWER,EQ,669139,340546,50.89
20,839,HBSL,EQ,8451,5827,68.95
20,840,HCC,EQ,19505168,10525440,53.96
20,841,HCG,EQ,149984,101167,67.45
20,842,HCL-INSYS,EQ,234667,161512,68.83
20,843,HCLTECH,EQ,1939632,1281464,66.07
20,844,HDFCAMC,EQ,766944,245015,31.95
20,845,HDFCBANK,EQ,21149219,11996190,56.72
20,846,HDFCBSE500,EQ,18312,10568,57.71
20,847,HDFCGOLD,EQ,2275172,1850346,81.33
20,848,HDFCGROWTH,EQ,2875,2051,71.34
20,849,HDFCLIFE,EQ,3076888,1714774,55.73
20,850,HDFCLIQUID,EQ,1305,880,67.43
20,851,HDFCLOWVOL,EQ,42749,28048,65.61
20,852,HDFCMID150,EQ,147804,99570,67.37
20,853,HDFCMOMENT,EQ,111401,97391,87.42
20,854,HDFCNEXT50,EQ,24360,15834,65.00
20,855,HDFCNIF100,EQ,22173,15067,67.95
20,856,HDFCNIFBAN,EQ,38432,22737,59.16
20,857,HDFCNIFIT,EQ,67259,61134,90.89
20,858,HDFCNIFTY,EQ,23505,17666,75.16
20,859,HDFCPSUBK,EQ,7325,4808,65.64
20,860,HDFCPVTBAN,EQ,52944,39484,74.58
20,861,HDFCQUAL,EQ,3055,2304,75.42
20,862,HDFCSENSEX,EQ,15013,12774,85.09
20,863,HDFCSILVER,EQ,341290,283128,82.96
20,864,HDFCSML250,EQ,238882,173698,72.71
20,865,HDFCVALUE,EQ,6542,6059,92.62
20,866,HEADSUP,EQ,689893,463980,67.25
20,867,HEALTHADD,EQ,11,11,100.00
20,868,HEALTHIETF,EQ,15004,8182,54.53
20,869,HEALTHY,EQ,151027,105535,69.88
20,870,HECPROJECT,EQ,15315,10747,70.17
20,871,HEG,EQ,585815,130325,22.25
20,872,HEIDELBERG,EQ,156675,90040,57.47
20,873,HEMIPROP,EQ,1846506,648663,35.13
20,874,HERANBA,EQ,42395,22440,52.93
20,875,HERCULES,EQ,63569,19808,31.16
20,876,HERITGFOOD,EQ,281134,163017,57.99
20,877,HEROMOTOCO,EQ,619635,261911,42.27
20,878,HESTERBIO,EQ,3645,2358,64.69
20,879,HEUBACHIND,EQ,35152,14951,42.53
20,880,HEXATRADEX,EQ,9625,5394,56.04
20,881,HFCL,EQ,12262973,4447641,36.27
20,882,HGINFRA,EQ,115821,52736,45.53
20,883,HGS,EQ,94552,15672,16.58
20,884,HIGREEN,SM,99200,70400,70.97
20,885,HIKAL,EQ,4057577,1132391,27.91
20,886,HIL,EQ,12381,6732,54.37
20,887,HILTON,EQ,120851,41719,34.52
20,888,HIMATSEIDE,EQ,159610,89325,55.96
20,889,HINDALCO,EQ,6503652,3697134,56.85
20,890,HINDCOMPOS,EQ,3767,2449,65.01
20,891,HINDCOPPER,EQ,38708175,8448533,21.83
20,892,HINDMOTORS,EQ,20498216,7985119,38.96
20,893,HINDOILEXP,EQ,1342845,556763,41.46
20,894,HINDPETRO,EQ,10777370,3060975,28.40
20,895,HINDUNILVR,EQ,1804108,1402425,77.74
20,896,HINDWAREAP,EQ,143424,98054,68.37
20,897,HINDZINC,EQ,3212026,1038414,32.33
20,898,HIRECT,EQ,320916,124605,38.83
20,899,HISARMETAL,EQ,7460,3805,51.01
20,900,HITECH,EQ,715253,395712,55.32
20,901,HITECHCORP,EQ,81615,40836,50.03
20,902,HITECHGEAR,EQ,32673,30164,92.32
20,903,HLEGLAS,EQ,144071,34857,24.19
20,904,HLVLTD,EQ,522928,346136,66.19
20,905,HMAAGRO,EQ,467131,210464,45.05
20,906,HMVL,EQ,158026,72011,45.57
20,907,HNDFDS,EQ,34387,18185,52.88
20,908,HNGSNGBEES,EQ,65819,56431,85.74
20,909,HOLMARC,SM,3000,3000,100.00
20,910,HOMEFIRST,EQ,194581,132981,68.34
20,911,HOMESFY,SM,15300,14100,92.16
20,912,HONASA,EQ,474292,205555,43.34
20,913,HONAUT,EQ,3849,1218,31.64
20,914,HONDAPOWER,EQ,3395,1857,54.70
20,915,HOVS,EQ,30582,20740,67.82
20,916,HPAL,EQ,532297,237749,44.66
20,917,HPL,EQ,215485,93658,43.46
20,918,HRHNEXT,SM,114000,90000,78.95
20,919,HTMEDIA,EQ,503350,297888,59.18
20,920,HUDCO,EQ,5288133,1777651,33.62
20,921,HUDCO,N2,1281,281,21.94
20,922,HUDCO,N8,333,332,99.70
20,923,HUDCO,N9,100,100,100.00
20,924,HUDCO,NE,105,105,100.00
20,925,HUHTAMAKI,EQ,1064513,307153,28.85
20,926,IBLFL,SM,46000,40000,86.96
20,927,IBREALEST,EQ,10470886,3673392,35.08
20,928,IBUCCREDIT,NB,16,16,100.00
20,929,IBUCCREDIT,ND,89,89,100.00
20,930,IBUCCREDIT,NJ,10,10,100.00
20,931,IBUCCREDIT,NO,1,1,100.00
20,932,IBUCCREDIT,NZ,63,63,100.00
20,933,IBULHSG,N9,1,1,100.00
20,934,IBULHSG,NT,15,15,100.00
20,935,IBULHSG,Y1,12,11,91.67
20,936,IBULHSG,YG,10,5,50.00
20,937,IBULHSG,YO,10,10,100.00
20,938,IBULHSG,YQ,14,14,100.00
20,939,IBULHSGFIN,AR,25,25,100.00
20,940,IBULHSGFIN,AX,13,11,84.62
20,941,IBULHSGFIN,EQ,7739899,2548786,32.93
20,942,IBULHSGFIN,N0,3,3,100.00
20,943,IBULHSGFIN,NA,228,189,82.89
20,944,IBULHSGFIN,NE,5,5,100.00
20,945,IBULHSGFIN,NO,7,7,100.00
20,946,IBULHSGFIN,YA,19,19,100.00
20,947,IBULHSGFIN,ZW,10,10,100.00
20,948,IBULHSGFIN,ZY,10,10,100.00
20,949,IBULPP,E1,1115228,880471,78.95
20,950,ICEMAKE,EQ,10993,5941,54.04
20,951,ICICIB22,EQ,925360,726279,78.49
20,952,ICICIBANK,EQ,10346714,6324415,61.12
20,953,ICICIGI,EQ,539679,300286,55.64
20,954,ICICIPRULI,EQ,796586,335982,42.18
20,955,ICIL,EQ,304910,171154,56.13
20,956,ICRA,EQ,9428,6096,64.66
20,957,IDBI,EQ,5049480,1895826,37.54
20,958,IDEA,EQ,1682040033,611612790,36.36
20,959,IDEAFORGE,EQ,181055,94831,52.38
20,960,IDFC,EQ,3861316,1886355,48.85
20,961,IDFCFIRSTB,EQ,33425530,10757224,32.18
20,962,IDFNIFTYET,EQ,1176,1174,99.83
20,963,IEL,EQ,206862,144325,69.77
20,964,IEX,EQ,5002481,2170993,43.40
20,965,IFBAGRO,EQ,3287,1524,46.36
20,966,IFBIND,EQ,322492,136332,42.27
20,967,IFCI,EQ,6288193,2693638,42.84
20,968,IFCI,NH,1025,1025,100.00
20,969,IFCI,NI,480,480,100.00
20,970,IFCI,NL,18,18,100.00
20,971,IFGLEXPOR,EQ,7457,3682,49.38
20,972,IGARASHI,EQ,77835,36766,47.24
20,973,IGL,EQ,2913512,1687544,57.92
20,974,IGPL,EQ,34669,18764,54.12
20,975,IIFCL,N1,300,300,100.00
20,976,IIFCL,N4,537,537,100.00
20,977,IIFL,EQ,1515097,874343,57.71
20,978,IIFL,N6,8,6,75.00
20,979,IIFL,N7,97,97,100.00
20,980,IIFL,NC,200,200,100.00
20,981,IIFL,NE,186,186,100.00
20,982,IIFL,NF,340,308,90.59
20,983,IIFL,NG,4,2,50.00
20,984,IIFL,NJ,101,101,100.00
20,985,IIFL,NK,50,50,100.00
20,986,IIFL,NL,76,75,98.68
20,987,IIFL,NO,12,11,91.67
20,988,IIFL,NP,40,40,100.00
20,989,IIFL,NQ,50,50,100.00
20,990,IIFL,NR,150,150,100.00
20,991,IIFL,NS,434,434,100.00
20,992,IIFL,NV,400,200,50.00
20,993,IIFL,NZ,65,65,100.00
20,994,IIFL,Y0,63,63,100.00
20,995,IIFLSAMFIN,N3,61,60,98.36
20,996,IIFLSAMFIN,N4,280,280,100.00
20,997,IIFLSAMFIN,N5,46,46,100.00
20,998,IIFLSEC,EQ,1164566,769312,66.06
20,999,IIHFL,N4,253,253,100.00
20,1000,IIHFL,N5,444,444,100.00
20,1001,IIHFL,N7,668,668,100.00
20,1002,IIHFL,NC,1,1,100.00
20,1003,IIHFL,NE,39,39,100.00
20,1004,IITL,EQ,9093,8361,91.95
20,1005,IKIO,EQ,113210,60331,53.29
20,1006,IMAGICAA,EQ,1696510,823005,48.51
20,1007,IMC1,N0,1,1,100.00
20,1008,IMC1,N1,3,2,66.67
20,1009,IMC1,N2,32,31,96.88
20,1010,IMC1,N3,3,1,33.33
20,1011,IMFA,EQ,98478,33035,33.55
20,1012,IMPAL,EQ,2028,1418,69.92
20,1013,INCREDFIN,N4,94,94,100.00
20,1014,INDBANK,EQ,258878,92364,35.68
20,1015,INDHOTEL,EQ,3414434,1515667,44.39
20,1016,INDIACEM,EQ,3609838,1438875,39.86
20,1017,INDIAGLYCO,EQ,34395,18376,53.43
20,1018,INDIAMART,EQ,190530,61928,32.50
20,1019,INDIANB,EQ,853510,475901,55.76
20,1020,INDIANCARD,EQ,3345,1882,56.26
20,1021,INDIANHUME,EQ,67402,25347,37.61
20,1022,INDIASHLTR,EQ,24760,12937,52.25
20,1023,INDIFRA,SM,16000,16000,100.00
20,1024,INDIGO,EQ,1274812,541561,42.48
20,1025,INDIGOPNTS,EQ,25308,12774,50.47
20,1026,INDIGRID,IV,197590,159487,80.72
20,1027,INDIGRID,NH,20,20,100.00
20,1028,INDIGRID,NJ,2131,2131,100.00
20,1029,INDIGRID,NL,123,123,100.00
20,1030,INDNIPPON,EQ,15515,8541,55.05
20,1031,INDOAMIN,EQ,94593,54613,57.73
20,1032,INDOBORAX,EQ,63977,33773,52.79
20,1033,INDOCO,EQ,98574,63275,64.19
20,1034,INDORAMA,EQ,350884,71910,20.49
20,1035,INDOSTAR,EQ,842287,382453,45.41
20,1036,INDOTECH,EQ,23579,21846,92.65
20,1037,INDRAMEDCO,EQ,1591543,1175908,73.88
20,1038,INDSWFTLAB,EQ,371558,156886,42.22
20,1039,INDTERRAIN,EQ,212155,89358,42.12
20,1040,INDUSINDBK,EQ,2887202,1665836,57.70
20,1041,INDUSTOWER,EQ,18832015,7874249,41.81
20,1042,INFIBEAM,EQ,25640147,8343495,32.54
20,1043,INFINIUM,SM,3000,3000,100.00
20,1044,INFOBEAN,EQ,10771,4957,46.02
20,1045,INFOLLION,SM,12800,11200,87.50
20,1046,INFRABEES,EQ,17348,10484,60.43
20,1047,INFRAIETF,EQ,55378,32771,59.18
20,1048,INFY,EQ,5859087,3924563,66.98
20,1049,INGERRAND,EQ,20227,7856,38.84
20,1050,INM,SM,5400,4800,88.89
20,1051,INNOVACAP,EQ,14055,7148,50.86
20,1052,INNOVANA,SM,1000,800,80.00
20,1053,INNOVATIVE,ST,36000,30000,83.33
20,1054,INOXINDIA,EQ,502210,195882,39.00
20,1055,INOXWIND,EQ,1400058,609797,43.56
20,1056,INSECTICID,EQ,60940,29425,48.29
20,1057,INSPIRE,SM,62000,56000,90.32
20,1058,INTELLECT,EQ,272237,56936,20.91
20,1059,INTLCONV,EQ,488230,177524,36.36
20,1060,IOB,EQ,13884169,3640486,26.22
20,1061,IOC,EQ,19022799,6613692,34.77
20,1062,IOLCP,EQ,200414,77162,38.50
20,1063,IONEXCHANG,EQ,307997,140743,45.70
20,1064,IPCALAB,EQ,269676,149109,55.29
20,1065,IPL,EQ,381486,196085,51.40
20,1066,IRB,EQ,12180791,5019581,41.21
20,1067,IRBINVIT,IV,241167,216903,89.94
20,1068,IRCON,EQ,4618139,1918471,41.54
20,1069,IRCTC,EQ,1465887,546822,37.30
20,1070,IREDA,EQ,62935305,19381669,30.80
20,1071,IREDA,N5,20,20,100.00
20,1072,IRFC,EQ,23609150,7915689,33.53
20,1073,IRFC,N2,607,607,100.00
20,1074,IRFC,N4,6,3,50.00
20,1075,IRFC,NA,1,1,100.00
20,1076,IRFC,NC,49,49,100.00
20,1077,IRFC,NE,824,824,100.00
20,1078,IRFC,NI,1079,1079,100.00
20,1079,IRFC,NJ,469,408,86.99
20,1080,IRFC,NK,2,0,0.00
20,1081,IRFC,NN,555,450,81.08
20,1082,IRFC,NO,2095,1390,66.35
20,1083,IRIS,EQ,116270,64480,55.46
20,1084,IRISDOREME,EQ,70475,58437,82.92
20,1085,IRMENERGY,EQ,2771883,436951,15.76
20,1086,ISEC,EQ,1012235,580406,57.34
20,1087,ISFT,EQ,612295,205961,33.64
20,1088,ISGEC,EQ,115628,49896,43.15
20,1089,ISHAN,ST,1488000,1104000,74.19
20,1090,ISMTLTD,EQ,443765,206641,46.57
20,1091,IT,EQ,81006,72096,89.00
20,1092,ITALIANE,SM,20000,14000,70.00
20,1093,ITBEES,EQ,7913821,5922998,74.84
20,1094,ITC,EQ,7112139,4721465,66.39
20,1095,ITDC,EQ,171534,60463,35.25
20,1096,ITDCEM,EQ,475135,283109,59.58
20,1097,ITETF,EQ,90972,71492,78.59
20,1098,ITETFADD,EQ,34027,21800,64.07
20,1099,ITI,EQ,22381623,1516551,6.78
20,1100,ITIETF,EQ,492195,232341,47.21
20,1101,IVC,EQ,243073,179033,73.65
20,1102,IVZINGOLD,EQ,250,209,83.60
20,1103,IVZINNIFTY,EQ,25,21,84.00
20,1104,IZMO,EQ,43783,34549,78.91
20,1105,JAGRAN,EQ,226971,129736,57.16
20,1106,JAGSNPHARM,EQ,95990,45020,46.90
20,1107,JAICORPLTD,EQ,854003,601393,70.42
20,1108,JAINAM,SM,12000,12000,100.00
20,1109,JALAN,SM,138000,111000,80.43
20,1110,JAMNAAUTO,EQ,3857218,1750446,45.38
20,1111,JASH,EQ,7188,4411,61.37
20,1112,JAYAGROGN,EQ,24734,12931,52.28
20,1113,JAYBARMARU,EQ,285125,131797,46.22
20,1114,JAYNECOIND,EQ,241257,150929,62.56
20,1115,JAYSREETEA,EQ,39796,19789,49.73
20,1116,JBCHEPHARM,EQ,212672,179761,84.52
20,1117,JBMA,EQ,108634,61976,57.05
20,1118,JCHAC,EQ,182053,83988,46.13
20,1119,JETFREIGHT,EQ,124229,87615,70.53
20,1120,JETKNIT,SM,1500,1500,100.00
20,1121,JFLLIFE,SM,36000,36000,100.00
20,1122,JGCHEM,EQ,701013,285609,40.74
20,1123,JINDALPHOT,EQ,111213,34816,31.31
20,1124,JINDALPOLY,EQ,52294,12892,24.65
20,1125,JINDALSAW,EQ,641835,404473,63.02
20,1126,JINDALSTEL,EQ,1754331,483129,27.54
20,1127,JINDRILL,EQ,69846,30085,43.07
20,1128,JINDWORLD,EQ,25956,10963,42.24
20,1129,JIOFIN,EQ,48640726,18742190,38.53
20,1130,JISLDVREQS,EQ,69940,41692,59.61
20,1131,JISLJALEQS,EQ,4144504,1915304,46.21
20,1132,JIWANRAM,SM,24000,24000,100.00
20,1133,J&KBANK,EQ,2894038,1376941,47.58
20,1134,JKCEMENT,EQ,459557,285160,62.05
20,1135,JKIL,EQ,120685,73715,61.08
20,1136,JKLAKSHMI,EQ,116458,61611,52.90
20,1137,JKPAPER,EQ,271949,150891,55.49
20,1138,JKTYRE,EQ,775660,388678,50.11
20,1139,JLHL,EQ,36086,28942,80.20
20,1140,JMFINANCIL,EQ,1553174,614952,39.59
20,1141,JOCIL,EQ,3866,2260,58.46
20,1142,JPASSOCIAT,EQ,27405070,12976171,47.35
20,1143,JPOLYINVST,EQ,61773,22650,36.67
20,1144,JSFB,EQ,286315,169824,59.31
20,1145,JSL,EQ,1638191,745246,45.49
20,1146,JSLL,SM,43200,34740,80.42
20,1147,JSWENERGY,EQ,4322386,1796820,41.57
20,1148,JSWHL,EQ,12664,3069,24.23
20,1149,JSWINFRA,EQ,2115960,1086018,51.33
20,1150,JSWSTEEL,EQ,1584578,723706,45.67
20,1151,JTEKTINDIA,EQ,403062,189354,46.98
20,1152,JTLIND,EQ,421633,248004,58.82
20,1153,JUBLFOOD,EQ,2061010,1274030,61.82
20,1154,JUBLINDS,EQ,11235,5856,52.12
20,1155,JUBLINGREA,EQ,639186,295061,46.16
20,1156,JUBLPHARMA,EQ,590601,170587,28.88
20,1157,JUNIORBEES,EQ,119324,73410,61.52
20,1158,JUNIPER,EQ,69136,33783,48.86
20,1159,JUSTDIAL,EQ,3636889,756364,20.80
20,1160,JWL,EQ,2523193,1048610,41.56
20,1161,JYOTHYLAB,EQ,127890,42619,33.32
20,1162,JYOTICNC,EQ,554173,323090,58.30
20,1163,K2INFRA,ST,58800,46800,79.59
20,1164,KABRAEXTRU,EQ,1117720,197336,17.66
20,1165,KAJARIACER,EQ,173690,121264,69.82
20,1166,KAKATCEM,EQ,6682,4235,63.38
20,1167,KALAMANDIR,EQ,200433,112556,56.16
20,1168,KALYANIFRG,EQ,3454,2600,75.28
20,1169,KALYANKJIL,EQ,1372201,771451,56.22
20,1170,KAMATHOTEL,EQ,84605,55171,65.21
20,1171,KAMDHENU,EQ,31544,21979,69.68
20,1172,KAMOPAINTS,EQ,426771,243941,57.16
20,1173,KANORICHEM,EQ,46396,21814,47.02
20,1174,KANPRPLA,EQ,20704,13175,63.64
20,1175,KANSAINER,EQ,174062,112626,64.70
20,1176,KAPSTON,EQ,10789,5278,48.92
20,1177,KARNIKA,SM,22400,17600,78.57
20,1178,KARURVYSYA,EQ,1712504,868020,50.69
20,1179,KAUSHALYA,EQ,316,299,94.62
20,1180,KAVVERITEL,EQ,18300,16228,88.68
20,1181,KAYA,EQ,9550,6489,67.95
20,1182,KAYNES,EQ,115450,79457,68.82
20,1183,KBCGLOBAL,EQ,18011020,11127625,61.78
20,1184,KCEIL,SM,60000,48000,80.00
20,1185,KCK,ST,24000,24000,100.00
20,1186,KCP,EQ,425069,236888,55.73
20,1187,KCPSUGIND,EQ,1110327,383542,34.54
20,1188,KDDL,EQ,17292,6659,38.51
20,1189,KDL,SM,3600,3600,100.00
20,1190,KEC,EQ,1170539,298852,25.53
20,1191,KECL,EQ,780434,367028,47.03
20,1192,KEEPLEARN,EQ,16563,15900,96.00
20,1193,KEI,EQ,160608,61211,38.11
20,1194,KEL,SM,4800,3600,75.00
20,1195,KELLTONTEC,EQ,542521,246237,45.39
20,1196,KERNEX,EQ,53893,38273,71.02
20,1197,KESORAMIND,EQ,347087,175631,50.60
20,1198,KFINTECH,EQ,261437,149341,57.12
20,1199,KHADIM,EQ,11071,5724,51.70
20,1200,KHAICHEM,EQ,223028,97946,43.92
20,1201,KHAITANLTD,EQ,2552,1931,75.67
20,1202,KHANDSE,EQ,28547,21152,74.10
20,1203,KHFM,SM,12400,3100,25.00
20,1204,KICL,EQ,120982,31765,26.26
20,1205,KILITCH,EQ,10627,7553,71.07
20,1206,KIMS,EQ,15794,8264,52.32
20,1207,KINGFA,EQ,4526,3199,70.68
20,1208,KIOCL,EQ,252565,84702,33.54
20,1209,KIRIINDUS,EQ,83145,44597,53.64
20,1210,KIRLOSBROS,EQ,133031,60295,45.32
20,1211,KIRLOSENG,EQ,540908,303802,56.17
20,1212,KIRLOSIND,EQ,2433,1240,50.97
20,1213,KIRLPNU,EQ,133644,84023,62.87
20,1214,KITEX,EQ,85601,41639,48.64
20,1215,KKCL,EQ,44140,27323,61.90
20,1216,KLL,SM,148800,118400,79.57
20,1217,KMSUGAR,EQ,19859174,4295586,21.63
20,1218,KNAGRI,SM,21600,14400,66.67
20,1219,KNRCON,EQ,465180,169726,36.49
20,1220,KODYTECH,SM,24800,16800,67.74
20,1221,KOHINOOR,EQ,121357,73101,60.24
20,1222,KOKUYOCMLN,EQ,45146,24675,54.66
20,1223,KOLTEPATIL,EQ,112331,55161,49.11
20,1224,KONSTELEC,SM,74000,42000,56.76
20,1225,KONTOR,SM,6000,6000,100.00
20,1226,KOPRAN,EQ,116993,60961,52.11
20,1227,KORE,SM,12000,10500,87.50
20,1228,KOTAKBANK,EQ,6151139,4478473,72.81
20,1229,KOTARISUG,EQ,449643,218667,48.63
20,1230,KOTHARIPET,EQ,50017,23216,46.42
20,1231,KOTHARIPRO,EQ,6278,3188,50.78
20,1232,KOTYARK,SM,26000,20800,80.00
20,1233,KPIGREEN,EQ,351149,224868,64.04
20,1234,KPIL,EQ,184916,86079,46.55
20,1235,KPITTECH,EQ,1104738,626599,56.72
20,1236,KPRMILL,EQ,183004,98821,54.00
20,1237,KRBL,EQ,871557,275313,31.59
20,1238,KREBSBIO,EQ,8374,5949,71.04
20,1239,KRISHANA,EQ,14398,8571,59.53
20,1240,KRISHCA,SM,15500,11000,70.97
20,1241,KRISHNADEF,SM,48000,25500,53.13
20,1242,KRITI,EQ,69521,36857,53.02
20,1243,KRITINUT,EQ,78153,34215,43.78
20,1244,KRSNAA,EQ,111197,67699,60.88
20,1245,KRYSTAL,EQ,1460950,213420,14.61
20,1246,KSB,EQ,50101,19857,39.63
20,1247,KSCL,EQ,808629,168319,20.82
20,1248,KSL,EQ,61875,28262,45.68
20,1249,KSOLVES,EQ,24561,14366,58.49
20,1250,KTKBANK,EQ,1151235,598804,52.01
20,1251,KTL,SM,129000,123000,95.35
20,1252,KUANTUM,EQ,196443,127896,65.11
20,1253,LALPATHLAB,EQ,299488,172819,57.70
20,1254,LAMBODHARA,EQ,30024,20202,67.29
20,1255,LANDMARK,EQ,58638,34767,59.29
20,1256,LAOPALA,EQ,69210,40788,58.93
20,1257,LASA,EQ,28872,23883,82.72
20,1258,LATENTVIEW,EQ,462919,162030,35.00
20,1259,LAURUSLABS,EQ,1200666,547195,45.57
20,1260,LAWSIKHO,SM,158000,104000,65.82
20,1261,LAXMICOT,EQ,274008,118396,43.21
20,1262,LAXMIMACH,EQ,3455,1643,47.55
20,1263,LEMERITE,SM,14400,8000,55.56
20,1264,LEMONTREE,EQ,1510712,846239,56.02
20,1265,LEXUS,EQ,22212,15308,68.92
20,1266,LGBBROSLTD,EQ,28136,14525,51.62
20,1267,LGBFORGE,EQ,154873,94024,60.71
20,1268,LGHL,EQ,946,562,59.41
20,1269,LIBAS,EQ,64332,43234,67.20
20,1270,LICHSGFIN,EQ,4657549,2463693,52.90
20,1271,LICI,EQ,1310535,603832,46.08
20,1272,LICMFGOLD,EQ,1062,826,77.78
20,1273,LICNETFGSC,EQ,23744,22959,96.69
20,1274,LICNETFN50,EQ,215,163,75.81
20,1275,LICNETFSEN,EQ,5,2,40.00
20,1276,LICNFNHGP,EQ,248,170,68.55
20,1277,LICNMID100,EQ,4136,2841,68.69
20,1278,LIKHITHA,EQ,754667,301466,39.95
20,1279,LINC,EQ,13675,6596,48.23
20,1280,LINCOLN,EQ,27001,14546,53.87
20,1281,LINDEINDIA,EQ,72993,21310,29.19
20,1282,LIQUID,EQ,69881,27539,39.41
20,1283,LIQUID1,EQ,4460,1774,39.78
20,1284,LIQUIDADD,EQ,102495,90860,88.65
20,1285,LIQUIDBEES,EQ,2286908,1734520,75.85
20,1286,LIQUIDCASE,EQ,1833835,1719488,93.76
20,1287,LIQUIDETF,EQ,297419,178715,60.09
20,1288,LIQUIDIETF,EQ,429984,236038,54.89
20,1289,LIQUIDSBI,EQ,745,733,98.39
20,1290,LLOYDS,SM,88000,71000,80.68
20,1291,LLOYDSENGG,EQ,39928375,12459509,31.20
20,1292,LLOYDSME,EQ,377014,181814,48.22
20,1293,LODHA,EQ,2026181,1724337,85.10
20,1294,LOKESHMACH,EQ,124514,74662,59.96
20,1295,LOVABLE,EQ,35271,26727,75.78
20,1296,LOWVOL,EQ,156,138,88.46
20,1297,LOWVOL1,EQ,66923,51054,76.29
20,1298,LOWVOLIETF,EQ,2171083,1863468,85.83
20,1299,LOYALTEX,EQ,6448,857,13.29
20,1300,LPDC,EQ,283663,223655,78.85
20,1301,LRRPL,SM,24000,21000,87.50
20,1302,LT,EQ,2605754,1705659,65.46
20,1303,L&TFH,EQ,3010775,1192550,39.61
20,1304,L&TFIN,N5,2,2,100.00
20,1305,L&TFIN,NF,1,1,100.00
20,1306,L&TFIN,NH,75,75,100.00
20,1307,L&TFIN,NJ,40,40,100.00
20,1308,L&TFIN,NL,110,110,100.00
20,1309,LTFOODS,EQ,1176500,696946,59.24
20,1310,LTGILTBEES,EQ,1083384,930276,85.87
20,1311,LTIM,EQ,270101,142884,52.90
20,1312,LTTS,EQ,99184,42150,42.50
20,1313,LUMAXIND,EQ,4033,2098,52.02
20,1314,LUMAXTECH,EQ,151607,70657,46.61
20,1315,LUPIN,EQ,1301274,511837,39.33
20,1316,LUXIND,EQ,24566,12398,50.47
20,1317,LXCHEM,EQ,932423,553529,59.36
20,1318,LYKALABS,EQ,109823,64627,58.85
20,1319,LYPSAGEMS,EQ,258839,166991,64.52
20,1320,MAANALU,EQ,112696,54132,48.03
20,1321,MADHAVBAUG,SM,8000,3200,40.00
20,1322,MADHUSUDAN,SM,66000,58000,87.88
20,1323,MADRASFERT,EQ,363221,104363,28.73
20,1324,MAFANG,EQ,107207,105065,98.00
20,1325,MAGADSUGAR,EQ,15154,7649,50.48
20,1326,MAGNUM,EQ,263811,230106,87.22
20,1327,MAGSON,SM,52000,40000,76.92
20,1328,MAHABANK,EQ,25835876,8326556,32.23
20,1329,MAHAPEXLTD,EQ,4971,3457,69.54
20,1330,MAHEPC,EQ,77984,44487,57.05
20,1331,MAHESHWARI,EQ,20750,12241,58.99
20,1332,MAHICKRA,SM,1500,1500,100.00
20,1333,MAHKTECH,EQ,464328,373896,80.52
20,1334,MAHLIFE,EQ,936514,320730,34.25
20,1335,MAHLOG,EQ,159332,86737,54.44
20,1336,MAHSCOOTER,EQ,29957,12257,40.92
20,1337,MAHSEAMLES,EQ,138329,78848,57.00
20,1338,MAITHANALL,EQ,69390,42151,60.75
20,1339,MAITREYA,SM,6400,6400,100.00
20,1340,MAKEINDIA,EQ,12665,9686,76.48
20,1341,MAKS,ST,3000,3000,100.00
20,1342,MAL,SM,17600,17600,100.00
20,1343,MALLCOM,EQ,4935,2491,50.48
20,1344,MANAKCOAT,EQ,536780,296872,55.31
20,1345,MANAKSIA,EQ,144053,74495,51.71
20,1346,MANALIPETC,EQ,1320268,712860,53.99
20,1347,MANAPPURAM,EQ,6120411,2984759,48.77
20,1348,MANGALAM,EQ,32546,22468,69.03
20,1349,MANGCHEFER,EQ,125386,76130,60.72
20,1350,MANGLMCEM,EQ,83912,43334,51.64
20,1351,MANINFRA,EQ,454974,267879,58.88
20,1352,MANKIND,EQ,436792,306444,70.16
20,1353,MANOMAY,EQ,374727,73490,19.61
20,1354,MANORAMA,EQ,262733,140790,53.59
20,1355,MANORG,EQ,17962,14036,78.14
20,1356,MANYAVAR,EQ,232223,145194,62.52
20,1357,MAPMYINDIA,EQ,64494,29561,45.84
20,1358,MARALOVER,EQ,110907,50192,45.26
20,1359,MARATHON,EQ,50798,24898,49.01
20,1360,MARCO,SM,36000,30000,83.33
20,1361,MARICO,EQ,3016169,2146646,71.17
20,1362,MARINE,EQ,181213,142880,78.85
20,1363,MARINETRAN,SM,8000,8000,100.00
20,1364,MARKSANS,EQ,2963259,1389287,46.88
20,1365,MARUTI,EQ,342212,143827,42.03
20,1366,MASFIN,EQ,101142,49967,49.40
20,1367,MASKINVEST,EQ,3169,2952,93.15
20,1368,MASPTOP50,EQ,353869,167803,47.42
20,1369,MASTEK,EQ,51648,21183,41.01
20,1370,MATRIMONY,EQ,72945,33888,46.46
20,1371,MAWANASUG,EQ,99650,31789,31.90
20,1372,MAXESTATES,EQ,114506,53074,46.35
20,1373,MAXHEALTH,EQ,2700907,1809674,67.00
20,1374,MAXPOSURE,SM,352000,168000,47.73
20,1375,MAYURUNIQ,EQ,64008,33986,53.10
20,1376,MAZDA,EQ,8399,3357,39.97
20,1377,MAZDOCK,EQ,1150751,256158,22.26
20,1378,MBAPL,EQ,25437,17113,67.28
20,1379,MBECL,EQ,177911,166646,93.67
20,1380,MBLINFRA,EQ,65608,46149,70.34
20,1381,MCDOWELL-N,EQ,3530061,2839267,80.43
20,1382,MCON,SM,3000,3000,100.00
20,1383,MCX,EQ,1087777,277160,25.48
20,1384,MDL,ST,22000,22000,100.00
20,1385,MEDANTA,EQ,128408,72495,56.46
20,1386,MEDIASSIST,EQ,123802,68342,55.20
20,1387,MEDICAMEQ,EQ,10270,7125,69.38
20,1388,MEDPLUS,EQ,67452,47483,70.40
20,1389,MEGAFLEX,ST,6000,6000,100.00
20,1390,MEGASOFT,EQ,203066,175740,86.54
20,1391,MEGASTAR,EQ,3863,1932,50.01
20,1392,MEGATHERM,SM,138000,90000,65.22
20,1393,MENONBE,EQ,186659,99292,53.19
20,1394,METROBRAND,EQ,144702,76322,52.74
20,1395,METROPOLIS,EQ,263824,55758,21.13
20,1396,MFSL,EQ,2112037,1473372,69.76
20,1397,MGEL,EQ,63920,46888,73.35
20,1398,MGL,EQ,510059,270082,52.95
20,1399,MHHL,SM,9000,7500,83.33
20,1400,MHRIL,EQ,87028,46518,53.45
20,1401,MICEL,EQ,360674,283177,78.51
20,1402,MICROPRO,SM,20800,9600,46.15
20,1403,MID150BEES,EQ,344947,202908,58.82
20,1404,MIDCAP,EQ,18801,10683,56.82
20,1405,MIDCAPETF,EQ,938129,782390,83.40
20,1406,MIDCAPIETF,EQ,33172,17271,52.06
20,1407,MIDHANI,EQ,453780,161869,35.67
20,1408,MIDQ50ADD,EQ,4639,3307,71.29
20,1409,MIDSELIETF,EQ,11759,10426,88.66
20,1410,MILTON,SM,17600,17600,100.00
20,1411,MINDACORP,EQ,137719,74835,54.34
20,1412,MINDSPACE,RR,67708,58260,86.05
20,1413,MINDTECK,EQ,293964,136608,46.47
20,1414,MIRCELECTR,EQ,781004,431717,55.28
20,1415,M&M,EQ,2449171,1464011,59.78
20,1416,M&MFIN,EQ,3326209,1988773,59.79
20,1417,M&MFIN,N2,975,975,100.00
20,1418,MMFL,EQ,181928,82400,45.29
20,1419,MMP,EQ,58709,35771,60.93
20,1420,MMTC,EQ,1282891,505570,39.41
20,1421,MNC,EQ,14380,13054,90.78
20,1422,MODIRUBBER,EQ,15951,12523,78.51
20,1423,MODISONLTD,EQ,102614,60560,59.02
20,1424,MOGSEC,EQ,7712,7614,98.73
20,1425,MOHEALTH,EQ,33088,24865,75.15
20,1426,MOHITIND,EQ,15230,10530,69.14
20,1427,MOIL,EQ,3652884,1248430,34.18
20,1428,MOL,EQ,1108837,483233,43.58
20,1429,MOLDTECH,EQ,116372,65510,56.29
20,1430,MOLDTKPAC,EQ,93457,56197,60.13
20,1431,MOLOWVOL,EQ,9354,9318,99.62
20,1432,MOM100,EQ,103639,66663,64.32
20,1433,MOM30IETF,EQ,136368,92128,67.56
20,1434,MOM50,EQ,1282,1113,86.82
20,1435,MOMENTUM,EQ,118045,117038,99.15
20,1436,MOMOMENTUM,EQ,168155,109156,64.91
20,1437,MON100,EQ,1311290,848103,64.68
20,1438,MONARCH,EQ,38693,23101,59.70
20,1439,MONIFTY500,EQ,113757,89649,78.81
20,1440,MONQ50,EQ,31706,14170,44.69
20,1441,MONTECARLO,EQ,76293,50837,66.63
20,1442,MOQUALITY,EQ,624,509,81.57
20,1443,MOREALTY,EQ,15958,12796,80.19
20,1444,MOREPENLAB,EQ,9387478,3806534,40.55
20,1445,MOS,SM,198400,60800,30.65
20,1446,MOSMALL250,EQ,122312,108881,89.02
20,1447,MOTHERSON,EQ,35636085,14205356,39.86
20,1448,MOTILALOFS,EQ,600502,254744,42.42
20,1449,MOTISONS,EQ,133370,89505,67.11
20,1450,MOVALUE,EQ,84574,61922,73.22
20,1451,MPHASIS,EQ,604348,304428,50.37
20,1452,MPSLTD,EQ,8641,3587,41.51
20,1453,MPTODAY,SM,2000,2000,100.00
20,1454,MRF,EQ,6055,1665,27.50
20,1455,MRO-TEK,EQ,57371,33497,58.39
20,1456,MRPL,EQ,2197288,785425,35.75
20,1457,MSPL,EQ,223086,182367,81.75
20,1458,MSTCLTD,EQ,113776,41237,36.24
20,1459,MSUMI,EQ,5140844,2808501,54.63
20,1460,MTARTECH,EQ,113363,56633,49.96
20,1461,MTNL,EQ,1983172,784206,39.54
20,1462,MUFIN,EQ,76787,60757,79.12
20,1463,MUFTI,EQ,113470,54853,48.34
20,1464,MUKANDLTD,EQ,161728,85420,52.82
20,1465,MUKKA,EQ,852848,484832,56.85
20,1466,MUNJALAU,EQ,73541,50827,69.11
20,1467,MUNJALSHOW,EQ,81710,45262,55.39
20,1468,MURUDCERA,EQ,43245,32516,75.19
20,1469,MUTHOOTCAP,EQ,52173,26212,50.24
20,1470,MUTHOOTFIN,EQ,178305,57121,32.04
20,1471,MUTHOOTMF,EQ,281896,156248,55.43
20,1472,MVGJL,EQ,80613,40796,50.61
20,1473,MVKAGRO,SM,31200,22800,73.08
20,1474,MWL,SM,128400,127200,99.07
20,1475,NABARD,N2,1472,1419,96.40
20,1476,NACLIND,EQ,82550,49757,60.27
20,1477,NAGAFERT,EQ,892992,576422,64.55
20,1478,NAGREEKEXP,EQ,33752,22342,66.19
20,1479,NAHARCAP,EQ,14378,8374,58.24
20,1480,NAHARINDUS,EQ,195031,86991,44.60
20,1481,NAHARPOLY,EQ,13277,6280,47.30
20,1482,NAHARSPING,EQ,21245,12321,57.99
20,1483,NAMAN,SM,291200,156800,53.85
20,1484,NAM-INDIA,EQ,1088579,662945,60.90
20,1485,NATCOPHARM,EQ,624944,287376,45.98
20,1486,NATHBIOGEN,EQ,77171,48139,62.38
20,1487,NATIONALUM,EQ,37346966,12054201,32.28
20,1488,NAUKRI,EQ,258822,75915,29.33
20,1489,NAVA,EQ,217005,107752,49.65
20,1490,NAVIFIN,N0,140,140,100.00
20,1491,NAVIFIN,N3,5,5,100.00
20,1492,NAVIFIN,N7,12,12,100.00
20,1493,NAVIFIN,N9,50,50,100.00
20,1494,NAVIFIN,NC,25,25,100.00
20,1495,NAVIFIN,ND,220,150,68.18
20,1496,NAVINFLUOR,EQ,252822,152817,60.44
20,1497,NAVINIFTY,EQ,2448,1357,55.43
20,1498,NAVKARCORP,EQ,1648314,543256,32.96
20,1499,NAVNETEDUL,EQ,204131,92790,45.46
20,1500,NAZARA,EQ,178011,87356,49.07
20,1501,NBCC,EQ,6167572,2859157,46.36
20,1502,NBIFIN,EQ,5690,4595,80.76
20,1503,NCC,EQ,2920384,1252029,42.87
20,1504,NCLIND,EQ,170617,88394,51.81
20,1505,NDGL,EQ,278,237,85.25
20,1506,NDL,EQ,734134,323870,44.12
20,1507,NDLVENTURE,EQ,2962,1922,64.89
20,1508,NDRAUTO,EQ,2884,1649,57.18
20,1509,NDTV,EQ,122590,57099,46.58
20,1510,NECCLTD,EQ,852156,455486,53.45
20,1511,NECLIFE,EQ,291903,177534,60.82
20,1512,NELCAST,EQ,65726,34519,52.52
20,1513,NELCO,EQ,317121,119027,37.53
20,1514,NEOGEN,EQ,17425,8615,49.44
20,1515,NESCO,EQ,40072,24080,60.09
20,1516,NESTLEIND,EQ,1252353,763861,60.99
20,1517,NETF,EQ,3740,1705,45.59
20,1518,NETWEB,EQ,54236,30513,56.26
20,1519,NEULANDLAB,EQ,29991,14328,47.77
20,1520,NEWGEN,EQ,82391,53474,64.90
20,1521,NEWJAISA,SM,90000,66000,73.33
20,1522,NEXT50,EQ,7265,6249,86.02
20,1523,NEXT50IETF,EQ,98351,69690,70.86
20,1524,NEXTMEDIA,EQ,6505,6068,93.28
20,1525,NFL,EQ,5294239,1414909,26.73
20,1526,NGIL,EQ,211156,56623,26.82
20,1527,NGLFINE,EQ,19216,5765,30.00
20,1528,NH,EQ,242623,177644,73.22
20,1529,NHAI,N2,362,340,93.92
20,1530,NHAI,N5,100,100,100.00
20,1531,NHAI,N6,481,421,87.53
20,1532,NHAI,N8,596,504,84.56
20,1533,NHAI,NA,498,488,97.99
20,1534,NHAI,NE,1319,1319,100.00
20,1535,NHBTF2014,N6,28,28,100.00
20,1536,NHBTF2023,N6,206,206,100.00
20,1537,NHIT,N1,1797,1797,100.00
20,1538,NHIT,N2,1524,1524,100.00
20,1539,NHIT,N3,1559,1559,100.00
20,1540,NHPC,EQ,32690525,12675266,38.77
20,1541,NHPC,N5,35,35,100.00
20,1542,NHPC,N6,353,353,100.00
20,1543,NIACL,EQ,495100,176914,35.73
20,1544,NIBL,EQ,11355,6922,60.96
20,1545,NIDAN,SM,24000,15000,62.50
20,1546,NIDO,N6,762,762,100.00
20,1547,NIDO,N7,116,67,57.76
20,1548,NIF100BEES,EQ,12910,9116,70.61
20,1549,NIF100IETF,EQ,10389,8815,84.85
20,1550,NIF10GETF,EQ,461,314,68.11
20,1551,NIF5GETF,EQ,969,688,71.00
20,1552,NIFITETF,EQ,2000,1724,86.20
20,1553,NIFMID150,EQ,167,139,83.23
20,1554,NIFTY1,EQ,51147,27401,53.57
20,1555,NIFTY50ADD,EQ,9826,4228,43.03
20,1556,NIFTYBEES,EQ,2726803,1833956,67.26
20,1557,NIFTYBETF,EQ,1697,1538,90.63
20,1558,NIFTYETF,EQ,36798,32035,87.06
20,1559,NIFTYIETF,EQ,345861,262255,75.83
20,1560,NIFTYQLITY,EQ,85140,78955,92.74
20,1561,NIITLTD,EQ,235953,135062,57.24
20,1562,NIITMTS,EQ,28368,16685,58.82
20,1563,NILASPACES,EQ,2020150,1301046,64.40
20,1564,NILKAMAL,EQ,9580,4231,44.16
20,1565,NINSYS,EQ,1711,1097,64.11
20,1566,NIPPOBATRY,EQ,99255,45158,45.50
20,1567,NIRMAN,SM,42600,25800,60.56
20,1568,NITINSPIN,EQ,42679,22342,52.35
20,1569,NITIRAJ,EQ,4017,2663,66.29
20,1570,NLCINDIA,EQ,2307953,754426,32.69
20,1571,NMDC,EQ,5953216,1835016,30.82
20,1572,NOCIL,EQ,378149,157413,41.63
20,1573,NORBTEAEXP,EQ,8123,6067,74.69
20,1574,NOVAAGRI,EQ,263401,180316,68.46
20,1575,NPBET,EQ,788,550,69.80
20,1576,NPST,SM,36000,30000,83.33
20,1577,NRAIL,EQ,3778,2200,58.23
20,1578,NRBBEARING,EQ,155043,75432,48.65
20,1579,NRL,EQ,171142,83882,49.01
20,1580,NSIL,EQ,27739,12557,45.27
20,1581,NSLNISP,EQ,19655324,5222828,26.57
20,1582,NTPC,EQ,37382916,26998352,72.22
20,1583,NTPC,N5,100,100,100.00
20,1584,NTPC,N6,648,540,83.33
20,1585,NTPC,N7,19309,16424,85.06
20,1586,NUCLEUS,EQ,52516,26587,50.63
20,1587,NURECA,EQ,34039,15418,45.30
20,1588,NUVAMA,EQ,21310,11764,55.20
20,1589,NUVOCO,EQ,628734,282006,44.85
20,1590,NV20,EQ,67326,50970,75.71
20,1591,NV20BEES,EQ,15165,8676,57.21
20,1592,NV20IETF,EQ,329454,178638,54.22
20,1593,NXST,RR,107755,84937,78.82
20,1594,NYKAA,EQ,2890356,1199119,41.49
20,1595,OAL,EQ,16950,12391,73.10
20,1596,OBCL,EQ,53325,21970,41.20
20,1597,OBEROIRLTY,EQ,444410,202214,45.50
20,1598,OCCL,EQ,35658,25536,71.61
20,1599,OFSS,EQ,377745,122956,32.55
20,1600,OIL,EQ,2486599,981474,39.47
20,1601,OLECTRA,EQ,608946,192097,31.55
20,1602,OLIL,SM,2400,2400,100.00
20,1603,OMAXE,EQ,311987,217184,69.61
20,1604,OMFURN,SM,21600,21600,100.00
20,1605,OMINFRAL,EQ,293413,198052,67.50
20,1606,ONDOOR,SM,5400,4200,77.78
20,1607,ONGC,EQ,14184019,6307841,44.47
20,1608,ONMOBILE,EQ,608861,258869,42.52
20,1609,ONWARDTEC,EQ,55808,21857,39.16
20,1610,OPTIEMUS,EQ,83661,48807,58.34
20,1611,ORBTEXP,EQ,9265,6459,69.71
20,1612,ORCHPHARMA,EQ,71798,47231,65.78
20,1613,ORIANA,SM,150600,79200,52.59
20,1614,ORICONENT,EQ,1837637,684396,37.24
20,1615,ORIENTBELL,EQ,29785,12261,41.17
20,1616,ORIENTCEM,EQ,310150,159455,51.41
20,1617,ORIENTCER,EQ,49674,32389,65.20
20,1618,ORIENTELEC,EQ,1073605,423766,39.47
20,1619,ORIENTHOT,EQ,778227,388736,49.95
20,1620,ORIENTLTD,EQ,9676,7148,73.87
20,1621,ORIENTPPR,EQ,350074,182472,52.12
20,1622,ORISSAMINE,EQ,8469,3334,39.37
20,1623,ORTINLAB,EQ,23964,17982,75.04
20,1624,OSWALAGRO,EQ,84728,49925,58.92
20,1625,OSWALGREEN,EQ,669706,270862,40.44
20,1626,OWAIS,SM,6400,6400,100.00
20,1627,PAGEIND,EQ,25470,14538,57.08
20,1628,PAISALO,EQ,1689415,1015603,60.12
20,1629,PAKKA,EQ,264361,189572,71.71
20,1630,PALASHSECU,EQ,391086,98667,25.23
20,1631,PANACEABIO,EQ,72809,34461,47.33
20,1632,PANACHE,EQ,3236,1929,59.61
20,1633,PANAMAPET,EQ,71850,44777,62.32
20,1634,PANSARI,EQ,794,543,68.39
20,1635,PAR,EQ,175233,59407,33.90
20,1636,PARACABLES,EQ,735317,409864,55.74
20,1637,PARADEEP,EQ,922159,363162,39.38
20,1638,PARAGMILK,EQ,455760,240746,52.82
20,1639,PARAGON,SM,19200,18000,93.75
20,1640,PARAS,EQ,194319,97398,50.12
20,1641,PARKHOTELS,EQ,207268,103196,49.79
20,1642,PARSVNATH,EQ,761095,542276,71.25
20,1643,PARTYCRUS,SM,6000,6000,100.00
20,1644,PASHUPATI,SM,169600,141600,83.49
20,1645,PASUPTAC,EQ,420254,68473,16.29
20,1646,PATANJALI,EQ,1096527,512088,46.70
20,1647,PATELENG,EQ,10143812,5238282,51.64
20,1648,PATINTLOG,EQ,325355,208568,64.10
20,1649,PATTECH,SM,49500,39000,78.79
20,1650,PAYTM,EQ,922319,543457,58.92
20,1651,PCBL,EQ,804888,392258,48.73
20,1652,PCHFL,N6,1000,1000,100.00
20,1653,PCJEWELLER,EQ,859226,491880,57.25
20,1654,PDMJEPAPER,EQ,190493,118855,62.39
20,1655,PDSL,EQ,51887,30179,58.16
20,1656,PEARLPOLY,EQ,210709,153662,72.93
20,1657,PEL,EQ,1494513,867748,58.06
20,1658,PEL,N0,20,20,100.00
20,1659,PEL,N2,490,490,100.00
20,1660,PENIND,EQ,3071990,1116155,36.33
20,1661,PENINLAND,EQ,504825,274438,54.36
20,1662,PENTAGON,SM,5000,4000,80.00
20,1663,PERFECT,ST,36000,36000,100.00
20,1664,PERSISTENT,EQ,3702690,1291567,34.88
20,1665,PETRONET,EQ,6662583,2868506,43.05
20,1666,PFC,EQ,7457201,2664230,35.73
20,1667,PFC,N5,3741,3741,100.00
20,1668,PFC,N8,1039,582,56.02
20,1669,PFIZER,EQ,17885,9704,54.26
20,1670,PFOCUS,EQ,56536,37783,66.83
20,1671,PGEL,EQ,51697,25426,49.18
20,1672,PGHH,EQ,6911,6023,87.15
20,1673,PGHL,EQ,6568,3739,56.93
20,1674,PGIL,EQ,5822,3009,51.68
20,1675,PGINVIT,IV,542535,500319,92.22
20,1676,PHANTOMFX,SM,49200,34500,70.12
20,1677,PHARMABEES,EQ,2327105,1654074,71.08
20,1678,PHOENIXLTD,EQ,477810,238087,49.83
20,1679,PIDILITIND,EQ,227565,101388,44.55
20,1680,PIIND,EQ,220589,135331,61.35
20,1681,PILANIINVS,EQ,67112,19139,28.52
20,1682,PITTIENG,EQ,26887,16149,60.06
20,1683,PIXTRANS,EQ,7725,3915,50.68
20,1684,PKTEA,EQ,359,244,67.97
20,1685,PLADAINFO,SM,3000,3000,100.00
20,1686,PLASTIBLEN,EQ,10100,5237,51.85
20,1687,PLATIND,EQ,353913,154177,43.56
20,1688,PLAZACABLE,EQ,101485,46428,45.75
20,1689,PNB,EQ,37568034,10944890,29.13
20,1690,PNBGILTS,EQ,366289,174897,47.75
20,1691,PNBHOUSING,EQ,347520,134256,38.63
20,1692,PNC,EQ,15489,9276,59.89
20,1693,PNCINFRA,EQ,232497,105261,45.27
20,1694,POCL,EQ,45988,42545,92.51
20,1695,PODDARMENT,EQ,5323,3185,59.83
20,1696,POKARNA,EQ,45417,19582,43.12
20,1697,POLICYBZR,EQ,1147140,802032,69.92
20,1698,POLYCAB,EQ,397202,159471,40.15
20,1699,POLYMED,EQ,71725,46904,65.39
20,1700,POLYPLEX,EQ,112967,42556,37.67
20,1701,POLYSIL,SM,10000,8000,80.00
20,1702,PONNIERODE,EQ,130333,51337,39.39
20,1703,POONAWALLA,EQ,3754624,1892370,50.40
20,1704,POWERGRID,EQ,14965203,10538825,70.42
20,1705,POWERINDIA,EQ,42015,17269,41.10
20,1706,POWERMECH,EQ,74254,32478,43.74
20,1707,PPAP,EQ,36798,26601,72.29
20,1708,PPL,EQ,58878,46476,78.94
20,1709,PPLPHARMA,EQ,1488262,749504,50.36
20,1710,PRAJIND,EQ,333224,158707,47.63
20,1711,PRAKASH,EQ,237312,139970,58.98
20,1712,PRAMARA,SM,4000,2000,50.00
20,1713,PRATHAM,SM,65600,65600,100.00
20,1714,PRECAM,EQ,100292,47063,46.93
20,1715,PRECISION,SM,18000,14000,77.78
20,1716,PRECWIRE,EQ,151438,80650,53.26
20,1717,PREMEXPLN,EQ,657637,224503,34.14
20,1718,PREMIERPOL,EQ,36101,20573,56.99
20,1719,PRESSTONIC,SM,44800,33600,75.00
20,1720,PRESTIGE,EQ,1768616,1591737,90.00
20,1721,PRICOLLTD,EQ,470175,225202,47.90
20,1722,PRIMESECU,EQ,40818,28389,69.55
20,1723,PRINCEPIPE,EQ,155356,81178,52.25
20,1724,PRITI,EQ,49089,29430,59.95
20,1725,PRITIKA,SM,18000,14000,77.78
20,1726,PRIVISCL,EQ,13429,7273,54.16
20,1727,PROLIFE,SM,3000,3000,100.00
20,1728,PROV,SM,1600,1120,70.00
20,1729,PROZONER,EQ,418763,214444,51.21
20,1730,PRSMJOHNSN,EQ,439967,170003,38.64
20,1731,PRUDENT,EQ,15015,7450,49.62
20,1732,PSB,EQ,1719445,554583,32.25
20,1733,PSPPROJECT,EQ,475920,127940,26.88
20,1734,PSUBANK,EQ,13896,6190,44.55
20,1735,PSUBANKADD,EQ,7564,4228,55.90
20,1736,PSUBNKBEES,EQ,1710826,873641,51.07
20,1737,PSUBNKIETF,EQ,237135,92348,38.94
20,1738,PTC,EQ,6040948,2136357,35.36
20,1739,PTCIL,EQ,8212,3718,45.28
20,1740,PTL,EQ,380989,235118,61.71
20,1741,PULZ,SM,12000,6000,50.00
20,1742,PUNJABCHEM,EQ,13978,7919,56.65
20,1743,PURVFLEXI,SM,65600,56000,85.37
20,1744,PVP,EQ,726863,471991,64.94
20,1745,PVRINOX,EQ,486920,235334,48.33
20,1746,PVSL,EQ,119395,60757,50.89
20,1747,PVTBANIETF,EQ,344135,233700,67.91
20,1748,PVTBANKADD,EQ,21652,15448,71.35
20,1749,PYRAMID,EQ,67239,48181,71.66
20,1750,QFIL,SM,2000,2000,100.00
20,1751,QGOLDHALF,EQ,23270,18877,81.12
20,1752,QMSMEDI,SM,13000,9000,69.23
20,1753,QNIFTY,EQ,355,243,68.45
20,1754,QUAL30IETF,EQ,264,261,98.86
20,1755,QUESS,EQ,297478,135487,45.55
20,1756,QUICKHEAL,EQ,128624,50561,39.31
20,1757,QUICKTOUCH,SM,13500,8500,62.96
20,1758,RACE,EQ,20288,15530,76.55
20,1759,RADHIKAJWE,EQ,346486,183540,52.97
20,1760,RADIANTCMS,EQ,190201,108426,57.01
20,1761,RADICO,EQ,147436,63999,43.41
20,1762,RADIOCITY,EQ,675011,313081,46.38
20,1763,RADIOCITY,P1,6117,6112,99.92
20,1764,RADIOWALLA,ST,4800,4800,100.00
20,1765,RAILTEL,EQ,3612013,1084999,30.04
20,1766,RAIN,EQ,3183879,1303231,40.93
20,1767,RAINBOW,EQ,71839,46487,64.71
20,1768,RAJESHEXPO,EQ,292514,139152,47.57
20,1769,RAJRATAN,EQ,192347,58945,30.65
20,1770,RAJSREESUG,EQ,399965,212534,53.14
20,1771,RALLIS,EQ,1176516,401573,34.13
20,1772,RAMANEWS,EQ,371283,295486,79.59
20,1773,RAMAPHO,EQ,12340,6096,49.40
20,1774,RAMASTEEL,EQ,31407547,14757260,46.99
20,1775,RAMCOCEM,EQ,430484,240241,55.81
20,1776,RAMCOIND,EQ,150481,77531,51.52
20,1777,RAMCOSYS,EQ,239057,108882,45.55
20,1778,RAMKY,EQ,59617,30029,50.37
20,1779,RAMRAT,EQ,490629,105854,21.58
20,1780,RANASUG,EQ,1644872,572608,34.81
20,1781,RANEENGINE,EQ,27562,18617,67.55
20,1782,RANEHOLDIN,EQ,24275,10037,41.35
20,1783,RATEGAIN,EQ,745723,286276,38.39
20,1784,RATNAMANI,EQ,29339,17647,60.15
20,1785,RATNAVEER,EQ,372950,174924,46.90
20,1786,RAYMOND,EQ,505309,147717,29.23
20,1787,RBA,EQ,826979,472237,57.10
20,1788,RBL,EQ,13438,4410,32.82
20,1789,RBLBANK,EQ,6217773,2571523,41.36
20,1790,RBMINFRA,ST,6000,6000,100.00
20,1791,RBZJEWEL,EQ,65238,46241,70.88
20,1792,RCDL,SM,78000,66000,84.62
20,1793,RCF,EQ,3610234,1115013,30.88
20,1794,RECLTD,EQ,6226067,2240892,35.99
20,1795,RECLTD,N6,2,2,100.00
20,1796,RECLTD,N9,1000,1000,100.00
20,1797,RECLTD,NG,5,5,100.00
20,1798,RECLTD,NH,130,130,100.00
20,1799,RECLTD,NI,2,0,0.00
20,1800,REDINGTON,EQ,1155512,527097,45.62
20,1801,REDTAPE,EQ,53778,26697,49.64
20,1802,REFEX,EQ,281133,257420,91.57
20,1803,RELAXO,EQ,63701,36390,57.13
20,1804,RELCHEMQ,EQ,15523,8525,54.92
20,1805,RELIANCE,EQ,5175181,3178709,61.42
20,1806,RELIGARE,EQ,606003,374178,61.75
20,1807,RELINFRA,EQ,3930990,2136072,54.34
20,1808,REMUS,SM,1450,925,63.79
20,1809,RENUKA,EQ,8383995,2655625,31.67
20,1810,REPCOHOME,EQ,709857,285072,40.16
20,1811,REPL,EQ,20668,12937,62.59
20,1812,REPRO,EQ,7494,3083,41.14
20,1813,RESPONIND,EQ,31648,11178,35.32
20,1814,REXPIPES,SM,10000,8000,80.00
20,1815,RGL,EQ,148875,86742,58.26
20,1816,RHIM,EQ,505429,243024,48.08
20,1817,RICHA,SM,1000,1000,100.00
20,1818,RICOAUTO,EQ,1153457,390068,33.82
20,1819,RIIL,EQ,800962,179947,22.47
20,1820,RILINFRA,SM,119100,54900,46.10
20,1821,RISHABH,EQ,89454,56461,63.12
20,1822,RITCO,EQ,229834,81621,35.51
20,1823,RITES,EQ,755329,198201,26.24
20,1824,RITEZONE,SM,1600,1600,100.00
20,1825,RKDL,EQ,70369,33085,47.02
20,1826,RKEC,EQ,114728,62396,54.39
20,1827,RKFORGE,EQ,1992526,534464,26.82
20,1828,RKSWAMY,EQ,117214,55471,47.32
20,1829,RMDRIP,SM,4000,4000,100.00
20,1830,RML,EQ,31832,15062,47.32
20,1831,ROCKINGDCE,SM,21000,17000,80.95
20,1832,ROHLTD,EQ,68450,41977,61.33
20,1833,ROLEXRINGS,EQ,19891,11569,58.16
20,1834,ROML,EQ,31834,24383,76.59
20,1835,ROSSARI,EQ,73515,36503,49.65
20,1836,ROSSELLIND,EQ,29498,15476,52.46
20,1837,ROTO,EQ,445813,165367,37.09
20,1838,ROUTE,EQ,73513,36674,49.89
20,1839,ROXHITECH,SM,100800,70400,69.84
20,1840,RPGLIFE,EQ,6216,2906,46.75
20,1841,RPSGVENT,EQ,122085,68413,56.04
20,1842,RPTECH,EQ,409882,200872,49.01
20,1843,RRKABEL,EQ,87559,43790,50.01
20,1844,RSWM,EQ,25272,13681,54.14
20,1845,RSYSTEMS,EQ,139317,77933,55.94
20,1846,RTNINDIA,EQ,1382997,499980,36.15
20,1847,RUBYMILLS,EQ,11563,7250,62.70
20,1848,RUCHINFRA,EQ,223916,157552,70.36
20,1849,RUCHIRA,EQ,36973,24425,66.06
20,1850,RUPA,EQ,90927,42948,47.23
20,1851,RUSHIL,EQ,87499,52111,59.56
20,1852,RUSTOMJEE,EQ,38079,5023,13.19
20,1853,RVNL,EQ,8530666,3623499,42.48
20,1854,SAAKSHI,SM,33600,24000,71.43
20,1855,SADBHAV,EQ,169852,169852,100.00
20,1856,SADHAV,SM,145200,85200,58.68
20,1857,SADHNANIQ,EQ,145346,93564,64.37
20,1858,SAFARI,EQ,110605,51974,46.99
20,1859,SAGCEM,EQ,318368,202316,63.55
20,1860,SAH,EQ,84791,54360,64.11
20,1861,SAHAJ,SM,16000,16000,100.00
20,1862,SAHANA,SM,9500,6500,68.42
20,1863,SAHYADRI,EQ,4232,2494,58.93
20,1864,SAIFL,SM,12800,10400,81.25
20,1865,SAIL,EQ,27095176,8705500,32.13
20,1866,SAKAR,EQ,14577,7684,52.71
20,1867,SAKHTISUG,EQ,1337696,580052,43.36
20,1868,SAKSOFT,EQ,136604,52414,38.37
20,1869,SAKUMA,EQ,6503415,3579718,55.04
20,1870,SALASAR,EQ,3620674,2325849,64.24
20,1871,SALONA,EQ,2374,1649,69.46
20,1872,SALZERELEC,EQ,73117,50243,68.72
20,1873,SAMHI,EQ,641344,368946,57.53
20,1874,SANDESH,EQ,2317,1897,81.87
20,1875,SANDHAR,EQ,86196,45038,52.25
20,1876,SANDUMA,EQ,322030,197288,61.26
20,1877,SANGAMIND,EQ,190623,131993,69.24
20,1878,SANGANI,SM,9000,9000,100.00
20,1879,SANGHIIND,EQ,1473751,535750,36.35
20,1880,SANGHVIMOV,EQ,212007,93921,44.30
20,1881,SANOFI,EQ,21723,16587,76.36
20,1882,SANSERA,EQ,80184,44789,55.86
20,1883,SAPPHIRE,EQ,226002,202305,89.51
20,1884,SARDAEN,EQ,282983,131400,46.43
20,1885,SAREGAMA,EQ,696359,350668,50.36
20,1886,SARLAPOLY,EQ,110826,51489,46.46
20,1887,SAROJA,SM,3200,3200,100.00
20,1888,SARTELE,SM,70000,34000,48.57
20,1889,SASKEN,EQ,5591,2579,46.13
20,1890,SASTASUNDR,EQ,19146,8184,42.75
20,1891,SATIA,EQ,710575,335512,47.22
20,1892,SATIN,EQ,263122,131312,49.91
20,1893,SATINDLTD,EQ,276236,70865,25.65
20,1894,SAURASHCEM,EQ,385731,235407,61.03
20,1895,SBC,EQ,2439874,1485625,60.89
20,1896,SBCL,EQ,74292,39328,52.94
20,1897,SBFC,EQ,1248734,424315,33.98
20,1898,SBGLP,EQ,1038339,422466,40.69
20,1899,SBICARD,EQ,1066150,448437,42.06
20,1900,SBIETFCON,EQ,5256,5064,96.35
20,1901,SBIETFIT,EQ,7614,5850,76.83
20,1902,SBIETFPB,EQ,24967,17320,69.37
20,1903,SBIETFQLTY,EQ,1720,1484,86.28
20,1904,SBILIFE,EQ,772048,469827,60.85
20,1905,SBIN,EQ,17452186,9911278,56.79
20,1906,SCHAEFFLER,EQ,22901,13473,58.83
20,1907,SCHAND,EQ,74232,49284,66.39
20,1908,SCI,EQ,891520,408418,45.81
20,1909,SCILAL,EQ,1709006,1073901,62.84
20,1910,SCML,SM,254000,190000,74.80
20,1911,SCPL,EQ,20446,8434,41.25
20,1912,SDBL,EQ,486292,276269,56.81
20,1913,SDL24BEES,EQ,236,201,85.17
20,1914,SDL26BEES,EQ,1785,1558,87.28
20,1915,SECL,SM,18750,12500,66.67
20,1916,SECMARK,EQ,5510,5305,96.28
20,1917,SECURCRED,EQ,112007,66353,59.24
20,1918,SEL,ST,800,800,100.00
20,1919,SELAN,EQ,126598,60965,48.16
20,1920,SELMC,EQ,11885,5343,44.96
20,1921,SEMAC,EQ,915,569,62.19
20,1922,SENCO,EQ,901893,452259,50.15
20,1923,SENSEXADD,EQ,1425,1134,79.58
20,1924,SENSEXETF,EQ,1390,1368,98.42
20,1925,SENSEXIETF,EQ,2098,1406,67.02
20,1926,SEPC,EQ,5963170,2791791,46.82
20,1927,SEQUENT,EQ,793292,332542,41.92
20,1928,SERVICE,SM,4000,4000,100.00
20,1929,SERVOTECH,EQ,450259,319139,70.88
20,1930,SESHAPAPER,EQ,32663,20247,61.99
20,1931,SETCO,EQ,136550,68354,50.06
20,1932,SETF10GILT,EQ,7837,7273,92.80
20,1933,SETFGOLD,EQ,653451,453664,69.43
20,1934,SETFNIF50,EQ,318502,296080,92.96
20,1935,SETFNIFBK,EQ,57394,37983,66.18
20,1936,SETFNN50,EQ,14770,9695,65.64
20,1937,SFL,EQ,156953,99671,63.50
20,1938,SGBAPR28I,GB,354,299,84.46
20,1939,SGBAUG24,GB,150,133,88.67
20,1940,SGBAUG27,GB,57,37,64.91
20,1941,SGBAUG28V,GB,739,552,74.70
20,1942,SGBAUG29V,GB,125,88,70.40
20,1943,SGBAUG30,GB,847,556,65.64
20,1944,SGBD29VIII,GB,619,438,70.76
20,1945,SGBDC27VII,GB,54,37,68.52
20,1946,SGBDE30III,GB,813,502,61.75
20,1947,SGBDE31III,GB,5816,4428,76.13
20,1948,SGBDEC25XI,GB,11,11,100.00
20,1949,SGBDEC26,GB,20,20,100.00
20,1950,SGBFEB29XI,GB,69,58,84.06
20,1951,SGBFEB32IV,GB,11611,9811,84.50
20,1952,SGBJ28VIII,GB,66,60,90.91
20,1953,SGBJAN29IX,GB,631,452,71.63
20,1954,SGBJAN29X,GB,83,73,87.95
20,1955,SGBJAN30IX,GB,304,188,61.84
20,1956,SGBJU29III,GB,856,725,84.70
20,1957,SGBJUL25,GB,54,46,85.19
20,1958,SGBJUL27,GB,11,11,100.00
20,1959,SGBJUL28IV,GB,613,545,88.91
20,1960,SGBJUL29IV,GB,751,589,78.43
20,1961,SGBJUN27,GB,1,1,100.00
20,1962,SGBJUN28,GB,179,149,83.24
20,1963,SGBJUN29II,GB,872,799,91.63
20,1964,SGBJUN30,GB,106,81,76.42
20,1965,SGBJUN31I,GB,1055,935,88.63
20,1966,SGBMAR25,GB,155,98,63.23
20,1967,SGBMAR28X,GB,18,18,100.00
20,1968,SGBMAR30X,GB,189,160,84.66
20,1969,SGBMAR31IV,GB,398,359,90.20
20,1970,SGBMAY25,GB,279,269,96.42
20,1971,SGBMAY26,GB,2,2,100.00
20,1972,SGBMAY28,GB,197,194,98.48
20,1973,SGBMAY29I,GB,907,701,77.29
20,1974,SGBMR29XII,GB,612,475,77.61
20,1975,SGBN28VIII,GB,93,63,67.74
20,1976,SGBNOV24,GB,63,51,80.95
20,1977,SGBNOV25VI,GB,15,15,100.00
20,1978,SGBNV29VII,GB,1117,768,68.76
20,1979,SGBOC28VII,GB,310,215,69.35
20,1980,SGBOCT25,GB,8,8,100.00
20,1981,SGBOCT25IV,GB,37,37,100.00
20,1982,SGBOCT25V,GB,7,7,100.00
20,1983,SGBOCT26,GB,1,1,100.00
20,1984,SGBOCT27,GB,43,42,97.67
20,1985,SGBOCT27VI,GB,115,115,100.00
20,1986,SGBSEP24,GB,82,75,91.46
20,1987,SGBSEP27,GB,7,6,85.71
20,1988,SGBSEP28VI,GB,469,316,67.38
20,1989,SGBSEP29VI,GB,1390,918,66.04
20,1990,SGBSEP31II,GB,2179,1702,78.11
20,1991,SGIL,EQ,20406,10952,53.67
20,1992,SGL,EQ,39873,31114,78.03
20,1993,SHAH,EQ,1357308,977870,72.04
20,1994,SHAILY,EQ,140857,87038,61.79
20,1995,SHALBY,EQ,146268,74741,51.10
20,1996,SHALPAINTS,EQ,471645,84453,17.91
20,1997,SHANKARA,EQ,43774,25180,57.52
20,1998,SHANTIGEAR,EQ,24366,10731,44.04
20,1999,SHARDACROP,EQ,64005,31929,49.89
20,2000,SHARDAMOTR,EQ,72026,42129,58.49
20,2001,SHAREINDIA,EQ,91972,40447,43.98
20,2002,SHAREINDIA,W1,544,543,99.82
20,2003,SHARIABEES,EQ,1587,1186,74.73
20,2004,SHEETAL,SM,98000,68000,69.39
20,2005,SHEMAROO,EQ,22864,13158,57.55
20,2006,SHERA,SM,218000,176000,80.73
20,2007,SHIGAN,SM,24000,21000,87.50
20,2008,SHILPAMED,EQ,297775,162737,54.65
20,2009,SHIVALIK,EQ,8622,5663,65.68
20,2010,SHIVAMAUTO,EQ,138252,83802,60.62
20,2011,SHIVAMILLS,EQ,15738,8154,51.81
20,2012,SHK,EQ,578031,210982,36.50
20,2013,SHOPERSTOP,EQ,75168,51184,68.09
20,2014,SHRADHA,EQ,16451,6596,40.09
20,2015,SHREDIGCEM,EQ,441653,232754,52.70
20,2016,SHREECEM,EQ,25584,15747,61.55
20,2017,SHREEKARNI,SM,19800,12600,63.64
20,2018,SHREEOSFM,SM,12000,6000,50.00
20,2019,SHREEPUSHK,EQ,24839,12609,50.76
20,2020,SHRENIK,EQ,1181202,922174,78.07
20,2021,SHREYANIND,EQ,22659,15361,67.79
20,2022,SHREYAS,EQ,22075,12260,55.54
20,2023,SHRIPISTON,EQ,94943,49090,51.70
20,2024,SHRIRAMFIN,EQ,697940,431255,61.79
20,2025,SHRIRAMFIN,YI,410,385,93.90
20,2026,SHRIRAMFIN,Z5,10,10,100.00
20,2027,SHRIRAMFIN,Z8,56,51,91.07
20,2028,SHRIRAMFIN,Z9,10,10,100.00
20,2029,SHRIRAMFIN,ZB,373,373,100.00
20,2030,SHRIRAMFIN,ZE,42,42,100.00
20,2031,SHRIRAMFIN,ZH,49,49,100.00
20,2032,SHRIRAMFIN,ZK,15,10,66.67
20,2033,SHRIRAMPPS,EQ,2854320,1202185,42.12
20,2034,SHRITECH,SM,12000,12000,100.00
20,2035,SHUBHLAXMI,SM,6000,5000,83.33
20,2036,SHYAMMETL,EQ,274246,155882,56.84
20,2037,SHYAMTEL,EQ,4375,4145,94.74
20,2038,SIEMENS,EQ,493485,132934,26.94
20,2039,SIGACHI,EQ,3307637,1837320,55.55
20,2040,SIGIND,EQ,65879,34688,52.65
20,2041,SIGMA,EQ,6636,4067,61.29
20,2042,SIGNATURE,EQ,472837,96137,20.33
20,2043,SIGNORIA,SM,18000,12000,66.67
20,2044,SIGNPOST,EQ,211478,106828,50.51
20,2045,SIKKO,EQ,8085,6402,79.18
20,2046,SIL,EQ,44079,30601,69.42
20,2047,SILGO,EQ,768811,406051,52.82
20,2048,SILINV,EQ,36304,18553,51.10
20,2049,SILLYMONKS,EQ,7530,3477,46.18
20,2050,SILVER,EQ,741981,668194,90.06
20,2051,SILVER1,EQ,43080,36383,84.45
20,2052,SILVERADD,EQ,18708,16584,88.65
20,2053,SILVERBEES,EQ,7831569,6315528,80.64
20,2054,SILVERETF,EQ,140941,86077,61.07
20,2055,SILVERIETF,EQ,770594,521680,67.70
20,2056,SILVERTUC,EQ,52270,18055,34.54
20,2057,SILVRETF,EQ,41251,25615,62.10
20,2058,SIMBHALS,EQ,95522,50644,53.02
20,2059,SINCLAIR,EQ,94693,53383,56.37
20,2060,SINDHUTRAD,EQ,1053420,688913,65.40
20,2061,SINTERCOM,EQ,12113,5252,43.36
20,2062,SIRCA,EQ,111268,63955,57.48
20,2063,SIS,EQ,147719,61170,41.41
20,2064,SIYSIL,EQ,27330,15393,56.32
20,2065,SJLOGISTIC,SM,86000,79000,91.86
20,2066,SJS,EQ,23292,11921,51.18
20,2067,SJVN,EQ,15646667,4968716,31.76
20,2068,SKFINDIA,EQ,20776,13961,67.20
20,2069,SKIPPER,EQ,2884027,1111676,38.55
20,2070,SKIPPERPP,E1,34212,29670,86.72
20,2071,SKMEGGPROD,EQ,63004,33721,53.52
20,2072,SKP,SM,12000,11500,95.83
20,2073,SMALLCAP,EQ,281281,248523,88.35
20,2074,SMARTLINK,EQ,18434,7248,39.32
20,2075,SMCGLOBAL,EQ,670568,307976,45.93
20,2076,SMLISUZU,EQ,35029,14995,42.81
20,2077,SMSLIFE,EQ,5978,3366,56.31
20,2078,SMSPHARMA,EQ,645791,321662,49.81
20,2079,SMVD,SM,8080,8080,100.00
20,2080,SNOWMAN,EQ,678676,331771,48.89
20,2081,SOBHA,EQ,204253,89701,43.92
20,2082,SOLARA,EQ,4991668,566416,11.35
20,2083,SOLARINDS,EQ,144074,94395,65.52
20,2084,SOLEX,SM,83400,48400,58.03
20,2085,SOMANYCERA,EQ,23362,15103,64.65
20,2086,SOMATEX,EQ,17513,17513,100.00
20,2087,SONACOMS,EQ,1125028,500917,44.52
20,2088,SONAMAC,SM,147000,88000,59.86
20,2089,SONAMLTD,EQ,8112,2553,31.47
20,2090,SONATSOFTW,EQ,330473,169936,51.42
20,2091,SONUINFRA,SM,6000,6000,100.00
20,2092,SOTL,EQ,999500,258238,25.84
20,2093,SOUTHBANK,EQ,41539344,17008872,40.95
20,2094,SOUTHWEST,EQ,67684,29328,43.33
20,2095,SPAL,EQ,12698,8134,64.06
20,2096,SPANDANA,EQ,67731,40016,59.08
20,2097,SPCENET,EQ,515496,307707,59.69
20,2098,SPECIALITY,EQ,53317,32890,61.69
20,2099,SPECTRUM,SM,15125,10375,68.60
20,2100,SPECTSTM,SM,13600,11200,82.35
20,2101,SPENCERS,EQ,290572,157366,54.16
20,2102,SPIC,EQ,838812,364376,43.44
20,2103,SPLIL,EQ,34270,16539,48.26
20,2104,SPLPETRO,EQ,40211,21852,54.34
20,2105,SPMLINFRA,EQ,33555,19753,58.87
20,2106,SPORTKING,EQ,21492,12960,60.30
20,2107,SREEL,EQ,7930,4171,52.60
20,2108,SRF,EQ,301008,178815,59.41
20,2109,SRGHFL,EQ,1131,906,80.11
20,2110,SRHHYPOLTD,EQ,9111,5036,55.27
20,2111,SRIVASAVI,SM,64000,50000,78.13
20,2112,SRM,EQ,97663,70396,72.08
20,2113,SSFL,SM,39000,14000,35.90
20,2114,SSWL,EQ,614614,317385,51.64
20,2115,STAR,EQ,166028,81616,49.16
20,2116,STARCEMENT,EQ,495452,218861,44.17
20,2117,STARHEALTH,EQ,705223,331279,46.98
20,2118,STARPAPER,EQ,10943,4773,43.62
20,2119,STCINDIA,EQ,51944,19999,38.50
20,2120,STEELCAS,EQ,7271,4266,58.67
20,2121,STEELCITY,EQ,1232621,374314,30.37
20,2122,STEELXIND,EQ,1759785,916931,52.10
20,2123,STEL,EQ,138152,48728,35.27
20,2124,STERTOOLS,EQ,85079,38777,45.58
20,2125,STLTECH,EQ,12210467,3636939,29.79
20,2126,STOVEKRAFT,EQ,62620,43508,69.48
20,2127,STYLAMIND,EQ,73035,48093,65.85
20,2128,STYRENIX,EQ,14467,9381,64.84
20,2129,SUBEXLTD,EQ,5110560,2569864,50.29
20,2130,SUBROS,EQ,158094,70674,44.70
20,2131,SUDARSCHEM,EQ,69374,30128,43.43
20,2132,SUKHJITS,EQ,16672,9687,58.10
20,2133,SULA,EQ,212248,103977,48.99
20,2134,SUMICHEM,EQ,423944,234970,55.42
20,2135,SUMMITSEC,EQ,73254,28907,39.46
20,2136,SUNCLAY,EQ,89365,85861,96.08
20,2137,SUNDARAM,EQ,3636183,2621650,72.10
20,2138,SUNDARMFIN,EQ,140360,71429,50.89
20,2139,SUNDARMHLD,EQ,473880,237695,50.16
20,2140,SUNDRMBRAK,EQ,1765,961,54.45
20,2141,SUNDRMFAST,EQ,93825,57053,60.81
20,2142,SUNFLAG,EQ,330418,154416,46.73
20,2143,SUNPHARMA,EQ,1680307,1229019,73.14
20,2144,SUNTECK,EQ,165601,69239,41.81
20,2145,SUNTV,EQ,857721,315619,36.80
20,2146,SUPERHOUSE,EQ,6452,3387,52.50
20,2147,SUPRAJIT,EQ,87144,45391,52.09
20,2148,SUPREMEIND,EQ,96681,40910,42.31
20,2149,SUPREMEPWR,SM,706000,512000,72.52
20,2150,SUPRIYA,EQ,719016,269820,37.53
20,2151,SURAJEST,EQ,352269,173009,49.11
20,2152,SURANASOL,EQ,838796,495269,59.05
20,2153,SURANI,SM,30800,24400,79.22
20,2154,SURYALAXMI,EQ,12695,9253,72.89
20,2155,SURYAROSNI,EQ,114468,57588,50.31
20,2156,SURYODAY,EQ,1163186,481824,41.42
20,2157,SUTLEJTEX,EQ,91224,55814,61.18
20,2158,SUULD,EQ,344576,230632,66.93
20,2159,SUVENPHAR,EQ,97371,51063,52.44
20,2160,SUZLON,EQ,62114928,39335739,63.33
20,2161,SVPGLOB,EQ,51653,41598,80.53
20,2162,SWANENERGY,EQ,930841,492622,52.92
20,2163,SWARAJ,SM,59000,46000,77.97
20,2164,SWARAJENG,EQ,22329,12193,54.61
20,2165,SWASTIK,SM,30000,24000,80.00
20,2166,SWELECTES,EQ,16409,16409,100.00
20,2167,SWSOLAR,EQ,13038071,4859753,37.27
20,2168,SYMPHONY,EQ,105317,42413,40.27
20,2169,SYNGENE,EQ,883710,392883,44.46
20,2170,SYNOPTICS,SM,9000,6600,73.33
20,2171,SYRMA,EQ,154172,75473,48.95
20,2172,SYSTANGO,SM,60400,38400,63.58
20,2173,TAC,ST,7200,7200,100.00
20,2174,TAINWALCHM,EQ,6318,3804,60.21
20,2175,TAJGVK,EQ,90540,43870,48.45
20,2176,TAKE,EQ,122335,80043,65.43
20,2177,TALBROAUTO,EQ,474860,335345,70.62
20,2178,TANLA,EQ,336172,146888,43.69
20,2179,TAPIFRUIT,SM,1500,1500,100.00
20,2180,TARACHAND,EQ,67828,37746,55.65
20,2181,TARC,EQ,301019,241390,80.19
20,2182,TARSONS,EQ,43577,22948,52.66
20,2183,TASTYBITE,EQ,976,352,36.07
20,2184,TATACAP,N6,50,50,100.00
20,2185,TATACAP,N8,711,701,98.59
20,2186,TATACAP,NC,400,250,62.50
20,2187,TATACAPHSG,N4,632,525,83.07
20,2188,TATACAPHSG,NA,100,100,100.00
20,2189,TATACHEM,EQ,1853764,567373,30.61
20,2190,TATACOMM,EQ,1774498,997737,56.23
20,2191,TATACONSUM,EQ,2299311,1016410,44.20
20,2192,TATAELXSI,EQ,121025,69895,57.75
20,2193,TATAGOLD,EQ,3427986,3007095,87.72
20,2194,TATAMOTORS,EQ,7187959,3136614,43.64
20,2195,TATAMTRDVR,EQ,1712763,1218738,71.16
20,2196,TATAPOWER,EQ,12126655,4054404,33.43
20,2197,TATASTEEL,EQ,39304790,12550168,31.93
20,2198,TATATECH,EQ,694127,388029,55.90
20,2199,TATSILV,EQ,1377541,1247658,90.57
20,2200,TATVA,EQ,15930,7482,46.97
20,2201,TBZ,EQ,150314,86694,57.68
20,2202,TCI,EQ,25697,16106,62.68
20,2203,TCIEXP,EQ,24872,12446,50.04
20,2204,TCL,SM,121600,68800,56.58
20,2205,TCLCONS,EQ,29427,26179,88.96
20,2206,TCNSBRANDS,EQ,257195,95361,37.08
20,2207,TCPLPACK,EQ,1738,914,52.59
20,2208,TCS,EQ,1728883,1148694,66.44
20,2209,TDPOWERSYS,EQ,4090014,993348,24.29
20,2210,TEAMLEASE,EQ,36567,22758,62.24
20,2211,TECH,EQ,43138,41911,97.16
20,2212,TECHLABS,SM,44000,36000,81.82
20,2213,TECHM,EQ,1364143,661026,48.46
20,2214,TECHNOE,EQ,857555,388438,45.30
20,2215,TEGA,EQ,36171,14023,38.77
20,2216,TEJASNET,EQ,5248327,1334072,25.42
20,2217,TEMBO,EQ,75648,33311,44.03
20,2218,TEXINFRA,EQ,957631,374436,39.10
20,2219,TEXMOPIPES,EQ,51458,36510,70.95
20,2220,TEXRAIL,EQ,776381,494693,63.72
20,2221,TFCILTD,EQ,1770781,1287625,72.72
20,2222,TFL,EQ,118681,68091,57.37
20,2223,TGBHOTELS,EQ,70788,41658,58.85
20,2224,TGL,ST,32400,32400,100.00
20,2225,THANGAMAYL,EQ,9958,5416,54.39
20,2226,THEJO,EQ,24622,13048,52.99
20,2227,THEMISMED,EQ,46524,27077,58.20
20,2228,THERMAX,EQ,226096,111868,49.48
20,2229,THOMASCOOK,EQ,2114757,1594907,75.42
20,2230,THYROCARE,EQ,68369,35989,52.64
20,2231,TI,EQ,258999,134173,51.80
20,2232,TIDEWATER,EQ,19086,8239,43.17
20,2233,TIIL,EQ,15345,7346,47.87
20,2234,TIINDIA,EQ,252210,167852,66.55
20,2235,TIMESCAN,SM,2000,2000,100.00
20,2236,TIMETECHNO,EQ,1291283,326875,25.31
20,2237,TIMKEN,EQ,105272,69787,66.29
20,2238,TIPSINDLTD,EQ,86409,47604,55.09
20,2239,TIRUMALCHM,EQ,670812,226836,33.82
20,2240,TIRUPATIFL,EQ,649598,483001,74.35
20,2241,TITAGARH,EQ,952869,427019,44.81
20,2242,TITAN,EQ,668659,357683,53.49
20,2243,TMB,EQ,158583,68165,42.98
20,2244,TNIDETF,EQ,68333,65649,96.07
20,2245,TNPETRO,EQ,152853,86492,56.59
20,2246,TNPL,EQ,77133,45482,58.97
20,2247,TOKYOPLAST,EQ,36770,25837,70.27
20,2248,TORNTPHARM,EQ,278112,154983,55.73
20,2249,TORNTPOWER,EQ,455740,206556,45.32
20,2250,TOTAL,EQ,15542,8430,54.24
20,2251,TOUCHWOOD,EQ,2547,1976,77.58
20,2252,TPLPLASTEH,EQ,3048314,1142588,37.48
20,2253,TRACXN,EQ,322795,146678,45.44
20,2254,TRANSTEEL,SM,76000,46000,60.53
20,2255,TREL,EQ,320363,153297,47.85
20,2256,TRENT,EQ,1179181,362933,30.78
20,2257,TRIDENT,EQ,10785391,2935067,27.21
20,2258,TRIDHYA,SM,18000,15000,83.33
20,2259,TRIGYN,EQ,152786,57610,37.71
20,2260,TRITURBINE,EQ,505074,205248,40.64
20,2261,TRIVENI,EQ,8222370,1432684,17.42
20,2262,TRU,EQ,1784967,454432,25.46
20,2263,TRUST,SM,2014800,1099200,54.56
20,2264,TTKHLTCARE,EQ,3872,2721,70.27
20,2265,TTKPRESTIG,EQ,58502,28002,47.87
20,2266,TTL,EQ,16443,6898,41.95
20,2267,TTML,EQ,3114230,1063802,34.16
20,2268,TVSELECT,EQ,141599,30445,21.50
20,2269,TVSHLTD,EQ,3400,1421,41.79
20,2270,TVSMOTOR,EQ,1222136,719712,58.89
20,2271,TVSSCS,EQ,16047279,3732409,23.26
20,2272,TVSSRICHAK,EQ,10588,6795,64.18
20,2273,TVTODAY,EQ,59539,32559,54.69
20,2274,UBL,EQ,112922,35626,31.55
20,2275,UCAL,EQ,22442,13228,58.94
20,2276,UCL,SM,2000,2000,100.00
20,2277,UCOBANK,EQ,11536211,3242928,28.11
20,2278,UDS,EQ,167591,95133,56.76
20,2279,UFLEX,EQ,24518,13427,54.76
20,2280,UFO,EQ,160804,77454,48.17
20,2281,UGARSUGAR,EQ,1101730,352556,32.00
20,2282,UGROCAP,EQ,367077,238028,64.84
20,2283,UGROCAP,N6,350,350,100.00
20,2284,UGROCAP,N7,280,278,99.29
20,2285,UJJIVAN,EQ,2345948,1172119,49.96
20,2286,UJJIVANSFB,EQ,7897266,3557241,45.04
20,2287,ULTRACEMCO,EQ,277781,150020,54.01
20,2288,UMA,SM,4000,4000,100.00
20,2289,UMANGDAIRY,EQ,21950,10567,48.14
20,2290,UNICHEMLAB,EQ,56879,19062,33.51
20,2291,UNIDT,EQ,45674,37806,82.77
20,2292,UNIENTER,EQ,4829,3219,66.66
20,2293,UNIHEALTH,SM,7000,6000,85.71
20,2294,UNIONBANK,EQ,27745626,10861115,39.15
20,2295,UNIPARTS,EQ,40492,20404,50.39
20,2296,UNITEDPOLY,EQ,2458,1717,69.85
20,2297,UNITEDTEA,EQ,3033,2017,66.50
20,2298,UNIVASTU,EQ,134413,82792,61.60
20,2299,UNIVCABLES,EQ,532884,125147,23.48
20,2300,UNIVPHOTO,EQ,1230,713,57.97
20,2301,UNOMINDA,EQ,212338,90320,42.54
20,2302,UPL,EQ,1860795,752282,40.43
20,2303,URAVI,EQ,33246,15231,45.81
20,2304,URBAN,SM,19200,12000,62.50
20,2305,USASEEDS,SM,3300,2700,81.82
20,2306,USHAMART,EQ,977473,407203,41.66
20,2307,UTIAMC,EQ,582766,181638,31.17
20,2308,UTIBANKETF,EQ,211723,165120,77.99
20,2309,UTINEXT50,EQ,25607,21415,83.63
20,2310,UTINIFTETF,EQ,13283,10154,76.44
20,2311,UTISENSETF,EQ,533,306,57.41
20,2312,UTISXN50,EQ,762,749,98.29
20,2313,UTKARSHBNK,EQ,8874387,4439387,50.02
20,2314,UTTAMSUGAR,EQ,189881,79615,41.93
20,2315,VADILALIND,EQ,31362,11885,37.90
20,2316,VAIBHAVGBL,EQ,512211,238244,46.51
20,2317,VAISHALI,EQ,85704,58945,68.78
20,2318,VAKRANGEE,EQ,10791851,4015411,37.21
20,2319,VALIANTLAB,EQ,81465,60110,73.79
20,2320,VALIANTORG,EQ,36048,18243,50.61
20,2321,VARDHACRLC,EQ,51823,32262,62.25
20,2322,VARROC,EQ,95763,49793,52.00
20,2323,VASCONEQ,EQ,1925934,832600,43.23
20,2324,VBL,EQ,1534596,871703,56.80
20,2325,VEDL,EQ,19626373,7531245,38.37
20,2326,VEEKAYEM,ST,4000,4000,100.00
20,2327,VENKEYS,EQ,27462,14025,51.07
20,2328,VENUSPIPES,EQ,567442,178904,31.53
20,2329,VENUSREM,EQ,28057,13936,49.67
20,2330,VERANDA,EQ,341331,175602,51.45
20,2331,VERTEXPLUS,SM,600,600,100.00
20,2332,VESUVIUS,EQ,112172,67483,60.16
20,2333,VETO,EQ,733401,287248,39.17
20,2334,VGUARD,EQ,264145,109272,41.37
20,2335,VHL,EQ,4462,3031,67.93
20,2336,VIAZ,SM,10000,8000,80.00
20,2337,VIDHIING,EQ,192996,146990,76.16
20,2338,VIJAYA,EQ,95075,49302,51.86
20,2339,VIKASECO,EQ,6521950,2925657,44.86
20,2340,VILINBIO,SM,4000,4000,100.00
20,2341,VIMTALABS,EQ,14919,8955,60.02
20,2342,VINATIORGA,EQ,104782,64161,61.23
20,2343,VINDHYATEL,EQ,52671,26952,51.17
20,2344,VINNY,EQ,771821,564493,73.14
20,2345,VINSYS,SM,240000,172000,71.67
20,2346,VINYAS,SM,1600,1600,100.00
20,2347,VINYLINDIA,EQ,21268,10553,49.62
20,2348,VIPCLOTHNG,EQ,123428,68894,55.82
20,2349,VIPIND,EQ,569797,186042,32.65
20,2350,VIRINCHI,EQ,615047,382440,62.18
20,2351,VISAKAIND,EQ,311845,206010,66.06
20,2352,VISHNU,EQ,99857,69384,69.48
20,2353,VISHNUINFR,SM,32000,22000,68.75
20,2354,VISHWARAJ,EQ,974445,343182,35.22
20,2355,VISHWAS,SM,72000,62400,86.67
20,2356,VITAL,SM,12000,9600,80.00
20,2357,VIVIANA,ST,24000,22000,91.67
20,2358,VIVO,SM,3200,3200,100.00
20,2359,VLSFINANCE,EQ,299055,86950,29.07
20,2360,VMARCIND,SM,38000,32000,84.21
20,2361,VMART,EQ,6693,2859,42.72
20,2362,VOLTAMP,EQ,23468,10891,46.41
20,2363,VOLTAS,EQ,8939049,2614486,29.25
20,2364,VPRPL,EQ,571212,271656,47.56
20,2365,VR,SM,17600,17600,100.00
20,2366,VRLLOG,EQ,77397,46214,59.71
20,2367,VSSL,EQ,275745,115906,42.03
20,2368,VSTIND,EQ,40230,16481,40.97
20,2369,VSTL,EQ,95611,67768,70.88
20,2370,VSTTILLERS,EQ,5913,3120,52.77
20,2371,VTL,EQ,118562,59927,50.54
20,2372,WABAG,EQ,2959687,659895,22.30
20,2373,WALPAR,ST,4000,4000,100.00
20,2374,WANBURY,EQ,244097,178005,72.92
20,2375,WEALTH,EQ,5360,3170,59.14
20,2376,WEIZMANIND,EQ,14608,11420,78.18
20,2377,WEL,EQ,18072,9831,54.40
20,2378,WELCORP,EQ,916410,283737,30.96
20,2379,WELENT,EQ,199622,107052,53.63
20,2380,WELINV,EQ,1127,590,52.35
20,2381,WELSPUNLIV,EQ,681418,326602,47.93
20,2382,WENDT,EQ,619,384,62.04
20,2383,WESTLIFE,EQ,35638,18289,51.32
20,2384,WEWIN,EQ,80845,55446,68.58
20,2385,WHEELS,EQ,29369,18117,61.69
20,2386,WHIRLPOOL,EQ,605392,264777,43.74
20,2387,WILLAMAGOR,EQ,10858,5902,54.36
20,2388,WINDLAS,EQ,100033,49695,49.68
20,2389,WINDMACHIN,EQ,376212,230216,61.19
20,2390,WIPL,EQ,102,102,100.00
20,2391,WIPRO,EQ,9440870,2480903,26.28
20,2392,WOMANCART,SM,30400,27200,89.47
20,2393,WONDERLA,EQ,86952,43592,50.13
20,2394,WORTH,EQ,8196,5387,65.73
20,2395,WSI,EQ,275747,167773,60.84
20,2396,WSTCSTPAPR,EQ,82619,41822,50.62
20,2397,WTICAB,SM,131000,95000,72.52
20,2398,XCHANGING,EQ,207306,115429,55.68
20,2399,XPROINDIA,EQ,25940,14360,55.36
20,2400,YASHO,EQ,9976,4195,42.05
20,2401,YASHOPTICS,ST,33600,33600,100.00
20,2402,YATHARTH,EQ,135148,74729,55.29
20,2403,YATRA,EQ,76054,40889,53.76
20,2404,YCCL,SM,3000,3000,100.00
20,2405,YESBANK,EQ,325840643,95421072,29.28
20,2406,YUDIZ,SM,17600,12800,72.73
20,2407,YUKEN,EQ,60545,29280,48.36
20,2408,ZAGGLE,EQ,1008922,450123,44.61
20,2409,ZEAL,SM,24600,18000,73.17
20,2410,ZEEL,EQ,6108928,2741857,44.88
20,2411,ZEEMEDIA,EQ,2996077,1162635,38.81
20,2412,ZENITHDRUG,SM,59200,46400,78.38
20,2413,ZENITHEXPO,EQ,893,599,67.08
20,2414,ZENITHSTL,EQ,1081754,644814,59.61
20,2415,ZENSARTECH,EQ,567626,240724,42.41
20,2416,ZENTEC,EQ,450302,233781,51.92
20,2417,ZFCVINDIA,EQ,6885,2920,42.41
20,2418,ZIMLAB,EQ,155599,104200,66.97
20,2419,ZODIACLOTH,EQ,36946,28115,76.10
20,2420,ZOMATO,EQ,28792292,17451134,60.61
20,2421,ZOTA,EQ,6502,3160,48.60
20,2422,ZUARI,EQ,102684,48521,47.25
20,2423,ZUARIIND,EQ,201612,114664,56.87
20,2424,ZYDUSLIFE,EQ,1739090,847569,48.74
20,2425,ZYDUSWELL,EQ,35777,21021,58.76
