Security Wise Delivery Position - Compulsory Rolling Settlement
10,MTO,14082024,1527700451,0002488
Trade Date <14-AUG-2024>,Settlement Type <N>
Record Type,Sr No,Name of Security,Quantity Traded,Deliverable Quantity(gross across client level),% of Deliverable Quantity to Traded Quantity
20,1,1003IIFL29,NC,25,25,100.00
20,2,1003ISFL28,N4,369,369,100.00
20,3,1015ECL29,NR,930,845,90.86
20,4,1015SCFL29,YY,50,50,100.00
20,5,1015SCL28B,AZ,3,3,100.00
20,6,1018GS2026,GS,1945,1945,100.00
20,7,1025NFL25,N5,30,30,100.00
20,8,1025SCL34A,ZT,92,92,100.00
20,9,1025UCL25,N8,24,24,100.00
20,10,1049DLSL25,NX,9,9,100.00
20,11,1050NFL26,N7,249,247,99.20
20,12,1050UCL25,N7,84,84,100.00
20,13,105UCL2026,NB,2,2,100.00
20,14,1065NFL27,NC,900,900,100.00
20,15,10IIFL28,N4,370,267,72.16
20,16,10IIFL28A,NE,374,374,100.00
20,17,10IIFL29,N6,50,50,100.00
20,18,10NFL25,N9,5,5,100.00
20,19,10NIDO26,N6,3166,3166,100.00
20,20,182D011124,TB,200,200,100.00
20,21,182D060225,TB,1100,1100,100.00
20,22,182D111024,TB,500,500,100.00
20,23,182D120924,TB,200,200,100.00
20,24,182D141124,TB,200,200,100.00
20,25,182D190924,TB,400,200,50.00
20,26,182D220824,TB,25000,15000,60.00
20,27,182D260924,TB,1900,1900,100.00
20,28,182D281124,TB,100,100,100.00
20,29,182D290824,TB,100,100,100.00
20,30,20MICRONS,EQ,302092,113489,37.57
20,31,360ONE,EQ,1346223,1181792,87.79
20,32,364D051224,TB,1100,1100,100.00
20,33,364D150525,TB,6000,6000,100.00
20,34,364D220824,TB,2000,1900,95.00
20,35,364D270924,TB,5600,5600,100.00
20,36,364D311024,TB,9000,9000,100.00
20,37,3IINFOLTD,EQ,774120,441635,57.05
20,38,3MINDIA,EQ,5400,3185,58.98
20,39,563GS2026,GS,101,100,99.01
20,40,574GS2026,GS,2888,2888,100.00
20,41,5PAISA,EQ,21679,10133,46.74
20,42,610GS2031,GS,61817,60692,98.18
20,43,618GS2024,GS,2,2,100.00
20,44,63MOONS,EQ,214112,101744,47.52
20,45,654GS2032,GS,3000,3000,100.00
20,46,667GS2050,GS,510,510,100.00
20,47,676GS2061,GS,57,57,100.00
20,48,679GS2027,GS,300001,300000,100.00
20,49,68GS2060,GS,50,50,100.00
20,50,697GR2034,GS,789,734,93.03
20,51,699GS2051,GS,1088,1088,100.00
20,52,704GS2029,GS,1001,1001,100.00
20,53,706GS2028,GS,103166,103166,100.00
20,54,710GS2029,GS,8900,8900,100.00
20,55,716GS2050,GS,99,99,100.00
20,56,717GS2030,GS,19312,19312,100.00
20,57,718GS2033,GS,3210,3210,100.00
20,58,718GS2037,GS,49860,49780,99.84
20,59,71GS2034,GS,2,2,100.00
20,60,723GS2039,GS,500,500,100.00
20,61,725GS2063,GS,16885,16885,100.00
20,62,726GS2032,GS,30885,30880,99.98
20,63,726GS2033,GS,1140,1140,100.00
20,64,727GS2026,GS,400,400,100.00
20,65,728IRFC30,NG,661,661,100.00
20,66,729NHAI26,NC,25,25,100.00
20,67,733GS2026,GS,2850,2850,100.00
20,68,734GS2064,GS,602,601,99.83
20,69,735IRFC31,NM,558,558,100.00
20,70,735PFCL35,N1,1000,1000,100.00
20,71,736GS2052,GS,100,100,100.00
20,72,737GS2028,GS,1800,1800,100.00
20,73,738GS2027,GS,16597,15497,93.37
20,74,738REC27TF,N2,300,300,100.00
20,75,739NHAI26,N8,62,62,100.00
20,76,739NHAI31A,ND,208,208,100.00
20,77,73GS2053,GS,2605,2105,80.81
20,78,741GS2036,GS,73590,73590,100.00
20,79,743REC35,NH,11,11,100.00
20,80,746GS2073,GS,20750,20400,98.31
20,81,74GS2062,GS,2050,2050,100.00
20,82,751HUDCO28,N5,1255,1255,100.00
20,83,753IRFC30,NJ,1095,752,68.68
20,84,753NTPC30E,NC,78,78,100.00
20,85,754GS2036,GS,339074,339074,100.00
20,86,757GS2033,GS,99,99,100.00
20,87,760PFCL35,N3,28,28,100.00
20,88,762NTPC35F,ND,47,47,100.00
20,89,764HUDCO31,N8,2,1,50.00
20,90,764NABAR31,N2,849,774,91.17
20,91,765UP34,SG,100,100,100.00
20,92,768KA37,SG,100,100,100.00
20,93,769GS2043,GS,700,700,100.00
20,94,769HUDCO31,N9,2,2,100.00
20,95,769NHAI31,NE,5180,5165,99.71
20,96,76KL45,SG,100,100,100.00
20,97,76NHAI31,NA,1185,935,78.90
20,98,772GS2049,GS,27,27,100.00
20,99,774IREDA31,N7,125,125,100.00
20,100,777PN36,SG,100,100,100.00
20,101,794TN32,SG,2000,2000,100.00
20,102,79NHIT35,N1,1415,1233,87.14
20,103,79NHIT40,N2,1256,1221,97.21
20,104,79NHIT47,N3,900,900,100.00
20,105,801TCH25,N4,45,45,100.00
20,106,810IRFC27,N2,95,90,94.74
20,107,812REC27,NI,3000,3000,100.00
20,108,81TCHF28,N8,10,10,100.00
20,109,820IIFL27,N9,80,80,100.00
20,110,824GS2027,GS,400,400,100.00
20,111,825IIFL25,N7,46,45,97.83
20,112,828GS2027,GS,1050,1050,100.00
20,113,829LTF24,NL,52,50,96.15
20,114,82HUDCO27,N2,500,500,100.00
20,115,82IGT31,NJ,824,811,98.42
20,116,830NHAI27,N2,637,587,92.15
20,117,830PFCL27,N5,4000,4000,100.00
20,118,835IFL25,NV,437,437,100.00
20,119,835SCL23,NN,13,13,100.00
20,120,840CIFCL28,N4,121,121,100.00
20,121,842IIFL26,NL,3762,3762,100.00
20,122,843IHFL29,NC,50,50,100.00
20,123,847SCL25,Z2,60,60,100.00
20,124,849NTPC25,N7,12472,9618,77.12
20,125,850CIFCL26,NE,15,15,100.00
20,126,850IIFL27,NA,50,50,100.00
20,127,85CIFC27,NL,150,150,100.00
20,128,85IIFL25,NO,10,10,100.00
20,129,865IFL28,NZ,20,14,70.00
20,130,865IIFL28,NS,436,435,99.77
20,131,865IRFC29,NA,2000,2000,100.00
20,132,865LTF26,NN,90,90,100.00
20,133,865TCAPS27,N8,600,600,100.00
20,134,86LTF24,NJ,495,275,55.56
20,135,871REC28,N9,1,1,100.00
20,136,873NTPC28,N5,50,50,100.00
20,137,875IHFL29,ND,204,202,99.02
20,138,875IIFL26,NM,50,50,100.00
20,139,875IIFL26A,NQ,100,100,100.00
20,140,875NHAI29,N6,3011,2982,99.04
20,141,875SFL27,ZF,10,10,100.00
20,142,876HUDCO28,ND,960,960,100.00
20,143,879NHPC28,N5,371,371,100.00
20,144,87LTF27,NH,74,74,100.00
20,145,880IREDA34,N6,539,539,100.00
20,146,885MOFSL26,N0,136,135,99.26
20,147,885TCAPS29,NC,50,50,100.00
20,148,888ERFL28,N5,8,8,100.00
20,149,888IRFC29,NE,50,50,100.00
20,150,891IIFCL34,N4,150,150,100.00
20,151,892NHPC33,N6,728,694,95.33
20,152,892PFCL33,N8,2136,2000,93.63
20,153,893NHB29,N6,119,119,100.00
20,154,897MOFSL29,N4,3768,3768,100.00
20,155,898LTF29,N7,42,42,100.00
20,156,8ABFL26,N0,50,50,100.00
20,157,901HUDCO34,NE,999,717,71.77
20,158,901NHB34,N6,219,206,94.06
20,159,903SFL28,YI,653,653,100.00
20,160,910TCAP28,NA,226,226,100.00
20,161,915SCL26,NE,5,5,100.00
20,162,916SCL25,ZW,675,500,74.07
20,163,91D031024,TB,300,300,100.00
20,164,91D050924,TB,400,200,50.00
20,165,91D071124,TB,100,100,100.00
20,166,91D101024,TB,1300,1300,100.00
20,167,91D120924,TB,100,100,100.00
20,168,91D181024,TB,1600,1300,81.25
20,169,91D190924,TB,1100,1100,100.00
20,170,91D311024,TB,500,500,100.00
20,171,925ERFL28,N6,50,50,100.00
20,172,925IHFL25D,N6,5,5,100.00
20,173,925IHFL25E,N8,1,1,100.00
20,174,925SCL25B,Y3,40,30,75.00
20,175,92ICCL28,ND,16,16,100.00
20,176,930SFL28,YP,27,27,100.00
20,177,935LTF29,N5,46,46,100.00
20,178,935PEL33,N3,10,10,100.00
20,179,93MOFSL34,N6,107,107,100.00
20,180,93SCL24,ZP,15,15,100.00
20,181,943ECL28,NJ,200,200,100.00
20,182,945CAGL24,N1,22,22,100.00
20,183,945IFSL25,N4,1,1,100.00
20,184,948SCL26I,AX,19,19,100.00
20,185,94SFL28,YL,25,25,100.00
20,186,950SCL23A,AP,19,10,52.63
20,187,957ICCL25,YW,25,25,100.00
20,188,957ISFL26,N2,2,1,50.00
20,189,96IIFL28,N5,3050,2204,72.26
20,190,96IIFL28A,NF,471,471,100.00
20,191,96SFL24A,NB,38,38,100.00
20,192,970CAGL28,ND,10,10,100.00
20,193,971SCL28I,BC,359,271,75.49
20,194,975NFL25,N0,123,123,100.00
20,195,97MOFSL34,N7,50,50,100.00
20,196,97SFL29,YZ,25,25,100.00
20,197,985ECL28,NK,2,2,100.00
20,198,985IIFL22,NC,13,10,76.92
20,199,99IFCI24,NH,730,730,100.00
20,200,99SCL27,ZH,10,10,100.00
20,201,9ICCL23A,N0,5,5,100.00
20,202,9IIFL28,Y0,32,32,100.00
20,203,9IIFL28A,NT,485,485,100.00
20,204,9MMFSML,N2,35,35,100.00
20,205,9PEL25,N0,12,12,100.00
20,206,9SCFL25,Y5,18,18,100.00
20,207,9SFL25A,ZH,70,70,100.00
20,208,AAATECH,EQ,31156,11680,37.49
20,209,AADHARHFC,EQ,750852,433589,57.75
20,210,AAREYDRUGS,EQ,670192,299792,44.73
20,211,AARON,EQ,9020,4277,47.42
20,212,AARTECH,EQ,245840,92735,37.72
20,213,AARTIDRUGS,EQ,97873,43942,44.90
20,214,AARTIIND,EQ,9203573,2452642,26.65
20,215,AARTIPHARM,EQ,233383,97422,41.74
20,216,AARTISURF,EQ,14188,9419,66.39
20,217,AARVI,EQ,22655,15073,66.53
20,218,AATMAJ,SM,14000,10000,71.43
20,219,AAVAS,EQ,141667,57918,40.88
20,220,ABAN,EQ,752749,331207,44.00
20,221,ABB,EQ,505429,176845,34.99
20,222,ABBOTINDIA,EQ,8129,2779,34.19
20,223,ABCAPITAL,EQ,6626021,3301763,49.83
20,224,ABCOTS,SM,1000,1000,100.00
20,225,ABDL,EQ,2029030,822934,40.56
20,226,ABFRL,EQ,1586347,564250,35.57
20,227,ABGSEC,EQ,122,114,93.44
20,228,ABINFRA,SM,98000,96000,97.96
20,229,ABSLAMC,EQ,1456098,1267057,87.02
20,230,ABSLBANETF,EQ,159131,128139,80.52
20,231,ABSLLIQUID,EQ,744,437,58.74
20,232,ABSLNN50ET,EQ,13124,5051,38.49
20,233,ABSLPSE,EQ,2322416,2143231,92.28
20,234,ABSMARINE,SM,52000,31000,59.62
20,235,ACC,EQ,179492,64539,35.96
20,236,ACCELYA,EQ,25671,15770,61.43
20,237,ACCENTMIC,SM,26000,22000,84.62
20,238,ACE,EQ,267061,145955,54.65
20,239,ACEINTEG,EQ,43077,18004,41.79
20,240,ACI,EQ,345094,147548,42.76
20,241,ACL,EQ,36706,24433,66.56
20,242,ACLGATI,EQ,447234,281154,62.87
20,243,ACSAL,SM,42000,39000,92.86
20,244,ADANIENSOL,EQ,3846943,1014755,26.38
20,245,ADANIENT,EQ,1232383,271224,22.01
20,246,ADANIGREEN,EQ,815835,353912,43.38
20,247,ADANIPORTS,EQ,2648057,830171,31.35
20,248,ADANIPOWER,EQ,14521140,8379871,57.71
20,249,ADFFOODS,EQ,191013,122724,64.25
20,250,ADL,EQ,9606,2797,29.12
20,251,ADORWELD,EQ,25828,17450,67.56
20,252,ADROITINFO,EQ,64833,31900,49.20
20,253,ADROITPP1,E1,37803,36957,97.76
20,254,ADSL,EQ,371510,132564,35.68
20,255,ADVANIHOTR,EQ,86887,37682,43.37
20,256,ADVENZYMES,EQ,637161,283860,44.55
20,257,AEGISLOG,EQ,135594,53370,39.36
20,258,AEROFLEX,EQ,429220,205229,47.81
20,259,AETHER,EQ,39861,20293,50.91
20,260,AFFLE,EQ,782100,405279,51.82
20,261,AFIL,EQ,136968,89723,65.51
20,262,AGARIND,EQ,59231,25586,43.20
20,263,AGARWALFT,ST,21000,18000,85.71
20,264,AGI,EQ,307688,142720,46.38
20,265,AGIIL,EQ,4883,3882,79.50
20,266,AGNI,SM,57500,45000,78.26
20,267,AGRITECH,EQ,25567,13456,52.63
20,268,AGROPHOS,EQ,26786,16571,61.86
20,269,AGSTRA,EQ,800865,342313,42.74
20,270,AHL,EQ,353888,145482,41.11
20,271,AHLEAST,EQ,10211,5476,53.63
20,272,AHLUCONT,EQ,266624,134480,50.44
20,273,AIAENG,EQ,51501,27365,53.13
20,274,AIIL,EQ,105611,41972,39.74
20,275,AILIMITED,ST,39000,36000,92.31
20,276,AIMTRON,ST,46400,43200,93.10
20,277,AIROLAM,EQ,5751,2967,51.59
20,278,AIRTELPP,E1,69998,43857,62.65
20,279,AISL,SM,88800,82800,93.24
20,280,AJANTPHARM,EQ,562647,171808,30.54
20,281,AJOONI,EQ,881682,509233,57.76
20,282,AKANKSHA,ST,56000,54000,96.43
20,283,AKASH,EQ,115883,33657,29.04
20,284,AKG,EQ,51701,41986,81.21
20,285,AKI,EQ,115602,66328,57.38
20,286,AKIKO,SM,41600,28800,69.23
20,287,AKSHAR,EQ,2787487,2027772,72.75
20,288,AKSHARCHEM,EQ,5497,3227,58.70
20,289,AKSHOPTFBR,EQ,184046,119688,65.03
20,290,AKUMS,EQ,1933549,658029,34.03
20,291,AKZOINDIA,EQ,8458,3687,43.59
20,292,ALANKIT,EQ,1200146,549786,45.81
20,293,ALBERTDAVD,EQ,21844,11722,53.66
20,294,ALEMBICLTD,EQ,1109556,375032,33.80
20,295,ALICON,EQ,19843,10065,50.72
20,296,ALKALI,EQ,26160,12910,49.35
20,297,ALKEM,EQ,353454,211999,59.98
20,298,ALKYLAMINE,EQ,33638,16906,50.26
20,299,ALLCARGO,EQ,1900478,750553,39.49
20,300,ALLETEC,SM,64000,42000,65.63
20,301,ALLSEC,EQ,19650,12114,61.65
20,302,ALOKINDS,EQ,8187619,2602531,31.79
20,303,ALPA,EQ,330679,122587,37.07
20,304,ALPEXSOLAR,ST,199200,160800,80.72
20,305,ALPHA,EQ,852538,411280,48.24
20,306,ALPHAETF,EQ,865694,618109,71.40
20,307,ALPL30IETF,EQ,8988186,7289256,81.10
20,308,ALUWIND,ST,30000,30000,100.00
20,309,AMBANIORGO,SM,6000,4000,66.67
20,310,AMBER,EQ,118241,60716,51.35
20,311,AMBEY,SM,106000,92000,86.79
20,312,AMBICAAGAR,EQ,34217,17987,52.57
20,313,AMBIKCO,EQ,70472,41649,59.10
20,314,AMBUJACEM,EQ,930171,405040,43.54
20,315,AMDIND,EQ,87419,42749,48.90
20,316,AMEYA,SM,18000,14000,77.78
20,317,AMIORG,EQ,95347,45663,47.89
20,318,AMNPLST,EQ,14942,5782,38.70
20,319,AMRUTANJAN,EQ,194180,116811,60.16
20,320,ANANDRATHI,EQ,17944,11958,66.64
20,321,ANANTRAJ,EQ,1893925,1116616,58.96
20,322,ANDHRAPAP,EQ,60801,36042,59.28
20,323,ANDHRSUGAR,EQ,166582,59779,35.89
20,324,ANGELONE,EQ,298178,101191,33.94
20,325,ANNAPURNA,SM,1004500,469000,46.69
20,326,ANTGRAPHIC,EQ,1847324,1296705,70.19
20,327,ANUP,EQ,45375,23334,51.42
20,328,ANURAS,EQ,372894,146620,39.32
20,329,APARINDS,EQ,73061,28712,39.30
20,330,APCL,EQ,18353,10811,58.91
20,331,APCOTEXIND,EQ,42632,18312,42.95
20,332,APEX,EQ,236861,77976,32.92
20,333,APLAPOLLO,EQ,406432,311222,76.57
20,334,APLLTD,EQ,287862,92987,32.30
20,335,APOLLO,EQ,1674028,795814,47.54
20,336,APOLLOHOSP,EQ,1723346,362723,21.05
20,337,APOLLOPIPE,EQ,76420,42782,55.98
20,338,APOLLOTYRE,EQ,1512958,540953,35.75
20,339,APOLSINHOT,EQ,4751,3303,69.52
20,340,APRAMEYA,ST,76000,72000,94.74
20,341,APS,ST,89500,67500,75.42
20,342,APTECHT,EQ,121441,51978,42.80
20,343,APTUS,EQ,400084,259002,64.74
20,344,ARABIAN,SM,4000,4000,100.00
20,345,ARCHIDPLY,EQ,82952,39310,47.39
20,346,ARCHIES,EQ,70812,42070,59.41
20,347,ARE&M,EQ,515931,248263,48.12
20,348,ARHAM,SM,15000,15000,100.00
20,349,ARIES,EQ,228217,113093,49.56
20,350,ARIHANTACA,SM,800,800,100.00
20,351,ARIHANTCAP,EQ,420458,181967,43.28
20,352,ARIHANTSUP,EQ,21430,9455,44.12
20,353,ARISTO,SM,3200,3200,100.00
20,354,ARMANFIN,EQ,39799,22654,56.92
20,355,AROGRANITE,EQ,11620,6586,56.68
20,356,ARROWGREEN,EQ,160558,75286,46.89
20,357,ARTEMISMED,EQ,132009,81064,61.41
20,358,ARVIND,EQ,811237,316880,39.06
20,359,ARVINDFASN,EQ,462271,299880,64.87
20,360,ARVSMART,EQ,33005,15503,46.97
20,361,ASAHIINDIA,EQ,40623,15657,38.54
20,362,ASAHISONG,EQ,47463,19621,41.34
20,363,ASAL,EQ,65158,29532,45.32
20,364,ASALCBR,EQ,65344,27767,42.49
20,365,ASHALOG,ST,104000,97000,93.27
20,366,ASHAPURMIN,EQ,280770,141552,50.42
20,367,ASHIANA,EQ,106268,51507,48.47
20,368,ASHOKA,EQ,1749949,382304,21.85
20,369,ASHOKAMET,EQ,53928,33306,61.76
20,370,ASHOKLEY,EQ,4645867,1815628,39.08
20,371,ASIANENE,EQ,295197,135458,45.89
20,372,ASIANHOTNR,EQ,2091,1476,70.59
20,373,ASIANPAINT,EQ,454671,179413,39.46
20,374,ASIANTILES,EQ,1576592,520523,33.02
20,375,ASKAUTOLTD,EQ,198098,90413,45.64
20,376,ASMS,EQ,1215717,713982,58.73
20,377,ASPINWALL,EQ,12101,5951,49.18
20,378,ASPIRE,SM,32000,22000,68.75
20,379,ASTEC,EQ,64246,36026,56.08
20,380,ASTERDM,EQ,945096,581969,61.58
20,381,ASTRAL,EQ,810952,540339,66.63
20,382,ASTRAMICRO,EQ,878475,330374,37.61
20,383,ASTRAZEN,EQ,10811,3665,33.90
20,384,ATAM,EQ,112503,61773,54.91
20,385,ATFL,EQ,23868,11147,46.70
20,386,ATGL,EQ,5149876,3260903,63.32
20,387,ATL,EQ,917205,474742,51.76
20,388,ATMASTCO,ST,81600,72000,88.24
20,389,ATUL,EQ,43446,13870,31.92
20,390,AUBANK,EQ,1823476,938317,51.46
20,391,AURDIS,SM,17000,10000,58.82
20,392,AURIONPRO,EQ,57788,35837,62.01
20,393,AUROIMPEX,SM,14400,12800,88.89
20,394,AUROPHARMA,EQ,1961578,1321140,67.35
20,395,AURUM,EQ,853218,261830,30.69
20,396,AURUMPP1,E1,20060,15838,78.95
20,397,AUTOAXLES,EQ,9070,4516,49.79
20,398,AUTOBEES,EQ,117589,61719,52.49
20,399,AUTOIETF,EQ,233791,95411,40.81
20,400,AUTOIND,EQ,278921,63948,22.93
20,401,AVADHSUGAR,EQ,107624,32318,30.03
20,402,AVALON,EQ,87520,40191,45.92
20,403,AVANTEL,EQ,962410,565575,58.77
20,404,AVANTIFEED,EQ,2351014,503932,21.43
20,405,AVG,EQ,76827,47241,61.49
20,406,AVPINFRA,SM,209600,126400,60.31
20,407,AVROIND,EQ,54094,39962,73.88
20,408,AVTNPL,EQ,187285,122986,65.67
20,409,AWFIS,EQ,1020405,205375,20.13
20,410,AWHCL,EQ,290008,113526,39.15
20,411,AWL,EQ,3362861,1251774,37.22
20,412,AXISBANK,EQ,5021841,3025811,60.25
20,413,AXISBNKETF,EQ,1041,883,84.82
20,414,AXISBPSETF,EQ,37719,33060,87.65
20,415,AXISCADES,EQ,166189,95846,57.67
20,416,AXISCETF,EQ,597,469,78.56
20,417,AXISGOLD,EQ,109220,67097,61.43
20,418,AXISHCETF,EQ,6846,5579,81.49
20,419,AXISILVER,EQ,10259,8129,79.24
20,420,AXISNIFTY,EQ,2963,2767,93.39
20,421,AXISTECETF,EQ,11832,10638,89.91
20,422,AXITA,EQ,1665112,519531,31.20
20,423,AXSENSEX,EQ,366,236,64.48
20,424,AZAD,EQ,106215,50369,47.42
20,425,BABAFP,SM,9600,9600,100.00
20,426,BAGFILMS,EQ,249847,184091,73.68
20,427,BAHETI,SM,1500,1500,100.00
20,428,BAJAJ-AUTO,EQ,282934,167040,59.04
20,429,BAJAJCON,EQ,689909,266371,38.61
20,430,BAJAJELEC,EQ,67821,48635,71.71
20,431,BAJAJFINSV,EQ,1173504,738770,62.95
20,432,BAJAJHCARE,EQ,1346544,574346,42.65
20,433,BAJAJHIND,EQ,17817658,6611760,37.11
20,434,BAJAJHLDNG,EQ,56696,32482,57.29
20,435,BAJEL,EQ,270745,129945,48.00
20,436,BAJFINANCE,EQ,774276,437223,56.47
20,437,BALAMINES,EQ,89353,24135,27.01
20,438,BALAXI,EQ,11817,4083,34.55
20,439,BALKRISHNA,EQ,10591,7365,69.54
20,440,BALKRISIND,EQ,209425,93090,44.45
20,441,BALMLAWRIE,EQ,191212,73614,38.50
20,442,BALPHARMA,EQ,30133,8170,27.11
20,443,BALRAMCHIN,EQ,3023146,701215,23.19
20,444,BALUFORGE,EQ,666186,239338,35.93
20,445,BANARBEADS,EQ,9948,6032,60.64
20,446,BANARISUG,EQ,1491,794,53.25
20,447,BANCOINDIA,EQ,172658,96768,56.05
20,448,BANDHANBNK,EQ,9922718,3568804,35.97
20,449,BANG,EQ,88926,27616,31.06
20,450,BANKBARODA,EQ,13196198,5832266,44.20
20,451,BANKBEES,EQ,806481,444647,55.13
20,452,BANKBETF,EQ,40176,38906,96.84
20,453,BANKETF,EQ,2258,1958,86.71
20,454,BANKETFADD,EQ,43787,42200,96.38
20,455,BANKIETF,EQ,122311,93833,76.72
20,456,BANKINDIA,EQ,4845249,2056685,42.45
20,457,BANKNIFTY1,EQ,16392,10686,65.19
20,458,BANSALWIRE,EQ,221266,109180,49.34
20,459,BANSWRAS,EQ,28642,17656,61.64
20,460,BARBEQUE,EQ,112672,69181,61.40
20,461,BASF,EQ,50205,27499,54.77
20,462,BASILIC,ST,27900,26400,94.62
20,463,BASML,EQ,306411,221887,72.41
20,464,BATAINDIA,EQ,295572,101748,34.42
20,465,BAWEJA,SM,37600,24800,65.96
20,466,BAYERCROP,EQ,21953,12433,56.63
20,467,BBETF0432,EQ,3385,3049,90.07
20,468,BBL,EQ,22348,12889,57.67
20,469,BBNPNBETF,EQ,281,251,89.32
20,470,BBNPPGOLD,EQ,2674,2194,82.05
20,471,BBTC,EQ,130781,34622,26.47
20,472,BBTCL,EQ,2140,1341,62.66
20,473,BCLIND,EQ,11415172,2700232,23.65
20,474,BCONCEPTS,EQ,19341,10521,54.40
20,475,BDL,EQ,1026488,433293,42.21
20,476,BEACON,SM,212000,90000,42.45
20,477,BEARDSELL,EQ,105481,66835,63.36
20,478,BECTORFOOD,EQ,110439,53385,48.34
20,479,BEDMUTHA,EQ,21420,14384,67.15
20,480,BEL,EQ,16641055,7083469,42.57
20,481,BEML,EQ,978443,363825,37.18
20,482,BEPL,EQ,1202999,237467,19.74
20,483,BERGEPAINT,EQ,3121337,1519784,48.69
20,484,BESTAGRO,EQ,129247,61432,47.53
20,485,BETA,SM,2900,1900,65.52
20,486,BEWLTD,SM,1000,1000,100.00
20,487,BFINVEST,EQ,177931,85507,48.06
20,488,BFSI,EQ,212405,171545,80.76
20,489,BFUTILITIE,EQ,695494,91916,13.22
20,490,BHAGCHEM,EQ,261233,150264,57.52
20,491,BHAGERIA,EQ,102518,50578,49.34
20,492,BHAGYANGR,EQ,97384,48164,49.46
20,493,BHANDARI,EQ,4177340,1801584,43.13
20,494,BHARATFORG,EQ,464424,193663,41.70
20,495,BHARATGEAR,EQ,18273,11975,65.53
20,496,BHARATRAS,EQ,22609,3778,16.71
20,497,BHARATWIRE,EQ,116459,68816,59.09
20,498,BHARTIARTL,EQ,5891784,3828421,64.98
20,499,BHARTIHEXA,EQ,90832,31419,34.59
20,500,BHEL,EQ,10643943,2222877,20.88
20,501,BHINVIT,IV,190830,177974,93.26
20,502,BIGBLOC,EQ,156840,83690,53.36
20,503,BIKAJI,EQ,705861,320442,45.40
20,504,BIL,EQ,14793,11061,74.77
20,505,BINANIIND,EQ,28924,21038,72.74
20,506,BIOCON,EQ,3713151,1037085,27.93
20,507,BIOFILCHEM,EQ,41268,20694,50.15
20,508,BIRDYS,ST,1200,1200,100.00
20,509,BIRET,RR,108391,91345,84.27
20,510,BIRLACABLE,EQ,87050,34547,39.69
20,511,BIRLACORPN,EQ,182618,66383,36.35
20,512,BIRLAMONEY,EQ,247561,116808,47.18
20,513,BLAL,EQ,154311,69832,45.25
20,514,BLISSGVS,EQ,301743,126865,42.04
20,515,BLKASHYAP,EQ,3681392,1142687,31.04
20,516,BLS,EQ,1144918,373445,32.62
20,517,BLSE,EQ,369118,217908,59.03
20,518,BLUEDART,EQ,4791,1827,38.13
20,519,BLUEJET,EQ,102996,47700,46.31
20,520,BLUEPEBBLE,SM,2400,2400,100.00
20,521,BLUESTARCO,EQ,439338,265893,60.52
20,522,BMETRICS,SM,9200,6000,65.22
20,523,BODALCHEM,EQ,1168054,311917,26.70
20,524,BOMDYEING,EQ,2711327,512495,18.90
20,525,BOROLTD,EQ,322810,138678,42.96
20,526,BORORENEW,EQ,396832,153110,38.58
20,527,BOROSCI,EQ,227330,111439,49.02
20,528,BOSCHLTD,EQ,26467,10567,39.93
20,529,BPCL,EQ,8457477,3540259,41.86
20,530,BRIGADE,EQ,360284,300123,83.30
20,531,BRIGHT,SZ,414000,390000,94.20
20,532,BRITANNIA,EQ,164575,82469,50.11
20,533,BROOKS,EQ,41549,26378,63.49
20,534,BSE,EQ,416027,214245,51.50
20,535,BSE500IETF,EQ,186944,126922,67.89
20,536,BSHSL,EQ,34425,10553,30.66
20,537,BSL,EQ,31421,14995,47.72
20,538,BSLGOLDETF,EQ,20873,15927,76.30
20,539,BSLNIFTY,EQ,207456,135622,65.37
20,540,BSLSENETFG,EQ,618,521,84.30
20,541,BSOFT,EQ,3477564,1185173,34.08
20,542,BULKCORP,ST,56400,54000,95.74
20,543,BUTTERFLY,EQ,9813,6127,62.44
20,544,BVCL,EQ,29910,14138,47.27
20,545,CADSYS,SM,3000,3000,100.00
20,546,CAGL28,NE,100,100,100.00
20,547,CALSOFT,EQ,100389,56053,55.84
20,548,CAMLINFINE,EQ,570280,192637,33.78
20,549,CAMPUS,EQ,405863,214334,52.81
20,550,CAMS,EQ,392422,115748,29.50
20,551,CANARYS,ST,76000,64000,84.21
20,552,CANBK,EQ,13061546,5195537,39.78
20,553,CANFINHOME,EQ,272425,81079,29.76
20,554,CANTABIL,EQ,561534,276194,49.19
20,555,CAPACITE,EQ,4648796,791604,17.03
20,556,CAPITALSFB,EQ,54946,24716,44.98
20,557,CAPLIPOINT,EQ,65689,29704,45.22
20,558,CAPTRUST,EQ,46811,27936,59.68
20,559,CARBORUNIV,EQ,51706,27680,53.53
20,560,CARERATING,EQ,78556,54767,69.72
20,561,CARTRADE,EQ,171019,127306,74.44
20,562,CARYSIL,EQ,74482,43667,58.63
20,563,CASTROLIND,EQ,2831378,1052169,37.16
20,564,CBAZAAR,SM,40000,32000,80.00
20,565,CCL,EQ,100648,49859,49.54
20,566,CDSL,EQ,1265092,380526,30.08
20,567,CEATLTD,EQ,85350,27148,31.81
20,568,CEIGALL,EQ,909917,573565,63.03
20,569,CELEBRITY,EQ,252814,151777,60.04
20,570,CELLECOR,SM,450000,336000,74.67
20,571,CELLO,EQ,126831,70353,55.47
20,572,CELLPOINT,SM,36000,24000,66.67
20,573,CENTENKA,EQ,111341,57729,51.85
20,574,CENTEXT,EQ,183452,111421,60.74
20,575,CENTRALBK,EQ,5333876,1879778,35.24
20,576,CENTRUM,EQ,825154,409874,49.67
20,577,CENTUM,EQ,13931,8105,58.18
20,578,CENTURYPLY,EQ,94731,40076,42.31
20,579,CENTURYTEX,EQ,189437,78289,41.33
20,580,CERA,EQ,83909,41445,49.39
20,581,CESC,EQ,4515262,2411912,53.42
20,582,CGCL,EQ,74659,35911,48.10
20,583,CGPOWER,EQ,1520350,676735,44.51
20,584,CGRAPHICS,SM,80000,60800,76.00
20,585,CHALET,EQ,31190,16491,52.87
20,586,CHAMBLFERT,EQ,2638323,672213,25.48
20,587,CHAVDA,SM,38000,29000,76.32
20,588,CHEMBOND,EQ,16660,9433,56.62
20,589,CHEMCON,EQ,37271,20200,54.20
20,590,CHEMFAB,EQ,13300,8841,66.47
20,591,CHEMPLASTS,EQ,434423,234811,54.05
20,592,CHENNPETRO,EQ,5028015,669823,13.32
20,593,CHETANA,SM,62400,44800,71.79
20,594,CHEVIOT,EQ,5673,3600,63.46
20,595,CHOICEIN,EQ,541735,100713,18.59
20,596,CHOLAFIN,EQ,1503161,1047052,69.66
20,597,CHOLAHLDNG,EQ,869270,569154,65.47
20,598,CIEINDIA,EQ,239287,181377,75.80
20,599,CIFC26A,N9,2,2,100.00
20,600,CIGNITITEC,EQ,81272,72572,89.30
20,601,CINELINE,EQ,44456,22611,50.86
20,602,CINEVISTA,EQ,24010,19396,80.78
20,603,CIPLA,EQ,896638,413656,46.13
20,604,CLEAN,EQ,162908,71644,43.98
20,605,CLEDUCATE,EQ,214520,137724,64.20
20,606,CLOUD,ST,184000,164000,89.13
20,607,CLSEL,EQ,288126,142612,49.50
20,608,CLSL,SM,16000,12000,75.00
20,609,CMMIPL,ST,27000,27000,100.00
20,610,CMNL,SM,60000,46500,77.50
20,611,CMRSL,SM,5600,5600,100.00
20,612,CMSINFO,EQ,679363,462406,68.06
20,613,COALINDIA,EQ,14766889,5113391,34.63
20,614,COASTCORP,EQ,130495,82851,63.49
20,615,COCHINSHIP,EQ,2352856,528935,22.48
20,616,COFORGE,EQ,234688,139743,59.54
20,617,COLPAL,EQ,471227,344732,73.16
20,618,COMMOIETF,EQ,116702,97723,83.74
20,619,COMPUSOFT,EQ,52063,30605,58.78
20,620,COMSYN,EQ,47269,10660,22.55
20,621,CONCOR,EQ,1483608,792512,53.42
20,622,CONCORDBIO,EQ,52266,21403,40.95
20,623,CONFIPET,EQ,564774,227029,40.20
20,624,CONS,EQ,3088,1900,61.53
20,625,CONSOFINVT,EQ,30733,19261,62.67
20,626,CONSUMBEES,EQ,37052,21262,57.38
20,627,CONSUMIETF,EQ,8526,4790,56.18
20,628,CONTI,ST,29997,29997,100.00
20,629,CONTROLPR,EQ,16117,9042,56.10
20,630,COOLCAPS,SM,1000,1000,100.00
20,631,CORALFINAC,EQ,41131,20213,49.14
20,632,COROMANDEL,EQ,365288,150193,41.12
20,633,COSMOFIRST,EQ,136828,59033,43.14
20,634,CPS,SM,4200,3000,71.43
20,635,CPSEETF,EQ,4591516,1932506,42.09
20,636,CRAFTSMAN,EQ,20423,11981,58.66
20,637,CRAYONS,SM,6000,6000,100.00
20,638,CREATIVE,EQ,21902,12622,57.63
20,639,CREDITACC,EQ,393177,199094,50.64
20,640,CREST,EQ,29318,13115,44.73
20,641,CRISIL,EQ,26708,11328,42.41
20,642,CROMPTON,EQ,1344542,569776,42.38
20,643,CSBBANK,EQ,241864,117372,48.53
20,644,CSLFINANCE,EQ,43246,27816,64.32
20,645,CUB,EQ,1434336,568092,39.61
20,646,CUMMINSIND,EQ,432049,223937,51.83
20,647,CYBERMEDIA,EQ,54988,18864,34.31
20,648,CYBERTECH,EQ,106830,45079,42.20
20,649,CYIENT,EQ,639966,155355,24.28
20,650,CYIENTDLM,EQ,91824,34461,37.53
20,651,DABUR,EQ,2012408,1094766,54.40
20,652,DALBHARAT,EQ,274182,171941,62.71
20,653,DALMIASUG,EQ,73013,31262,42.82
20,654,DAMODARIND,EQ,41033,30211,73.63
20,655,DANGEE,EQ,201234,162420,80.71
20,656,DATAMATICS,EQ,55524,22308,40.18
20,657,DATAPATTNS,EQ,190527,62475,32.79
20,658,DAVANGERE,EQ,2305476,1257394,54.54
20,659,DBCORP,EQ,125388,63967,51.02
20,660,DBL,EQ,763370,303987,39.82
20,661,DBOL,EQ,117654,70948,60.30
20,662,DBREALTY,EQ,2643106,1346852,50.96
20,663,DBSTOCKBRO,EQ,17583,5676,32.28
20,664,DCAL,EQ,2501074,940771,37.61
20,665,DCBBANK,EQ,1458545,891314,61.11
20,666,DCG,ST,31200,27600,88.46
20,667,DCMFINSERV,EQ,199892,160048,80.07
20,668,DCMSHRIRAM,EQ,149670,123885,82.77
20,669,DCMSRIND,EQ,98916,51507,52.07
20,670,DCW,EQ,9244011,3605579,39.00
20,671,DECCANCE,EQ,16263,9363,57.57
20,672,DEEDEV,EQ,233687,102030,43.66
20,673,DEEM,SM,10000,7000,70.00
20,674,DEEPAKFERT,EQ,1497511,402299,26.86
20,675,DEEPAKNTR,EQ,335907,95551,28.45
20,676,DEEPENR,EQ,52061,30895,59.34
20,677,DEEPINDS,EQ,188145,75140,39.94
20,678,DELAPLEX,SM,1800,1800,100.00
20,679,DELHIVERY,EQ,3696755,1662943,44.98
20,680,DELTACORP,EQ,1379193,434464,31.50
20,681,DELTAMAGNT,EQ,5109,2972,58.17
20,682,DEN,EQ,1238569,432456,34.92
20,683,DENEERS,SM,1200,1200,100.00
20,684,DENORA,EQ,11944,7732,64.74
20,685,DENTALKART,SM,9000,7250,80.56
20,686,DESTINY,SM,3000,3000,100.00
20,687,DEVIT,EQ,55627,24032,43.20
20,688,DEVYANI,EQ,1894617,1159853,61.22
20,689,DHAMPURSUG,EQ,312684,120359,38.49
20,690,DHANBANK,EQ,1526411,756081,49.53
20,691,DHANI,EQ,1753799,464892,26.51
20,692,DHANUKA,EQ,41643,22043,52.93
20,693,DHARIWAL,ST,52800,46800,88.64
20,694,DHARMAJ,EQ,302525,113039,37.37
20,695,DHTL,SM,21600,20800,96.30
20,696,DHUNINV,EQ,6628,4311,65.04
20,697,DIAMINESQ,EQ,8236,4516,54.83
20,698,DIAMONDYD,EQ,904206,357934,39.59
20,699,DIGIDRIVE,EQ,248919,143767,57.76
20,700,DIGIKORE,ST,1600,1600,100.00
20,701,DIL,EQ,419413,322921,76.99
20,702,DISHTV,EQ,8659131,2383689,27.53
20,703,DIVGIITTS,EQ,17343,10996,63.40
20,704,DIVISLAB,EQ,729449,290134,39.77
20,705,DIVOPPBEES,EQ,30349,20956,69.05
20,706,DIXON,EQ,472500,182949,38.72
20,707,DKEGL,SM,27000,16500,61.11
20,708,DLF,EQ,2076958,836775,40.29
20,709,DLINKINDIA,EQ,142377,50112,35.20
20,710,DMART,EQ,282580,205022,72.55
20,711,DMCC,EQ,18094,10687,59.06
20,712,DODLA,EQ,57189,40332,70.52
20,713,DOLATALGO,EQ,878705,337394,38.40
20,714,DOLLAR,EQ,125261,68303,54.53
20,715,DOMS,EQ,183737,100754,54.84
20,716,DPABHUSHAN,EQ,71908,19635,27.31
20,717,DPEL,SM,78000,51000,65.38
20,718,DPSCLTD,EQ,675928,347627,51.43
20,719,DPWIRES,EQ,23061,10654,46.20
20,720,DREAMFOLKS,EQ,101796,67486,66.30
20,721,DRONE,ST,83000,74000,89.16
20,722,DRREDDY,EQ,345593,218024,63.09
20,723,DRSDILIP,SM,800,800,100.00
20,724,DSSL,EQ,127348,42666,33.50
20,725,DTIL,EQ,64057,31830,49.69
20,726,DTL,SM,4800,2400,50.00
20,727,DUCOL,ST,30400,28800,94.74
20,728,DUCON,EQ,1301776,706589,54.28
20,729,DURLAX,SM,42000,24000,57.14
20,730,DVL,EQ,125755,55957,44.50
20,731,DWARKESH,EQ,2158907,565981,26.22
20,732,DYCL,EQ,30697,14504,47.25
20,733,DYNAMATECH,EQ,4412,1641,37.19
20,734,DYNAMIC,SM,37000,22000,59.46
20,735,EASEMYTRIP,EQ,9023549,2835835,31.43
20,736,EBBETF0425,EQ,24997,24629,98.53
20,737,EBBETF0430,EQ,10320,9853,95.47
20,738,EBBETF0431,EQ,10764,9876,91.75
20,739,EBBETF0433,EQ,2935,2340,79.73
20,740,ECLERX,EQ,34452,16401,47.61
20,741,EDELWEISS,EQ,32207140,10110755,31.39
20,742,EFACTOR,SM,10400,7200,69.23
20,743,EFFWA,SM,332800,164800,49.52
20,744,EFORCE,SM,19200,13200,68.75
20,745,EGOLD,EQ,3979,2764,69.46
20,746,EICHERMOT,EQ,328795,170431,51.84
20,747,EIDPARRY,EQ,486956,191087,39.24
20,748,EIFFL,EQ,29147,19951,68.45
20,749,EIHAHOTELS,EQ,169353,46066,27.20
20,750,EIHOTEL,EQ,559861,307825,54.98
20,751,EKC,EQ,3231203,1121660,34.71
20,752,ELDEHSG,EQ,2462,1236,50.20
20,753,ELECON,EQ,223164,115955,51.96
20,754,ELECTCAST,EQ,2086456,944976,45.29
20,755,ELGIEQUIP,EQ,183229,97962,53.46
20,756,ELIN,EQ,351975,164706,46.79
20,757,EMAMILTD,EQ,200641,87135,43.43
20,758,EMAMIPAP,EQ,60139,26175,43.52
20,759,EMAMIREAL,EQ,27830,17074,61.35
20,760,EMBASSY,RR,356746,304334,85.31
20,761,EMBDL,EQ,4007898,1432880,35.75
20,762,EMCURE,EQ,279561,87108,31.16
20,763,EMIL,EQ,2813296,1612199,57.31
20,764,EMKAYTOOLS,SM,300,300,100.00
20,765,EMMBI,EQ,32157,21737,67.60
20,766,EMMIL,SM,18000,10000,55.56
20,767,EMSLIMITED,EQ,701696,192525,27.44
20,768,EMUDHRA,EQ,441182,157308,35.66
20,769,ENDURANCE,EQ,135605,95609,70.51
20,770,ENFUSE,ST,13200,10800,81.82
20,771,ENGINERSIN,EQ,4202296,1566643,37.28
20,772,ENIL,EQ,55992,28735,51.32
20,773,ENSER,SM,6000,6000,100.00
20,774,ENTERO,EQ,46357,33639,72.57
20,775,EPACK,EQ,425283,209002,49.14
20,776,EPIGRAL,EQ,151919,35785,23.56
20,777,EPL,EQ,40921454,4755253,11.62
20,778,EQUAL50ADD,EQ,5345,4697,87.88
20,779,EQUITASBNK,EQ,8312910,2484992,29.89
20,780,ERIS,EQ,95477,50543,52.94
20,781,EROSMEDIA,EQ,390858,324305,82.97
20,782,ESABINDIA,EQ,7155,6046,84.50
20,783,ESAFSFB,EQ,588168,330044,56.11
20,784,ESCONET,ST,24800,24800,100.00
20,785,ESCORTS,EQ,124221,39138,31.51
20,786,ESFL,SM,16800,13800,82.14
20,787,ESG,EQ,13736,2683,19.53
20,788,ESILVER,EQ,50804,50600,99.60
20,789,ESPRIT,ST,353600,347200,98.19
20,790,ESSENTIA,EQ,68119928,31417113,46.12
20,791,ESTER,EQ,510313,153191,30.02
20,792,ETHOSLTD,EQ,160013,22286,13.93
20,793,EUROBOND,SM,5000,5000,100.00
20,794,EUROTEXIND,EQ,3921,3608,92.02
20,795,EVEREADY,EQ,522961,187410,35.84
20,796,EVERESTIND,EQ,37513,24777,66.05
20,797,EVINDIA,EQ,515593,359777,69.78
20,798,EXCELINDUS,EQ,78365,27729,35.38
20,799,EXIDEIND,EQ,1525319,496838,32.57
20,800,EXPLEOSOL,EQ,8596,4205,48.92
20,801,EXXARO,EQ,226433,157621,69.61
20,802,FACT,EQ,367941,82328,22.38
20,803,FAIRCHEMOR,EQ,14427,7679,53.23
20,804,FALCONTECH,SM,31200,16800,53.85
20,805,FAZE3Q,EQ,167888,88139,52.50
20,806,FCL,EQ,190016,73059,38.45
20,807,FCSSOFT,EQ,5353846,2662523,49.73
20,808,FDC,EQ,141530,58800,41.55
20,809,FEDERALBNK,EQ,9200992,4139428,44.99
20,810,FEDFINA,EQ,271186,115194,42.48
20,811,FELIX,SM,11000,7000,63.64
20,812,FIDEL,SM,1000,1000,100.00
20,813,FIEMIND,EQ,220772,77530,35.12
20,814,FILATEX,EQ,1549131,561813,36.27
20,815,FILATFASH,EQ,95076245,36722069,38.62
20,816,FINCABLES,EQ,169236,67073,39.63
20,817,FINEORG,EQ,72870,58001,79.60
20,818,FINIETF,EQ,107820,88663,82.23
20,819,FINOPB,EQ,197217,94284,47.81
20,820,FINPIPE,EQ,414245,218240,52.68
20,821,FIRSTCRY,EQ,6852935,3384284,49.38
20,822,FIVESTAR,EQ,286034,156569,54.74
20,823,FLAIR,EQ,50067,31117,62.15
20,824,FLUOROCHEM,EQ,109163,47228,43.26
20,825,FMCGIETF,EQ,346960,178310,51.39
20,826,FMGOETZE,EQ,182100,81251,44.62
20,827,FMNL,EQ,340499,219616,64.50
20,828,FOCE,SM,6600,6600,100.00
20,829,FOCUS,EQ,1836170,869660,47.36
20,830,FONEBOX,SM,14000,12000,85.71
20,831,FOODSIN,EQ,373302,233515,62.55
20,832,FORCEMOT,EQ,14018,6452,46.03
20,833,FORTIS,EQ,1355740,571965,42.19
20,834,FOSECOIND,EQ,2849,1205,42.30
20,835,FROG,SM,65200,45600,69.94
20,836,FSL,EQ,7122393,1433526,20.13
20,837,FUSION,EQ,408616,297124,72.71
20,838,GABRIEL,EQ,1721355,354546,20.60
20,839,GAEL,EQ,538601,240520,44.66
20,840,GAIL,EQ,12489039,5432260,43.50
20,841,GALAXYSURF,EQ,15893,8418,52.97
20,842,GANDHAR,EQ,253491,120357,47.48
20,843,GANDHITUBE,EQ,12325,4480,36.35
20,844,GANECOS,EQ,41613,20706,49.76
20,845,GANESHBE,EQ,233968,142204,60.78
20,846,GANESHHOUC,EQ,28167,14351,50.95
20,847,GANGESSECU,EQ,10276,5174,50.35
20,848,GARFIBRES,EQ,10273,4342,42.27
20,849,GATECH,EQ,9874547,8441177,85.48
20,850,GATEWAY,EQ,771355,439016,56.91
20,851,GEECEE,EQ,7134,1924,26.97
20,852,GEEKAYWIRE,EQ,157251,77853,49.51
20,853,GENESYS,EQ,111623,51982,46.57
20,854,GENSOL,EQ,407370,141589,34.76
20,855,GENUSPAPER,EQ,1931803,735272,38.06
20,856,GENUSPOWER,EQ,1160591,593216,51.11
20,857,GEOJITFSL,EQ,578619,205565,35.53
20,858,GESHIP,EQ,626309,185799,29.67
20,859,GFLLIMITED,EQ,52136,29753,57.07
20,860,GGBL,SM,190800,120600,63.21
20,861,GHCL,EQ,252427,110266,43.68
20,862,GHCLTEXTIL,EQ,970536,310547,32.00
20,863,GICHSGFIN,EQ,185432,77185,41.62
20,864,GICL,SM,66000,48000,72.73
20,865,GICRE,EQ,1198441,244438,20.40
20,866,GILLANDERS,EQ,1424,816,57.30
20,867,GILLETTE,EQ,5501,2754,50.06
20,868,GILT5YBEES,EQ,280322,245201,87.47
20,869,GINNIFILA,EQ,144481,89932,62.24
20,870,GIPCL,EQ,540444,244924,45.32
20,871,GIRIRAJ,SM,750,250,33.33
20,872,GKWLIMITED,EQ,2140,1514,70.75
20,873,GLAND,EQ,122703,42517,34.65
20,874,GLAXO,EQ,129718,99421,76.64
20,875,GLENMARK,EQ,1119999,403224,36.00
20,876,GLOBAL,EQ,20591,12920,62.75
20,877,GLOBALPET,SM,1500,1500,100.00
20,878,GLOBUSSPR,EQ,376383,186910,49.66
20,879,GLOSTERLTD,EQ,1464,1018,69.54
20,880,GLS,EQ,138453,50733,36.64
20,881,GMBREW,EQ,45311,20343,44.90
20,882,GMDCLTD,EQ,1890027,319776,16.92
20,883,GMMPFAUDLR,EQ,70071,45169,64.46
20,884,GMRINFRA,EQ,15858298,5551359,35.01
20,885,GMRP&UI,EQ,6735920,4691675,69.65
20,886,GNA,EQ,35826,18456,51.52
20,887,GNFC,EQ,3453252,532259,15.41
20,888,GOACARBON,EQ,46589,21556,46.27
20,889,GOCLCORP,EQ,181943,90412,49.69
20,890,GOCOLORS,EQ,17417,7568,43.45
20,891,GODFRYPHLP,EQ,74946,23819,31.78
20,892,GODIGIT,EQ,435649,233436,53.58
20,893,GODREJAGRO,EQ,159272,69137,43.41
20,894,GODREJCP,EQ,1496512,1164089,77.79
20,895,GODREJIND,EQ,131258,56808,43.28
20,896,GODREJPROP,EQ,355322,144743,40.74
20,897,GOKEX,EQ,410780,224198,54.58
20,898,GOKUL,EQ,127393,57326,45.00
20,899,GOKULAGRO,EQ,264716,105929,40.02
20,900,GOLD1,EQ,599332,553782,92.40
20,901,GOLDBEES,EQ,8628741,6046675,70.08
20,902,GOLDCASE,EQ,331881,310989,93.70
20,903,GOLDETF,EQ,84791,69609,82.09
20,904,GOLDETFADD,EQ,140287,138077,98.42
20,905,GOLDIAM,EQ,5086204,1017900,20.01
20,906,GOLDIETF,EQ,1805247,1649287,91.36
20,907,GOLDSHARE,EQ,68906,49265,71.50
20,908,GOLDSTAR,SM,112500,78750,70.00
20,909,GOLDTECH,EQ,47105,32633,69.28
20,910,GOODLUCK,EQ,30710,16645,54.20
20,911,GOPAL,EQ,85887,44672,52.01
20,912,GOYALALUM,EQ,122549,76893,62.74
20,913,GOYALSALT,SM,7200,5400,75.00
20,914,GPECO,SM,58800,34800,59.18
20,915,GPIL,EQ,1087031,641514,59.02
20,916,GPPL,EQ,6732307,2712373,40.29
20,917,GPTHEALTH,EQ,295920,169405,57.25
20,918,GPTINFRA,EQ,776025,448139,57.75
20,919,GRANULES,EQ,894564,345577,38.63
20,920,GRAPHISAD,SM,7200,7200,100.00
20,921,GRAPHITE,EQ,910960,330087,36.24
20,922,GRASIM,EQ,286936,131901,45.97
20,923,GRASIMPP1,E1,7227,4673,64.66
20,924,GRAVITA,EQ,1496179,246172,16.45
20,925,GRCL,SM,1000,1000,100.00
20,926,GREAVESCOT,EQ,1414139,538741,38.10
20,927,GREENCHEF,SM,12800,8000,62.50
20,928,GREENLAM,EQ,59206,8557,14.45
20,929,GREENPANEL,EQ,117401,53102,45.23
20,930,GREENPLY,EQ,231413,104633,45.21
20,931,GREENPOWER,EQ,7119187,3045075,42.77
20,932,GRETEX,ST,63000,63000,100.00
20,933,GRINDWELL,EQ,28618,17377,60.72
20,934,GRINFRA,EQ,28777,12443,43.24
20,935,GRMOVER,EQ,489409,140505,28.71
20,936,GROBTEA,EQ,1472,1075,73.03
20,937,GROWEV,EQ,999035,733420,73.41
20,938,GRSE,EQ,1400895,322087,22.99
20,939,GRWRHITECH,EQ,92020,60659,65.92
20,940,GSEC10IETF,EQ,96,70,72.92
20,941,GSEC10YEAR,EQ,148,107,72.30
20,942,GSEC5IETF,EQ,104,104,100.00
20,943,GSFC,EQ,1383904,575797,41.61
20,944,GSLSU,EQ,213253,110650,51.89
20,945,GSMFOILS,ST,388000,384000,98.97
20,946,GSPL,EQ,669665,386658,57.74
20,947,GSTL,ST,42000,38000,90.48
20,948,GTL,EQ,779111,462435,59.35
20,949,GTLINFRA,EQ,110864195,46965758,42.36
20,950,GTPL,EQ,18638,11944,64.08
20,951,GUFICBIO,EQ,64113,25418,39.65
20,952,GUJALKALI,EQ,57698,29619,51.33
20,953,GUJAPOLLO,EQ,5208,2893,55.55
20,954,GUJGASLTD,EQ,985314,394754,40.06
20,955,GUJRAFFIA,EQ,23335,4708,20.18
20,956,GULFOILLUB,EQ,294826,100299,34.02
20,957,GULFPETRO,EQ,316421,166672,52.67
20,958,GULPOLY,EQ,702009,187015,26.64
20,959,GVPTECH,EQ,57301,45805,79.94
20,960,HAL,EQ,3928422,970671,24.71
20,961,HAPPSTMNDS,EQ,422076,211695,50.16
20,962,HAPPYFORGE,EQ,26342,15609,59.26
20,963,HARDWYN,EQ,107328,61988,57.76
20,964,HARIOMPIPE,EQ,183876,53921,29.32
20,965,HARRMALAYA,EQ,72698,34910,48.02
20,966,HARSHA,EQ,47636,24469,51.37
20,967,HATHWAY,EQ,6178242,2480202,40.14
20,968,HATSUN,EQ,50782,22204,43.72
20,969,HAVELLS,EQ,648490,409316,63.12
20,970,HAVISHA,EQ,90863,52113,57.35
20,971,HBLPOWER,EQ,3061387,1215105,39.69
20,972,HCC,EQ,20293627,7726234,38.07
20,973,HCG,EQ,137706,98972,71.87
20,974,HCL-INSYS,EQ,360842,255014,70.67
20,975,HCLTECH,EQ,3932148,2579395,65.60
20,976,HDFCAMC,EQ,366484,218842,59.71
20,977,HDFCBANK,EQ,16167214,8419023,52.07
20,978,HDFCBSE500,EQ,55155,33104,60.02
20,979,HDFCGOLD,EQ,1668942,1418740,85.01
20,980,HDFCGROWTH,EQ,5170,2661,51.47
20,981,HDFCLIFE,EQ,2962358,1669486,56.36
20,982,HDFCLIQUID,EQ,267,227,85.02
20,983,HDFCLOWVOL,EQ,8378,5666,67.63
20,984,HDFCMID150,EQ,202372,137687,68.04
20,985,HDFCMOMENT,EQ,154351,79802,51.70
20,986,HDFCNEXT50,EQ,122903,66325,53.97
20,987,HDFCNIF100,EQ,19395,14646,75.51
20,988,HDFCNIFBAN,EQ,42818,40888,95.49
20,989,HDFCNIFIT,EQ,136054,117344,86.25
20,990,HDFCNIFTY,EQ,35526,30728,86.49
20,991,HDFCPSUBK,EQ,55988,50293,89.83
20,992,HDFCPVTBAN,EQ,207800,147413,70.94
20,993,HDFCQUAL,EQ,8782,3561,40.55
20,994,HDFCSENSEX,EQ,38619,36577,94.71
20,995,HDFCSILVER,EQ,223025,198830,89.15
20,996,HDFCSML250,EQ,289421,192738,66.59
20,997,HDFCVALUE,EQ,6552,4710,71.89
20,998,HEADSUP,EQ,32935,26060,79.13
20,999,HEALTHADD,EQ,148,147,99.32
20,1000,HEALTHIETF,EQ,40946,28704,70.10
20,1001,HEALTHY,EQ,213486,159365,74.65
20,1002,HEG,EQ,412200,113615,27.56
20,1003,HEIDELBERG,EQ,165792,87905,53.02
20,1004,HEMIPROP,EQ,423208,210650,49.77
20,1005,HERANBA,EQ,343955,138415,40.24
20,1006,HERCULES,EQ,40252,15279,37.96
20,1007,HERITGFOOD,EQ,404097,274255,67.87
20,1008,HEROMOTOCO,EQ,2185163,432437,19.79
20,1009,HESTERBIO,EQ,6682,3320,49.69
20,1010,HEUBACHIND,EQ,59376,25596,43.11
20,1011,HEXATRADEX,EQ,104606,53150,50.81
20,1012,HFCL,EQ,43547033,12501929,28.71
20,1013,HGINFRA,EQ,135790,69752,51.37
20,1014,HGS,EQ,299988,270294,90.10
20,1015,HIGREEN,SM,20800,16000,76.92
20,1016,HIKAL,EQ,114717,49413,43.07
20,1017,HIL,EQ,44753,24262,54.21
20,1018,HILTON,EQ,166017,71471,43.05
20,1019,HIMATSEIDE,EQ,380358,176028,46.28
20,1020,HINDALCO,EQ,8646288,2785737,32.22
20,1021,HINDCOMPOS,EQ,14967,7587,50.69
20,1022,HINDCON,EQ,221160,139734,63.18
20,1023,HINDCOPPER,EQ,17143764,5895581,34.39
20,1024,HINDOILEXP,EQ,3695322,1061719,28.73
20,1025,HINDPETRO,EQ,5776570,1989915,34.45
20,1026,HINDUNILVR,EQ,946995,570451,60.24
20,1027,HINDWAREAP,EQ,236998,120356,50.78
20,1028,HINDZINC,EQ,3055207,957615,31.34
20,1029,HIRECT,EQ,35688,16147,45.24
20,1030,HISARMETAL,EQ,4898,3687,75.28
20,1031,HITECH,EQ,4995584,1632871,32.69
20,1032,HITECHCORP,EQ,8454,4742,56.09
20,1033,HITECHGEAR,EQ,5723,4446,77.69
20,1034,HLEGLAS,EQ,95358,50001,52.44
20,1035,HLVLTD,EQ,872184,584500,67.02
20,1036,HMAAGRO,EQ,236778,151438,63.96
20,1037,HMVL,EQ,69096,32507,47.05
20,1038,HNDFDS,EQ,137190,45221,32.96
20,1039,HNGSNGBEES,EQ,36633,26432,72.15
20,1040,HOLMARC,SM,6000,6000,100.00
20,1041,HOMEFIRST,EQ,203010,164101,80.83
20,1042,HOMESFY,SM,6900,6900,100.00
20,1043,HONASA,EQ,541261,258955,47.84
20,1044,HONAUT,EQ,16252,14684,90.35
20,1045,HONDAPOWER,EQ,7550,3372,44.66
20,1046,HOVS,EQ,25343,12394,48.91
20,1047,HPAL,EQ,199078,108000,54.25
20,1048,HPIL,EQ,2939,1613,54.88
20,1049,HPL,EQ,628560,199391,31.72
20,1050,HRHNEXT,SM,15000,15000,100.00
20,1051,HSCL,EQ,1606931,944943,58.80
20,1052,HTMEDIA,EQ,186186,87835,47.18
20,1053,HUDCO,EQ,7373985,1945290,26.38
20,1054,HUHTAMAKI,EQ,203605,60864,29.89
20,1055,IBLFL,SM,4000,2000,50.00
20,1056,ICCL25,NS,25,25,100.00
20,1057,ICEMAKE,EQ,55278,24078,43.56
20,1058,ICICIB22,EQ,1539449,1002396,65.11
20,1059,ICICIBANK,EQ,13431801,7107910,52.92
20,1060,ICICIGI,EQ,749866,499906,66.67
20,1061,ICICIPRULI,EQ,639172,340407,53.26
20,1062,ICIL,EQ,221448,120771,54.54
20,1063,ICRA,EQ,4369,2502,57.27
20,1064,IDBI,EQ,7641613,2154412,28.19
20,1065,IDEA,EQ,392047253,176370140,44.99
20,1066,IDEAFORGE,EQ,218765,103587,47.35
20,1067,IDFC,EQ,2933120,1336328,45.56
20,1068,IDFCFIRSTB,EQ,28682414,13610998,47.45
20,1069,IDFNIFTYET,EQ,286,174,60.84
20,1070,IEL,EQ,154406,116376,75.37
20,1071,IEML,SM,18000,14000,77.78
20,1072,IEX,EQ,6590045,1761180,26.72
20,1073,IFBIND,EQ,35407,11861,33.50
20,1074,IFCI,EQ,19795330,4248434,21.46
20,1075,IFCIZC24,NI,211,211,100.00
20,1076,IFGLEXPOR,EQ,5278,3109,58.90
20,1077,IGARASHI,EQ,131381,41531,31.61
20,1078,IGL,EQ,478064,190568,39.86
20,1079,IGPL,EQ,32867,15414,46.90
20,1080,IIFL,EQ,678700,361224,53.22
20,1081,IIFLHFZC27,NB,85,50,58.82
20,1082,IIFLSEC,EQ,1200590,314635,26.21
20,1083,IIFLZC24,NK,25,25,100.00
20,1084,IIFLZC28,NG,2,2,100.00
20,1085,IIFLZC28A,NU,560,260,46.43
20,1086,IIFLZC28C,N6,25,25,100.00
20,1087,IKIO,EQ,242523,106160,43.77
20,1088,IMAGICAA,EQ,4128043,1550680,37.56
20,1089,IMC1,N0,220,220,100.00
20,1090,IMC1,N1,172,162,94.19
20,1091,IMC1,N2,92,62,67.39
20,1092,IMFA,EQ,28711,16356,56.97
20,1093,IMPAL,EQ,2050,1073,52.34
20,1094,INDBANK,EQ,96341,41620,43.20
20,1095,INDGN,EQ,1419133,841279,59.28
20,1096,INDHOTEL,EQ,2877894,2093656,72.75
20,1097,INDIACEM,EQ,1128204,407863,36.15
20,1098,INDIAGLYCO,EQ,334772,112127,33.49
20,1099,INDIAMART,EQ,200630,92643,46.18
20,1100,INDIANB,EQ,2263553,1297384,57.32
20,1101,INDIANCARD,EQ,17709,11018,62.22
20,1102,INDIANHUME,EQ,283075,60164,21.25
20,1103,INDIASHLTR,EQ,104482,67679,64.78
20,1104,INDIFRA,SM,2000,2000,100.00
20,1105,INDIGO,EQ,627078,333380,53.16
20,1106,INDIGOPNTS,EQ,80300,26122,32.53
20,1107,INDIGRID,IV,489181,481194,98.37
20,1108,INDNIPPON,EQ,12685,7229,56.99
20,1109,INDOAMIN,EQ,2114192,308994,14.62
20,1110,INDOBORAX,EQ,80755,38969,48.26
20,1111,INDOCO,EQ,49085,21218,43.23
20,1112,INDORAMA,EQ,260748,126238,48.41
20,1113,INDOSTAR,EQ,39503,20730,52.48
20,1114,INDOTECH,EQ,32194,22318,69.32
20,1115,INDOTHAI,EQ,12940,7679,59.34
20,1116,INDRAMEDCO,EQ,437313,164968,37.72
20,1117,INDSWFTLAB,EQ,2061134,984213,47.75
20,1118,INDSWFTLTD,EQ,304160,151614,49.85
20,1119,INDTERRAIN,EQ,132409,71249,53.81
20,1120,INDUSINDBK,EQ,4868357,3079570,63.26
20,1121,INDUSTOWER,EQ,6900595,3763100,54.53
20,1122,INFIBEAM,EQ,16552688,5127813,30.98
20,1123,INFINIUM,SM,3000,2500,83.33
20,1124,INFOBEAN,EQ,13427,8261,61.53
20,1125,INFOLLION,ST,22400,20800,92.86
20,1126,INFRABEES,EQ,9973,5456,54.71
20,1127,INFRAIETF,EQ,114722,80296,69.99
20,1128,INFY,EQ,7450718,5099465,68.44
20,1129,INGERRAND,EQ,18745,7468,39.84
20,1130,INM,SM,5400,1800,33.33
20,1131,INNOVACAP,EQ,160806,48741,30.31
20,1132,INNOVANA,SM,11600,11200,96.55
20,1133,INOXGREEN,EQ,4115245,1259655,30.61
20,1134,INOXINDIA,EQ,169969,81004,47.66
20,1135,INOXWIND,EQ,28556114,6089105,21.32
20,1136,INSECTICID,EQ,64716,22449,34.69
20,1137,INSPIRE,SM,16000,14000,87.50
20,1138,INTELLECT,EQ,120549,54447,45.17
20,1139,INTLCONV,EQ,188316,80312,42.65
20,1140,INVENTURE,EQ,4698809,2165981,46.10
20,1141,IOB,EQ,6763977,1619314,23.94
20,1142,IOC,EQ,14369897,6316654,43.96
20,1143,IOLCP,EQ,155160,63804,41.12
20,1144,IONEXCHANG,EQ,192791,73904,38.33
20,1145,IPCALAB,EQ,1065886,540326,50.69
20,1146,IPL,EQ,197869,87799,44.37
20,1147,IRB,EQ,12789844,4999962,39.09
20,1148,IRBINVIT,IV,257949,228589,88.62
20,1149,IRCON,EQ,5373640,1628198,30.30
20,1150,IRCTC,EQ,1764250,522179,29.60
20,1151,IREDA,EQ,9658732,3030821,31.38
20,1152,IRFC,EQ,28173960,7411644,26.31
20,1153,IRISDOREME,EQ,79029,39828,50.40
20,1154,IRMENERGY,EQ,71199,45753,64.26
20,1155,ISEC,EQ,2618066,1514207,57.84
20,1156,ISFT,EQ,27068,14286,52.78
20,1157,ISGEC,EQ,88191,27615,31.31
20,1158,ISHAN,SM,2832000,2448000,86.44
20,1159,IT,EQ,455714,159577,35.02
20,1160,ITALIANE,SM,2000,2000,100.00
20,1161,ITBEES,EQ,4568697,3023126,66.17
20,1162,ITC,EQ,9253598,4801558,51.89
20,1163,ITDC,EQ,84342,22800,27.03
20,1164,ITDCEM,EQ,2534221,531121,20.96
20,1165,ITETF,EQ,125989,96351,76.48
20,1166,ITETFADD,EQ,14643,12129,82.83
20,1167,ITI,EQ,391482,93163,23.80
20,1168,ITIETF,EQ,842022,460862,54.73
20,1169,IVZINGOLD,EQ,353,325,92.07
20,1170,IWEL,EQ,127081,70961,55.84
20,1171,IXIGO,EQ,593658,245818,41.41
20,1172,JAGRAN,EQ,345272,188729,54.66
20,1173,JAGSNPHARM,EQ,22632,10483,46.32
20,1174,JAICORPLTD,EQ,762633,270716,35.50
20,1175,JAINAM,SM,6000,6000,100.00
20,1176,JALAN,SM,114000,93000,81.58
20,1177,JAMNAAUTO,EQ,1116783,492852,44.13
20,1178,JASH,EQ,15512,8799,56.72
20,1179,JAYAGROGN,EQ,139247,66606,47.83
20,1180,JAYBARMARU,EQ,94375,52076,55.18
20,1181,JAYNECOIND,EQ,337574,189861,56.24
20,1182,JAYSREETEA,EQ,254118,98988,38.95
20,1183,JBCHEPHARM,EQ,145391,69877,48.06
20,1184,JBMA,EQ,129951,36662,28.21
20,1185,JCHAC,EQ,26523,12783,48.20
20,1186,JETFREIGHT,EQ,171424,104677,61.06
20,1187,JFLLIFE,ST,16000,14000,87.50
20,1188,JGCHEM,EQ,354674,108250,30.52
20,1189,JHS,EQ,466250,307562,65.97
20,1190,JINDALPHOT,EQ,21717,10658,49.08
20,1191,JINDALPOLY,EQ,82440,43936,53.29
20,1192,JINDALSAW,EQ,822918,366109,44.49
20,1193,JINDALSTEL,EQ,3795523,2189383,57.68
20,1194,JINDRILL,EQ,45633,25198,55.22
20,1195,JINDWORLD,EQ,48599,12701,26.13
20,1196,JIOFIN,EQ,8040049,3884914,48.32
20,1197,JISLDVREQS,EQ,84718,34628,40.87
20,1198,JISLJALEQS,EQ,3815153,1365615,35.79
20,1199,JITFINFRA,EQ,143678,65244,45.41
20,1200,J&KBANK,EQ,3020307,1276291,42.26
20,1201,JKCEMENT,EQ,56724,25393,44.77
20,1202,JKIL,EQ,173434,77434,44.65
20,1203,JKLAKSHMI,EQ,98972,62886,63.54
20,1204,JKPAPER,EQ,357620,101090,28.27
20,1205,JKTYRE,EQ,609493,285897,46.91
20,1206,JLHL,EQ,35920,13533,37.68
20,1207,JMA,EQ,40450,31445,77.74
20,1208,JMFINANCIL,EQ,2480304,1481557,59.73
20,1209,JOCIL,EQ,25626,15620,60.95
20,1210,JPOLYINVST,EQ,7011,2498,35.63
20,1211,JPPOWER,EQ,26476662,11825763,44.66
20,1212,JSFB,EQ,605950,468910,77.38
20,1213,JSL,EQ,1211212,930447,76.82
20,1214,JSLL,SM,7200,5940,82.50
20,1215,JSWENERGY,EQ,2440039,1240245,50.83
20,1216,JSWHL,EQ,2729,1182,43.31
20,1217,JSWINFRA,EQ,977119,425471,43.54
20,1218,JSWSTEEL,EQ,2024615,879800,43.46
20,1219,JTEKTINDIA,EQ,198299,132060,66.60
20,1220,JTLIND,EQ,520939,255252,49.00
20,1221,JUBLFOOD,EQ,1641617,888302,54.11
20,1222,JUBLINDS,EQ,131338,54924,41.82
20,1223,JUBLINGREA,EQ,909433,331728,36.48
20,1224,JUBLPHARMA,EQ,357771,139142,38.89
20,1225,JUNIORBEES,EQ,151985,74439,48.98
20,1226,JUNIPER,EQ,174285,120990,69.42
20,1227,JUSTDIAL,EQ,388845,124430,32.00
20,1228,JWL,EQ,481160,245659,51.06
20,1229,JYOTHYLAB,EQ,505129,133864,26.50
20,1230,JYOTICNC,EQ,439543,284386,64.70
20,1231,JYOTISTRUC,EQ,7544326,4232086,56.10
20,1232,K2INFRA,ST,25200,25200,100.00
20,1233,KABRAEXTRU,EQ,39227,16950,43.21
20,1234,KAJARIACER,EQ,128086,76310,59.58
20,1235,KAKATCEM,EQ,28447,16599,58.35
20,1236,KALAMANDIR,EQ,181572,103444,56.97
20,1237,KALYANKJIL,EQ,981048,446360,45.50
20,1238,KAMATHOTEL,EQ,291033,197572,67.89
20,1239,KAMDHENU,EQ,147285,27045,18.36
20,1240,KAMOPAINTS,EQ,15562923,1892800,12.16
20,1241,KANANIIND,EQ,580383,497371,85.70
20,1242,KANDARP,SM,60000,56000,93.33
20,1243,KANORICHEM,EQ,21139,12136,57.41
20,1244,KANPRPLA,EQ,23926,13653,57.06
20,1245,KANSAINER,EQ,331941,132767,40.00
20,1246,KARURVYSYA,EQ,650650,335413,51.55
20,1247,KATARIA,SM,60000,33600,56.00
20,1248,KAYNES,EQ,965031,149936,15.54
20,1249,KCEIL,ST,93500,82000,87.70
20,1250,KCK,SM,2000,2000,100.00
20,1251,KCP,EQ,431911,173753,40.23
20,1252,KCPSUGIND,EQ,420542,173993,41.37
20,1253,KDDL,EQ,24512,8878,36.22
20,1254,KDL,ST,11400,11300,99.12
20,1255,KEC,EQ,137662,67953,49.36
20,1256,KECL,EQ,276003,110038,39.87
20,1257,KEI,EQ,107558,48887,45.45
20,1258,KEL,SM,13200,13200,100.00
20,1259,KELLTONTEC,EQ,880425,322627,36.64
20,1260,KERNEX,EQ,171087,82684,48.33
20,1261,KESORAMIND,EQ,738127,426787,57.82
20,1262,KEYFINSERV,EQ,2671,1861,69.67
20,1263,KFINTECH,EQ,630522,344564,54.65
20,1264,KHADIM,EQ,23097,9960,43.12
20,1265,KHAICHEM,EQ,5659013,814866,14.40
20,1266,KHAITANLTD,EQ,19921,19920,99.99
20,1267,KHANDSE,EQ,73303,28034,38.24
20,1268,KHFM,SM,15500,12400,80.00
20,1269,KILITCH,EQ,9134,4870,53.32
20,1270,KIMS,EQ,104632,72890,69.66
20,1271,KINGFA,EQ,13675,7226,52.84
20,1272,KIOCL,EQ,58155,24554,42.22
20,1273,KIRIINDUS,EQ,882802,800082,90.63
20,1274,KIRLOSBROS,EQ,43493,24211,55.67
20,1275,KIRLOSENG,EQ,305365,251279,82.29
20,1276,KIRLOSIND,EQ,60257,9152,15.19
20,1277,KIRLPNU,EQ,46796,32229,68.87
20,1278,KITEX,EQ,6387808,1711632,26.80
20,1279,KKCL,EQ,71904,27219,37.85
20,1280,KLL,SM,36800,30400,82.61
20,1281,KNAGRI,ST,2400,2400,100.00
20,1282,KNRCON,EQ,1258714,634430,50.40
20,1283,KODYTECH,SM,5400,3600,66.67
20,1284,KOHINOOR,EQ,74536,41144,55.20
20,1285,KOKUYOCMLN,EQ,157921,83004,52.56
20,1286,KOLTEPATIL,EQ,288468,180596,62.61
20,1287,KONSTELEC,SM,30000,24000,80.00
20,1288,KONTOR,SM,21600,18000,83.33
20,1289,KOPRAN,EQ,551566,226041,40.98
20,1290,KORE,ST,8000,8000,100.00
20,1291,KOTAKBANK,EQ,2585649,1379774,53.36
20,1292,KOTARISUG,EQ,154157,64006,41.52
20,1293,KOTHARIPET,EQ,200276,83725,41.80
20,1294,KOTYARK,SM,11100,8400,75.68
20,1295,KPIL,EQ,136957,71504,52.21
20,1296,KPITTECH,EQ,676739,237416,35.08
20,1297,KPRMILL,EQ,213557,85611,40.09
20,1298,KRBL,EQ,403617,150806,37.36
20,1299,KRISHANA,EQ,22418,14428,64.36
20,1300,KRISHCA,ST,12500,11500,92.00
20,1301,KRISHNADEF,ST,56500,51500,91.15
20,1302,KRITI,EQ,101892,57934,56.86
20,1303,KRITIKA,EQ,400919,264216,65.90
20,1304,KRITINUT,EQ,875727,283678,32.39
20,1305,KRONOX,EQ,184079,95983,52.14
20,1306,KRSNAA,EQ,69445,28713,41.35
20,1307,KRYSTAL,EQ,58422,33801,57.86
20,1308,KSB,EQ,56020,29003,51.77
20,1309,KSCL,EQ,307366,122636,39.90
20,1310,KSL,EQ,95006,30883,32.51
20,1311,KSOLVES,EQ,38446,20712,53.87
20,1312,KTKBANK,EQ,1406624,790616,56.21
20,1313,KTL,SM,3402000,1695000,49.82
20,1314,KUANTUM,EQ,49296,34876,70.75
20,1315,LAGNAM,EQ,57198,30630,53.55
20,1316,LAL,EQ,109673,46998,42.85
20,1317,LALPATHLAB,EQ,144370,68540,47.48
20,1318,LAMBODHARA,EQ,676936,122919,18.16
20,1319,LANCORHOL,EQ,50370,23953,47.55
20,1320,LANDMARK,EQ,273493,176448,64.52
20,1321,LAOPALA,EQ,141093,86631,61.40
20,1322,LASA,EQ,148499,67659,45.56
20,1323,LATENTVIEW,EQ,327476,146380,44.70
20,1324,LAURUSLABS,EQ,3003256,1540836,51.31
20,1325,LAWSIKHO,SM,159000,122500,77.04
20,1326,LAXMICOT,EQ,110184,33492,30.40
20,1327,LAXMIMACH,EQ,4026,2395,59.49
20,1328,LEMERITE,SM,64000,44800,70.00
20,1329,LEMONTREE,EQ,8959570,5616382,62.69
20,1330,LEXUS,EQ,19745,8251,41.79
20,1331,LFIC,EQ,10383,6662,64.16
20,1332,LGBBROSLTD,EQ,19271,12673,65.76
20,1333,LIBAS,EQ,65710,44528,67.76
20,1334,LICHSGFIN,EQ,1845937,685916,37.16
20,1335,LICI,EQ,3380840,1123456,33.23
20,1336,LICMFGOLD,EQ,353,133,37.68
20,1337,LICNETFGSC,EQ,27928,6428,23.02
20,1338,LICNETFN50,EQ,126,94,74.60
20,1339,LICNETFSEN,EQ,494,182,36.84
20,1340,LICNFNHGP,EQ,409,366,89.49
20,1341,LICNMID100,EQ,2317,2007,86.62
20,1342,LIKHITHA,EQ,121624,57277,47.09
20,1343,LINC,EQ,78503,36564,46.58
20,1344,LINCOLN,EQ,54046,27848,51.53
20,1345,LINDEINDIA,EQ,93545,46255,49.45
20,1346,LIQUID,EQ,655161,358320,54.69
20,1347,LIQUID1,EQ,44251,23837,53.87
20,1348,LIQUIDADD,EQ,715208,517165,72.31
20,1349,LIQUIDBEES,EQ,3351819,2775168,82.80
20,1350,LIQUIDBETF,EQ,2332,1066,45.71
20,1351,LIQUIDCASE,EQ,3902991,3146794,80.63
20,1352,LIQUIDETF,EQ,162387,136556,84.09
20,1353,LIQUIDIETF,EQ,1572056,944728,60.10
20,1354,LIQUIDSBI,EQ,36421,26050,71.52
20,1355,LIQUIDSHRI,EQ,15458,9396,60.78
20,1356,LLOYDS,SM,11000,10000,90.91
20,1357,LLOYDSENGG,EQ,7284914,2800226,38.44
20,1358,LLOYDSME,EQ,279668,131698,47.09
20,1359,LODHA,EQ,909029,566658,62.34
20,1360,LOKESHMACH,EQ,68642,41396,60.31
20,1361,LORDSCHLO,EQ,18527,10884,58.75
20,1362,LOTUSEYE,EQ,495306,244473,49.36
20,1363,LOVABLE,EQ,120016,35083,29.23
20,1364,LOWVOL,EQ,206,129,62.62
20,1365,LOWVOL1,EQ,445912,373336,83.72
20,1366,LOWVOLIETF,EQ,576633,469054,81.34
20,1367,LOYALTEX,EQ,2274,1307,57.48
20,1368,LRRPL,SM,111000,96000,86.49
20,1369,LT,EQ,1584372,1101066,69.50
20,1370,LTF,EQ,3173840,1252867,39.47
20,1371,LTFOODS,EQ,967807,382881,39.56
20,1372,LTGILTBEES,EQ,1712417,1648001,96.24
20,1373,LTIM,EQ,241696,106657,44.13
20,1374,LTTS,EQ,81995,18640,22.73
20,1375,LUMAXIND,EQ,16948,10590,62.49
20,1376,LUMAXTECH,EQ,123465,66525,53.88
20,1377,LUPIN,EQ,1041002,662263,63.62
20,1378,LUXIND,EQ,232168,87000,37.47
20,1379,LXCHEM,EQ,2753475,1015448,36.88
20,1380,LYKALABS,EQ,123063,78161,63.51
20,1381,LYPSAGEMS,EQ,132506,68114,51.40
20,1382,MAANALU,EQ,505418,253122,50.08
20,1383,MACOBSTECH,SM,209600,118400,56.49
20,1384,MADHAV,EQ,146141,50676,34.68
20,1385,MADHAVBAUG,SM,24000,21600,90.00
20,1386,MADHUSUDAN,SM,15000,11000,73.33
20,1387,MADRASFERT,EQ,302821,73603,24.31
20,1388,MAFANG,EQ,421486,219229,52.01
20,1389,MAGADSUGAR,EQ,12686,7984,62.94
20,1390,MAGNUM,EQ,132409,90120,68.06
20,1391,MAGSON,SM,8000,8000,100.00
20,1392,MAHABANK,EQ,11214815,2951040,26.31
20,1393,MAHAPEXLTD,EQ,102701,42273,41.16
20,1394,MAHASTEEL,EQ,166249,78116,46.99
20,1395,MAHESHWARI,EQ,50764,17087,33.66
20,1396,MAHKTECH,EQ,191425,142089,74.23
20,1397,MAHLIFE,EQ,336769,133344,39.60
20,1398,MAHLOG,EQ,62711,28242,45.04
20,1399,MAHSCOOTER,EQ,4463,2081,46.63
20,1400,MAHSEAMLES,EQ,294257,152231,51.73
20,1401,MAITHANALL,EQ,79439,41570,52.33
20,1402,MAITREYA,ST,82400,80000,97.09
20,1403,MAKEINDIA,EQ,86210,56691,65.76
20,1404,MAKS,ST,1500,1500,100.00
20,1405,MAL,SM,59200,6400,10.81
20,1406,MALLCOM,EQ,16598,5519,33.25
20,1407,MALUPAPER,EQ,77778,40985,52.69
20,1408,MANAKSIA,EQ,172497,71887,41.67
20,1409,MANAKSTEEL,EQ,164206,81111,49.40
20,1410,MANALIPETC,EQ,462775,207362,44.81
20,1411,MANAPPURAM,EQ,10704848,4316440,40.32
20,1412,MANDEEP,ST,20000,16000,80.00
20,1413,MANGALAM,EQ,151487,81582,53.85
20,1414,MANGCHEFER,EQ,229477,133289,58.08
20,1415,MANGLMCEM,EQ,131001,91892,70.15
20,1416,MANINDS,EQ,160985,86830,53.94
20,1417,MANINFRA,EQ,491666,275370,56.01
20,1418,MANKIND,EQ,1304111,1029332,78.93
20,1419,MANORAMA,EQ,87753,72669,82.81
20,1420,MANORG,EQ,4103,2447,59.64
20,1421,MANUGRAPH,EQ,19514,11493,58.90
20,1422,MANYAVAR,EQ,91440,43903,48.01
20,1423,MAPMYINDIA,EQ,201211,92681,46.06
20,1424,MARALOVER,EQ,48084,16979,35.31
20,1425,MARATHON,EQ,76457,64911,84.90
20,1426,MARCO,SM,33000,27000,81.82
20,1427,MARICO,EQ,1714599,826157,48.18
20,1428,MARINETRAN,SM,8000,4000,50.00
20,1429,MARKSANS,EQ,19570927,3160588,16.15
20,1430,MARUTI,EQ,449827,308220,68.52
20,1431,MASFIN,EQ,117386,51970,44.27
20,1432,MASON,SM,74000,52000,70.27
20,1433,MASPTOP50,EQ,104110,77180,74.13
20,1434,MASTEK,EQ,45385,21263,46.85
20,1435,MATRIMONY,EQ,39682,23683,59.68
20,1436,MAWANASUG,EQ,198736,82718,41.62
20,1437,MAXESTATES,EQ,238790,98034,41.05
20,1438,MAXHEALTH,EQ,1889274,1524541,80.69
20,1439,MAXIND,EQ,35037,23056,65.80
20,1440,MAXPOSURE,SM,888000,294000,33.11
20,1441,MAYURUNIQ,EQ,88597,37228,42.02
20,1442,MAZDA,EQ,4424,1964,44.39
20,1443,MAZDOCK,EQ,3464474,453555,13.09
20,1444,MBAPL,EQ,22626,5492,24.27
20,1445,MCL,EQ,72504,31886,43.98
20,1446,MCLEODRUSS,EQ,258317,159059,61.58
20,1447,MCON,ST,6000,6000,100.00
20,1448,MCX,EQ,327694,125007,38.15
20,1449,MDL,SM,12000,12000,100.00
20,1450,MEDANTA,EQ,367445,235501,64.09
20,1451,MEDIASSIST,EQ,151171,78100,51.66
20,1452,MEDICAMEQ,EQ,22891,11206,48.95
20,1453,MEDIORG,SM,40000,32000,80.00
20,1454,MEDPLUS,EQ,70680,43300,61.26
20,1455,MEGASOFT,EQ,104197,66014,63.35
20,1456,MEGASTAR,EQ,8285,5217,62.97
20,1457,MEGATHERM,ST,19200,18000,93.75
20,1458,MENONBE,EQ,80663,48086,59.61
20,1459,METROBRAND,EQ,277317,121477,43.80
20,1460,METROPOLIS,EQ,97659,33942,34.76
20,1461,MFSL,EQ,2388138,671117,28.10
20,1462,MGL,EQ,418836,197456,47.14
20,1463,MHHL,SM,15000,12000,80.00
20,1464,MHLXMIRU,EQ,38620,17896,46.34
20,1465,MHRIL,EQ,387690,227798,58.76
20,1466,MICROPRO,SM,8000,6400,80.00
20,1467,MID150BEES,EQ,330496,177515,53.71
20,1468,MID150CASE,EQ,161720,144585,89.40
20,1469,MIDCAP,EQ,35329,16370,46.34
20,1470,MIDCAPETF,EQ,957904,725072,75.69
20,1471,MIDCAPIETF,EQ,660669,356408,53.95
20,1472,MIDHANI,EQ,422766,156136,36.93
20,1473,MIDQ50ADD,EQ,3414,2709,79.35
20,1474,MIDSELIETF,EQ,182952,130269,71.20
20,1475,MIDSMALL,EQ,190254,133554,70.20
20,1476,MIEL,SM,196000,104000,53.06
20,1477,MILTON,SM,4400,4400,100.00
20,1478,MINDACORP,EQ,71202,34000,47.75
20,1479,MINDSPACE,RR,115809,101164,87.35
20,1480,MIRCELECTR,EQ,838132,432216,51.57
20,1481,MIRZAINT,EQ,199137,95610,48.01
20,1482,MITCON,EQ,174027,73310,42.13
20,1483,MITCONPP,E1,12753,11689,91.66
20,1484,MITTAL,EQ,881132,696070,79.00
20,1485,M&M,EQ,2609359,1580591,60.57
20,1486,M&MFIN,EQ,708578,215150,30.36
20,1487,M&MFIN,N3,27,26,96.30
20,1488,MMFL,EQ,164041,86451,52.70
20,1489,MMP,EQ,131919,51459,39.01
20,1490,MMTC,EQ,9726487,2331304,23.97
20,1491,MNC,EQ,8448,6945,82.21
20,1492,MODIRUBBER,EQ,3888,2690,69.19
20,1493,MODISONLTD,EQ,263847,120343,45.61
20,1494,MOGSEC,EQ,67019,65543,97.80
20,1495,MOHEALTH,EQ,26757,25379,94.85
20,1496,MOIL,EQ,1395357,523661,37.53
20,1497,MOKSH,EQ,190577,108307,56.83
20,1498,MOL,EQ,1170960,528537,45.14
20,1499,MOLDTECH,EQ,90433,44271,48.95
20,1500,MOLDTKPAC,EQ,29109,21103,72.50
20,1501,MOLOWVOL,EQ,94960,88347,93.04
20,1502,MOM100,EQ,305117,206800,67.78
20,1503,MOM30IETF,EQ,804348,346802,43.12
20,1504,MOM50,EQ,3345,3170,94.77
20,1505,MOMENTUM,EQ,55246,38190,69.13
20,1506,MOMOMENTUM,EQ,73265,50842,69.39
20,1507,MON100,EQ,908642,598393,65.86
20,1508,MONARCH,EQ,64053,26537,41.43
20,1509,MONIFTY500,EQ,129995,101695,78.23
20,1510,MONOPHARMA,SM,8000,8000,100.00
20,1511,MONQ50,EQ,103133,70794,68.64
20,1512,MONTECARLO,EQ,27754,16408,59.12
20,1513,MOQUALITY,EQ,1257,1151,91.57
20,1514,MOREALTY,EQ,85632,63743,74.44
20,1515,MOREPENLAB,EQ,17362563,5266875,30.33
20,1516,MOS,SM,64800,40800,62.96
20,1517,MOSMALL250,EQ,382250,327146,85.58
20,1518,MOTHERSON,EQ,32751332,9152602,27.95
20,1519,MOTILALOFS,EQ,775784,495473,63.87
20,1520,MOTISONS,EQ,408996,209981,51.34
20,1521,MOTOGENFIN,EQ,20892,8933,42.76
20,1522,MOVALUE,EQ,184307,110376,59.89
20,1523,MOXSH,ST,800,800,100.00
20,1524,MPHASIS,EQ,258066,120004,46.50
20,1525,MPSLTD,EQ,22332,11366,50.90
20,1526,MRF,EQ,6578,2770,42.11
20,1527,MRPL,EQ,3237291,748260,23.11
20,1528,MSPL,EQ,863469,604843,70.05
20,1529,MSTCLTD,EQ,199415,76524,38.37
20,1530,MSUMI,EQ,4433304,2159189,48.70
20,1531,MTARTECH,EQ,740733,154592,20.87
20,1532,MTNL,EQ,19168757,6578912,34.32
20,1533,MUFIN,EQ,120542,60839,50.47
20,1534,MUFTI,EQ,383743,161659,42.13
20,1535,MUKANDLTD,EQ,192112,117690,61.26
20,1536,MUKKA,EQ,2464242,1264297,51.31
20,1537,MUKTAARTS,EQ,24890,5225,20.99
20,1538,MUNJALAU,EQ,265987,122970,46.23
20,1539,MUNJALSHOW,EQ,89176,42056,47.16
20,1540,MURUDCERA,EQ,80326,41329,51.45
20,1541,MUTHOOTCAP,EQ,26816,14539,54.22
20,1542,MUTHOOTFIN,EQ,1740368,531626,30.55
20,1543,MUTHOOTMF,EQ,201832,112198,55.59
20,1544,MVGJL,EQ,86891,44876,51.65
20,1545,MVKAGRO,SM,19200,14400,75.00
20,1546,MWL,SM,34800,32400,93.10
20,1547,NACLIND,EQ,218971,121146,55.33
20,1548,NAGAFERT,EQ,1020547,564131,55.28
20,1549,NAGREEKEXP,EQ,70488,32628,46.29
20,1550,NAHARCAP,EQ,8963,4382,48.89
20,1551,NAHARINDUS,EQ,116841,67763,58.00
20,1552,NAHARSPING,EQ,71344,25855,36.24
20,1553,NAMAN,SM,324800,206400,63.55
20,1554,NAM-INDIA,EQ,821265,461916,56.24
20,1555,NATCOPHARM,EQ,1196456,450431,37.65
20,1556,NATIONALUM,EQ,24290990,8629110,35.52
20,1557,NAUKRI,EQ,311421,151485,48.64
20,1558,NAVA,EQ,262457,111225,42.38
20,1559,NAVINFLUOR,EQ,340278,167855,49.33
20,1560,NAVINIFTY,EQ,1378,200,14.51
20,1561,NAVKARCORP,EQ,508649,137349,27.00
20,1562,NAVNETEDUL,EQ,956687,300743,31.44
20,1563,NAZARA,EQ,489992,168851,34.46
20,1564,NBCC,EQ,27722726,5771391,20.82
20,1565,NCC,EQ,4624463,2110431,45.64
20,1566,NCLIND,EQ,134116,72066,53.73
20,1567,NDL,EQ,3630573,1161356,31.99
20,1568,NDLVENTURE,EQ,272359,241667,88.73
20,1569,NDRAUTO,EQ,12362,4609,37.28
20,1570,NDTV,EQ,92817,36293,39.10
20,1571,NECLIFE,EQ,1337714,340452,25.45
20,1572,NELCAST,EQ,74641,48540,65.03
20,1573,NELCO,EQ,104859,39431,37.60
20,1574,NEOGEN,EQ,46546,22251,47.80
20,1575,NEPHROCARE,SM,150400,113600,75.53
20,1576,NESCO,EQ,64321,35764,55.60
20,1577,NESTLEIND,EQ,561876,392341,69.83
20,1578,NETF,EQ,1456,1360,93.41
20,1579,NETWEB,EQ,119496,66682,55.80
20,1580,NETWORK18,EQ,5886797,1657297,28.15
20,1581,NEULANDLAB,EQ,18711,9687,51.77
20,1582,NEWGEN,EQ,107184,57383,53.54
20,1583,NEWJAISA,SM,49500,45000,90.91
20,1584,NEXT50,EQ,3879,2221,57.26
20,1585,NEXT50IETF,EQ,258237,160472,62.14
20,1586,NFL,EQ,2349080,563115,23.97
20,1587,NGIL,EQ,14004,9559,68.26
20,1588,NGLFINE,EQ,3159,1489,47.14
20,1589,NH,EQ,275293,139519,50.68
20,1590,NHPC,EQ,27739978,8905580,32.10
20,1591,NIACL,EQ,2179151,676692,31.05
20,1592,NIBL,EQ,56735,18763,33.07
20,1593,NIDAN,SM,14000,14000,100.00
20,1594,NIF100BEES,EQ,8754,5061,57.81
20,1595,NIF100IETF,EQ,122908,67236,54.70
20,1596,NIF10GETF,EQ,843,575,68.21
20,1597,NIF5GETF,EQ,1,1,100.00
20,1598,NIFITETF,EQ,944,866,91.74
20,1599,NIFMID150,EQ,651,593,91.09
20,1600,NIFTY1,EQ,86531,73545,84.99
20,1601,NIFTY50ADD,EQ,3523,3039,86.26
20,1602,NIFTYBEES,EQ,2010384,1486987,73.97
20,1603,NIFTYBETF,EQ,447,401,89.71
20,1604,NIFTYETF,EQ,629946,628461,99.76
20,1605,NIFTYIETF,EQ,624830,493709,79.01
20,1606,NIFTYQLITY,EQ,22039,16615,75.39
20,1607,NIITLTD,EQ,1056949,537797,50.88
20,1608,NIITMTS,EQ,756266,680864,90.03
20,1609,NILAINFRA,EQ,1952028,1311781,67.20
20,1610,NILKAMAL,EQ,3314,1716,51.78
20,1611,NINSYS,EQ,28195,12078,42.84
20,1612,NIPPOBATRY,EQ,6713,4431,66.01
20,1613,NIRAJ,EQ,280547,141064,50.28
20,1614,NIRMAN,ST,62400,55800,89.42
20,1615,NIRMAN-RE,ST,221038,207442,93.85
20,1616,NITCO,EQ,113095,81265,71.86
20,1617,NITINSPIN,EQ,185621,74411,40.09
20,1618,NKIND,EQ,1280,323,25.23
20,1619,NLCINDIA,EQ,2921433,1225092,41.93
20,1620,NMDC,EQ,23596240,6352950,26.92
20,1621,NOCIL,EQ,1356070,289095,21.32
20,1622,NORBTEAEXP,EQ,24070,15437,64.13
20,1623,NPBET,EQ,579,539,93.09
20,1624,NPST,SM,14500,9500,65.52
20,1625,NRAIL,EQ,11124,7787,70.00
20,1626,NRBBEARING,EQ,92143,47516,51.57
20,1627,NRL,EQ,104332,63853,61.20
20,1628,NSIL,EQ,7574,4214,55.64
20,1629,NSLNISP,EQ,4502048,1807491,40.15
20,1630,NTPC,EQ,9424614,4854609,51.51
20,1631,NUCLEUS,EQ,26233,15970,60.88
20,1632,NURECA,EQ,7053,4326,61.34
20,1633,NUVAMA,EQ,44865,20248,45.13
20,1634,NUVOCO,EQ,160727,103509,64.40
20,1635,NV20,EQ,71559,65906,92.10
20,1636,NV20BEES,EQ,11222,8435,75.16
20,1637,NV20IETF,EQ,326266,148566,45.54
20,1638,NXST,RR,15925929,14771746,92.75
20,1639,NYKAA,EQ,21741268,6688457,30.76
20,1640,OAL,EQ,48057,23692,49.30
20,1641,OBCL,EQ,30616,11463,37.44
20,1642,OBEROIRLTY,EQ,651320,288019,44.22
20,1643,OFSS,EQ,415397,249919,60.16
20,1644,OIL,EQ,19816227,5157293,26.03
20,1645,OILIETF,EQ,300519,156756,52.16
20,1646,OLAELEC,EQ,160539788,32900771,20.49
20,1647,OLECTRA,EQ,937043,219847,23.46
20,1648,OMFURN,SM,7200,7200,100.00
20,1649,ONDOOR,SM,30600,30000,98.04
20,1650,ONEPOINT,EQ,1265879,439323,34.70
20,1651,ONGC,EQ,17812763,6722555,37.74
20,1652,ONMOBILE,EQ,701404,218220,31.11
20,1653,ONWARDTEC,EQ,45782,25122,54.87
20,1654,OPTIEMUS,EQ,1436257,442779,30.83
20,1655,ORBTEXP,EQ,19986,11830,59.19
20,1656,ORCHPHARMA,EQ,108540,41944,38.64
20,1657,ORIANA,SM,49500,23850,48.18
20,1658,ORICONENT,EQ,234102,122802,52.46
20,1659,ORIENTALTL,EQ,44093,31350,71.10
20,1660,ORIENTBELL,EQ,8987,5460,60.75
20,1661,ORIENTCEM,EQ,2468568,1263625,51.19
20,1662,ORIENTCER,EQ,50823,21933,43.16
20,1663,ORIENTELEC,EQ,127080,48284,37.99
20,1664,ORIENTHOT,EQ,157611,64246,40.76
20,1665,ORIENTLTD,EQ,19471,9729,49.97
20,1666,ORIENTPPR,EQ,1463464,589403,40.27
20,1667,ORISSAMINE,EQ,33666,8872,26.35
20,1668,ORTINLAB,EQ,22835,18368,80.44
20,1669,OSWALAGRO,EQ,339340,187521,55.26
20,1670,OSWALGREEN,EQ,1126403,589726,52.35
20,1671,OSWALSEEDS,EQ,41037,23458,57.16
20,1672,OWAIS,SM,16000,11200,70.00
20,1673,PAGEIND,EQ,11054,4593,41.55
20,1674,PAISALO,EQ,794184,460017,57.92
20,1675,PAKKA,EQ,407495,149225,36.62
20,1676,PALASHSECU,EQ,2117,1074,50.73
20,1677,PANACEABIO,EQ,3609913,564922,15.65
20,1678,PANAMAPET,EQ,84237,43279,51.38
20,1679,PAR,EQ,9389,7259,77.31
20,1680,PARACABLES,EQ,1176532,501444,42.62
20,1681,PARADEEP,EQ,2588478,726216,28.06
20,1682,PARAGMILK,EQ,664816,225844,33.97
20,1683,PARAGON,SM,81600,68400,83.82
20,1684,PARKHOTELS,EQ,157570,88324,56.05
20,1685,PARSVNATH,EQ,712739,452035,63.42
20,1686,PARTYCRUS,SM,6000,4000,66.67
20,1687,PASHUPATI,SM,800,800,100.00
20,1688,PASUPTAC,EQ,1091535,349529,32.02
20,1689,PATANJALI,EQ,502673,223054,44.37
20,1690,PATELENG,EQ,7005356,4191929,59.84
20,1691,PATINTLOG,EQ,243259,93425,38.41
20,1692,PATTECH,SM,7500,7500,100.00
20,1693,PAVNAIND,EQ,11405,3566,31.27
20,1694,PAYTM,EQ,12889333,4040024,31.34
20,1695,PCBL,EQ,9761330,2087414,21.38
20,1696,PCCL,SM,17600,16000,90.91
20,1697,PCJEWELLER,EQ,8370506,2925488,34.95
20,1698,PDMJEPAPER,EQ,184036,86835,47.18
20,1699,PDSL,EQ,127834,74632,58.38
20,1700,PEL,EQ,8304956,1389792,16.73
20,1701,PENIND,EQ,1072688,442403,41.24
20,1702,PENINLAND,EQ,782090,400724,51.24
20,1703,PENTAGON,SM,4000,4000,100.00
20,1704,PERSISTENT,EQ,286749,102747,35.83
20,1705,PETRONET,EQ,2964921,1577811,53.22
20,1706,PFC,EQ,7413761,3318283,44.76
20,1707,PFIZER,EQ,10499,4947,47.12
20,1708,PFS,EQ,2209573,807872,36.56
20,1709,PGEL,EQ,1003211,508758,50.71
20,1710,PGHH,EQ,12837,10549,82.18
20,1711,PGHL,EQ,3559,2200,61.82
20,1712,PGIL,EQ,165729,54501,32.89
20,1713,PGINVIT,IV,378897,327310,86.38
20,1714,PHANTOMFX,SM,44100,27900,63.27
20,1715,PHARMABEES,EQ,4276532,2507499,58.63
20,1716,PHOENIXLTD,EQ,151567,73693,48.62
20,1717,PIDILITIND,EQ,213043,112966,53.02
20,1718,PIIND,EQ,170694,110176,64.55
20,1719,PILANIINVS,EQ,3872,2669,68.93
20,1720,PILITA,EQ,124876,72574,58.12
20,1721,PIONEEREMB,EQ,40816,22423,54.94
20,1722,PITTIENG,EQ,65621,19770,30.13
20,1723,PIXTRANS,EQ,36708,15075,41.07
20,1724,PLADAINFO,SM,3000,3000,100.00
20,1725,PLASTIBLEN,EQ,17233,7159,41.54
20,1726,PLATIND,EQ,1085963,469980,43.28
20,1727,PLAZACABLE,EQ,344127,202062,58.72
20,1728,PNB,EQ,20442740,7237206,35.40
20,1729,PNBGILTS,EQ,407225,122949,30.19
20,1730,PNBHOUSING,EQ,1683061,654051,38.86
20,1731,PNC,EQ,217895,45966,21.10
20,1732,PNCINFRA,EQ,848464,456166,53.76
20,1733,POCL,EQ,115712,58382,50.45
20,1734,PODDARMENT,EQ,15372,8115,52.79
20,1735,POKARNA,EQ,3489938,414575,11.88
20,1736,POLICYBZR,EQ,10969737,2150002,19.60
20,1737,POLYCAB,EQ,258704,124472,48.11
20,1738,POLYMED,EQ,41365,21300,51.49
20,1739,POLYPLEX,EQ,419112,202007,48.20
20,1740,PONNIERODE,EQ,36622,15773,43.07
20,1741,POONAWALLA,EQ,1162325,468393,40.30
20,1742,POWERGRID,EQ,12385993,8165980,65.93
20,1743,POWERINDIA,EQ,14307,5352,37.41
20,1744,POWERMECH,EQ,201603,80060,39.71
20,1745,PPAP,EQ,12667,7385,58.30
20,1746,PPL,EQ,1594153,438454,27.50
20,1747,PPLPHARMA,EQ,9473530,7255990,76.59
20,1748,PPSL,ST,66000,66000,100.00
20,1749,PRAENG,EQ,190047,115310,60.67
20,1750,PRAJIND,EQ,1390270,384150,27.63
20,1751,PRAKASH,EQ,743798,331058,44.51
20,1752,PRATHAM,SM,67200,54400,80.95
20,1753,PRECAM,EQ,138443,69322,50.07
20,1754,PRECISION,SM,10000,8000,80.00
20,1755,PRECWIRE,EQ,479623,311997,65.05
20,1756,PREMIERPOL,EQ,38388,23026,59.98
20,1757,PRESSTONIC,SM,16000,12000,75.00
20,1758,PRESTIGE,EQ,1754791,924529,52.69
20,1759,PRICOLLTD,EQ,248020,116855,47.12
20,1760,PRIMESECU,EQ,21530,11691,54.30
20,1761,PRINCEPIPE,EQ,74589,37124,49.77
20,1762,PRITI,EQ,37122,20040,53.98
20,1763,PRITIKA,SM,276000,126000,45.65
20,1764,PRITIKAUTO,EQ,2178385,1206353,55.38
20,1765,PRIVISCL,EQ,18998,11268,59.31
20,1766,PRIZOR,SM,43200,27200,62.96
20,1767,PRLIND,SM,154000,100000,64.94
20,1768,PROLIFE,SM,2500,2500,100.00
20,1769,PROV,SM,320,320,100.00
20,1770,PROZONER,EQ,606687,364509,60.08
20,1771,PRSMJOHNSN,EQ,102272,49384,48.29
20,1772,PRUDENT,EQ,380416,211120,55.50
20,1773,PRUDMOULI,EQ,37345,30288,81.10
20,1774,PSB,EQ,1483516,461243,31.09
20,1775,PSPPROJECT,EQ,464836,85430,18.38
20,1776,PSUBANK,EQ,11481,7430,64.72
20,1777,PSUBANKADD,EQ,18287,14417,78.84
20,1778,PSUBNKBEES,EQ,1138430,682058,59.91
20,1779,PSUBNKIETF,EQ,219146,165632,75.58
20,1780,PTC,EQ,3535145,1127040,31.88
20,1781,PTL,EQ,100672,47391,47.07
20,1782,PULZ,SM,4000,3000,75.00
20,1783,PUNJABCHEM,EQ,4934,2966,60.11
20,1784,PURVFLEXI,SM,24000,24000,100.00
20,1785,PVRINOX,EQ,301988,117543,38.92
20,1786,PVSL,EQ,157040,87467,55.70
20,1787,PVTBANIETF,EQ,1197380,875802,73.14
20,1788,PVTBANKADD,EQ,36643,26117,71.27
20,1789,PYRAMID,EQ,117694,67175,57.08
20,1790,QGOLDHALF,EQ,56555,55105,97.44
20,1791,QMSMEDI,SM,36000,33000,91.67
20,1792,QNIFTY,EQ,448,383,85.49
20,1793,QUAL30IETF,EQ,1941716,1315953,67.77
20,1794,QUESS,EQ,164651,69385,42.14
20,1795,QUESTLAB,SM,8400,8400,100.00
20,1796,QUICKHEAL,EQ,71712,14688,20.48
20,1797,QUICKTOUCH,SM,56500,40000,70.80
20,1798,RACE,EQ,38348,26720,69.68
20,1799,RADHIKAJWE,EQ,2920817,1144372,39.18
20,1800,RADIANTCMS,EQ,131161,62662,47.77
20,1801,RADICO,EQ,140571,89460,63.64
20,1802,RADIOCITY,EQ,587912,270249,45.97
20,1803,RADIOCITY,P1,3476,3476,100.00
20,1804,RADIOWALLA,SM,3200,3200,100.00
20,1805,RAILTEL,EQ,2095366,491738,23.47
20,1806,RAIN,EQ,2085772,1160757,55.65
20,1807,RAINBOW,EQ,125790,60369,47.99
20,1808,RAJESHEXPO,EQ,246826,86734,35.14
20,1809,RAJINDLTD,ST,315000,315000,100.00
20,1810,RAJMET,EQ,940971,477753,50.77
20,1811,RAJRATAN,EQ,28900,18310,63.36
20,1812,RAJSREESUG,EQ,105154,40444,38.46
20,1813,RALLIS,EQ,432660,138315,31.97
20,1814,RAMANEWS,EQ,41942,30591,72.94
20,1815,RAMAPHO,EQ,77008,21009,27.28
20,1816,RAMASTEEL,EQ,7615356,2426972,31.87
20,1817,RAMCOCEM,EQ,210704,64282,30.51
20,1818,RAMCOIND,EQ,87070,43850,50.36
20,1819,RAMCOSYS,EQ,100416,60885,60.63
20,1820,RAMKY,EQ,489041,135109,27.63
20,1821,RAMRAT,EQ,92106,30038,32.61
20,1822,RANASUG,EQ,606767,294948,48.61
20,1823,RANEENGINE,EQ,22739,9679,42.57
20,1824,RANEHOLDIN,EQ,72345,39569,54.69
20,1825,RATEGAIN,EQ,263885,123470,46.79
20,1826,RATNAMANI,EQ,72762,39278,53.98
20,1827,RAYMOND,EQ,119922,80945,67.50
20,1828,RBA,EQ,1130260,466695,41.29
20,1829,RBL,EQ,47869,18860,39.40
20,1830,RBLBANK,EQ,8591686,4878269,56.78
20,1831,RBMINFRA,SM,165200,139600,84.50
20,1832,RBS,SM,110400,91200,82.61
20,1833,RCDL,SM,3000,3000,100.00
20,1834,RCF,EQ,2678155,785110,29.32
20,1835,RECLTD,EQ,4468230,1447204,32.39
20,1836,REDINGTON,EQ,1381363,571090,41.34
20,1837,REDTAPE,EQ,450758,271978,60.34
20,1838,REFEX,EQ,910063,345452,37.96
20,1839,REFRACTORY,ST,36000,32000,88.89
20,1840,RELAXO,EQ,60942,41218,67.63
20,1841,RELCHEMQ,EQ,7527,4835,64.24
20,1842,RELIANCE,EQ,3133733,1748077,55.78
20,1843,RELIGARE,EQ,2659111,815649,30.67
20,1844,RELINFRA,EQ,7639592,2963984,38.80
20,1845,RELTD,EQ,26485,17077,64.48
20,1846,REMSONSIND,EQ,19075,14471,75.86
20,1847,REMUS,SM,14400,8600,59.72
20,1848,RENUKA,EQ,10428015,2719950,26.08
20,1849,REPCOHOME,EQ,98227,46320,47.16
20,1850,REPL,EQ,20501,7357,35.89
20,1851,REPRO,EQ,121013,93263,77.07
20,1852,RESPONIND,EQ,1860019,118265,6.36
20,1853,REXPIPES,SM,4000,4000,100.00
20,1854,RGL,EQ,129125,56949,44.10
20,1855,RHFL,EQ,2136616,1417420,66.34
20,1856,RHIM,EQ,57029,37678,66.07
20,1857,RICOAUTO,EQ,998236,381588,38.23
20,1858,RIIL,EQ,265256,81061,30.56
20,1859,RILINFRA,ST,16400,15000,91.46
20,1860,RISHABH,EQ,59002,24536,41.59
20,1861,RITCO,EQ,39205,13192,33.65
20,1862,RITES,EQ,923766,271269,29.37
20,1863,RKFORGE,EQ,1019171,459491,45.08
20,1864,RKSWAMY,EQ,203457,114785,56.42
20,1865,RMDRIP,SM,106000,103000,97.17
20,1866,RML,EQ,295662,61962,20.96
20,1867,RNFI,SM,416400,261600,62.82
20,1868,ROCKINGDCE,SM,48750,23250,47.69
20,1869,ROHLTD,EQ,126692,43930,34.67
20,1870,ROLEXRINGS,EQ,8824,5770,65.39
20,1871,ROML,EQ,11066,8138,73.54
20,1872,ROSSARI,EQ,226610,70106,30.94
20,1873,ROSSELLIND,EQ,30174,12323,40.84
20,1874,ROTO,EQ,386294,208493,53.97
20,1875,ROUTE,EQ,121585,64525,53.07
20,1876,ROXHITECH,SM,104000,68800,66.15
20,1877,RPEL,EQ,19984,11429,57.19
20,1878,RPGLIFE,EQ,45487,8781,19.30
20,1879,RPOWER,EQ,29347558,12934555,44.07
20,1880,RPPL,EQ,439057,245502,55.92
20,1881,RPSGVENT,EQ,53544,24958,46.61
20,1882,RPTECH,EQ,174044,68192,39.18
20,1883,RRKABEL,EQ,128538,95225,74.08
20,1884,RSWM,EQ,114883,54388,47.34
20,1885,RSYSTEMS,EQ,192857,59845,31.03
20,1886,RTNINDIA,EQ,31708491,5298627,16.71
20,1887,RTNPOWER,EQ,13190400,9195183,69.71
20,1888,RUBFILA,EQ,871533,329090,37.76
20,1889,RUBYMILLS,EQ,67167,22609,33.66
20,1890,RUCHINFRA,EQ,733018,294446,40.17
20,1891,RUCHIRA,EQ,182934,79770,43.61
20,1892,RULKA,ST,9000,9000,100.00
20,1893,RUPA,EQ,427646,145808,34.10
20,1894,RUSHIL,EQ,3042229,1237882,40.69
20,1895,RUSTOMJEE,EQ,72229,44921,62.19
20,1896,RVHL,EQ,118907,49734,41.83
20,1897,RVNL,EQ,19122889,4623527,24.18
20,1898,SAAKSHI,ST,13200,13200,100.00
20,1899,SABAR,SM,70000,60000,85.71
20,1900,SADBHAV,EQ,751408,476677,63.44
20,1901,SADBHIN,EQ,1729665,1076395,62.23
20,1902,SADHAV,SM,39600,22800,57.58
20,1903,SADHNANIQ,EQ,220023,118697,53.95
20,1904,SAFARI,EQ,61908,28574,46.16
20,1905,SAGCEM,EQ,70400,35667,50.66
20,1906,SAH,EQ,81809,51959,63.51
20,1907,SAHAJ,SM,8000,4000,50.00
20,1908,SAHAJSOLAR,SM,300800,183200,60.90
20,1909,SAHANA,SM,20250,14250,70.37
20,1910,SAHYADRI,EQ,19043,15664,82.26
20,1911,SAIFL,SM,15200,10400,68.42
20,1912,SAIL,EQ,22221242,6932822,31.20
20,1913,SAKAR,EQ,8585,4968,57.87
20,1914,SAKHTISUG,EQ,312349,107703,34.48
20,1915,SAKSOFT,EQ,95621,47306,49.47
20,1916,SAKUMA,EQ,19602586,7110233,36.27
20,1917,SALASAR,EQ,3816697,2236482,58.60
20,1918,SALONA,EQ,1545,1055,68.28
20,1919,SALZERELEC,EQ,344674,103775,30.11
20,1920,SAMBHAAV,EQ,54735,34712,63.42
20,1921,SAMHI,EQ,896706,474931,52.96
20,1922,SAMMAANCAP,EQ,6093501,2448854,40.19
20,1923,SANDESH,EQ,9448,4017,42.52
20,1924,SANDHAR,EQ,69334,31704,45.73
20,1925,SANDUMA,EQ,207521,106786,51.46
20,1926,SANGAMIND,EQ,19064,11272,59.13
20,1927,SANGANI,SM,12000,9000,75.00
20,1928,SANGHIIND,EQ,274694,121014,44.05
20,1929,SANGHVIMOV,EQ,385461,173302,44.96
20,1930,SANGINITA,EQ,94328,67500,71.56
20,1931,SANOFI,EQ,11880,7321,61.62
20,1932,SANSERA,EQ,100086,61797,61.74
20,1933,SANSTAR,EQ,2466669,1146145,46.47
20,1934,SAPPHIRE,EQ,216261,149983,69.35
20,1935,SARDAEN,EQ,9727850,2674778,27.50
20,1936,SAREGAMA,EQ,312899,126947,40.57
20,1937,SAROJA,SM,1600,1600,100.00
20,1938,SARTELE,SM,211000,117500,55.69
20,1939,SARVESHWAR,EQ,3498787,1862935,53.25
20,1940,SASKEN,EQ,5819,4217,72.47
20,1941,SASTASUNDR,EQ,24385,10460,42.90
20,1942,SATECH,ST,136000,126000,92.65
20,1943,SATIA,EQ,262570,124509,47.42
20,1944,SATIN,EQ,278594,188514,67.67
20,1945,SATINDLTD,EQ,730159,293540,40.20
20,1946,SATIPOLY,SM,22000,17000,77.27
20,1947,SAURASHCEM,EQ,164589,81099,49.27
20,1948,SBC,EQ,5940978,3076572,51.79
20,1949,SBCL,EQ,79534,43025,54.10
20,1950,SBFC,EQ,3134928,1444996,46.09
20,1951,SBGLP,EQ,1725978,712606,41.29
20,1952,SBICARD,EQ,564182,320313,56.77
20,1953,SBIETFCON,EQ,7959,2934,36.86
20,1954,SBIETFIT,EQ,7427,4940,66.51
20,1955,SBIETFPB,EQ,3893,2736,70.28
20,1956,SBIETFQLTY,EQ,1433,1325,92.46
20,1957,SBILIFE,EQ,557473,266162,47.74
20,1958,SBIN,EQ,11788665,4392805,37.26
20,1959,SBINEQWETF,EQ,13821,11218,81.17
20,1960,SBISILVER,EQ,20092,17411,86.66
20,1961,SCHAEFFLER,EQ,105228,57879,55.00
20,1962,SCHAND,EQ,35208,19203,54.54
20,1963,SCHNEIDER,EQ,164592,84364,51.26
20,1964,SCI,EQ,3227182,776441,24.06
20,1965,SCILAL,EQ,1419706,570271,40.17
20,1966,SCL25,Y6,52,52,100.00
20,1967,SCML,SM,2000,2000,100.00
20,1968,SCPL,EQ,24517,13524,55.16
20,1969,SDBL,EQ,1288871,583155,45.25
20,1970,SDL24BEES,EQ,1546,1072,69.34
20,1971,SDL26BEES,EQ,493,280,56.80
20,1972,SEAMECLTD,EQ,101505,53546,52.75
20,1973,SECL,SM,106250,106250,100.00
20,1974,SECMARK,EQ,3273,283,8.65
20,1975,SECURKLOUD,EQ,90504,58943,65.13
20,1976,SEL,SM,34400,19600,56.98
20,1977,SELAN,EQ,77520,32968,42.53
20,1978,SENCO,EQ,808656,280640,34.70
20,1979,SENSEXADD,EQ,1780,1128,63.37
20,1980,SENSEXETF,EQ,10257,7719,75.26
20,1981,SENSEXIETF,EQ,3993,3364,84.25
20,1982,SEPC,EQ,16754702,6833414,40.79
20,1983,SEQUENT,EQ,634027,230200,36.31
20,1984,SERVICE,SM,2000,2000,100.00
20,1985,SERVOTECH,EQ,1933782,619789,32.05
20,1986,SESHAPAPER,EQ,41810,17802,42.58
20,1987,SETF10GILT,EQ,6166,4867,78.93
20,1988,SETFGOLD,EQ,840226,681713,81.13
20,1989,SETFNIF50,EQ,206050,172334,83.64
20,1990,SETFNIFBK,EQ,28625,22116,77.26
20,1991,SETFNN50,EQ,22071,13644,61.82
20,1992,SFL,EQ,59500,35683,59.97
20,1993,SFLZC25A,ZK,25,25,100.00
20,1994,SGBAPR28I,GB,119,84,70.59
20,1995,SGBAUG27,GB,16,8,50.00
20,1996,SGBAUG28V,GB,1175,786,66.89
20,1997,SGBAUG29V,GB,174,137,78.74
20,1998,SGBAUG30,GB,108,94,87.04
20,1999,SGBD29VIII,GB,475,232,48.84
20,2000,SGBDC27VII,GB,2,2,100.00
20,2001,SGBDE30III,GB,99,87,87.88
20,2002,SGBDE31III,GB,1512,1298,85.85
20,2003,SGBDEC2513,GB,7,7,100.00
20,2004,SGBDEC26,GB,3,3,100.00
20,2005,SGBFEB27,GB,53,45,84.91
20,2006,SGBFEB28IX,GB,27,27,100.00
20,2007,SGBFEB29XI,GB,134,120,89.55
20,2008,SGBFEB32IV,GB,1509,1397,92.58
20,2009,SGBJ28VIII,GB,7,7,100.00
20,2010,SGBJAN26,GB,16,15,93.75
20,2011,SGBJAN27,GB,56,36,64.29
20,2012,SGBJAN29IX,GB,809,775,95.80
20,2013,SGBJAN29X,GB,159,119,74.84
20,2014,SGBJAN30IX,GB,166,115,69.28
20,2015,SGBJU29III,GB,30,15,50.00
20,2016,SGBJUL25,GB,10,10,100.00
20,2017,SGBJUL27,GB,43,43,100.00
20,2018,SGBJUL28IV,GB,1217,1012,83.16
20,2019,SGBJUL29IV,GB,31,31,100.00
20,2020,SGBJUN28,GB,42,30,71.43
20,2021,SGBJUN29II,GB,64,52,81.25
20,2022,SGBJUN30,GB,151,120,79.47
20,2023,SGBJUN31I,GB,406,283,69.70
20,2024,SGBMAR25,GB,184,142,77.17
20,2025,SGBMAR30X,GB,56,32,57.14
20,2026,SGBMAR31IV,GB,132,93,70.45
20,2027,SGBMAY25,GB,72,46,63.89
20,2028,SGBMAY26,GB,215,107,49.77
20,2029,SGBMAY28,GB,2664,2571,96.51
20,2030,SGBMAY29I,GB,970,965,99.48
20,2031,SGBMR29XII,GB,500,348,69.60
20,2032,SGBN28VIII,GB,53,32,60.38
20,2033,SGBNOV24,GB,116,62,53.45
20,2034,SGBNOV25IX,GB,1,1,100.00
20,2035,SGBNOV26,GB,30,30,100.00
20,2036,SGBNV29VII,GB,135,132,97.78
20,2037,SGBOC28VII,GB,126,106,84.13
20,2038,SGBOCT25,GB,2,2,100.00
20,2039,SGBOCT26,GB,8,7,87.50
20,2040,SGBOCT27,GB,8,8,100.00
20,2041,SGBOCT27VI,GB,4,4,100.00
20,2042,SGBSEP24,GB,115,78,67.83
20,2043,SGBSEP27,GB,43,38,88.37
20,2044,SGBSEP28VI,GB,70,68,97.14
20,2045,SGBSEP29VI,GB,539,331,61.41
20,2046,SGBSEP31II,GB,700,597,85.29
20,2047,SGIL,EQ,200642,113955,56.80
20,2048,SGL,EQ,67956,35651,52.46
20,2049,SHAHALLOYS,EQ,30655,14081,45.93
20,2050,SHAILY,EQ,98419,62819,63.83
20,2051,SHALBY,EQ,291353,153961,52.84
20,2052,SHALPAINTS,EQ,126817,90032,70.99
20,2053,SHANKARA,EQ,63168,38418,60.82
20,2054,SHANTIGEAR,EQ,31255,18005,57.61
20,2055,SHARDACROP,EQ,137931,52863,38.33
20,2056,SHARDAMOTR,EQ,50747,32390,63.83
20,2057,SHAREINDIA,EQ,368371,186462,50.62
20,2058,SHAREINDIA,W1,967,966,99.90
20,2059,SHARIABEES,EQ,2033,1173,57.70
20,2060,SHEETAL,SM,30000,18000,60.00
20,2061,SHEMAROO,EQ,36684,20652,56.30
20,2062,SHERA,SM,39000,33000,84.62
20,2063,SHIGAN,SM,6000,6000,100.00
20,2064,SHILPAMED,EQ,150927,53781,35.63
20,2065,SHIVALIK,EQ,55602,32921,59.21
20,2066,SHIVAMILLS,EQ,9140,7002,76.61
20,2067,SHIVATEX,EQ,32506,25564,78.64
20,2068,SHK,EQ,4582242,1983755,43.29
20,2069,SHOPERSTOP,EQ,15592,4204,26.96
20,2070,SHREDIGCEM,EQ,278870,142483,51.09
20,2071,SHREECEM,EQ,51638,34002,65.85
20,2072,SHREEKARNI,ST,2400,2400,100.00
20,2073,SHREEOSFM,SM,11000,7000,63.64
20,2074,SHREEPUSHK,EQ,90939,51557,56.69
20,2075,SHREYANIND,EQ,19039,9940,52.21
20,2076,SHREYAS,EQ,109683,50072,45.65
20,2077,SHRIPISTON,EQ,93442,49776,53.27
20,2078,SHRIRAMFIN,EQ,725225,376432,51.91
20,2079,SHRIRAMPPS,EQ,1672401,730542,43.68
20,2080,SHRITECH,SM,52000,42000,80.77
20,2081,SHUBHLAXMI,SM,2000,2000,100.00
20,2082,SHYAMCENT,EQ,101011,78062,77.28
20,2083,SHYAMMETL,EQ,673604,286054,42.47
20,2084,SIDDHIKA,SM,1000,1000,100.00
20,2085,SIEMENS,EQ,337035,139366,41.35
20,2086,SIGACHI,EQ,1039196,531541,51.15
20,2087,SIGIND,EQ,177712,145073,81.63
20,2088,SIGMA,EQ,13205,6739,51.03
20,2089,SIGNATURE,EQ,536703,81587,15.20
20,2090,SIGNPOST,EQ,96113,59769,62.19
20,2091,SILGO,EQ,138644,54848,39.56
20,2092,SILINV,EQ,3953,2577,65.19
20,2093,SILKFLEX,SM,10000,10000,100.00
20,2094,SILVER,EQ,88974,65176,73.25
20,2095,SILVER1,EQ,28267,27004,95.53
20,2096,SILVERADD,EQ,30932,28828,93.20
20,2097,SILVERBEES,EQ,7600440,4220597,55.53
20,2098,SILVERETF,EQ,5343038,4874705,91.23
20,2099,SILVERIETF,EQ,1170383,994342,84.96
20,2100,SILVERTUC,EQ,23677,3619,15.28
20,2101,SILVRETF,EQ,8888,6099,68.62
20,2102,SIMPLEXINF,EQ,33620,22278,66.26
20,2103,SINCLAIR,EQ,35175,19859,56.46
20,2104,SINDHUTRAD,EQ,3610739,1757147,48.66
20,2105,SINTERCOM,EQ,220975,216073,97.78
20,2106,SIRCA,EQ,105351,47439,45.03
20,2107,SIS,EQ,36747,13749,37.42
20,2108,SIYSIL,EQ,39352,15966,40.57
20,2109,SJLOGISTIC,SM,33000,22000,66.67
20,2110,SJS,EQ,143601,65863,45.87
20,2111,SJVN,EQ,77316074,10151492,13.13
20,2112,SKFINDIA,EQ,185255,132174,71.35
20,2113,SKIPPER,EQ,561827,204752,36.44
20,2114,SKIPPERPP,E1,1055,609,57.73
20,2115,SKMEGGPROD,EQ,104108,52976,50.89
20,2116,SKP,SM,22500,19500,86.67
20,2117,SLONE,ST,3200,3200,100.00
20,2118,SMALLCAP,EQ,1047332,828318,79.09
20,2119,SMCGLOBAL,EQ,157979,83210,52.67
20,2120,SMLISUZU,EQ,8436,4155,49.25
20,2121,SMLT,EQ,34186,20007,58.52
20,2122,SMSPHARMA,EQ,137246,60747,44.26
20,2123,SNOWMAN,EQ,1154245,383675,33.24
20,2124,SOBHA,EQ,117139,67741,57.83
20,2125,SOBHAPP,E1,178,157,88.20
20,2126,SOFTTECH,EQ,8109,4380,54.01
20,2127,SOLARAPP,X1,2459,2131,86.66
20,2128,SOLARINDS,EQ,82543,68969,83.56
20,2129,SOLEX,SM,10800,6400,59.26
20,2130,SOMANYCERA,EQ,17923,11534,64.35
20,2131,SOMATEX,EQ,45317,11109,24.51
20,2132,SONACOMS,EQ,1816896,1449788,79.79
20,2133,SONAMAC,SM,54000,38000,70.37
20,2134,SONAMLTD,EQ,226554,89206,39.38
20,2135,SONATSOFTW,EQ,1178964,299381,25.39
20,2136,SONUINFRA,ST,3000,3000,100.00
20,2137,SOTAC,ST,16800,16800,100.00
20,2138,SOTL,EQ,168503,96167,57.07
20,2139,SOUTHBANK,EQ,13830312,7238097,52.34
20,2140,SOUTHWEST,EQ,57359,34703,60.50
20,2141,SPAL,EQ,57145,23973,41.95
20,2142,SPANDANA,EQ,149363,67199,44.99
20,2143,SPARC,EQ,255553,131351,51.40
20,2144,SPCENET,EQ,1341601,885485,66.00
20,2145,SPCL,SM,117600,68400,58.16
20,2146,SPECIALITY,EQ,54428,35591,65.39
20,2147,SPECTRUM,SM,4375,4125,94.29
20,2148,SPECTSTM,SM,24000,16000,66.67
20,2149,SPENCERS,EQ,570374,250835,43.98
20,2150,SPIC,EQ,1231717,353125,28.67
20,2151,SPLIL,EQ,65434,41712,63.75
20,2152,SPLPETRO,EQ,83550,46604,55.78
20,2153,SPORTKING,EQ,23985,13469,56.16
20,2154,SPRL,ST,44000,26400,60.00
20,2155,SREEL,EQ,18452,7308,39.61
20,2156,SRF,EQ,261492,88745,33.94
20,2157,SRGHFL,EQ,9596,4337,45.20
20,2158,SRHHYPOLTD,EQ,22864,9196,40.22
20,2159,SRIVASAVI,SM,17000,12000,70.59
20,2160,SSEGL,ST,34000,34000,100.00
20,2161,SSFL,SM,17500,14000,80.00
20,2162,SSWL,EQ,120812,74301,61.50
20,2163,STANLEY,EQ,182564,89953,49.27
20,2164,STAR,EQ,661596,269459,40.73
20,2165,STARCEMENT,EQ,496622,166444,33.52
20,2166,STARHEALTH,EQ,192574,112895,58.62
20,2167,STARPAPER,EQ,18541,11286,60.87
20,2168,STCINDIA,EQ,437072,135143,30.92
20,2169,STEELCAS,EQ,16105,10336,64.18
20,2170,STEELCITY,EQ,15430,11007,71.34
20,2171,STEELXIND,EQ,2367258,1285834,54.32
20,2172,STERTOOLS,EQ,585213,241577,41.28
20,2173,STLTECH,EQ,1126769,398509,35.37
20,2174,STOVEKRAFT,EQ,477145,171821,36.01
20,2175,STYLAMIND,EQ,10605,5833,55.00
20,2176,STYRENIX,EQ,60592,42249,69.73
20,2177,SUBEXLTD,EQ,4766644,1771857,37.17
20,2178,SUBROS,EQ,118237,42296,35.77
20,2179,SUDARSCHEM,EQ,232605,114982,49.43
20,2180,SUKHJITS,EQ,7995,4029,50.39
20,2181,SULA,EQ,283451,155135,54.73
20,2182,SUMICHEM,EQ,1135044,394301,34.74
20,2183,SUMMITSEC,EQ,5802,2839,48.93
20,2184,SUNCLAY,EQ,17530,11355,64.77
20,2185,SUNDARMFIN,EQ,113345,87872,77.53
20,2186,SUNDARMHLD,EQ,130365,59313,45.50
20,2187,SUNDRMBRAK,EQ,2902,1777,61.23
20,2188,SUNDRMFAST,EQ,52684,22991,43.64
20,2189,SUNFLAG,EQ,214341,102321,47.74
20,2190,SUNPHARMA,EQ,2207250,1596783,72.34
20,2191,SUNREST,SM,3200,3200,100.00
20,2192,SUNTECK,EQ,860036,151573,17.62
20,2193,SUNTV,EQ,872228,258632,29.65
20,2194,SUPERHOUSE,EQ,7989,3690,46.19
20,2195,SUPERSPIN,EQ,89870,43093,47.95
20,2196,SUPRAJIT,EQ,492194,219896,44.68
20,2197,SUPREMEIND,EQ,53013,23986,45.25
20,2198,SUPREMEPWR,ST,36000,36000,100.00
20,2199,SUPRIYA,EQ,636796,299029,46.96
20,2200,SURANASOL,EQ,318445,148927,46.77
20,2201,SURANI,SM,15600,12800,82.05
20,2202,SURYALAXMI,EQ,126746,75974,59.94
20,2203,SURYAROSNI,EQ,557078,213492,38.32
20,2204,SURYODAY,EQ,614000,294265,47.93
20,2205,SUTLEJTEX,EQ,491775,161531,32.85
20,2206,SUVEN,EQ,768398,439599,57.21
20,2207,SUVENPHAR,EQ,313252,167234,53.39
20,2208,SUVIDHAA,EQ,204729,123969,60.55
20,2209,SUZLON,EQ,141960840,60638972,42.72
20,2210,SVLL,EQ,756,411,54.37
20,2211,SVPGLOB,EQ,56583,45633,80.65
20,2212,SWANENERGY,EQ,4391478,1405220,32.00
20,2213,SWARAJ,SM,80000,63000,78.75
20,2214,SWARAJENG,EQ,4197,2119,50.49
20,2215,SWASTIK,SM,10800,7200,66.67
20,2216,SWELECTES,EQ,111153,51587,46.41
20,2217,SWSOLAR,EQ,421761,221712,52.57
20,2218,SYLVANPLY,SM,26000,12000,46.15
20,2219,SYMPHONY,EQ,262575,116510,44.37
20,2220,SYNCOMF,EQ,5601071,2274680,40.61
20,2221,SYNGENE,EQ,706866,366598,51.86
20,2222,SYNOPTICS,SM,8400,7200,85.71
20,2223,SYRMA,EQ,568286,272670,47.98
20,2224,SYSTANGO,SM,16000,9600,60.00
20,2225,TAC,SM,60000,33600,56.00
20,2226,TAJGVK,EQ,134926,47637,35.31
20,2227,TAKE,EQ,145457,110136,75.72
20,2228,TALBROAUTO,EQ,161081,68113,42.28
20,2229,TANLA,EQ,484697,230412,47.54
20,2230,TAPIFRUIT,SM,750,750,100.00
20,2231,TARACHAND,EQ,20696,14506,70.09
20,2232,TARSONS,EQ,270193,114738,42.47
20,2233,TASTYBITE,EQ,3195,1914,59.91
20,2234,TATACHEM,EQ,917164,509833,55.59
20,2235,TATACOMM,EQ,237215,105908,44.65
20,2236,TATACONSUM,EQ,991108,575977,58.11
20,2237,TATAELXSI,EQ,51721,26084,50.43
20,2238,TATAGOLD,EQ,2737510,1825546,66.69
20,2239,TATAINVEST,EQ,13802,8626,62.50
20,2240,TATAMOTORS,EQ,8211830,4004044,48.76
20,2241,TATAMTRDVR,EQ,2528453,1803496,71.33
20,2242,TATAPOWER,EQ,11672941,3605849,30.89
20,2243,TATASTEEL,EQ,97911180,41450430,42.33
20,2244,TATATECH,EQ,347203,201751,58.11
20,2245,TATSILV,EQ,867372,794181,91.56
20,2246,TATVA,EQ,37365,20715,55.44
20,2247,TBI,ST,19200,18000,93.75
20,2248,TBOTEK,EQ,222195,170072,76.54
20,2249,TBZ,EQ,1338570,353496,26.41
20,2250,TCHF30,NB,741,460,62.08
20,2251,TCI,EQ,37994,20238,53.27
20,2252,TCIEXP,EQ,70862,38840,54.81
20,2253,TCL,SM,32000,18400,57.50
20,2254,TCNSBRANDS,EQ,146977,84071,57.20
20,2255,TCPLPACK,EQ,3274,1291,39.43
20,2256,TCS,EQ,3226545,2058456,63.80
20,2257,TDPOWERSYS,EQ,397269,119292,30.03
20,2258,TEAMLEASE,EQ,16273,9615,59.09
20,2259,TECH,EQ,90577,84162,92.92
20,2260,TECHLABS,ST,7000,7000,100.00
20,2261,TECHM,EQ,2833790,1539046,54.31
20,2262,TEGA,EQ,25397,12778,50.31
20,2263,TEJASNET,EQ,185810,89965,48.42
20,2264,TEMBO,EQ,193852,62403,32.19
20,2265,TEXINFRA,EQ,251043,89755,35.75
20,2266,TEXMOPIPES,EQ,237610,113353,47.71
20,2267,TEXRAIL,EQ,5389467,1745048,32.38
20,2268,TFCILTD,EQ,1813607,351467,19.38
20,2269,TGBHOTELS,EQ,99528,45283,45.50
20,2270,TGL,ST,86400,75600,87.50
20,2271,THANGAMAYL,EQ,12982,5830,44.91
20,2272,THEJO,EQ,54308,21231,39.09
20,2273,THEMISMED,EQ,301191,120010,39.85
20,2274,THERMAX,EQ,70174,37834,53.91
20,2275,THOMASCOOK,EQ,2183208,1591032,72.88
20,2276,THYROCARE,EQ,206322,97293,47.16
20,2277,TI,EQ,887688,383396,43.19
20,2278,TIDEWATER,EQ,34325,15625,45.52
20,2279,TIIL,EQ,445326,151907,34.11
20,2280,TIINDIA,EQ,114387,63635,55.63
20,2281,TIMESCAN,SM,12000,12000,100.00
20,2282,TIMESGTY,EQ,11046,6128,55.48
20,2283,TIMETECHNO,EQ,11189059,2233931,19.97
20,2284,TIMKEN,EQ,117009,65704,56.15
20,2285,TIPSFILMS,EQ,10665,5179,48.56
20,2286,TIPSINDLTD,EQ,567861,273847,48.22
20,2287,TIRUMALCHM,EQ,459741,166614,36.24
20,2288,TITAGARH,EQ,1641258,377059,22.97
20,2289,TITAN,EQ,997803,466962,46.80
20,2290,TMB,EQ,57212,34347,60.03
20,2291,TNIDETF,EQ,538875,524175,97.27
20,2292,TNPETRO,EQ,234731,90992,38.76
20,2293,TNPL,EQ,241501,116393,48.20
20,2294,TOKYOPLAST,EQ,13235,9770,73.82
20,2295,TOP100CASE,EQ,58639,46251,78.87
20,2296,TORNTPHARM,EQ,447194,262286,58.65
20,2297,TORNTPOWER,EQ,307264,137281,44.68
20,2298,TOUCHWOOD,EQ,35026,20493,58.51
20,2299,TRACXN,EQ,696353,213315,30.63
20,2300,TRANSTEEL,SM,16000,10000,62.50
20,2301,TRANSWIND,SM,12000,12000,100.00
20,2302,TREEHOUSE,EQ,25721,10157,39.49
20,2303,TREJHARA,EQ,21732,17158,78.95
20,2304,TREL,EQ,1589854,453987,28.56
20,2305,TRENT,EQ,885572,456464,51.54
20,2306,TRF,EQ,16679,11334,67.95
20,2307,TRIDENT,EQ,7966373,2678586,33.62
20,2308,TRIDHYA,SM,33000,24000,72.73
20,2309,TRITURBINE,EQ,14218509,831261,5.85
20,2310,TRIVENI,EQ,1251933,222098,17.74
20,2311,TROM,ST,18000,18000,100.00
20,2312,TRU,EQ,4587925,1214223,26.47
20,2313,TRUST,ST,73200,73200,100.00
20,2314,TTKHLTCARE,EQ,7859,5144,65.45
20,2315,TTKPRESTIG,EQ,119960,48509,40.44
20,2316,TTL,EQ,40474,17855,44.11
20,2317,TTML,EQ,7667393,1971921,25.72
20,2318,TUNWAL,SM,286000,206000,72.03
20,2319,TV18BRDCST,EQ,9927115,3500763,35.26
20,2320,TVSELECT,EQ,21205,10171,47.97
20,2321,TVSHLTD,EQ,3731,1332,35.70
20,2322,TVSMOTOR,EQ,1364898,920465,67.44
20,2323,TVSSCS,EQ,850625,428438,50.37
20,2324,TVSSRICHAK,EQ,79020,15362,19.44
20,2325,TVTODAY,EQ,364247,212188,58.25
20,2326,UBL,EQ,117154,75968,64.84
20,2327,UCAL,EQ,60283,17935,29.75
20,2328,UCL,SM,4000,4000,100.00
20,2329,UCOBANK,EQ,6397489,1755259,27.44
20,2330,UDAICEMENT,EQ,997052,525170,52.67
20,2331,UDS,EQ,386856,171653,44.37
20,2332,UFLEX,EQ,427369,160633,37.59
20,2333,UFO,EQ,131219,58174,44.33
20,2334,UGARSUGAR,EQ,586314,289642,49.40
20,2335,UGROCAP,EQ,169872,85613,50.40
20,2336,UJJIVANSFB,EQ,7622831,3809236,49.97
20,2337,ULTRACEMCO,EQ,404673,246300,60.86
20,2338,UMA,SM,108000,64000,59.26
20,2339,UMAEXPORTS,EQ,243347,199774,82.09
20,2340,UNICHEMLAB,EQ,21937,12484,56.91
20,2341,UNIDT,EQ,463765,109134,23.53
20,2342,UNIECOM,EQ,5723075,1793565,31.34
20,2343,UNIENTER,EQ,10501,8205,78.14
20,2344,UNIHEALTH,SM,14000,12000,85.71
20,2345,UNIINFO,EQ,53884,9995,18.55
20,2346,UNIONBANK,EQ,14750576,8116394,55.02
20,2347,UNIPARTS,EQ,97698,61153,62.59
20,2348,UNITDSPR,EQ,363536,221686,60.98
20,2349,UNITEDPOLY,EQ,18240,6998,38.37
20,2350,UNITEDTEA,EQ,4637,3839,82.79
20,2351,UNIVASTU,EQ,445858,141192,31.67
20,2352,UNIVCABLES,EQ,197271,122474,62.08
20,2353,UNIVPHOTO,EQ,1615,641,39.69
20,2354,UNOMINDA,EQ,2298195,872217,37.95
20,2355,UPL,EQ,1066850,398579,37.36
20,2356,URBAN,SM,136400,61200,44.87
20,2357,URJA,EQ,2013867,1105661,54.90
20,2358,USASEEDS,SM,900,900,100.00
20,2359,USHAMART,EQ,1719556,985368,57.30
20,2360,UTIAMC,EQ,186114,92570,49.74
20,2361,UTIBANKETF,EQ,1013451,1002258,98.90
20,2362,UTINEXT50,EQ,124784,95327,76.39
20,2363,UTINIFTETF,EQ,23038,12047,52.29
20,2364,UTISENSETF,EQ,1049,1015,96.76
20,2365,UTISXN50,EQ,2306,2290,99.31
20,2366,UTKARSHBNK,EQ,858928,480672,55.96
20,2367,UTSSAV,ST,84000,84000,100.00
20,2368,UTTAMSUGAR,EQ,64405,29651,46.04
20,2369,UWCSL,SM,4000,0,0.00
20,2370,VADILALIND,EQ,9295,4358,46.89
20,2371,VAIBHAVGBL,EQ,929362,497199,53.50
20,2372,VAISHALI,EQ,399258,298210,74.69
20,2373,VAKRANGEE,EQ,5155627,1933990,37.51
20,2374,VALIANTLAB,EQ,200873,106579,53.06
20,2375,VALIANTORG,EQ,44232,21197,47.92
20,2376,VARDHACRLC,EQ,53697,32544,60.61
20,2377,VARDMNPOLY,EQ,142279,79988,56.22
20,2378,VARROC,EQ,192662,89379,46.39
20,2379,VASA,ST,32000,32000,100.00
20,2380,VASCONEQ,EQ,1601943,645260,40.28
20,2381,VASWANI,EQ,430323,153612,35.70
20,2382,VBL,EQ,1657308,1075915,64.92
20,2383,VEDL,EQ,18914429,6672011,35.27
20,2384,VEEKAYEM,SM,7500,5500,73.33
20,2385,VENKEYS,EQ,96276,37451,38.90
20,2386,VENUSPIPES,EQ,48048,22827,47.51
20,2387,VENUSREM,EQ,201482,114799,56.98
20,2388,VERA,SM,1500,1500,100.00
20,2389,VERITAAS,SM,7200,4800,66.67
20,2390,VERTEXPLUS,ST,4200,4200,100.00
20,2391,VERTOZ,EQ,7469056,5133843,68.73
20,2392,VESUVIUS,EQ,22506,13446,59.74
20,2393,VETO,EQ,2082492,319312,15.33
20,2394,VGUARD,EQ,8346253,1347625,16.15
20,2395,VHL,EQ,1213,469,38.66
20,2396,VIAZ,SM,14000,12000,85.71
20,2397,VIDHIING,EQ,6233,3967,63.65
20,2398,VIJAYA,EQ,108212,35418,32.73
20,2399,VIKASECO,EQ,6907664,4018361,58.17
20,2400,VIKASLIFE,EQ,7475022,3855049,51.57
20,2401,VILAS,ST,29000,28000,96.55
20,2402,VIMTALABS,EQ,52051,27527,52.88
20,2403,VINATIORGA,EQ,79299,41061,51.78
20,2404,VINDHYATEL,EQ,197688,93214,47.15
20,2405,VINEETLAB,EQ,172354,70690,41.01
20,2406,VINNY,EQ,2095635,1401734,66.89
20,2407,VINSYS,SM,8000,7000,87.50
20,2408,VINYAS,ST,6200,6200,100.00
20,2409,VINYLINDIA,EQ,27891,14271,51.17
20,2410,VIPIND,EQ,332870,235471,70.74
20,2411,VIPULLTD,EQ,1226698,396176,32.30
20,2412,VIRINCHI,EQ,210987,123548,58.56
20,2413,VISAKAIND,EQ,302260,150357,49.74
20,2414,VISHNU,EQ,79103,49462,62.53
20,2415,VISHNUINFR,SM,60000,39000,65.00
20,2416,VISHWARAJ,EQ,1020942,442489,43.34
20,2417,VISHWAS,SM,6400,6400,100.00
20,2418,VITAL,ST,43200,43200,100.00
20,2419,VIVIANA,ST,6500,6000,92.31
20,2420,VLEGOV,EQ,2123256,792433,37.32
20,2421,VLINFRA,SM,822000,363000,44.16
20,2422,VLSFINANCE,EQ,252789,121372,48.01
20,2423,VMARCIND,SM,160000,132000,82.50
20,2424,VMART,EQ,17669,6374,36.07
20,2425,VOLTAMP,EQ,14945,8806,58.92
20,2426,VOLTAS,EQ,1440494,653021,45.33
20,2427,VPRPL,EQ,6283939,1884689,29.99
20,2428,VR,SM,4800,3200,66.67
20,2429,VRAJ,EQ,118145,69581,58.89
20,2430,VRLLOG,EQ,120622,54407,45.11
20,2431,VSCL,SM,24000,18000,75.00
20,2432,VSSL,EQ,182065,113412,62.29
20,2433,VSTIND,EQ,21995,11397,51.82
20,2434,VSTTILLERS,EQ,39716,18594,46.82
20,2435,VTL,EQ,142119,65278,45.93
20,2436,WABAG,EQ,271404,107375,39.56
20,2437,WALCHANNAG,EQ,674073,256261,38.02
20,2438,WALPAR,SM,64000,52000,81.25
20,2439,WANBURY,EQ,338302,200686,59.32
20,2440,WEL,EQ,25531,9850,38.58
20,2441,WELCORP,EQ,859462,277203,32.25
20,2442,WELENT,EQ,544653,224720,41.26
20,2443,WELINV,EQ,655,284,43.36
20,2444,WELSPUNLIV,EQ,1656472,754900,45.57
20,2445,WENDT,EQ,146,78,53.42
20,2446,WESTLIFE,EQ,29659,7686,25.91
20,2447,WHEELS,EQ,33845,18469,54.57
20,2448,WHIRLPOOL,EQ,117813,80927,68.69
20,2449,WILLAMAGOR,EQ,2663,1573,59.07
20,2450,WINDLAS,EQ,204791,72439,35.37
20,2451,WINDMACHIN,EQ,174823,85880,49.12
20,2452,WINSOL,SM,35200,22400,63.64
20,2453,WIPL,EQ,218967,72722,33.21
20,2454,WIPRO,EQ,5560878,2802332,50.39
20,2455,WOMANCART,ST,8000,8000,100.00
20,2456,WONDERLA,EQ,48015,22637,47.15
20,2457,WORTH,EQ,78504,50184,63.93
20,2458,WSI,EQ,88762,44339,49.95
20,2459,WSTCSTPAPR,EQ,99933,53144,53.18
20,2460,WTICAB,SM,38000,28000,73.68
20,2461,XCHANGING,EQ,389579,152759,39.21
20,2462,XELPMOC,EQ,29675,10108,34.06
20,2463,XPROINDIA,EQ,27212,16810,61.77
20,2464,YAARI,EQ,209037,85749,41.02
20,2465,YASHO,EQ,11381,6262,55.02
20,2466,YASHOPTICS,SM,68800,41600,60.47
20,2467,YATHARTH,EQ,430744,188166,43.68
20,2468,YATRA,EQ,223006,104260,46.75
20,2469,YCCL,SM,15000,12000,80.00
20,2470,YESBANK,EQ,105214714,33391186,31.74
20,2471,YUDIZ,ST,3200,3200,100.00
20,2472,YUKEN,EQ,12442,8348,67.10
20,2473,ZAGGLE,EQ,1420027,440807,31.04
20,2474,ZEAL,SM,6000,4800,80.00
20,2475,ZEEL,EQ,4781650,1970717,41.21
20,2476,ZEEMEDIA,EQ,3085476,1324326,42.92
20,2477,ZENITHDRUG,SM,32000,14400,45.00
20,2478,ZENSARTECH,EQ,619702,330677,53.36
20,2479,ZENTEC,EQ,286017,123271,43.10
20,2480,ZFCVINDIA,EQ,7174,4059,56.58
20,2481,ZIMLAB,EQ,119653,67793,56.66
20,2482,ZOMATO,EQ,41735068,15223679,36.48
20,2483,ZOTA,EQ,30147,16421,54.47
20,2484,ZTECH,SM,28800,28800,100.00
20,2485,ZUARI,EQ,158115,82796,52.36
20,2486,ZUARIIND,EQ,98014,44142,45.04
20,2487,ZYDUSLIFE,EQ,3229996,1884579,58.35
20,2488,ZYDUSWELL,EQ,18535,9370,50.55
