Security Wise Delivery Position - Compulsory Rolling Settlement
10,MTO,02052024,1817051987,0002484
Trade Date <02-MAY-2024>,Settlement Type <N>
Record Type,Sr No,Name of Security,Quantity Traded,Deliverable Quantity(gross across client level),% of Deliverable Quantity to Traded Quantity
20,1,1018GS2026,GS,14395,13895,96.53
20,2,182D010824,TB,2000,2000,100.00
20,3,182D031024,TB,700,700,100.00
20,4,182D040724,TB,100,100,100.00
20,5,182D050924,TB,18200,18100,99.45
20,6,182D060624,TB,200,200,100.00
20,7,182D090524,TB,300,300,100.00
20,8,182D110724,TB,200,200,100.00
20,9,182D111024,TB,1100,1100,100.00
20,10,182D160524,TB,100,100,100.00
20,11,182D180724,TB,2000,2000,100.00
20,12,182D190924,TB,1200,600,50.00
20,13,182D200624,TB,100,100,100.00
20,14,182D220824,TB,200,200,100.00
20,15,182D230524,TB,600,600,100.00
20,16,182D290824,TB,5500,5500,100.00
20,17,20MICRONS,EQ,102490,57404,56.01
20,18,360ONE,EQ,530029,297241,56.08
20,19,364D020125,TB,1800,1800,100.00
20,20,364D040724,TB,600,600,100.00
20,21,364D060325,TB,100,100,100.00
20,22,364D090524,TB,5500,4500,81.82
20,23,364D110425,TB,100,100,100.00
20,24,364D130225,TB,100,100,100.00
20,25,364D130325,TB,200,200,100.00
20,26,364D160125,TB,100,100,100.00
20,27,364D180425,TB,3600,3600,100.00
20,28,364D180724,TB,3500,3300,94.29
20,29,364D200225,TB,1000,1000,100.00
20,30,364D240425,TB,200,200,100.00
20,31,364D250724,TB,2900,2900,100.00
20,32,364D270225,TB,100,100,100.00
20,33,364D280624,TB,28000,28000,100.00
20,34,364D300524,TB,100,100,100.00
20,35,3IINFOLTD,EQ,892062,513424,57.55
20,36,3MINDIA,EQ,11917,9491,79.64
20,37,3PLAND,EQ,16319,9522,58.35
20,38,563GS2026,GS,161,110,68.32
20,39,574GS2026,GS,507,507,100.00
20,40,585GS2030,GS,11,11,100.00
20,41,5PAISA,EQ,68068,36928,54.25
20,42,610GS2031,GS,3,2,66.67
20,43,619GS2034,GS,2,1,50.00
20,44,63MOONS,EQ,112966,73168,64.77
20,45,654GS2032,GS,59536,55036,92.44
20,46,667GS2035,GS,1157,1157,100.00
20,47,667GS2050,GS,528,507,96.02
20,48,669GS2024,GS,118,117,99.15
20,49,676GS2061,GS,1,1,100.00
20,50,689GS2025,GS,300202,300200,100.00
20,51,695GS2061,GS,11,11,100.00
20,52,699GS2026,GS,500,500,100.00
20,53,699GS2051,GS,3,3,100.00
20,54,706GS2028,GS,17774,17774,100.00
20,55,710GS2029,GS,441256,439622,99.63
20,56,716GS2050,GS,1,1,100.00
20,57,717GS2030,GS,13793,13793,100.00
20,58,718GS2033,GS,5,5,100.00
20,59,718GS2037,GS,22906,18240,79.63
20,60,71GS2034,GS,12795,12795,100.00
20,61,723GS2039,GS,4298,4298,100.00
20,62,725GS2063,GS,272892,272892,100.00
20,63,726GS2032,GS,53450,53450,100.00
20,64,727GS2026,GS,13,12,92.31
20,65,732GS2030,GS,23400,23400,100.00
20,66,733GS2026,GS,3844,3795,98.73
20,67,734GS2064,GS,5590,5590,100.00
20,68,736GS2052,GS,21,21,100.00
20,69,737GR2054,GS,100,100,100.00
20,70,737GS2028,GS,68958,68958,100.00
20,71,738GS2027,GS,86902,76317,87.82
20,72,73GS2053,GS,56350,52350,92.90
20,73,741GS2036,GS,2900,2900,100.00
20,74,746GS2073,GS,1617,1617,100.00
20,75,748MH35,SG,100,100,100.00
20,76,749MH36,SG,1000,1000,100.00
20,77,74GJ27,SG,400,300,75.00
20,78,74GS2035,GS,5,5,100.00
20,79,74GS2062,GS,4762,4762,100.00
20,80,754GS2036,GS,1037594,986976,95.12
20,81,755GJ31,SG,100,100,100.00
20,82,757GS2033,GS,19700,19700,100.00
20,83,75GS2034,GS,210,210,100.00
20,84,762KL38,SG,900,900,100.00
20,85,772GS2049,GS,109,109,100.00
20,86,817GS2044,GS,12,12,100.00
20,87,824GS2027,GS,13,13,100.00
20,88,824GS2033,GS,100,100,100.00
20,89,828GS2027,GS,6030,6030,100.00
20,90,86GS2028,GS,300,300,100.00
20,91,91D040724,TB,3000,3000,100.00
20,92,91D060624,TB,200,200,100.00
20,93,91D090524,TB,100,100,100.00
20,94,91D120724,TB,1100,800,72.73
20,95,91D130624,TB,2200,2200,100.00
20,96,91D160524,TB,200,100,50.00
20,97,91D190724,TB,200,200,100.00
20,98,91D200624,TB,200,200,100.00
20,99,91D230524,TB,100,100,100.00
20,100,91D250724,TB,700,700,100.00
20,101,91D270624,TB,500,500,100.00
20,102,92GS2030,GS,81937,81937,100.00
20,103,AAATECH,EQ,56478,38999,69.05
20,104,AAKASH,EQ,427393,275559,64.47
20,105,AARON,EQ,3876,2685,69.27
20,106,AARTIDRUGS,EQ,62037,32797,52.87
20,107,AARTIIND,EQ,883662,481653,54.51
20,108,AARTIPHARM,EQ,238974,160731,67.26
20,109,AARTISURF,EQ,66263,31150,47.01
20,110,AARTISURF,P1,20,0,0.00
20,111,AARVEEDEN,EQ,39179,29891,76.29
20,112,AARVI,EQ,34063,12824,37.65
20,113,AATMAJ,SM,36000,28000,77.78
20,114,AAVAS,EQ,311886,131567,42.18
20,115,ABB,EQ,317802,73215,23.04
20,116,ABBOTINDIA,EQ,8210,4181,50.93
20,117,ABCAPITAL,EQ,9052439,4557020,50.34
20,118,ABCOTS,SM,1000,1000,100.00
20,119,ABFL,N5,10,10,100.00
20,120,ABFRL,EQ,3156674,1211721,38.39
20,121,ABINFRA,SM,94000,90000,95.74
20,122,ABMINTLLTD,EQ,1221,713,58.39
20,123,ABSLAMC,EQ,274245,182707,66.62
20,124,ABSLBANETF,EQ,51920,34015,65.51
20,125,ABSLLIQUID,EQ,6488,4708,72.56
20,126,ABSLNN50ET,EQ,20423,16017,78.43
20,127,ACC,EQ,477663,211594,44.30
20,128,ACCELYA,EQ,11809,5600,47.42
20,129,ACCENTMIC,SM,25500,18000,70.59
20,130,ACCORD,SM,26000,26000,100.00
20,131,ACE,EQ,202583,119287,58.88
20,132,ACEINTEG,EQ,2057,1871,90.96
20,133,ACI,EQ,317892,187900,59.11
20,134,ACL,EQ,96089,37107,38.62
20,135,ACLGATI,EQ,435331,187351,43.04
20,136,ACSAL,SM,15000,9000,60.00
20,137,ADANIENSOL,EQ,3169241,1776837,56.07
20,138,ADANIENT,EQ,2219085,447549,20.17
20,139,ADANIGREEN,EQ,517699,245264,47.38
20,140,ADANIPORTS,EQ,7991511,1939169,24.27
20,141,ADANIPOWER,EQ,5888418,2581645,43.84
20,142,ADFFOODS,EQ,102269,50538,49.42
20,143,ADL,EQ,9259,5038,54.41
20,144,ADORWELD,EQ,78497,52030,66.28
20,145,ADROITINFO,EQ,120132,82968,69.06
20,146,ADROITPP,E1,15680,15680,100.00
20,147,ADSL,EQ,1000625,411764,41.15
20,148,ADVANIHOTR,EQ,392969,219344,55.82
20,149,ADVENZYMES,EQ,158827,99273,62.50
20,150,AEGISCHEM,EQ,1890391,1057791,55.96
20,151,AEROFLEX,EQ,2471614,744692,30.13
20,152,AETHER,EQ,27422,14418,52.58
20,153,AFFLE,EQ,394658,139428,35.33
20,154,AGARIND,EQ,32360,17372,53.68
20,155,AGARWALFT,ST,9000,6000,66.67
20,156,AGI,EQ,145245,75673,52.10
20,157,AGNI,SM,60000,40000,66.67
20,158,AGRITECH,EQ,9323,5179,55.55
20,159,AGROPHOS,EQ,64552,42685,66.12
20,160,AGSTRA,EQ,105724,87076,82.36
20,161,AHL,EQ,19297,15170,78.61
20,162,AHLADA,EQ,79833,42945,53.79
20,163,AHLEAST,EQ,21947,15827,72.11
20,164,AHLUCONT,EQ,31626,19290,60.99
20,165,AIAENG,EQ,46938,26177,55.77
20,166,AIIL,EQ,5691,4646,81.64
20,167,AILIMITED,SM,9000,9000,100.00
20,168,AIRAN,EQ,144176,99065,68.71
20,169,AIROLAM,EQ,13913,9005,64.72
20,170,AIRTELPP,E1,306549,235093,76.69
20,171,AJANTPHARM,EQ,83782,43138,51.49
20,172,AJMERA,EQ,67122,23039,34.32
20,173,AJOONI,EQ,1254401,649408,51.77
20,174,AKANKSHA,SM,78000,58000,74.36
20,175,AKASH,EQ,15996,10781,67.40
20,176,AKG,EQ,92329,51826,56.13
20,177,AKI,EQ,41555,31664,76.20
20,178,AKSHARCHEM,EQ,6245,3383,54.17
20,179,AKZOINDIA,EQ,31927,14272,44.70
20,180,ALBERTDAVD,EQ,8071,5318,65.89
20,181,ALEMBICLTD,EQ,276079,141485,51.25
20,182,ALICON,EQ,9160,5825,63.59
20,183,ALKALI,EQ,20335,12463,61.29
20,184,ALKEM,EQ,216072,151005,69.89
20,185,ALKYLAMINE,EQ,22753,12342,54.24
20,186,ALLCARGO,EQ,1508545,866842,57.46
20,187,ALLETEC,SM,46800,31200,66.67
20,188,ALLSEC,EQ,160271,36915,23.03
20,189,ALOKINDS,EQ,5166350,3413575,66.07
20,190,ALPA,EQ,33713,25693,76.21
20,191,ALPEXSOLAR,SM,533200,297200,55.74
20,192,ALPHA,EQ,860969,656231,76.22
20,193,ALPHAETF,EQ,241208,180450,74.81
20,194,ALPHAGEO,EQ,45810,34126,74.49
20,195,ALPL30IETF,EQ,69689,59332,85.14
20,196,ALPSINDUS,EQ,21594,21594,100.00
20,197,ALUWIND,SM,258000,180000,69.77
20,198,AMBANIORG,SM,1000,1000,100.00
20,199,AMBER,EQ,113852,51410,45.16
20,200,AMBICAAGAR,EQ,29814,15342,51.46
20,201,AMBIKCO,EQ,11240,6486,57.70
20,202,AMBUJACEM,EQ,6286712,2179101,34.66
20,203,AMDIND,EQ,47782,34006,71.17
20,204,AMEYA,SM,6000,6000,100.00
20,205,AMIABLE,SM,1600,1600,100.00
20,206,AMIORG,EQ,195079,136456,69.95
20,207,AMJLAND,EQ,99143,47951,48.37
20,208,AMNPLST,EQ,12166,5631,46.28
20,209,AMRUTANJAN,EQ,748640,231911,30.98
20,210,ANANDRATHI,EQ,20182,12001,59.46
20,211,ANANTRAJ,EQ,983838,552576,56.17
20,212,ANDHRAPAP,EQ,122747,57960,47.22
20,213,ANDHRSUGAR,EQ,183725,108321,58.96
20,214,ANGELONE,EQ,595938,491524,82.48
20,215,ANIKINDS,EQ,20974,13958,66.55
20,216,ANKITMETAL,EQ,136183,104964,77.08
20,217,ANLON,SM,6400,4400,68.75
20,218,ANMOL,EQ,1162475,431153,37.09
20,219,ANNAPURNA,SM,29500,19500,66.10
20,220,ANUP,EQ,16760,9203,54.91
20,221,ANURAS,EQ,73266,42627,58.18
20,222,APARINDS,EQ,98980,58463,59.07
20,223,APCL,EQ,8434,5388,63.88
20,224,APCOTEXIND,EQ,46401,33061,71.25
20,225,APEX,EQ,734981,286354,38.96
20,226,APLAPOLLO,EQ,539141,401425,74.46
20,227,APLLTD,EQ,60548,25353,41.87
20,228,APOLLO,EQ,465538,350159,75.22
20,229,APOLLOHOSP,EQ,572406,261408,45.67
20,230,APOLLOPIPE,EQ,39545,23077,58.36
20,231,APOLLOTYRE,EQ,1486206,437104,29.41
20,232,APOLSINHOT,EQ,1355,825,60.89
20,233,APS,SM,570000,269500,47.28
20,234,APTECHT,EQ,467381,213325,45.64
20,235,APTUS,EQ,214209,98186,45.84
20,236,ARABIAN,SM,48000,40000,83.33
20,237,ARCHIDPLY,EQ,495735,224165,45.22
20,238,ARE&M,EQ,846621,322751,38.12
20,239,ARENTERP,EQ,15630,7631,48.82
20,240,ARHAM,ST,13000,11500,88.46
20,241,ARIES,EQ,65568,36103,55.06
20,242,ARIHANTACA,SM,4000,4000,100.00
20,243,ARIHANTCAP,EQ,199918,125450,62.75
20,244,ARIHANTSUP,EQ,119736,24814,20.72
20,245,ARISTO,SM,14400,12800,88.89
20,246,ARMANFIN,EQ,24391,14844,60.86
20,247,AROGRANITE,EQ,31835,22074,69.34
20,248,ARROWGREEN,EQ,693468,157687,22.74
20,249,ARTEMISMED,EQ,49629,32486,65.46
20,250,ARVIND,EQ,739362,538834,72.88
20,251,ARVINDFASN,EQ,104864,65944,62.89
20,252,ARVSMART,EQ,94166,21548,22.88
20,253,ASAHIINDIA,EQ,71497,29547,41.33
20,254,ASAHISONG,EQ,27638,12760,46.17
20,255,ASAL,EQ,237116,117312,49.47
20,256,ASALCBR,EQ,195590,86269,44.11
20,257,ASHAPURMIN,EQ,157013,123554,78.69
20,258,ASHIANA,EQ,187125,65233,34.86
20,259,ASHIMASYN,EQ,387908,279362,72.02
20,260,ASHOKA,EQ,794977,316938,39.87
20,261,ASHOKLEY,EQ,50511799,16327844,32.32
20,262,ASIANENE,EQ,85417,65104,76.22
20,263,ASIANPAINT,EQ,2493406,1026807,41.18
20,264,ASIANTILES,EQ,228595,148253,64.85
20,265,ASKAUTOLTD,EQ,121686,74864,61.52
20,266,ASLIND,ST,2000,2000,100.00
20,267,ASPINWALL,EQ,11868,6178,52.06
20,268,ASPIRE,SM,146000,124000,84.93
20,269,ASTEC,EQ,343759,92128,26.80
20,270,ASTERDM,EQ,1898590,913479,48.11
20,271,ASTRAL,EQ,463442,241232,52.05
20,272,ASTRAMICRO,EQ,222575,105660,47.47
20,273,ASTRAZEN,EQ,57226,24768,43.28
20,274,ATALREAL,EQ,3288614,1305351,39.69
20,275,ATFL,EQ,13817,10325,74.73
20,276,ATGL,EQ,2505289,617738,24.66
20,277,ATL,EQ,427821,278908,65.19
20,278,ATMASTCO,SM,294400,182400,61.96
20,279,ATUL,EQ,132585,108490,81.83
20,280,ATULAUTO,EQ,4155308,630410,15.17
20,281,AUBANK,EQ,4310835,2197060,50.97
20,282,AURDIS,SM,23500,14000,59.57
20,283,AUROIMPEX,SM,35200,27200,77.27
20,284,AUROPHARMA,EQ,713707,318058,44.56
20,285,AURUM,EQ,151449,104051,68.70
20,286,AUSOMENT,EQ,10366,6784,65.44
20,287,AUTOAXLES,EQ,38678,20116,52.01
20,288,AUTOBEES,EQ,188818,112581,59.62
20,289,AUTOIETF,EQ,381688,238711,62.54
20,290,AUTOIND,EQ,175380,88370,50.39
20,291,AVADHSUGAR,EQ,31421,13964,44.44
20,292,AVALON,EQ,71980,39059,54.26
20,293,AVANTIFEED,EQ,5000113,860606,17.21
20,294,AVG,EQ,55976,30253,54.05
20,295,AVONMORE,EQ,1332233,1095941,82.26
20,296,AVPINFRA,SM,188800,124800,66.10
20,297,AVROIND,EQ,35585,14763,41.49
20,298,AVTNPL,EQ,316513,141441,44.69
20,299,AWHCL,EQ,73925,37957,51.35
20,300,AWL,EQ,2632127,1225293,46.55
20,301,AXISBANK,EQ,12302236,7332194,59.60
20,302,AXISBNKETF,EQ,7171,7115,99.22
20,303,AXISBPSETF,EQ,41887,40716,97.20
20,304,AXISCADES,EQ,58782,23763,40.43
20,305,AXISCETF,EQ,2140,1100,51.40
20,306,AXISGOLD,EQ,92317,67902,73.55
20,307,AXISHCETF,EQ,4068,3782,92.97
20,308,AXISILVER,EQ,8087,6451,79.77
20,309,AXISNIFTY,EQ,13093,12819,97.91
20,310,AXISTECETF,EQ,9524,8642,90.74
20,311,AXITA,EQ,1161160,472851,40.72
20,312,AXSENSEX,EQ,6640,2602,39.19
20,313,AYMSYNTEX,EQ,35690,20426,57.23
20,314,AZAD,EQ,67622,41862,61.91
20,315,BABAFP,SM,1600,1600,100.00
20,316,BAHETI,SM,2250,2250,100.00
20,317,BAIDFIN,EQ,237861,82456,34.67
20,318,BAJAJ-AUTO,EQ,638239,163897,25.68
20,319,BAJAJCON,EQ,752171,420436,55.90
20,320,BAJAJELEC,EQ,30946,14805,47.84
20,321,BAJAJFINSV,EQ,1304846,416339,31.91
20,322,BAJAJHCARE,EQ,40040,21508,53.72
20,323,BAJAJHIND,EQ,21930961,8121437,37.03
20,324,BAJAJHLDNG,EQ,37195,22444,60.34
20,325,BAJEL,EQ,684457,349599,51.08
20,326,BAJFINANCE,EQ,1139572,440737,38.68
20,327,BALAJITELE,EQ,123576,91419,73.98
20,328,BALAMINES,EQ,22544,12677,56.23
20,329,BALAXI,EQ,3767,2575,68.36
20,330,BALKRISIND,EQ,183928,93566,50.87
20,331,BALMLAWRIE,EQ,1185146,530258,44.74
20,332,BALPHARMA,EQ,60187,29505,49.02
20,333,BALRAMCHIN,EQ,694932,199913,28.77
20,334,BALUFORGE,EQ,467039,307478,65.84
20,335,BANARBEADS,EQ,5903,2248,38.08
20,336,BANARISUG,EQ,1776,1306,73.54
20,337,BANCOINDIA,EQ,34500,15756,45.67
20,338,BANDHANBNK,EQ,11938817,5463443,45.76
20,339,BANG,EQ,7184,6571,91.47
20,340,BANKBARODA,EQ,12366464,5883870,47.58
20,341,BANKBEES,EQ,551655,347281,62.95
20,342,BANKBETF,EQ,73396,71772,97.79
20,343,BANKETF,EQ,2904,2009,69.18
20,344,BANKETFADD,EQ,107334,95705,89.17
20,345,BANKIETF,EQ,709670,541393,76.29
20,346,BANKINDIA,EQ,9130409,4549089,49.82
20,347,BANKNIFTY1,EQ,104854,96216,91.76
20,348,BANSWRAS,EQ,27947,16659,59.61
20,349,BARBEQUE,EQ,39725,24062,60.57
20,350,BASF,EQ,132151,42290,32.00
20,351,BASILIC,SM,1871100,871500,46.58
20,352,BASML,EQ,338208,219657,64.95
20,353,BATAINDIA,EQ,299319,141912,47.41
20,354,BAWEJA,SM,33600,22400,66.67
20,355,BAYERCROP,EQ,8010,4774,59.60
20,356,BBETF0432,EQ,296,265,89.53
20,357,BBL,EQ,52633,23219,44.11
20,358,BBNPPGOLD,EQ,32,6,18.75
20,359,BBOX,EQ,138135,101659,73.59
20,360,BBTC,EQ,24296,12153,50.02
20,361,BBTCL,EQ,2303,1349,58.58
20,362,BCLIND,EQ,1724077,905221,52.50
20,363,BDL,EQ,472393,190632,40.35
20,364,BEARDSELL,EQ,225791,154159,68.28
20,365,BECTORFOOD,EQ,92826,63018,67.89
20,366,BEDMUTHA,EQ,4334,2289,52.81
20,367,BEL,EQ,19171145,7866461,41.03
20,368,BEML,EQ,116851,50384,43.12
20,369,BEPL,EQ,344398,207408,60.22
20,370,BERGEPAINT,EQ,1110923,396174,35.66
20,371,BESTAGRO,EQ,27493,17815,64.80
20,372,BETA,SM,6100,4200,68.85
20,373,BEWLTD,SM,625,625,100.00
20,374,BFINVEST,EQ,262050,58064,22.16
20,375,BFSI,EQ,264252,187270,70.87
20,376,BFUTILITIE,EQ,1839013,391970,21.31
20,377,BHAGCHEM,EQ,266528,111757,41.93
20,378,BHAGERIA,EQ,49822,26776,53.74
20,379,BHAGYANGR,EQ,69952,42255,60.41
20,380,BHANDARI,EQ,725431,535250,73.78
20,381,BHARATFORG,EQ,492405,275213,55.89
20,382,BHARATGEAR,EQ,23163,15116,65.26
20,383,BHARATRAS,EQ,1981,768,38.77
20,384,BHARATWIRE,EQ,900895,456057,50.62
20,385,BHARTIARTL,EQ,7995432,3934944,49.21
20,386,BHARTIHEXA,EQ,821324,393294,47.89
20,387,BHEL,EQ,52394156,13198613,25.19
20,388,BHINVIT,IV,374851,332645,88.74
20,389,BIGBLOC,EQ,262792,146151,55.61
20,390,BIKAJI,EQ,94155,55159,58.58
20,391,BINANIIND,EQ,13639,11041,80.95
20,392,BIOCON,EQ,15169926,7352275,48.47
20,393,BIOFILCHEM,EQ,41518,30556,73.60
20,394,BIRDYS,ST,85200,85200,100.00
20,395,BIRET,RR,63021,55384,87.88
20,396,BIRLACABLE,EQ,79868,36334,45.49
20,397,BIRLACORPN,EQ,133825,68117,50.90
20,398,BIRLAMONEY,EQ,419744,285150,67.93
20,399,BLAL,EQ,105383,55637,52.80
20,400,BLISSGVS,EQ,1231953,586797,47.63
20,401,BLKASHYAP,EQ,625348,383443,61.32
20,402,BLS,EQ,3168715,957847,30.23
20,403,BLSE,EQ,764619,266132,34.81
20,404,BLUEDART,EQ,29741,24271,81.61
20,405,BLUEJET,EQ,224364,162381,72.37
20,406,BLUEPEBBLE,SM,55200,40000,72.46
20,407,BLUESTARCO,EQ,919071,369360,40.19
20,408,BMETRICS,SM,1200,400,33.33
20,409,BODALCHEM,EQ,342227,190522,55.67
20,410,BOMDYEING,EQ,1007791,537499,53.33
20,411,BOROLTD,EQ,167660,108901,64.95
20,412,BORORENEW,EQ,371725,203677,54.79
20,413,BOSCHLTD,EQ,87649,32792,37.41
20,414,BPCL,EQ,15883066,4695379,29.56
20,415,BPL,EQ,283634,134795,47.52
20,416,BRIGADE,EQ,175935,99416,56.51
20,417,BRIGHT,SM,147000,117000,79.59
20,418,BRITANNIA,EQ,356664,139377,39.08
20,419,BRITANNIA,N3,4841,4590,94.82
20,420,BSE,EQ,2042181,926407,45.36
20,421,BSE500IETF,EQ,112965,92295,81.70
20,422,BSHSL,EQ,14857,11174,75.21
20,423,BSL,EQ,7414,4629,62.44
20,424,BSLGOLDETF,EQ,29608,19931,67.32
20,425,BSLNIFTY,EQ,325760,268373,82.38
20,426,BSLSENETFG,EQ,1294,1034,79.91
20,427,BSOFT,EQ,4330078,2226723,51.42
20,428,BTML,EQ,3887527,2160380,55.57
20,429,BURNPUR,EQ,272284,166986,61.33
20,430,BUTTERFLY,EQ,8001,3703,46.28
20,431,BYKE,EQ,147217,113397,77.03
20,432,CADSYS,ST,30500,29000,95.08
20,433,CAMLINFINE,EQ,216928,110447,50.91
20,434,CAMPUS,EQ,774647,278593,35.96
20,435,CAMS,EQ,249943,122364,48.96
20,436,CANARYS,SM,816000,544000,66.67
20,437,CANBK,EQ,4321216,1545805,35.77
20,438,CANFINHOME,EQ,1520140,432696,28.46
20,439,CANTABIL,EQ,183959,104226,56.66
20,440,CAPACITE,EQ,924915,409952,44.32
20,441,CAPITALSFB,EQ,54345,29154,53.65
20,442,CAPLIPOINT,EQ,38493,20743,53.89
20,443,CAPTRUST,EQ,8077,5463,67.64
20,444,CARBORUNIV,EQ,688173,193138,28.07
20,445,CAREERP,EQ,83630,69127,82.66
20,446,CARERATING,EQ,39488,24918,63.10
20,447,CARTRADE,EQ,315682,41555,13.16
20,448,CARYSIL,EQ,60263,30733,51.00
20,449,CASTROLIND,EQ,6076118,3454527,56.85
20,450,CBAZAAR,SM,16000,16000,100.00
20,451,CCHHL,EQ,280373,177548,63.33
20,452,CCL,EQ,67035,37555,56.02
20,453,CDSL,EQ,957633,476801,49.79
20,454,CEATLTD,EQ,224410,78923,35.17
20,455,CELEBRITY,EQ,376091,278876,74.15
20,456,CELLECOR,SM,82800,52800,63.77
20,457,CELLO,EQ,238641,117248,49.13
20,458,CELLPOINT,SM,16800,14400,85.71
20,459,CENTENKA,EQ,131697,67926,51.58
20,460,CENTRALBK,EQ,15085713,5678713,37.64
20,461,CENTRUM,EQ,571788,259267,45.34
20,462,CENTUM,EQ,18655,9424,50.52
20,463,CENTURYPLY,EQ,372847,221239,59.34
20,464,CENTURYTEX,EQ,749384,305984,40.83
20,465,CERA,EQ,16149,10466,64.81
20,466,CESC,EQ,20238147,6197919,30.62
20,467,CGCL,EQ,124038,40515,32.66
20,468,CGPOWER,EQ,1200681,711633,59.27
20,469,CGRAPHICS,SM,369600,246400,66.67
20,470,CHALET,EQ,122020,47163,38.65
20,471,CHAMBLFERT,EQ,1735535,583709,33.63
20,472,CHAVDA,SM,180000,112000,62.22
20,473,CHEMBOND,EQ,19252,11215,58.25
20,474,CHEMCON,EQ,29665,16465,55.50
20,475,CHEMFAB,EQ,12302,8180,66.49
20,476,CHEMPLASTS,EQ,139364,59203,42.48
20,477,CHENNPETRO,EQ,1000790,258014,25.78
20,478,CHEVIOT,EQ,2133,1522,71.35
20,479,CHOICEIN,EQ,651632,153590,23.57
20,480,CHOLAFIN,EQ,7345047,1873685,25.51
20,481,CHOLAFIN,N0,52,52,100.00
20,482,CHOLAFIN,N4,230,230,100.00
20,483,CHOLAFIN,N8,273,273,100.00
20,484,CHOLAFIN,NG,10,10,100.00
20,485,CHOLAHLDNG,EQ,547087,251182,45.91
20,486,CIEINDIA,EQ,632976,322484,50.95
20,487,CIGNITITEC,EQ,1108989,517577,46.67
20,488,CINELINE,EQ,38155,25386,66.53
20,489,CIPLA,EQ,1540210,543579,35.29
20,490,CLEAN,EQ,68467,37486,54.75
20,491,CLEDUCATE,EQ,72920,51583,70.74
20,492,CLOUD,SM,253000,173000,68.38
20,493,CLSEL,EQ,77736,38842,49.97
20,494,CLSL,SM,8000,8000,100.00
20,495,CMMIPL,ST,18000,18000,100.00
20,496,CMNL,SM,25500,25500,100.00
20,497,CMRSL,SM,6400,6400,100.00
20,498,CMSINFO,EQ,1294029,730885,56.48
20,499,COALINDIA,EQ,14980896,4618630,30.83
20,500,COASTCORP,EQ,131016,88688,67.69
20,501,COCHINSHIP,EQ,3008078,528863,17.58
20,502,COFFEEDAY,EQ,2365799,1366957,57.78
20,503,COFORGE,EQ,449137,202813,45.16
20,504,COLPAL,EQ,269458,125761,46.67
20,505,COMMITTED,SM,9600,8000,83.33
20,506,COMMOIETF,EQ,552204,522074,94.54
20,507,COMPUSOFT,EQ,427201,272602,63.81
20,508,COMSYN,EQ,9017,6543,72.56
20,509,CONCOR,EQ,1530017,571776,37.37
20,510,CONCORDBIO,EQ,36414,19593,53.81
20,511,CONFIPET,EQ,687979,340964,49.56
20,512,CONS,EQ,1033,858,83.06
20,513,CONSOFINVT,EQ,31472,17729,56.33
20,514,CONSUMBEES,EQ,41041,29608,72.14
20,515,CONSUMIETF,EQ,4130,2633,63.75
20,516,CONTROLPR,EQ,15004,8223,54.81
20,517,COOLCAPS,SM,750,750,100.00
20,518,COROMANDEL,EQ,254334,108995,42.86
20,519,COSMOFIRST,EQ,84780,64098,75.61
20,520,COUNCODOS,EQ,985383,538247,54.62
20,521,CPS,ST,600,600,100.00
20,522,CPSEETF,EQ,3663977,1915504,52.28
20,523,CRAFTSMAN,EQ,21629,11855,54.81
20,524,CRAYONS,SM,50000,47000,94.00
20,525,CREATIVE,EQ,11567,6276,54.26
20,526,CREATIVEYE,EQ,13172,13172,100.00
20,527,CREDITACC,EQ,275387,169109,61.41
20,528,CREDITACC,N7,14,14,100.00
20,529,CREDITACC,ND,200,200,100.00
20,530,CREST,EQ,58794,47995,81.63
20,531,CRISIL,EQ,23434,10906,46.54
20,532,CROMPTON,EQ,8599222,4732839,55.04
20,533,CSBBANK,EQ,275008,133641,48.60
20,534,CSLFINANCE,EQ,285386,150631,52.78
20,535,CUB,EQ,4009958,2082075,51.92
20,536,CUMMINSIND,EQ,361820,154615,42.73
20,537,CYBERTECH,EQ,198253,80949,40.83
20,538,CYIENT,EQ,1007029,722711,71.77
20,539,CYIENTDLM,EQ,237336,129192,54.43
20,540,DABUR,EQ,7092006,1895573,26.73
20,541,DALBHARAT,EQ,744412,448757,60.28
20,542,DALMIASUG,EQ,223700,97633,43.64
20,543,DAMODARIND,EQ,15505,11308,72.93
20,544,DANGEE,EQ,386620,238478,61.68
20,545,DATAMATICS,EQ,68803,29058,42.23
20,546,DATAPATTNS,EQ,154056,59570,38.67
20,547,DAVANGERE,EQ,59743,34819,58.28
20,548,DBL,EQ,275204,111791,40.62
20,549,DBOL,EQ,93917,60165,64.06
20,550,DBREALTY,EQ,3540774,1887357,53.30
20,551,DBSTOCKBRO,EQ,168664,77064,45.69
20,552,DCAL,EQ,1751985,700329,39.97
20,553,DCBBANK,EQ,2841065,1335850,47.02
20,554,DCG,SM,808800,481200,59.50
20,555,DCM,EQ,17529,11569,66.00
20,556,DCMNVL,EQ,32588,19387,59.49
20,557,DCMSHRIRAM,EQ,53503,16982,31.74
20,558,DCMSRIND,EQ,363124,182801,50.34
20,559,DCW,EQ,1538430,535694,34.82
20,560,DCXINDIA,EQ,397792,189455,47.63
20,561,DECCANCE,EQ,12279,8571,69.80
20,562,DEEM,SM,22000,17000,77.27
20,563,DEEPAKFERT,EQ,564306,282241,50.02
20,564,DEEPAKNTR,EQ,337409,132928,39.40
20,565,DEEPENR,EQ,529802,131241,24.77
20,566,DEEPINDS,EQ,165781,106709,64.37
20,567,DELAPLEX,SM,195600,171600,87.73
20,568,DELHIVERY,EQ,1338180,939672,70.22
20,569,DELPHIFX,EQ,4619,2786,60.32
20,570,DELTACORP,EQ,992465,485890,48.96
20,571,DELTAMAGNT,EQ,11252,7437,66.09
20,572,DEN,EQ,1800696,783170,43.49
20,573,DENEERS,SM,2400,1800,75.00
20,574,DENORA,EQ,235931,93170,39.49
20,575,DENTALKART,SM,9750,6000,61.54
20,576,DESTINY,SM,27000,24000,88.89
20,577,DEVIT,EQ,58458,49590,84.83
20,578,DEVYANI,EQ,2518276,1823682,72.42
20,579,DGCONTENT,EQ,85781,57406,66.92
20,580,DHAMPURSUG,EQ,177980,83347,46.83
20,581,DHANI,EQ,13512254,5098852,37.74
20,582,DHANILOANS,NG,10,10,100.00
20,583,DHANILOANS,NQ,10,10,100.00
20,584,DHANILOANS,NV,85,49,57.65
20,585,DHANILOANS,NW,2,2,100.00
20,586,DHANILOANS,Y5,2,2,100.00
20,587,DHANUKA,EQ,38603,12992,33.66
20,588,DHARMAJ,EQ,33028,19780,59.89
20,589,DHTL,SM,12800,8000,62.50
20,590,DHUNINV,EQ,716,401,56.01
20,591,DIAMINESQ,EQ,24996,15390,61.57
20,592,DIAMONDYD,EQ,20473,11416,55.76
20,593,DICIND,EQ,9522,3735,39.22
20,594,DIGIKORE,SM,59400,42200,71.04
20,595,DIGISPICE,EQ,124860,85735,68.66
20,596,DIL,EQ,709257,397828,56.09
20,597,DISHTV,EQ,16018909,3783162,23.62
20,598,DIVGIITTS,EQ,21144,10254,48.50
20,599,DIVISLAB,EQ,868450,419035,48.25
20,600,DIVOPPBEES,EQ,65538,47858,73.02
20,601,DIXON,EQ,237333,74749,31.50
20,602,DKEGL,SM,3000,3000,100.00
20,603,DLF,EQ,3099475,1476542,47.64
20,604,DLINKINDIA,EQ,73534,35202,47.87
20,605,DMART,EQ,256067,151831,59.29
20,606,DMCC,EQ,97755,54495,55.75
20,607,DODLA,EQ,45092,21225,47.07
20,608,DOLATALGO,EQ,1278919,755638,59.08
20,609,DOLLAR,EQ,485908,369591,76.06
20,610,DOLLEX,SM,44000,24000,54.55
20,611,DOMS,EQ,26815,8790,32.78
20,612,DONEAR,EQ,69049,35263,51.07
20,613,DPABHUSHAN,EQ,32609,10668,32.71
20,614,DPSCLTD,EQ,663580,452617,68.21
20,615,DPWIRES,EQ,31775,20830,65.55
20,616,DRCSYSTEMS,EQ,84271,50506,59.93
20,617,DREAMFOLKS,EQ,184496,89064,48.27
20,618,DREDGECORP,EQ,109024,66544,61.04
20,619,DRONE,SM,200000,156000,78.00
20,620,DRREDDY,EQ,626953,299439,47.76
20,621,DSSL,EQ,26770,14050,52.48
20,622,DTIL,EQ,7045,4727,67.10
20,623,DUCOL,SM,80800,73600,91.09
20,624,DUGLOBAL,SM,530000,525000,99.06
20,625,DVL,EQ,149901,97095,64.77
20,626,DWARKESH,EQ,1208085,625683,51.79
20,627,DYCL,EQ,66140,37070,56.05
20,628,DYNAMATECH,EQ,6509,3082,47.35
20,629,DYNAMIC,SM,1175000,894000,76.09
20,630,DYNPRO,EQ,32903,17772,54.01
20,631,EASEMYTRIP,EQ,7516533,3280395,43.64
20,632,EBBETF0425,EQ,3704,3685,99.49
20,633,EBBETF0430,EQ,12955,12645,97.61
20,634,EBBETF0431,EQ,16769,15145,90.32
20,635,EBBETF0433,EQ,2659,2026,76.19
20,636,ECLERX,EQ,18687,10286,55.04
20,637,ECLFINANCE,NJ,111,98,88.29
20,638,ECLFINANCE,NK,210,210,100.00
20,639,ECLFINANCE,NR,594,591,99.49
20,640,EDELWEISS,EQ,3778409,1594473,42.20
20,641,EFACTOR,SM,15200,8800,57.89
20,642,EFORCE,SM,76800,52800,68.75
20,643,EGOLD,EQ,1621,1091,67.30
20,644,EICHERMOT,EQ,908139,469553,51.70
20,645,EIDPARRY,EQ,227859,114093,50.07
20,646,EIFFL,EQ,18553,16913,91.16
20,647,EIHAHOTELS,EQ,31346,12244,39.06
20,648,EIHOTEL,EQ,396813,241539,60.87
20,649,EIMCOELECO,EQ,9792,5930,60.56
20,650,EKC,EQ,254123,126846,49.92
20,651,ELDEHSG,EQ,6799,2906,42.74
20,652,ELECON,EQ,209531,121678,58.07
20,653,ELECTCAST,EQ,878894,502343,57.16
20,654,ELGIEQUIP,EQ,305054,158887,52.08
20,655,ELGIRUBCO,EQ,19376,15370,79.32
20,656,ELIN,EQ,163402,80563,49.30
20,657,EMAMILTD,EQ,397038,264614,66.65
20,658,EMAMIPAP,EQ,175913,106364,60.46
20,659,EMAMIREAL,EQ,109915,76268,69.39
20,660,EMBASSY,RR,275254,234237,85.10
20,661,EMIL,EQ,781232,492139,63.00
20,662,EMKAY,EQ,77185,34320,44.46
20,663,EMKAYTOOLS,SM,900,900,100.00
20,664,EMMBI,EQ,37586,19665,52.32
20,665,EMSLIMITED,EQ,281499,141444,50.25
20,666,EMUDHRA,EQ,215841,109643,50.80
20,667,ENDURANCE,EQ,71078,59656,83.93
20,668,ENERGYDEV,EQ,100203,79895,79.73
20,669,ENFUSE,SM,96000,58800,61.25
20,670,ENGINERSIN,EQ,8076505,2880717,35.67
20,671,ENIL,EQ,70502,30447,43.19
20,672,ENSER,SM,158000,126000,79.75
20,673,ENTERO,EQ,45690,24762,54.20
20,674,EPACK,EQ,520587,271363,52.13
20,675,EPIGRAL,EQ,121114,44228,36.52
20,676,EPL,EQ,261085,143072,54.80
20,677,EQUAL50ADD,EQ,6038,4801,79.51
20,678,EQUITASBNK,EQ,4574824,3050399,66.68
20,679,ERFLNCDI,N5,180,180,100.00
20,680,ERIS,EQ,359161,313103,87.18
20,681,EROSMEDIA,EQ,274928,175404,63.80
20,682,ESABINDIA,EQ,4095,1086,26.52
20,683,ESAFSFB,EQ,1985747,1135145,57.16
20,684,ESCONET,SM,138400,88000,63.58
20,685,ESCORTS,EQ,430222,139136,32.34
20,686,ESFL,SM,405000,246000,60.74
20,687,ESG,EQ,13589,9240,68.00
20,688,ESILVER,EQ,3598,2276,63.26
20,689,ESSARSHPNG,EQ,409223,260503,63.66
20,690,ESTER,EQ,1092131,393259,36.01
20,691,ETHOSLTD,EQ,15510,9932,64.04
20,692,EUROBOND,SM,3000,3000,100.00
20,693,EVEREADY,EQ,291730,132837,45.53
20,694,EVERESTIND,EQ,47094,33494,71.12
20,695,EXCEL,EQ,7558186,4490834,59.42
20,696,EXCELINDUS,EQ,34714,15679,45.17
20,697,EXICOM,EQ,971758,483132,49.72
20,698,EXIDEIND,EQ,8227489,2765325,33.61
20,699,EXPLEOSOL,EQ,33089,18455,55.77
20,700,EXXARO,EQ,55456,30922,55.76
20,701,FACT,EQ,265265,72222,27.23
20,702,FAIRCHEMOR,EQ,20329,10523,51.76
20,703,FAZE3Q,EQ,17114,12160,71.05
20,704,FCL,EQ,158217,89513,56.58
20,705,FCONSUMER,EQ,11129131,7902211,71.00
20,706,FCSSOFT,EQ,5342887,3370890,63.09
20,707,FDC,EQ,60549,33769,55.77
20,708,FEDERALBNK,EQ,75875713,24520880,32.32
20,709,FEDFINA,EQ,747470,368762,49.33
20,710,FELIX,SM,32000,21000,65.63
20,711,FIBERWEB,EQ,32188,26577,82.57
20,712,FIDEL,SM,5000,3000,60.00
20,713,FIEMIND,EQ,53580,32389,60.45
20,714,FILATEX,EQ,1291461,753057,58.31
20,715,FINCABLES,EQ,251084,93065,37.07
20,716,FINEORG,EQ,13931,6095,43.75
20,717,FINIETF,EQ,267277,228961,85.66
20,718,FINOPB,EQ,222085,83753,37.71
20,719,FINPIPE,EQ,573573,227128,39.60
20,720,FIVESTAR,EQ,1490308,869447,58.34
20,721,FLAIR,EQ,181754,123453,67.92
20,722,FLUOROCHEM,EQ,74648,55388,74.20
20,723,FMCGIETF,EQ,26513,18956,71.50
20,724,FMGOETZE,EQ,130895,78638,60.08
20,725,FOCE,SM,200,200,100.00
20,726,FOCUS,EQ,56377,32031,56.82
20,727,FONEBOX,SM,34000,23000,67.65
20,728,FOODSIN,EQ,394250,221780,56.25
20,729,FORCEMOT,EQ,40421,15746,38.95
20,730,FORTIS,EQ,523690,369698,70.59
20,731,FOSECOIND,EQ,12884,6047,46.93
20,732,FROG,SM,44000,30000,68.18
20,733,FSL,EQ,1204487,494691,41.07
20,734,FUSION,EQ,257163,131660,51.20
20,735,GABRIEL,EQ,523328,234695,44.85
20,736,GAEL,EQ,287532,163376,56.82
20,737,GAIL,EQ,17430514,7400447,42.46
20,738,GALAXYSURF,EQ,14260,4577,32.10
20,739,GANDHAR,EQ,382559,204658,53.50
20,740,GANDHITUBE,EQ,11705,6763,57.78
20,741,GANECOS,EQ,139725,118950,85.13
20,742,GANESHBE,EQ,206315,130326,63.17
20,743,GANESHHOUC,EQ,129329,108028,83.53
20,744,GANGESSECU,EQ,51983,20878,40.16
20,745,GARFIBRES,EQ,9620,5511,57.29
20,746,GATEWAY,EQ,493800,271758,55.03
20,747,GEECEE,EQ,6051,3862,63.82
20,748,GEEKAYWIRE,EQ,124658,91284,73.23
20,749,GENCON,EQ,133474,93211,69.83
20,750,GENESYS,EQ,128966,48041,37.25
20,751,GENSOL,EQ,152989,99523,65.05
20,752,GENUSPAPER,EQ,4869669,1423084,29.22
20,753,GENUSPOWER,EQ,500841,244638,48.85
20,754,GEOJITFSL,EQ,17952020,3421368,19.06
20,755,GEPIL,EQ,220424,101137,45.88
20,756,GESHIP,EQ,692517,255661,36.92
20,757,GFLLIMITED,EQ,73453,42689,58.12
20,758,GHCL,EQ,82306,40108,48.73
20,759,GHCLTEXTIL,EQ,298768,182954,61.24
20,760,GICHSGFIN,EQ,182165,95865,52.63
20,761,GICL,SM,87000,84000,96.55
20,762,GICRE,EQ,841645,386485,45.92
20,763,GILLETTE,EQ,49288,22343,45.33
20,764,GILT5YBEES,EQ,201801,146050,72.37
20,765,GINNIFILA,EQ,484254,363649,75.09
20,766,GIPCL,EQ,402336,208961,51.94
20,767,GIRIRAJ,ST,500,500,100.00
20,768,GLAND,EQ,412615,311556,75.51
20,769,GLAXO,EQ,60837,31433,51.67
20,770,GLENMARK,EQ,324107,117377,36.22
20,771,GLOBALPET,SM,52500,43500,82.86
20,772,GLOBE,EQ,687038,508278,73.98
20,773,GLOBUSSPR,EQ,50326,27016,53.68
20,774,GLOSTERLTD,EQ,2905,2294,78.97
20,775,GLS,EQ,230238,167321,72.67
20,776,GMBREW,EQ,73274,37173,50.73
20,777,GMDCLTD,EQ,1583819,483738,30.54
20,778,GMMPFAUDLR,EQ,62585,34169,54.60
20,779,GMRINFRA,EQ,69372247,25345420,36.54
20,780,GMRP&UI,EQ,2839301,1871854,65.93
20,781,GNA,EQ,41156,21524,52.30
20,782,GNFC,EQ,828969,392321,47.33
20,783,GOACARBON,EQ,46873,18972,40.48
20,784,GOCLCORP,EQ,91201,50739,55.63
20,785,GOCOLORS,EQ,110661,86597,78.25
20,786,GODFRYPHLP,EQ,96066,30192,31.43
20,787,GODREJAGRO,EQ,640016,217274,33.95
20,788,GODREJCP,EQ,1148854,558575,48.62
20,789,GODREJIND,EQ,3730137,1102569,29.56
20,790,GODREJPROP,EQ,1846888,476423,25.80
20,791,GOKEX,EQ,353841,175860,49.70
20,792,GOKULAGRO,EQ,1244076,475836,38.25
20,793,GOLD1,EQ,270724,237108,87.58
20,794,GOLDBEES,EQ,5060651,3499289,69.15
20,795,GOLDCASE,EQ,291825,266903,91.46
20,796,GOLDETF,EQ,107343,91834,85.55
20,797,GOLDETFADD,EQ,21467,19827,92.36
20,798,GOLDIAM,EQ,159895,99639,62.32
20,799,GOLDIETF,EQ,536644,365905,68.18
20,800,GOLDSHARE,EQ,110459,70956,64.24
20,801,GOLDSTAR,SM,168750,78750,46.67
20,802,GOLDTECH,EQ,49064,38911,79.31
20,803,GOODLUCK,EQ,58777,41871,71.24
20,804,GOPAL,EQ,123258,75821,61.51
20,805,GOYALSALT,SM,42000,33000,78.57
20,806,GPIL,EQ,401592,168705,42.01
20,807,GPPL,EQ,1982857,822216,41.47
20,808,GPTHEALTH,EQ,268197,112395,41.91
20,809,GPTINFRA,EQ,670305,359133,53.58
20,810,GRANULES,EQ,657586,324373,49.33
20,811,GRAPHISAD,SM,8400,8400,100.00
20,812,GRAPHITE,EQ,856129,298267,34.84
20,813,GRASIM,EQ,1466226,531653,36.26
20,814,GRASIMPP,E1,45537,41539,91.22
20,815,GRAVITA,EQ,714543,545647,76.36
20,816,GRCL,SM,500,500,100.00
20,817,GREAVESCOT,EQ,3895582,1657904,42.56
20,818,GREENCHEF,SM,76800,44800,58.33
20,819,GREENLAM,EQ,38033,17843,46.91
20,820,GREENPANEL,EQ,547500,296539,54.16
20,821,GREENPLY,EQ,164456,97204,59.11
20,822,GRETEX,ST,6000,6000,100.00
20,823,GRINDWELL,EQ,19487,9754,50.05
20,824,GRINFRA,EQ,218976,167574,76.53
20,825,GRMOVER,EQ,80522,40194,49.92
20,826,GROBTEA,EQ,2259,1573,69.63
20,827,GRPLTD,EQ,1305,446,34.18
20,828,GRSE,EQ,1319033,271952,20.62
20,829,GRWRHITECH,EQ,15732,10817,68.76
20,830,GSEC10IETF,EQ,649,448,69.03
20,831,GSEC10YEAR,EQ,3687,2689,72.93
20,832,GSEC5IETF,EQ,3171,3146,99.21
20,833,GSFC,EQ,2429476,879957,36.22
20,834,GSLSU,EQ,173376,57028,32.89
20,835,GSPL,EQ,3239964,2681877,82.77
20,836,GSS,EQ,96148,92171,95.86
20,837,GSTL,SM,12000,12000,100.00
20,838,GTLINFRA,EQ,102867414,99352293,96.58
20,839,GTPL,EQ,110378,91605,82.99
20,840,GUFICBIO,EQ,76133,42206,55.44
20,841,GUJALKALI,EQ,47172,23206,49.19
20,842,GUJAPOLLO,EQ,6459,4388,67.94
20,843,GUJGASLTD,EQ,1435634,808908,56.35
20,844,GUJRAFFIA,EQ,30569,24357,79.68
20,845,GULFOILLUB,EQ,51877,29890,57.62
20,846,GULFPETRO,EQ,147456,73690,49.97
20,847,GULPOLY,EQ,210739,106353,50.47
20,848,GVPTECH,EQ,124515,99675,80.05
20,849,HAL,EQ,1008325,489487,48.54
20,850,HAPPSTMNDS,EQ,179934,92255,51.27
20,851,HAPPYFORGE,EQ,139177,71532,51.40
20,852,HARDWYN,EQ,518671,319223,61.55
20,853,HARIOMPIPE,EQ,32350,19910,61.55
20,854,HARRMALAYA,EQ,79566,31476,39.56
20,855,HARSHA,EQ,112568,46515,41.32
20,856,HATHWAY,EQ,4583765,1931543,42.14
20,857,HATSUN,EQ,21959,11426,52.03
20,858,HAVELLS,EQ,2985962,931716,31.20
20,859,HAVISHA,EQ,107213,67944,63.37
20,860,HBLPOWER,EQ,3196430,1484494,46.44
20,861,HBSL,EQ,13251,7564,57.08
20,862,HCC,EQ,7043503,4359945,61.90
20,863,HCG,EQ,301248,162761,54.03
20,864,HCLTECH,EQ,6555505,4281650,65.31
20,865,HDFCAMC,EQ,234196,92998,39.71
20,866,HDFCBANK,EQ,16737503,7761502,46.37
20,867,HDFCBSE500,EQ,23093,13844,59.95
20,868,HDFCGOLD,EQ,789138,602503,76.35
20,869,HDFCGROWTH,EQ,24959,20905,83.76
20,870,HDFCLIFE,EQ,8292342,5244403,63.24
20,871,HDFCLIQUID,EQ,997,986,98.90
20,872,HDFCLOWVOL,EQ,13345,9771,73.22
20,873,HDFCMID150,EQ,160703,95507,59.43
20,874,HDFCMOMENT,EQ,211793,162731,76.83
20,875,HDFCNEXT50,EQ,47674,38435,80.62
20,876,HDFCNIF100,EQ,18092,16549,91.47
20,877,HDFCNIFBAN,EQ,1858777,1846382,99.33
20,878,HDFCNIFIT,EQ,89004,63530,71.38
20,879,HDFCNIFTY,EQ,28958,20441,70.59
20,880,HDFCPSUBK,EQ,7457,4313,57.84
20,881,HDFCPVTBAN,EQ,103825,65432,63.02
20,882,HDFCQUAL,EQ,6720,4732,70.42
20,883,HDFCSENSEX,EQ,35397,26931,76.08
20,884,HDFCSILVER,EQ,263127,229567,87.25
20,885,HDFCSML250,EQ,282696,223050,78.90
20,886,HDFCVALUE,EQ,6805,5208,76.53
20,887,HEALTHADD,EQ,343,177,51.60
20,888,HEALTHIETF,EQ,13547,10806,79.77
20,889,HEALTHY,EQ,167374,109708,65.55
20,890,HECPROJECT,EQ,13096,7830,59.79
20,891,HEG,EQ,166491,50962,30.61
20,892,HEIDELBERG,EQ,124074,63173,50.92
20,893,HEMIPROP,EQ,521480,292223,56.04
20,894,HERANBA,EQ,22899,13999,61.13
20,895,HERCULES,EQ,44629,22463,50.33
20,896,HERITGFOOD,EQ,245695,127828,52.03
20,897,HEROMOTOCO,EQ,808478,342007,42.30
20,898,HESTERBIO,EQ,6584,4106,62.36
20,899,HEUBACHIND,EQ,73308,45619,62.23
20,900,HEXATRADEX,EQ,4815,2976,61.81
20,901,HFCL,EQ,35446967,11242394,31.72
20,902,HGINFRA,EQ,166574,67046,40.25
20,903,HGS,EQ,40616,26955,66.37
20,904,HIGREEN,SM,44000,33600,76.36
20,905,HIKAL,EQ,189932,102489,53.96
20,906,HIL,EQ,8711,5571,63.95
20,907,HILTON,EQ,309616,130423,42.12
20,908,HIMATSEIDE,EQ,124573,64203,51.54
20,909,HINDALCO,EQ,17929526,11086829,61.84
20,910,HINDCOMPOS,EQ,8291,5161,62.25
20,911,HINDCOPPER,EQ,9706243,3582727,36.91
20,912,HINDMOTORS,EQ,13723928,4377058,31.89
20,913,HINDOILEXP,EQ,1193393,467930,39.21
20,914,HINDPETRO,EQ,21695417,6076997,28.01
20,915,HINDUNILVR,EQ,2140383,970988,45.37
20,916,HINDWAREAP,EQ,121616,79672,65.51
20,917,HINDZINC,EQ,2249997,1139911,50.66
20,918,HIRECT,EQ,22150,11415,51.53
20,919,HISARMETAL,EQ,271845,121470,44.68
20,920,HITECH,EQ,444453,198044,44.56
20,921,HITECHCORP,EQ,16768,9796,58.42
20,922,HLEGLAS,EQ,31999,16367,51.15
20,923,HMAAGRO,EQ,690308,478381,69.30
20,924,HMVL,EQ,176646,79814,45.18
20,925,HNDFDS,EQ,34990,17082,48.82
20,926,HNGSNGBEES,EQ,335959,220631,65.67
20,927,HOLMARC,SM,15000,15000,100.00
20,928,HOMEFIRST,EQ,106011,57135,53.90
20,929,HOMESFY,ST,6300,6000,95.24
20,930,HONASA,EQ,264456,89163,33.72
20,931,HONAUT,EQ,5870,3350,57.07
20,932,HONDAPOWER,EQ,6251,3027,48.42
20,933,HPAL,EQ,119611,86062,71.95
20,934,HPIL,EQ,3012,2626,87.18
20,935,HPL,EQ,2538730,785906,30.96
20,936,HRHNEXT,SM,12000,12000,100.00
20,937,HSCL,EQ,812657,645297,79.41
20,938,HTMEDIA,EQ,426050,220505,51.76
20,939,HUDCO,EQ,9352082,4087286,43.70
20,940,HUDCO,N2,415,415,100.00
20,941,HUDCO,N5,1305,1305,100.00
20,942,HUDCO,N7,1,1,100.00
20,943,HUDCO,N8,2025,1875,92.59
20,944,HUDCO,N9,116,108,93.10
20,945,HUDCO,NB,100,100,100.00
20,946,HUDCO,ND,29,28,96.55
20,947,HUDCO,NE,250,250,100.00
20,948,HUHTAMAKI,EQ,130914,84599,64.62
20,949,HYBRIDFIN,EQ,23356,17467,74.79
20,950,IBLFL,SM,48000,36000,75.00
20,951,IBREALEST,EQ,8928655,3570323,39.99
20,952,IBUCCREDIT,NB,36,36,100.00
20,953,IBUCCREDIT,ND,3,2,66.67
20,954,IBUCCREDIT,NJ,5,5,100.00
20,955,IBUCCREDIT,NM,50,50,100.00
20,956,IBUCCREDIT,NR,10,10,100.00
20,957,IBUCCREDIT,NX,95,95,100.00
20,958,IBUCCREDIT,NZ,150,150,100.00
20,959,IBULHSG,N4,10,10,100.00
20,960,IBULHSG,NZ,2,2,100.00
20,961,IBULHSG,Y1,5,5,100.00
20,962,IBULHSG,Z8,75,75,100.00
20,963,IBULHSGFIN,AB,100,60,60.00
20,964,IBULHSGFIN,AH,50,50,100.00
20,965,IBULHSGFIN,BF,10,10,100.00
20,966,IBULHSGFIN,BI,20,20,100.00
20,967,IBULHSGFIN,BS,100,100,100.00
20,968,IBULHSGFIN,EQ,2719283,1074726,39.52
20,969,IBULHSGFIN,N0,204,204,100.00
20,970,IBULHSGFIN,N8,150,150,100.00
20,971,IBULHSGFIN,NA,225,225,100.00
20,972,IBULHSGFIN,NS,101,100,99.01
20,973,IBULHSGFIN,Y5,50,50,100.00
20,974,IBULHSGFIN,Y6,88,73,82.95
20,975,IBULHSGFIN,YA,10,10,100.00
20,976,IBULHSGFIN,YN,219,210,95.89
20,977,IBULHSGFIN,YV,25,25,100.00
20,978,IBULHSGFIN,Z5,14,14,100.00
20,979,IBULHSGFIN,ZF,10,10,100.00
20,980,IBULHSGFIN,ZJ,4,4,100.00
20,981,IBULHSGFIN,ZW,1,1,100.00
20,982,IBULPP,E1,851133,650477,76.42
20,983,ICEMAKE,EQ,23307,13147,56.41
20,984,ICICIB22,EQ,1090445,788831,72.34
20,985,ICICIBANK,EQ,25118334,13848713,55.13
20,986,ICICIGI,EQ,320184,186266,58.17
20,987,ICICIPRULI,EQ,1417126,642534,45.34
20,988,ICIL,EQ,318249,188555,59.25
20,989,ICRA,EQ,3492,1875,53.69
20,990,IDBI,EQ,9158851,3919604,42.80
20,991,IDEA,EQ,808543713,271331498,33.56
20,992,IDEAFORGE,EQ,1034343,419522,40.56
20,993,IDFC,EQ,2890886,1393223,48.19
20,994,IDFCFIRSTB,EQ,25648410,11110041,43.32
20,995,IDFNIFTYET,EQ,402,215,53.48
20,996,IEL,EQ,1031646,672389,65.18
20,997,IEX,EQ,12625295,5844568,46.29
20,998,IFBAGRO,EQ,5484,3833,69.89
20,999,IFBIND,EQ,38866,14138,36.38
20,1000,IFCI,EQ,36498357,20315734,55.66
20,1001,IFCI,NH,2115,2115,100.00
20,1002,IFCI,NI,707,707,100.00
20,1003,IFCI,NM,5,5,100.00
20,1004,IFGLEXPOR,EQ,38759,18294,47.20
20,1005,IGARASHI,EQ,99525,53663,53.92
20,1006,IGL,EQ,2959722,1339550,45.26
20,1007,IGPL,EQ,108381,46486,42.89
20,1008,IIFCL,N4,136,36,26.47
20,1009,IIFL,EQ,1016594,627421,61.72
20,1010,IIFL,NC,24,24,100.00
20,1011,IIFL,NE,366,282,77.05
20,1012,IIFL,NF,2774,2086,75.20
20,1013,IIFL,NG,83,83,100.00
20,1014,IIFL,NJ,10,10,100.00
20,1015,IIFL,NL,1156,1007,87.11
20,1016,IIFL,NM,9,9,100.00
20,1017,IIFL,NN,10,10,100.00
20,1018,IIFL,NO,183,173,94.54
20,1019,IIFL,NQ,100,100,100.00
20,1020,IIFL,NS,267,266,99.63
20,1021,IIFL,NT,112,112,100.00
20,1022,IIFL,NW,110,110,100.00
20,1023,IIFL,NZ,123,123,100.00
20,1024,IIFLSAMFIN,N4,355,355,100.00
20,1025,IIFLSAMFIN,N5,16,14,87.50
20,1026,IIFLSEC,EQ,1360080,738843,54.32
20,1027,IIHFL,N4,500,500,100.00
20,1028,IIHFL,N5,2517,2285,90.78
20,1029,IIHFL,N7,2532,2531,99.96
20,1030,IIHFL,NC,1292,1105,85.53
20,1031,IIHFL,NE,310,305,98.39
20,1032,IITL,EQ,4122,1982,48.08
20,1033,IKIO,EQ,166368,98374,59.13
20,1034,IMAGICAA,EQ,1198663,545679,45.52
20,1035,IMC1,N1,20,20,100.00
20,1036,IMC1,N2,50,50,100.00
20,1037,IMFA,EQ,279378,182863,65.45
20,1038,IMPAL,EQ,2655,1809,68.14
20,1039,INCREDIBLE,EQ,40084,32357,80.72
20,1040,INDBANK,EQ,243617,115198,47.29
20,1041,INDHOTEL,EQ,2192757,1219823,55.63
20,1042,INDIACEM,EQ,1399810,532205,38.02
20,1043,INDIAGLYCO,EQ,45507,28443,62.50
20,1044,INDIAMART,EQ,3234178,479818,14.84
20,1045,INDIANB,EQ,837415,387573,46.28
20,1046,INDIANCARD,EQ,7083,5353,75.58
20,1047,INDIANHUME,EQ,83695,29191,34.88
20,1048,INDIASHLTR,EQ,108162,78238,72.33
20,1049,INDIFRA,SM,18000,12000,66.67
20,1050,INDIGO,EQ,1197616,463001,38.66
20,1051,INDIGOPNTS,EQ,42993,25346,58.95
20,1052,INDIGRID,IV,204074,170780,83.69
20,1053,INDIGRID,NJ,5820,5820,100.00
20,1054,INDNIPPON,EQ,18854,10568,56.05
20,1055,INDOAMIN,EQ,68387,30296,44.30
20,1056,INDOBORAX,EQ,47290,29479,62.34
20,1057,INDOCO,EQ,143519,97269,67.77
20,1058,INDORAMA,EQ,97824,65526,66.98
20,1059,INDOSTAR,EQ,77741,45850,58.98
20,1060,INDOTHAI,EQ,5908,3133,53.03
20,1061,INDOWIND,EQ,225887,150227,66.51
20,1062,INDRAMEDCO,EQ,157618,90451,57.39
20,1063,INDSWFTLAB,EQ,463788,188278,40.60
20,1064,INDTERRAIN,EQ,174420,85745,49.16
20,1065,INDUSINDBK,EQ,2554549,1122617,43.95
20,1066,INDUSTOWER,EQ,19136966,6865829,35.88
20,1067,INFIBEAM,EQ,19008833,5753749,30.27
20,1068,INFINIUM,SM,2500,2500,100.00
20,1069,INFOBEAN,EQ,20397,12247,60.04
20,1070,INFOLLION,SM,59200,36800,62.16
20,1071,INFRABEES,EQ,21169,13618,64.33
20,1072,INFRAIETF,EQ,720887,618763,85.83
20,1073,INFY,EQ,10076354,5736028,56.93
20,1074,INGERRAND,EQ,17926,10685,59.61
20,1075,INM,SM,10800,7200,66.67
20,1076,INNOVACAP,EQ,64580,45660,70.70
20,1077,INNOVANA,SM,5000,4600,92.00
20,1078,INNOVATIVE,SM,39000,36000,92.31
20,1079,INOXGREEN,EQ,6160293,5148942,83.58
20,1080,INOXINDIA,EQ,201585,83936,41.64
20,1081,INOXWIND,EQ,693832,326344,47.04
20,1082,INSECTICID,EQ,31968,18400,57.56
20,1083,INSPIRE,SM,8000,6000,75.00
20,1084,INTELLECT,EQ,303715,186838,61.52
20,1085,INTLCONV,EQ,2624032,915523,34.89
20,1086,IOB,EQ,12874562,4274253,33.20
20,1087,IOC,EQ,60555113,18468175,30.50
20,1088,IOLCP,EQ,122596,55074,44.92
20,1089,IONEXCHANG,EQ,184056,105916,57.55
20,1090,IPCALAB,EQ,291150,184245,63.28
20,1091,IPL,EQ,274770,155734,56.68
20,1092,IRB,EQ,38107997,15047604,39.49
20,1093,IRBINVIT,IV,464333,429154,92.42
20,1094,IRCON,EQ,8278481,2875011,34.73
20,1095,IRCTC,EQ,3702221,1041776,28.14
20,1096,IREDA,EQ,32180611,11055001,34.35
20,1097,IREDA,N7,26,26,100.00
20,1098,IRFC,EQ,37976109,12000410,31.60
20,1099,IRFC,N2,400,400,100.00
20,1100,IRFC,N4,5,5,100.00
20,1101,IRFC,NA,2185,2185,100.00
20,1102,IRFC,NC,39,39,100.00
20,1103,IRFC,NE,210,210,100.00
20,1104,IRFC,NI,791,791,100.00
20,1105,IRFC,NJ,598,400,66.89
20,1106,IRFC,NN,10,10,100.00
20,1107,IRFC,NO,2450,2326,94.94
20,1108,IRIS,EQ,158457,81703,51.56
20,1109,IRISDOREME,EQ,56047,12500,22.30
20,1110,IRMENERGY,EQ,78568,55857,71.09
20,1111,ISEC,EQ,445042,222467,49.99
20,1112,ISFT,EQ,299154,109567,36.63
20,1113,ISGEC,EQ,134926,68748,50.95
20,1114,ISHAN,SM,144000,144000,100.00
20,1115,ISMTLTD,EQ,846712,363564,42.94
20,1116,IT,EQ,161868,137580,85.00
20,1117,ITALIANE,SM,20000,14000,70.00
20,1118,ITBEES,EQ,6170773,4622679,74.91
20,1119,ITC,EQ,23228909,10857217,46.74
20,1120,ITDC,EQ,23497,12229,52.04
20,1121,ITDCEM,EQ,342987,189419,55.23
20,1122,ITETF,EQ,134741,128162,95.12
20,1123,ITETFADD,EQ,34898,24537,70.31
20,1124,ITI,EQ,1569143,353254,22.51
20,1125,ITIETF,EQ,367922,240829,65.46
20,1126,IVC,EQ,519001,390201,75.18
20,1127,IVZINGOLD,EQ,296,240,81.08
20,1128,IVZINNIFTY,EQ,46,42,91.30
20,1129,IZMO,EQ,52376,22626,43.20
20,1130,JAGRAN,EQ,317552,188200,59.27
20,1131,JAGSNPHARM,EQ,35013,18679,53.35
20,1132,JAICORPLTD,EQ,668684,322511,48.23
20,1133,JAINAM,SM,4000,4000,100.00
20,1134,JALAN,SM,39000,30000,76.92
20,1135,JAMNAAUTO,EQ,3471880,1327914,38.25
20,1136,JASH,EQ,123254,64045,51.96
20,1137,JAYAGROGN,EQ,25638,16387,63.92
20,1138,JAYBARMARU,EQ,187083,103725,55.44
20,1139,JAYNECOIND,EQ,581421,401305,69.02
20,1140,JAYSREETEA,EQ,54466,30745,56.45
20,1141,JBCHEPHARM,EQ,180018,154862,86.03
20,1142,JBMA,EQ,461470,191703,41.54
20,1143,JCHAC,EQ,192092,57323,29.84
20,1144,JETFREIGHT,EQ,335348,151642,45.22
20,1145,JFLLIFE,SM,18000,14000,77.78
20,1146,JGCHEM,EQ,163358,99019,60.61
20,1147,JINDALPHOT,EQ,9637,8059,83.63
20,1148,JINDALPOLY,EQ,60838,10995,18.07
20,1149,JINDALSAW,EQ,825233,514681,62.37
20,1150,JINDALSTEL,EQ,1615306,328605,20.34
20,1151,JINDRILL,EQ,82095,47008,57.26
20,1152,JINDWORLD,EQ,57901,39112,67.55
20,1153,JIOFIN,EQ,19658857,8295182,42.20
20,1154,JISLDVREQS,EQ,270370,134900,49.89
20,1155,JISLJALEQS,EQ,20989441,10128287,48.25
20,1156,J&KBANK,EQ,6020885,2692167,44.71
20,1157,JKCEMENT,EQ,127646,90409,70.83
20,1158,JKIL,EQ,159415,68105,42.72
20,1159,JKLAKSHMI,EQ,97553,63737,65.34
20,1160,JKPAPER,EQ,556795,217868,39.13
20,1161,JKTYRE,EQ,645201,360443,55.87
20,1162,JLHL,EQ,19176,9870,51.47
20,1163,JMFINANCIL,EQ,8028440,3587734,44.69
20,1164,JNKINDIA,EQ,4575871,1376084,30.07
20,1165,JOCIL,EQ,4536,2604,57.41
20,1166,JPASSOCIAT,EQ,29539781,12996354,44.00
20,1167,JPOLYINVST,EQ,6382,4368,68.44
20,1168,JSFB,EQ,8668972,871628,10.05
20,1169,JSL,EQ,2232161,882373,39.53
20,1170,JSLL,ST,21960,21780,99.18
20,1171,JSWENERGY,EQ,2927025,1076332,36.77
20,1172,JSWHL,EQ,3898,2143,54.98
20,1173,JSWINFRA,EQ,5348662,2719865,50.85
20,1174,JSWSTEEL,EQ,2448369,665021,27.16
20,1175,JTEKTINDIA,EQ,244302,121678,49.81
20,1176,JTLIND,EQ,5346859,1228479,22.98
20,1177,JUBLFOOD,EQ,3803106,1612638,42.40
20,1178,JUBLINDS,EQ,10294,3702,35.96
20,1179,JUBLINGREA,EQ,237837,133927,56.31
20,1180,JUBLPHARMA,EQ,128952,68173,52.87
20,1181,JUNIORBEES,EQ,201499,107484,53.34
20,1182,JUNIPER,EQ,659585,346982,52.61
20,1183,JUSTDIAL,EQ,606084,183253,30.24
20,1184,JWL,EQ,1045235,456677,43.69
20,1185,JYOTHYLAB,EQ,484490,318827,65.81
20,1186,JYOTICNC,EQ,419517,232564,55.44
20,1187,K2INFRA,SM,26400,24000,90.91
20,1188,KABRAEXTRU,EQ,189888,106152,55.90
20,1189,KAJARIACER,EQ,135291,97031,71.72
20,1190,KAKATCEM,EQ,4020,3089,76.84
20,1191,KALAMANDIR,EQ,334040,232220,69.52
20,1192,KALYANIFRG,EQ,2502,1375,54.96
20,1193,KALYANKJIL,EQ,982676,561635,57.15
20,1194,KAMATHOTEL,EQ,30161,22260,73.80
20,1195,KAMDHENU,EQ,316067,151480,47.93
20,1196,KAMOPAINTS,EQ,888343,173412,19.52
20,1197,KANDARP,SM,92000,76000,82.61
20,1198,KANORICHEM,EQ,14506,9016,62.15
20,1199,KANPRPLA,EQ,15877,7787,49.05
20,1200,KANSAINER,EQ,450897,234973,52.11
20,1201,KAPSTON,EQ,7864,4685,59.58
20,1202,KARNIKA,SM,6800,5600,82.35
20,1203,KARURVYSYA,EQ,3244057,1517395,46.77
20,1204,KAUSHALYA,EQ,528,309,58.52
20,1205,KAVVERITEL,EQ,37932,30875,81.40
20,1206,KAYA,EQ,23978,14246,59.41
20,1207,KAYNES,EQ,127527,89241,69.98
20,1208,KBCGLOBAL,EQ,8085129,6659279,82.36
20,1209,KCEIL,SM,97000,71000,73.20
20,1210,KCK,SM,6000,6000,100.00
20,1211,KCP,EQ,174509,100342,57.50
20,1212,KCPSUGIND,EQ,259570,121641,46.86
20,1213,KDDL,EQ,8144,4079,50.09
20,1214,KDL,SM,12900,8000,62.02
20,1215,KEC,EQ,140034,53360,38.11
20,1216,KECL,EQ,2542477,955417,37.58
20,1217,KEEPLEARN,EQ,36674,19548,53.30
20,1218,KEI,EQ,233416,121597,52.09
20,1219,KEL,SM,6000,4800,80.00
20,1220,KELLTONTEC,EQ,330908,196087,59.26
20,1221,KERNEX,EQ,18116,12455,68.75
20,1222,KESORAMIND,EQ,963546,491564,51.02
20,1223,KFINTECH,EQ,4740342,841987,17.76
20,1224,KHADIM,EQ,12350,7358,59.58
20,1225,KHAICHEM,EQ,151098,71246,47.15
20,1226,KHAITANLTD,EQ,5693,2958,51.96
20,1227,KHANDSE,EQ,10957,8337,76.09
20,1228,KHFM,SM,65100,49600,76.19
20,1229,KICL,EQ,5489,3023,55.07
20,1230,KILITCH,EQ,6654,4270,64.17
20,1231,KIMS,EQ,145248,96281,66.29
20,1232,KINGFA,EQ,22630,10659,47.10
20,1233,KIOCL,EQ,143256,63211,44.12
20,1234,KIRIINDUS,EQ,69735,34962,50.14
20,1235,KIRLOSBROS,EQ,108762,44766,41.16
20,1236,KIRLOSENG,EQ,197574,86730,43.90
20,1237,KIRLOSIND,EQ,7869,3452,43.87
20,1238,KIRLPNU,EQ,642074,337075,52.50
20,1239,KITEX,EQ,253390,111043,43.82
20,1240,KKCL,EQ,49114,31229,63.58
20,1241,KLL,SM,64000,33600,52.50
20,1242,KMSUGAR,EQ,595364,359366,60.36
20,1243,KNAGRI,SM,12000,6400,53.33
20,1244,KNRCON,EQ,434914,224070,51.52
20,1245,KODYTECH,SM,24700,13200,53.44
20,1246,KOHINOOR,EQ,49856,29284,58.74
20,1247,KOKUYOCMLN,EQ,146009,65272,44.70
20,1248,KOLTEPATIL,EQ,158758,71929,45.31
20,1249,KONSTELEC,SM,217000,136000,62.67
20,1250,KONTOR,SM,13200,9600,72.73
20,1251,KOPRAN,EQ,371004,239078,64.44
20,1252,KORE,SM,2500,2000,80.00
20,1253,KOTAKBANK,EQ,26640478,17605898,66.09
20,1254,KOTARISUG,EQ,119805,78091,65.18
20,1255,KOTHARIPET,EQ,61851,39752,64.27
20,1256,KOTHARIPRO,EQ,11927,6662,55.86
20,1257,KOTYARK,SM,15000,11000,73.33
20,1258,KPIGREEN,EQ,1839671,766059,41.64
20,1259,KPIL,EQ,313408,131169,41.85
20,1260,KPITTECH,EQ,1216214,539601,44.37
20,1261,KPRMILL,EQ,751441,222761,29.64
20,1262,KRBL,EQ,541918,366226,67.58
20,1263,KREBSBIO,EQ,26628,12887,48.40
20,1264,KRISHANA,EQ,10575,8096,76.56
20,1265,KRISHCA,SM,100000,63000,63.00
20,1266,KRISHIVAL,SM,11000,11000,100.00
20,1267,KRISHNADEF,SM,16000,12500,78.13
20,1268,KRITI,EQ,261503,145242,55.54
20,1269,KRITINUT,EQ,106937,60305,56.39
20,1270,KRSNAA,EQ,209388,112798,53.87
20,1271,KRYSTAL,EQ,115193,51804,44.97
20,1272,KSB,EQ,51460,26038,50.60
20,1273,KSCL,EQ,128283,54990,42.87
20,1274,KSL,EQ,45952,27847,60.60
20,1275,KSOLVES,EQ,130219,43703,33.56
20,1276,KTKBANK,EQ,1571972,802900,51.08
20,1277,KTL,SM,126000,72000,57.14
20,1278,KUANTUM,EQ,465438,121988,26.21
20,1279,LALPATHLAB,EQ,82141,33562,40.86
20,1280,LAMBODHARA,EQ,16934,10691,63.13
20,1281,LANCORHOL,EQ,33402,24530,73.44
20,1282,LANDMARK,EQ,110501,27825,25.18
20,1283,LAOPALA,EQ,55319,30449,55.04
20,1284,LASA,EQ,21073,13980,66.34
20,1285,LAURUSLABS,EQ,1804275,846029,46.89
20,1286,LAWSIKHO,SM,25500,19000,74.51
20,1287,LAXMICOT,EQ,355311,255169,71.82
20,1288,LAXMIMACH,EQ,7524,2601,34.57
20,1289,LEMERITE,SM,54400,44800,82.35
20,1290,LEMONTREE,EQ,10656478,3908838,36.68
20,1291,LEXUS,EQ,83522,50717,60.72
20,1292,LGBBROSLTD,EQ,43952,17555,39.94
20,1293,LGBFORGE,EQ,348122,119286,34.27
20,1294,LIBAS,EQ,137257,68110,49.62
20,1295,LIBERTSHOE,EQ,16520,12835,77.69
20,1296,LICHSGFIN,EQ,2269415,1041539,45.89
20,1297,LICI,EQ,4961650,2601591,52.43
20,1298,LICMFGOLD,EQ,331,204,61.63
20,1299,LICNETFGSC,EQ,26377,19577,74.22
20,1300,LICNETFN50,EQ,11977,11343,94.71
20,1301,LICNETFSEN,EQ,277,163,58.84
20,1302,LICNFNHGP,EQ,1614,784,48.57
20,1303,LICNMID100,EQ,6116,3492,57.10
20,1304,LIKHITHA,EQ,592719,237177,40.02
20,1305,LINC,EQ,273144,97448,35.68
20,1306,LINCOLN,EQ,26991,11188,41.45
20,1307,LINDEINDIA,EQ,118734,22898,19.29
20,1308,LIQUID,EQ,171527,143469,83.64
20,1309,LIQUID1,EQ,529,523,98.87
20,1310,LIQUIDADD,EQ,89153,77645,87.09
20,1311,LIQUIDBEES,EQ,3230909,2237497,69.25
20,1312,LIQUIDCASE,EQ,3897714,3833285,98.35
20,1313,LIQUIDETF,EQ,293655,142220,48.43
20,1314,LIQUIDIETF,EQ,678355,528947,77.97
20,1315,LIQUIDSBI,EQ,4199,4020,95.74
20,1316,LLOYDS,SM,16000,16000,100.00
20,1317,LLOYDSENGG,EQ,11098109,3756686,33.85
20,1318,LLOYDSME,EQ,843233,377969,44.82
20,1319,LODHA,EQ,612996,356114,58.09
20,1320,LOVABLE,EQ,9142,5631,61.59
20,1321,LOWVOL,EQ,163,159,97.55
20,1322,LOWVOL1,EQ,86367,83066,96.18
20,1323,LOWVOLIETF,EQ,458390,350999,76.57
20,1324,LOYALTEX,EQ,5644,3261,57.78
20,1325,LPDC,EQ,88154,57455,65.18
20,1326,LT,EQ,3748847,1657551,44.21
20,1327,LTF,EQ,4336832,2360507,54.43
20,1328,LTF,N5,2,2,100.00
20,1329,LTF,NH,2,2,100.00
20,1330,LTF,NJ,5,5,100.00
20,1331,LTF,NL,28,28,100.00
20,1332,LTF,NN,155,130,83.87
20,1333,LTFOODS,EQ,668429,382965,57.29
20,1334,LTGILTBEES,EQ,1456478,1419223,97.44
20,1335,LTIM,EQ,423233,236837,55.96
20,1336,LTTS,EQ,205486,102781,50.02
20,1337,LUMAXIND,EQ,6855,4173,60.88
20,1338,LUMAXTECH,EQ,73719,31792,43.13
20,1339,LUPIN,EQ,386502,181886,47.06
20,1340,LUXIND,EQ,139870,72030,51.50
20,1341,LXCHEM,EQ,821804,517287,62.95
20,1342,LYKALABS,EQ,53036,31114,58.67
20,1343,LYPSAGEMS,EQ,84811,68424,80.68
20,1344,MAANALU,EQ,107340,64673,60.25
20,1345,MADHAVBAUG,SM,4400,4400,100.00
20,1346,MADHUSUDAN,SM,179000,164000,91.62
20,1347,MADRASFERT,EQ,334537,105746,31.61
20,1348,MAFANG,EQ,558737,389017,69.62
20,1349,MAGADSUGAR,EQ,33158,18849,56.85
20,1350,MAGNUM,EQ,435714,271940,62.41
20,1351,MAGSON,SM,8000,6000,75.00
20,1352,MAHABANK,EQ,30360298,10334988,34.04
20,1353,MAHAPEXLTD,EQ,15776,14283,90.54
20,1354,MAHEPC,EQ,51718,30487,58.95
20,1355,MAHESHWARI,EQ,7017,4821,68.70
20,1356,MAHKTECH,EQ,3874970,3298251,85.12
20,1357,MAHLIFE,EQ,608407,448584,73.73
20,1358,MAHLOG,EQ,116231,59169,50.91
20,1359,MAHSCOOTER,EQ,4038,1509,37.37
20,1360,MAHSEAMLES,EQ,271653,166673,61.36
20,1361,MAITHANALL,EQ,627984,265453,42.27
20,1362,MAITREYA,SM,10400,9600,92.31
20,1363,MAKEINDIA,EQ,58536,53002,90.55
20,1364,MAKS,SM,25500,22500,88.24
20,1365,MAL,SM,6400,4800,75.00
20,1366,MALLCOM,EQ,8733,5785,66.24
20,1367,MANAKCOAT,EQ,217376,153664,70.69
20,1368,MANAKSIA,EQ,48318,25590,52.96
20,1369,MANALIPETC,EQ,383070,201766,52.67
20,1370,MANAPPURAM,EQ,4509861,1257098,27.87
20,1371,MANGALAM,EQ,21821,11344,51.99
20,1372,MANGCHEFER,EQ,161032,90000,55.89
20,1373,MANGLMCEM,EQ,628105,243351,38.74
20,1374,MANINFRA,EQ,560699,315165,56.21
20,1375,MANKIND,EQ,335563,231990,69.13
20,1376,MANOMAY,EQ,10293,7579,73.63
20,1377,MANORG,EQ,24696,14686,59.47
20,1378,MANUGRAPH,EQ,116491,66730,57.28
20,1379,MANYAVAR,EQ,680498,537231,78.95
20,1380,MAPMYINDIA,EQ,169191,36378,21.50
20,1381,MARALOVER,EQ,77366,42761,55.27
20,1382,MARATHON,EQ,36569,20267,55.42
20,1383,MARCO,SM,9000,9000,100.00
20,1384,MARICO,EQ,926594,622052,67.13
20,1385,MARINE,EQ,473786,192813,40.70
20,1386,MARINETRAN,SM,4000,4000,100.00
20,1387,MARKSANS,EQ,1458239,394147,27.03
20,1388,MARUTI,EQ,814923,339143,41.62
20,1389,MASFIN,EQ,123218,61050,49.55
20,1390,MASKINVEST,EQ,2909,2420,83.19
20,1391,MASPTOP50,EQ,255757,205853,80.49
20,1392,MASTEK,EQ,54669,28535,52.20
20,1393,MASTER,SM,13000,10000,76.92
20,1394,MATRIMONY,EQ,11792,7575,64.24
20,1395,MAWANASUG,EQ,67589,44552,65.92
20,1396,MAXESTATES,EQ,1434249,530216,36.97
20,1397,MAXHEALTH,EQ,1579718,937274,59.33
20,1398,MAXIND,EQ,74228,50017,67.38
20,1399,MAXPOSURE,SM,154000,62000,40.26
20,1400,MAYURUNIQ,EQ,148470,103776,69.90
20,1401,MAZDA,EQ,4397,2107,47.92
20,1402,MAZDOCK,EQ,1215494,259184,21.32
20,1403,MBAPL,EQ,4796,3304,68.89
20,1404,MBECL,EQ,534397,470577,88.06
20,1405,MBLINFRA,EQ,215865,130419,60.42
20,1406,MCDOWELL-N,EQ,1270379,806696,63.50
20,1407,MCL,EQ,36315,30056,82.76
20,1408,MCON,SM,3000,3000,100.00
20,1409,MCX,EQ,356478,105048,29.47
20,1410,MDL,SM,12000,12000,100.00
20,1411,MEDANTA,EQ,172148,106815,62.05
20,1412,MEDIASSIST,EQ,189038,145415,76.92
20,1413,MEDICAMEQ,EQ,60383,21771,36.05
20,1414,MEDPLUS,EQ,107367,57314,53.38
20,1415,MEGAFLEX,SM,42000,36000,85.71
20,1416,MEGASOFT,EQ,111118,84442,75.99
20,1417,MEGASTAR,EQ,3417,1672,48.93
20,1418,MEGATHERM,SM,252400,190400,75.44
20,1419,MENONBE,EQ,35288,22056,62.50
20,1420,METROBRAND,EQ,118147,57291,48.49
20,1421,METROPOLIS,EQ,81615,26890,32.95
20,1422,MFSL,EQ,1049815,604072,57.54
20,1423,MGEL,EQ,1004157,582732,58.03
20,1424,MGL,EQ,240090,102636,42.75
20,1425,MHHL,SM,42000,30000,71.43
20,1426,MHRIL,EQ,211943,121323,57.24
20,1427,MICEL,EQ,416273,291472,70.02
20,1428,MICROPRO,SM,36800,14400,39.13
20,1429,MID150BEES,EQ,330216,194377,58.86
20,1430,MIDCAP,EQ,59598,39314,65.97
20,1431,MIDCAPETF,EQ,977884,669068,68.42
20,1432,MIDCAPIETF,EQ,48614,27455,56.48
20,1433,MIDHANI,EQ,1655287,363466,21.96
20,1434,MIDQ50ADD,EQ,2863,2132,74.47
20,1435,MIDSELIETF,EQ,32436,24127,74.38
20,1436,MILTON,SM,4400,4400,100.00
20,1437,MINDACORP,EQ,422204,229924,54.46
20,1438,MINDSPACE,RR,40029,31123,77.75
20,1439,MINDTECK,EQ,69096,45611,66.01
20,1440,MIRCELECTR,EQ,2630812,1607116,61.09
20,1441,MIRZAINT,EQ,177524,115831,65.25
20,1442,MITCON,EQ,23689,15593,65.82
20,1443,M&M,EQ,3347541,992272,29.64
20,1444,M&MFIN,EQ,4214200,2097788,49.78
20,1445,M&MFIN,N1,100,100,100.00
20,1446,M&MFIN,N2,745,595,79.87
20,1447,MMFL,EQ,136902,89206,65.16
20,1448,MMP,EQ,34649,14453,41.71
20,1449,MMTC,EQ,1873956,678172,36.19
20,1450,MNC,EQ,20975,18571,88.54
20,1451,MOGSEC,EQ,34273,34108,99.52
20,1452,MOHEALTH,EQ,19703,17278,87.69
20,1453,MOHITIND,EQ,9166,4225,46.09
20,1454,MOIL,EQ,16728165,2850635,17.04
20,1455,MOL,EQ,877349,463641,52.85
20,1456,MOLDTECH,EQ,350260,180056,51.41
20,1457,MOLDTKPAC,EQ,18575,10086,54.30
20,1458,MOLOWVOL,EQ,85861,83188,96.89
20,1459,MOM100,EQ,269378,157724,58.55
20,1460,MOM30IETF,EQ,1114398,797057,71.52
20,1461,MOM50,EQ,2691,2277,84.62
20,1462,MOMENTUM,EQ,220614,190391,86.30
20,1463,MOMOMENTUM,EQ,118457,80169,67.68
20,1464,MON100,EQ,876203,585402,66.81
20,1465,MONARCH,EQ,20634,16149,78.26
20,1466,MONIFTY500,EQ,222755,189002,84.85
20,1467,MONOPHARMA,SM,4000,4000,100.00
20,1468,MONQ50,EQ,23167,10921,47.14
20,1469,MONTECARLO,EQ,83088,52969,63.75
20,1470,MOQUALITY,EQ,152,142,93.42
20,1471,MOREALTY,EQ,145597,113643,78.05
20,1472,MOREPENLAB,EQ,2895629,1005649,34.73
20,1473,MOS,SM,1879200,660800,35.16
20,1474,MOSMALL250,EQ,280459,214387,76.44
20,1475,MOTHERSON,EQ,11163690,5648528,50.60
20,1476,MOTILALOFS,EQ,334969,168723,50.37
20,1477,MOTISONS,EQ,246083,174258,70.81
20,1478,MOTOGENFIN,EQ,27634,17896,64.76
20,1479,MOVALUE,EQ,171730,140883,82.04
20,1480,MPHASIS,EQ,213301,99492,46.64
20,1481,MPSLTD,EQ,7856,5135,65.36
20,1482,MRF,EQ,9911,2773,27.98
20,1483,MRO-TEK,EQ,84088,34913,41.52
20,1484,MRPL,EQ,5786927,1405690,24.29
20,1485,MSPL,EQ,307625,265894,86.43
20,1486,MSTCLTD,EQ,134259,62461,46.52
20,1487,MSUMI,EQ,2798240,1591914,56.89
20,1488,MTARTECH,EQ,71616,38693,54.03
20,1489,MTNL,EQ,4455541,1912103,42.92
20,1490,MUFIN,EQ,103278,60163,58.25
20,1491,MUFTI,EQ,289481,97860,33.81
20,1492,MUKANDLTD,EQ,183317,86399,47.13
20,1493,MUKKA,EQ,1109184,583556,52.61
20,1494,MUKTAARTS,EQ,4488,4208,93.76
20,1495,MUNJALAU,EQ,122802,75447,61.44
20,1496,MUNJALSHOW,EQ,143538,85904,59.85
20,1497,MURUDCERA,EQ,282964,124934,44.15
20,1498,MUTHOOTCAP,EQ,23882,13573,56.83
20,1499,MUTHOOTFIN,EQ,232700,86474,37.16
20,1500,MUTHOOTMF,EQ,352296,178970,50.80
20,1501,MVGJL,EQ,51728,20590,39.80
20,1502,MVKAGRO,SM,55200,46800,84.78
20,1503,MWL,SM,46800,28800,61.54
20,1504,NABARD,N2,95,95,100.00
20,1505,NACLIND,EQ,205809,124372,60.43
20,1506,NAGAFERT,EQ,828656,411203,49.62
20,1507,NAGREEKCAP,EQ,3129,2370,75.74
20,1508,NAGREEKEXP,EQ,162803,132612,81.46
20,1509,NAHARCAP,EQ,5740,3827,66.67
20,1510,NAHARINDUS,EQ,26993,20809,77.09
20,1511,NAHARPOLY,EQ,17371,10418,59.97
20,1512,NAHARSPING,EQ,51302,27567,53.73
20,1513,NAMAN,SM,97600,78400,80.33
20,1514,NAM-INDIA,EQ,433607,264926,61.10
20,1515,NATCOPHARM,EQ,340489,196717,57.77
20,1516,NATHBIOGEN,EQ,35033,21616,61.70
20,1517,NATIONALUM,EQ,11946114,3733894,31.26
20,1518,NAUKRI,EQ,160608,95031,59.17
20,1519,NAVA,EQ,215157,121495,56.47
20,1520,NAVIFIN,N0,140,140,100.00
20,1521,NAVIFIN,N3,1,1,100.00
20,1522,NAVIFIN,N7,65,65,100.00
20,1523,NAVIFIN,N9,10,10,100.00
20,1524,NAVIFIN,NA,19,19,100.00
20,1525,NAVIFIN,NC,675,675,100.00
20,1526,NAVINFLUOR,EQ,183341,99417,54.23
20,1527,NAVINIFTY,EQ,96,75,78.13
20,1528,NAVKARCORP,EQ,968900,394109,40.68
20,1529,NAVNETEDUL,EQ,223014,151274,67.83
20,1530,NAZARA,EQ,492439,308904,62.73
20,1531,NBCC,EQ,12704712,4853410,38.20
20,1532,NBIFIN,EQ,2164,1987,91.82
20,1533,NCC,EQ,4237190,1316798,31.08
20,1534,NCLIND,EQ,322981,164483,50.93
20,1535,NDGL,EQ,177,121,68.36
20,1536,NDL,EQ,1591653,1340690,84.23
20,1537,NDLVENTURE,EQ,7340,4809,65.52
20,1538,NDRAUTO,EQ,5495,3753,68.30
20,1539,NDTV,EQ,143524,66395,46.26
20,1540,NECCLTD,EQ,349588,224836,64.31
20,1541,NECLIFE,EQ,673593,342414,50.83
20,1542,NELCAST,EQ,243963,126967,52.04
20,1543,NELCO,EQ,53841,22875,42.49
20,1544,NEOGEN,EQ,136008,40297,29.63
20,1545,NESCO,EQ,61005,37578,61.60
20,1546,NESTLEIND,EQ,1111913,549290,49.40
20,1547,NETF,EQ,4723,3561,75.40
20,1548,NETWEB,EQ,40569,40569,100.00
20,1549,NETWORK18,EQ,803554,654685,81.47
20,1550,NEULANDLAB,EQ,27645,14861,53.76
20,1551,NEWGEN,EQ,1043259,480309,46.04
20,1552,NEWJAISA,SM,31500,25500,80.95
20,1553,NEXT50,EQ,4860,4120,84.77
20,1554,NEXT50IETF,EQ,407582,285188,69.97
20,1555,NEXTMEDIA,EQ,98674,77217,78.25
20,1556,NFL,EQ,2505392,634560,25.33
20,1557,NGIL,EQ,383334,138711,36.19
20,1558,NGLFINE,EQ,14591,6122,41.96
20,1559,NH,EQ,184282,116098,63.00
20,1560,NHAI,N2,2144,1694,79.01
20,1561,NHAI,N6,61,48,78.69
20,1562,NHAI,N8,1054,1054,100.00
20,1563,NHAI,NA,3442,2985,86.72
20,1564,NHAI,NE,372,371,99.73
20,1565,NHBTF2014,N3,10,10,100.00
20,1566,NHBTF2014,N5,45,45,100.00
20,1567,NHBTF2014,N6,11,11,100.00
20,1568,NHBTF2023,N6,113,113,100.00
20,1569,NHIT,IV,200000,200000,100.00
20,1570,NHIT,N1,1032,1030,99.81
20,1571,NHIT,N2,1073,1063,99.07
20,1572,NHIT,N3,2253,2148,95.34
20,1573,NHPC,EQ,98993366,37169052,37.55
20,1574,NHPC,N2,2,1,50.00
20,1575,NHPC,N5,93,93,100.00
20,1576,NHPC,N6,1003,1003,100.00
20,1577,NIACL,EQ,1269678,650353,51.22
20,1578,NIBL,EQ,25076,10901,43.47
20,1579,NIDAN,SM,172000,86000,50.00
20,1580,NIDO,N5,1,1,100.00
20,1581,NIDO,N6,528,528,100.00
20,1582,NIF100BEES,EQ,21706,15241,70.22
20,1583,NIF100IETF,EQ,8382,6604,78.79
20,1584,NIF10GETF,EQ,1028,961,93.48
20,1585,NIF5GETF,EQ,235,176,74.89
20,1586,NIFITETF,EQ,12197,11429,93.70
20,1587,NIFMID150,EQ,356,299,83.99
20,1588,NIFTY1,EQ,35676,31170,87.37
20,1589,NIFTY50ADD,EQ,2621,1762,67.23
20,1590,NIFTYBEES,EQ,2207630,1324334,59.99
20,1591,NIFTYBETF,EQ,492,459,93.29
20,1592,NIFTYETF,EQ,37960,27286,71.88
20,1593,NIFTYIETF,EQ,148851,82689,55.55
20,1594,NIFTYQLITY,EQ,205203,201340,98.12
20,1595,NIITLTD,EQ,336217,180437,53.67
20,1596,NIITMTS,EQ,299712,213232,71.15
20,1597,NILKAMAL,EQ,11505,6555,56.98
20,1598,NINSYS,EQ,3564,2402,67.40
20,1599,NIPPOBATRY,EQ,340790,129618,38.03
20,1600,NIRAJ,EQ,53667,40188,74.88
20,1601,NIRMAN,SM,36600,23400,63.93
20,1602,NITINSPIN,EQ,91729,55390,60.38
20,1603,NITIRAJ,EQ,24230,12636,52.15
20,1604,NKIND,EQ,1077,808,75.02
20,1605,NLCINDIA,EQ,5577154,2108741,37.81
20,1606,NMDC,EQ,14420844,6765675,46.92
20,1607,NOCIL,EQ,330084,186207,56.41
20,1608,NORBTEAEXP,EQ,20404,18416,90.26
20,1609,NOVAAGRI,EQ,454592,245600,54.03
20,1610,NPBET,EQ,960,895,93.23
20,1611,NPST,SM,54600,41300,75.64
20,1612,NRAIL,EQ,4903,2243,45.75
20,1613,NRBBEARING,EQ,251810,125516,49.85
20,1614,NRL,EQ,112805,61069,54.14
20,1615,NSIL,EQ,4154,2113,50.87
20,1616,NSLNISP,EQ,13313082,3681504,27.65
20,1617,NTPC,EQ,27892188,11695904,41.93
20,1618,NTPC,N2,8,8,100.00
20,1619,NTPC,N3,379,359,94.72
20,1620,NTPC,N6,16,16,100.00
20,1621,NTPC,N7,36930,36709,99.40
20,1622,NTPC,NA,220,220,100.00
20,1623,NTPC,NC,25,25,100.00
20,1624,NTPC,ND,38,38,100.00
20,1625,NUCLEUS,EQ,24666,12477,50.58
20,1626,NURECA,EQ,16725,8994,53.78
20,1627,NUVAMA,EQ,26669,12784,47.94
20,1628,NUVOCO,EQ,685289,475214,69.35
20,1629,NV20,EQ,18959,12203,64.37
20,1630,NV20BEES,EQ,13546,10561,77.96
20,1631,NV20IETF,EQ,496374,255962,51.57
20,1632,NXST,RR,243893,174767,71.66
20,1633,NYKAA,EQ,6294633,2483809,39.46
20,1634,OAL,EQ,9855,6265,63.57
20,1635,OBCL,EQ,136799,96072,70.23
20,1636,OBEROIRLTY,EQ,760770,302955,39.82
20,1637,OCCL,EQ,8666,5546,64.00
20,1638,OFSS,EQ,301938,130667,43.28
20,1639,OIL,EQ,4702531,1840763,39.14
20,1640,OLECTRA,EQ,444693,170676,38.38
20,1641,OLIL,SM,1200,1200,100.00
20,1642,OMAXE,EQ,100860,68371,67.79
20,1643,OMFURN,SM,26400,19200,72.73
20,1644,OMINFRAL,EQ,225514,119935,53.18
20,1645,ONDOOR,SM,7200,4800,66.67
20,1646,ONEPOINT,EQ,331269,256687,77.49
20,1647,ONGC,EQ,15677336,4685498,29.89
20,1648,ONMOBILE,EQ,360367,181058,50.24
20,1649,ONWARDTEC,EQ,25024,12849,51.35
20,1650,OPTIEMUS,EQ,102602,61026,59.48
20,1651,ORBTEXP,EQ,24543,19849,80.87
20,1652,ORCHPHARMA,EQ,56815,37010,65.14
20,1653,ORIANA,SM,133800,87750,65.58
20,1654,ORICONENT,EQ,598253,347941,58.16
20,1655,ORIENTBELL,EQ,9291,4885,52.58
20,1656,ORIENTCEM,EQ,870886,282304,32.42
20,1657,ORIENTCER,EQ,75726,51621,68.17
20,1658,ORIENTELEC,EQ,937846,498472,53.15
20,1659,ORIENTHOT,EQ,583925,300159,51.40
20,1660,ORIENTLTD,EQ,12851,8014,62.36
20,1661,ORIENTPPR,EQ,19584801,7962633,40.66
20,1662,ORISSAMINE,EQ,10669,3526,33.05
20,1663,ORTINLAB,EQ,33521,31506,93.99
20,1664,OSWALAGRO,EQ,74308,55102,74.15
20,1665,OSWALGREEN,EQ,203167,126244,62.14
20,1666,OWAIS,SM,315200,155200,49.24
20,1667,PAGEIND,EQ,12805,6715,52.44
20,1668,PAISALO,EQ,1359420,1043431,76.76
20,1669,PAKKA,EQ,327169,140935,43.08
20,1670,PALASHSECU,EQ,9049,4043,44.68
20,1671,PANACEABIO,EQ,65287,37349,57.21
20,1672,PANACHE,EQ,10899,6774,62.15
20,1673,PANAMAPET,EQ,107432,66738,62.12
20,1674,PANSARI,EQ,1995,1212,60.75
20,1675,PAR,EQ,24832,13693,55.14
20,1676,PARADEEP,EQ,1162771,537065,46.19
20,1677,PARAGMILK,EQ,487354,265205,54.42
20,1678,PARAGON,SM,15600,9600,61.54
20,1679,PARAS,EQ,145570,57095,39.22
20,1680,PARIN,SM,1000,1000,100.00
20,1681,PARKHOTELS,EQ,449770,324253,72.09
20,1682,PARSVNATH,EQ,391864,228274,58.25
20,1683,PARTYCRUS,SM,11000,9000,81.82
20,1684,PASHUPATI,SM,245600,190400,77.52
20,1685,PASUPTAC,EQ,100858,68638,68.05
20,1686,PATANJALI,EQ,834989,331343,39.68
20,1687,PATELENG,EQ,12188022,6471981,53.10
20,1688,PATINTLOG,EQ,405878,201837,49.73
20,1689,PATTECH,SM,30000,30000,100.00
20,1690,PAVNAIND,EQ,9031,6404,70.91
20,1691,PAYTM,EQ,2043727,1104576,54.05
20,1692,PCBL,EQ,1312582,658972,50.20
20,1693,PCJEWELLER,EQ,2711008,2014062,74.29
20,1694,PDMJEPAPER,EQ,5788933,1544967,26.69
20,1695,PDSL,EQ,60013,35935,59.88
20,1696,PEARLPOLY,EQ,1609942,733208,45.54
20,1697,PEL,EQ,2046325,892883,43.63
20,1698,PEL,N0,100,100,100.00
20,1699,PEL,N3,52,52,100.00
20,1700,PENIND,EQ,433039,181203,41.84
20,1701,PENINLAND,EQ,543349,332000,61.10
20,1702,PERFECT,SM,150000,102000,68.00
20,1703,PERSISTENT,EQ,432230,237171,54.87
20,1704,PETRONET,EQ,16715887,7021528,42.01
20,1705,PFC,EQ,55752960,19353725,34.71
20,1706,PFC,N5,1667,1667,100.00
20,1707,PFC,N8,81,81,100.00
20,1708,PFIZER,EQ,64280,48874,76.03
20,1709,PFOCUS,EQ,66530,27029,40.63
20,1710,PGEL,EQ,177392,71960,40.57
20,1711,PGHH,EQ,8547,4352,50.92
20,1712,PGHL,EQ,10658,6456,60.57
20,1713,PGIL,EQ,12257,6993,57.05
20,1714,PGINVIT,IV,279921,261349,93.37
20,1715,PHANTOMFX,SM,135600,81300,59.96
20,1716,PHARMABEES,EQ,2162160,1456686,67.37
20,1717,PHOENIXLTD,EQ,284824,159383,55.96
20,1718,PIDILITIND,EQ,545207,217142,39.83
20,1719,PIIND,EQ,211272,131451,62.22
20,1720,PILANIINVS,EQ,4448,2916,65.56
20,1721,PIONEEREMB,EQ,9618,7948,82.64
20,1722,PITTIENG,EQ,71964,37913,52.68
20,1723,PIXTRANS,EQ,7057,3524,49.94
20,1724,PKTEA,EQ,375,276,73.60
20,1725,PLADAINFO,SM,6000,6000,100.00
20,1726,PLASTIBLEN,EQ,51308,31016,60.45
20,1727,PLATIND,EQ,487839,211449,43.34
20,1728,PLAZACABLE,EQ,61031,42769,70.08
20,1729,PNB,EQ,58420041,25126645,43.01
20,1730,PNBGILTS,EQ,2544118,1057118,41.55
20,1731,PNBHOUSING,EQ,405071,182814,45.13
20,1732,PNC,EQ,76587,44164,57.67
20,1733,PNCINFRA,EQ,181701,110371,60.74
20,1734,POCL,EQ,20238,12393,61.24
20,1735,PODDARMENT,EQ,5226,3664,70.11
20,1736,POKARNA,EQ,53922,35971,66.71
20,1737,POLICYBZR,EQ,2035177,1292177,63.49
20,1738,POLYCAB,EQ,286240,128782,44.99
20,1739,POLYMED,EQ,33279,18689,56.16
20,1740,POLYPLEX,EQ,167453,101673,60.72
20,1741,POLYSIL,SM,8000,8000,100.00
20,1742,PONNIERODE,EQ,45832,22460,49.01
20,1743,POONAWALLA,EQ,4441977,2900815,65.30
20,1744,POWERGRID,EQ,44059506,18012854,40.88
20,1745,POWERINDIA,EQ,280890,52915,18.84
20,1746,POWERMECH,EQ,46923,24698,52.64
20,1747,PPAP,EQ,5160,3035,58.82
20,1748,PPL,EQ,37381,23461,62.76
20,1749,PPLPHARMA,EQ,1306760,598775,45.82
20,1750,PRAJIND,EQ,696134,325771,46.80
20,1751,PRAKASH,EQ,919991,528098,57.40
20,1752,PRAMARA,SM,22000,20000,90.91
20,1753,PRATHAM,SM,302400,153600,50.79
20,1754,PRECAM,EQ,101959,47230,46.32
20,1755,PRECISION,SM,20000,16000,80.00
20,1756,PRECWIRE,EQ,334736,147951,44.20
20,1757,PREMEXPLN,EQ,41568,25100,60.38
20,1758,PREMIERPOL,EQ,19350,10807,55.85
20,1759,PRESSTONIC,SM,39200,30400,77.55
20,1760,PRESTIGE,EQ,698169,398052,57.01
20,1761,PRICOLLTD,EQ,266200,145964,54.83
20,1762,PRIMESECU,EQ,195882,151084,77.13
20,1763,PRINCEPIPE,EQ,73670,33256,45.14
20,1764,PRITI,EQ,40946,29735,72.62
20,1765,PRITIKA,SM,24000,20000,83.33
20,1766,PRIVISCL,EQ,213378,97719,45.80
20,1767,PROLIFE,SM,1000,1000,100.00
20,1768,PROPEQUITY,SM,10200,7800,76.47
20,1769,PROV,SM,3040,2720,89.47
20,1770,PROZONER,EQ,459497,208291,45.33
20,1771,PRSMJOHNSN,EQ,232349,131082,56.42
20,1772,PRUDENT,EQ,190592,166157,87.18
20,1773,PSB,EQ,2063378,767467,37.19
20,1774,PSPPROJECT,EQ,59201,35672,60.26
20,1775,PSUBANK,EQ,41155,25453,61.85
20,1776,PSUBANKADD,EQ,16922,12077,71.37
20,1777,PSUBNKBEES,EQ,2291974,1391046,60.69
20,1778,PSUBNKIETF,EQ,163793,93779,57.25
20,1779,PTC,EQ,3439714,1299342,37.77
20,1780,PTCIL,EQ,5073,2552,50.31
20,1781,PTL,EQ,951386,457631,48.10
20,1782,PULZ,SM,15000,12000,80.00
20,1783,PUNJABCHEM,EQ,8529,4277,50.15
20,1784,PURVFLEXI,SM,73600,62400,84.78
20,1785,PVP,EQ,305484,184819,60.50
20,1786,PVRINOX,EQ,407186,205948,50.58
20,1787,PVSL,EQ,122729,55823,45.48
20,1788,PVTBANIETF,EQ,368442,220719,59.91
20,1789,PVTBANKADD,EQ,21592,16732,77.49
20,1790,PYRAMID,EQ,138461,86153,62.22
20,1791,QGOLDHALF,EQ,57741,42026,72.78
20,1792,QMSMEDI,SM,56000,48000,85.71
20,1793,QNIFTY,EQ,219,182,83.11
20,1794,QUADPRO,SM,48000,48000,100.00
20,1795,QUAL30IETF,EQ,14979,14295,95.43
20,1796,QUESS,EQ,198596,108232,54.50
20,1797,QUICKHEAL,EQ,65793,42705,64.91
20,1798,QUICKTOUCH,SM,33500,27000,80.60
20,1799,RACE,EQ,11300,7896,69.88
20,1800,RADHIKAJWE,EQ,291937,195524,66.97
20,1801,RADIANTCMS,EQ,134128,96416,71.88
20,1802,RADICO,EQ,163993,127583,77.80
20,1803,RADIOCITY,EQ,817255,338638,41.44
20,1804,RADIOCITY,P1,2636,2636,100.00
20,1805,RADIOWALLA,SM,20800,16000,76.92
20,1806,RAILTEL,EQ,3800973,1515273,39.87
20,1807,RAIN,EQ,1730912,650008,37.55
20,1808,RAINBOW,EQ,361512,183718,50.82
20,1809,RAJESHEXPO,EQ,368952,164408,44.56
20,1810,RAJRATAN,EQ,31444,17288,54.98
20,1811,RAJSREESUG,EQ,75250,50256,66.79
20,1812,RALLIS,EQ,672857,299954,44.58
20,1813,RAMANEWS,EQ,800970,419272,52.35
20,1814,RAMAPHO,EQ,18582,11456,61.65
20,1815,RAMASTEEL,EQ,20244742,9064040,44.77
20,1816,RAMCOCEM,EQ,1005128,695750,69.22
20,1817,RAMCOIND,EQ,58719,30124,51.30
20,1818,RAMKY,EQ,167343,130394,77.92
20,1819,RAMRAT,EQ,2876366,406896,14.15
20,1820,RANASUG,EQ,441748,197980,44.82
20,1821,RANEENGINE,EQ,3721,2710,72.83
20,1822,RANEHOLDIN,EQ,18576,10165,54.72
20,1823,RATEGAIN,EQ,142517,75275,52.82
20,1824,RATNAMANI,EQ,40886,26187,64.05
20,1825,RATNAVEER,EQ,292104,159402,54.57
20,1826,RAYMOND,EQ,2046434,377607,18.45
20,1827,RBA,EQ,886332,473383,53.41
20,1828,RBL,EQ,22730,7814,34.38
20,1829,RBLBANK,EQ,12617233,4494919,35.63
20,1830,RBMINFRA,SM,28000,21200,75.71
20,1831,RBS,ST,328000,302400,92.20
20,1832,RBZJEWEL,EQ,82566,58568,70.93
20,1833,RCDL,SM,30000,30000,100.00
20,1834,RCF,EQ,4336764,1207183,27.84
20,1835,RECLTD,EQ,83160192,18354024,22.07
20,1836,RECLTD,N2,1001,1001,100.00
20,1837,RECLTD,N6,1,1,100.00
20,1838,RECLTD,N9,1963,1828,93.12
20,1839,RECLTD,NA,40,20,50.00
20,1840,RECLTD,NI,500,500,100.00
20,1841,REDINGTON,EQ,1780188,1002248,56.30
20,1842,REDTAPE,EQ,76194,50065,65.71
20,1843,REFEX,EQ,587970,297811,50.65
20,1844,RELAXO,EQ,41012,23252,56.70
20,1845,RELCHEMQ,EQ,10844,5651,52.11
20,1846,RELIABLE,SM,2400,2400,100.00
20,1847,RELIANCE,EQ,7256323,3287714,45.31
20,1848,RELIGARE,EQ,546376,386621,70.76
20,1849,RELINFRA,EQ,2503944,1427301,57.00
20,1850,REMSONSIND,EQ,13395,6444,48.11
20,1851,REMUS,SM,5725,3925,68.56
20,1852,RENUKA,EQ,4152990,1524217,36.70
20,1853,REPCOHOME,EQ,140966,58553,41.54
20,1854,REPL,EQ,533022,131324,24.64
20,1855,REPRO,EQ,14390,7508,52.18
20,1856,RESPONIND,EQ,262047,47994,18.32
20,1857,REXPIPES,SM,10000,6000,60.00
20,1858,RGL,EQ,73611,39234,53.30
20,1859,RHIM,EQ,84230,34100,40.48
20,1860,RICOAUTO,EQ,1193370,481792,40.37
20,1861,RIIL,EQ,197305,72516,36.75
20,1862,RILINFRA,SM,275600,167700,60.85
20,1863,RISHABH,EQ,112100,59088,52.71
20,1864,RITCO,EQ,97912,34716,35.46
20,1865,RITES,EQ,2482006,748746,30.17
20,1866,RITEZONE,SM,3200,1600,50.00
20,1867,RKDL,EQ,48118,33712,70.06
20,1868,RKEC,EQ,165239,90298,54.65
20,1869,RKFORGE,EQ,928956,231907,24.96
20,1870,RKSWAMY,EQ,161370,74659,46.27
20,1871,RMDRIP,SM,250000,237000,94.80
20,1872,RML,EQ,18989,11210,59.03
20,1873,ROCKINGDCE,SM,26750,9750,36.45
20,1874,ROHLTD,EQ,49802,25762,51.73
20,1875,ROLEXRINGS,EQ,18856,10753,57.03
20,1876,ROSSARI,EQ,576833,275114,47.69
20,1877,ROSSELLIND,EQ,191899,73450,38.28
20,1878,ROTO,EQ,63128,35768,56.66
20,1879,ROUTE,EQ,57700,29671,51.42
20,1880,ROXHITECH,SM,259200,176000,67.90
20,1881,RPGLIFE,EQ,55323,34722,62.76
20,1882,RPOWER,EQ,15166995,8034644,52.97
20,1883,RPSGVENT,EQ,78895,44909,56.92
20,1884,RPTECH,EQ,642708,267678,41.65
20,1885,RRKABEL,EQ,48033,24757,51.54
20,1886,RSWM,EQ,117053,77406,66.13
20,1887,RSYSTEMS,EQ,140424,64291,45.78
20,1888,RTNINDIA,EQ,3808774,1797515,47.19
20,1889,RUBYMILLS,EQ,17917,11137,62.16
20,1890,RUCHINFRA,EQ,922535,604807,65.56
20,1891,RUCHIRA,EQ,628931,264725,42.09
20,1892,RUPA,EQ,179667,102754,57.19
20,1893,RUSHIL,EQ,84996,63303,74.48
20,1894,RUSTOMJEE,EQ,18811,12679,67.40
20,1895,RVNL,EQ,9181814,3143027,34.23
20,1896,SAAKSHI,SM,44400,33000,74.32
20,1897,SABAR,SM,10000,10000,100.00
20,1898,SADBHIN,EQ,333104,277332,83.26
20,1899,SADHAV,SM,58800,46800,79.59
20,1900,SADHNANIQ,EQ,111179,68844,61.92
20,1901,SAFARI,EQ,36096,17793,49.29
20,1902,SAGARDEEP,EQ,32368,21772,67.26
20,1903,SAGCEM,EQ,48280,26904,55.72
20,1904,SAH,EQ,802597,233904,29.14
20,1905,SAHANA,SM,11250,9750,86.67
20,1906,SAHYADRI,EQ,11050,7917,71.65
20,1907,SAIFL,SM,8000,7200,90.00
20,1908,SAIL,EQ,44264557,10559565,23.86
20,1909,SAKAR,EQ,11551,8683,75.17
20,1910,SAKHTISUG,EQ,342290,193269,56.46
20,1911,SAKSOFT,EQ,95420,62444,65.44
20,1912,SAKUMA,EQ,3579541,1367909,38.21
20,1913,SALASAR,EQ,6070132,3486617,57.44
20,1914,SALONA,EQ,1018,670,65.82
20,1915,SALZERELEC,EQ,92606,54986,59.38
20,1916,SAMHI,EQ,2652118,1845854,69.60
20,1917,SANDESH,EQ,4839,2683,55.45
20,1918,SANDHAR,EQ,52017,28383,54.56
20,1919,SANDUMA,EQ,463295,299507,64.65
20,1920,SANGAMIND,EQ,10204,6073,59.52
20,1921,SANGANI,SM,9000,9000,100.00
20,1922,SANGHIIND,EQ,602659,355126,58.93
20,1923,SANGHVIMOV,EQ,297604,163040,54.78
20,1924,SANOFI,EQ,54490,29730,54.56
20,1925,SANSERA,EQ,51181,26617,52.01
20,1926,SAPPHIRE,EQ,54876,30474,55.53
20,1927,SARDAEN,EQ,2643999,1279591,48.40
20,1928,SAREGAMA,EQ,252753,138204,54.68
20,1929,SARLAPOLY,EQ,1149060,712506,62.01
20,1930,SARTELE,SM,75500,34000,45.03
20,1931,SASKEN,EQ,11123,6862,61.69
20,1932,SASTASUNDR,EQ,23541,12979,55.13
20,1933,SATIA,EQ,1001562,482737,48.20
20,1934,SATIN,EQ,338577,172906,51.07
20,1935,SATINDLTD,EQ,321300,139433,43.40
20,1936,SAURASHCEM,EQ,124585,65106,52.26
20,1937,SBC,EQ,3688814,2327719,63.10
20,1938,SBCL,EQ,66437,34405,51.79
20,1939,SBFC,EQ,4922804,2513613,51.06
20,1940,SBGLP,EQ,331951,133588,40.24
20,1941,SBICARD,EQ,923194,345611,37.44
20,1942,SBIETFCON,EQ,4809,2868,59.64
20,1943,SBIETFIT,EQ,24089,22019,91.41
20,1944,SBIETFPB,EQ,7913,7431,93.91
20,1945,SBIETFQLTY,EQ,2421,2111,87.20
20,1946,SBILIFE,EQ,2194261,1136866,51.81
20,1947,SBIN,EQ,19943724,10287198,51.58
20,1948,SCHAEFFLER,EQ,215745,134706,62.44
20,1949,SCHAND,EQ,88165,49010,55.59
20,1950,SCI,EQ,1786480,656550,36.75
20,1951,SCILAL,EQ,2920993,1344003,46.01
20,1952,SCML,SM,400000,242000,60.50
20,1953,SCPL,EQ,8519,4059,47.65
20,1954,SDBL,EQ,535954,250371,46.72
20,1955,SDL24BEES,EQ,3985,3444,86.42
20,1956,SDL26BEES,EQ,7116,7115,99.99
20,1957,SEAMECLTD,EQ,63171,49280,78.01
20,1958,SECL,SM,131250,118750,90.48
20,1959,SECURCRED,EQ,110317,66381,60.17
20,1960,SEL,SM,2800,2800,100.00
20,1961,SELAN,EQ,36264,21747,59.97
20,1962,SELMC,EQ,13039,10483,80.40
20,1963,SEMAC,EQ,13893,10248,73.76
20,1964,SENCO,EQ,144091,98973,68.69
20,1965,SENSEXADD,EQ,913,591,64.73
20,1966,SENSEXETF,EQ,4998,4311,86.25
20,1967,SENSEXIETF,EQ,3539,2930,82.79
20,1968,SEPC,EQ,4800099,2338097,48.71
20,1969,SEQUENT,EQ,426360,226594,53.15
20,1970,SERVICE,SM,32000,18000,56.25
20,1971,SERVOTECH,EQ,375022,262463,69.99
20,1972,SESHAPAPER,EQ,80448,33696,41.89
20,1973,SETF10GILT,EQ,4762,4762,100.00
20,1974,SETFGOLD,EQ,769316,594742,77.31
20,1975,SETFNIF50,EQ,294047,166741,56.71
20,1976,SETFNIFBK,EQ,382610,351915,91.98
20,1977,SETFNN50,EQ,37683,28115,74.61
20,1978,SFL,EQ,50825,28962,56.98
20,1979,SGBAPR28I,GB,341,225,65.98
20,1980,SGBAUG24,GB,532,361,67.86
20,1981,SGBAUG27,GB,25,23,92.00
20,1982,SGBAUG28V,GB,1027,715,69.62
20,1983,SGBAUG29V,GB,141,86,60.99
20,1984,SGBAUG30,GB,592,424,71.62
20,1985,SGBD29VIII,GB,131,110,83.97
20,1986,SGBDC27VII,GB,7,7,100.00
20,1987,SGBDE30III,GB,185,126,68.11
20,1988,SGBDE31III,GB,3450,2710,78.55
20,1989,SGBDEC25,GB,2,2,100.00
20,1990,SGBDEC2513,GB,7,7,100.00
20,1991,SGBFEB27,GB,10,10,100.00
20,1992,SGBFEB28IX,GB,3,3,100.00
20,1993,SGBFEB29XI,GB,30,30,100.00
20,1994,SGBFEB32IV,GB,6741,5529,82.02
20,1995,SGBJ28VIII,GB,6,6,100.00
20,1996,SGBJAN26,GB,34,34,100.00
20,1997,SGBJAN27,GB,30,30,100.00
20,1998,SGBJAN29IX,GB,407,306,75.18
20,1999,SGBJAN29X,GB,38,24,63.16
20,2000,SGBJAN30IX,GB,52,36,69.23
20,2001,SGBJU29III,GB,416,401,96.39
20,2002,SGBJUL25,GB,127,107,84.25
20,2003,SGBJUL27,GB,5,4,80.00
20,2004,SGBJUL28IV,GB,514,427,83.07
20,2005,SGBJUL29IV,GB,252,227,90.08
20,2006,SGBJUN27,GB,99,96,96.97
20,2007,SGBJUN28,GB,316,233,73.73
20,2008,SGBJUN29II,GB,329,324,98.48
20,2009,SGBJUN30,GB,186,120,64.52
20,2010,SGBJUN31I,GB,1894,1512,79.83
20,2011,SGBMAR25,GB,15,15,100.00
20,2012,SGBMAR28X,GB,25,25,100.00
20,2013,SGBMAR30X,GB,125,125,100.00
20,2014,SGBMAR31IV,GB,848,600,70.75
20,2015,SGBMAY25,GB,25,25,100.00
20,2016,SGBMAY26,GB,25,25,100.00
20,2017,SGBMAY28,GB,391,264,67.52
20,2018,SGBMAY29I,GB,887,580,65.39
20,2019,SGBMR29XII,GB,469,367,78.25
20,2020,SGBN28VIII,GB,301,152,50.50
20,2021,SGBNOV24,GB,190,181,95.26
20,2022,SGBNOV25,GB,12,12,100.00
20,2023,SGBNOV258,GB,3,3,100.00
20,2024,SGBNOV25IX,GB,21,21,100.00
20,2025,SGBNOV25VI,GB,5,5,100.00
20,2026,SGBNOV26,GB,7,7,100.00
20,2027,SGBNV29VII,GB,844,784,92.89
20,2028,SGBOC28VII,GB,187,116,62.03
20,2029,SGBOCT25,GB,15,12,80.00
20,2030,SGBOCT25IV,GB,3,3,100.00
20,2031,SGBOCT26,GB,21,21,100.00
20,2032,SGBOCT27,GB,26,24,92.31
20,2033,SGBOCT27VI,GB,8,8,100.00
20,2034,SGBSEP24,GB,100,66,66.00
20,2035,SGBSEP27,GB,2,2,100.00
20,2036,SGBSEP28VI,GB,925,604,65.30
20,2037,SGBSEP29VI,GB,1381,1026,74.29
20,2038,SGBSEP31II,GB,1489,1261,84.69
20,2039,SGIL,EQ,17445,9569,54.85
20,2040,SGL,EQ,21631,18072,83.55
20,2041,SHAH,EQ,13004258,7862942,60.46
20,2042,SHAHALLOYS,EQ,15009,11651,77.63
20,2043,SHAILY,EQ,68165,48521,71.18
20,2044,SHALBY,EQ,78316,47039,60.06
20,2045,SHALPAINTS,EQ,316690,128076,40.44
20,2046,SHANKARA,EQ,72390,41676,57.57
20,2047,SHANTHALA,SM,55200,33600,60.87
20,2048,SHANTIGEAR,EQ,38284,16193,42.30
20,2049,SHARDACROP,EQ,67251,37787,56.19
20,2050,SHARDAMOTR,EQ,82584,47807,57.89
20,2051,SHAREINDIA,EQ,180168,99617,55.29
20,2052,SHAREINDIA,W1,624,624,100.00
20,2053,SHARIABEES,EQ,3216,1673,52.02
20,2054,SHEETAL,ST,16000,16000,100.00
20,2055,SHEMAROO,EQ,148255,62215,41.96
20,2056,SHERA,SM,50000,35000,70.00
20,2057,SHIGAN,SM,6000,6000,100.00
20,2058,SHILPAMED,EQ,283816,179893,63.38
20,2059,SHIVALIK,EQ,47497,21085,44.39
20,2060,SHIVAMAUTO,EQ,338607,240692,71.08
20,2061,SHIVAMILLS,EQ,49310,25407,51.53
20,2062,SHIVATEX,EQ,20181,4474,22.17
20,2063,SHK,EQ,477124,259917,54.48
20,2064,SHOPERSTOP,EQ,107570,49937,46.42
20,2065,SHRADHA,EQ,121311,94385,77.80
20,2066,SHREDIGCEM,EQ,2835141,1056601,37.27
20,2067,SHREECEM,EQ,98202,48950,49.85
20,2068,SHREEKARNI,SM,47400,37200,78.48
20,2069,SHREEOSFM,SM,166000,105000,63.25
20,2070,SHREEPUSHK,EQ,56103,33644,59.97
20,2071,SHRENIK,EQ,3371339,2586599,76.72
20,2072,SHREYANIND,EQ,36527,19875,54.41
20,2073,SHREYAS,EQ,132914,72189,54.31
20,2074,SHRIPISTON,EQ,111206,64689,58.17
20,2075,SHRIRAMFIN,EQ,1848695,763654,41.31
20,2076,SHRIRAMFIN,YI,1,1,100.00
20,2077,SHRIRAMFIN,YL,100,100,100.00
20,2078,SHRIRAMFIN,YP,9,9,100.00
20,2079,SHRIRAMFIN,YW,242,191,78.93
20,2080,SHRIRAMFIN,Z5,25,25,100.00
20,2081,SHRIRAMFIN,Z8,130,130,100.00
20,2082,SHRIRAMFIN,ZB,1000,1000,100.00
20,2083,SHRIRAMFIN,ZF,112,109,97.32
20,2084,SHRIRAMPPS,EQ,1440853,733183,50.89
20,2085,SHRITECH,SM,88000,30000,34.09
20,2086,SHUBHLAXMI,SM,3000,3000,100.00
20,2087,SHYAMMETL,EQ,229301,121067,52.80
20,2088,SIDDHIKA,SM,2500,2500,100.00
20,2089,SIEMENS,EQ,250487,123083,49.14
20,2090,SIGACHI,EQ,1035240,622058,60.09
20,2091,SIGIND,EQ,125532,60003,47.80
20,2092,SIGMA,EQ,8056,5067,62.90
20,2093,SIGNATURE,EQ,436583,58417,13.38
20,2094,SIGNORIA,SM,38000,36000,94.74
20,2095,SIGNPOST,EQ,168875,85499,50.63
20,2096,SIKKO,EQ,20232,14387,71.11
20,2097,SIL,EQ,44350,31186,70.32
20,2098,SILGO,EQ,264710,179170,67.69
20,2099,SILINV,EQ,7374,4305,58.38
20,2100,SILLYMONKS,EQ,82125,73503,89.50
20,2101,SILVER,EQ,593297,541774,91.32
20,2102,SILVER1,EQ,22879,20431,89.30
20,2103,SILVERADD,EQ,3450,3154,91.42
20,2104,SILVERBEES,EQ,4406629,3592836,81.53
20,2105,SILVERETF,EQ,78046,51918,66.52
20,2106,SILVERIETF,EQ,647653,565105,87.25
20,2107,SILVERTUC,EQ,35271,14215,40.30
20,2108,SILVRETF,EQ,8625,6652,77.12
20,2109,SIMBHALS,EQ,48250,32300,66.94
20,2110,SINCLAIR,EQ,109808,72521,66.04
20,2111,SINDHUTRAD,EQ,1804456,1123249,62.25
20,2112,SINTERCOM,EQ,34167,20199,59.12
20,2113,SIRCA,EQ,55373,28825,52.06
20,2114,SIS,EQ,91590,47053,51.37
20,2115,SIYSIL,EQ,38438,24390,63.45
20,2116,SJLOGISTIC,SM,42000,34000,80.95
20,2117,SJS,EQ,78837,51527,65.36
20,2118,SJVN,EQ,20225776,6706763,33.16
20,2119,SKFINDIA,EQ,152289,133471,87.64
20,2120,SKIPPER,EQ,4781322,1151270,24.08
20,2121,SKIPPERPP,E1,40305,31130,77.24
20,2122,SKMEGGPROD,EQ,182353,53622,29.41
20,2123,SKP,SM,18500,13500,72.97
20,2124,SMALLCAP,EQ,396458,340907,85.99
20,2125,SMARTLINK,EQ,20142,11647,57.82
20,2126,SMCGLOBAL,EQ,539668,266617,49.40
20,2127,SMLISUZU,EQ,69908,39623,56.68
20,2128,SMSLIFE,EQ,4706,2838,60.31
20,2129,SMSPHARMA,EQ,290844,185459,63.77
20,2130,SMVD,SM,44440,44440,100.00
20,2131,SNOWMAN,EQ,520755,304384,58.45
20,2132,SOBHA,EQ,367292,169679,46.20
20,2133,SOFTTECH,EQ,17530,6113,34.87
20,2134,SOLARA,EQ,178512,70357,39.41
20,2135,SOLARINDS,EQ,103135,52762,51.16
20,2136,SOLEX,SM,28400,18800,66.20
20,2137,SOMANYCERA,EQ,23687,12941,54.63
20,2138,SONACOMS,EQ,3894011,2232410,57.33
20,2139,SONAMAC,SM,142000,94000,66.20
20,2140,SONAMLTD,EQ,41378,33602,81.21
20,2141,SONATSOFTW,EQ,418851,281414,67.19
20,2142,SONUINFRA,SM,6000,6000,100.00
20,2143,SOTAC,SM,3600,3600,100.00
20,2144,SOTL,EQ,203993,81080,39.75
20,2145,SOUTHBANK,EQ,85636336,30966125,36.16
20,2146,SOUTHWEST,EQ,46339,13184,28.45
20,2147,SPAL,EQ,7104,4142,58.31
20,2148,SPANDANA,EQ,292916,218079,74.45
20,2149,SPARC,EQ,12162582,4485485,36.88
20,2150,SPCENET,EQ,2116403,1323479,62.53
20,2151,SPECIALITY,EQ,107226,63905,59.60
20,2152,SPECTRUM,SM,11000,10250,93.18
20,2153,SPECTSTM,SM,24800,13600,54.84
20,2154,SPENCERS,EQ,218523,124833,57.13
20,2155,SPIC,EQ,540207,217259,40.22
20,2156,SPLIL,EQ,59345,27347,46.08
20,2157,SPLPETRO,EQ,42276,21119,49.96
20,2158,SPMLINFRA,EQ,44545,44545,100.00
20,2159,SPORTKING,EQ,12972,7052,54.36
20,2160,SPRL,ST,2400,2400,100.00
20,2161,SREEL,EQ,11216,7089,63.20
20,2162,SRF,EQ,383008,196184,51.22
20,2163,SRGHFL,EQ,4125,3790,91.88
20,2164,SRHHYPOLTD,EQ,13385,8018,59.90
20,2165,SRIVASAVI,SM,28000,25000,89.29
20,2166,SRM,EQ,66558,45443,68.28
20,2167,SSFL,SM,112000,21000,18.75
20,2168,SSWL,EQ,443678,259010,58.38
20,2169,STAR,EQ,161491,77854,48.21
20,2170,STARCEMENT,EQ,1044164,520832,49.88
20,2171,STARHEALTH,EQ,423778,228972,54.03
20,2172,STARPAPER,EQ,41778,20011,47.90
20,2173,STCINDIA,EQ,73161,25522,34.88
20,2174,STEELCAS,EQ,9603,5461,56.87
20,2175,STEELCITY,EQ,180466,89210,49.43
20,2176,STEELXIND,EQ,3894171,2314399,59.43
20,2177,STEL,EQ,7586,3330,43.90
20,2178,STERTOOLS,EQ,35839,16131,45.01
20,2179,STLTECH,EQ,4254857,1972364,46.36
20,2180,STOVEKRAFT,EQ,55389,30823,55.65
20,2181,STYLAMIND,EQ,36646,22064,60.21
20,2182,STYRENIX,EQ,11567,5717,49.43
20,2183,SUBEXLTD,EQ,5406268,2435400,45.05
20,2184,SUBROS,EQ,90341,41219,45.63
20,2185,SUDARSCHEM,EQ,210288,89897,42.75
20,2186,SUKHJITS,EQ,6938,3951,56.95
20,2187,SULA,EQ,194753,111453,57.23
20,2188,SUMICHEM,EQ,227937,120124,52.70
20,2189,SUMMITSEC,EQ,38102,19886,52.19
20,2190,SUNCLAY,EQ,16368,9641,58.90
20,2191,SUNDARAM,EQ,2396509,1447500,60.40
20,2192,SUNDARMFIN,EQ,189474,90596,47.81
20,2193,SUNDARMHLD,EQ,95964,60519,63.06
20,2194,SUNDRMBRAK,EQ,3771,3229,85.63
20,2195,SUNDRMFAST,EQ,69112,41052,59.40
20,2196,SUNFLAG,EQ,340076,146884,43.19
20,2197,SUNPHARMA,EQ,2494925,1076020,43.13
20,2198,SUNTECK,EQ,130182,70331,54.03
20,2199,SUNTV,EQ,413769,188859,45.64
20,2200,SUPERHOUSE,EQ,6512,4691,72.04
20,2201,SUPRAJIT,EQ,85261,54163,63.53
20,2202,SUPREMEIND,EQ,402887,167701,41.62
20,2203,SUPREMEPWR,SM,668000,323000,48.35
20,2204,SUPRIYA,EQ,865466,311378,35.98
20,2205,SURAJEST,EQ,507598,363946,71.70
20,2206,SURANI,SM,9600,5600,58.33
20,2207,SURYALAXMI,EQ,29194,16347,55.99
20,2208,SURYAROSNI,EQ,1779149,666657,37.47
20,2209,SURYODAY,EQ,1110059,487814,43.94
20,2210,SUTLEJTEX,EQ,94709,56929,60.11
20,2211,SUULD,EQ,88497,66649,75.31
20,2212,SUVEN,EQ,206370,160173,77.61
20,2213,SUVENPHAR,EQ,137164,82856,60.41
20,2214,SVLL,EQ,1061,668,62.96
20,2215,SVPGLOB,EQ,84374,54757,64.90
20,2216,SWANENERGY,EQ,1109159,617570,55.68
20,2217,SWARAJ,SM,10000,7000,70.00
20,2218,SWARAJENG,EQ,11421,6574,57.56
20,2219,SWASTIK,SM,10800,9600,88.89
20,2220,SWELECTES,EQ,205955,75799,36.80
20,2221,SWSOLAR,EQ,624838,400523,64.10
20,2222,SYMPHONY,EQ,391128,237783,60.79
20,2223,SYNCOMF,EQ,3348619,2009762,60.02
20,2224,SYNGENE,EQ,1172026,843766,71.99
20,2225,SYNOPTICS,SM,18000,17400,96.67
20,2226,SYRMA,EQ,592461,285505,48.19
20,2227,SYSTANGO,SM,51200,37200,72.66
20,2228,TAC,SM,122400,104400,85.29
20,2229,TAINWALCHM,EQ,12188,7960,65.31
20,2230,TAJGVK,EQ,86955,34268,39.41
20,2231,TAKE,EQ,159998,97922,61.20
20,2232,TALBROAUTO,EQ,79307,56483,71.22
20,2233,TANLA,EQ,777703,300777,38.68
20,2234,TARC,EQ,353781,256406,72.48
20,2235,TARSONS,EQ,29755,16216,54.50
20,2236,TASTYBITE,EQ,1926,890,46.21
20,2237,TATACAP,N6,80,80,100.00
20,2238,TATACAP,N8,11,11,100.00
20,2239,TATACAP,NA,1160,875,75.43
20,2240,TATACAPHSG,N4,8,8,100.00
20,2241,TATACAPHSG,N6,150,150,100.00
20,2242,TATACHEM,EQ,3008089,979653,32.57
20,2243,TATACOMM,EQ,302126,146818,48.59
20,2244,TATACONSUM,EQ,3423995,1596334,46.62
20,2245,TATAELXSI,EQ,117397,55659,47.41
20,2246,TATAGOLD,EQ,3058638,2361466,77.21
20,2247,TATAMOTORS,EQ,12695047,5369251,42.29
20,2248,TATAMTRDVR,EQ,1946964,1497943,76.94
20,2249,TATAPOWER,EQ,15880502,5779590,36.39
20,2250,TATASTEEL,EQ,69320283,29962653,43.22
20,2251,TATATECH,EQ,1716282,851158,49.59
20,2252,TATSILV,EQ,608179,546078,89.79
20,2253,TATVA,EQ,9923,5789,58.34
20,2254,TBZ,EQ,91243,55947,61.32
20,2255,TCI,EQ,21696,11942,55.04
20,2256,TCIEXP,EQ,139668,73716,52.78
20,2257,TCL,SM,597600,390400,65.33
20,2258,TCLCONS,EQ,152353,77969,51.18
20,2259,TCNSBRANDS,EQ,170050,64729,38.06
20,2260,TCPLPACK,EQ,9246,5642,61.02
20,2261,TCS,EQ,2491044,1031270,41.40
20,2262,TDPOWERSYS,EQ,1059045,716105,67.62
20,2263,TEAMLEASE,EQ,41157,28479,69.20
20,2264,TECH,EQ,58142,50407,86.70
20,2265,TECHLABS,SM,232500,161500,69.46
20,2266,TECHM,EQ,2124221,801455,37.73
20,2267,TECHNOE,EQ,511838,242241,47.33
20,2268,TEGA,EQ,112205,41959,37.39
20,2269,TEJASNET,EQ,839918,498609,59.36
20,2270,TEMBO,EQ,42011,7446,17.72
20,2271,TEXINFRA,EQ,206305,114386,55.45
20,2272,TEXMOPIPES,EQ,101350,71347,70.40
20,2273,TEXRAIL,EQ,974420,471854,48.42
20,2274,TFCILTD,EQ,498333,341619,68.55
20,2275,TFL,EQ,28633,21311,74.43
20,2276,TGBHOTELS,EQ,190292,86216,45.31
20,2277,TGL,SM,1210800,673200,55.60
20,2278,THANGAMAYL,EQ,7764,4630,59.63
20,2279,THEINVEST,EQ,17628,4899,27.79
20,2280,THEJO,EQ,34858,12929,37.09
20,2281,THEMISMED,EQ,25534,16375,64.13
20,2282,THERMAX,EQ,300855,222635,74.00
20,2283,THOMASCOOK,EQ,689474,511745,74.22
20,2284,THYROCARE,EQ,24202,12216,50.48
20,2285,TI,EQ,570692,273827,47.98
20,2286,TIDEWATER,EQ,155012,64961,41.91
20,2287,TIIL,EQ,13057,8697,66.61
20,2288,TIINDIA,EQ,388320,334702,86.19
20,2289,TIMESCAN,SM,2000,2000,100.00
20,2290,TIMETECHNO,EQ,1480674,586108,39.58
20,2291,TIMKEN,EQ,103248,82407,79.81
20,2292,TIPSFILMS,EQ,26224,18806,71.71
20,2293,TIPSINDLTD,EQ,163746,103195,63.02
20,2294,TIRUMALCHM,EQ,272638,135821,49.82
20,2295,TIRUPATI,SM,7500,7500,100.00
20,2296,TIRUPATIFL,EQ,330450,246011,74.45
20,2297,TITAGARH,EQ,1185575,644520,54.36
20,2298,TITAN,EQ,1435891,700673,48.80
20,2299,TMB,EQ,45213,26894,59.48
20,2300,TNIDETF,EQ,36010,30848,85.67
20,2301,TNPETRO,EQ,227871,122769,53.88
20,2302,TNPL,EQ,1138329,371040,32.60
20,2303,TOKYOPLAST,EQ,24224,15063,62.18
20,2304,TORNTPHARM,EQ,93529,50659,54.16
20,2305,TORNTPOWER,EQ,424948,225930,53.17
20,2306,TOTAL,EQ,24949,13749,55.11
20,2307,TOUCHWOOD,EQ,944,686,72.67
20,2308,TPLPLASTEH,EQ,1032848,413526,40.04
20,2309,TRACXN,EQ,646932,308887,47.75
20,2310,TRANSTEEL,SM,62000,40000,64.52
20,2311,TREL,EQ,869928,474942,54.60
20,2312,TRENT,EQ,1998618,694113,34.73
20,2313,TRIDENT,EQ,8176676,3007817,36.79
20,2314,TRIDHYA,SM,27000,27000,100.00
20,2315,TRIGYN,EQ,174614,55264,31.65
20,2316,TRITURBINE,EQ,3743567,664588,17.75
20,2317,TRIVENI,EQ,404468,162368,40.14
20,2318,TRU,EQ,4303556,1919484,44.60
20,2319,TRUST,SM,182400,120000,65.79
20,2320,TTKHLTCARE,EQ,3502,2613,74.61
20,2321,TTKPRESTIG,EQ,66781,42377,63.46
20,2322,TTL,EQ,15294,11040,72.19
20,2323,TTML,EQ,2062940,846066,41.01
20,2324,TV18BRDCST,EQ,3126696,2531516,80.96
20,2325,TVSELECT,EQ,4237953,615805,14.53
20,2326,TVSHLTD,EQ,23088,19048,82.50
20,2327,TVSMOTOR,EQ,1595338,887025,55.60
20,2328,TVSSCS,EQ,831292,297201,35.75
20,2329,TVSSRICHAK,EQ,5155,3031,58.80
20,2330,TVTODAY,EQ,100104,55639,55.58
20,2331,UBL,EQ,304045,118756,39.06
20,2332,UCAL,EQ,71683,36814,51.36
20,2333,UCL,SM,2000,2000,100.00
20,2334,UCOBANK,EQ,9984238,3565122,35.71
20,2335,UDAICEMENT,EQ,534891,362304,67.73
20,2336,UDS,EQ,244600,134471,54.98
20,2337,UFLEX,EQ,28501,14589,51.19
20,2338,UFO,EQ,110844,52619,47.47
20,2339,UGARSUGAR,EQ,193232,101197,52.37
20,2340,UGROCAP,EQ,1767622,1008814,57.07
20,2341,UGROCAP,N4,365,365,100.00
20,2342,UGROCAP,N7,1070,1069,99.91
20,2343,UGROCAP,NB,36,36,100.00
20,2344,UJJIVAN,EQ,2982633,1988421,66.67
20,2345,UJJIVANSFB,EQ,16021297,7185615,44.85
20,2346,ULTRACEMCO,EQ,318855,111983,35.12
20,2347,UMA,SM,60000,56000,93.33
20,2348,UMANGDAIRY,EQ,45645,32872,72.02
20,2349,UMESLTD,EQ,26154,21460,82.05
20,2350,UNICHEMLAB,EQ,19790,11645,58.84
20,2351,UNIDT,EQ,20998,12856,61.22
20,2352,UNIENTER,EQ,38969,22533,57.82
20,2353,UNIHEALTH,SM,6000,6000,100.00
20,2354,UNIONBANK,EQ,8371301,3998611,47.77
20,2355,UNIPARTS,EQ,60627,38773,63.95
20,2356,UNITEDPOLY,EQ,6917,4896,70.78
20,2357,UNITEDTEA,EQ,4397,3333,75.80
20,2358,UNIVASTU,EQ,184137,85194,46.27
20,2359,UNIVCABLES,EQ,18858,8094,42.92
20,2360,UNIVPHOTO,EQ,411,191,46.47
20,2361,UNOMINDA,EQ,220737,124847,56.56
20,2362,UPL,EQ,2405482,1259663,52.37
20,2363,URAVI,EQ,339209,78407,23.11
20,2364,URBAN,SM,13600,11600,85.29
20,2365,USASEEDS,SM,2100,1800,85.71
20,2366,USHAMART,EQ,1356955,508424,37.47
20,2367,UTIAMC,EQ,130228,66700,51.22
20,2368,UTIBANKETF,EQ,607538,539306,88.77
20,2369,UTINEXT50,EQ,76534,65651,85.78
20,2370,UTINIFTETF,EQ,173668,164661,94.81
20,2371,UTISENSETF,EQ,1564,1350,86.32
20,2372,UTISXN50,EQ,1710,1271,74.33
20,2373,UTKARSHBNK,EQ,3349945,1750619,52.26
20,2374,UTTAMSUGAR,EQ,64026,28083,43.86
20,2375,VADILALIND,EQ,80790,18428,22.81
20,2376,VAIBHAVGBL,EQ,259851,113548,43.70
20,2377,VAISHALI,EQ,89215,66421,74.45
20,2378,VAKRANGEE,EQ,7880574,2519176,31.97
20,2379,VALIANTLAB,EQ,18899,9504,50.29
20,2380,VALIANTORG,EQ,34718,14664,42.24
20,2381,VARDHACRLC,EQ,72304,53628,74.17
20,2382,VARROC,EQ,276578,119242,43.11
20,2383,VASA,SM,12000,12000,100.00
20,2384,VASCONEQ,EQ,9810874,1787587,18.22
20,2385,VBL,EQ,2525901,1581515,62.61
20,2386,VEDL,EQ,12788526,5981362,46.77
20,2387,VEEKAYEM,SM,7000,6000,85.71
20,2388,VELS,SM,1200,1200,100.00
20,2389,VENKEYS,EQ,53028,17187,32.41
20,2390,VENUSPIPES,EQ,82648,40921,49.51
20,2391,VENUSREM,EQ,30236,20267,67.03
20,2392,VERANDA,EQ,313902,151416,48.24
20,2393,VERTEXPLUS,SM,600,600,100.00
20,2394,VESUVIUS,EQ,41384,22694,54.84
20,2395,VETO,EQ,94067,51475,54.72
20,2396,VGUARD,EQ,185499,105520,56.88
20,2397,VHL,EQ,3347,2005,59.90
20,2398,VIDHIING,EQ,39035,23907,61.25
20,2399,VIJAYA,EQ,267162,144307,54.01
20,2400,VIKASECO,EQ,4100247,2229411,54.37
20,2401,VIKASLIFE,EQ,18002485,9353835,51.96
20,2402,VILINBIO,SM,4000,4000,100.00
20,2403,VIMTALABS,EQ,29561,8738,29.56
20,2404,VINATIORGA,EQ,86368,63071,73.03
20,2405,VINDHYATEL,EQ,66843,34591,51.75
20,2406,VINNY,EQ,1130320,755500,66.84
20,2407,VINSYS,SM,22000,16500,75.00
20,2408,VINYAS,SM,5400,4000,74.07
20,2409,VINYLINDIA,EQ,26188,12038,45.97
20,2410,VIPCLOTHNG,EQ,109033,64835,59.46
20,2411,VIPIND,EQ,313373,175676,56.06
20,2412,VIRINCHI,EQ,675580,380943,56.39
20,2413,VISAKAIND,EQ,133816,106867,79.86
20,2414,VISHNU,EQ,145626,76647,52.63
20,2415,VISHNUINFR,SM,58500,45000,76.92
20,2416,VISHWARAJ,EQ,604532,266638,44.11
20,2417,VISHWAS,SM,54400,48000,88.24
20,2418,VITAL,SM,44400,33600,75.68
20,2419,VIVIANA,SM,16500,14000,84.85
20,2420,VIVO,SM,6400,4800,75.00
20,2421,VLSFINANCE,EQ,55527,29132,52.46
20,2422,VMARCIND,SM,167000,131000,78.44
20,2423,VMART,EQ,18658,10040,53.81
20,2424,VOLTAMP,EQ,41400,20875,50.42
20,2425,VOLTAS,EQ,1529682,618975,40.46
20,2426,VPRPL,EQ,456675,277628,60.79
20,2427,VR,SM,9600,9600,100.00
20,2428,VRLLOG,EQ,141904,91936,64.79
20,2429,VSSL,EQ,1021882,259083,25.35
20,2430,VSTIND,EQ,12726,7085,55.67
20,2431,VSTL,EQ,46089,25517,55.36
20,2432,VSTTILLERS,EQ,42207,20242,47.96
20,2433,VTL,EQ,221439,122687,55.40
20,2434,WABAG,EQ,352635,221219,62.73
20,2435,WALPAR,SM,1000,1000,100.00
20,2436,WANBURY,EQ,73195,58849,80.40
20,2437,WEALTH,EQ,3051,2214,72.57
20,2438,WEIZMANIND,EQ,11573,8987,77.65
20,2439,WELCORP,EQ,4561135,1442226,31.62
20,2440,WELENT,EQ,266437,153501,57.61
20,2441,WELINV,EQ,1459,1225,83.96
20,2442,WELSPUNLIV,EQ,2041758,836722,40.98
20,2443,WENDT,EQ,2193,883,40.26
20,2444,WESTLIFE,EQ,65307,28674,43.91
20,2445,WHEELS,EQ,99349,51527,51.86
20,2446,WHIRLPOOL,EQ,63409,23888,37.67
20,2447,WILLAMAGOR,EQ,784910,320817,40.87
20,2448,WINDLAS,EQ,106165,38603,36.36
20,2449,WINDMACHIN,EQ,212576,183481,86.31
20,2450,WIPL,EQ,3331,2307,69.26
20,2451,WIPRO,EQ,7468638,2870178,38.43
20,2452,WOMANCART,SM,19200,19200,100.00
20,2453,WONDERLA,EQ,62901,39437,62.70
20,2454,WORTH,EQ,4642,3641,78.44
20,2455,WSI,EQ,118951,65318,54.91
20,2456,WSTCSTPAPR,EQ,282028,141507,50.17
20,2457,WTICAB,SM,179000,101000,56.42
20,2458,XCHANGING,EQ,186270,119856,64.35
20,2459,XPROINDIA,EQ,44140,26361,59.72
20,2460,YASHO,EQ,11543,6799,58.90
20,2461,YASHOPTICS,SM,131200,94400,71.95
20,2462,YATHARTH,EQ,120211,72919,60.66
20,2463,YATRA,EQ,107527,60072,55.87
20,2464,YESBANK,EQ,211043504,65534456,31.05
20,2465,YUDIZ,SM,38400,28000,72.92
20,2466,YUKEN,EQ,189966,112557,59.25
20,2467,ZAGGLE,EQ,1372442,701047,51.08
20,2468,ZEAL,SM,72600,60600,83.47
20,2469,ZEEL,EQ,8301541,3921532,47.24
20,2470,ZEEMEDIA,EQ,3357640,1648017,49.08
20,2471,ZENITHDRUG,SM,38400,24000,62.50
20,2472,ZENITHEXPO,EQ,1322,661,50.00
20,2473,ZENITHSTL,EQ,1718454,824643,47.99
20,2474,ZENSARTECH,EQ,1297525,491482,37.88
20,2475,ZENTEC,EQ,565954,351874,62.17
20,2476,ZFCVINDIA,EQ,7415,5443,73.41
20,2477,ZIMLAB,EQ,336218,247687,73.67
20,2478,ZODIACLOTH,EQ,20084,13197,65.71
20,2479,ZOMATO,EQ,27391448,19635465,71.68
20,2480,ZOTA,EQ,16042,9714,60.55
20,2481,ZUARI,EQ,163565,72132,44.10
20,2482,ZUARIIND,EQ,98566,44987,45.64
20,2483,ZYDUSLIFE,EQ,2760717,841566,30.48
20,2484,ZYDUSWELL,EQ,20042,10401,51.90
