Security Wise Delivery Position - Compulsory Rolling Settlement
10,MTO,01082024,2127474019,0002517
Trade Date <01-AUG-2024>,Settlement Type <N>
Record Type,Sr No,Name of Security,Quantity Traded,Deliverable Quantity(gross across client level),% of Deliverable Quantity to Traded Quantity
20,1,0MOFSL27,N3,120,120,100.00
20,2,1003IIFL29,NC,1196,1152,96.32
20,3,1003ISFL28,N4,708,647,91.38
20,4,1015ECL29,NR,193,193,100.00
20,5,1018GS2026,GS,5,5,100.00
20,6,1025NFL25,N5,9,9,100.00
20,7,1025SCL34,Z8,38,38,100.00
20,8,1025SCL34A,ZT,1,1,100.00
20,9,1040UCL25,N4,3,3,100.00
20,10,1049DLSL25,NX,2,2,100.00
20,11,1050NFL26,N7,190,190,100.00
20,12,1060ECL29,NS,176,176,100.00
20,13,1065NFL27,NC,128,128,100.00
20,14,10CAGL27,N5,23,23,100.00
20,15,10IIFL28,N4,475,475,100.00
20,16,10IIFL28A,NE,350,350,100.00
20,17,10NIDO26,N6,39,20,51.28
20,18,10SCL30A,BV,260,260,100.00
20,19,1190VCCL26,N0,3,3,100.00
20,20,11DLSL25,NV,70,70,100.00
20,21,182D020125,TB,100,100,100.00
20,22,182D031024,TB,100,100,100.00
20,23,182D050924,TB,100,100,100.00
20,24,182D071124,TB,200,200,100.00
20,25,182D121224,TB,100,100,100.00
20,26,182D150824,TB,100,100,100.00
20,27,182D221124,TB,100,100,100.00
20,28,182D230125,TB,1900,1900,100.00
20,29,182D290824,TB,100,100,100.00
20,30,20MICRONS,EQ,296358,154117,52.00
20,31,360ONE,EQ,4006661,2159968,53.91
20,32,364D030725,TB,2000,2000,100.00
20,33,364D050625,TB,100,100,100.00
20,34,364D100725,TB,1600,1600,100.00
20,35,364D121224,TB,100,100,100.00
20,36,364D190625,TB,200,200,100.00
20,37,364D191224,TB,100,100,100.00
20,38,364D240425,TB,300,300,100.00
20,39,364D240725,TB,3000,3000,100.00
20,40,364D290525,TB,300,300,100.00
20,41,3IINFOLTD,EQ,1034540,606449,58.62
20,42,3MINDIA,EQ,18527,15547,83.92
20,43,3PLAND,EQ,61790,8541,13.82
20,44,515GS2025,GS,1,1,100.00
20,45,522GS2025,GS,667,667,100.00
20,46,563GS2026,GS,30,15,50.00
20,47,574GS2026,GS,200,100,50.00
20,48,5PAISA,EQ,40862,20701,50.66
20,49,610GS2031,GS,4,2,50.00
20,50,63MOONS,EQ,1049278,376223,35.86
20,51,654GS2032,GS,623,619,99.36
20,52,667GS2035,GS,7367,7366,99.99
20,53,667GS2050,GS,4821,4821,100.00
20,54,676GS2061,GS,4,4,100.00
20,55,695GS2061,GS,4000,4000,100.00
20,56,699GS2026,GS,15501,10001,64.52
20,57,699GS2051,GS,2919,2919,100.00
20,58,702GS2031,GS,28100,27200,96.80
20,59,704GS2029,GS,7300,5800,79.45
20,60,706GS2028,GS,120,120,100.00
20,61,710GS2029,GS,18002,17002,94.45
20,62,711NTPC25A,N8,1,1,100.00
20,63,717GS2030,GS,4900,4900,100.00
20,64,718GS2033,GS,35300,25300,71.67
20,65,718GS2037,GS,151796,112142,73.88
20,66,71GS2034,GS,100,100,100.00
20,67,723GS2039,GS,100,100,100.00
20,68,725GS2063,GS,92558,92357,99.78
20,69,726GS2032,GS,20074,20074,100.00
20,70,726GS2033,GS,360,360,100.00
20,71,727GS2026,GS,1,1,100.00
20,72,732GS2030,GS,4400,4300,97.73
20,73,733GS2026,GS,600,600,100.00
20,74,734GS2064,GS,2700,2700,100.00
20,75,736NTPC25D,NB,2,1,50.00
20,76,737GS2028,GS,1145,1145,100.00
20,77,738GS2027,GS,601478,595558,99.02
20,78,739NHAI26,N8,127,127,100.00
20,79,73GS2053,GS,45975,43250,94.07
20,80,740IIFCL33,N1,1320,1220,92.42
20,81,741GS2036,GS,17000,15000,88.24
20,82,743REC35,NH,360,360,100.00
20,83,746GS2073,GS,45300,45300,100.00
20,84,746MH33,SG,100,100,100.00
20,85,74GS2062,GS,993,993,100.00
20,86,750IRFC35,NK,158,158,100.00
20,87,753IRFC30,NJ,210,210,100.00
20,88,753NTPC30E,NC,78,78,100.00
20,89,754GS2036,GS,351797,334355,95.04
20,90,755GJ31,SG,5000,5000,100.00
20,91,758GJ32,SG,100,100,100.00
20,92,762NTPC35F,ND,88,83,94.32
20,93,764HUDCO31,N8,108,108,100.00
20,94,764IRFC31,NO,3728,3716,99.68
20,95,764NABAR31,N2,893,893,100.00
20,96,765GJ29A,SG,100,100,100.00
20,97,765UP34,SG,100,100,100.00
20,98,769NHAI31,NE,3292,3292,100.00
20,99,76NHAI31,NA,4811,2827,58.76
20,100,771RJ33,SG,100,100,100.00
20,101,774IREDA31,N7,859,567,66.01
20,102,78ABFL33,N4,1,1,100.00
20,103,797IGT31,NL,78,77,98.72
20,104,79NHIT40,N2,1848,1375,74.40
20,105,79NHIT47,N3,282,282,100.00
20,106,801TCH25,N4,227,227,100.00
20,107,812REC27,NI,900,900,100.00
20,108,824GS2027,GS,100,100,100.00
20,109,829LTF24,NL,201,192,95.52
20,110,82HUDCO27,N2,1015,1015,100.00
20,111,82IGT31,NJ,7733,6958,89.98
20,112,830NHAI27,N2,470,470,100.00
20,113,833SCFL24,YX,12,12,100.00
20,114,835SCL23,NN,2,2,100.00
20,115,837REC33,N7,6,6,100.00
20,116,842IIFL26,NL,3907,3907,100.00
20,117,843IHFL29,NC,86,86,100.00
20,118,849NTPC25,N7,1294762,1096339,84.67
20,119,84TCHF28,NA,488,400,81.97
20,120,85IIFL25,NO,5,5,100.00
20,121,85TCAPS24,N6,1073,875,81.55
20,122,865IFL28,NZ,121,121,100.00
20,123,865IIFL28,NS,2132,2132,100.00
20,124,865IRFC29,NA,1052,1052,100.00
20,125,865LTF26,NN,6,6,100.00
20,126,865TCAPS27,N8,352,246,69.89
20,127,86LTF24,NJ,76,66,86.84
20,128,871REC28,N9,809,809,100.00
20,129,872MMFSL26,N1,129,129,100.00
20,130,873NTPC28,N5,100,100,100.00
20,131,875IIFL26A,NQ,240,120,50.00
20,132,875NHAI29,N6,840,556,66.19
20,133,875PCHFL26,N8,80,80,100.00
20,134,875SFL27,ZF,30,30,100.00
20,135,876HUDCO28,ND,1025,925,90.24
20,136,880IREDA29,N5,4,3,75.00
20,137,885SCL26,N9,300,300,100.00
20,138,888IRFC29,NE,1309,1285,98.17
20,139,890ICCL23A,NZ,129,119,92.25
20,140,891IIFCL34,N4,1900,1900,100.00
20,141,891NTPC33,N6,70,70,100.00
20,142,892NHPC33,N6,150,150,100.00
20,143,892PFCL33,N8,250,220,88.00
20,144,897MOFSL29,N4,25,25,100.00
20,145,8ABFL26,N0,100,100,100.00
20,146,901HUDCO34,NE,23,22,95.65
20,147,901NHB34,N6,4,4,100.00
20,148,903SFL28,YI,125,85,68.00
20,149,905SC24,ZB,1,1,100.00
20,150,910TCAP28,NA,449,449,100.00
20,151,915SCL26,NE,83,73,87.95
20,152,91D031024,TB,1000,1000,100.00
20,153,91D080824,TB,1200,1200,100.00
20,154,91D101024,TB,2600,2500,96.15
20,155,91D120924,TB,10200,10200,100.00
20,156,91D150824,TB,900,600,66.67
20,157,91D181024,TB,100,100,100.00
20,158,91MOFSL27,N2,50,50,100.00
20,159,920IIFLS26,N8,150,150,100.00
20,160,925IHFL25D,N6,16,16,100.00
20,161,92GS2030,GS,1100,1100,100.00
20,162,930SFL28,YP,275,275,100.00
20,163,931SFL26,Z5,25,25,100.00
20,164,93MOFSL34,N6,2,2,100.00
20,165,943ECL28,NJ,871,862,98.97
20,166,945CAGL24,N1,63,63,100.00
20,167,945IFSL25,N4,100,100,100.00
20,168,948SCL26I,AX,5,5,100.00
20,169,94IFCI25,NL,300,300,100.00
20,170,94SFL28,YL,1815,1805,99.45
20,171,955ICCL25A,NH,10,10,100.00
20,172,955SCL25,ZU,20,20,100.00
20,173,957ICCL25,YW,148,130,87.84
20,174,957ICCL28,NW,25,25,100.00
20,175,957IIFLS27,NA,21,21,100.00
20,176,957NIDO26,N5,85,85,100.00
20,177,960ISFL25,N1,10,10,100.00
20,178,965SCFL25,AB,26,26,100.00
20,179,965SCL25,AG,100,100,100.00
20,180,965SCL26A,ZB,65,65,100.00
20,181,96IIFL28,N5,2657,2416,90.93
20,182,96IIFL28A,NF,44,44,100.00
20,183,96SFL24,Z8,69,69,100.00
20,184,96SFL24A,NB,11,11,100.00
20,185,970CAGL28,ND,779,779,100.00
20,186,975NFL25,N0,627,627,100.00
20,187,97MOFSL34,N7,50,50,100.00
20,188,97SFL28,YS,610,610,100.00
20,189,985ECL28,NK,25,25,100.00
20,190,985IIFL22,NC,105,105,100.00
20,191,98ICCL26,NU,200,200,100.00
20,192,99IFCI24,NH,625,625,100.00
20,193,9IIFL28,Y0,901,755,83.80
20,194,9IIFL28A,NT,272,247,90.81
20,195,9MMFSML,N2,438,320,73.06
20,196,9PCHFL31A,NA,350,350,100.00
20,197,AAATECH,EQ,114917,63534,55.29
20,198,AADHARHFC,EQ,344318,178793,51.93
20,199,AAREYDRUGS,EQ,83253,26083,31.33
20,200,AARON,EQ,23071,16917,73.33
20,201,AARTIDRUGS,EQ,62452,33021,52.87
20,202,AARTIIND,EQ,1171604,377732,32.24
20,203,AARTIPHARM,EQ,460663,228056,49.51
20,204,AARTISURF,EQ,12110,8519,70.35
20,205,AARVEEDEN,EQ,140072,72584,51.82
20,206,AARVI,EQ,19189,7776,40.52
20,207,AATMAJ,SM,38000,34000,89.47
20,208,AAVAS,EQ,231872,144233,62.20
20,209,ABB,EQ,143518,61400,42.78
20,210,ABBOTINDIA,EQ,4779,1219,25.51
20,211,ABCAPITAL,EQ,9771749,2679437,27.42
20,212,ABDL,EQ,791457,571725,72.24
20,213,ABFL26,N1,10,10,100.00
20,214,ABFRL,EQ,6285259,3614574,57.51
20,215,ABGSEC,EQ,256,205,80.08
20,216,ABINFRA,SM,8000,6000,75.00
20,217,ABSLAMC,EQ,316791,204375,64.51
20,218,ABSLBANETF,EQ,12531,7265,57.98
20,219,ABSLLIQUID,EQ,2803,2694,96.11
20,220,ABSLNN50ET,EQ,24648,20200,81.95
20,221,ABSLPSE,EQ,530501,288956,54.47
20,222,ABSMARINE,SM,152000,93000,61.18
20,223,ACC,EQ,1165948,626606,53.74
20,224,ACCELYA,EQ,12327,7222,58.59
20,225,ACCENTMIC,SM,19000,15500,81.58
20,226,ACCORD,SM,2000,2000,100.00
20,227,ACE,EQ,464161,224911,48.46
20,228,ACEINTEG,EQ,252683,102125,40.42
20,229,ACI,EQ,1517628,683969,45.07
20,230,ACL,EQ,77690,56347,72.53
20,231,ACLGATI,EQ,1011942,503003,49.71
20,232,ACSAL,SM,21000,12000,57.14
20,233,ADANIENSOL,EQ,30107717,7116014,23.64
20,234,ADANIENT,EQ,6149883,2371836,38.57
20,235,ADANIGREEN,EQ,11727943,6537387,55.74
20,236,ADANIPORTS,EQ,7160588,1858569,25.96
20,237,ADANIPOWER,EQ,13649371,3563448,26.11
20,238,ADFFOODS,EQ,166986,90565,54.24
20,239,ADL,EQ,11178,2769,24.77
20,240,ADORWELD,EQ,37371,25799,69.03
20,241,ADROITINFO,EQ,101969,91968,90.19
20,242,ADROITPP1,E1,838,838,100.00
20,243,ADSL,EQ,534508,296674,55.50
20,244,ADVANIHOTR,EQ,3903899,1165487,29.85
20,245,ADVENZYMES,EQ,414672,203534,49.08
20,246,AEGISLOG,EQ,529023,297911,56.31
20,247,AEROFLEX,EQ,299524,159475,53.24
20,248,AETHER,EQ,37716,20090,53.27
20,249,AFFLE,EQ,467138,235576,50.43
20,250,AFIL,EQ,177273,94973,53.57
20,251,AGARIND,EQ,115886,42954,37.07
20,252,AGARWALFT,ST,75000,63000,84.00
20,253,AGI,EQ,373153,197903,53.04
20,254,AGIIL,EQ,694,447,64.41
20,255,AGNI,SM,200000,152500,76.25
20,256,AGRITECH,EQ,58520,33104,56.57
20,257,AGROPHOS,EQ,107059,63767,59.56
20,258,AGSTRA,EQ,638021,368120,57.70
20,259,AGUL,SM,8000,8000,100.00
20,260,AHIMSA,ST,6000,6000,100.00
20,261,AHL,EQ,1178845,137686,11.68
20,262,AHLEAST,EQ,71562,36649,51.21
20,263,AHLUCONT,EQ,38188,16919,44.30
20,264,AIAENG,EQ,36759,19475,52.98
20,265,AIIL,EQ,25382,7972,31.41
20,266,AILIMITED,ST,27000,27000,100.00
20,267,AIMTRON,ST,100000,78400,78.40
20,268,AIRAN,EQ,318646,142120,44.60
20,269,AIROLAM,EQ,26058,13482,51.74
20,270,AIRTELPP,E1,494365,427957,86.57
20,271,AJANTPHARM,EQ,388039,115074,29.66
20,272,AJMERA,EQ,73520,38439,52.28
20,273,AJOONI,EQ,4285699,2734155,63.80
20,274,AKANKSHA,ST,68000,62000,91.18
20,275,AKASH,EQ,71583,39387,55.02
20,276,AKG,EQ,44137,31310,70.94
20,277,AKI,EQ,37586,24746,65.84
20,278,AKIKO,SM,30400,17600,57.89
20,279,AKSHAR,EQ,1293719,926784,71.64
20,280,AKSHARCHEM,EQ,10345,5984,57.84
20,281,AKSHOPTFBR,EQ,366548,264651,72.20
20,282,AKZOINDIA,EQ,118943,28602,24.05
20,283,ALANKIT,EQ,3762873,1566660,41.63
20,284,ALBERTDAVD,EQ,6475,3115,48.11
20,285,ALEMBICLTD,EQ,1492268,662373,44.39
20,286,ALICON,EQ,25946,11800,45.48
20,287,ALKALI,EQ,44961,32381,72.02
20,288,ALKEM,EQ,147760,63610,43.05
20,289,ALKYLAMINE,EQ,153414,52649,34.32
20,290,ALLCARGO,EQ,1693946,906453,53.51
20,291,ALLETEC,SM,108400,67600,62.36
20,292,ALLSEC,EQ,29182,20854,71.46
20,293,ALMONDZ,EQ,2706690,1740335,64.30
20,294,ALOKINDS,EQ,7102379,3095514,43.58
20,295,ALPA,EQ,198136,91198,46.03
20,296,ALPEXSOLAR,ST,172000,154400,89.77
20,297,ALPHA,EQ,1561715,1295456,82.95
20,298,ALPHAETF,EQ,1697549,1345976,79.29
20,299,ALPL30IETF,EQ,1950436,1841504,94.41
20,300,ALUWIND,ST,45000,42000,93.33
20,301,AMBANIORGO,SM,7000,6000,85.71
20,302,AMBER,EQ,42976,24661,57.38
20,303,AMBEY,SM,134000,92000,68.66
20,304,AMBICAAGAR,EQ,28449,6693,23.53
20,305,AMBIKCO,EQ,28421,15201,53.49
20,306,AMBUJACEM,EQ,7613696,4616404,60.63
20,307,AMDIND,EQ,77165,41949,54.36
20,308,AMEYA,SM,36000,22000,61.11
20,309,AMIORG,EQ,195159,108599,55.65
20,310,AMNPLST,EQ,25525,15756,61.73
20,311,AMRUTANJAN,EQ,34351,18802,54.73
20,312,ANANDRATHI,EQ,25068,16978,67.73
20,313,ANANTRAJ,EQ,1119041,518711,46.35
20,314,ANDHRAPAP,EQ,120983,82407,68.11
20,315,ANDHRSUGAR,EQ,435528,171803,39.45
20,316,ANGELONE,EQ,1085622,333421,30.71
20,317,ANLON,ST,34000,32800,96.47
20,318,ANNAPURNA,SM,94500,69500,73.54
20,319,ANTGRAPHIC,EQ,3417765,2549088,74.58
20,320,ANUP,EQ,36566,17108,46.79
20,321,ANURAS,EQ,1176382,476668,40.52
20,322,APARINDS,EQ,176948,51528,29.12
20,323,APCL,EQ,17471,8205,46.96
20,324,APCOTEXIND,EQ,25948,13442,51.80
20,325,APEX,EQ,1017878,466529,45.83
20,326,APLAPOLLO,EQ,521618,346915,66.51
20,327,APLLTD,EQ,250733,135311,53.97
20,328,APOLLO,EQ,1626545,975118,59.95
20,329,APOLLOHOSP,EQ,361725,237113,65.55
20,330,APOLLOPIPE,EQ,220581,75340,34.16
20,331,APOLLOTYRE,EQ,1683013,575024,34.17
20,332,APOLSINHOT,EQ,2943,1941,65.95
20,333,APRAMEYA,ST,1564000,1564000,100.00
20,334,APS,ST,105000,84000,80.00
20,335,APTECHT,EQ,554738,263882,47.57
20,336,APTUS,EQ,891920,369811,41.46
20,337,ARABIAN,SM,4000,4000,100.00
20,338,ARCHIES,EQ,67080,42708,63.67
20,339,ARE&M,EQ,791602,399382,50.45
20,340,ARENTERP,EQ,80297,20658,25.73
20,341,ARHAM,SM,12000,10000,83.33
20,342,ARIES,EQ,188732,75827,40.18
20,343,ARIHANTACA,SM,6400,5600,87.50
20,344,ARIHANTCAP,EQ,2037568,471925,23.16
20,345,ARIHANTSUP,EQ,42191,26712,63.31
20,346,ARISTO,SM,6400,6400,100.00
20,347,ARMANFIN,EQ,151436,78742,52.00
20,348,AROGRANITE,EQ,27888,18830,67.52
20,349,ARROWGREEN,EQ,139594,51138,36.63
20,350,ARTEMISMED,EQ,245579,148628,60.52
20,351,ARTNIRMAN,EQ,15907,13949,87.69
20,352,ARVIND,EQ,537635,297094,55.26
20,353,ARVINDFASN,EQ,1888858,941967,49.87
20,354,ARVSMART,EQ,98040,34289,34.97
20,355,ASAHIINDIA,EQ,123695,40657,32.87
20,356,ASAHISONG,EQ,61394,24657,40.16
20,357,ASAL,EQ,226789,58928,25.98
20,358,ASALCBR,EQ,84320,54654,64.82
20,359,ASCOM,ST,500,500,100.00
20,360,ASHAPURMIN,EQ,264333,171175,64.76
20,361,ASHIANA,EQ,37861,21497,56.78
20,362,ASHIMASYN,EQ,773528,491146,63.49
20,363,ASHOKA,EQ,775122,333591,43.04
20,364,ASHOKAMET,EQ,96676,75291,77.88
20,365,ASHOKLEY,EQ,17612711,7079927,40.20
20,366,ASIANENE,EQ,95987,45867,47.78
20,367,ASIANHOTNR,EQ,16314,9051,55.48
20,368,ASIANPAINT,EQ,1675122,757986,45.25
20,369,ASIANTILES,EQ,6727067,2479904,36.86
20,370,ASKAUTOLTD,EQ,489554,202488,41.36
20,371,ASMS,EQ,3316567,1179979,35.58
20,372,ASPINWALL,EQ,15083,7574,50.22
20,373,ASPIRE,SM,68000,50000,73.53
20,374,ASTEC,EQ,32739,16116,49.23
20,375,ASTERDM,EQ,9610261,3587967,37.33
20,376,ASTRAL,EQ,330769,181656,54.92
20,377,ASTRAMICRO,EQ,233545,104467,44.73
20,378,ASTRAZEN,EQ,7379,2482,33.64
20,379,ATAM,EQ,491182,291409,59.33
20,380,ATFL,EQ,92731,56401,60.82
20,381,ATGL,EQ,6487457,1427408,22.00
20,382,ATL,EQ,653616,359126,54.94
20,383,ATMASTCO,ST,52000,48800,93.85
20,384,ATUL,EQ,87604,40715,46.48
20,385,AUBANK,EQ,1637829,617468,37.70
20,386,AURDIS,SM,4500,3500,77.78
20,387,AURIONPRO,EQ,34145,20032,58.67
20,388,AUROIMPEX,SM,41600,28800,69.23
20,389,AUROPHARMA,EQ,542547,302783,55.81
20,390,AURUM,EQ,360094,241549,67.08
20,391,AURUMPP1,E1,20887,18274,87.49
20,392,AUTOAXLES,EQ,12477,7710,61.79
20,393,AUTOBEES,EQ,319824,173560,54.27
20,394,AUTOIETF,EQ,976731,627932,64.29
20,395,AUTOIND,EQ,1705057,599864,35.18
20,396,AVADHSUGAR,EQ,63899,32040,50.14
20,397,AVALON,EQ,101445,80607,79.46
20,398,AVANTEL,EQ,563044,351924,62.50
20,399,AVANTIFEED,EQ,2746781,631192,22.98
20,400,AVG,EQ,30734,16680,54.27
20,401,AVPINFRA,SM,196800,137600,69.92
20,402,AVROIND,EQ,72597,49394,68.04
20,403,AVSL,ST,2000,2000,100.00
20,404,AVTNPL,EQ,164749,79734,48.40
20,405,AWFIS,EQ,102852,46526,45.24
20,406,AWHCL,EQ,224577,94503,42.08
20,407,AWL,EQ,7025096,1936415,27.56
20,408,AXISBANK,EQ,11190500,8079418,72.20
20,409,AXISBNKETF,EQ,2791,1046,37.48
20,410,AXISBPSETF,EQ,42866,33778,78.80
20,411,AXISCADES,EQ,107263,43719,40.76
20,412,AXISCETF,EQ,18222,11601,63.66
20,413,AXISGOLD,EQ,163278,109220,66.89
20,414,AXISHCETF,EQ,11809,8472,71.74
20,415,AXISILVER,EQ,45878,41468,90.39
20,416,AXISNIFTY,EQ,12870,12037,93.53
20,417,AXISTECETF,EQ,8855,6100,68.89
20,418,AXITA,EQ,8480652,2956335,34.86
20,419,AXSENSEX,EQ,727,699,96.15
20,420,AYMSYNTEX,EQ,669817,315588,47.12
20,421,AZAD,EQ,72925,40988,56.21
20,422,BABAFP,SM,16000,12800,80.00
20,423,BAIDFIN,EQ,1880655,729563,38.79
20,424,BAJAJ-AUTO,EQ,308658,143954,46.64
20,425,BAJAJCON,EQ,398883,141590,35.50
20,426,BAJAJELEC,EQ,54182,24918,45.99
20,427,BAJAJFINSV,EQ,747329,387503,51.85
20,428,BAJAJHCARE,EQ,360728,133292,36.95
20,429,BAJAJHIND,EQ,25418133,9646281,37.95
20,430,BAJAJHLDNG,EQ,51150,27861,54.47
20,431,BAJEL,EQ,351641,187623,53.36
20,432,BAJFINANCE,EQ,839523,520690,62.02
20,433,BALAJITELE,EQ,253955,150631,59.31
20,434,BALAMINES,EQ,121989,55114,45.18
20,435,BALAXI,EQ,39000,26808,68.74
20,436,BALKRISHNA,EQ,101311,64056,63.23
20,437,BALKRISIND,EQ,266017,119755,45.02
20,438,BALMLAWRIE,EQ,465210,200972,43.20
20,439,BALPHARMA,EQ,42826,23877,55.75
20,440,BALRAMCHIN,EQ,2385649,964015,40.41
20,441,BALUFORGE,EQ,1603956,431979,26.93
20,442,BANARBEADS,EQ,15677,7053,44.99
20,443,BANARISUG,EQ,2443,848,34.71
20,444,BANCOINDIA,EQ,143706,67262,46.81
20,445,BANDHANBNK,EQ,13341398,6044110,45.30
20,446,BANG,EQ,69655,41347,59.36
20,447,BANKBARODA,EQ,33759802,14286623,42.32
20,448,BANKBEES,EQ,406207,209708,51.63
20,449,BANKBETF,EQ,9771,9151,93.65
20,450,BANKETF,EQ,22311,19968,89.50
20,451,BANKETFADD,EQ,16718,14464,86.52
20,452,BANKIETF,EQ,110921,74882,67.51
20,453,BANKINDIA,EQ,7225687,4729335,65.45
20,454,BANKNIFTY1,EQ,49421,31138,63.01
20,455,BANSALWIRE,EQ,2264338,814188,35.96
20,456,BANSWRAS,EQ,96426,60747,63.00
20,457,BARBEQUE,EQ,124651,60273,48.35
20,458,BASF,EQ,63751,25741,40.38
20,459,BASILIC,ST,33000,31500,95.45
20,460,BASML,EQ,1034514,534976,51.71
20,461,BATAINDIA,EQ,662370,395353,59.69
20,462,BAWEJA,SM,73600,53600,72.83
20,463,BAYERCROP,EQ,9916,4687,47.27
20,464,BBETF0432,EQ,1718,1595,92.84
20,465,BBL,EQ,18926,10520,55.58
20,466,BBNPNBETF,EQ,1594,1431,89.77
20,467,BBNPPGOLD,EQ,91,67,73.63
20,468,BBTC,EQ,38428,23588,61.38
20,469,BBTCL,EQ,5256,4115,78.29
20,470,BCLIND,EQ,1723613,866974,50.30
20,471,BCONCEPTS,EQ,19921,11159,56.02
20,472,BDL,EQ,827899,364615,44.04
20,473,BEACON,SM,58000,42000,72.41
20,474,BEARDSELL,EQ,58442,30020,51.37
20,475,BECTORFOOD,EQ,110800,62362,56.28
20,476,BEDMUTHA,EQ,17998,12244,68.03
20,477,BEL,EQ,28141436,13795425,49.02
20,478,BEML,EQ,225802,64434,28.54
20,479,BEPL,EQ,1576542,816292,51.78
20,480,BERGEPAINT,EQ,752570,404406,53.74
20,481,BESTAGRO,EQ,55261,31902,57.73
20,482,BETA,SM,1300,900,69.23
20,483,BEWLTD,SM,750,625,83.33
20,484,BFINVEST,EQ,45166,22469,49.75
20,485,BFSI,EQ,200534,144041,71.83
20,486,BFUTILITIE,EQ,118246,47587,40.24
20,487,BHAGCHEM,EQ,227477,130987,57.58
20,488,BHAGERIA,EQ,55264,28542,51.65
20,489,BHAGYANGR,EQ,214466,103854,48.42
20,490,BHANDARI,EQ,501795,340854,67.93
20,491,BHARATFORG,EQ,1134832,388841,34.26
20,492,BHARATGEAR,EQ,68043,40826,60.00
20,493,BHARATRAS,EQ,17171,8211,47.82
20,494,BHARATWIRE,EQ,443509,222782,50.23
20,495,BHARTIARTL,EQ,4531379,2943425,64.96
20,496,BHARTIHEXA,EQ,285087,154199,54.09
20,497,BHEL,EQ,23814781,5692058,23.90
20,498,BHINVIT,IV,478301,459532,96.08
20,499,BIGBLOC,EQ,103505,51553,49.81
20,500,BIKAJI,EQ,116540,62222,53.39
20,501,BINANIIND,EQ,34970,26215,74.96
20,502,BIOCON,EQ,4177876,1324699,31.71
20,503,BIOFILCHEM,EQ,47457,14469,30.49
20,504,BIRDYS,ST,97200,97200,100.00
20,505,BIRET,RR,170081,157136,92.39
20,506,BIRLACABLE,EQ,967097,257186,26.59
20,507,BIRLACORPN,EQ,160859,121787,75.71
20,508,BIRLAMONEY,EQ,587396,190562,32.44
20,509,BLAL,EQ,471568,235536,49.95
20,510,BLISSGVS,EQ,1492904,453160,30.35
20,511,BLKASHYAP,EQ,940692,387036,41.14
20,512,BLS,EQ,2946869,621359,21.09
20,513,BLSE,EQ,432685,261048,60.33
20,514,BLUEDART,EQ,15119,7110,47.03
20,515,BLUEJET,EQ,848731,315433,37.17
20,516,BLUEPEBBLE,SM,8000,7200,90.00
20,517,BLUESTARCO,EQ,299348,173368,57.92
20,518,BMETRICS,SM,8800,8000,90.91
20,519,BODALCHEM,EQ,762789,369051,48.38
20,520,BOMDYEING,EQ,5946977,1431773,24.08
20,521,BOROLTD,EQ,543192,212734,39.16
20,522,BORORENEW,EQ,836880,320242,38.27
20,523,BOROSCI,EQ,664461,263813,39.70
20,524,BOSCHLTD,EQ,23238,8129,34.98
20,525,BPCL,EQ,16959971,8770702,51.71
20,526,BRIGADE,EQ,193491,112302,58.04
20,527,BRIGHT,SZ,240000,225000,93.75
20,528,BRITANNIA,EQ,304411,159246,52.31
20,529,BROOKS,EQ,1015370,236434,23.29
20,530,BSE,EQ,1808504,841625,46.54
20,531,BSE500IETF,EQ,74640,49817,66.74
20,532,BSHSL,EQ,45311,24873,54.89
20,533,BSL,EQ,233389,87982,37.70
20,534,BSLGOLDETF,EQ,67473,51380,76.15
20,535,BSLNIFTY,EQ,2391960,1984475,82.96
20,536,BSLSENETFG,EQ,2772,1570,56.64
20,537,BSOFT,EQ,8274918,3044357,36.79
20,538,BUTTERFLY,EQ,11213,6909,61.62
20,539,BVCL,EQ,48493,27937,57.61
20,540,CADSYS,SM,20500,15000,73.17
20,541,CAGL25,N8,25,25,100.00
20,542,CALSOFT,EQ,10494,7769,74.03
20,543,CAMLINFINE,EQ,808080,348662,43.15
20,544,CAMPUS,EQ,1248012,667456,53.48
20,545,CAMS,EQ,417581,176795,42.34
20,546,CANARYS,ST,100000,80000,80.00
20,547,CANBK,EQ,25958910,12606246,48.56
20,548,CANFINHOME,EQ,324361,134088,41.34
20,549,CANTABIL,EQ,136529,58025,42.50
20,550,CAPACITE,EQ,404896,174000,42.97
20,551,CAPITALSFB,EQ,57053,39943,70.01
20,552,CAPLIPOINT,EQ,96973,41636,42.94
20,553,CAPTRUST,EQ,67553,27206,40.27
20,554,CARBORUNIV,EQ,59056,33611,56.91
20,555,CAREERP,EQ,59958,27141,45.27
20,556,CARERATING,EQ,69079,54345,78.67
20,557,CARTRADE,EQ,125583,81711,65.07
20,558,CARYSIL,EQ,103869,50437,48.56
20,559,CASTROLIND,EQ,4433011,1863647,42.04
20,560,CBAZAAR,SM,56000,48000,85.71
20,561,CCL,EQ,623665,186732,29.94
20,562,CDSL,EQ,1512643,795846,52.61
20,563,CEATLTD,EQ,155865,92123,59.10
20,564,CELEBRITY,EQ,10160982,2742188,26.99
20,565,CELLECOR,SM,209400,105600,50.43
20,566,CELLO,EQ,104222,66342,63.65
20,567,CELLPOINT,SM,26400,16800,63.64
20,568,CENTENKA,EQ,28421,18396,64.73
20,569,CENTEXT,EQ,438195,262089,59.81
20,570,CENTRALBK,EQ,6064294,2030209,33.48
20,571,CENTRUM,EQ,1051231,494963,47.08
20,572,CENTUM,EQ,17184,7579,44.10
20,573,CENTURYPLY,EQ,272149,224806,82.60
20,574,CENTURYTEX,EQ,140097,51993,37.11
20,575,CERA,EQ,5350,2268,42.39
20,576,CEREBRAINT,EQ,4975067,3132220,62.96
20,577,CESC,EQ,27161163,6841266,25.19
20,578,CGCL,EQ,2366738,781722,33.03
20,579,CGPOWER,EQ,1258090,780542,62.04
20,580,CGRAPHICS,SM,30400,22400,73.68
20,581,CHALET,EQ,41233,18158,44.04
20,582,CHAMBLFERT,EQ,4336360,1713324,39.51
20,583,CHAVDA,SM,57000,40000,70.18
20,584,CHEMBOND,EQ,13761,6796,49.39
20,585,CHEMCON,EQ,56891,30283,53.23
20,586,CHEMFAB,EQ,32065,25258,78.77
20,587,CHEMPLASTS,EQ,513580,424948,82.74
20,588,CHENNPETRO,EQ,1186587,406597,34.27
20,589,CHETANA,ST,1088000,870400,80.00
20,590,CHEVIOT,EQ,7925,5959,75.19
20,591,CHOICEIN,EQ,655243,216051,32.97
20,592,CHOLAFIN,EQ,1234681,651618,52.78
20,593,CHOLAHLDNG,EQ,419357,282871,67.45
20,594,CIEINDIA,EQ,117982,56913,48.24
20,595,CIFCZC25,ND,6,5,83.33
20,596,CIFCZC26,NF,1,1,100.00
20,597,CIGNITITEC,EQ,163345,134617,82.41
20,598,CINELINE,EQ,21811,14789,67.81
20,599,CINEVISTA,EQ,18166,13867,76.33
20,600,CIPLA,EQ,1529481,993591,64.96
20,601,CLEAN,EQ,1115617,339591,30.44
20,602,CLEDUCATE,EQ,208228,83770,40.23
20,603,CLOUD,ST,281000,266000,94.66
20,604,CLSEL,EQ,243907,110463,45.29
20,605,CLSL,SM,14000,10000,71.43
20,606,CMMIPL,ST,45000,42000,93.33
20,607,CMNL,SM,70500,58500,82.98
20,608,CMRSL,SM,11200,10400,92.86
20,609,CMSINFO,EQ,622235,408480,65.65
20,610,COALINDIA,EQ,34763894,9101722,26.18
20,611,COASTCORP,EQ,96057,50724,52.81
20,612,COCHINSHIP,EQ,1003125,400563,39.93
20,613,COFFEEDAY,EQ,2726179,935449,34.31
20,614,COFORGE,EQ,212890,120651,56.67
20,615,COLPAL,EQ,653964,415920,63.60
20,616,COMMITTED,SM,4800,3200,66.67
20,617,COMMOIETF,EQ,124734,90607,72.64
20,618,COMPUSOFT,EQ,107417,69535,64.73
20,619,COMSYN,EQ,67462,38593,57.21
20,620,CONCOR,EQ,1198855,606379,50.58
20,621,CONCORDBIO,EQ,62113,39468,63.54
20,622,CONFIPET,EQ,1635204,652111,39.88
20,623,CONS,EQ,8798,4853,55.16
20,624,CONSOFINVT,EQ,46842,33356,71.21
20,625,CONSUMBEES,EQ,63240,46664,73.79
20,626,CONSUMIETF,EQ,11647,6154,52.84
20,627,CONTI,ST,46662,46662,100.00
20,628,CONTROLPR,EQ,22327,14549,65.16
20,629,COOLCAPS,SM,1500,1000,66.67
20,630,CORALFINAC,EQ,30933,16298,52.69
20,631,COROMANDEL,EQ,175760,80091,45.57
20,632,COSMOFIRST,EQ,224965,115545,51.36
20,633,COUNCODOS,EQ,1123883,695901,61.92
20,634,CPS,SM,600,600,100.00
20,635,CPSEETF,EQ,5528215,2867655,51.87
20,636,CRAFTSMAN,EQ,36143,24101,66.68
20,637,CRAYONS,SM,27000,23000,85.19
20,638,CREATIVE,EQ,16518,12748,77.18
20,639,CREDITACC,EQ,264629,112041,42.34
20,640,CREST,EQ,73842,34626,46.89
20,641,CRISIL,EQ,24202,10913,45.09
20,642,CROMPTON,EQ,8497145,2801906,32.97
20,643,CSBBANK,EQ,593589,343898,57.94
20,644,CSLFINANCE,EQ,154333,78765,51.04
20,645,CUB,EQ,5071569,1882315,37.12
20,646,CUMMINSIND,EQ,337985,185892,55.00
20,647,CYBERMEDIA,EQ,192306,96541,50.20
20,648,CYBERTECH,EQ,175127,81620,46.61
20,649,CYIENT,EQ,777410,635914,81.80
20,650,CYIENTDLM,EQ,420240,307692,73.22
20,651,DABUR,EQ,6852547,2932618,42.80
20,652,DALBHARAT,EQ,378106,213615,56.50
20,653,DALMIASUG,EQ,94051,53569,56.96
20,654,DAMODARIND,EQ,92664,26056,28.12
20,655,DANGEE,EQ,93468,77626,83.05
20,656,DATAMATICS,EQ,608091,207523,34.13
20,657,DATAPATTNS,EQ,208346,62537,30.02
20,658,DAVANGERE,EQ,36874313,23254982,63.07
20,659,DBCORP,EQ,457058,221046,48.36
20,660,DBL,EQ,221794,110184,49.68
20,661,DBOL,EQ,198193,118330,59.70
20,662,DBREALTY,EQ,3335276,1724543,51.71
20,663,DBSTOCKBRO,EQ,103637,41433,39.98
20,664,DCAL,EQ,3613394,1219945,33.76
20,665,DCBBANK,EQ,1718192,1046285,60.89
20,666,DCG,ST,30000,25200,84.00
20,667,DCM,EQ,169713,82922,48.86
20,668,DCMFINSERV,EQ,29139,24326,83.48
20,669,DCMSHRIRAM,EQ,42121,22504,53.43
20,670,DCMSRIND,EQ,98674,51615,52.31
20,671,DCW,EQ,10232027,4058089,39.66
20,672,DECCANCE,EQ,66586,38093,57.21
20,673,DEEDEV,EQ,237636,109147,45.93
20,674,DEEM,SM,143000,96000,67.13
20,675,DEEPAKFERT,EQ,2720591,840437,30.89
20,676,DEEPAKNTR,EQ,472498,103608,21.93
20,677,DEEPENR,EQ,64712,30069,46.47
20,678,DEEPINDS,EQ,2416753,705049,29.17
20,679,DELAPLEX,SM,15600,13200,84.62
20,680,DELHIVERY,EQ,3656001,2565237,70.17
20,681,DELTACORP,EQ,1151562,528864,45.93
20,682,DELTAMAGNT,EQ,12955,9044,69.81
20,683,DEN,EQ,2505783,1268545,50.62
20,684,DENEERS,SM,7200,7200,100.00
20,685,DENORA,EQ,18377,11060,60.18
20,686,DENTALKART,SM,10500,8250,78.57
20,687,DESTINY,SM,78000,72000,92.31
20,688,DEVIT,EQ,75266,41693,55.39
20,689,DEVYANI,EQ,2952243,2206226,74.73
20,690,DHAMPURSUG,EQ,1220309,687193,56.31
20,691,DHANBANK,EQ,2608253,1364917,52.33
20,692,DHANI,EQ,5685526,1909857,33.59
20,693,DHANUKA,EQ,24496,10553,43.08
20,694,DHARMAJ,EQ,217155,93018,42.83
20,695,DHTL,SM,2400,2400,100.00
20,696,DHUNINV,EQ,4658,2454,52.68
20,697,DIAMINESQ,EQ,34192,18574,54.32
20,698,DIAMONDYD,EQ,15983,9166,57.35
20,699,DICIND,EQ,72771,14090,19.36
20,700,DIGIKORE,ST,9000,9000,100.00
20,701,DIL,EQ,907987,551710,60.76
20,702,DISHTV,EQ,20098703,8573335,42.66
20,703,DIVGIITTS,EQ,21983,10178,46.30
20,704,DIVISLAB,EQ,622863,315058,50.58
20,705,DIVOPPBEES,EQ,102509,85429,83.34
20,706,DIXON,EQ,667577,203891,30.54
20,707,DKEGL,SM,22500,19500,86.67
20,708,DLF,EQ,6040354,3367205,55.75
20,709,DLINKINDIA,EQ,218748,65244,29.83
20,710,DMART,EQ,202176,100086,49.50
20,711,DMCC,EQ,10810,6308,58.35
20,712,DNAMEDIA,EQ,179122,179122,100.00
20,713,DODLA,EQ,96070,51165,53.26
20,714,DOLATALGO,EQ,1539310,723174,46.98
20,715,DOLLAR,EQ,67100,29807,44.42
20,716,DOLLEX,SM,56000,52000,92.86
20,717,DOMS,EQ,66496,26472,39.81
20,718,DONEAR,EQ,546870,220352,40.29
20,719,DPABHUSHAN,EQ,13765,9817,71.32
20,720,DPEL,SM,177000,117000,66.10
20,721,DPSCLTD,EQ,4454239,1966301,44.14
20,722,DPWIRES,EQ,55616,23903,42.98
20,723,DREAMFOLKS,EQ,125802,92516,73.54
20,724,DRONE,ST,117000,100000,85.47
20,725,DRREDDY,EQ,464096,234320,50.49
20,726,DSSL,EQ,139008,47005,33.81
20,727,DTIL,EQ,13132,9423,71.76
20,728,DTL,SM,86400,76800,88.89
20,729,DUCOL,ST,24000,19200,80.00
20,730,DUCON,EQ,414690,338048,81.52
20,731,DUGLOBAL,SM,95000,82500,86.84
20,732,DURLAX,SM,92000,56000,60.87
20,733,DVL,EQ,314600,122159,38.83
20,734,DWARKESH,EQ,1462082,756380,51.73
20,735,DYCL,EQ,94207,51470,54.64
20,736,DYNAMATECH,EQ,5962,2706,45.39
20,737,DYNAMIC,SM,98000,60000,61.22
20,738,EASEMYTRIP,EQ,13932873,2848397,20.44
20,739,EBBETF0425,EQ,2159,1517,70.26
20,740,EBBETF0430,EQ,4566,4043,88.55
20,741,EBBETF0431,EQ,12114,11160,92.12
20,742,EBBETF0433,EQ,13656,13264,97.13
20,743,ECLERX,EQ,55581,29400,52.90
20,744,EDELWEISS,EQ,4632664,1976234,42.66
20,745,EFACTOR,SM,11200,9600,85.71
20,746,EFFWA,SM,1440000,646400,44.89
20,747,EFORCE,SM,37200,26400,70.97
20,748,EGOLD,EQ,2564,1489,58.07
20,749,EICHERMOT,EQ,654655,337625,51.57
20,750,EIDPARRY,EQ,342928,189541,55.27
20,751,EIFFL,EQ,59366,33313,56.11
20,752,EIHAHOTELS,EQ,29669,16481,55.55
20,753,EIHOTEL,EQ,1958038,1339752,68.42
20,754,EKC,EQ,3501571,1136251,32.45
20,755,ELDEHSG,EQ,2188,1032,47.17
20,756,ELECON,EQ,273785,157765,57.62
20,757,ELECTCAST,EQ,5099384,2219263,43.52
20,758,ELGIEQUIP,EQ,995718,219925,22.09
20,759,ELIN,EQ,694501,350419,50.46
20,760,EMAMILTD,EQ,4419545,3316680,75.05
20,761,EMAMIPAP,EQ,58944,28363,48.12
20,762,EMAMIREAL,EQ,14705,10285,69.94
20,763,EMBASSY,RR,552738,475418,86.01
20,764,EMBDL,EQ,3919184,1727248,44.07
20,765,EMCURE,EQ,161028,101610,63.10
20,766,EMIL,EQ,153856,78264,50.87
20,767,EMKAYTOOLS,SM,900,900,100.00
20,768,EMMBI,EQ,65431,33642,51.42
20,769,EMMIL,SM,28000,19000,67.86
20,770,EMSLIMITED,EQ,686868,272130,39.62
20,771,EMUDHRA,EQ,298463,156968,52.59
20,772,ENDURANCE,EQ,133521,96129,72.00
20,773,ENERGYDEV,EQ,281398,201714,71.68
20,774,ENFUSE,ST,6000,6000,100.00
20,775,ENGINERSIN,EQ,2528919,943381,37.30
20,776,ENIL,EQ,323771,154715,47.79
20,777,ENSER,SM,68000,58000,85.29
20,778,ENTERO,EQ,194218,146944,75.66
20,779,EPACK,EQ,717586,467478,65.15
20,780,EPIGRAL,EQ,272772,108036,39.61
20,781,EPL,EQ,867566,408064,47.04
20,782,EQUAL50ADD,EQ,5260,3171,60.29
20,783,EQUITASBNK,EQ,6682474,4125464,61.74
20,784,ERIS,EQ,156780,104729,66.80
20,785,EROSMEDIA,EQ,665916,372517,55.94
20,786,ESABINDIA,EQ,2993,1382,46.17
20,787,ESAFSFB,EQ,874289,523424,59.87
20,788,ESCONET,ST,45600,45600,100.00
20,789,ESCORTS,EQ,359664,71048,19.75
20,790,ESFL,SM,30600,22800,74.51
20,791,ESG,EQ,22216,19725,88.79
20,792,ESILVER,EQ,11166,10777,96.52
20,793,ESTER,EQ,2407010,904082,37.56
20,794,ETHOSLTD,EQ,36885,20037,54.32
20,795,EUROBOND,SM,10000,9000,90.00
20,796,EUROTEXIND,EQ,7608,4377,57.53
20,797,EVEREADY,EQ,335343,131623,39.25
20,798,EVERESTIND,EQ,72154,45266,62.74
20,799,EVINDIA,EQ,808322,717353,88.75
20,800,EXCELINDUS,EQ,46538,25660,55.14
20,801,EXIDEIND,EQ,6238603,2473442,39.65
20,802,EXPLEOSOL,EQ,21822,11039,50.59
20,803,EXXARO,EQ,63892,36395,56.96
20,804,FACT,EQ,445678,137324,30.81
20,805,FAIRCHEMOR,EQ,35368,17177,48.57
20,806,FALCONTECH,SM,15600,14400,92.31
20,807,FAZE3Q,EQ,33389,16535,49.52
20,808,FCL,EQ,215354,113053,52.50
20,809,FCSSOFT,EQ,5766676,3313533,57.46
20,810,FDC,EQ,215567,106082,49.21
20,811,FEDERALBNK,EQ,8241827,3501833,42.49
20,812,FEDFINA,EQ,437508,270948,61.93
20,813,FELIX,SM,56000,30000,53.57
20,814,FIBERWEB,EQ,3568797,1408498,39.47
20,815,FIDEL,SM,24000,18000,75.00
20,816,FIEMIND,EQ,121851,64002,52.52
20,817,FILATEX,EQ,2051218,1028557,50.14
20,818,FILATFASH,EQ,13290569,5612412,42.23
20,819,FINCABLES,EQ,158329,77451,48.92
20,820,FINEORG,EQ,85124,24727,29.05
20,821,FINIETF,EQ,166187,103389,62.21
20,822,FINOPB,EQ,1362036,623167,45.75
20,823,FINPIPE,EQ,346530,201001,58.00
20,824,FIVESTAR,EQ,547989,212668,38.81
20,825,FLAIR,EQ,77898,44005,56.49
20,826,FLUOROCHEM,EQ,105894,56085,52.96
20,827,FMCGIETF,EQ,328811,151226,45.99
20,828,FMGOETZE,EQ,300694,140631,46.77
20,829,FMNL,EQ,106511,72862,68.41
20,830,FOCE,SM,1600,1200,75.00
20,831,FOCUS,EQ,1869876,953791,51.01
20,832,FONEBOX,SM,13000,10000,76.92
20,833,FOODSIN,EQ,496895,255980,51.52
20,834,FORCEMOT,EQ,42446,19439,45.80
20,835,FORTIS,EQ,2114868,1696694,80.23
20,836,FOSECOIND,EQ,2255,1069,47.41
20,837,FROG,SM,54800,37200,67.88
20,838,FSL,EQ,60241210,6905170,11.46
20,839,FUSION,EQ,288077,139838,48.54
20,840,GABRIEL,EQ,206886,112554,54.40
20,841,GAEL,EQ,630565,326147,51.72
20,842,GAIL,EQ,21967072,8605928,39.18
20,843,GALAXYSURF,EQ,9931,5648,56.87
20,844,GANDHAR,EQ,192381,107314,55.78
20,845,GANDHITUBE,EQ,13555,7149,52.74
20,846,GANECOS,EQ,30723,20122,65.49
20,847,GANESHBE,EQ,1123248,453227,40.35
20,848,GANESHHOUC,EQ,125965,64168,50.94
20,849,GANGESSECU,EQ,115421,33629,29.14
20,850,GARFIBRES,EQ,10185,6565,64.46
20,851,GATECH,EQ,1138439,1138411,100.00
20,852,GATEWAY,EQ,743149,437648,58.89
20,853,GEECEE,EQ,14344,8378,58.41
20,854,GEEKAYWIRE,EQ,965786,389690,40.35
20,855,GENESYS,EQ,216041,114303,52.91
20,856,GENSOL,EQ,274968,179321,65.22
20,857,GENUSPAPER,EQ,774371,375994,48.55
20,858,GENUSPOWER,EQ,1843813,1115641,60.51
20,859,GEOJITFSL,EQ,643672,279730,43.46
20,860,GESHIP,EQ,2378377,752442,31.64
20,861,GFLLIMITED,EQ,100973,60875,60.29
20,862,GGBL,SM,502800,310800,61.81
20,863,GHCL,EQ,1039708,169875,16.34
20,864,GHCLTEXTIL,EQ,853209,414479,48.58
20,865,GICHSGFIN,EQ,313221,148296,47.35
20,866,GICL,SM,66000,45000,68.18
20,867,GICRE,EQ,5585395,1632263,29.22
20,868,GILLANDERS,EQ,11459,9637,84.10
20,869,GILLETTE,EQ,12352,5642,45.68
20,870,GILT5YBEES,EQ,409744,368406,89.91
20,871,GINNIFILA,EQ,204849,128261,62.61
20,872,GIPCL,EQ,333565,161328,48.36
20,873,GIRIRAJ,SM,2000,1500,75.00
20,874,GKWLIMITED,EQ,138,93,67.39
20,875,GLAND,EQ,194441,102124,52.52
20,876,GLAXO,EQ,138659,75121,54.18
20,877,GLENMARK,EQ,941967,563661,59.84
20,878,GLOBALPET,SM,6000,6000,100.00
20,879,GLOBUSSPR,EQ,253244,115519,45.62
20,880,GLOSTERLTD,EQ,10263,7486,72.94
20,881,GLS,EQ,249513,184498,73.94
20,882,GMBREW,EQ,46720,23910,51.18
20,883,GMDCLTD,EQ,2168439,637763,29.41
20,884,GMMPFAUDLR,EQ,80757,46844,58.01
20,885,GMRINFRA,EQ,18419300,7096419,38.53
20,886,GMRP&UI,EQ,4546206,3693893,81.25
20,887,GNA,EQ,56208,27598,49.10
20,888,GNFC,EQ,1300218,293660,22.59
20,889,GOACARBON,EQ,389170,85288,21.92
20,890,GOCLCORP,EQ,65733,36194,55.06
20,891,GOCOLORS,EQ,26761,17180,64.20
20,892,GODFRYPHLP,EQ,321453,73248,22.79
20,893,GODIGIT,EQ,1097286,753760,68.69
20,894,GODREJAGRO,EQ,306497,134335,43.83
20,895,GODREJCP,EQ,994920,658369,66.17
20,896,GODREJIND,EQ,1131291,350595,30.99
20,897,GODREJPROP,EQ,1355101,596273,44.00
20,898,GOKEX,EQ,67951,32211,47.40
20,899,GOKUL,EQ,168901,61253,36.27
20,900,GOKULAGRO,EQ,666772,199059,29.85
20,901,GOLD1,EQ,581786,496628,85.36
20,902,GOLDBEES,EQ,15318057,12518098,81.72
20,903,GOLDCASE,EQ,816080,787250,96.47
20,904,GOLDETF,EQ,4663068,4480939,96.09
20,905,GOLDETFADD,EQ,20449,13749,67.24
20,906,GOLDIAM,EQ,303665,129923,42.78
20,907,GOLDIETF,EQ,3010146,2849084,94.65
20,908,GOLDKART,ST,1250,1250,100.00
20,909,GOLDSHARE,EQ,423020,397826,94.04
20,910,GOLDSTAR,SM,146250,78750,53.85
20,911,GOLDTECH,EQ,71931,46459,64.59
20,912,GOODLUCK,EQ,84182,55959,66.47
20,913,GOPAL,EQ,125452,65469,52.19
20,914,GOYALALUM,EQ,215418,174251,80.89
20,915,GOYALSALT,SM,66000,25200,38.18
20,916,GPECO,SM,97200,64800,66.67
20,917,GPIL,EQ,376983,194671,51.64
20,918,GPPL,EQ,7097204,2085336,29.38
20,919,GPTHEALTH,EQ,754434,396827,52.60
20,920,GRANULES,EQ,2615700,945463,36.15
20,921,GRAPHISAD,SM,18000,15600,86.67
20,922,GRAPHITE,EQ,1554751,501942,32.28
20,923,GRASIM,EQ,383675,226391,59.01
20,924,GRAVITA,EQ,171928,62900,36.59
20,925,GRCL,SM,5000,4000,80.00
20,926,GREAVESCOT,EQ,2879565,1252394,43.49
20,927,GREENCHEF,SM,12000,11200,93.33
20,928,GREENLAM,EQ,49057,25569,52.12
20,929,GREENPANEL,EQ,1079480,408441,37.84
20,930,GREENPLY,EQ,4781139,791396,16.55
20,931,GREENPOWER,EQ,5249007,3259719,62.10
20,932,GRETEX,ST,45000,45000,100.00
20,933,GRINDWELL,EQ,37392,24635,65.88
20,934,GRINFRA,EQ,68788,32722,47.57
20,935,GRMOVER,EQ,166329,92867,55.83
20,936,GROBTEA,EQ,277,215,77.62
20,937,GRSE,EQ,793156,307058,38.71
20,938,GRWRHITECH,EQ,75789,38941,51.38
20,939,GSEC10IETF,EQ,5676,5626,99.12
20,940,GSEC10YEAR,EQ,94871,54389,57.33
20,941,GSEC5IETF,EQ,263,180,68.44
20,942,GSFC,EQ,2050521,826789,40.32
20,943,GSLSU,EQ,365125,160526,43.96
20,944,GSMFOILS,ST,56000,56000,100.00
20,945,GSPL,EQ,830600,385051,46.36
20,946,GSTL,SM,291000,190000,65.29
20,947,GTLINFRA,EQ,424660410,167384599,39.42
20,948,GTPL,EQ,53063,30999,58.42
20,949,GUFICBIO,EQ,49733,24346,48.95
20,950,GUJALKALI,EQ,59151,29474,49.83
20,951,GUJAPOLLO,EQ,6226,3576,57.44
20,952,GUJGASLTD,EQ,1158495,261197,22.55
20,953,GUJRAFFIA,EQ,81236,22577,27.79
20,954,GULFOILLUB,EQ,171389,61431,35.84
20,955,GULFPETRO,EQ,506820,242364,47.82
20,956,GULPOLY,EQ,140320,76039,54.19
20,957,GVPTECH,EQ,101084,86328,85.40
20,958,HAL,EQ,2347381,1087378,46.32
20,959,HAPPSTMNDS,EQ,481848,250922,52.07
20,960,HAPPYFORGE,EQ,144132,131708,91.38
20,961,HARDWYN,EQ,126589,66323,52.39
20,962,HARIOMPIPE,EQ,79782,31128,39.02
20,963,HARRMALAYA,EQ,132881,79386,59.74
20,964,HARSHA,EQ,372777,114568,30.73
20,965,HATHWAY,EQ,7343971,3388103,46.13
20,966,HATSUN,EQ,27210,13638,50.12
20,967,HAVELLS,EQ,504762,299868,59.41
20,968,HAVISHA,EQ,132424,91043,68.75
20,969,HBLPOWER,EQ,1301779,593394,45.58
20,970,HCC,EQ,44226299,22771458,51.49
20,971,HCG,EQ,323863,201714,62.28
20,972,HCL-INSYS,EQ,453194,355055,78.35
20,973,HCLTECH,EQ,1785188,1118789,62.67
20,974,HDFCAMC,EQ,497432,272192,54.72
20,975,HDFCBANK,EQ,13107587,8608562,65.68
20,976,HDFCBSE500,EQ,146427,124532,85.05
20,977,HDFCGOLD,EQ,4197326,3404869,81.12
20,978,HDFCGROWTH,EQ,12527,7498,59.85
20,979,HDFCLIFE,EQ,4074648,2162516,53.07
20,980,HDFCLIQUID,EQ,1052,1005,95.53
20,981,HDFCLOWVOL,EQ,30289,21202,70.00
20,982,HDFCMID150,EQ,306651,263024,85.77
20,983,HDFCMOMENT,EQ,241655,154463,63.92
20,984,HDFCNEXT50,EQ,43562,29768,68.33
20,985,HDFCNIF100,EQ,38571,33455,86.74
20,986,HDFCNIFBAN,EQ,20809,16185,77.78
20,987,HDFCNIFIT,EQ,29762,26574,89.29
20,988,HDFCNIFTY,EQ,28340,23506,82.94
20,989,HDFCPSUBK,EQ,16872,9722,57.62
20,990,HDFCPVTBAN,EQ,158441,146571,92.51
20,991,HDFCQUAL,EQ,8887,7087,79.75
20,992,HDFCSENSEX,EQ,32229,28935,89.78
20,993,HDFCSILVER,EQ,322932,211345,65.45
20,994,HDFCSML250,EQ,407885,266722,65.39
20,995,HDFCVALUE,EQ,9588,9069,94.59
20,996,HEADSUP,EQ,51564,44952,87.18
20,997,HEALTHADD,EQ,536,286,53.36
20,998,HEALTHIETF,EQ,52338,20585,39.33
20,999,HEALTHY,EQ,513234,319635,62.28
20,1000,HEG,EQ,181728,48365,26.61
20,1001,HEIDELBERG,EQ,335765,211727,63.06
20,1002,HEMIPROP,EQ,994660,559319,56.23
20,1003,HERANBA,EQ,79053,36918,46.70
20,1004,HERCULES,EQ,67208,29292,43.58
20,1005,HERITGFOOD,EQ,634512,442508,69.74
20,1006,HEROMOTOCO,EQ,868140,448906,51.71
20,1007,HESTERBIO,EQ,8806,3795,43.10
20,1008,HEUBACHIND,EQ,51324,26103,50.86
20,1009,HEXATRADEX,EQ,489142,242093,49.49
20,1010,HFCL,EQ,71593483,18578445,25.95
20,1011,HGINFRA,EQ,160262,78238,48.82
20,1012,HGS,EQ,38579,20323,52.68
20,1013,HIGREEN,SM,39200,26400,67.35
20,1014,HIKAL,EQ,863423,361713,41.89
20,1015,HIL,EQ,14606,10864,74.38
20,1016,HILTON,EQ,150097,108344,72.18
20,1017,HIMATSEIDE,EQ,1068855,544033,50.90
20,1018,HINDALCO,EQ,8831127,4110291,46.54
20,1019,HINDCOMPOS,EQ,10994,5956,54.18
20,1020,HINDCOPPER,EQ,6419350,2402010,37.42
20,1021,HINDMOTORS,EQ,6237220,3377955,54.16
20,1022,HINDOILEXP,EQ,6305373,2203004,34.94
20,1023,HINDPETRO,EQ,8840248,3782860,42.79
20,1024,HINDUNILVR,EQ,1886392,1111525,58.92
20,1025,HINDWAREAP,EQ,93919,50666,53.95
20,1026,HINDZINC,EQ,540659,321719,59.50
20,1027,HIRECT,EQ,145278,66588,45.83
20,1028,HISARMETAL,EQ,13098,7764,59.28
20,1029,HITECH,EQ,1210379,524955,43.37
20,1030,HITECHCORP,EQ,32151,24508,76.23
20,1031,HITECHGEAR,EQ,13348,8124,60.86
20,1032,HLEGLAS,EQ,70270,37080,52.77
20,1033,HLVLTD,EQ,1033796,690889,66.83
20,1034,HMAAGRO,EQ,437075,347167,79.43
20,1035,HMVL,EQ,92149,44955,48.79
20,1036,HNDFDS,EQ,85388,36706,42.99
20,1037,HNGSNGBEES,EQ,59544,40178,67.48
20,1038,HOACFOODS,SM,6000,6000,100.00
20,1039,HOLMARC,SM,6000,6000,100.00
20,1040,HOMEFIRST,EQ,199708,126184,63.18
20,1041,HOMESFY,SM,600,600,100.00
20,1042,HONASA,EQ,93224,48062,51.56
20,1043,HONAUT,EQ,2498,710,28.42
20,1044,HONDAPOWER,EQ,6233,3203,51.39
20,1045,HOVS,EQ,35653,10255,28.76
20,1046,HPAL,EQ,862389,312470,36.23
20,1047,HPIL,EQ,4156,1930,46.44
20,1048,HPL,EQ,381562,177064,46.41
20,1049,HRHNEXT,SM,3000,3000,100.00
20,1050,HSCL,EQ,3527943,1770886,50.20
20,1051,HTMEDIA,EQ,1012199,463699,45.81
20,1052,HUBTOWN,EQ,1177735,523631,44.46
20,1053,HUDCO,EQ,8439723,3647953,43.22
20,1054,HUHTAMAKI,EQ,2204992,1305600,59.21
20,1055,HYBRIDFIN,EQ,12377,12377,100.00
20,1056,IBLFL,SM,26000,18000,69.23
20,1057,ICEMAKE,EQ,54874,26682,48.62
20,1058,ICICIB22,EQ,1567029,1320846,84.29
20,1059,ICICIBANK,EQ,8725046,5162505,59.17
20,1060,ICICIGI,EQ,397222,207686,52.28
20,1061,ICICIPRULI,EQ,1988202,1219589,61.34
20,1062,ICIL,EQ,206901,105333,50.91
20,1063,ICRA,EQ,5286,2518,47.64
20,1064,IDBI,EQ,27404776,9100507,33.21
20,1065,IDEA,EQ,362395270,167636877,46.26
20,1066,IDEAFORGE,EQ,736646,263656,35.79
20,1067,IDFC,EQ,5350963,2933800,54.83
20,1068,IDFCFIRSTB,EQ,23506982,11745125,49.96
20,1069,IDFNIFTYET,EQ,8474,8051,95.01
20,1070,IEL,EQ,4375843,2909345,66.49
20,1071,IEML,SM,20000,16000,80.00
20,1072,IEX,EQ,13153852,4422088,33.62
20,1073,IFBIND,EQ,502828,166714,33.16
20,1074,IFCI,EQ,45709596,14727142,32.22
20,1075,IFCIZC25,NM,20,0,0.00
20,1076,IFGLEXPOR,EQ,21529,10090,46.87
20,1077,IGARASHI,EQ,216458,110767,51.17
20,1078,IGL,EQ,630255,237041,37.61
20,1079,IGPL,EQ,65461,35561,54.32
20,1080,IIFL,EQ,5350111,1153103,21.55
20,1081,IIFLHF29,NE,46,0,0.00
20,1082,IIFLSEC,EQ,8022554,2537202,31.63
20,1083,IIFLZC24,NK,591,591,100.00
20,1084,IIFLZC25,ND,10,10,100.00
20,1085,IIFLZC25A,NP,1,1,100.00
20,1086,IIFLZC25C,N8,20,20,100.00
20,1087,IIFLZC28,NG,187,187,100.00
20,1088,IITL,EQ,4139,4139,100.00
20,1089,IKIO,EQ,492132,283876,57.68
20,1090,IMAGICAA,EQ,1406101,680050,48.36
20,1091,IMC1,N0,10,10,100.00
20,1092,IMC1,N1,36,27,75.00
20,1093,IMC1,N2,442,442,100.00
20,1094,IMC1,N3,27,27,100.00
20,1095,IMFA,EQ,103671,57224,55.20
20,1096,IMPAL,EQ,17485,11689,66.85
20,1097,INCREDIBLE,EQ,26298,8495,32.30
20,1098,INDBANK,EQ,512657,241875,47.18
20,1099,INDGN,EQ,760151,360104,47.37
20,1100,INDHOTEL,EQ,1504378,811628,53.95
20,1101,INDIACEM,EQ,3265410,1436535,43.99
20,1102,INDIAGLYCO,EQ,352506,126565,35.90
20,1103,INDIAMART,EQ,632505,187665,29.67
20,1104,INDIANB,EQ,1350860,676192,50.06
20,1105,INDIANCARD,EQ,8363,6154,73.59
20,1106,INDIANHUME,EQ,138318,66704,48.23
20,1107,INDIASHLTR,EQ,118595,44880,37.84
20,1108,INDIFRA,SM,10000,8000,80.00
20,1109,INDIGO,EQ,792851,520462,65.64
20,1110,INDIGOPNTS,EQ,74766,30772,41.16
20,1111,INDIGRID,IV,280636,268642,95.73
20,1112,INDNIPPON,EQ,13110,6853,52.27
20,1113,INDOAMIN,EQ,444265,205411,46.24
20,1114,INDOBORAX,EQ,61184,32228,52.67
20,1115,INDOCO,EQ,78826,37912,48.10
20,1116,INDORAMA,EQ,206261,107291,52.02
20,1117,INDOSTAR,EQ,444580,273737,61.57
20,1118,INDOTHAI,EQ,986,651,66.02
20,1119,INDRAMEDCO,EQ,244505,114284,46.74
20,1120,INDSWFTLAB,EQ,3438193,1064905,30.97
20,1121,INDSWFTLTD,EQ,414540,257709,62.17
20,1122,INDTERRAIN,EQ,249389,137458,55.12
20,1123,INDUSINDBK,EQ,4074181,2728614,66.97
20,1124,INDUSTOWER,EQ,10696575,5060958,47.31
20,1125,INFIBEAM,EQ,12680462,4920818,38.81
20,1126,INFINIUM,SM,44000,32000,72.73
20,1127,INFOBEAN,EQ,17665,10741,60.80
20,1128,INFOLLION,ST,22400,19200,85.71
20,1129,INFRABEES,EQ,41455,29639,71.50
20,1130,INFRAIETF,EQ,144960,94646,65.29
20,1131,INFY,EQ,7475014,4092451,54.75
20,1132,INGERRAND,EQ,5160,2275,44.09
20,1133,INNOVACAP,EQ,96714,50641,52.36
20,1134,INNOVANA,SM,1600,1600,100.00
20,1135,INOXGREEN,EQ,3492992,1591666,45.57
20,1136,INOXINDIA,EQ,228952,99563,43.49
20,1137,INOXWIND,EQ,10762857,4063167,37.75
20,1138,INSECTICID,EQ,73691,28229,38.31
20,1139,INSPIRE,SM,8000,8000,100.00
20,1140,INSPIRISYS,EQ,145400,92626,63.70
20,1141,INTELLECT,EQ,221650,128039,57.77
20,1142,INTLCONV,EQ,291626,155496,53.32
20,1143,INVENTURE,EQ,5776827,3143481,54.42
20,1144,IOB,EQ,17106262,3468871,20.28
20,1145,IOC,EQ,26184112,10229278,39.07
20,1146,IOLCP,EQ,379189,166752,43.98
20,1147,IONEXCHANG,EQ,801544,304397,37.98
20,1148,IPCALAB,EQ,492218,299568,60.86
20,1149,IPL,EQ,388345,209801,54.02
20,1150,IRB,EQ,21721672,11520409,53.04
20,1151,IRBINVIT,IV,383755,348573,90.83
20,1152,IRCON,EQ,5838251,1934304,33.13
20,1153,IRCTC,EQ,998861,419492,42.00
20,1154,IREDA,EQ,13170422,5664687,43.01
20,1155,IRFC,EQ,35027956,10735233,30.65
20,1156,IRISDOREME,EQ,137078,71652,52.27
20,1157,IRMENERGY,EQ,82819,47358,57.18
20,1158,ISEC,EQ,205449,105382,51.29
20,1159,ISFT,EQ,43447,24675,56.79
20,1160,ISGEC,EQ,176040,136595,77.59
20,1161,ISHAN,SM,624000,528000,84.62
20,1162,ISMTLTD,EQ,751072,322133,42.89
20,1163,IT,EQ,78145,56039,71.71
20,1164,ITALIANE,SM,54000,52000,96.30
20,1165,ITBEES,EQ,5142676,3342900,65.00
20,1166,ITC,EQ,11665529,6251851,53.59
20,1167,ITDC,EQ,188568,84094,44.60
20,1168,ITDCEM,EQ,1608680,625947,38.91
20,1169,ITETF,EQ,398190,382413,96.04
20,1170,ITETFADD,EQ,21109,13903,65.86
20,1171,ITI,EQ,817713,294028,35.96
20,1172,ITIETF,EQ,195440,115785,59.24
20,1173,IVZINGOLD,EQ,607,553,91.10
20,1174,IWEL,EQ,11399,7499,65.79
20,1175,IXIGO,EQ,1067832,594843,55.71
20,1176,IZMO,EQ,54868,30894,56.31
20,1177,JAGRAN,EQ,622214,298478,47.97
20,1178,JAGSNPHARM,EQ,56227,15031,26.73
20,1179,JAICORPLTD,EQ,1451944,308984,21.28
20,1180,JAINAM,SM,3000,3000,100.00
20,1181,JAMNAAUTO,EQ,4234388,1825020,43.10
20,1182,JASH,EQ,14185,9566,67.44
20,1183,JAYAGROGN,EQ,86040,49392,57.41
20,1184,JAYBARMARU,EQ,363858,161405,44.36
20,1185,JAYNECOIND,EQ,2277502,977130,42.90
20,1186,JAYSREETEA,EQ,165176,87879,53.20
20,1187,JBCHEPHARM,EQ,88629,33287,37.56
20,1188,JBMA,EQ,176773,64613,36.55
20,1189,JCHAC,EQ,91682,49436,53.92
20,1190,JETFREIGHT,EQ,503547,342114,67.94
20,1191,JFLLIFE,ST,164000,156000,95.12
20,1192,JGCHEM,EQ,1191467,358278,30.07
20,1193,JINDALPHOT,EQ,64836,15986,24.66
20,1194,JINDALPOLY,EQ,67095,30535,45.51
20,1195,JINDALSAW,EQ,2053760,1201707,58.51
20,1196,JINDALSTEL,EQ,1242869,316899,25.50
20,1197,JINDRILL,EQ,158734,64032,40.34
20,1198,JINDWORLD,EQ,41298,18853,45.65
20,1199,JIOFIN,EQ,13137038,7621916,58.02
20,1200,JISLDVREQS,EQ,147067,90579,61.59
20,1201,JISLJALEQS,EQ,7328550,3813831,52.04
20,1202,JITFINFRA,EQ,28248,18248,64.60
20,1203,JIWANRAM,SM,30000,24000,80.00
20,1204,J&KBANK,EQ,4618028,3112151,67.39
20,1205,JKCEMENT,EQ,150948,52475,34.76
20,1206,JKIL,EQ,111640,62590,56.06
20,1207,JKLAKSHMI,EQ,630446,281245,44.61
20,1208,JKPAPER,EQ,1101292,455039,41.32
20,1209,JKTYRE,EQ,758669,434991,57.34
20,1210,JLHL,EQ,16424,8156,49.66
20,1211,JMA,EQ,78542,57057,72.65
20,1212,JMFINANCIL,EQ,2392324,1257654,52.57
20,1213,JOCIL,EQ,9609,5865,61.04
20,1214,JPOLYINVST,EQ,19342,8749,45.23
20,1215,JPPOWER,EQ,42903143,23930598,55.78
20,1216,JSFB,EQ,103584,53697,51.84
20,1217,JSL,EQ,1404681,920635,65.54
20,1218,JSLL,SM,5580,3600,64.52
20,1219,JSWENERGY,EQ,4012480,1558714,38.85
20,1220,JSWHL,EQ,4711,2487,52.79
20,1221,JSWINFRA,EQ,1548936,973705,62.86
20,1222,JSWSTEEL,EQ,4039078,1609022,39.84
20,1223,JTEKTINDIA,EQ,741306,298649,40.29
20,1224,JTLIND,EQ,687882,329803,47.94
20,1225,JUBLFOOD,EQ,2310904,827204,35.80
20,1226,JUBLINDS,EQ,4095,2491,60.83
20,1227,JUBLINGREA,EQ,1029380,302502,29.39
20,1228,JUBLPHARMA,EQ,11991520,1030843,8.60
20,1229,JUNIORBEES,EQ,192589,121600,63.14
20,1230,JUNIPER,EQ,42387,27044,63.80
20,1231,JUSTDIAL,EQ,477904,206890,43.29
20,1232,JWL,EQ,750186,500825,66.76
20,1233,JYOTHYLAB,EQ,594761,264939,44.55
20,1234,JYOTICNC,EQ,486902,308364,63.33
20,1235,JYOTISTRUC,EQ,10276155,7128197,69.37
20,1236,K2INFRA,ST,44400,39600,89.19
20,1237,KABRAEXTRU,EQ,87295,43931,50.32
20,1238,KAJARIACER,EQ,81996,39857,48.61
20,1239,KAKATCEM,EQ,5464,3256,59.59
20,1240,KALAMANDIR,EQ,160490,95365,59.42
20,1241,KALYANKJIL,EQ,2000667,1006416,50.30
20,1242,KAMATHOTEL,EQ,32149,22021,68.50
20,1243,KAMDHENU,EQ,215836,60567,28.06
20,1244,KAMOPAINTS,EQ,2838192,1445100,50.92
20,1245,KANANIIND,EQ,794062,606998,76.44
20,1246,KANDARP,SM,32000,32000,100.00
20,1247,KANORICHEM,EQ,35966,20115,55.93
20,1248,KANPRPLA,EQ,71754,25298,35.26
20,1249,KANSAINER,EQ,1303973,733337,56.24
20,1250,KARNIKA,SM,17600,12800,72.73
20,1251,KARURVYSYA,EQ,1282675,561070,43.74
20,1252,KATARIA,ST,357600,327600,91.61
20,1253,KAYNES,EQ,124025,54057,43.59
20,1254,KCEIL,ST,36000,34000,94.44
20,1255,KCP,EQ,860954,307987,35.77
20,1256,KCPSUGIND,EQ,1233071,560258,45.44
20,1257,KDDL,EQ,8705,4750,54.57
20,1258,KDL,ST,3300,3000,90.91
20,1259,KEC,EQ,1059238,336086,31.73
20,1260,KECL,EQ,533737,259287,48.58
20,1261,KEI,EQ,116152,65233,56.16
20,1262,KEL,SM,2400,2400,100.00
20,1263,KELLTONTEC,EQ,1033824,549713,53.17
20,1264,KERNEX,EQ,154626,119612,77.36
20,1265,KESORAMIND,EQ,255712,139228,54.45
20,1266,KEYFINSERV,EQ,5548,3886,70.04
20,1267,KFINTECH,EQ,1301383,507347,38.99
20,1268,KHADIM,EQ,112851,46265,41.00
20,1269,KHAICHEM,EQ,758998,296602,39.08
20,1270,KHAITANLTD,EQ,15720,10037,63.85
20,1271,KHANDSE,EQ,84284,30712,36.44
20,1272,KHFM,SM,55800,15500,27.78
20,1273,KILITCH,EQ,49846,25903,51.97
20,1274,KIMS,EQ,124059,108966,87.83
20,1275,KINGFA,EQ,31612,13528,42.79
20,1276,KIOCL,EQ,113694,57365,50.46
20,1277,KIRIINDUS,EQ,136955,63254,46.19
20,1278,KIRLOSBROS,EQ,60825,26251,43.16
20,1279,KIRLOSENG,EQ,198018,118013,59.60
20,1280,KIRLOSIND,EQ,4706,1682,35.74
20,1281,KIRLPNU,EQ,39912,24759,62.03
20,1282,KITEX,EQ,236910,129373,54.61
20,1283,KKCL,EQ,15397,9589,62.28
20,1284,KKVAPOW,SM,156,156,100.00
20,1285,KLL,SM,88000,60800,69.09
20,1286,KNAGRI,ST,8000,8000,100.00
20,1287,KNRCON,EQ,1658659,847983,51.12
20,1288,KODYTECH,SM,5600,4900,87.50
20,1289,KOHINOOR,EQ,137485,87018,63.29
20,1290,KOKUYOCMLN,EQ,468489,216192,46.15
20,1291,KOLTEPATIL,EQ,187154,93283,49.84
20,1292,KONSTELEC,SM,30000,28000,93.33
20,1293,KONTOR,SM,74400,50400,67.74
20,1294,KOPRAN,EQ,240859,113376,47.07
20,1295,KORE,ST,11000,10500,95.45
20,1296,KOTAKBANK,EQ,3816044,2180009,57.13
20,1297,KOTARISUG,EQ,239568,117853,49.19
20,1298,KOTHARIPET,EQ,809155,255171,31.54
20,1299,KOTHARIPRO,EQ,41142,20671,50.24
20,1300,KOTYARK,SM,19900,14600,73.37
20,1301,KPIL,EQ,305543,190941,62.49
20,1302,KPITTECH,EQ,1107361,522869,47.22
20,1303,KPRMILL,EQ,114196,59274,51.91
20,1304,KRBL,EQ,5119500,2379134,46.47
20,1305,KRISHANA,EQ,34158,19458,56.96
20,1306,KRISHCA,ST,26000,25500,98.08
20,1307,KRISHIVAL,SM,500,500,100.00
20,1308,KRISHNADEF,ST,32500,29500,90.77
20,1309,KRITI,EQ,117084,59810,51.08
20,1310,KRITIKA,EQ,385723,250408,64.92
20,1311,KRITINUT,EQ,126792,62462,49.26
20,1312,KRONOX,EQ,158806,87489,55.09
20,1313,KRSNAA,EQ,48323,28855,59.71
20,1314,KRYSTAL,EQ,29066,15014,51.65
20,1315,KSB,EQ,129206,44186,34.20
20,1316,KSCL,EQ,274831,59052,21.49
20,1317,KSL,EQ,118801,38683,32.56
20,1318,KSOLVES,EQ,36273,23306,64.25
20,1319,KTKBANK,EQ,2070057,1438123,69.47
20,1320,KTL,SM,39000,21000,53.85
20,1321,KUANTUM,EQ,251658,90393,35.92
20,1322,LAGNAM,EQ,47749,18750,39.27
20,1323,LAL,EQ,79049,46067,58.28
20,1324,LALPATHLAB,EQ,142924,69899,48.91
20,1325,LAMBODHARA,EQ,246372,136925,55.58
20,1326,LANCORHOL,EQ,81077,55402,68.33
20,1327,LANDMARK,EQ,81454,41924,51.47
20,1328,LAOPALA,EQ,87522,59969,68.52
20,1329,LASA,EQ,60747,49933,82.20
20,1330,LATENTVIEW,EQ,317280,215896,68.05
20,1331,LAURUSLABS,EQ,2881673,1803591,62.59
20,1332,LAWSIKHO,SM,27500,20500,74.55
20,1333,LAXMICOT,EQ,142613,71061,49.83
20,1334,LAXMIMACH,EQ,10096,6239,61.80
20,1335,LEMERITE,SM,86400,65600,75.93
20,1336,LEMONTREE,EQ,3824838,1781913,46.59
20,1337,LEXUS,EQ,45527,21066,46.27
20,1338,LFIC,EQ,130960,53964,41.21
20,1339,LGBBROSLTD,EQ,46555,27451,58.96
20,1340,LGHL,EQ,394,169,42.89
20,1341,LIBAS,EQ,90466,66570,73.59
20,1342,LIBERTSHOE,EQ,85336,56970,66.76
20,1343,LICHSGFIN,EQ,1632602,665995,40.79
20,1344,LICI,EQ,6938545,2178738,31.40
20,1345,LICMFGOLD,EQ,1318,1242,94.23
20,1346,LICNETFGSC,EQ,43193,42688,98.83
20,1347,LICNETFN50,EQ,1153,860,74.59
20,1348,LICNETFSEN,EQ,29,15,51.72
20,1349,LICNFNHGP,EQ,572,352,61.54
20,1350,LICNMID100,EQ,21669,9984,46.08
20,1351,LIKHITHA,EQ,367003,109708,29.89
20,1352,LINC,EQ,8141,3484,42.80
20,1353,LINCOLN,EQ,36725,20850,56.77
20,1354,LINDEINDIA,EQ,59091,17621,29.82
20,1355,LIQUID,EQ,160556,138042,85.98
20,1356,LIQUID1,EQ,29189,15222,52.15
20,1357,LIQUIDADD,EQ,856022,767344,89.64
20,1358,LIQUIDBEES,EQ,3470617,2794489,80.52
20,1359,LIQUIDBETF,EQ,20,10,50.00
20,1360,LIQUIDCASE,EQ,3096146,2771391,89.51
20,1361,LIQUIDETF,EQ,377345,237495,62.94
20,1362,LIQUIDIETF,EQ,1042399,777719,74.61
20,1363,LIQUIDSBI,EQ,23453,15578,66.42
20,1364,LIQUIDSHRI,EQ,2468,2463,99.80
20,1365,LLOYDS,SM,11000,11000,100.00
20,1366,LLOYDSENGG,EQ,8491576,3073897,36.20
20,1367,LLOYDSME,EQ,3821092,1336434,34.98
20,1368,LODHA,EQ,2029007,1339430,66.01
20,1369,LOKESHMACH,EQ,22718,15451,68.01
20,1370,LOTUSEYE,EQ,84775,28075,33.12
20,1371,LOVABLE,EQ,171475,72443,42.25
20,1372,LOWVOL,EQ,163,86,52.76
20,1373,LOWVOL1,EQ,25700,17721,68.95
20,1374,LOWVOLIETF,EQ,2156373,1954797,90.65
20,1375,LOYALTEX,EQ,59525,24761,41.60
20,1376,LRRPL,SM,42000,36000,85.71
20,1377,LT,EQ,1998663,1063063,53.19
20,1378,LTF,EQ,3547911,1716450,48.38
20,1379,LTFOODS,EQ,3436418,1167773,33.98
20,1380,LTGILTBEES,EQ,2049850,1659700,80.97
20,1381,LTIM,EQ,472017,210373,44.57
20,1382,LTTS,EQ,95576,40182,42.04
20,1383,LUMAXIND,EQ,1995,1068,53.53
20,1384,LUMAXTECH,EQ,104470,57676,55.21
20,1385,LUPIN,EQ,2080987,1266231,60.85
20,1386,LUXIND,EQ,122424,58954,48.16
20,1387,LXCHEM,EQ,682082,358077,52.50
20,1388,LYKALABS,EQ,121854,62265,51.10
20,1389,LYPSAGEMS,EQ,56401,29206,51.78
20,1390,MAANALU,EQ,98580,51838,52.58
20,1391,MACOBSTECH,ST,96000,94400,98.33
20,1392,MADHAV,EQ,9381,4144,44.17
20,1393,MADHAVBAUG,SM,3600,3200,88.89
20,1394,MADHUSUDAN,SM,72000,46000,63.89
20,1395,MADRASFERT,EQ,729657,253018,34.68
20,1396,MAFANG,EQ,886107,527262,59.50
20,1397,MAGADSUGAR,EQ,21717,8022,36.94
20,1398,MAGNUM,EQ,261480,168392,64.40
20,1399,MAGSON,SM,8000,8000,100.00
20,1400,MAHABANK,EQ,9827983,3595297,36.58
20,1401,MAHAPEXLTD,EQ,26363,19306,73.23
20,1402,MAHASTEEL,EQ,65686,38792,59.06
20,1403,MAHESHWARI,EQ,167062,100247,60.01
20,1404,MAHICKRA,SM,22500,12750,56.67
20,1405,MAHKTECH,EQ,236530,191766,81.07
20,1406,MAHLIFE,EQ,161900,96264,59.46
20,1407,MAHLOG,EQ,128831,65837,51.10
20,1408,MAHSCOOTER,EQ,7983,5437,68.11
20,1409,MAHSEAMLES,EQ,282422,166700,59.03
20,1410,MAITHANALL,EQ,58033,36081,62.17
20,1411,MAITREYA,SM,19200,18400,95.83
20,1412,MAKEINDIA,EQ,110659,71710,64.80
20,1413,MAL,SM,96000,38400,40.00
20,1414,MALLCOM,EQ,4756,2528,53.15
20,1415,MALUPAPER,EQ,314657,125604,39.92
20,1416,MANAKSIA,EQ,124313,70822,56.97
20,1417,MANAKSTEEL,EQ,64801,35547,54.86
20,1418,MANALIPETC,EQ,837506,295359,35.27
20,1419,MANAPPURAM,EQ,5403469,2131374,39.44
20,1420,MANDEEP,ST,44000,44000,100.00
20,1421,MANGALAM,EQ,239152,129901,54.32
20,1422,MANGCHEFER,EQ,909531,410066,45.09
20,1423,MANGLMCEM,EQ,129333,64918,50.19
20,1424,MANINDS,EQ,166187,88265,53.11
20,1425,MANINFRA,EQ,652167,371364,56.94
20,1426,MANKIND,EQ,2087887,1678433,80.39
20,1427,MANOMAY,EQ,58433,24989,42.77
20,1428,MANORAMA,EQ,228439,210433,92.12
20,1429,MANORG,EQ,53510,39333,73.51
20,1430,MANUGRAPH,EQ,13556,11153,82.27
20,1431,MANYAVAR,EQ,132941,69529,52.30
20,1432,MAPMYINDIA,EQ,185251,80970,43.71
20,1433,MARALOVER,EQ,95707,46286,48.36
20,1434,MARATHON,EQ,48144,25685,53.35
20,1435,MARCO,SM,33000,18000,54.55
20,1436,MARICO,EQ,1148693,618749,53.87
20,1437,MARINETRAN,SM,16000,12000,75.00
20,1438,MARKSANS,EQ,1909163,693379,36.32
20,1439,MARUTI,EQ,2040384,614334,30.11
20,1440,MASFIN,EQ,217071,113535,52.30
20,1441,MASON,SM,418000,150000,35.89
20,1442,MASPTOP50,EQ,131312,94953,72.31
20,1443,MASTEK,EQ,77393,46522,60.11
20,1444,MASTER,ST,22000,20000,90.91
20,1445,MATRIMONY,EQ,225024,116857,51.93
20,1446,MAWANASUG,EQ,154364,91827,59.49
20,1447,MAXESTATES,EQ,52255,22031,42.16
20,1448,MAXHEALTH,EQ,701804,247095,35.21
20,1449,MAXIND,EQ,45212,32905,72.78
20,1450,MAXPOSURE,SM,426000,218000,51.17
20,1451,MAYURUNIQ,EQ,118470,63662,53.74
20,1452,MAZDA,EQ,4911,1711,34.84
20,1453,MAZDOCK,EQ,1127832,335784,29.77
20,1454,MBAPL,EQ,16539,11416,69.02
20,1455,MBECL,EQ,131285,111737,85.11
20,1456,MCL,EQ,38533,30024,77.92
20,1457,MCLEODRUSS,EQ,681442,500122,73.39
20,1458,MCON,ST,7000,6000,85.71
20,1459,MCX,EQ,731209,268920,36.78
20,1460,MDL,SM,2000,2000,100.00
20,1461,MEDANTA,EQ,105870,56524,53.39
20,1462,MEDIASSIST,EQ,464666,245670,52.87
20,1463,MEDICAMEQ,EQ,17092,10691,62.55
20,1464,MEDIORG,SM,36000,36000,100.00
20,1465,MEDPLUS,EQ,34357,18667,54.33
20,1466,MEGAFLEX,SM,9000,9000,100.00
20,1467,MEGASOFT,EQ,153459,96247,62.72
20,1468,MEGASTAR,EQ,9461,5085,53.75
20,1469,MEGATHERM,ST,43200,40000,92.59
20,1470,MENONBE,EQ,73443,40722,55.45
20,1471,METROBRAND,EQ,59466,22133,37.22
20,1472,METROPOLIS,EQ,76576,30314,39.59
20,1473,MFSL,EQ,497579,287126,57.70
20,1474,MGL,EQ,402937,211072,52.38
20,1475,MHHL,SM,16500,9000,54.55
20,1476,MHLXMIRU,EQ,23309,15345,65.83
20,1477,MHRIL,EQ,160004,84455,52.78
20,1478,MICROPRO,SM,30400,20800,68.42
20,1479,MID150BEES,EQ,541833,362746,66.95
20,1480,MID150CASE,EQ,158002,125858,79.66
20,1481,MIDCAP,EQ,53015,32704,61.69
20,1482,MIDCAPETF,EQ,1791187,1415988,79.05
20,1483,MIDCAPIETF,EQ,491059,303417,61.79
20,1484,MIDHANI,EQ,417733,184489,44.16
20,1485,MIDQ50ADD,EQ,4705,3409,72.45
20,1486,MIDSELIETF,EQ,340083,297751,87.55
20,1487,MIDSMALL,EQ,369864,323513,87.47
20,1488,MIEL,ST,142000,142000,100.00
20,1489,MILTON,SM,13200,13200,100.00
20,1490,MINDACORP,EQ,1375958,713279,51.84
20,1491,MINDSPACE,RR,152643,119869,78.53
20,1492,MINDTECK,EQ,125431,72867,58.09
20,1493,MIRCELECTR,EQ,398976,226958,56.89
20,1494,MIRZAINT,EQ,173108,95964,55.44
20,1495,MITCON,EQ,51479,34284,66.60
20,1496,MITTAL,EQ,979958,717883,73.26
20,1497,M&M,EQ,4971708,2805305,56.43
20,1498,M&MFIN,EQ,3390417,1208040,35.63
20,1499,M&MFIN,N3,40,40,100.00
20,1500,MMFL,EQ,119300,71505,59.94
20,1501,MMP,EQ,150258,87692,58.36
20,1502,MMTC,EQ,14145822,3349366,23.68
20,1503,MNC,EQ,70707,57537,81.37
20,1504,MODIRUBBER,EQ,7298,3823,52.38
20,1505,MODISONLTD,EQ,81127,42298,52.14
20,1506,MOGSEC,EQ,1048,696,66.41
20,1507,MOHEALTH,EQ,24621,15272,62.03
20,1508,MOIL,EQ,2457353,798026,32.48
20,1509,MOKSH,EQ,151111,106081,70.20
20,1510,MOL,EQ,3229944,1245972,38.58
20,1511,MOLDTECH,EQ,90289,51078,56.57
20,1512,MOLDTKPAC,EQ,116595,67800,58.15
20,1513,MOLOWVOL,EQ,71661,64117,89.47
20,1514,MOM100,EQ,492609,388657,78.90
20,1515,MOM30IETF,EQ,2135609,1796912,84.14
20,1516,MOM50,EQ,3664,2750,75.05
20,1517,MOMENTUM,EQ,134484,100537,74.76
20,1518,MOMOMENTUM,EQ,137305,106342,77.45
20,1519,MON100,EQ,1066053,648659,60.85
20,1520,MONARCH,EQ,687014,304642,44.34
20,1521,MONIFTY500,EQ,317501,280772,88.43
20,1522,MONOPHARMA,SM,14000,6000,42.86
20,1523,MONQ50,EQ,507375,402953,79.42
20,1524,MONTECARLO,EQ,139582,58093,41.62
20,1525,MOQUALITY,EQ,3115,2261,72.58
20,1526,MOREALTY,EQ,375395,329592,87.80
20,1527,MOREPENLAB,EQ,12301956,3706979,30.13
20,1528,MOS,SM,624800,227200,36.36
20,1529,MOSMALL250,EQ,530107,382861,72.22
20,1530,MOTHERSON,EQ,6486068,3385758,52.20
20,1531,MOTILALOFS,EQ,1506753,826777,54.87
20,1532,MOTISONS,EQ,246309,153703,62.40
20,1533,MOTOGENFIN,EQ,30283,26490,87.47
20,1534,MOVALUE,EQ,198526,144384,72.73
20,1535,MPHASIS,EQ,945392,526414,55.68
20,1536,MPSLTD,EQ,24789,11878,47.92
20,1537,MPTODAY,SM,2000,2000,100.00
20,1538,MRF,EQ,8618,3090,35.86
20,1539,MRPL,EQ,3857246,1380504,35.79
20,1540,MSPL,EQ,5549813,2899346,52.24
20,1541,MSTCLTD,EQ,334711,179021,53.49
20,1542,MSUMI,EQ,3722616,2259317,60.69
20,1543,MTARTECH,EQ,105180,51839,49.29
20,1544,MTNL,EQ,27579599,13750085,49.86
20,1545,MUFIN,EQ,240377,142691,59.36
20,1546,MUFTI,EQ,108738,60234,55.39
20,1547,MUKANDLTD,EQ,353610,186908,52.86
20,1548,MUKKA,EQ,1699742,979647,57.64
20,1549,MUKTAARTS,EQ,11606,9524,82.06
20,1550,MUNJALAU,EQ,6451711,1928872,29.90
20,1551,MUNJALSHOW,EQ,840752,323212,38.44
20,1552,MURUDCERA,EQ,262992,102449,38.96
20,1553,MUTHOOTCAP,EQ,65130,26683,40.97
20,1554,MUTHOOTFIN,EQ,590106,362013,61.35
20,1555,MUTHOOTMF,EQ,146789,87804,59.82
20,1556,MVGJL,EQ,306328,268179,87.55
20,1557,MVKAGRO,SM,31200,24000,76.92
20,1558,MWL,SM,20400,18000,88.24
20,1559,NACLIND,EQ,116363,62060,53.33
20,1560,NAGAFERT,EQ,913023,531517,58.22
20,1561,NAGREEKEXP,EQ,66792,30855,46.20
20,1562,NAHARCAP,EQ,25404,10711,42.16
20,1563,NAHARINDUS,EQ,532961,246781,46.30
20,1564,NAHARPOLY,EQ,63501,40937,64.47
20,1565,NAHARSPING,EQ,161457,79938,49.51
20,1566,NAMAN,SM,116800,105600,90.41
20,1567,NAM-INDIA,EQ,1568574,813031,51.83
20,1568,NATCOPHARM,EQ,581642,317616,54.61
20,1569,NATIONALUM,EQ,20004888,4647986,23.23
20,1570,NAUKRI,EQ,224933,130463,58.00
20,1571,NAVA,EQ,213337,107899,50.58
20,1572,NAVINFLUOR,EQ,355652,164420,46.23
20,1573,NAVINIFTY,EQ,1025,887,86.54
20,1574,NAVKARCORP,EQ,657122,336938,51.27
20,1575,NAVNETEDUL,EQ,2581919,813490,31.51
20,1576,NAZARA,EQ,1283012,478041,37.26
20,1577,NBCC,EQ,16016365,5177516,32.33
20,1578,NCC,EQ,7827314,2723750,34.80
20,1579,NCLIND,EQ,119337,69026,57.84
20,1580,NDL,EQ,2832253,1328721,46.91
20,1581,NDLVENTURE,EQ,47957,28004,58.39
20,1582,NDRAUTO,EQ,15399,7532,48.91
20,1583,NDTV,EQ,575255,124285,21.61
20,1584,NECLIFE,EQ,595163,249165,41.87
20,1585,NELCAST,EQ,109720,53589,48.84
20,1586,NELCO,EQ,188274,95837,50.90
20,1587,NEOGEN,EQ,16534,6787,41.05
20,1588,NEPHROCARE,SM,347200,228800,65.90
20,1589,NESCO,EQ,40593,26590,65.50
20,1590,NESTLEIND,EQ,1326762,922980,69.57
20,1591,NETF,EQ,2378,1688,70.98
20,1592,NETWEB,EQ,85561,49159,57.45
20,1593,NETWORK18,EQ,4451052,1852402,41.62
20,1594,NEULANDLAB,EQ,114731,38241,33.33
20,1595,NEWGEN,EQ,213071,111175,52.18
20,1596,NEWJAISA,SM,193500,169500,87.60
20,1597,NEXT50,EQ,26034,24491,94.07
20,1598,NEXT50IETF,EQ,395169,325070,82.26
20,1599,NEXTMEDIA,EQ,46730,39473,84.47
20,1600,NFL,EQ,6377300,1636065,25.65
20,1601,NGIL,EQ,37933,19004,50.10
20,1602,NGILPP,E1,13253,11772,88.83
20,1603,NGLFINE,EQ,2195,1059,48.25
20,1604,NH,EQ,169893,85263,50.19
20,1605,NHPC,EQ,32207899,11491969,35.68
20,1606,NIACL,EQ,7493881,2389891,31.89
20,1607,NIBL,EQ,174413,113105,64.85
20,1608,NIDAN,SM,16000,13000,81.25
20,1609,NIF100BEES,EQ,17940,12637,70.44
20,1610,NIF100IETF,EQ,173512,98493,56.76
20,1611,NIF10GETF,EQ,2353,1665,70.76
20,1612,NIF5GETF,EQ,71,68,95.77
20,1613,NIFITETF,EQ,417,386,92.57
20,1614,NIFMID150,EQ,1278,1152,90.14
20,1615,NIFTY1,EQ,208249,195446,93.85
20,1616,NIFTY50ADD,EQ,3988,3002,75.28
20,1617,NIFTYBEES,EQ,2168947,1512557,69.74
20,1618,NIFTYBETF,EQ,2970,2715,91.41
20,1619,NIFTYETF,EQ,184318,160621,87.14
20,1620,NIFTYIETF,EQ,607077,414027,68.20
20,1621,NIFTYQLITY,EQ,76993,65715,85.35
20,1622,NIITLTD,EQ,746765,292809,39.21
20,1623,NIITMTS,EQ,188519,73823,39.16
20,1624,NILAINFRA,EQ,773804,518718,67.03
20,1625,NILKAMAL,EQ,28430,17287,60.81
20,1626,NINSYS,EQ,2803,1866,66.57
20,1627,NIPPOBATRY,EQ,11906,5988,50.29
20,1628,NIRAJ,EQ,74596,49776,66.73
20,1629,NIRMAN,ST,36000,34800,96.67
20,1630,NITCO,EQ,354135,253970,71.72
20,1631,NITINSPIN,EQ,201304,107519,53.41
20,1632,NKIND,EQ,2108,1207,57.26
20,1633,NLCINDIA,EQ,3073383,1160434,37.76
20,1634,NMDC,EQ,12713711,3645996,28.68
20,1635,NOCIL,EQ,3629347,1250950,34.47
20,1636,NORBTEAEXP,EQ,6181,4183,67.68
20,1637,NOVAAGRI,EQ,889561,531382,59.74
20,1638,NPBET,EQ,818,511,62.47
20,1639,NPST,SM,27700,14500,52.35
20,1640,NRAIL,EQ,8159,4679,57.35
20,1641,NRBBEARING,EQ,117793,57924,49.17
20,1642,NRL,EQ,166868,89215,53.46
20,1643,NSIL,EQ,5455,3239,59.38
20,1644,NSLNISP,EQ,8826789,3069824,34.78
20,1645,NTPC,EQ,28803487,17010031,59.06
20,1646,NUCLEUS,EQ,128153,43064,33.60
20,1647,NURECA,EQ,15519,10913,70.32
20,1648,NUVAMA,EQ,165872,85449,51.52
20,1649,NUVOCO,EQ,775002,410050,52.91
20,1650,NV20,EQ,51530,35921,69.71
20,1651,NV20BEES,EQ,9884,8905,90.10
20,1652,NV20IETF,EQ,858876,511454,59.55
20,1653,NXST,RR,152238,120542,79.18
20,1654,NYKAA,EQ,15997469,6224191,38.91
20,1655,OAL,EQ,17997,10110,56.18
20,1656,OBCL,EQ,52246,32903,62.98
20,1657,OBEROIRLTY,EQ,739985,393450,53.17
20,1658,OFSS,EQ,237189,95484,40.26
20,1659,OIL,EQ,18687167,6160757,32.97
20,1660,OILIETF,EQ,1684542,862451,51.20
20,1661,OLECTRA,EQ,291701,146794,50.32
20,1662,OLIL,ST,3600,3600,100.00
20,1663,OMFURN,SM,9600,9600,100.00
20,1664,ONDOOR,SM,4200,3000,71.43
20,1665,ONEPOINT,EQ,1217328,762547,62.64
20,1666,ONGC,EQ,36044960,12337317,34.23
20,1667,ONMOBILE,EQ,3969090,1449007,36.51
20,1668,ONWARDTEC,EQ,58033,27038,46.59
20,1669,OPTIEMUS,EQ,385084,197970,51.41
20,1670,ORBTEXP,EQ,323028,111197,34.42
20,1671,ORCHPHARMA,EQ,54284,25358,46.71
20,1672,ORIANA,SM,306750,142350,46.41
20,1673,ORICONENT,EQ,804435,382624,47.56
20,1674,ORIENTALTL,EQ,235661,81048,34.39
20,1675,ORIENTBELL,EQ,7575,5474,72.26
20,1676,ORIENTCEM,EQ,1130266,452787,40.06
20,1677,ORIENTCER,EQ,118150,65266,55.24
20,1678,ORIENTELEC,EQ,928278,283305,30.52
20,1679,ORIENTHOT,EQ,426728,232787,54.55
20,1680,ORIENTLTD,EQ,8998,5163,57.38
20,1681,ORIENTPPR,EQ,1226434,570078,46.48
20,1682,ORISSAMINE,EQ,28452,11382,40.00
20,1683,ORTINLAB,EQ,103242,59662,57.79
20,1684,OSWALAGRO,EQ,249276,142101,57.01
20,1685,OSWALGREEN,EQ,2330301,857417,36.79
20,1686,OSWALSEEDS,EQ,135466,62701,46.29
20,1687,OWAIS,SM,17600,12800,72.73
20,1688,PAGEIND,EQ,13056,7644,58.55
20,1689,PAISALO,EQ,1171687,654729,55.88
20,1690,PAKKA,EQ,326220,167359,51.30
20,1691,PALASHSECU,EQ,5675,3473,61.20
20,1692,PANACEABIO,EQ,91405,47994,52.51
20,1693,PANAMAPET,EQ,340075,220089,64.72
20,1694,PAR,EQ,14302,8750,61.18
20,1695,PARACABLES,EQ,1671448,832661,49.82
20,1696,PARADEEP,EQ,5824170,2176092,37.36
20,1697,PARAGMILK,EQ,2170397,766106,35.30
20,1698,PARAGON,SM,103200,73200,70.93
20,1699,PARIN,SM,10000,6000,60.00
20,1700,PARKHOTELS,EQ,354143,244183,68.95
20,1701,PARSVNATH,EQ,427632,427632,100.00
20,1702,PASHUPATI,SM,7200,7200,100.00
20,1703,PASUPTAC,EQ,189710,87379,46.06
20,1704,PATANJALI,EQ,489229,323469,66.12
20,1705,PATELENG,EQ,6636801,4578050,68.98
20,1706,PATINTLOG,EQ,921044,382602,41.54
20,1707,PATTECH,SM,9000,9000,100.00
20,1708,PAVNAIND,EQ,6458,3311,51.27
20,1709,PAYTM,EQ,5509816,2061794,37.42
20,1710,PCBL,EQ,32541135,6833406,21.00
20,1711,PCCL,SM,148000,119200,80.54
20,1712,PCJEWELLER,EQ,17885028,6212753,34.74
20,1713,PDMJEPAPER,EQ,256470,122826,47.89
20,1714,PDSL,EQ,340941,171124,50.19
20,1715,PEL,EQ,2158517,1490558,69.05
20,1716,PENIND,EQ,1153239,455351,39.48
20,1717,PENINLAND,EQ,549962,287569,52.29
20,1718,PENTAGON,SM,3000,2000,66.67
20,1719,PERFECT,ST,72000,60000,83.33
20,1720,PERSISTENT,EQ,253525,101110,39.88
20,1721,PETRONET,EQ,6067337,3737881,61.61
20,1722,PFC,EQ,10651189,6283427,58.99
20,1723,PFIZER,EQ,22928,12802,55.84
20,1724,PFS,EQ,3969812,1829496,46.09
20,1725,PGEL,EQ,717908,481128,67.02
20,1726,PGHH,EQ,4132,1771,42.86
20,1727,PGHL,EQ,26722,21087,78.91
20,1728,PGIL,EQ,100206,35589,35.52
20,1729,PGINVIT,IV,2468163,2301295,93.24
20,1730,PHANTOMFX,SM,204600,111600,54.55
20,1731,PHARMABEES,EQ,3770981,2091156,55.45
20,1732,PHOENIXLTD,EQ,474736,274770,57.88
20,1733,PIDILITIND,EQ,222347,113752,51.16
20,1734,PIIND,EQ,313317,175613,56.05
20,1735,PILANIINVS,EQ,6286,2483,39.50
20,1736,PILITA,EQ,245741,156925,63.86
20,1737,PIONEEREMB,EQ,54228,20813,38.38
20,1738,PITTIENG,EQ,63784,24845,38.95
20,1739,PIXTRANS,EQ,36456,13051,35.80
20,1740,PLADAINFO,SM,3000,3000,100.00
20,1741,PLASTIBLEN,EQ,30243,17709,58.56
20,1742,PLATIND,EQ,999384,462690,46.30
20,1743,PLAZACABLE,EQ,5066699,1342381,26.49
20,1744,PNB,EQ,23162046,7139525,30.82
20,1745,PNBGILTS,EQ,493093,205795,41.74
20,1746,PNBHOUSING,EQ,3258960,1592858,48.88
20,1747,PNC,EQ,35124,22322,63.55
20,1748,PNCINFRA,EQ,408434,225623,55.24
20,1749,POCL,EQ,751613,226555,30.14
20,1750,PODDARMENT,EQ,29415,13587,46.19
20,1751,POKARNA,EQ,34046,18951,55.66
20,1752,POLICYBZR,EQ,1764030,1225997,69.50
20,1753,POLYCAB,EQ,248158,111657,44.99
20,1754,POLYMED,EQ,158219,103929,65.69
20,1755,POLYPLEX,EQ,299085,129481,43.29
20,1756,POLYSIL,SM,14000,10000,71.43
20,1757,PONNIERODE,EQ,53250,29151,54.74
20,1758,POONAWALLA,EQ,3179246,2195563,69.06
20,1759,POWERGRID,EQ,26792459,12456636,46.49
20,1760,POWERINDIA,EQ,98631,45969,46.61
20,1761,POWERMECH,EQ,20778,9419,45.33
20,1762,PPAP,EQ,17011,10229,60.13
20,1763,PPL,EQ,83138,36553,43.97
20,1764,PPLPHARMA,EQ,2376522,1210622,50.94
20,1765,PRAENG,EQ,401896,261476,65.06
20,1766,PRAJIND,EQ,520057,247207,47.53
20,1767,PRAKASH,EQ,1056092,542485,51.37
20,1768,PRAMARA,SM,6000,6000,100.00
20,1769,PRATHAM,SM,88000,65600,74.55
20,1770,PRECAM,EQ,128565,67315,52.36
20,1771,PRECISION,SM,182000,112000,61.54
20,1772,PRECWIRE,EQ,720983,426736,59.19
20,1773,PREMIERPOL,EQ,63961,37543,58.70
20,1774,PRESSTONIC,SM,9600,6400,66.67
20,1775,PRESTIGE,EQ,949470,555201,58.47
20,1776,PRICOLLTD,EQ,4023924,1024209,25.45
20,1777,PRIMESECU,EQ,15504,6312,40.71
20,1778,PRINCEPIPE,EQ,361167,100949,27.95
20,1779,PRITI,EQ,1350206,376868,27.91
20,1780,PRITIKA,SM,74000,74000,100.00
20,1781,PRITIKAUTO,EQ,1026170,711376,69.32
20,1782,PRIVISCL,EQ,33492,14423,43.06
20,1783,PRIZOR,ST,9600,9600,100.00
20,1784,PRLIND,SM,150000,90000,60.00
20,1785,PROLIFE,SM,6000,5000,83.33
20,1786,PROPEQUITY,SM,3600,3000,83.33
20,1787,PROV,SM,9280,7200,77.59
20,1788,PROZONER,EQ,1106034,428875,38.78
20,1789,PRSMJOHNSN,EQ,134367,49777,37.05
20,1790,PRUDENT,EQ,16987,7782,45.81
20,1791,PRUDMOULI,EQ,120238,70647,58.76
20,1792,PSB,EQ,5533145,1677154,30.31
20,1793,PSPPROJECT,EQ,238521,132256,55.45
20,1794,PSUBANK,EQ,71564,48821,68.22
20,1795,PSUBANKADD,EQ,36479,11065,30.33
20,1796,PSUBNKBEES,EQ,1887589,1182373,62.64
20,1797,PSUBNKIETF,EQ,135167,83841,62.03
20,1798,PTC,EQ,1383107,580762,41.99
20,1799,PTL,EQ,198952,112013,56.30
20,1800,PULZ,SM,17000,15000,88.24
20,1801,PUNJABCHEM,EQ,34880,19457,55.78
20,1802,PURVFLEXI,SM,1600,1600,100.00
20,1803,PVP,EQ,429625,283400,65.96
20,1804,PVRINOX,EQ,229898,82931,36.07
20,1805,PVSL,EQ,412827,190600,46.17
20,1806,PVTBANIETF,EQ,1505999,1051621,69.83
20,1807,PVTBANKADD,EQ,126359,108613,85.96
20,1808,PYRAMID,EQ,160317,77656,48.44
20,1809,QFIL,SM,3000,3000,100.00
20,1810,QGOLDHALF,EQ,17695,13093,73.99
20,1811,QMSMEDI,SM,20000,15000,75.00
20,1812,QNIFTY,EQ,362,307,84.81
20,1813,QUADPRO,SM,24000,24000,100.00
20,1814,QUAL30IETF,EQ,1294885,1213112,93.68
20,1815,QUESS,EQ,658230,417256,63.39
20,1816,QUESTLAB,SM,14400,12000,83.33
20,1817,QUICKHEAL,EQ,487057,107093,21.99
20,1818,QUICKTOUCH,SM,22500,17500,77.78
20,1819,RACE,EQ,93332,49324,52.85
20,1820,RADHIKAJWE,EQ,1854174,717216,38.68
20,1821,RADIANTCMS,EQ,1381346,667193,48.30
20,1822,RADICO,EQ,91396,44147,48.30
20,1823,RADIOCITY,EQ,588826,322995,54.85
20,1824,RADIOCITY,P1,3834,3656,95.36
20,1825,RADIOWALLA,SM,4800,4800,100.00
20,1826,RAILTEL,EQ,2935815,881002,30.01
20,1827,RAIN,EQ,2139096,858089,40.11
20,1828,RAINBOW,EQ,123551,78591,63.61
20,1829,RAJESHEXPO,EQ,402183,191889,47.71
20,1830,RAJMET,EQ,1549506,828166,53.45
20,1831,RAJRATAN,EQ,155825,81758,52.47
20,1832,RAJSREESUG,EQ,217799,110402,50.69
20,1833,RALLIS,EQ,520057,185838,35.73
20,1834,RAMANEWS,EQ,86999,65143,74.88
20,1835,RAMAPHO,EQ,43762,24496,55.98
20,1836,RAMASTEEL,EQ,178218384,46064072,25.85
20,1837,RAMCOCEM,EQ,742587,461062,62.09
20,1838,RAMCOIND,EQ,150178,69186,46.07
20,1839,RAMCOSYS,EQ,44443,29918,67.32
20,1840,RAMKY,EQ,215451,104451,48.48
20,1841,RAMRAT,EQ,43067,22253,51.67
20,1842,RANASUG,EQ,1423312,766456,53.85
20,1843,RANEENGINE,EQ,12380,5221,42.17
20,1844,RANEHOLDIN,EQ,6269,3955,63.09
20,1845,RATEGAIN,EQ,233882,128301,54.86
20,1846,RATNAMANI,EQ,47729,13209,27.67
20,1847,RATNAVEER,EQ,653800,301195,46.07
20,1848,RAYMOND,EQ,180423,79290,43.95
20,1849,RBA,EQ,10136284,4965510,48.99
20,1850,RBL,EQ,18299,9518,52.01
20,1851,RBLBANK,EQ,5552844,2204291,39.70
20,1852,RBMINFRA,SM,30200,18600,61.59
20,1853,RBS,SM,48000,40000,83.33
20,1854,RCDL,SM,39000,36000,92.31
20,1855,RCF,EQ,6191879,1457488,23.54
20,1856,RECLTD,EQ,10556749,5137185,48.66
20,1857,REDINGTON,EQ,2142202,1030822,48.12
20,1858,REDTAPE,EQ,177810,111807,62.88
20,1859,REFEX,EQ,1163454,598940,51.48
20,1860,REFRACTORY,ST,12000,8000,66.67
20,1861,RELAXO,EQ,219095,101659,46.40
20,1862,RELCHEMQ,EQ,4899,1441,29.41
20,1863,RELIANCE,EQ,5382111,3647873,67.78
20,1864,RELIGARE,EQ,1041873,632019,60.66
20,1865,RELINFRA,EQ,16900302,6077646,35.96
20,1866,RELTD,EQ,70854,47826,67.50
20,1867,REMSONSIND,EQ,30318,21375,70.50
20,1868,REMUS,SM,27600,18600,67.39
20,1869,RENUKA,EQ,22992209,9299792,40.45
20,1870,REPCOHOME,EQ,144203,79097,54.85
20,1871,REPL,EQ,8372,3348,39.99
20,1872,REPRO,EQ,43013,21033,48.90
20,1873,RESPONIND,EQ,1047362,136367,13.02
20,1874,REXPIPES,SM,10000,10000,100.00
20,1875,RGL,EQ,175844,104701,59.54
20,1876,RHIM,EQ,113854,60215,52.89
20,1877,RHL,EQ,20625,12094,58.64
20,1878,RICHA,SM,18000,14000,77.78
20,1879,RICOAUTO,EQ,1292022,572236,44.29
20,1880,RIIL,EQ,246113,63386,25.75
20,1881,RILINFRA,ST,95800,86000,89.77
20,1882,RISHABH,EQ,84559,51022,60.34
20,1883,RITCO,EQ,182169,86993,47.75
20,1884,RITES,EQ,2415217,590951,24.47
20,1885,RITEZONE,SM,9600,9600,100.00
20,1886,RKFORGE,EQ,254334,116542,45.82
20,1887,RKSWAMY,EQ,387166,150947,38.99
20,1888,RMDRIP,SM,7000,5000,71.43
20,1889,RML,EQ,8045,4380,54.44
20,1890,RNFI,ST,24000,24000,100.00
20,1891,ROCKINGDCE,SM,17500,5750,32.86
20,1892,ROHLTD,EQ,33321,20100,60.32
20,1893,ROLEXRINGS,EQ,6765,4003,59.17
20,1894,ROSSARI,EQ,1091066,330019,30.25
20,1895,ROSSELLIND,EQ,50483,27693,54.86
20,1896,ROTO,EQ,234083,115678,49.42
20,1897,ROUTE,EQ,103468,49238,47.59
20,1898,ROXHITECH,SM,51200,40000,78.13
20,1899,RPGLIFE,EQ,43573,12011,27.57
20,1900,RPOWER,EQ,149866875,55037225,36.72
20,1901,RPPINFRA,EQ,909981,357824,39.32
20,1902,RPPL,EQ,459236,243856,53.10
20,1903,RPSGVENT,EQ,768834,304319,39.58
20,1904,RPTECH,EQ,285423,151039,52.92
20,1905,RRKABEL,EQ,382639,259065,67.70
20,1906,RSWM,EQ,211206,118095,55.91
20,1907,RSYSTEMS,EQ,79739,44904,56.31
20,1908,RTNINDIA,EQ,2535475,1143452,45.10
20,1909,RUBYMILLS,EQ,28043,16786,59.86
20,1910,RUCHINFRA,EQ,730114,444606,60.90
20,1911,RUCHIRA,EQ,91682,50054,54.60
20,1912,RULKA,ST,9000,9000,100.00
20,1913,RUPA,EQ,1158222,362053,31.26
20,1914,RUSHIL,EQ,641586,351298,54.75
20,1915,RUSTOMJEE,EQ,66748,42333,63.42
20,1916,RVHL,EQ,139555,83129,59.57
20,1917,RVNL,EQ,9507451,3143119,33.06
20,1918,SAAKSHI,ST,8400,7200,85.71
20,1919,SABAR,SM,135000,115000,85.19
20,1920,SADBHAV,EQ,1027966,741844,72.17
20,1921,SADBHIN,EQ,156061,113407,72.67
20,1922,SADHAV,SM,63600,50400,79.25
20,1923,SADHNANIQ,EQ,524861,231132,44.04
20,1924,SAFARI,EQ,34038,20359,59.81
20,1925,SAGCEM,EQ,149618,81364,54.38
20,1926,SAH,EQ,28175,8608,30.55
20,1927,SAHAJ,SM,8000,8000,100.00
20,1928,SAHAJSOLAR,ST,398400,387200,97.19
20,1929,SAHANA,SM,9250,7750,83.78
20,1930,SAHYADRI,EQ,8925,6495,72.77
20,1931,SAIFL,SM,15200,12000,78.95
20,1932,SAIL,EQ,37281190,11010487,29.53
20,1933,SAKAR,EQ,10113,5812,57.47
20,1934,SAKHTISUG,EQ,684592,287810,42.04
20,1935,SAKSOFT,EQ,395929,176388,44.55
20,1936,SAKUMA,EQ,9112432,3114513,34.18
20,1937,SALASAR,EQ,2765572,1756383,63.51
20,1938,SALONA,EQ,874,617,70.59
20,1939,SALZERELEC,EQ,84069,37582,44.70
20,1940,SAMBHAAV,EQ,203027,131550,64.79
20,1941,SAMHI,EQ,759447,457048,60.18
20,1942,SAMMAANCAP,EQ,3228875,1714425,53.10
20,1943,SANDESH,EQ,12479,6897,55.27
20,1944,SANDHAR,EQ,113705,59239,52.10
20,1945,SANDUMA,EQ,595195,286218,48.09
20,1946,SANGAMIND,EQ,9926,5801,58.44
20,1947,SANGANI,SM,15000,15000,100.00
20,1948,SANGHIIND,EQ,502217,311562,62.04
20,1949,SANGHVIMOV,EQ,476404,223684,46.95
20,1950,SANGINITA,EQ,111091,98958,89.08
20,1951,SANOFI,EQ,24871,22283,89.59
20,1952,SANSERA,EQ,145632,98179,67.42
20,1953,SANSTAR,EQ,3969465,1941256,48.90
20,1954,SAPPHIRE,EQ,1011491,166091,16.42
20,1955,SARDAEN,EQ,946078,613177,64.81
20,1956,SAREGAMA,EQ,349515,195539,55.95
20,1957,SARLAPOLY,EQ,1161160,443162,38.17
20,1958,SAROJA,SM,19200,14400,75.00
20,1959,SARTELE,SM,1324000,664000,50.15
20,1960,SARVESHWAR,EQ,1933905,1338904,69.23
20,1961,SASKEN,EQ,47881,23038,48.12
20,1962,SASTASUNDR,EQ,37743,18742,49.66
20,1963,SATIA,EQ,335434,191915,57.21
20,1964,SATIN,EQ,612815,327431,53.43
20,1965,SATINDLTD,EQ,966438,545047,56.40
20,1966,SATIPOLY,ST,60000,53000,88.33
20,1967,SAURASHCEM,EQ,348717,206172,59.12
20,1968,SBC,EQ,2302078,862068,37.45
20,1969,SBCL,EQ,82696,38989,47.15
20,1970,SBFC,EQ,1254215,601165,47.93
20,1971,SBGLP,EQ,752481,372616,49.52
20,1972,SBICARD,EQ,560280,258389,46.12
20,1973,SBIETFCON,EQ,9610,8614,89.64
20,1974,SBIETFIT,EQ,7880,5179,65.72
20,1975,SBIETFPB,EQ,10012,7474,74.65
20,1976,SBIETFQLTY,EQ,2426,2230,91.92
20,1977,SBILIFE,EQ,1247361,623834,50.01
20,1978,SBIN,EQ,11787203,5470508,46.41
20,1979,SBINEQWETF,EQ,37236,21772,58.47
20,1980,SBISILVER,EQ,46624,44280,94.97
20,1981,SCHAEFFLER,EQ,47415,23586,49.74
20,1982,SCHAND,EQ,50941,25922,50.89
20,1983,SCHNEIDER,EQ,586673,264740,45.13
20,1984,SCI,EQ,8515679,2370234,27.83
20,1985,SCILAL,EQ,3300749,1427835,43.26
20,1986,SCL310524,ZF,8,8,100.00
20,1987,SCML,SM,50000,44000,88.00
20,1988,SCPL,EQ,32463,17960,55.32
20,1989,SDBL,EQ,2221109,1268748,57.12
20,1990,SDL24BEES,EQ,1295,1293,99.85
20,1991,SDL26BEES,EQ,1696,935,55.13
20,1992,SEAMECLTD,EQ,154129,100231,65.03
20,1993,SECL,SM,6250,6250,100.00
20,1994,SECMARK,EQ,407,296,72.73
20,1995,SECURKLOUD,EQ,23511,16308,69.36
20,1996,SEL,SM,19600,14400,73.47
20,1997,SELAN,EQ,1649431,342456,20.76
20,1998,SELMC,EQ,158097,63554,40.20
20,1999,SENCO,EQ,173624,115314,66.42
20,2000,SENSEXADD,EQ,570,428,75.09
20,2001,SENSEXETF,EQ,7188,4425,61.56
20,2002,SENSEXIETF,EQ,1311,767,58.50
20,2003,SEPC,EQ,12409809,6708231,54.06
20,2004,SEQUENT,EQ,895715,430883,48.10
20,2005,SERVICE,SM,48000,44000,91.67
20,2006,SERVOTECH,EQ,1175737,697244,59.30
20,2007,SESHAPAPER,EQ,36535,19486,53.34
20,2008,SETF10GILT,EQ,24606,14979,60.88
20,2009,SETFGOLD,EQ,1710546,1394958,81.55
20,2010,SETFNIF50,EQ,637011,479349,75.25
20,2011,SETFNIFBK,EQ,18526,11429,61.69
20,2012,SETFNN50,EQ,42314,34409,81.32
20,2013,SFL,EQ,80072,52891,66.05
20,2014,SFLZC24A,ZB,290,290,100.00
20,2015,SFLZC25A,ZK,35,35,100.00
20,2016,SGBAPR28I,GB,693,478,68.98
20,2017,SGBAUG24,GB,356,250,70.22
20,2018,SGBAUG27,GB,80,78,97.50
20,2019,SGBAUG28V,GB,2493,2297,92.14
20,2020,SGBAUG29V,GB,91,77,84.62
20,2021,SGBAUG30,GB,299,254,84.95
20,2022,SGBD29VIII,GB,131,99,75.57
20,2023,SGBDC27VII,GB,41,29,70.73
20,2024,SGBDE30III,GB,307,180,58.63
20,2025,SGBDE31III,GB,1664,1257,75.54
20,2026,SGBDEC25,GB,2,2,100.00
20,2027,SGBDEC26,GB,3,3,100.00
20,2028,SGBFEB27,GB,25,25,100.00
20,2029,SGBFEB28IX,GB,4,3,75.00
20,2030,SGBFEB29XI,GB,126,88,69.84
20,2031,SGBFEB32IV,GB,2151,1539,71.55
20,2032,SGBJ28VIII,GB,12,11,91.67
20,2033,SGBJAN26,GB,15,15,100.00
20,2034,SGBJAN27,GB,19,19,100.00
20,2035,SGBJAN29IX,GB,62,51,82.26
20,2036,SGBJAN29X,GB,138,98,71.01
20,2037,SGBJAN30IX,GB,108,99,91.67
20,2038,SGBJU29III,GB,216,163,75.46
20,2039,SGBJUL25,GB,18,18,100.00
20,2040,SGBJUL27,GB,10,5,50.00
20,2041,SGBJUL28IV,GB,711,448,63.01
20,2042,SGBJUL29IV,GB,175,139,79.43
20,2043,SGBJUN27,GB,69,69,100.00
20,2044,SGBJUN28,GB,56,40,71.43
20,2045,SGBJUN29II,GB,270,214,79.26
20,2046,SGBJUN30,GB,524,339,64.69
20,2047,SGBJUN31I,GB,865,584,67.51
20,2048,SGBMAR25,GB,101,86,85.15
20,2049,SGBMAR28X,GB,38,38,100.00
20,2050,SGBMAR30X,GB,199,177,88.94
20,2051,SGBMAR31IV,GB,338,250,73.96
20,2052,SGBMAY25,GB,149,67,44.97
20,2053,SGBMAY28,GB,313,282,90.10
20,2054,SGBMAY29I,GB,386,325,84.20
20,2055,SGBMR29XII,GB,110,101,91.82
20,2056,SGBN28VIII,GB,71,35,49.30
20,2057,SGBNOV24,GB,164,154,93.90
20,2058,SGBNOV25,GB,4,3,75.00
20,2059,SGBNOV25IX,GB,10,10,100.00
20,2060,SGBNOV26,GB,4,4,100.00
20,2061,SGBNV29VII,GB,208,183,87.98
20,2062,SGBOC28VII,GB,41,28,68.29
20,2063,SGBOCT25,GB,32,27,84.38
20,2064,SGBOCT27,GB,34,34,100.00
20,2065,SGBOCT27VI,GB,60,40,66.67
20,2066,SGBSEP24,GB,203,183,90.15
20,2067,SGBSEP27,GB,22,22,100.00
20,2068,SGBSEP28VI,GB,220,220,100.00
20,2069,SGBSEP29VI,GB,438,299,68.26
20,2070,SGBSEP31II,GB,1220,873,71.56
20,2071,SGIL,EQ,41452,28203,68.04
20,2072,SGL,EQ,301536,172265,57.13
20,2073,SHAH,EQ,25483004,14852333,58.28
20,2074,SHAHALLOYS,EQ,14957,7575,50.65
20,2075,SHAILY,EQ,111434,84117,75.49
20,2076,SHAKTIPUMP,EQ,265641,122909,46.27
20,2077,SHALBY,EQ,428940,138610,32.31
20,2078,SHALPAINTS,EQ,119251,68304,57.28
20,2079,SHANKARA,EQ,34303,20306,59.20
20,2080,SHANTHALA,SM,15600,14400,92.31
20,2081,SHANTIGEAR,EQ,29222,14483,49.56
20,2082,SHARDACROP,EQ,204721,92044,44.96
20,2083,SHARDAMOTR,EQ,32533,19937,61.28
20,2084,SHAREINDIA,EQ,591318,408842,69.14
20,2085,SHAREINDIA,W1,239,238,99.58
20,2086,SHARIABEES,EQ,5272,3912,74.20
20,2087,SHEETAL,SM,48000,34000,70.83
20,2088,SHEMAROO,EQ,105625,53365,50.52
20,2089,SHERA,SM,144000,109000,75.69
20,2090,SHIGAN,SM,10500,10500,100.00
20,2091,SHILPAMED,EQ,783832,269901,34.43
20,2092,SHIVALIK,EQ,14944,7068,47.30
20,2093,SHIVAMAUTO,EQ,12748403,2356326,18.48
20,2094,SHIVAMILLS,EQ,11349,7078,62.37
20,2095,SHIVATEX,EQ,59153,28205,47.68
20,2096,SHK,EQ,388499,221388,56.99
20,2097,SHOPERSTOP,EQ,20119,11854,58.92
20,2098,SHREDIGCEM,EQ,512301,295712,57.72
20,2099,SHREECEM,EQ,29621,17662,59.63
20,2100,SHREEKARNI,ST,6600,6600,100.00
20,2101,SHREEOSFM,SM,17000,15000,88.24
20,2102,SHREEPUSHK,EQ,320942,184870,57.60
20,2103,SHREYANIND,EQ,19770,10635,53.79
20,2104,SHREYAS,EQ,64293,28903,44.96
20,2105,SHRIPISTON,EQ,232683,101791,43.75
20,2106,SHRIRAMFIN,EQ,1771944,1048490,59.17
20,2107,SHRIRAMPPS,EQ,1809382,1051928,58.14
20,2108,SHRITECH,SM,32000,20000,62.50
20,2109,SHUBHLAXMI,SM,71000,45000,63.38
20,2110,SHYAMCENT,EQ,504638,361016,71.54
20,2111,SHYAMMETL,EQ,2160073,773409,35.80
20,2112,SIDDHIKA,SM,12000,12000,100.00
20,2113,SIEMENS,EQ,537036,273031,50.84
20,2114,SIGACHI,EQ,3226079,1302915,40.39
20,2115,SIGIND,EQ,36467,21536,59.06
20,2116,SIGMA,EQ,4218,2402,56.95
20,2117,SIGNATURE,EQ,642277,179598,27.96
20,2118,SIGNORIA,SM,24000,16000,66.67
20,2119,SIGNPOST,EQ,68222,42576,62.41
20,2120,SILGO,EQ,138518,59891,43.24
20,2121,SILINV,EQ,7814,4139,52.97
20,2122,SILKFLEX,SM,16000,14000,87.50
20,2123,SILLYMONKS,EQ,126736,69882,55.14
20,2124,SILVER,EQ,119429,92880,77.77
20,2125,SILVER1,EQ,58533,45681,78.04
20,2126,SILVERADD,EQ,13373,11068,82.76
20,2127,SILVERBEES,EQ,5723859,4858423,84.88
20,2128,SILVERETF,EQ,159753,105797,66.23
20,2129,SILVERIETF,EQ,2332266,2215643,95.00
20,2130,SILVERTUC,EQ,18877,2777,14.71
20,2131,SILVRETF,EQ,17920,16233,90.59
20,2132,SIMPLEXINF,EQ,24630,22146,89.91
20,2133,SINCLAIR,EQ,27082,18976,70.07
20,2134,SINDHUTRAD,EQ,1328379,636886,47.94
20,2135,SINTERCOM,EQ,39263,34892,88.87
20,2136,SIRCA,EQ,71661,42430,59.21
20,2137,SIS,EQ,373574,125523,33.60
20,2138,SIYSIL,EQ,42430,22690,53.48
20,2139,SJLOGISTIC,SM,236500,149500,63.21
20,2140,SJS,EQ,66176,35475,53.61
20,2141,SJVN,EQ,11503150,4288628,37.28
20,2142,SKFINDIA,EQ,57616,32519,56.44
20,2143,SKIPPER,EQ,2259884,583426,25.82
20,2144,SKIPPERPP,E1,7173,4552,63.46
20,2145,SKMEGGPROD,EQ,115065,51358,44.63
20,2146,SKP,SM,17500,13500,77.14
20,2147,SLONE,ST,27200,25600,94.12
20,2148,SMALLCAP,EQ,886069,717355,80.96
20,2149,SMCGLOBAL,EQ,529690,301600,56.94
20,2150,SMLISUZU,EQ,57238,30532,53.34
20,2151,SMLT,EQ,47905,33962,70.89
20,2152,SMSLIFE,EQ,5407,4187,77.44
20,2153,SMSPHARMA,EQ,643681,279724,43.46
20,2154,SMVD,SM,20200,16160,80.00
20,2155,SNOWMAN,EQ,2402562,1230621,51.22
20,2156,SOBHA,EQ,214475,157026,73.21
20,2157,SOBHAPP,E1,2035,1831,89.98
20,2158,SOFTTECH,EQ,3185,1596,50.11
20,2159,SOLARAPP,X1,2948,2930,99.39
20,2160,SOLARINDS,EQ,28417,17014,59.87
20,2161,SOLEX,SM,10400,7200,69.23
20,2162,SOMANYCERA,EQ,43238,22001,50.88
20,2163,SONACOMS,EQ,792866,487789,61.52
20,2164,SONAMAC,SM,27000,21000,77.78
20,2165,SONAMLTD,EQ,71479,31419,43.96
20,2166,SONATSOFTW,EQ,4625808,2194276,47.44
20,2167,SONUINFRA,ST,6000,6000,100.00
20,2168,SOTL,EQ,115443,60508,52.41
20,2169,SOUTHBANK,EQ,16332325,8709859,53.33
20,2170,SOUTHWEST,EQ,57727,33514,58.06
20,2171,SPAL,EQ,17485,8079,46.21
20,2172,SPANDANA,EQ,147513,85435,57.92
20,2173,SPARC,EQ,374365,184772,49.36
20,2174,SPCENET,EQ,3650628,2130012,58.35
20,2175,SPCL,SM,216000,99600,46.11
20,2176,SPECIALITY,EQ,29159,19934,68.36
20,2177,SPECTRUM,SM,1000,1000,100.00
20,2178,SPECTSTM,SM,16800,14400,85.71
20,2179,SPENCERS,EQ,397970,206687,51.94
20,2180,SPIC,EQ,1542783,521237,33.79
20,2181,SPLIL,EQ,78434,31830,40.58
20,2182,SPLPETRO,EQ,40471,20891,51.62
20,2183,SPMLINFRA,EQ,138755,92954,66.99
20,2184,SPORTKING,EQ,57266,32135,56.12
20,2185,SPRL,ST,22400,12000,53.57
20,2186,SREEL,EQ,74113,35041,47.28
20,2187,SRF,EQ,810488,508468,62.74
20,2188,SRGHFL,EQ,6704,3221,48.05
20,2189,SRHHYPOLTD,EQ,54283,24531,45.19
20,2190,SRIVASAVI,SM,20000,18000,90.00
20,2191,SRM,EQ,174922,106926,61.13
20,2192,SSFL,SM,8000,7000,87.50
20,2193,SSWL,EQ,200818,94013,46.82
20,2194,STANLEY,EQ,381164,175607,46.07
20,2195,STAR,EQ,797203,328100,41.16
20,2196,STARCEMENT,EQ,219324,115633,52.72
20,2197,STARHEALTH,EQ,600327,373080,62.15
20,2198,STARPAPER,EQ,42576,24833,58.33
20,2199,STCINDIA,EQ,614699,150446,24.47
20,2200,STEELCAS,EQ,23726,14686,61.90
20,2201,STEELCITY,EQ,34880,21850,62.64
20,2202,STEELXIND,EQ,12352371,5594095,45.29
20,2203,STEL,EQ,14822,11205,75.60
20,2204,STERTOOLS,EQ,63574,32406,50.97
20,2205,STLTECH,EQ,6078257,2719458,44.74
20,2206,STOVEKRAFT,EQ,51439,24670,47.96
20,2207,STYLAMIND,EQ,33707,17906,53.12
20,2208,STYRENIX,EQ,52871,25683,48.58
20,2209,SUBEXLTD,EQ,13155677,5272680,40.08
20,2210,SUBROS,EQ,68484,34222,49.97
20,2211,SUDARSCHEM,EQ,823986,280356,34.02
20,2212,SUKHJITS,EQ,15317,8777,57.30
20,2213,SULA,EQ,177165,101146,57.09
20,2214,SUMICHEM,EQ,468895,211627,45.13
20,2215,SUMMITSEC,EQ,6978,3355,48.08
20,2216,SUNCLAY,EQ,4860,3225,66.36
20,2217,SUNDARMFIN,EQ,38664,17703,45.79
20,2218,SUNDARMHLD,EQ,872576,350996,40.23
20,2219,SUNDRMBRAK,EQ,13442,4822,35.87
20,2220,SUNDRMFAST,EQ,212396,116973,55.07
20,2221,SUNFLAG,EQ,3213533,1141323,35.52
20,2222,SUNPHARMA,EQ,5258291,1620145,30.81
20,2223,SUNREST,SM,1600,1600,100.00
20,2224,SUNTECK,EQ,234494,101298,43.20
20,2225,SUNTV,EQ,1113273,505285,45.39
20,2226,SUPERHOUSE,EQ,16162,9571,59.22
20,2227,SUPERSPIN,EQ,122304,78838,64.46
20,2228,SUPRAJIT,EQ,93571,56195,60.06
20,2229,SUPREMEIND,EQ,91327,55288,60.54
20,2230,SUPREMEPWR,ST,80000,67000,83.75
20,2231,SUPRIYA,EQ,187547,98727,52.64
20,2232,SURANASOL,EQ,337893,213436,63.17
20,2233,SURANI,SM,15400,12400,80.52
20,2234,SURYALAXMI,EQ,1681666,418679,24.90
20,2235,SURYAROSNI,EQ,386850,173927,44.96
20,2236,SURYODAY,EQ,2640324,1145905,43.40
20,2237,SUTLEJTEX,EQ,388850,176194,45.31
20,2238,SUVEN,EQ,233052,129218,55.45
20,2239,SUVENPHAR,EQ,1028041,139233,13.54
20,2240,SUVIDHAA,EQ,924412,696135,75.31
20,2241,SUZLON,EQ,134824650,69982021,51.91
20,2242,SVLL,EQ,5196,4203,80.89
20,2243,SVPGLOB,EQ,122059,79135,64.83
20,2244,SWANENERGY,EQ,3123293,1397108,44.73
20,2245,SWARAJ,SM,138000,101000,73.19
20,2246,SWARAJENG,EQ,10200,4971,48.74
20,2247,SWASTIK,SM,16800,14400,85.71
20,2248,SWELECTES,EQ,30104,16721,55.54
20,2249,SWSOLAR,EQ,594519,376468,63.32
20,2250,SYLVANPLY,SM,72000,52000,72.22
20,2251,SYMPHONY,EQ,82229,42776,52.02
20,2252,SYNCOMF,EQ,9860245,4483698,45.47
20,2253,SYNGENE,EQ,1484884,768889,51.78
20,2254,SYNOPTICS,SM,2400,2400,100.00
20,2255,SYRMA,EQ,684097,361319,52.82
20,2256,SYSTANGO,SM,40800,36400,89.22
20,2257,TAC,SM,7200,6000,83.33
20,2258,TAJGVK,EQ,178967,113558,63.45
20,2259,TAKE,EQ,112698,78132,69.33
20,2260,TALBROAUTO,EQ,456035,231346,50.73
20,2261,TANLA,EQ,728322,292262,40.13
20,2262,TAPIFRUIT,SM,1500,1500,100.00
20,2263,TARACHAND,EQ,141032,78586,55.72
20,2264,TARMAT,EQ,1000142,442255,44.22
20,2265,TARSONS,EQ,49638,20157,40.61
20,2266,TASTYBITE,EQ,4155,2108,50.73
20,2267,TATACHEM,EQ,872250,313955,35.99
20,2268,TATACOMM,EQ,601244,268479,44.65
20,2269,TATACONSUM,EQ,1675363,766719,45.76
20,2270,TATAELXSI,EQ,55665,30295,54.42
20,2271,TATAGOLD,EQ,4740556,4005125,84.49
20,2272,TATAINVEST,EQ,23094,14802,64.09
20,2273,TATAMOTORS,EQ,14375948,5568898,38.74
20,2274,TATAMTRDVR,EQ,1700937,892464,52.47
20,2275,TATAPOWER,EQ,34019552,13067658,38.41
20,2276,TATASTEEL,EQ,118341338,52940254,44.74
20,2277,TATATECH,EQ,578837,351590,60.74
20,2278,TATSILV,EQ,1042166,925674,88.82
20,2279,TATVA,EQ,114770,80015,69.72
20,2280,TBI,ST,42000,39600,94.29
20,2281,TBOTEK,EQ,54650,19767,36.17
20,2282,TBZ,EQ,376928,168731,44.76
20,2283,TCHF30,NB,88,88,100.00
20,2284,TCI,EQ,76273,34438,45.15
20,2285,TCIEXP,EQ,15707,7267,46.27
20,2286,TCL,SM,132800,76800,57.83
20,2287,TCNSBRANDS,EQ,126353,39902,31.58
20,2288,TCPLPACK,EQ,127916,66157,51.72
20,2289,TCS,EQ,2202244,1406101,63.85
20,2290,TDPOWERSYS,EQ,385748,206409,53.51
20,2291,TEAMLEASE,EQ,110022,57518,52.28
20,2292,TECH,EQ,27968,23702,84.75
20,2293,TECHLABS,ST,31000,26500,85.48
20,2294,TECHM,EQ,1315921,695339,52.84
20,2295,TEGA,EQ,52533,17383,33.09
20,2296,TEJASNET,EQ,269538,161686,59.99
20,2297,TEMBO,EQ,13351,8972,67.20
20,2298,TEXINFRA,EQ,1832802,812284,44.32
20,2299,TEXMOPIPES,EQ,105915,57181,53.99
20,2300,TEXRAIL,EQ,2487652,1158062,46.55
20,2301,TFCILTD,EQ,598652,350700,58.58
20,2302,TGBHOTELS,EQ,389093,215428,55.37
20,2303,TGL,ST,37200,37200,100.00
20,2304,THANGAMAYL,EQ,31310,17423,55.65
20,2305,THEJO,EQ,18561,8534,45.98
20,2306,THEMISMED,EQ,158788,61865,38.96
20,2307,THERMAX,EQ,88390,37735,42.69
20,2308,THOMASCOOK,EQ,5179025,3055077,58.99
20,2309,THYROCARE,EQ,258715,104036,40.21
20,2310,TI,EQ,721393,318933,44.21
20,2311,TIDEWATER,EQ,64610,31199,48.29
20,2312,TIIL,EQ,20282,10301,50.79
20,2313,TIINDIA,EQ,278189,219048,78.74
20,2314,TIMESCAN,SM,18000,16000,88.89
20,2315,TIMESGTY,EQ,11479,9622,83.82
20,2316,TIMETECHNO,EQ,1122289,417290,37.18
20,2317,TIMKEN,EQ,129632,72760,56.13
20,2318,TIPSFILMS,EQ,9911,7008,70.71
20,2319,TIPSINDLTD,EQ,588702,326982,55.54
20,2320,TIRUMALCHM,EQ,507730,289780,57.07
20,2321,TITAGARH,EQ,1392141,633440,45.50
20,2322,TITAN,EQ,879399,402594,45.78
20,2323,TMB,EQ,122688,70371,57.36
20,2324,TNIDETF,EQ,85373,75340,88.25
20,2325,TNPETRO,EQ,701654,349579,49.82
20,2326,TNPL,EQ,71059,42248,59.45
20,2327,TOKYOPLAST,EQ,18757,12658,67.48
20,2328,TOP100CASE,EQ,99889,98861,98.97
20,2329,TORNTPHARM,EQ,400745,292510,72.99
20,2330,TORNTPOWER,EQ,3746881,347018,9.26
20,2331,TOUCHWOOD,EQ,10186,632,6.20
20,2332,TPLPLASTEH,EQ,1582058,656990,41.53
20,2333,TRACXN,EQ,1553751,661122,42.55
20,2334,TRANSTEEL,SM,60000,40000,66.67
20,2335,TREEHOUSE,EQ,127182,82366,64.76
20,2336,TREL,EQ,10168688,2538487,24.96
20,2337,TRENT,EQ,767562,388273,50.59
20,2338,TRIDENT,EQ,16680980,6521748,39.10
20,2339,TRIDHYA,SM,21000,12000,57.14
20,2340,TRITURBINE,EQ,588302,277792,47.22
20,2341,TRIVENI,EQ,310847,146702,47.19
20,2342,TROM,ST,458400,458400,100.00
20,2343,TRU,EQ,5796632,1410000,24.32
20,2344,TRUST,ST,20400,20400,100.00
20,2345,TTKHLTCARE,EQ,29210,18831,64.47
20,2346,TTKPRESTIG,EQ,59898,31331,52.31
20,2347,TTL,EQ,49934,20957,41.97
20,2348,TTML,EQ,11442897,4833432,42.24
20,2349,TUNWAL,ST,594000,562000,94.61
20,2350,TV18BRDCST,EQ,9887813,5186329,52.45
20,2351,TVSELECT,EQ,88148,40241,45.65
20,2352,TVSHLTD,EQ,3423,2147,62.72
20,2353,TVSMOTOR,EQ,2477455,1523474,61.49
20,2354,TVSSCS,EQ,1507011,690994,45.85
20,2355,TVSSRICHAK,EQ,3366,1730,51.40
20,2356,TVTODAY,EQ,5690573,1308580,23.00
20,2357,UBL,EQ,532595,338950,63.64
20,2358,UCAL,EQ,20406,12045,59.03
20,2359,UCOBANK,EQ,8569531,2694326,31.44
20,2360,UDAICEMENT,EQ,14197393,6987723,49.22
20,2361,UDS,EQ,164666,99708,60.55
20,2362,UFLEX,EQ,108942,54487,50.01
20,2363,UFO,EQ,481470,230569,47.89
20,2364,UGARSUGAR,EQ,523826,303397,57.92
20,2365,UGROCAP,EQ,863407,460922,53.38
20,2366,UJJIVANSFB,EQ,10126455,4983884,49.22
20,2367,ULTRACEMCO,EQ,250126,139922,55.94
20,2368,UMA,SM,8000,8000,100.00
20,2369,UMAEXPORTS,EQ,220456,134663,61.08
20,2370,UNICHEMLAB,EQ,24773,11202,45.22
20,2371,UNIDT,EQ,35309,20518,58.11
20,2372,UNIENTER,EQ,18465,11991,64.94
20,2373,UNIHEALTH,SM,73000,71000,97.26
20,2374,UNIINFO,EQ,186986,95462,51.05
20,2375,UNIONBANK,EQ,7500594,4385145,58.46
20,2376,UNIPARTS,EQ,264435,139671,52.82
20,2377,UNITDSPR,EQ,489925,251049,51.24
20,2378,UNITEDPOLY,EQ,49532,6905,13.94
20,2379,UNITEDTEA,EQ,5865,4141,70.61
20,2380,UNIVCABLES,EQ,229570,115424,50.28
20,2381,UNIVPHOTO,EQ,3626,2831,78.08
20,2382,UNOMINDA,EQ,922303,569435,61.74
20,2383,UPL,EQ,1900787,792192,41.68
20,2384,URAVI,EQ,2946,1914,64.97
20,2385,URBAN,SM,19200,13600,70.83
20,2386,URJA,EQ,2865848,1748376,61.01
20,2387,USASEEDS,SM,600,600,100.00
20,2388,USHAMART,EQ,685053,315474,46.05
20,2389,UTIAMC,EQ,230011,97204,42.26
20,2390,UTIBANKETF,EQ,49990,34376,68.77
20,2391,UTINEXT50,EQ,212757,195370,91.83
20,2392,UTINIFTETF,EQ,14258,13423,94.14
20,2393,UTISENSETF,EQ,1020,544,53.33
20,2394,UTISXN50,EQ,3733,3222,86.31
20,2395,UTKARSHBNK,EQ,1382302,785331,56.81
20,2396,UTTAMSUGAR,EQ,121040,62567,51.69
20,2397,VADILALIND,EQ,21661,8660,39.98
20,2398,VAIBHAVGBL,EQ,1614025,695120,43.07
20,2399,VAISHALI,EQ,51606,30134,58.39
20,2400,VAKRANGEE,EQ,5537384,2078350,37.53
20,2401,VALIANTLAB,EQ,163875,115895,70.72
20,2402,VALIANTORG,EQ,31636,16390,51.81
20,2403,VARDHACRLC,EQ,152211,99163,65.15
20,2404,VARDMNPOLY,EQ,1124356,778385,69.23
20,2405,VARROC,EQ,146329,73982,50.56
20,2406,VASA,ST,16000,16000,100.00
20,2407,VASCONEQ,EQ,1536287,815331,53.07
20,2408,VASWANI,EQ,188736,85406,45.25
20,2409,VBL,EQ,1660177,1078070,64.94
20,2410,VEDL,EQ,19749880,8742985,44.27
20,2411,VELS,SM,1200,1200,100.00
20,2412,VENKEYS,EQ,75906,25143,33.12
20,2413,VENUSPIPES,EQ,51297,26821,52.29
20,2414,VENUSREM,EQ,158162,72323,45.73
20,2415,VERITAAS,SM,9600,9600,100.00
20,2416,VERTOZ,EQ,1910506,1816686,95.09
20,2417,VESUVIUS,EQ,12764,7238,56.71
20,2418,VETO,EQ,384708,198448,51.58
20,2419,VGUARD,EQ,212827,93491,43.93
20,2420,VHL,EQ,1336,652,48.80
20,2421,VIAZ,SM,6000,6000,100.00
20,2422,VIDHIING,EQ,77773,46642,59.97
20,2423,VIJAYA,EQ,37074,18254,49.24
20,2424,VIKASECO,EQ,49882398,22389425,44.88
20,2425,VIKASLIFE,EQ,9894055,4861693,49.14
20,2426,VILAS,ST,55000,50000,90.91
20,2427,VIMTALABS,EQ,39502,24878,62.98
20,2428,VINATIORGA,EQ,44400,23257,52.38
20,2429,VINDHYATEL,EQ,28079,14576,51.91
20,2430,VINEETLAB,EQ,161823,69463,42.93
20,2431,VINNY,EQ,191788,137048,71.46
20,2432,VINSYS,SM,34000,27000,79.41
20,2433,VINYAS,ST,12200,11600,95.08
20,2434,VINYLINDIA,EQ,27848,13045,46.84
20,2435,VIPIND,EQ,173919,82463,47.41
20,2436,VIPULLTD,EQ,1571175,731024,46.53
20,2437,VIRINCHI,EQ,668844,375962,56.21
20,2438,VISAKAIND,EQ,227192,150283,66.15
20,2439,VISAMAN,SM,39000,30000,76.92
20,2440,VISHNU,EQ,111960,53236,47.55
20,2441,VISHNUINFR,SM,25500,16000,62.75
20,2442,VISHWARAJ,EQ,1661862,910566,54.79
20,2443,VISHWAS,SM,9600,8000,83.33
20,2444,VITAL,ST,60000,57600,96.00
20,2445,VIVIANA,ST,19500,19500,100.00
20,2446,VIVO,SM,1600,1600,100.00
20,2447,VLEGOV,EQ,698198,397257,56.90
20,2448,VLINFRA,ST,45000,45000,100.00
20,2449,VLSFINANCE,EQ,178584,65662,36.77
20,2450,VMARCIND,SM,232000,158000,68.10
20,2451,VMART,EQ,5591,2636,47.15
20,2452,VOLTAMP,EQ,17402,6874,39.50
20,2453,VOLTAS,EQ,627964,285006,45.39
20,2454,VPRPL,EQ,3318314,1512189,45.57
20,2455,VR,SM,22400,19200,85.71
20,2456,VRAJ,EQ,249414,149799,60.06
20,2457,VRLLOG,EQ,480726,446420,92.86
20,2458,VSCL,SM,15000,15000,100.00
20,2459,VSSL,EQ,164117,70537,42.98
20,2460,VSTIND,EQ,64743,32142,49.65
20,2461,VSTTILLERS,EQ,7801,3766,48.28
20,2462,VTL,EQ,128550,47836,37.21
20,2463,WABAG,EQ,269930,118772,44.00
20,2464,WALCHANNAG,EQ,1931330,832918,43.13
20,2465,WALPAR,SM,24000,22000,91.67
20,2466,WANBURY,EQ,148987,91381,61.33
20,2467,WEALTH,EQ,57444,27103,47.18
20,2468,WEL,EQ,138254,66985,48.45
20,2469,WELCORP,EQ,1076254,466872,43.38
20,2470,WELENT,EQ,347209,130187,37.50
20,2471,WELINV,EQ,420,290,69.05
20,2472,WELSPUNLIV,EQ,6082308,1597892,26.27
20,2473,WENDT,EQ,130,83,63.85
20,2474,WESTLIFE,EQ,305621,280764,91.87
20,2475,WHEELS,EQ,67593,38548,57.03
20,2476,WHIRLPOOL,EQ,223407,163303,73.10
20,2477,WILLAMAGOR,EQ,16625,1491,8.97
20,2478,WINDLAS,EQ,65573,30427,46.40
20,2479,WINDMACHIN,EQ,105672,69394,65.67
20,2480,WINNY,SM,12000,7000,58.33
20,2481,WINSOL,SM,54400,43200,79.41
20,2482,WIPL,EQ,4698,3437,73.16
20,2483,WIPRO,EQ,5379876,2578400,47.93
20,2484,WOMANCART,ST,1600,1600,100.00
20,2485,WONDERLA,EQ,202715,144169,71.12
20,2486,WORTH,EQ,180580,115462,63.94
20,2487,WSI,EQ,189820,108733,57.28
20,2488,WSTCSTPAPR,EQ,204606,107406,52.49
20,2489,WTICAB,SM,271000,242000,89.30
20,2490,XCHANGING,EQ,952617,391717,41.12
20,2491,XELPMOC,EQ,9187,5829,63.45
20,2492,XPROINDIA,EQ,28743,19705,68.56
20,2493,YAARI,EQ,66199,66198,100.00
20,2494,YASHO,EQ,11502,6760,58.77
20,2495,YASHOPTICS,SM,32000,28800,90.00
20,2496,YATHARTH,EQ,110784,55282,49.90
20,2497,YATRA,EQ,493576,279681,56.66
20,2498,YCCL,SM,6000,6000,100.00
20,2499,YESBANK,EQ,252509224,80433153,31.85
20,2500,YUDIZ,ST,2400,2400,100.00
20,2501,YUKEN,EQ,16267,10193,62.66
20,2502,ZAGGLE,EQ,10124293,4218391,41.67
20,2503,ZEAL,SM,12600,9000,71.43
20,2504,ZEEL,EQ,23849671,10959196,45.95
20,2505,ZEEMEDIA,EQ,9116225,3488923,38.27
20,2506,ZENITHDRUG,SM,116800,76800,65.75
20,2507,ZENSARTECH,EQ,1095180,418213,38.19
20,2508,ZENTEC,EQ,494532,316642,64.03
20,2509,ZFCVINDIA,EQ,7426,4999,67.32
20,2510,ZIMLAB,EQ,119561,54459,45.55
20,2511,ZOMATO,EQ,87888742,33201179,37.78
20,2512,ZOTA,EQ,228668,113433,49.61
20,2513,ZTECH,SM,306000,195600,63.92
20,2514,ZUARI,EQ,642271,283823,44.19
20,2515,ZUARIIND,EQ,78099,42913,54.95
20,2516,ZYDUSLIFE,EQ,1298036,727046,56.01
20,2517,ZYDUSWELL,EQ,69335,48805,70.39
