Security Wise Delivery Position - Compulsory Rolling Settlement
10,MTO,01042024,1317787822,0002407
Trade Date <01-APR-2024>,Settlement Type <N>
Record Type,Sr No,Name of Security,Quantity Traded,Deliverable Quantity(gross across client level),% of Deliverable Quantity to Traded Quantity
20,1,1018GS2026,GS,236,119,50.42
20,2,182D010824,TB,100,100,100.00
20,3,182D040724,TB,80000,80000,100.00
20,4,182D050924,TB,200,200,100.00
20,5,182D060624,TB,200,200,100.00
20,6,182D080824,TB,100,100,100.00
20,7,182D090524,TB,100,100,100.00
20,8,182D120924,TB,2000,2000,100.00
20,9,182D130624,TB,1800,1800,100.00
20,10,182D150824,TB,100,100,100.00
20,11,182D180724,TB,300,300,100.00
20,12,182D190924,TB,6700,6700,100.00
20,13,182D200624,TB,3600,3600,100.00
20,14,182D220824,TB,300,300,100.00
20,15,182D230524,TB,300,300,100.00
20,16,182D250724,TB,100,100,100.00
20,17,182D260924,TB,800,700,87.50
20,18,182D290824,TB,5200,3200,61.54
20,19,182D300524,TB,1000,1000,100.00
20,20,20MICRONS,EQ,99088,38325,38.68
20,21,360ONE,EQ,208800,131752,63.10
20,22,364D051224,TB,500,500,100.00
20,23,364D060624,TB,15000,15000,100.00
20,24,364D110424,TB,1000,1000,100.00
20,25,364D121224,TB,500,500,100.00
20,26,364D211124,TB,100,100,100.00
20,27,364D230524,TB,3000,3000,100.00
20,28,364D250724,TB,5000,5000,100.00
20,29,364D270225,TB,20100,20100,100.00
20,30,364D280624,TB,2600,2600,100.00
20,31,3IINFOLTD,EQ,1691643,750968,44.39
20,32,3MINDIA,EQ,3789,2246,59.28
20,33,563GS2026,GS,50,48,96.00
20,34,574GS2026,GS,8,8,100.00
20,35,579GS2030,GS,2,2,100.00
20,36,585GS2030,GS,1100,1100,100.00
20,37,5PAISA,EQ,93029,44930,48.30
20,38,63MOONS,EQ,37120,31853,85.81
20,39,654GS2032,GS,8,8,100.00
20,40,667GS2035,GS,1,1,100.00
20,41,667GS2050,GS,3,2,66.67
20,42,669GS2024,GS,5060,5060,100.00
20,43,676GS2061,GS,8015,8015,100.00
20,44,689GS2025,GS,6,3,50.00
20,45,68GS2060,GS,26,13,50.00
20,46,695GS2061,GS,1490,1490,100.00
20,47,699GS2026,GS,10200,10200,100.00
20,48,699GS2051,GS,2012,2012,100.00
20,49,706GS2028,GS,15832,15831,99.99
20,50,710GS2029,GS,16691,16691,100.00
20,51,717GS2030,GS,42901,42901,100.00
20,52,718GS2033,GS,3589,3589,100.00
20,53,718GS2037,GS,17900,17900,100.00
20,54,719GS2060,GS,809,809,100.00
20,55,725GJ26,SG,200,200,100.00
20,56,725GS2063,GS,57150,57150,100.00
20,57,726GS2032,GS,10761,10761,100.00
20,58,726GS2033,GS,10000,10000,100.00
20,59,732GS2030,GS,401,401,100.00
20,60,733GS2026,GS,600,600,100.00
20,61,736GS2052,GS,100,51,51.00
20,62,737GS2028,GS,2804,2804,100.00
20,63,738GS2027,GS,326467,326447,99.99
20,64,73GS2053,GS,55400,30999,55.95
20,65,741GS2036,GS,28127,28124,99.99
20,66,746GS2073,GS,52774,52774,100.00
20,67,74GS2062,GS,200,200,100.00
20,68,754GS2036,GS,652586,644754,98.80
20,69,758GJ26,SG,300,300,100.00
20,70,759GS2026,GS,1,1,100.00
20,71,764KA39,SG,200,200,100.00
20,72,768KA37,SG,100,100,100.00
20,73,777MN38,SG,200,200,100.00
20,74,779PN36,SG,1000,1000,100.00
20,75,824GS2027,GS,1,1,100.00
20,76,828GS2027,GS,2887,2887,100.00
20,77,897GS2030,GS,160,160,100.00
20,78,91D020524,TB,2300,1300,56.52
20,79,91D040424,TB,17100,17100,100.00
20,80,91D060624,TB,200,200,100.00
20,81,91D090524,TB,2200,2200,100.00
20,82,91D110424,TB,700,700,100.00
20,83,91D160524,TB,1300,1000,76.92
20,84,91D180424,TB,300,300,100.00
20,85,91D200624,TB,1200,1200,100.00
20,86,91D230524,TB,800,800,100.00
20,87,91D250424,TB,1200,1200,100.00
20,88,91D270624,TB,200,200,100.00
20,89,91D300524,TB,1400,1400,100.00
20,90,92GS2030,GS,3219,3129,97.20
20,91,AAKASH,EQ,533811,411185,77.03
20,92,AARON,EQ,6340,3827,60.36
20,93,AARTECH,EQ,15465,11774,76.13
20,94,AARTIDRUGS,EQ,193458,94641,48.92
20,95,AARTIIND,EQ,1001515,383831,38.33
20,96,AARTIPHARM,EQ,168955,91173,53.96
20,97,AARTISURF,EQ,23532,9484,40.30
20,98,AARVEEDEN,EQ,38405,27187,70.79
20,99,AARVI,EQ,10923,6672,61.08
20,100,AATMAJ,SM,106000,82000,77.36
20,101,AAVAS,EQ,420785,227848,54.15
20,102,ABB,EQ,396061,124123,31.34
20,103,ABBOTINDIA,EQ,12958,6019,46.45
20,104,ABCAPITAL,EQ,4881150,2434352,49.87
20,105,ABCOTS,SM,4000,4000,100.00
20,106,ABFL,N0,40,40,100.00
20,107,ABFRL,EQ,1942544,818518,42.14
20,108,ABINFRA,SM,8000,8000,100.00
20,109,ABMINTLLTD,EQ,1684,1409,83.67
20,110,ABSLAMC,EQ,394437,337497,85.56
20,111,ABSLBANETF,EQ,118095,111805,94.67
20,112,ABSLLIQUID,EQ,3784,2487,65.72
20,113,ABSLNN50ET,EQ,18363,12098,65.88
20,114,ACC,EQ,436532,179856,41.20
20,115,ACCELYA,EQ,22104,8968,40.57
20,116,ACCENTMIC,SM,67000,56000,83.58
20,117,ACCORD,SM,2000,2000,100.00
20,118,ACE,EQ,2443155,394667,16.15
20,119,ACEINTEG,EQ,5805,3413,58.79
20,120,ACI,EQ,566132,183064,32.34
20,121,ACL,EQ,26698,19075,71.45
20,122,ACLGATI,EQ,458936,233507,50.88
20,123,ACSAL,SM,12000,12000,100.00
20,124,ADANIENSOL,EQ,3995373,1301529,32.58
20,125,ADANIENT,EQ,1292646,287847,22.27
20,126,ADANIGREEN,EQ,573430,270999,47.26
20,127,ADANIPORTS,EQ,3251462,873386,26.86
20,128,ADANIPOWER,EQ,2506563,1372418,54.75
20,129,ADFFOODS,EQ,127411,55428,43.50
20,130,ADL,EQ,2038,1429,70.12
20,131,ADORWELD,EQ,14834,8495,57.27
20,132,ADROITPP,X1,31813,27913,87.74
20,133,ADSL,EQ,452682,173147,38.25
20,134,ADVANIHOTR,EQ,217743,103825,47.68
20,135,ADVENZYMES,EQ,153069,80058,52.30
20,136,AEGISCHEM,EQ,1874300,652179,34.80
20,137,AEROFLEX,EQ,817916,340497,41.63
20,138,AETHER,EQ,56953,32737,57.48
20,139,AFFLE,EQ,182764,126582,69.26
20,140,AGARIND,EQ,73809,21553,29.20
20,141,AGARWALFT,SM,9000,9000,100.00
20,142,AGI,EQ,276871,112841,40.76
20,143,AGNI,ST,50000,50000,100.00
20,144,AGRITECH,EQ,53955,17932,33.24
20,145,AGROPHOS,EQ,127239,70958,55.77
20,146,AGUL,ST,20000,20000,100.00
20,147,AHL,EQ,77219,47786,61.88
20,148,AHLADA,EQ,138191,63211,45.74
20,149,AHLEAST,EQ,44156,36315,82.24
20,150,AHLUCONT,EQ,74395,56981,76.59
20,151,AIAENG,EQ,36140,21615,59.81
20,152,AILIMITED,SM,6000,6000,100.00
20,153,AIROLAM,EQ,32737,19484,59.52
20,154,AIRTELPP,E1,96034,64441,67.10
20,155,AJANTPHARM,EQ,173165,121466,70.14
20,156,AJMERA,EQ,238841,69460,29.08
20,157,AJOONI,EQ,357835,220316,61.57
20,158,AKANKSHA,SM,78000,64000,82.05
20,159,AKG,EQ,80186,66535,82.98
20,160,AKZOINDIA,EQ,11458,7553,65.92
20,161,ALBERTDAVD,EQ,6784,4728,69.69
20,162,ALEMBICLTD,EQ,1059411,474966,44.83
20,163,ALICON,EQ,13430,5868,43.69
20,164,ALKALI,EQ,15667,9911,63.26
20,165,ALKEM,EQ,69589,37308,53.61
20,166,ALKYLAMINE,EQ,109397,42039,38.43
20,167,ALLCARGO,EQ,2178310,582302,26.73
20,168,ALLETEC,SM,43200,21600,50.00
20,169,ALLSEC,EQ,27132,13671,50.39
20,170,ALPA,EQ,69582,46902,67.41
20,171,ALPEXSOLAR,SM,463200,266400,57.51
20,172,ALPHA,EQ,897728,791298,88.14
20,173,ALPHAETF,EQ,106452,77220,72.54
20,174,ALPHAGEO,EQ,10103,6555,64.88
20,175,ALPL30IETF,EQ,50440,41812,82.89
20,176,AMBER,EQ,116770,42907,36.74
20,177,AMBICAAGAR,EQ,70533,32388,45.92
20,178,AMBIKCO,EQ,16052,8679,54.07
20,179,AMBUJACEM,EQ,3976554,1906674,47.95
20,180,AMDIND,EQ,38830,17721,45.64
20,181,AMEYA,SM,14000,14000,100.00
20,182,AMIABLE,SM,1600,1600,100.00
20,183,AMIORG,EQ,69213,39334,56.83
20,184,AMJLAND,EQ,123480,61998,50.21
20,185,AMNPLST,EQ,15953,11467,71.88
20,186,AMRUTANJAN,EQ,28752,13959,48.55
20,187,ANANDRATHI,EQ,61034,33222,54.43
20,188,ANANTRAJ,EQ,1418690,733570,51.71
20,189,ANDHRAPAP,EQ,62183,30812,49.55
20,190,ANDHRSUGAR,EQ,299849,155618,51.90
20,191,ANGELONE,EQ,475470,158964,33.43
20,192,ANIKINDS,EQ,6837,6483,94.82
20,193,ANKITMETAL,EQ,15010,15010,100.00
20,194,ANLON,SM,2000,1600,80.00
20,195,ANMOL,EQ,353022,227553,64.46
20,196,ANNAPURNA,SM,31000,22500,72.58
20,197,ANUP,EQ,12052,7474,62.01
20,198,ANURAS,EQ,43082,25720,59.70
20,199,APARINDS,EQ,97099,36659,37.75
20,200,APCL,EQ,21162,8374,39.57
20,201,APCOTEXIND,EQ,85632,30463,35.57
20,202,APEX,EQ,132349,58317,44.06
20,203,APLAPOLLO,EQ,625196,421252,67.38
20,204,APLLTD,EQ,157371,86001,54.65
20,205,APOLLO,EQ,384965,340397,88.42
20,206,APOLLOHOSP,EQ,440465,199177,45.22
20,207,APOLLOPIPE,EQ,37542,24247,64.59
20,208,APOLLOTYRE,EQ,2061868,1053790,51.11
20,209,APOLSINHOT,EQ,2690,1884,70.04
20,210,APS,SM,140000,74000,52.86
20,211,APTECHT,EQ,316360,145272,45.92
20,212,APTUS,EQ,264269,89949,34.04
20,213,ARABIAN,SM,4000,4000,100.00
20,214,ARCHIDPLY,EQ,24027,19729,82.11
20,215,ARE&M,EQ,374397,157837,42.16
20,216,ARENTERP,EQ,6464,4888,75.62
20,217,ARHAM,SM,27000,22000,81.48
20,218,ARIES,EQ,195519,76681,39.22
20,219,ARIHANTACA,SM,1600,1600,100.00
20,220,ARIHANTCAP,EQ,475930,288160,60.55
20,221,ARIHANTSUP,EQ,55322,31933,57.72
20,222,ARISTO,SM,8000,4800,60.00
20,223,ARMANFIN,EQ,39988,25114,62.80
20,224,AROGRANITE,EQ,23312,14505,62.22
20,225,ARROWGREEN,EQ,16382,8684,53.01
20,226,ARTEMISMED,EQ,191691,118712,61.93
20,227,ARVEE,EQ,1172,911,77.73
20,228,ARVIND,EQ,234262,122496,52.29
20,229,ARVINDFASN,EQ,233906,145310,62.12
20,230,ARVSMART,EQ,109478,40318,36.83
20,231,ASAHIINDIA,EQ,111869,68799,61.50
20,232,ASAHISONG,EQ,7051,4311,61.14
20,233,ASAL,EQ,32205,14627,45.42
20,234,ASALCBR,EQ,126964,79603,62.70
20,235,ASHAPURMIN,EQ,117805,79825,67.76
20,236,ASHIANA,EQ,48873,23463,48.01
20,237,ASHIMASYN,EQ,508378,291724,57.38
20,238,ASHOKA,EQ,2894715,922020,31.85
20,239,ASHOKLEY,EQ,21306967,11972462,56.19
20,240,ASIANENE,EQ,62693,52482,83.71
20,241,ASIANPAINT,EQ,558086,322243,57.74
20,242,ASIANTILES,EQ,929729,379702,40.84
20,243,ASKAUTOLTD,EQ,256785,195489,76.13
20,244,ASMS,EQ,24141,24134,99.97
20,245,ASPINWALL,EQ,19837,9120,45.97
20,246,ASTEC,EQ,23020,10447,45.38
20,247,ASTERDM,EQ,1245485,766957,61.58
20,248,ASTRAL,EQ,445828,148666,33.35
20,249,ASTRAMICRO,EQ,763111,204241,26.76
20,250,ASTRAZEN,EQ,9793,4538,46.34
20,251,ATALREAL,EQ,422349,338344,80.11
20,252,ATAM,EQ,56654,38243,67.50
20,253,ATFL,EQ,11546,6040,52.31
20,254,ATGL,EQ,2878739,819202,28.46
20,255,ATL,EQ,710764,328215,46.18
20,256,ATLANTAA,EQ,28003,21146,75.51
20,257,ATMASTCO,SM,320000,192000,60.00
20,258,ATUL,EQ,66265,45532,68.71
20,259,ATULAUTO,EQ,217344,81297,37.40
20,260,AUBANK,EQ,4223594,2061835,48.82
20,261,AURDIS,SM,4500,4000,88.89
20,262,AUROIMPEX,SM,28800,22400,77.78
20,263,AUROPHARMA,EQ,2560078,767351,29.97
20,264,AUSOMENT,EQ,14617,9539,65.26
20,265,AUTOAXLES,EQ,35064,27250,77.72
20,266,AUTOBEES,EQ,185506,131165,70.71
20,267,AUTOIETF,EQ,347419,257998,74.26
20,268,AUTOIND,EQ,552492,318163,57.59
20,269,AVADHSUGAR,EQ,64316,23569,36.65
20,270,AVALON,EQ,80916,42936,53.06
20,271,AVANTIFEED,EQ,153837,61170,39.76
20,272,AVG,EQ,56245,26604,47.30
20,273,AVONMORE,EQ,19448,9515,48.93
20,274,AVPINFRA,ST,147200,144000,97.83
20,275,AVROIND,EQ,39106,24874,63.61
20,276,AVSL,ST,1000,1000,100.00
20,277,AVTNPL,EQ,227879,111604,48.98
20,278,AWHCL,EQ,187973,78896,41.97
20,279,AWL,EQ,3007473,1272431,42.31
20,280,AXISBANK,EQ,5484556,2999963,54.70
20,281,AXISBNKETF,EQ,567,271,47.80
20,282,AXISBPSETF,EQ,35569,20593,57.90
20,283,AXISCADES,EQ,491851,101696,20.68
20,284,AXISCETF,EQ,1781,810,45.48
20,285,AXISGOLD,EQ,326056,220512,67.63
20,286,AXISHCETF,EQ,5638,4193,74.37
20,287,AXISILVER,EQ,67809,57549,84.87
20,288,AXISNIFTY,EQ,6567,4754,72.39
20,289,AXISTECETF,EQ,9346,5605,59.97
20,290,AXITA,EQ,1531714,568257,37.10
20,291,AXSENSEX,EQ,607,511,84.18
20,292,AYMSYNTEX,EQ,168638,128134,75.98
20,293,AZAD,EQ,182024,111612,61.32
20,294,BABAFP,SM,19200,14400,75.00
20,295,BAHETI,SM,3000,3000,100.00
20,296,BAIDFIN,EQ,169110,121527,71.86
20,297,BAJAJ-AUTO,EQ,419820,172675,41.13
20,298,BAJAJCON,EQ,254034,125619,49.45
20,299,BAJAJELEC,EQ,295576,212314,71.83
20,300,BAJAJFINSV,EQ,767676,241372,31.44
20,301,BAJAJHCARE,EQ,86023,38617,44.89
20,302,BAJAJHIND,EQ,21898245,9315169,42.54
20,303,BAJAJHLDNG,EQ,23249,11606,49.92
20,304,BAJEL,EQ,387467,210318,54.28
20,305,BAJFINANCE,EQ,1125238,607545,53.99
20,306,BALAJITELE,EQ,466034,336055,72.11
20,307,BALAMINES,EQ,61458,25187,40.98
20,308,BALAXI,EQ,18072,10082,55.79
20,309,BALKRISIND,EQ,308787,177757,57.57
20,310,BALMLAWRIE,EQ,1106762,467116,42.21
20,311,BALPHARMA,EQ,25037,13245,52.90
20,312,BALRAMCHIN,EQ,1335193,565887,42.38
20,313,BANARBEADS,EQ,22740,7678,33.76
20,314,BANARISUG,EQ,1132,735,64.93
20,315,BANCOINDIA,EQ,81041,30567,37.72
20,316,BANDHANBNK,EQ,10421068,4095050,39.30
20,317,BANKBARODA,EQ,7378701,3144726,42.62
20,318,BANKBEES,EQ,1184411,713443,60.24
20,319,BANKBETF,EQ,1242256,1238399,99.69
20,320,BANKETF,EQ,1424,780,54.78
20,321,BANKETFADD,EQ,12019,8900,74.05
20,322,BANKIETF,EQ,177848,90221,50.73
20,323,BANKINDIA,EQ,19130984,6659986,34.81
20,324,BANKNIFTY1,EQ,16057,9106,56.71
20,325,BANSWRAS,EQ,28749,14572,50.69
20,326,BARBEQUE,EQ,95710,39646,41.42
20,327,BASF,EQ,115831,39751,34.32
20,328,BASILIC,SM,39600,28800,72.73
20,329,BASML,EQ,597451,370937,62.09
20,330,BATAINDIA,EQ,275675,174828,63.42
20,331,BAWEJA,SM,98400,72000,73.17
20,332,BAYERCROP,EQ,15847,7817,49.33
20,333,BBETF0432,EQ,1608,1509,93.84
20,334,BBL,EQ,29063,11675,40.17
20,335,BBNPPGOLD,EQ,4678,4201,89.80
20,336,BBOX,EQ,97228,64663,66.51
20,337,BBTC,EQ,35737,10788,30.19
20,338,BBTCL,EQ,4570,3413,74.68
20,339,BCG,EQ,43137164,13013624,30.17
20,340,BCLIND,EQ,1476699,783596,53.06
20,341,BDL,EQ,588524,229392,38.98
20,342,BEARDSELL,EQ,30214,28295,93.65
20,343,BECTORFOOD,EQ,101499,57294,56.45
20,344,BEL,EQ,45840349,20189398,44.04
20,345,BEML,EQ,217208,100962,46.48
20,346,BEPL,EQ,722778,379368,52.49
20,347,BERGEPAINT,EQ,569340,184977,32.49
20,348,BETA,SM,2400,1600,66.67
20,349,BEWLTD,SM,2000,1500,75.00
20,350,BFINVEST,EQ,114383,41013,35.86
20,351,BFSI,EQ,603052,562686,93.31
20,352,BFUTILITIE,EQ,380164,124673,32.79
20,353,BHAGCHEM,EQ,3019,1603,53.10
20,354,BHAGERIA,EQ,57411,24298,42.32
20,355,BHAGYANGR,EQ,506880,203632,40.17
20,356,BHANDARI,EQ,172821,99995,57.86
20,357,BHARATFORG,EQ,1247843,561797,45.02
20,358,BHARATGEAR,EQ,90638,50371,55.57
20,359,BHARATRAS,EQ,507,311,61.34
20,360,BHARTIARTL,EQ,5461473,3904042,71.48
20,361,BHEL,EQ,16746624,5244680,31.32
20,362,BHINVIT,IV,423825,219733,51.85
20,363,BIGBLOC,EQ,272087,107452,39.49
20,364,BIKAJI,EQ,170157,97992,57.59
20,365,BIL,EQ,22564,11293,50.05
20,366,BIOCON,EQ,3457178,1445045,41.80
20,367,BIOFILCHEM,EQ,348868,138493,39.70
20,368,BIRET,RR,162186,124051,76.49
20,369,BIRLACABLE,EQ,600116,130547,21.75
20,370,BIRLACORPN,EQ,81673,43608,53.39
20,371,BLAL,EQ,256784,98219,38.25
20,372,BLISSGVS,EQ,296532,142932,48.20
20,373,BLKASHYAP,EQ,450754,266828,59.20
20,374,BLS,EQ,4847514,831466,17.15
20,375,BLSE,EQ,1473020,380711,25.85
20,376,BLUEDART,EQ,37598,30873,82.11
20,377,BLUEJET,EQ,268859,173612,64.57
20,378,BLUESTARCO,EQ,204280,118514,58.02
20,379,BMETRICS,SM,3600,2800,77.78
20,380,BODALCHEM,EQ,1939582,752003,38.77
20,381,BOMDYEING,EQ,1000200,612126,61.20
20,382,BOROLTD,EQ,163614,80610,49.27
20,383,BORORENEW,EQ,1544221,422043,27.33
20,384,BOSCHLTD,EQ,17643,6316,35.80
20,385,BPCL,EQ,3130057,995298,31.80
20,386,BPL,EQ,261149,95935,36.74
20,387,BRIGADE,EQ,204855,61725,30.13
20,388,BRIGHT,SM,135000,102000,75.56
20,389,BRITANNIA,EQ,181877,99067,54.47
20,390,BRITANNIA,N3,2608,2545,97.58
20,391,BSE,EQ,3093592,1020480,32.99
20,392,BSE500IETF,EQ,178830,60512,33.84
20,393,BSHSL,EQ,43806,31959,72.96
20,394,BSL,EQ,247689,35186,14.21
20,395,BSLGOLDETF,EQ,60357,42884,71.05
20,396,BSLNIFTY,EQ,175535,130683,74.45
20,397,BSLSENETFG,EQ,1950,557,28.56
20,398,BSOFT,EQ,793292,263403,33.20
20,399,BTML,EQ,94008,51793,55.09
20,400,BURNPUR,EQ,74819,74803,99.98
20,401,BUTTERFLY,EQ,9751,6327,64.89
20,402,BYKE,EQ,23720,16846,71.02
20,403,CADSYS,SM,10000,10000,100.00
20,404,CALSOFT,EQ,50545,39376,77.90
20,405,CAMLINFINE,EQ,1295684,467443,36.08
20,406,CAMPUS,EQ,1147489,338256,29.48
20,407,CAMS,EQ,142336,62727,44.07
20,408,CANARYS,SM,144000,104000,72.22
20,409,CANBK,EQ,3937220,1777051,45.13
20,410,CANFINHOME,EQ,701556,303384,43.24
20,411,CANTABIL,EQ,77863,23549,30.24
20,412,CAPACITE,EQ,1054743,558237,52.93
20,413,CAPITALSFB,EQ,42724,15253,35.70
20,414,CAPLIPOINT,EQ,262186,103254,39.38
20,415,CAPTRUST,EQ,20689,10439,50.46
20,416,CARBORUNIV,EQ,165266,91985,55.66
20,417,CARERATING,EQ,29991,13635,45.46
20,418,CARTRADE,EQ,324191,74191,22.88
20,419,CARYSIL,EQ,135929,53379,39.27
20,420,CASTROLIND,EQ,7353370,3276132,44.55
20,421,CBAZAAR,SM,176000,136000,77.27
20,422,CCL,EQ,124182,86396,69.57
20,423,CDSL,EQ,4304858,1649387,38.31
20,424,CEATLTD,EQ,109174,43522,39.86
20,425,CELEBRITY,EQ,161512,119012,73.69
20,426,CELLECOR,SM,66000,39600,60.00
20,427,CELLO,EQ,102239,56450,55.21
20,428,CELLPOINT,SM,45600,38400,84.21
20,429,CENTENKA,EQ,31840,18062,56.73
20,430,CENTRALBK,EQ,23280709,5874124,25.23
20,431,CENTRUM,EQ,1510801,768251,50.85
20,432,CENTUM,EQ,26784,11975,44.71
20,433,CENTURYPLY,EQ,103139,53953,52.31
20,434,CENTURYTEX,EQ,669978,158664,23.68
20,435,CERA,EQ,7166,3819,53.29
20,436,CESC,EQ,5201212,3195645,61.44
20,437,CGCL,EQ,317593,128626,40.50
20,438,CGPOWER,EQ,6477381,3698428,57.10
20,439,CHALET,EQ,449616,139615,31.05
20,440,CHAMBLFERT,EQ,935237,278242,29.75
20,441,CHAVDA,SM,88000,70000,79.55
20,442,CHEMBOND,EQ,11869,6871,57.89
20,443,CHEMCON,EQ,105992,39199,36.98
20,444,CHEMFAB,EQ,23980,13651,56.93
20,445,CHEMPLASTS,EQ,70160,43973,62.68
20,446,CHENNPETRO,EQ,741482,269913,36.40
20,447,CHEVIOT,EQ,3411,2212,64.85
20,448,CHOICEIN,EQ,623886,181148,29.04
20,449,CHOLAFIN,EQ,1170898,718947,61.40
20,450,CHOLAFIN,N1,200,200,100.00
20,451,CHOLAFIN,N6,141,141,100.00
20,452,CHOLAFIN,NC,50,50,100.00
20,453,CHOLAFIN,NK,12,12,100.00
20,454,CHOLAHLDNG,EQ,81187,48206,59.38
20,455,CIEINDIA,EQ,307424,185588,60.37
20,456,CIGNITITEC,EQ,100582,56397,56.07
20,457,CINELINE,EQ,49972,39657,79.36
20,458,CINEVISTA,EQ,47089,30385,64.53
20,459,CIPLA,EQ,563831,267007,47.36
20,460,CLEAN,EQ,97294,50666,52.08
20,461,CLEDUCATE,EQ,68234,51804,75.92
20,462,CLOUD,SM,2738000,1358000,49.60
20,463,CLSEL,EQ,169057,75529,44.68
20,464,CLSL,SM,22000,22000,100.00
20,465,CMMIPL,ST,54000,54000,100.00
20,466,CMNL,SM,25500,19500,76.47
20,467,CMSINFO,EQ,773308,502700,65.01
20,468,COALINDIA,EQ,7256592,2989530,41.20
20,469,COASTCORP,EQ,18061,12580,69.65
20,470,COCHINSHIP,EQ,11008662,2477005,22.50
20,471,COFFEEDAY,EQ,5283815,1610429,30.48
20,472,COFORGE,EQ,503910,295889,58.72
20,473,COLPAL,EQ,550701,345447,62.73
20,474,COMMITTED,SM,19200,11200,58.33
20,475,COMMOIETF,EQ,67189,55609,82.77
20,476,COMPUSOFT,EQ,84485,66980,79.28
20,477,COMSYN,EQ,15508,9279,59.83
20,478,CONCOR,EQ,2133855,896274,42.00
20,479,CONCORDBIO,EQ,62156,25126,40.42
20,480,CONFIPET,EQ,3579481,1216031,33.97
20,481,CONS,EQ,1143,623,54.51
20,482,CONSOFINVT,EQ,25607,11960,46.71
20,483,CONSUMBEES,EQ,67943,48547,71.45
20,484,CONSUMIETF,EQ,10696,4576,42.78
20,485,CONTI,SM,3333,3333,100.00
20,486,CONTROLPR,EQ,38213,18617,48.72
20,487,COOLCAPS,SM,2750,750,27.27
20,488,COROMANDEL,EQ,359468,166487,46.31
20,489,COSMOFIRST,EQ,75464,42635,56.50
20,490,COUNCODOS,EQ,73276,68421,93.37
20,491,CPS,SM,2400,2400,100.00
20,492,CPSEETF,EQ,1855272,1250855,67.42
20,493,CRAFTSMAN,EQ,18335,8943,48.78
20,494,CRAYONS,SM,11000,10000,90.91
20,495,CREATIVE,EQ,17651,11287,63.95
20,496,CREDITACC,EQ,184885,87346,47.24
20,497,CREDITACC,N1,640,640,100.00
20,498,CREDITACC,N5,225,225,100.00
20,499,CREDITACC,ND,10,10,100.00
20,500,CREDITACC,NE,98,98,100.00
20,501,CREST,EQ,166173,159675,96.09
20,502,CRISIL,EQ,134044,71001,52.97
20,503,CROMPTON,EQ,1743700,1109673,63.64
20,504,CSBBANK,EQ,155582,73770,47.42
20,505,CSLFINANCE,EQ,27828,12990,46.68
20,506,CUB,EQ,4454319,2884460,64.76
20,507,CUMMINSIND,EQ,510013,191138,37.48
20,508,CYBERTECH,EQ,132354,64590,48.80
20,509,CYIENT,EQ,527039,394456,74.84
20,510,CYIENTDLM,EQ,171962,101699,59.14
20,511,DABUR,EQ,847682,514091,60.65
20,512,DALBHARAT,EQ,629540,438793,69.70
20,513,DALMIASUG,EQ,97375,44889,46.10
20,514,DAMODARIND,EQ,46405,26012,56.05
20,515,DANGEE,EQ,766735,391258,51.03
20,516,DATAMATICS,EQ,376737,100626,26.71
20,517,DATAPATTNS,EQ,253417,89460,35.30
20,518,DAVANGERE,EQ,115727,67827,58.61
20,519,DBL,EQ,587387,152573,25.97
20,520,DBOL,EQ,227153,111799,49.22
20,521,DBREALTY,EQ,4973620,2963311,59.58
20,522,DBSTOCKBRO,EQ,3717,1565,42.10
20,523,DCAL,EQ,440007,221627,50.37
20,524,DCBBANK,EQ,1978867,1037644,52.44
20,525,DCI,EQ,4574,2229,48.73
20,526,DCM,EQ,120729,33371,27.64
20,527,DCMNVL,EQ,107580,34944,32.48
20,528,DCMSHRIRAM,EQ,69925,18267,26.12
20,529,DCMSRIND,EQ,287036,94075,32.77
20,530,DCW,EQ,9770528,1647299,16.86
20,531,DCXINDIA,EQ,798003,407956,51.12
20,532,DECCANCE,EQ,13775,9219,66.93
20,533,DEEM,SM,117000,84000,71.79
20,534,DEEPAKFERT,EQ,1011116,533316,52.75
20,535,DEEPAKNTR,EQ,273839,148778,54.33
20,536,DEEPENR,EQ,18169,9596,52.82
20,537,DEEPINDS,EQ,480304,178188,37.10
20,538,DELAPLEX,SM,62400,55200,88.46
20,539,DELHIVERY,EQ,2007159,1041226,51.88
20,540,DELPHIFX,EQ,17098,13319,77.90
20,541,DELTACORP,EQ,11371313,2413026,21.22
20,542,DELTAMAGNT,EQ,97021,27830,28.68
20,543,DEN,EQ,2682271,972490,36.26
20,544,DENEERS,SM,3000,1800,60.00
20,545,DENORA,EQ,20501,8971,43.76
20,546,DENTALKART,SM,6500,5500,84.62
20,547,DEVIT,EQ,38846,32649,84.05
20,548,DEVYANI,EQ,923902,486113,52.62
20,549,DGCONTENT,EQ,15335,11090,72.32
20,550,DHAMPURSUG,EQ,322263,137445,42.65
20,551,DHANI,EQ,3703278,1230967,33.24
20,552,DHANILOANS,NF,20,20,100.00
20,553,DHANILOANS,NW,25,25,100.00
20,554,DHANUKA,EQ,42967,17958,41.79
20,555,DHARMAJ,EQ,62877,30315,48.21
20,556,DHTL,SM,8000,6400,80.00
20,557,DHUNINV,EQ,1706,1279,74.97
20,558,DIAMINESQ,EQ,14215,7898,55.56
20,559,DIAMONDYD,EQ,27846,13560,48.70
20,560,DICIND,EQ,14263,11267,78.99
20,561,DIGIKORE,SM,11200,8800,78.57
20,562,DIGISPICE,EQ,92330,60669,65.71
20,563,DIL,EQ,1214462,643753,53.01
20,564,DISHTV,EQ,38452263,11357017,29.54
20,565,DIVGIITTS,EQ,25144,12950,51.50
20,566,DIVISLAB,EQ,651461,418311,64.21
20,567,DIVOPPBEES,EQ,64315,40871,63.55
20,568,DIXON,EQ,256567,106239,41.41
20,569,DJML,EQ,47019,25359,53.93
20,570,DKEGL,SM,7500,6000,80.00
20,571,DLF,EQ,8494956,2357534,27.75
20,572,DLINKINDIA,EQ,104377,41938,40.18
20,573,DMART,EQ,410983,205331,49.96
20,574,DMCC,EQ,41814,12196,29.17
20,575,DODLA,EQ,61385,21825,35.55
20,576,DOLATALGO,EQ,431874,238848,55.31
20,577,DOLLAR,EQ,49873,27043,54.22
20,578,DOLLEX,SM,100000,68000,68.00
20,579,DOMS,EQ,90872,37073,40.80
20,580,DONEAR,EQ,100673,76716,76.20
20,581,DPABHUSHAN,EQ,30513,13200,43.26
20,582,DPSCLTD,EQ,814146,520381,63.92
20,583,DPWIRES,EQ,41977,21154,50.39
20,584,DRCSYSTEMS,EQ,339715,211657,62.30
20,585,DREAMFOLKS,EQ,170649,82764,48.50
20,586,DRONE,SM,51000,34000,66.67
20,587,DRREDDY,EQ,154404,64563,41.81
20,588,DSSL,EQ,464307,46583,10.03
20,589,DTIL,EQ,14915,6625,44.42
20,590,DUCOL,SM,7200,7200,100.00
20,591,DUGLOBAL,SM,7500,7500,100.00
20,592,DVL,EQ,22645,15434,68.16
20,593,DWARKESH,EQ,2773795,1245479,44.90
20,594,DYCL,EQ,65054,42163,64.81
20,595,DYNAMATECH,EQ,58247,17821,30.60
20,596,DYNAMIC,SM,3000,2000,66.67
20,597,DYNPRO,EQ,15352,10095,65.76
20,598,EASEMYTRIP,EQ,11650823,5169124,44.37
20,599,EBBETF0425,EQ,18466,16529,89.51
20,600,EBBETF0430,EQ,139032,130431,93.81
20,601,EBBETF0431,EQ,6318,6118,96.83
20,602,EBBETF0433,EQ,7031,6061,86.20
20,603,ECLERX,EQ,31788,15571,48.98
20,604,ECLFINANCE,NJ,214,214,100.00
20,605,ECLFINANCE,NK,1002,1002,100.00
20,606,ECLFINANCE,NR,490,490,100.00
20,607,ECLFINANCE,NS,70,70,100.00
20,608,EDELWEISS,EQ,3750816,1513157,40.34
20,609,EFACTOR,SM,25600,24000,93.75
20,610,EFORCE,SM,234000,164400,70.26
20,611,EGOLD,EQ,3450,1518,44.00
20,612,EICHERMOT,EQ,532524,214475,40.28
20,613,EIDPARRY,EQ,281054,158866,56.53
20,614,EIFFL,EQ,9439,7921,83.92
20,615,EIHAHOTELS,EQ,52055,16246,31.21
20,616,EIHOTEL,EQ,1356315,563284,41.53
20,617,EIMCOELECO,EQ,10578,8108,76.65
20,618,EKC,EQ,1380553,514039,37.23
20,619,ELDEHSG,EQ,8283,5208,62.88
20,620,ELECON,EQ,105337,64639,61.36
20,621,ELECTCAST,EQ,1883165,1096885,58.25
20,622,ELGIEQUIP,EQ,242943,124844,51.39
20,623,ELGIRUBCO,EQ,53910,32487,60.26
20,624,ELIN,EQ,252939,133942,52.95
20,625,EMAMILTD,EQ,201226,107046,53.20
20,626,EMAMIPAP,EQ,47179,28489,60.38
20,627,EMAMIREAL,EQ,74586,50272,67.40
20,628,EMBASSY,RR,279439,226448,81.04
20,629,EMIL,EQ,196449,129829,66.09
20,630,EMKAY,EQ,110485,56901,51.50
20,631,EMMBI,EQ,68871,35302,51.26
20,632,EMSLIMITED,EQ,198104,155081,78.28
20,633,EMUDHRA,EQ,363960,150261,41.29
20,634,ENDURANCE,EQ,65099,47786,73.41
20,635,ENERGYDEV,EQ,112728,83963,74.48
20,636,ENFUSE,ST,118800,97200,81.82
20,637,ENGINERSIN,EQ,7114124,1891278,26.58
20,638,ENIL,EQ,83445,32622,39.09
20,639,ENSER,ST,18000,18000,100.00
20,640,ENTERO,EQ,35883,18053,50.31
20,641,EPACK,EQ,548165,296228,54.04
20,642,EPIGRAL,EQ,119483,84403,70.64
20,643,EPL,EQ,564729,342707,60.69
20,644,EQUAL50ADD,EQ,6400,4359,68.11
20,645,EQUITASBNK,EQ,3298223,2269178,68.80
20,646,ERFLNCDI,N5,10,10,100.00
20,647,ERIS,EQ,52808,32753,62.02
20,648,EROSMEDIA,EQ,4049776,1111684,27.45
20,649,ESABINDIA,EQ,3686,1859,50.43
20,650,ESAFSFB,EQ,975191,529156,54.26
20,651,ESCONET,SM,64000,44800,70.00
20,652,ESCORTS,EQ,284176,83295,29.31
20,653,ESFL,SM,19200,18000,93.75
20,654,ESG,EQ,72153,67818,93.99
20,655,ESILVER,EQ,33366,28668,85.92
20,656,ESSARSHPNG,EQ,60789,60783,99.99
20,657,ESTER,EQ,513168,276429,53.87
20,658,ETHOSLTD,EQ,20592,12346,59.96
20,659,EUROBOND,SM,11000,8000,72.73
20,660,EVEREADY,EQ,131472,26871,20.44
20,661,EVERESTIND,EQ,7488,4187,55.92
20,662,EXCELINDUS,EQ,139126,23998,17.25
20,663,EXICOM,EQ,616438,339373,55.05
20,664,EXIDEIND,EQ,2411492,1181764,49.01
20,665,EXPLEOSOL,EQ,19501,10278,52.70
20,666,EXXARO,EQ,198875,77857,39.15
20,667,FACT,EQ,805870,193573,24.02
20,668,FAIRCHEMOR,EQ,17897,6976,38.98
20,669,FAZE3Q,EQ,28260,15544,55.00
20,670,FCL,EQ,300358,115917,38.59
20,671,FCSSOFT,EQ,10715386,3825805,35.70
20,672,FDC,EQ,97562,53590,54.93
20,673,FEDERALBNK,EQ,8748792,3130141,35.78
20,674,FEDFINA,EQ,419407,218493,52.10
20,675,FELIX,ST,9000,9000,100.00
20,676,FIBERWEB,EQ,564338,270065,47.86
20,677,FIDEL,SM,4000,2000,50.00
20,678,FIEMIND,EQ,63434,29747,46.89
20,679,FILATEX,EQ,1847398,811610,43.93
20,680,FINCABLES,EQ,289253,126431,43.71
20,681,FINEORG,EQ,40956,17619,43.02
20,682,FINIETF,EQ,455925,305114,66.92
20,683,FINOPB,EQ,62156,27641,44.47
20,684,FINPIPE,EQ,1177240,492504,41.84
20,685,FIVESTAR,EQ,1398399,1220277,87.26
20,686,FLAIR,EQ,156038,78186,50.11
20,687,FLEXITUFF,EQ,221519,141438,63.85
20,688,FLUOROCHEM,EQ,48104,26287,54.65
20,689,FMCGIETF,EQ,13758,9398,68.31
20,690,FMGOETZE,EQ,125857,73300,58.24
20,691,FOCE,SM,200,200,100.00
20,692,FOCUS,EQ,122635,67598,55.12
20,693,FONEBOX,SM,14000,10000,71.43
20,694,FOODSIN,EQ,400076,174279,43.56
20,695,FORCEMOT,EQ,58160,25301,43.50
20,696,FORTIS,EQ,756195,601988,79.61
20,697,FOSECOIND,EQ,3658,2077,56.78
20,698,FROG,SM,82000,55200,67.32
20,699,FSL,EQ,1005499,541673,53.87
20,700,FUSION,EQ,538407,253411,47.07
20,701,GABRIEL,EQ,888242,336202,37.85
20,702,GAEL,EQ,755833,301516,39.89
20,703,GAIL,EQ,8712471,3601609,41.34
20,704,GALAXYSURF,EQ,42914,20881,48.66
20,705,GANDHAR,EQ,1595931,456567,28.61
20,706,GANDHITUBE,EQ,14524,3405,23.44
20,707,GANECOS,EQ,39717,20449,51.49
20,708,GANESHBE,EQ,280678,122409,43.61
20,709,GANESHHOUC,EQ,64232,31946,49.74
20,710,GANGESSECU,EQ,15666,10979,70.08
20,711,GARFIBRES,EQ,13617,7870,57.80
20,712,GATEWAY,EQ,561937,306484,54.54
20,713,GEECEE,EQ,8351,6247,74.81
20,714,GEEKAYWIRE,EQ,48277,34340,71.13
20,715,GENCON,EQ,48882,44979,92.02
20,716,GENESYS,EQ,939726,224487,23.89
20,717,GENSOL,EQ,363502,139008,38.24
20,718,GENUSPAPER,EQ,1021421,316573,30.99
20,719,GENUSPOWER,EQ,191707,134716,70.27
20,720,GEOJITFSL,EQ,1002616,472729,47.15
20,721,GEPIL,EQ,448941,199007,44.33
20,722,GESHIP,EQ,161607,86029,53.23
20,723,GFLLIMITED,EQ,140112,68220,48.69
20,724,GHCL,EQ,299031,190074,63.56
20,725,GHCLTEXTIL,EQ,253979,133310,52.49
20,726,GICHSGFIN,EQ,372245,163458,43.91
20,727,GICL,SM,3000,3000,100.00
20,728,GICRE,EQ,2379347,681156,28.63
20,729,GILLETTE,EQ,6996,3518,50.29
20,730,GILT5YBEES,EQ,473654,429449,90.67
20,731,GINNIFILA,EQ,43415,37151,85.57
20,732,GIPCL,EQ,635826,343868,54.08
20,733,GIRIRAJ,ST,8500,8500,100.00
20,734,GKWLIMITED,EQ,1624,1604,98.77
20,735,GLAND,EQ,84380,36396,43.13
20,736,GLAXO,EQ,140795,83229,59.11
20,737,GLENMARK,EQ,689298,315440,45.76
20,738,GLOBAL,EQ,51223,28290,55.23
20,739,GLOBALPET,SM,1500,1500,100.00
20,740,GLOBUSSPR,EQ,726106,179946,24.78
20,741,GLS,EQ,68303,40946,59.95
20,742,GMBREW,EQ,772546,200551,25.96
20,743,GMDCLTD,EQ,3468104,953011,27.48
20,744,GMMPFAUDLR,EQ,144940,78410,54.10
20,745,GMRINFRA,EQ,14429781,5801670,40.21
20,746,GMRP&UI,EQ,528496,410070,77.59
20,747,GNA,EQ,67532,35990,53.29
20,748,GNFC,EQ,728661,332736,45.66
20,749,GOACARBON,EQ,79237,36730,46.35
20,750,GOCLCORP,EQ,2423254,426945,17.62
20,751,GOCOLORS,EQ,89520,45173,50.46
20,752,GODFRYPHLP,EQ,36744,14371,39.11
20,753,GODREJAGRO,EQ,106994,55391,51.77
20,754,GODREJCP,EQ,901422,592612,65.74
20,755,GODREJIND,EQ,76116,33023,43.39
20,756,GODREJPROP,EQ,859720,280472,32.62
20,757,GOKEX,EQ,197994,84129,42.49
20,758,GOKULAGRO,EQ,97740,59351,60.72
20,759,GOLDBEES,EQ,13493168,9898833,73.36
20,760,GOLDCASE,EQ,260007,201768,77.60
20,761,GOLDETF,EQ,136064,82465,60.61
20,762,GOLDETFADD,EQ,11650,2983,25.61
20,763,GOLDIAM,EQ,873553,343834,39.36
20,764,GOLDIETF,EQ,1960227,1082981,55.25
20,765,GOLDSHARE,EQ,174354,139858,80.21
20,766,GOLDSTAR,SM,416250,236250,56.76
20,767,GOLDTECH,EQ,36620,6882,18.79
20,768,GOODLUCK,EQ,173690,73565,42.35
20,769,GOPAL,EQ,153088,88100,57.55
20,770,GOYALSALT,SM,33000,21000,63.64
20,771,GPIL,EQ,256136,129647,50.62
20,772,GPPL,EQ,8034855,2406587,29.95
20,773,GPTHEALTH,EQ,647901,288111,44.47
20,774,GPTINFRA,EQ,105798,42462,40.13
20,775,GRANULES,EQ,551174,182288,33.07
20,776,GRAPHISAD,SM,30000,22800,76.00
20,777,GRAPHITE,EQ,1910209,595487,31.17
20,778,GRASIM,EQ,288891,85725,29.67
20,779,GRASIMPP,E1,111565,110503,99.05
20,780,GRAVITA,EQ,116986,51737,44.22
20,781,GRCL,SM,2000,2000,100.00
20,782,GREAVESCOT,EQ,2438813,1477478,60.58
20,783,GREENCHEF,SM,88000,76000,86.36
20,784,GREENLAM,EQ,24256,12820,52.85
20,785,GREENPANEL,EQ,359087,225885,62.91
20,786,GREENPLY,EQ,597365,301222,50.43
20,787,GRINDWELL,EQ,46603,29724,63.78
20,788,GRINFRA,EQ,358474,138184,38.55
20,789,GRMOVER,EQ,230367,99177,43.05
20,790,GROBTEA,EQ,90,63,70.00
20,791,GRPLTD,EQ,292,195,66.78
20,792,GRSE,EQ,1656396,363346,21.94
20,793,GRWRHITECH,EQ,44957,32299,71.84
20,794,GSEC10IETF,EQ,1112,881,79.23
20,795,GSEC10YEAR,EQ,6486,4245,65.45
20,796,GSEC5IETF,EQ,4023,4013,99.75
20,797,GSFC,EQ,6796460,2135895,31.43
20,798,GSLSU,EQ,109933,55729,50.69
20,799,GSPL,EQ,2230532,1335684,59.88
20,800,GSTL,SM,4000,3000,75.00
20,801,GTLINFRA,EQ,44996701,23476921,52.17
20,802,GTPL,EQ,55895,26846,48.03
20,803,GUFICBIO,EQ,124181,70679,56.92
20,804,GUJALKALI,EQ,65620,30373,46.29
20,805,GUJGASLTD,EQ,339016,128821,38.00
20,806,GULFOILLUB,EQ,85537,37622,43.98
20,807,GULFPETRO,EQ,225375,131599,58.39
20,808,GULPOLY,EQ,132399,67755,51.17
20,809,GVKPIL,EQ,1806984,1634729,90.47
20,810,GVPTECH,EQ,129421,93409,72.17
20,811,HAL,EQ,2513886,1125287,44.76
20,812,HAPPSTMNDS,EQ,692995,266655,38.48
20,813,HAPPYFORGE,EQ,49773,27425,55.10
20,814,HARDWYN,EQ,356798,153262,42.95
20,815,HARIOMPIPE,EQ,185250,75560,40.79
20,816,HARRMALAYA,EQ,30118,20824,69.14
20,817,HARSHA,EQ,142067,35868,25.25
20,818,HATHWAY,EQ,11213469,4096150,36.53
20,819,HATSUN,EQ,17924,7536,42.04
20,820,HAVELLS,EQ,1111418,632475,56.91
20,821,HBLPOWER,EQ,739605,414877,56.09
20,822,HCC,EQ,26713066,15127452,56.63
20,823,HCG,EQ,160007,77451,48.40
20,824,HCL-INSYS,EQ,207054,178703,86.31
20,825,HCLTECH,EQ,1014857,539652,53.18
20,826,HDFCAMC,EQ,742410,448158,60.37
20,827,HDFCBANK,EQ,12599785,8431758,66.92
20,828,HDFCBSE500,EQ,62544,47605,76.11
20,829,HDFCGOLD,EQ,1211985,725249,59.84
20,830,HDFCGROWTH,EQ,5801,4266,73.54
20,831,HDFCLIFE,EQ,3874744,2265912,58.48
20,832,HDFCLIQUID,EQ,846,775,91.61
20,833,HDFCLOWVOL,EQ,20447,16026,78.38
20,834,HDFCMID150,EQ,371380,228081,61.41
20,835,HDFCMOMENT,EQ,232517,169458,72.88
20,836,HDFCNEXT50,EQ,21314,16026,75.19
20,837,HDFCNIF100,EQ,83181,67482,81.13
20,838,HDFCNIFBAN,EQ,91029,86429,94.95
20,839,HDFCNIFIT,EQ,53860,42127,78.22
20,840,HDFCNIFTY,EQ,43262,32199,74.43
20,841,HDFCPSUBK,EQ,12063,7009,58.10
20,842,HDFCPVTBAN,EQ,86004,53530,62.24
20,843,HDFCQUAL,EQ,16035,15048,93.84
20,844,HDFCSENSEX,EQ,25113,14796,58.92
20,845,HDFCSILVER,EQ,380923,340745,89.45
20,846,HDFCSML250,EQ,567624,476241,83.90
20,847,HDFCVALUE,EQ,6281,3513,55.93
20,848,HEADSUP,EQ,590693,189608,32.10
20,849,HEALTHADD,EQ,732,663,90.57
20,850,HEALTHIETF,EQ,25235,10891,43.16
20,851,HEALTHY,EQ,339088,298517,88.04
20,852,HECPROJECT,EQ,3438,2704,78.65
20,853,HEG,EQ,685171,190710,27.83
20,854,HEIDELBERG,EQ,117279,60409,51.51
20,855,HEMIPROP,EQ,1015403,481333,47.40
20,856,HERANBA,EQ,167653,69650,41.54
20,857,HERCULES,EQ,70256,26213,37.31
20,858,HERITGFOOD,EQ,357715,177552,49.64
20,859,HEROMOTOCO,EQ,664163,303877,45.75
20,860,HESTERBIO,EQ,6005,3920,65.28
20,861,HEUBACHIND,EQ,74701,42379,56.73
20,862,HEXATRADEX,EQ,4898,3103,63.35
20,863,HFCL,EQ,21764045,6045866,27.78
20,864,HGINFRA,EQ,803099,263523,32.81
20,865,HGS,EQ,48425,18211,37.61
20,866,HIGREEN,SM,51200,41600,81.25
20,867,HIKAL,EQ,120257,52748,43.86
20,868,HIL,EQ,4889,2769,56.64
20,869,HILTON,EQ,720678,283427,39.33
20,870,HIMATSEIDE,EQ,971109,414585,42.69
20,871,HINDALCO,EQ,6192790,3444694,55.62
20,872,HINDCOMPOS,EQ,10779,5087,47.19
20,873,HINDCOPPER,EQ,35423166,7953798,22.45
20,874,HINDMOTORS,EQ,818396,398262,48.66
20,875,HINDOILEXP,EQ,943196,301956,32.01
20,876,HINDPETRO,EQ,6063072,2367732,39.05
20,877,HINDUNILVR,EQ,1427873,967331,67.75
20,878,HINDWAREAP,EQ,172395,69836,40.51
20,879,HINDZINC,EQ,916687,480771,52.45
20,880,HIRECT,EQ,9688,6176,63.75
20,881,HISARMETAL,EQ,16402,10952,66.77
20,882,HITECH,EQ,1568626,675550,43.07
20,883,HITECHCORP,EQ,16865,10356,61.41
20,884,HITECHGEAR,EQ,128116,47623,37.17
20,885,HLEGLAS,EQ,111990,46759,41.75
20,886,HLVLTD,EQ,3594986,2193179,61.01
20,887,HMAAGRO,EQ,682564,571252,83.69
20,888,HMVL,EQ,202586,59843,29.54
20,889,HNDFDS,EQ,123979,44793,36.13
20,890,HNGSNGBEES,EQ,125590,90466,72.03
20,891,HOLMARC,SM,6000,6000,100.00
20,892,HOMEFIRST,EQ,120059,73995,61.63
20,893,HOMESFY,SM,1200,900,75.00
20,894,HONASA,EQ,349909,132491,37.86
20,895,HONAUT,EQ,7599,6335,83.37
20,896,HONDAPOWER,EQ,9667,3739,38.68
20,897,HOVS,EQ,39958,29666,74.24
20,898,HPAL,EQ,362306,179226,49.47
20,899,HPL,EQ,156435,118933,76.03
20,900,HRHNEXT,SM,39000,36000,92.31
20,901,HTMEDIA,EQ,338523,154354,45.60
20,902,HUDCO,EQ,15528366,5195185,33.46
20,903,HUDCO,N2,656,600,91.46
20,904,HUDCO,N5,1230,1130,91.87
20,905,HUDCO,N8,300,300,100.00
20,906,HUDCO,N9,118,59,50.00
20,907,HUDCO,ND,3121,2114,67.73
20,908,HUDCO,NE,398,355,89.20
20,909,HUHTAMAKI,EQ,74871,32343,43.20
20,910,IBLFL,SM,32000,16000,50.00
20,911,IBREALEST,EQ,13875896,4434400,31.96
20,912,IBUCCREDIT,NB,175,152,86.86
20,913,IBUCCREDIT,NJ,10,10,100.00
20,914,IBULHSG,N4,83,83,100.00
20,915,IBULHSG,N7,50,50,100.00
20,916,IBULHSG,NF,90,90,100.00
20,917,IBULHSG,NZ,90,90,100.00
20,918,IBULHSG,Y1,1,1,100.00
20,919,IBULHSG,Y5,56,36,64.29
20,920,IBULHSG,YM,15,15,100.00
20,921,IBULHSG,YO,150,150,100.00
20,922,IBULHSG,YR,1,1,100.00
20,923,IBULHSG,Z8,2900,2900,100.00
20,924,IBULHSGFIN,AC,30,30,100.00
20,925,IBULHSGFIN,AJ,2,2,100.00
20,926,IBULHSGFIN,AL,131,131,100.00
20,927,IBULHSGFIN,AN,2,2,100.00
20,928,IBULHSGFIN,AP,11,10,90.91
20,929,IBULHSGFIN,AT,70,70,100.00
20,930,IBULHSGFIN,AX,10,10,100.00
20,931,IBULHSGFIN,EQ,12401649,5597794,45.14
20,932,IBULHSGFIN,N0,161,100,62.11
20,933,IBULHSGFIN,NA,185,185,100.00
20,934,IBULHSGFIN,NN,7,7,100.00
20,935,IBULHSGFIN,YT,1,1,100.00
20,936,IBULHSGFIN,Z5,8,8,100.00
20,937,IBULHSGFIN,Z7,50,50,100.00
20,938,IBULHSGFIN,ZB,1,1,100.00
20,939,IBULHSGFIN,ZD,50,50,100.00
20,940,IBULHSGFIN,ZF,19,19,100.00
20,941,IBULHSGFIN,ZP,12,12,100.00
20,942,IBULHSGFIN,ZS,6,6,100.00
20,943,IBULHSGFIN,ZY,45,45,100.00
20,944,IBULPP,E1,3297998,2518551,76.37
20,945,ICEMAKE,EQ,49914,22895,45.87
20,946,ICICIB22,EQ,902733,664939,73.66
20,947,ICICIBANK,EQ,10848191,7348389,67.74
20,948,ICICIGI,EQ,296627,142270,47.96
20,949,ICICIPRULI,EQ,1936435,893000,46.12
20,950,ICIL,EQ,1042658,820736,78.72
20,951,ICRA,EQ,1527,1002,65.62
20,952,IDBI,EQ,6816262,2825893,41.46
20,953,IDEA,EQ,469724659,114448346,24.36
20,954,IDEAFORGE,EQ,308697,116932,37.88
20,955,IDFC,EQ,7682597,5211441,67.83
20,956,IDFCFIRSTB,EQ,34749524,12667455,36.45
20,957,IDFNIFTYET,EQ,434,270,62.21
20,958,IEL,EQ,128481,105420,82.05
20,959,IEX,EQ,7437392,2992441,40.24
20,960,IFBAGRO,EQ,9361,4474,47.79
20,961,IFBIND,EQ,340646,100483,29.50
20,962,IFCI,EQ,2974284,2363162,79.45
20,963,IFCI,NH,597,597,100.00
20,964,IFCI,NL,100,100,100.00
20,965,IFGLEXPOR,EQ,18505,10662,57.62
20,966,IGARASHI,EQ,51743,24774,47.88
20,967,IGL,EQ,2347813,1487800,63.37
20,968,IGPL,EQ,26969,15121,56.07
20,969,IIFCL,N1,1009,1000,99.11
20,970,IIFCL,N3,48,0,0.00
20,971,IIFCL,N4,7,6,85.71
20,972,IIFL,EQ,2150228,973845,45.29
20,973,IIFL,NC,75,75,100.00
20,974,IIFL,NE,410,300,73.17
20,975,IIFL,NF,1985,1806,90.98
20,976,IIFL,NG,236,236,100.00
20,977,IIFL,NJ,10,10,100.00
20,978,IIFL,NK,15,15,100.00
20,979,IIFL,NL,147,146,99.32
20,980,IIFL,NM,950,600,63.16
20,981,IIFL,NO,1,1,100.00
20,982,IIFL,NQ,149,100,67.11
20,983,IIFL,NS,429,429,100.00
20,984,IIFL,NT,201,201,100.00
20,985,IIFL,NW,258,158,61.24
20,986,IIFL,NZ,16,16,100.00
20,987,IIFLSAMFIN,N0,10,10,100.00
20,988,IIFLSAMFIN,N2,20,20,100.00
20,989,IIFLSAMFIN,N4,540,540,100.00
20,990,IIFLSEC,EQ,644522,364533,56.56
20,991,IIHFL,N4,16,16,100.00
20,992,IIHFL,N5,1235,1145,92.71
20,993,IIHFL,N7,151,151,100.00
20,994,IITL,EQ,2292,1720,75.04
20,995,IKIO,EQ,265735,117338,44.16
20,996,IMAGICAA,EQ,3233813,1288783,39.85
20,997,IMC1,N0,20,20,100.00
20,998,IMC1,N1,1,1,100.00
20,999,IMFA,EQ,311313,170250,54.69
20,1000,IMPAL,EQ,1625,882,54.28
20,1001,INCREDFIN,N4,198,198,100.00
20,1002,INCREDFIN,N5,25,25,100.00
20,1003,INDBANK,EQ,194060,110403,56.89
20,1004,INDHOTEL,EQ,4491705,1862825,41.47
20,1005,INDIACEM,EQ,1924592,740090,38.45
20,1006,INDIAGLYCO,EQ,96090,48964,50.96
20,1007,INDIAMART,EQ,124072,56533,45.56
20,1008,INDIANB,EQ,1537544,624836,40.64
20,1009,INDIANCARD,EQ,3659,2617,71.52
20,1010,INDIANHUME,EQ,415186,111475,26.85
20,1011,INDIASHLTR,EQ,158559,111491,70.32
20,1012,INDIGO,EQ,756301,469695,62.10
20,1013,INDIGOPNTS,EQ,100380,54820,54.61
20,1014,INDIGRID,IV,434378,390648,89.93
20,1015,INDIGRID,NF,460,460,100.00
20,1016,INDNIPPON,EQ,52510,20054,38.19
20,1017,INDOAMIN,EQ,218331,137225,62.85
20,1018,INDOBORAX,EQ,41333,20307,49.13
20,1019,INDOCO,EQ,165765,73836,44.54
20,1020,INDORAMA,EQ,506573,258325,50.99
20,1021,INDOSTAR,EQ,28028,28028,100.00
20,1022,INDOTECH,EQ,17927,10674,59.54
20,1023,INDRAMEDCO,EQ,322095,220955,68.60
20,1024,INDSWFTLAB,EQ,3003875,2355663,78.42
20,1025,INDSWFTLTD,EQ,128663,101094,78.57
20,1026,INDTERRAIN,EQ,229362,106235,46.32
20,1027,INDUSINDBK,EQ,2159432,914416,42.35
20,1028,INDUSTOWER,EQ,40267500,10636009,26.41
20,1029,INFIBEAM,EQ,45277460,10043064,22.18
20,1030,INFINIUM,SM,4000,4000,100.00
20,1031,INFOBEAN,EQ,32600,14153,43.41
20,1032,INFOLLION,SM,50400,47200,93.65
20,1033,INFRABEES,EQ,17004,10007,58.85
20,1034,INFRAIETF,EQ,75045,43838,58.42
20,1035,INFY,EQ,6580002,3780879,57.46
20,1036,INGERRAND,EQ,17433,6966,39.96
20,1037,INM,SM,10800,10800,100.00
20,1038,INNOVACAP,EQ,193835,134617,69.45
20,1039,INNOVANA,SM,2200,2200,100.00
20,1040,INNOVATIVE,ST,24000,24000,100.00
20,1041,INOXINDIA,EQ,674278,262135,38.88
20,1042,INOXWIND,EQ,476500,202848,42.57
20,1043,INSECTICID,EQ,85631,57649,67.32
20,1044,INSPIRE,SM,130000,108000,83.08
20,1045,INTELLECT,EQ,341062,151678,44.47
20,1046,INTLCONV,EQ,652744,329495,50.48
20,1047,IOB,EQ,26858536,7097286,26.42
20,1048,IOC,EQ,14548989,6194111,42.57
20,1049,IOLCP,EQ,274144,94562,34.49
20,1050,IONEXCHANG,EQ,257042,136644,53.16
20,1051,IPCALAB,EQ,349243,112887,32.32
20,1052,IPL,EQ,877189,470550,53.64
20,1053,IPSL,SM,4000,4000,100.00
20,1054,IRB,EQ,23178098,9938025,42.88
20,1055,IRBINVIT,IV,202079,178409,88.29
20,1056,IRCON,EQ,7621644,2974923,39.03
20,1057,IRCTC,EQ,4502891,1925090,42.75
20,1058,IREDA,EQ,15806364,6696894,42.37
20,1059,IREDA,N5,102,101,99.02
20,1060,IRFC,EQ,47979360,12856563,26.80
20,1061,IRFC,N4,160,160,100.00
20,1062,IRFC,N8,25,25,100.00
20,1063,IRFC,NA,2854,2804,98.25
20,1064,IRFC,NE,193,193,100.00
20,1065,IRFC,NI,4,4,100.00
20,1066,IRFC,NJ,216,214,99.07
20,1067,IRFC,NK,160,150,93.75
20,1068,IRFC,NL,20,20,100.00
20,1069,IRFC,NN,20,20,100.00
20,1070,IRFC,NO,1425,1425,100.00
20,1071,IRIS,EQ,5803,4328,74.58
20,1072,IRISDOREME,EQ,93207,57249,61.42
20,1073,IRMENERGY,EQ,35915,18115,50.44
20,1074,ISEC,EQ,2162306,1349866,62.43
20,1075,ISFT,EQ,55592,29511,53.08
20,1076,ISGEC,EQ,49234,29052,59.01
20,1077,ISHAN,ST,576000,480000,83.33
20,1078,ISMTLTD,EQ,832721,454641,54.60
20,1079,IT,EQ,149719,122194,81.62
20,1080,ITALIANE,SM,26000,22000,84.62
20,1081,ITBEES,EQ,5661691,4822531,85.18
20,1082,ITC,EQ,9382308,5850987,62.36
20,1083,ITDC,EQ,99163,46260,46.65
20,1084,ITDCEM,EQ,527306,265151,50.28
20,1085,ITETF,EQ,106532,88921,83.47
20,1086,ITETFADD,EQ,183811,157233,85.54
20,1087,ITI,EQ,2661555,492216,18.49
20,1088,ITIETF,EQ,478262,290073,60.65
20,1089,IVC,EQ,807648,539662,66.82
20,1090,IVZINGOLD,EQ,88,80,90.91
20,1091,IVZINNIFTY,EQ,12,11,91.67
20,1092,IZMO,EQ,14521,12321,84.85
20,1093,JAGRAN,EQ,476654,272662,57.20
20,1094,JAGSNPHARM,EQ,7499,4733,63.12
20,1095,JAICORPLTD,EQ,308647,231190,74.90
20,1096,JAINAM,SM,11000,8000,72.73
20,1097,JAIPURKURT,EQ,65351,45679,69.90
20,1098,JALAN,SM,33000,21000,63.64
20,1099,JAMNAAUTO,EQ,8547391,2933726,34.32
20,1100,JASH,EQ,13886,6777,48.80
20,1101,JAYAGROGN,EQ,16603,8935,53.82
20,1102,JAYBARMARU,EQ,175190,102886,58.73
20,1103,JAYNECOIND,EQ,37583,33198,88.33
20,1104,JAYSREETEA,EQ,61375,32460,52.89
20,1105,JBCHEPHARM,EQ,95372,72379,75.89
20,1106,JBMA,EQ,146750,76168,51.90
20,1107,JCHAC,EQ,69489,33262,47.87
20,1108,JETFREIGHT,EQ,126885,94283,74.31
20,1109,JFLLIFE,SM,12000,8000,66.67
20,1110,JGCHEM,EQ,459878,163715,35.60
20,1111,JINDALPHOT,EQ,10759,5236,48.67
20,1112,JINDALPOLY,EQ,206608,56894,27.54
20,1113,JINDALSAW,EQ,1537781,708102,46.05
20,1114,JINDALSTEL,EQ,2179459,679920,31.20
20,1115,JINDRILL,EQ,29906,17810,59.55
20,1116,JINDWORLD,EQ,56572,20702,36.59
20,1117,JIOFIN,EQ,23644472,9887050,41.82
20,1118,JISLDVREQS,EQ,162234,112238,69.18
20,1119,JISLJALEQS,EQ,9890210,3502715,35.42
20,1120,JIWANRAM,SM,24000,18000,75.00
20,1121,J&KBANK,EQ,2634196,1260985,47.87
20,1122,JKCEMENT,EQ,244709,131687,53.81
20,1123,JKIL,EQ,316913,144386,45.56
20,1124,JKLAKSHMI,EQ,50593,24037,47.51
20,1125,JKPAPER,EQ,932492,564833,60.57
20,1126,JKTYRE,EQ,372696,230903,61.95
20,1127,JLHL,EQ,59201,28024,47.34
20,1128,JMFINANCIL,EQ,6452243,1714244,26.57
20,1129,JOCIL,EQ,14737,8915,60.49
20,1130,JPASSOCIAT,EQ,11902090,6634835,55.75
20,1131,JPOLYINVST,EQ,7715,4316,55.94
20,1132,JSFB,EQ,118854,57648,48.50
20,1133,JSL,EQ,1185130,567825,47.91
20,1134,JSLL,SM,182880,163440,89.37
20,1135,JSWENERGY,EQ,2547243,1212388,47.60
20,1136,JSWHL,EQ,11788,2913,24.71
20,1137,JSWINFRA,EQ,8731852,6300312,72.15
20,1138,JSWSTEEL,EQ,6053539,1571330,25.96
20,1139,JTEKTINDIA,EQ,1285608,477606,37.15
20,1140,JTLIND,EQ,1775670,980741,55.23
20,1141,JUBLFOOD,EQ,3230159,1928908,59.72
20,1142,JUBLINDS,EQ,9369,7136,76.17
20,1143,JUBLINGREA,EQ,206580,80035,38.74
20,1144,JUBLPHARMA,EQ,97430,47113,48.36
20,1145,JUNIORBEES,EQ,274750,146793,53.43
20,1146,JUNIPER,EQ,796813,514079,64.52
20,1147,JUSTDIAL,EQ,177780,66633,37.48
20,1148,JWL,EQ,804839,554936,68.95
20,1149,JYOTHYLAB,EQ,207166,78567,37.92
20,1150,JYOTICNC,EQ,796525,429859,53.97
20,1151,KABRAEXTRU,EQ,130750,72712,55.61
20,1152,KAJARIACER,EQ,560703,437916,78.10
20,1153,KAKATCEM,EQ,14833,9963,67.17
20,1154,KALAMANDIR,EQ,229786,116934,50.89
20,1155,KALYANIFRG,EQ,4155,2879,69.29
20,1156,KALYANKJIL,EQ,3144784,1366150,43.44
20,1157,KAMATHOTEL,EQ,8946,8546,95.53
20,1158,KAMDHENU,EQ,238204,34776,14.60
20,1159,KAMOPAINTS,EQ,1682641,689278,40.96
20,1160,KANORICHEM,EQ,51721,29941,57.89
20,1161,KANPRPLA,EQ,13288,7233,54.43
20,1162,KANSAINER,EQ,329566,176431,53.53
20,1163,KAPSTON,EQ,7056,5908,83.73
20,1164,KARNIKA,SM,36800,24000,65.22
20,1165,KARURVYSYA,EQ,1294256,580067,44.82
20,1166,KAUSHALYA,EQ,497,267,53.72
20,1167,KAVVERITEL,EQ,6859,6673,97.29
20,1168,KAYA,EQ,12866,7834,60.89
20,1169,KAYNES,EQ,127724,86690,67.87
20,1170,KBCGLOBAL,EQ,7847170,5846794,74.51
20,1171,KCEIL,SM,14000,12000,85.71
20,1172,KCK,ST,12000,12000,100.00
20,1173,KCP,EQ,544634,283484,52.05
20,1174,KCPSUGIND,EQ,860222,353041,41.04
20,1175,KDDL,EQ,15513,7645,49.28
20,1176,KDL,SM,5200,5200,100.00
20,1177,KEC,EQ,194041,74520,38.40
20,1178,KECL,EQ,1180412,394054,33.38
20,1179,KEEPLEARN,EQ,5997,5997,100.00
20,1180,KEI,EQ,291555,98176,33.67
20,1181,KEL,SM,33600,24000,71.43
20,1182,KELLTONTEC,EQ,1668964,551412,33.04
20,1183,KERNEX,EQ,22018,12606,57.25
20,1184,KESORAMIND,EQ,610170,406863,66.68
20,1185,KEYFINSERV,EQ,17140,6422,37.47
20,1186,KFINTECH,EQ,221227,114530,51.77
20,1187,KHADIM,EQ,16594,8801,53.04
20,1188,KHAICHEM,EQ,244036,118068,48.38
20,1189,KHAITANLTD,EQ,5042,4206,83.42
20,1190,KHANDSE,EQ,9863,7770,78.78
20,1191,KHFM,SM,24800,12400,50.00
20,1192,KICL,EQ,5729,3195,55.77
20,1193,KILITCH,EQ,9560,5369,56.16
20,1194,KIMS,EQ,69497,48213,69.37
20,1195,KINGFA,EQ,6623,4596,69.39
20,1196,KIOCL,EQ,284993,100011,35.09
20,1197,KIRIINDUS,EQ,295220,111302,37.70
20,1198,KIRLOSBROS,EQ,135779,37215,27.41
20,1199,KIRLOSENG,EQ,111100,61467,55.33
20,1200,KIRLOSIND,EQ,2425,1694,69.86
20,1201,KIRLPNU,EQ,70492,40720,57.77
20,1202,KITEX,EQ,244390,120965,49.50
20,1203,KKCL,EQ,37727,22177,58.78
20,1204,KLL,SM,19200,14400,75.00
20,1205,KMSUGAR,EQ,335364,139323,41.54
20,1206,KNAGRI,SM,14400,9600,66.67
20,1207,KNRCON,EQ,403042,203341,50.45
20,1208,KODYTECH,SM,3200,2400,75.00
20,1209,KOHINOOR,EQ,458572,154463,33.68
20,1210,KOKUYOCMLN,EQ,40060,28926,72.21
20,1211,KOLTEPATIL,EQ,100072,40849,40.82
20,1212,KONSTELEC,SM,128000,64000,50.00
20,1213,KONTOR,SM,6000,6000,100.00
20,1214,KOPRAN,EQ,756862,241883,31.96
20,1215,KORE,SM,2000,1500,75.00
20,1216,KOTAKBANK,EQ,2885880,1604268,55.59
20,1217,KOTAKGOLD,EQ,2609563,1525996,58.48
20,1218,KOTAKSILVE,EQ,62191,56250,90.45
20,1219,KOTARISUG,EQ,217251,103502,47.64
20,1220,KOTHARIPET,EQ,55968,33623,60.08
20,1221,KOTHARIPRO,EQ,11742,6513,55.47
20,1222,KOTYARK,SM,9800,9000,91.84
20,1223,KPIGREEN,EQ,155140,111863,72.10
20,1224,KPIL,EQ,560229,218438,38.99
20,1225,KPITTECH,EQ,605816,258481,42.67
20,1226,KPRMILL,EQ,169039,79088,46.79
20,1227,KRBL,EQ,3149447,606044,19.24
20,1228,KREBSBIO,EQ,5266,4831,91.74
20,1229,KRISHANA,EQ,13813,7481,54.16
20,1230,KRISHCA,SM,27000,25500,94.44
20,1231,KRISHNADEF,SM,12000,8500,70.83
20,1232,KRITI,EQ,53442,21228,39.72
20,1233,KRITINUT,EQ,53931,28778,53.36
20,1234,KRSNAA,EQ,46747,23258,49.75
20,1235,KRYSTAL,EQ,1042287,344210,33.02
20,1236,KSB,EQ,21304,7934,37.24
20,1237,KSCL,EQ,108684,33333,30.67
20,1238,KSL,EQ,185004,80072,43.28
20,1239,KSOLVES,EQ,17092,9937,58.14
20,1240,KTKBANK,EQ,2722529,1488318,54.67
20,1241,KTL,SM,12000,12000,100.00
20,1242,KUANTUM,EQ,116290,61763,53.11
20,1243,LALPATHLAB,EQ,565946,485231,85.74
20,1244,LAMBODHARA,EQ,77121,26051,33.78
20,1245,LANDMARK,EQ,130465,76795,58.86
20,1246,LAOPALA,EQ,300836,128383,42.68
20,1247,LASA,EQ,19787,17527,88.58
20,1248,LATENTVIEW,EQ,1869290,417633,22.34
20,1249,LAURUSLABS,EQ,1061080,464095,43.74
20,1250,LAWSIKHO,SM,121000,91000,75.21
20,1251,LAXMICOT,EQ,72001,38444,53.39
20,1252,LAXMIMACH,EQ,18200,4450,24.45
20,1253,LEMERITE,SM,246400,112000,45.45
20,1254,LEMONTREE,EQ,4686301,1548044,33.03
20,1255,LEXUS,EQ,27904,19091,68.42
20,1256,LGBBROSLTD,EQ,50765,27358,53.89
20,1257,LGBFORGE,EQ,86410,75490,87.36
20,1258,LGHL,EQ,4120,2714,65.87
20,1259,LIBAS,EQ,74421,45497,61.13
20,1260,LICHSGFIN,EQ,1573234,418040,26.57
20,1261,LICI,EQ,4863536,1876146,38.58
20,1262,LICMFGOLD,EQ,282,197,69.86
20,1263,LICNETFGSC,EQ,37881,28718,75.81
20,1264,LICNETFN50,EQ,814,271,33.29
20,1265,LICNETFSEN,EQ,54,53,98.15
20,1266,LICNFNHGP,EQ,3338,697,20.88
20,1267,LICNMID100,EQ,30033,17003,56.61
20,1268,LIKHITHA,EQ,195985,99729,50.89
20,1269,LINC,EQ,33294,11765,35.34
20,1270,LINCOLN,EQ,50496,25359,50.22
20,1271,LINDEINDIA,EQ,42744,21729,50.84
20,1272,LIQUID,EQ,102494,68917,67.24
20,1273,LIQUID1,EQ,2880,2834,98.40
20,1274,LIQUIDBEES,EQ,4782731,3997683,83.59
20,1275,LIQUIDCASE,EQ,13980166,9441073,67.53
20,1276,LIQUIDETF,EQ,724999,427911,59.02
20,1277,LIQUIDIETF,EQ,1494131,920071,61.58
20,1278,LIQUIDSBI,EQ,17365,12442,71.65
20,1279,LLOYDS,SM,9000,6000,66.67
20,1280,LLOYDSENGG,EQ,5269716,2736643,51.93
20,1281,LLOYDSME,EQ,137741,72308,52.50
20,1282,LODHA,EQ,628432,471625,75.05
20,1283,LOKESHMACH,EQ,128429,66479,51.76
20,1284,LOVABLE,EQ,46060,33147,71.96
20,1285,LOWVOL,EQ,645,502,77.83
20,1286,LOWVOL1,EQ,37791,24427,64.64
20,1287,LOWVOLIETF,EQ,4056570,3702409,91.27
20,1288,LOYALTEX,EQ,5870,2305,39.27
20,1289,LPDC,EQ,126282,63363,50.18
20,1290,LRRPL,SM,6000,6000,100.00
20,1291,LT,EQ,1905190,1182730,62.08
20,1292,L&TFH,EQ,6595976,4130614,62.62
20,1293,L&TFIN,N5,1,1,100.00
20,1294,L&TFIN,NF,9,9,100.00
20,1295,L&TFIN,NH,37,37,100.00
20,1296,L&TFIN,NJ,984,984,100.00
20,1297,L&TFIN,NL,234,215,91.88
20,1298,L&TFIN,NN,103,102,99.03
20,1299,LTFOODS,EQ,3102196,1054951,34.01
20,1300,LTGILTBEES,EQ,3386207,3199098,94.47
20,1301,LTIM,EQ,626289,400760,63.99
20,1302,LTTS,EQ,161908,89965,55.57
20,1303,LUMAXIND,EQ,3662,2128,58.11
20,1304,LUMAXTECH,EQ,122760,63086,51.39
20,1305,LUPIN,EQ,1537859,487492,31.70
20,1306,LUXIND,EQ,55503,24819,44.72
20,1307,LXCHEM,EQ,642901,281147,43.73
20,1308,LYKALABS,EQ,25288,18670,73.83
20,1309,LYPSAGEMS,EQ,112936,107390,95.09
20,1310,MAANALU,EQ,110951,60775,54.78
20,1311,MADHAVBAUG,SM,11200,10400,92.86
20,1312,MADHUSUDAN,SM,38000,36000,94.74
20,1313,MADRASFERT,EQ,576700,197212,34.20
20,1314,MAFANG,EQ,444671,298894,67.22
20,1315,MAGADSUGAR,EQ,19847,10649,53.66
20,1316,MAGNUM,EQ,178556,132463,74.19
20,1317,MAGSON,SM,12000,8000,66.67
20,1318,MAHABANK,EQ,49554730,16242721,32.78
20,1319,MAHAPEXLTD,EQ,7107,4441,62.49
20,1320,MAHEPC,EQ,46647,29068,62.31
20,1321,MAHESHWARI,EQ,25992,16929,65.13
20,1322,MAHICKRA,SM,1500,1500,100.00
20,1323,MAHKTECH,EQ,815563,637701,78.19
20,1324,MAHLIFE,EQ,1018815,396341,38.90
20,1325,MAHLOG,EQ,170647,91212,53.45
20,1326,MAHSCOOTER,EQ,6885,3319,48.21
20,1327,MAHSEAMLES,EQ,142508,83445,58.55
20,1328,MAITHANALL,EQ,70807,40612,57.36
20,1329,MAITREYA,SM,49600,38400,77.42
20,1330,MAKEINDIA,EQ,18684,14627,78.29
20,1331,MAKS,ST,19500,19500,100.00
20,1332,MAL,SM,73600,65600,89.13
20,1333,MALLCOM,EQ,5428,3739,68.88
20,1334,MANAKCOAT,EQ,73607,58449,79.41
20,1335,MANAKSIA,EQ,182968,92200,50.39
20,1336,MANALIPETC,EQ,1005779,471663,46.90
20,1337,MANAPPURAM,EQ,10779557,4540760,42.12
20,1338,MANGALAM,EQ,56605,40200,71.02
20,1339,MANGCHEFER,EQ,315711,173093,54.83
20,1340,MANGLMCEM,EQ,28951,16259,56.16
20,1341,MANINFRA,EQ,913493,443636,48.56
20,1342,MANKIND,EQ,596402,290598,48.73
20,1343,MANORAMA,EQ,217457,118448,54.47
20,1344,MANORG,EQ,15874,8707,54.85
20,1345,MANYAVAR,EQ,177712,112903,63.53
20,1346,MAPMYINDIA,EQ,219934,178784,81.29
20,1347,MARALOVER,EQ,64408,35964,55.84
20,1348,MARATHON,EQ,251094,152635,60.79
20,1349,MARCO,SM,18000,15000,83.33
20,1350,MARICO,EQ,798915,445799,55.80
20,1351,MARINE,EQ,269802,180119,66.76
20,1352,MARINETRAN,SM,4000,4000,100.00
20,1353,MARKSANS,EQ,992130,657415,66.26
20,1354,MARUTI,EQ,314676,141125,44.85
20,1355,MASFIN,EQ,155927,64413,41.31
20,1356,MASPTOP50,EQ,240099,134659,56.08
20,1357,MASTEK,EQ,45060,17443,38.71
20,1358,MASTER,SM,5000,4000,80.00
20,1359,MATRIMONY,EQ,22793,10317,45.26
20,1360,MAWANASUG,EQ,190851,70550,36.97
20,1361,MAXESTATES,EQ,96320,53099,55.13
20,1362,MAXHEALTH,EQ,1288099,850208,66.00
20,1363,MAXPOSURE,SM,84000,36000,42.86
20,1364,MAYURUNIQ,EQ,59358,28134,47.40
20,1365,MAZDA,EQ,7827,4331,55.33
20,1366,MAZDOCK,EQ,2228237,516984,23.20
20,1367,MBAPL,EQ,9676,4773,49.33
20,1368,MBLINFRA,EQ,147203,112893,76.69
20,1369,MCDOWELL-N,EQ,599438,278700,46.49
20,1370,MCON,SM,4000,3000,75.00
20,1371,MCX,EQ,763281,193476,25.35
20,1372,MEDANTA,EQ,1152390,1039331,90.19
20,1373,MEDIASSIST,EQ,196231,150609,76.75
20,1374,MEDICAMEQ,EQ,40840,19811,48.51
20,1375,MEDPLUS,EQ,118528,72673,61.31
20,1376,MEGAFLEX,ST,3000,3000,100.00
20,1377,MEGASOFT,EQ,567426,303111,53.42
20,1378,MEGASTAR,EQ,14883,8213,55.18
20,1379,MEGATHERM,SM,124800,82800,66.35
20,1380,MENONBE,EQ,58175,36238,62.29
20,1381,METROBRAND,EQ,129013,59476,46.10
20,1382,METROPOLIS,EQ,168149,19197,11.42
20,1383,MFSL,EQ,426625,247930,58.11
20,1384,MGEL,EQ,168318,141483,84.06
20,1385,MGL,EQ,243263,89815,36.92
20,1386,MHHL,SM,15000,13500,90.00
20,1387,MHLXMIRU,EQ,12139,4115,33.90
20,1388,MHRIL,EQ,152545,83551,54.77
20,1389,MICEL,EQ,396555,249803,62.99
20,1390,MICROPRO,SM,16000,14400,90.00
20,1391,MID150BEES,EQ,713448,516925,72.45
20,1392,MIDCAP,EQ,29781,18704,62.81
20,1393,MIDCAPETF,EQ,718984,493464,68.63
20,1394,MIDCAPIETF,EQ,38767,29731,76.69
20,1395,MIDHANI,EQ,2652143,621559,23.44
20,1396,MIDQ50ADD,EQ,4837,3382,69.92
20,1397,MIDSELIETF,EQ,63338,56404,89.05
20,1398,MINDACORP,EQ,168788,93094,55.15
20,1399,MINDSPACE,RR,108430,91081,84.00
20,1400,MINDTECK,EQ,183600,56080,30.54
20,1401,MIRCELECTR,EQ,716271,449695,62.78
20,1402,M&M,EQ,2765845,1380345,49.91
20,1403,M&MFIN,EQ,2077150,1410876,67.92
20,1404,M&MFIN,N1,2,2,100.00
20,1405,M&MFIN,N2,100,100,100.00
20,1406,MMFL,EQ,108009,57473,53.21
20,1407,MMP,EQ,32348,12863,39.76
20,1408,MMTC,EQ,2046894,1096820,53.58
20,1409,MNC,EQ,141969,126870,89.36
20,1410,MODIRUBBER,EQ,1772,1453,82.00
20,1411,MODISONLTD,EQ,126158,35887,28.45
20,1412,MOGSEC,EQ,16327,12513,76.64
20,1413,MOHEALTH,EQ,68251,49379,72.35
20,1414,MOHITIND,EQ,16048,10218,63.67
20,1415,MOIL,EQ,5850838,1517576,25.94
20,1416,MOL,EQ,1430488,584467,40.86
20,1417,MOLDTECH,EQ,1600650,476731,29.78
20,1418,MOLDTKPAC,EQ,110202,73707,66.88
20,1419,MOLOWVOL,EQ,33128,31957,96.47
20,1420,MOM100,EQ,277482,189950,68.45
20,1421,MOM30IETF,EQ,940859,692120,73.56
20,1422,MOM50,EQ,6171,3211,52.03
20,1423,MOMENTUM,EQ,256829,180270,70.19
20,1424,MOMOMENTUM,EQ,104302,84661,81.17
20,1425,MON100,EQ,273269,161517,59.11
20,1426,MONARCH,EQ,30731,22673,73.78
20,1427,MONIFTY500,EQ,531874,352413,66.26
20,1428,MONOPHARMA,SM,4000,4000,100.00
20,1429,MONQ50,EQ,27616,19559,70.82
20,1430,MONTECARLO,EQ,19747,12842,65.03
20,1431,MOQUALITY,EQ,5906,5787,97.99
20,1432,MOREALTY,EQ,93267,66119,70.89
20,1433,MOREPENLAB,EQ,4732664,1749167,36.96
20,1434,MOS,SM,41600,32000,76.92
20,1435,MOSMALL250,EQ,91907,70481,76.69
20,1436,MOTHERSON,EQ,8835611,4831386,54.68
20,1437,MOTILALOFS,EQ,155280,80118,51.60
20,1438,MOTISONS,EQ,413742,218763,52.87
20,1439,MOVALUE,EQ,101745,73841,72.57
20,1440,MPHASIS,EQ,542188,279160,51.49
20,1441,MPSLTD,EQ,17780,10006,56.28
20,1442,MRF,EQ,12671,3879,30.61
20,1443,MRO-TEK,EQ,100701,45636,45.32
20,1444,MRPL,EQ,4538462,1664813,36.68
20,1445,MSPL,EQ,1422835,1098318,77.19
20,1446,MSTCLTD,EQ,592222,183682,31.02
20,1447,MSUMI,EQ,5736739,2965494,51.69
20,1448,MTARTECH,EQ,427560,198237,46.36
20,1449,MTNL,EQ,730955,522290,71.45
20,1450,MUFIN,EQ,290741,172533,59.34
20,1451,MUFTI,EQ,719567,303407,42.17
20,1452,MUKANDLTD,EQ,407067,166863,40.99
20,1453,MUKKA,EQ,5105899,1601456,31.36
20,1454,MUNJALAU,EQ,117509,86989,74.03
20,1455,MUNJALSHOW,EQ,122195,55578,45.48
20,1456,MURUDCERA,EQ,64089,31620,49.34
20,1457,MUTHOOTCAP,EQ,48057,20437,42.53
20,1458,MUTHOOTFIN,EQ,1405599,285525,20.31
20,1459,MUTHOOTMF,EQ,632000,319585,50.57
20,1460,MVGJL,EQ,62752,41008,65.35
20,1461,MVKAGRO,SM,91200,55200,60.53
20,1462,MWL,SM,8400,7200,85.71
20,1463,NABARD,N1,1,1,100.00
20,1464,NABARD,N2,1199,1199,100.00
20,1465,NACLIND,EQ,466168,190320,40.83
20,1466,NAGAFERT,EQ,461992,360895,78.12
20,1467,NAGREEKEXP,EQ,117404,85579,72.89
20,1468,NAHARCAP,EQ,7033,4481,63.71
20,1469,NAHARINDUS,EQ,53466,34684,64.87
20,1470,NAHARPOLY,EQ,25445,16214,63.72
20,1471,NAHARSPING,EQ,58101,28560,49.16
20,1472,NAM-INDIA,EQ,1227044,829519,67.60
20,1473,NATCOPHARM,EQ,436114,238787,54.75
20,1474,NATHBIOGEN,EQ,43978,23831,54.19
20,1475,NATIONALUM,EQ,27130487,12614285,46.49
20,1476,NAUKRI,EQ,399617,175007,43.79
20,1477,NAVA,EQ,171346,84502,49.32
20,1478,NAVIFIN,N0,1,1,100.00
20,1479,NAVIFIN,N3,900,900,100.00
20,1480,NAVIFIN,N4,345,345,100.00
20,1481,NAVIFIN,N6,142,142,100.00
20,1482,NAVIFIN,N7,919,570,62.02
20,1483,NAVIFIN,NA,6,6,100.00
20,1484,NAVIFIN,NC,10,10,100.00
20,1485,NAVIFIN,ND,950,950,100.00
20,1486,NAVINFLUOR,EQ,117937,64424,54.63
20,1487,NAVINIFTY,EQ,1563,1186,75.88
20,1488,NAVKARCORP,EQ,358805,208125,58.01
20,1489,NAVNETEDUL,EQ,182599,106039,58.07
20,1490,NAZARA,EQ,171595,55265,32.21
20,1491,NBCC,EQ,6814803,3890507,57.09
20,1492,NBIFIN,EQ,281,262,93.24
20,1493,NCC,EQ,7519987,2578983,34.30
20,1494,NCLIND,EQ,199401,106044,53.18
20,1495,NDGL,EQ,221,192,86.88
20,1496,NDL,EQ,117046,77051,65.83
20,1497,NDLVENTURE,EQ,7232,5249,72.58
20,1498,NDRAUTO,EQ,16140,8876,54.99
20,1499,NDTV,EQ,477249,193705,40.59
20,1500,NECCLTD,EQ,465551,253919,54.54
20,1501,NECLIFE,EQ,1373369,578901,42.15
20,1502,NELCAST,EQ,180573,92200,51.06
20,1503,NELCO,EQ,85682,29307,34.20
20,1504,NEOGEN,EQ,25471,10662,41.86
20,1505,NESCO,EQ,75960,36122,47.55
20,1506,NESTLEIND,EQ,743032,505473,68.03
20,1507,NETF,EQ,4841,2393,49.43
20,1508,NETWEB,EQ,124721,75774,60.75
20,1509,NEULANDLAB,EQ,15277,8785,57.50
20,1510,NEWGEN,EQ,152827,102171,66.85
20,1511,NEWJAISA,SM,42000,36000,85.71
20,1512,NEXT50,EQ,3820,2682,70.21
20,1513,NEXT50IETF,EQ,148694,115657,77.78
20,1514,NEXTMEDIA,EQ,15045,6798,45.18
20,1515,NFL,EQ,4248389,1270588,29.91
20,1516,NGIL,EQ,22717,14817,65.22
20,1517,NGLFINE,EQ,3387,1720,50.78
20,1518,NH,EQ,158508,98928,62.41
20,1519,NHAI,N2,2034,2000,98.33
20,1520,NHAI,N6,1007,980,97.32
20,1521,NHAI,N8,45,45,100.00
20,1522,NHAI,NA,2452,2010,81.97
20,1523,NHAI,ND,40,40,100.00
20,1524,NHAI,NE,291,190,65.29
20,1525,NHBTF2014,N6,139,139,100.00
20,1526,NHBTF2023,N6,18,18,100.00
20,1527,NHIT,N1,164,164,100.00
20,1528,NHIT,N2,183,183,100.00
20,1529,NHIT,N3,1739,1590,91.43
20,1530,NHPC,EQ,55190742,19158485,34.71
20,1531,NHPC,N5,164,102,62.20
20,1532,NIACL,EQ,1659287,429531,25.89
20,1533,NIBL,EQ,13319,10681,80.19
20,1534,NIDAN,SM,23000,18000,78.26
20,1535,NIDO,N6,10,10,100.00
20,1536,NIF100BEES,EQ,19439,10486,53.94
20,1537,NIF100IETF,EQ,10404,7009,67.37
20,1538,NIF10GETF,EQ,6360,1218,19.15
20,1539,NIF5GETF,EQ,865,572,66.13
20,1540,NIFITETF,EQ,7381,2072,28.07
20,1541,NIFMID150,EQ,967,661,68.36
20,1542,NIFTY1,EQ,20744,13430,64.74
20,1543,NIFTY50ADD,EQ,10212,5466,53.53
20,1544,NIFTYBEES,EQ,3790598,2431288,64.14
20,1545,NIFTYBETF,EQ,1123,404,35.98
20,1546,NIFTYETF,EQ,32109,22053,68.68
20,1547,NIFTYIETF,EQ,699965,623402,89.06
20,1548,NIFTYQLITY,EQ,69589,59172,85.03
20,1549,NIITLTD,EQ,575992,249197,43.26
20,1550,NIITMTS,EQ,187155,101305,54.13
20,1551,NILASPACES,EQ,1915807,1345904,70.25
20,1552,NILKAMAL,EQ,13864,9001,64.92
20,1553,NINSYS,EQ,5816,3727,64.08
20,1554,NIPPOBATRY,EQ,6147,3366,54.76
20,1555,NIRMAN,SM,36600,30600,83.61
20,1556,NITINSPIN,EQ,144150,95313,66.12
20,1557,NITIRAJ,EQ,3331,2779,83.43
20,1558,NLCINDIA,EQ,3521519,1362224,38.68
20,1559,NMDC,EQ,19948715,6745619,33.81
20,1560,NOCIL,EQ,570023,247208,43.37
20,1561,NORBTEAEXP,EQ,4358,3735,85.70
20,1562,NOVAAGRI,EQ,585467,329789,56.33
20,1563,NPBET,EQ,544,379,69.67
20,1564,NPST,SM,10500,7800,74.29
20,1565,NRAIL,EQ,29788,18031,60.53
20,1566,NRBBEARING,EQ,717276,244721,34.12
20,1567,NRL,EQ,2716636,648643,23.88
20,1568,NSIL,EQ,5728,3996,69.76
20,1569,NSLNISP,EQ,23859817,6922886,29.01
20,1570,NTPC,EQ,8580656,4174560,48.65
20,1571,NTPC,N7,106777,95986,89.89
20,1572,NTPC,NC,92,92,100.00
20,1573,NTPC,ND,317,317,100.00
20,1574,NUCLEUS,EQ,20593,13346,64.81
20,1575,NURECA,EQ,72584,33248,45.81
20,1576,NUVAMA,EQ,57510,27412,47.66
20,1577,NUVOCO,EQ,265349,126991,47.86
20,1578,NV20,EQ,24576,21280,86.59
20,1579,NV20BEES,EQ,29456,19356,65.71
20,1580,NV20IETF,EQ,773381,512838,66.31
20,1581,NXST,RR,170088,124907,73.44
20,1582,NYKAA,EQ,3836106,1767937,46.09
20,1583,OAL,EQ,49822,17645,35.42
20,1584,OBCL,EQ,69290,35600,51.38
20,1585,OBEROIRLTY,EQ,898931,458041,50.95
20,1586,OCCL,EQ,109358,26953,24.65
20,1587,OFSS,EQ,238495,69131,28.99
20,1588,OIL,EQ,4273811,1880608,44.00
20,1589,OLECTRA,EQ,896425,227116,25.34
20,1590,OMAXE,EQ,537545,253945,47.24
20,1591,OMFURN,SM,153600,153600,100.00
20,1592,OMINFRAL,EQ,274953,152039,55.30
20,1593,ONDOOR,SM,9000,4800,53.33
20,1594,ONELIFECAP,EQ,307926,188496,61.21
20,1595,ONGC,EQ,6440401,2886957,44.83
20,1596,ONMOBILE,EQ,2360385,630067,26.69
20,1597,ONWARDTEC,EQ,69045,43883,63.56
20,1598,OPTIEMUS,EQ,199346,88008,44.15
20,1599,ORBTEXP,EQ,69521,30727,44.20
20,1600,ORCHPHARMA,EQ,96267,46980,48.80
20,1601,ORIANA,SM,86700,57600,66.44
20,1602,ORICONENT,EQ,569807,293652,51.54
20,1603,ORIENTBELL,EQ,23688,8690,36.69
20,1604,ORIENTCEM,EQ,1164148,573315,49.25
20,1605,ORIENTCER,EQ,40659,30141,74.13
20,1606,ORIENTELEC,EQ,237767,108792,45.76
20,1607,ORIENTHOT,EQ,869002,343799,39.56
20,1608,ORIENTLTD,EQ,5880,4909,83.49
20,1609,ORIENTPPR,EQ,1279325,528189,41.29
20,1610,ORISSAMINE,EQ,10121,4354,43.02
20,1611,ORTINLAB,EQ,36406,31817,87.39
20,1612,OSWALAGRO,EQ,131684,78515,59.62
20,1613,OSWALGREEN,EQ,650512,230144,35.38
20,1614,OSWALSEEDS,EQ,131162,106316,81.06
20,1615,OWAIS,SM,307200,219200,71.35
20,1616,PAGEIND,EQ,26588,11748,44.19
20,1617,PAISALO,EQ,1763012,1039090,58.94
20,1618,PAKKA,EQ,195802,74798,38.20
20,1619,PALASHSECU,EQ,9700,7646,78.82
20,1620,PALREDTEC,EQ,61150,48046,78.57
20,1621,PANACEABIO,EQ,207941,90527,43.53
20,1622,PANACHE,EQ,6948,6165,88.73
20,1623,PANAMAPET,EQ,120521,52799,43.81
20,1624,PANSARI,EQ,851,600,70.51
20,1625,PAR,EQ,30928,22091,71.43
20,1626,PARACABLES,EQ,333404,261777,78.52
20,1627,PARADEEP,EQ,2091253,754321,36.07
20,1628,PARAGMILK,EQ,1116992,558566,50.01
20,1629,PARAGON,SM,24000,20400,85.00
20,1630,PARAS,EQ,359926,117610,32.68
20,1631,PARIN,SM,6000,6000,100.00
20,1632,PARKHOTELS,EQ,748022,423526,56.62
20,1633,PARSVNATH,EQ,2055828,1206764,58.70
20,1634,PARTYCRUS,SM,10000,10000,100.00
20,1635,PASHUPATI,SM,24000,24000,100.00
20,1636,PASUPTAC,EQ,181390,75239,41.48
20,1637,PATANJALI,EQ,256291,141846,55.35
20,1638,PATELENG,EQ,7343294,3255913,44.34
20,1639,PATINTLOG,EQ,1077555,582670,54.07
20,1640,PATTECH,SM,3000,3000,100.00
20,1641,PAYTM,EQ,1667152,1056634,63.38
20,1642,PCBL,EQ,1815760,713002,39.27
20,1643,PCJEWELLER,EQ,1296927,983757,75.85
20,1644,PDMJEPAPER,EQ,497279,332668,66.90
20,1645,PDSL,EQ,55613,28764,51.72
20,1646,PEARLPOLY,EQ,252837,103745,41.03
20,1647,PEL,EQ,816820,416936,51.04
20,1648,PEL,N2,50,50,100.00
20,1649,PENIND,EQ,648507,259902,40.08
20,1650,PENINLAND,EQ,789197,418360,53.01
20,1651,PENTAGOLD,SZ,7200,6600,91.67
20,1652,PENTAGON,SM,10000,8000,80.00
20,1653,PERFECT,ST,12000,12000,100.00
20,1654,PERSISTENT,EQ,841783,436924,51.90
20,1655,PETRONET,EQ,4213590,2280761,54.13
20,1656,PFC,EQ,9276678,4022084,43.36
20,1657,PFC,N2,1000,1000,100.00
20,1658,PFC,N8,140,126,90.00
20,1659,PFIZER,EQ,28241,9670,34.24
20,1660,PFOCUS,EQ,139232,71251,51.17
20,1661,PGEL,EQ,142318,65274,45.86
20,1662,PGHH,EQ,9825,5470,55.67
20,1663,PGHL,EQ,13027,6565,50.40
20,1664,PGIL,EQ,19229,12134,63.10
20,1665,PGINVIT,IV,2205954,2051780,93.01
20,1666,PHANTOMFX,SM,42900,34800,81.12
20,1667,PHARMABEES,EQ,1809769,1143738,63.20
20,1668,PHOENIXLTD,EQ,297542,187991,63.18
20,1669,PIDILITIND,EQ,370415,239354,64.62
20,1670,PIIND,EQ,254124,108508,42.70
20,1671,PILANIINVS,EQ,6417,3442,53.64
20,1672,PITTIENG,EQ,318616,125527,39.40
20,1673,PIXTRANS,EQ,11041,5698,51.61
20,1674,PKTEA,EQ,93,73,78.49
20,1675,PLADAINFO,SM,9000,6000,66.67
20,1676,PLASTIBLEN,EQ,36567,21684,59.30
20,1677,PLATIND,EQ,250283,95830,38.29
20,1678,PLAZACABLE,EQ,60124,52677,87.61
20,1679,PNB,EQ,24639923,10033578,40.72
20,1680,PNBGILTS,EQ,1999660,707260,35.37
20,1681,PNBHOUSING,EQ,9716605,1004839,10.34
20,1682,PNC,EQ,120047,39109,32.58
20,1683,PNCINFRA,EQ,457087,247979,54.25
20,1684,POCL,EQ,58312,36543,62.67
20,1685,PODDARMENT,EQ,8157,3865,47.38
20,1686,POKARNA,EQ,56612,30935,54.64
20,1687,POLICYBZR,EQ,1308850,782953,59.82
20,1688,POLYCAB,EQ,271256,81009,29.86
20,1689,POLYMED,EQ,27448,16391,59.72
20,1690,POLYPLEX,EQ,330765,108295,32.74
20,1691,POLYSIL,SM,34000,28000,82.35
20,1692,PONNIERODE,EQ,22968,12194,53.09
20,1693,POONAWALLA,EQ,1286977,639474,49.69
20,1694,POWERGRID,EQ,8945400,5048110,56.43
20,1695,POWERINDIA,EQ,34316,13214,38.51
20,1696,POWERMECH,EQ,39254,22259,56.71
20,1697,PPAP,EQ,36719,20059,54.63
20,1698,PPL,EQ,69060,39310,56.92
20,1699,PPLPHARMA,EQ,3962672,1562448,39.43
20,1700,PRAJIND,EQ,450841,258999,57.45
20,1701,PRAKASH,EQ,620761,330035,53.17
20,1702,PRAMARA,SM,8000,6000,75.00
20,1703,PRATHAM,ST,54400,54400,100.00
20,1704,PRECAM,EQ,817081,197254,24.14
20,1705,PRECISION,SM,34000,26000,76.47
20,1706,PRECWIRE,EQ,240392,102622,42.69
20,1707,PREMEXPLN,EQ,17960,9772,54.41
20,1708,PREMIERPOL,EQ,58080,28112,48.40
20,1709,PRESSTONIC,SM,32000,20800,65.00
20,1710,PRESTIGE,EQ,931780,503594,54.05
20,1711,PRICOLLTD,EQ,219640,121816,55.46
20,1712,PRIMESECU,EQ,199504,106216,53.24
20,1713,PRINCEPIPE,EQ,112166,52193,46.53
20,1714,PRITI,EQ,29540,15358,51.99
20,1715,PRITIKA,SM,28000,16000,57.14
20,1716,PRIVISCL,EQ,27800,14710,52.91
20,1717,PROLIFE,SM,5500,5000,90.91
20,1718,PROPEQUITY,SM,6000,6000,100.00
20,1719,PROV,SM,480,480,100.00
20,1720,PROZONER,EQ,2666245,686455,25.75
20,1721,PRSMJOHNSN,EQ,301847,151172,50.08
20,1722,PRUDENT,EQ,11523,5068,43.98
20,1723,PSB,EQ,4014282,1190140,29.65
20,1724,PSPPROJECT,EQ,203144,111445,54.86
20,1725,PSUBANK,EQ,17106,8485,49.60
20,1726,PSUBANKADD,EQ,30214,23071,76.36
20,1727,PSUBNKBEES,EQ,1633903,1010658,61.86
20,1728,PSUBNKIETF,EQ,140020,68064,48.61
20,1729,PTC,EQ,1323053,648869,49.04
20,1730,PTCIL,EQ,4813,2583,53.67
20,1731,PTL,EQ,166623,112335,67.42
20,1732,PULZ,SM,10000,8000,80.00
20,1733,PUNJABCHEM,EQ,15782,7373,46.72
20,1734,PURVA,EQ,662756,259448,39.15
20,1735,PURVFLEXI,SM,22400,20800,92.86
20,1736,PVP,EQ,1027168,567238,55.22
20,1737,PVRINOX,EQ,546549,205167,37.54
20,1738,PVSL,EQ,397069,102204,25.74
20,1739,PVTBANIETF,EQ,1032080,868404,84.14
20,1740,PVTBANKADD,EQ,55062,30317,55.06
20,1741,PYRAMID,EQ,98770,47324,47.91
20,1742,QFIL,SM,16000,16000,100.00
20,1743,QGOLDHALF,EQ,82234,36284,44.12
20,1744,QMSMEDI,SM,12000,9000,75.00
20,1745,QNIFTY,EQ,2983,2891,96.92
20,1746,QUAL30IETF,EQ,23550,16244,68.98
20,1747,QUESS,EQ,146476,80682,55.08
20,1748,QUICKHEAL,EQ,258222,85399,33.07
20,1749,QUICKTOUCH,SM,6000,5000,83.33
20,1750,RACE,EQ,8753,5033,57.50
20,1751,RADHIKAJWE,EQ,694760,340438,49.00
20,1752,RADIANTCMS,EQ,277873,170450,61.34
20,1753,RADICO,EQ,118328,49740,42.04
20,1754,RADIOCITY,EQ,1276049,632304,49.55
20,1755,RADIOCITY,P1,3546,3546,100.00
20,1756,RAILTEL,EQ,3868426,1286280,33.25
20,1757,RAIN,EQ,5595564,2123605,37.95
20,1758,RAINBOW,EQ,165882,64787,39.06
20,1759,RAJESHEXPO,EQ,2031448,540584,26.61
20,1760,RAJRATAN,EQ,58025,28945,49.88
20,1761,RAJSREESUG,EQ,337848,143301,42.42
20,1762,RALLIS,EQ,458215,205933,44.94
20,1763,RAMANEWS,EQ,220502,109430,49.63
20,1764,RAMAPHO,EQ,13844,8213,59.33
20,1765,RAMASTEEL,EQ,7771270,3233415,41.61
20,1766,RAMCOCEM,EQ,2033953,1209093,59.45
20,1767,RAMCOIND,EQ,137708,61824,44.89
20,1768,RAMCOSYS,EQ,52351,22874,43.69
20,1769,RAMKY,EQ,1069927,223847,20.92
20,1770,RAMRAT,EQ,40879,21756,53.22
20,1771,RANASUG,EQ,1519536,673150,44.30
20,1772,RANEENGINE,EQ,2454,1507,61.41
20,1773,RANEHOLDIN,EQ,13813,9832,71.18
20,1774,RATEGAIN,EQ,325466,134820,41.42
20,1775,RATNAMANI,EQ,24357,16441,67.50
20,1776,RATNAVEER,EQ,817513,346748,42.41
20,1777,RAYMOND,EQ,108950,55672,51.10
20,1778,RBA,EQ,1025835,595332,58.03
20,1779,RBL,EQ,14333,6904,48.17
20,1780,RBLBANK,EQ,4106471,1223108,29.78
20,1781,RBMINFRA,ST,3000,3000,100.00
20,1782,RBZJEWEL,EQ,105277,78146,74.23
20,1783,RCDL,SM,6000,3000,50.00
20,1784,RCF,EQ,4409857,1556647,35.30
20,1785,RECLTD,EQ,11296547,5080467,44.97
20,1786,RECLTD,N2,1350,1350,100.00
20,1787,RECLTD,N9,836,710,84.93
20,1788,REDINGTON,EQ,807350,319299,39.55
20,1789,REDTAPE,EQ,200300,109099,54.47
20,1790,REFEX,EQ,426115,277993,65.24
20,1791,RELAXO,EQ,169449,73368,43.30
20,1792,RELCHEMQ,EQ,24165,11212,46.40
20,1793,RELIABLE,SM,2400,2400,100.00
20,1794,RELIANCE,EQ,2506940,1619370,64.60
20,1795,RELIGARE,EQ,766284,528851,69.02
20,1796,RELINFRA,EQ,4248823,2523130,59.38
20,1797,REMUS,SM,2600,1725,66.35
20,1798,RENUKA,EQ,8926187,3664050,41.05
20,1799,REPCOHOME,EQ,397761,164998,41.48
20,1800,REPL,EQ,30434,20812,68.38
20,1801,REPRO,EQ,18742,9230,49.25
20,1802,RESPONIND,EQ,203098,112602,55.44
20,1803,RGL,EQ,355365,181104,50.96
20,1804,RHIM,EQ,220478,106758,48.42
20,1805,RICOAUTO,EQ,3248018,1349561,41.55
20,1806,RIIL,EQ,300023,79898,26.63
20,1807,RILINFRA,SM,57300,43800,76.44
20,1808,RISHABH,EQ,158213,74527,47.11
20,1809,RITCO,EQ,90128,33347,37.00
20,1810,RITES,EQ,1703497,484076,28.42
20,1811,RKEC,EQ,181682,130665,71.92
20,1812,RKFORGE,EQ,364583,164821,45.21
20,1813,RKSWAMY,EQ,168651,69762,41.36
20,1814,RMDRIP,SM,6000,6000,100.00
20,1815,RML,EQ,18231,13264,72.76
20,1816,ROCKINGDCE,SM,9000,8000,88.89
20,1817,ROHLTD,EQ,111355,45634,40.98
20,1818,ROLEXRINGS,EQ,25283,13611,53.83
20,1819,ROLLT,EQ,797141,584254,73.29
20,1820,ROML,EQ,4314,3438,79.69
20,1821,ROSSARI,EQ,64060,28988,45.25
20,1822,ROSSELLIND,EQ,33648,16967,50.42
20,1823,ROTO,EQ,96114,54725,56.94
20,1824,ROUTE,EQ,92534,55574,60.06
20,1825,ROXHITECH,SM,118400,94400,79.73
20,1826,RPGLIFE,EQ,9713,4984,51.31
20,1827,RPSGVENT,EQ,62494,35895,57.44
20,1828,RPTECH,EQ,249349,120018,48.13
20,1829,RRKABEL,EQ,80219,42873,53.44
20,1830,RSWM,EQ,84326,44941,53.29
20,1831,RSYSTEMS,EQ,45923,21458,46.73
20,1832,RTNINDIA,EQ,7473663,2058414,27.54
20,1833,RUBYMILLS,EQ,25359,13744,54.20
20,1834,RUCHINFRA,EQ,61366,61366,100.00
20,1835,RUCHIRA,EQ,65819,38516,58.52
20,1836,RUPA,EQ,120876,53517,44.27
20,1837,RUSHIL,EQ,163169,95530,58.55
20,1838,RUSTOMJEE,EQ,69023,22135,32.07
20,1839,RVNL,EQ,13309346,3628657,27.26
20,1840,SAAKSHI,SM,12000,10800,90.00
20,1841,SABAR,SM,25000,15000,60.00
20,1842,SADBHAV,EQ,6300685,2939920,46.66
20,1843,SADHAV,SM,244800,154800,63.24
20,1844,SADHNANIQ,EQ,645813,321659,49.81
20,1845,SAFARI,EQ,82312,25384,30.84
20,1846,SAGCEM,EQ,359978,216428,60.12
20,1847,SAH,EQ,56045,14634,26.11
20,1848,SAHAJ,SM,28000,12000,42.86
20,1849,SAHANA,SM,14500,9000,62.07
20,1850,SAHYADRI,EQ,8708,5892,67.66
20,1851,SAIFL,SM,15200,12000,78.95
20,1852,SAIL,EQ,44340181,16095774,36.30
20,1853,SAKAR,EQ,8636,5452,63.13
20,1854,SAKHTISUG,EQ,642334,312300,48.62
20,1855,SAKSOFT,EQ,280610,116614,41.56
20,1856,SAKUMA,EQ,895016,501730,56.06
20,1857,SALASAR,EQ,12930251,7943509,61.43
20,1858,SALONA,EQ,3865,3241,83.86
20,1859,SALZERELEC,EQ,142747,89365,62.60
20,1860,SAMHI,EQ,943653,587045,62.21
20,1861,SANDESH,EQ,1748,1036,59.27
20,1862,SANDHAR,EQ,148404,55447,37.36
20,1863,SANDUMA,EQ,249128,143371,57.55
20,1864,SANGAMIND,EQ,57052,24377,42.73
20,1865,SANGANI,SM,15000,12000,80.00
20,1866,SANGHIIND,EQ,525705,351372,66.84
20,1867,SANGHVIMOV,EQ,200663,118501,59.05
20,1868,SANOFI,EQ,12157,5566,45.78
20,1869,SANSERA,EQ,79162,54725,69.13
20,1870,SAPPHIRE,EQ,112193,62607,55.80
20,1871,SARDAEN,EQ,354283,167080,47.16
20,1872,SAREGAMA,EQ,274649,123040,44.80
20,1873,SARLAPOLY,EQ,356530,152398,42.74
20,1874,SARTELE,SM,28000,20000,71.43
20,1875,SASKEN,EQ,14360,6156,42.87
20,1876,SASTASUNDR,EQ,193968,52803,27.22
20,1877,SATIA,EQ,452650,241264,53.30
20,1878,SATIN,EQ,439765,238616,54.26
20,1879,SATINDLTD,EQ,1820070,1028303,56.50
20,1880,SAURASHCEM,EQ,104036,61074,58.70
20,1881,SBC,EQ,1017991,562182,55.22
20,1882,SBCL,EQ,62051,29254,47.15
20,1883,SBFC,EQ,722196,374067,51.80
20,1884,SBGLP,EQ,106415,33689,31.66
20,1885,SBICARD,EQ,1518452,1002065,65.99
20,1886,SBIETFCON,EQ,8247,4427,53.68
20,1887,SBIETFIT,EQ,24336,21493,88.32
20,1888,SBIETFPB,EQ,16107,12803,79.49
20,1889,SBIETFQLTY,EQ,5006,4017,80.24
20,1890,SBILIFE,EQ,838186,583289,69.59
20,1891,SBIN,EQ,9949971,3587578,36.06
20,1892,SCHAEFFLER,EQ,56649,24588,43.40
20,1893,SCHAND,EQ,75163,42638,56.73
20,1894,SCI,EQ,2960006,1256662,42.45
20,1895,SCML,SM,14000,12000,85.71
20,1896,SCPL,EQ,137971,48367,35.06
20,1897,SDBL,EQ,438158,222847,50.86
20,1898,SDL24BEES,EQ,1606,1393,86.74
20,1899,SDL26BEES,EQ,369,294,79.67
20,1900,SECL,SM,6250,6250,100.00
20,1901,SECURCRED,EQ,118076,79977,67.73
20,1902,SEL,ST,2400,2400,100.00
20,1903,SELAN,EQ,49868,37511,75.22
20,1904,SELMC,EQ,1792,1343,74.94
20,1905,SEMAC,EQ,4784,3680,76.92
20,1906,SENCO,EQ,111327,56980,51.18
20,1907,SENSEXADD,EQ,2815,2098,74.53
20,1908,SENSEXETF,EQ,5593,4252,76.02
20,1909,SENSEXIETF,EQ,6584,5399,82.00
20,1910,SEPC,EQ,2877969,2346237,81.52
20,1911,SEQUENT,EQ,1143432,416286,36.41
20,1912,SESHAPAPER,EQ,56399,34965,62.00
20,1913,SETCO,EQ,11193,11193,100.00
20,1914,SETF10GILT,EQ,43241,41244,95.38
20,1915,SETFGOLD,EQ,935221,642871,68.74
20,1916,SETFNIF50,EQ,576112,450961,78.28
20,1917,SETFNIFBK,EQ,109530,87048,79.47
20,1918,SETFNN50,EQ,38564,20748,53.80
20,1919,SFL,EQ,74074,48242,65.13
20,1920,SGBAPR28I,GB,280,214,76.43
20,1921,SGBAUG24,GB,345,296,85.80
20,1922,SGBAUG27,GB,94,60,63.83
20,1923,SGBAUG28V,GB,2071,1683,81.27
20,1924,SGBAUG29V,GB,163,92,56.44
20,1925,SGBAUG30,GB,323,234,72.45
20,1926,SGBD29VIII,GB,95,84,88.42
20,1927,SGBDC27VII,GB,107,106,99.07
20,1928,SGBDE30III,GB,662,427,64.50
20,1929,SGBDE31III,GB,6535,5102,78.07
20,1930,SGBDEC25,GB,4,4,100.00
20,1931,SGBDEC2512,GB,1,1,100.00
20,1932,SGBDEC2513,GB,17,17,100.00
20,1933,SGBDEC25XI,GB,3,3,100.00
20,1934,SGBDEC26,GB,15,15,100.00
20,1935,SGBFEB27,GB,33,26,78.79
20,1936,SGBFEB28IX,GB,72,67,93.06
20,1937,SGBFEB29XI,GB,208,140,67.31
20,1938,SGBFEB32IV,GB,13777,10151,73.68
20,1939,SGBJ28VIII,GB,31,31,100.00
20,1940,SGBJAN26,GB,162,156,96.30
20,1941,SGBJAN27,GB,26,25,96.15
20,1942,SGBJAN29IX,GB,451,352,78.05
20,1943,SGBJAN29X,GB,187,143,76.47
20,1944,SGBJAN30IX,GB,97,58,59.79
20,1945,SGBJU29III,GB,388,295,76.03
20,1946,SGBJUL25,GB,136,126,92.65
20,1947,SGBJUL27,GB,3,3,100.00
20,1948,SGBJUL28IV,GB,1047,913,87.20
20,1949,SGBJUL29IV,GB,260,153,58.85
20,1950,SGBJUN27,GB,5,5,100.00
20,1951,SGBJUN28,GB,266,212,79.70
20,1952,SGBJUN29II,GB,248,236,95.16
20,1953,SGBJUN30,GB,679,517,76.14
20,1954,SGBJUN31I,GB,2051,1393,67.92
20,1955,SGBMAR25,GB,391,233,59.59
20,1956,SGBMAR28X,GB,50,49,98.00
20,1957,SGBMAR30X,GB,178,97,54.49
20,1958,SGBMAR31IV,GB,1023,666,65.10
20,1959,SGBMAY25,GB,159,145,91.19
20,1960,SGBMAY26,GB,237,142,59.92
20,1961,SGBMAY28,GB,943,536,56.84
20,1962,SGBMAY29I,GB,705,303,42.98
20,1963,SGBMR29XII,GB,539,381,70.69
20,1964,SGBN28VIII,GB,406,288,70.94
20,1965,SGBNOV24,GB,269,265,98.51
20,1966,SGBNOV25,GB,25,23,92.00
20,1967,SGBNOV258,GB,24,24,100.00
20,1968,SGBNOV25IX,GB,24,23,95.83
20,1969,SGBNOV25VI,GB,3,2,66.67
20,1970,SGBNOV26,GB,10,7,70.00
20,1971,SGBNV29VII,GB,1099,925,84.17
20,1972,SGBOC28VII,GB,288,155,53.82
20,1973,SGBOCT25,GB,20,20,100.00
20,1974,SGBOCT25IV,GB,15,15,100.00
20,1975,SGBOCT25V,GB,8,8,100.00
20,1976,SGBOCT26,GB,16,16,100.00
20,1977,SGBOCT27,GB,19,16,84.21
20,1978,SGBOCT27VI,GB,15,15,100.00
20,1979,SGBSEP24,GB,293,239,81.57
20,1980,SGBSEP27,GB,76,54,71.05
20,1981,SGBSEP28VI,GB,676,439,64.94
20,1982,SGBSEP29VI,GB,494,412,83.40
20,1983,SGBSEP31II,GB,3229,2492,77.18
20,1984,SGIL,EQ,20053,11053,55.12
20,1985,SGL,EQ,9025,7237,80.19
20,1986,SHAH,EQ,621125,486899,78.39
20,1987,SHAILY,EQ,88743,41093,46.31
20,1988,SHALBY,EQ,479377,317917,66.32
20,1989,SHALPAINTS,EQ,161001,91923,57.09
20,1990,SHANKARA,EQ,110220,71606,64.97
20,1991,SHANTHALA,SM,18000,15600,86.67
20,1992,SHANTIGEAR,EQ,71083,30708,43.20
20,1993,SHARDACROP,EQ,201485,89556,44.45
20,1994,SHARDAMOTR,EQ,31924,17730,55.54
20,1995,SHAREINDIA,EQ,293455,182645,62.24
20,1996,SHAREINDIA,W1,3331,3214,96.49
20,1997,SHARIABEES,EQ,1847,1380,74.72
20,1998,SHEETAL,SM,38000,24000,63.16
20,1999,SHEMAROO,EQ,58522,25525,43.62
20,2000,SHERA,SM,366000,207000,56.56
20,2001,SHIGAN,SM,7500,7500,100.00
20,2002,SHILPAMED,EQ,878291,408705,46.53
20,2003,SHIVALIK,EQ,13627,8079,59.29
20,2004,SHIVAMAUTO,EQ,56419,45477,80.61
20,2005,SHIVAMILLS,EQ,11344,7506,66.17
20,2006,SHK,EQ,392727,178125,45.36
20,2007,SHOPERSTOP,EQ,59001,27011,45.78
20,2008,SHRADHA,EQ,51531,35171,68.25
20,2009,SHREDIGCEM,EQ,484135,248531,51.34
20,2010,SHREECEM,EQ,20317,5386,26.51
20,2011,SHREEKARNI,SM,75000,48600,64.80
20,2012,SHREEPUSHK,EQ,51671,28493,55.14
20,2013,SHRENIK,EQ,1844424,1033443,56.03
20,2014,SHREYANIND,EQ,37187,25564,68.74
20,2015,SHREYAS,EQ,93140,68392,73.43
20,2016,SHRIPISTON,EQ,140090,74965,53.51
20,2017,SHRIRAMFIN,EQ,845782,453764,53.65
20,2018,SHRIRAMFIN,YI,30,30,100.00
20,2019,SHRIRAMFIN,YL,805,555,68.94
20,2020,SHRIRAMFIN,YP,2,1,50.00
20,2021,SHRIRAMFIN,YW,27,27,100.00
20,2022,SHRIRAMFIN,Z4,60,60,100.00
20,2023,SHRIRAMFIN,Z9,40,40,100.00
20,2024,SHRIRAMPPS,EQ,5997227,2269976,37.85
20,2025,SHRITECH,SM,34000,30000,88.24
20,2026,SHUBHLAXMI,SM,58000,53000,91.38
20,2027,SHYAMMETL,EQ,613359,302808,49.37
20,2028,SHYAMTEL,EQ,256,256,100.00
20,2029,SIDDHIKA,SM,4000,4000,100.00
20,2030,SIEMENS,EQ,370847,199992,53.93
20,2031,SIGACHI,EQ,2299175,1330873,57.88
20,2032,SIGIND,EQ,35531,22222,62.54
20,2033,SIGMA,EQ,22939,17174,74.87
20,2034,SIGNATURE,EQ,422691,56504,13.37
20,2035,SIGNORIA,ST,120000,110000,91.67
20,2036,SIGNPOST,EQ,68996,41490,60.13
20,2037,SIKKO,EQ,20458,14728,71.99
20,2038,SIL,EQ,63600,40586,63.81
20,2039,SILINV,EQ,38394,20219,52.66
20,2040,SILLYMONKS,EQ,10329,7248,70.17
20,2041,SILVER,EQ,116446,90652,77.85
20,2042,SILVERADD,EQ,34394,34045,98.99
20,2043,SILVERBEES,EQ,8145835,7088897,87.02
20,2044,SILVERETF,EQ,94227,75819,80.46
20,2045,SILVERIETF,EQ,489575,426068,87.03
20,2046,SILVERTUC,EQ,33338,4139,12.42
20,2047,SILVRETF,EQ,17547,16883,96.22
20,2048,SIMBHALS,EQ,154876,70649,45.62
20,2049,SINDHUTRAD,EQ,875938,617226,70.46
20,2050,SINTERCOM,EQ,100989,85620,84.78
20,2051,SIRCA,EQ,496701,194442,39.15
20,2052,SIS,EQ,79268,39809,50.22
20,2053,SIYSIL,EQ,61161,25962,42.45
20,2054,SJLOGISTIC,SM,68000,53000,77.94
20,2055,SJS,EQ,61190,38837,63.47
20,2056,SJVN,EQ,19806573,6378522,32.20
20,2057,SKFINDIA,EQ,34688,20886,60.21
20,2058,SKIPPER,EQ,732828,325997,44.48
20,2059,SKIPPERPP,E1,18818,11314,60.12
20,2060,SKMEGGPROD,EQ,68709,42492,61.84
20,2061,SKP,SM,7500,4500,60.00
20,2062,SMALLCAP,EQ,674814,505458,74.90
20,2063,SMARTLINK,EQ,4501,3234,71.85
20,2064,SMCGLOBAL,EQ,322601,160962,49.90
20,2065,SMLISUZU,EQ,34317,16572,48.29
20,2066,SMSLIFE,EQ,2749,1526,55.51
20,2067,SMSPHARMA,EQ,347625,142834,41.09
20,2068,SMVD,SM,4040,4040,100.00
20,2069,SNOWMAN,EQ,1198621,408831,34.11
20,2070,SOBHA,EQ,522870,149233,28.54
20,2071,SOLARA,EQ,155824,57124,36.66
20,2072,SOLARINDS,EQ,176735,59462,33.64
20,2073,SOLEX,SM,11400,8600,75.44
20,2074,SOMANYCERA,EQ,61129,30996,50.71
20,2075,SOMATEX,EQ,42119,26410,62.70
20,2076,SONACOMS,EQ,1313357,666246,50.73
20,2077,SONAMAC,SM,87000,66000,75.86
20,2078,SONAMLTD,EQ,3058,1893,61.90
20,2079,SONATSOFTW,EQ,1119265,799219,71.41
20,2080,SONUINFRA,SM,15000,12000,80.00
20,2081,SOTL,EQ,494678,177853,35.95
20,2082,SOUTHBANK,EQ,45663526,17023620,37.28
20,2083,SOUTHWEST,EQ,14149,11146,78.78
20,2084,SPAL,EQ,15348,6105,39.78
20,2085,SPANDANA,EQ,99082,50320,50.79
20,2086,SPCENET,EQ,963975,540417,56.06
20,2087,SPECIALITY,EQ,212133,125280,59.06
20,2088,SPECTRUM,SM,1375,1125,81.82
20,2089,SPECTSTM,SM,26400,23200,87.88
20,2090,SPENCERS,EQ,520384,232533,44.68
20,2091,SPIC,EQ,1872524,772060,41.23
20,2092,SPLIL,EQ,118823,63833,53.72
20,2093,SPLPETRO,EQ,73695,41493,56.30
20,2094,SPMLINFRA,EQ,94375,80662,85.47
20,2095,SPORTKING,EQ,14342,9796,68.30
20,2096,SREEL,EQ,20563,7747,37.67
20,2097,SRF,EQ,678813,319557,47.08
20,2098,SRGHFL,EQ,5655,4470,79.05
20,2099,SRHHYPOLTD,EQ,26678,14546,54.52
20,2100,SRIVASAVI,SM,21000,17000,80.95
20,2101,SSFL,SM,45000,25000,55.56
20,2102,SSWL,EQ,569881,214111,37.57
20,2103,STAR,EQ,222420,115738,52.04
20,2104,STARCEMENT,EQ,501495,157090,31.32
20,2105,STARHEALTH,EQ,299912,197668,65.91
20,2106,STARPAPER,EQ,25750,18752,72.82
20,2107,STCINDIA,EQ,185545,77714,41.88
20,2108,STEELCAS,EQ,10478,6525,62.27
20,2109,STEELCITY,EQ,26695,14823,55.53
20,2110,STEELXIND,EQ,3696845,2275105,61.54
20,2111,STEL,EQ,6045,3486,57.67
20,2112,STERTOOLS,EQ,358474,86719,24.19
20,2113,STLTECH,EQ,12275181,1535553,12.51
20,2114,STOVEKRAFT,EQ,163755,92853,56.70
20,2115,STYLAMIND,EQ,45715,26815,58.66
20,2116,STYRENIX,EQ,15232,9032,59.30
20,2117,SUBEXLTD,EQ,11690308,4531230,38.76
20,2118,SUBROS,EQ,170769,82564,48.35
20,2119,SUDARSCHEM,EQ,599287,232001,38.71
20,2120,SUKHJITS,EQ,10557,6354,60.19
20,2121,SULA,EQ,485414,216520,44.61
20,2122,SUMICHEM,EQ,271825,144204,53.05
20,2123,SUMIT,EQ,24076,22763,94.55
20,2124,SUMMITSEC,EQ,3963,2737,69.06
20,2125,SUNCLAY,EQ,13748,9061,65.91
20,2126,SUNDARAM,EQ,4875631,2331032,47.81
20,2127,SUNDARMFIN,EQ,111878,50648,45.27
20,2128,SUNDARMHLD,EQ,103780,66013,63.61
20,2129,SUNDRMBRAK,EQ,939,738,78.59
20,2130,SUNDRMFAST,EQ,394919,318587,80.67
20,2131,SUNFLAG,EQ,460718,242819,52.70
20,2132,SUNPHARMA,EQ,1148498,712650,62.05
20,2133,SUNREST,SM,3200,1600,50.00
20,2134,SUNTECK,EQ,1035970,372054,35.91
20,2135,SUNTV,EQ,558530,206821,37.03
20,2136,SUPERHOUSE,EQ,11572,6005,51.89
20,2137,SUPRAJIT,EQ,129968,80451,61.90
20,2138,SUPREMEIND,EQ,113371,74866,66.04
20,2139,SUPREMEPWR,SM,110000,70000,63.64
20,2140,SUPRIYA,EQ,656908,264096,40.20
20,2141,SURAJEST,EQ,1294037,633876,48.98
20,2142,SURANASOL,EQ,579928,373960,64.48
20,2143,SURANI,SM,3200,2800,87.50
20,2144,SURYALAXMI,EQ,155646,43171,27.74
20,2145,SURYAROSNI,EQ,423765,279860,66.04
20,2146,SURYODAY,EQ,434647,195768,45.04
20,2147,SUTLEJTEX,EQ,411819,220918,53.64
20,2148,SUULD,EQ,522114,430177,82.39
20,2149,SUVENPHAR,EQ,132385,56591,42.75
20,2150,SVPGLOB,EQ,629438,432980,68.79
20,2151,SWANENERGY,EQ,1150319,639153,55.56
20,2152,SWARAJ,SM,18000,16000,88.89
20,2153,SWARAJENG,EQ,8463,4987,58.93
20,2154,SWASTIK,SM,12000,8400,70.00
20,2155,SWELECTES,EQ,9504,9504,100.00
20,2156,SWSOLAR,EQ,887235,436162,49.16
20,2157,SYMPHONY,EQ,92836,49941,53.79
20,2158,SYNGENE,EQ,388405,247543,63.73
20,2159,SYNOPTICS,SM,6600,6000,90.91
20,2160,SYRMA,EQ,559787,266262,47.56
20,2161,SYSTANGO,SM,26000,18000,69.23
20,2162,TAINWALCHM,EQ,5682,3954,69.59
20,2163,TAJGVK,EQ,330275,95817,29.01
20,2164,TAKE,EQ,357873,275114,76.87
20,2165,TANLA,EQ,498974,228876,45.87
20,2166,TAPIFRUIT,SM,7500,3750,50.00
20,2167,TARACHAND,SM,40000,38000,95.00
20,2168,TARSONS,EQ,119091,57985,48.69
20,2169,TASTYBITE,EQ,2089,1118,53.52
20,2170,TATACAP,N6,101,100,99.01
20,2171,TATACAP,N8,1,1,100.00
20,2172,TATACAP,NA,250,250,100.00
20,2173,TATACAP,NC,4,4,100.00
20,2174,TATACAPHSG,N4,608,598,98.36
20,2175,TATACAPHSG,N6,70,70,100.00
20,2176,TATACAPHSG,N8,99,99,100.00
20,2177,TATACAPHSG,NA,100,50,50.00
20,2178,TATACHEM,EQ,2104600,575831,27.36
20,2179,TATACOMM,EQ,649428,344160,52.99
20,2180,TATACONSUM,EQ,2229535,1687677,75.70
20,2181,TATAELXSI,EQ,78571,43663,55.57
20,2182,TATAGOLD,EQ,2070013,1680536,81.18
20,2183,TATAMOTORS,EQ,8629407,3192324,36.99
20,2184,TATAMTRDVR,EQ,1151737,660941,57.39
20,2185,TATAPOWER,EQ,17765438,6149899,34.62
20,2186,TATASTEEL,EQ,84583929,27255682,32.22
20,2187,TATATECH,EQ,957844,487114,50.86
20,2188,TATSILV,EQ,814391,558216,68.54
20,2189,TATVA,EQ,23893,9818,41.09
20,2190,TBZ,EQ,452964,183980,40.62
20,2191,TCI,EQ,30099,13550,45.02
20,2192,TCIEXP,EQ,47880,21572,45.05
20,2193,TCL,SM,142400,108800,76.40
20,2194,TCNSBRANDS,EQ,89529,47070,52.58
20,2195,TCPLPACK,EQ,3419,2173,63.56
20,2196,TCS,EQ,1569676,1035605,65.98
20,2197,TDPOWERSYS,EQ,602457,177140,29.40
20,2198,TEAMLEASE,EQ,52115,37663,72.27
20,2199,TECH,EQ,188787,152974,81.03
20,2200,TECHLABS,SM,8000,8000,100.00
20,2201,TECHM,EQ,1397037,847344,60.65
20,2202,TECHNOE,EQ,471692,234865,49.79
20,2203,TEGA,EQ,52382,24014,45.84
20,2204,TEJASNET,EQ,1476636,269647,18.26
20,2205,TEMBO,EQ,81695,28129,34.43
20,2206,TEXINFRA,EQ,303542,139786,46.05
20,2207,TEXMOPIPES,EQ,105852,57737,54.55
20,2208,TEXRAIL,EQ,2613081,1375934,52.66
20,2209,TFCILTD,EQ,3768273,1816893,48.22
20,2210,TFL,EQ,327426,98495,30.08
20,2211,TGBHOTELS,EQ,55077,43691,79.33
20,2212,THANGAMAYL,EQ,38348,25173,65.64
20,2213,THEJO,EQ,8135,3510,43.15
20,2214,THEMISMED,EQ,49038,26889,54.83
20,2215,THERMAX,EQ,106194,61666,58.07
20,2216,THOMASCOOK,EQ,459543,303297,66.00
20,2217,THYROCARE,EQ,57658,29726,51.56
20,2218,TI,EQ,428305,194379,45.38
20,2219,TIDEWATER,EQ,34362,17608,51.24
20,2220,TIIL,EQ,133203,36630,27.50
20,2221,TIINDIA,EQ,103499,49409,47.74
20,2222,TIMESCAN,SM,2000,2000,100.00
20,2223,TIMETECHNO,EQ,1790282,826338,46.16
20,2224,TIMKEN,EQ,38199,23556,61.67
20,2225,TIPSINDLTD,EQ,169403,116465,68.75
20,2226,TIRUMALCHM,EQ,286214,135311,47.28
20,2227,TITAGARH,EQ,525512,254515,48.43
20,2228,TITAN,EQ,964052,551779,57.24
20,2229,TMB,EQ,73076,39926,54.64
20,2230,TNIDETF,EQ,43764,33927,77.52
20,2231,TNPETRO,EQ,578221,222594,38.50
20,2232,TNPL,EQ,183484,119336,65.04
20,2233,TOKYOPLAST,EQ,15224,10440,68.58
20,2234,TORNTPHARM,EQ,422474,293117,69.38
20,2235,TORNTPOWER,EQ,3177319,387214,12.19
20,2236,TOTAL,EQ,29908,21577,72.14
20,2237,TOUCHWOOD,EQ,908,625,68.83
20,2238,TPLPLASTEH,EQ,1954762,495562,25.35
20,2239,TRACXN,EQ,1084308,510648,47.09
20,2240,TRANSTEEL,SM,66000,64000,96.97
20,2241,TRANSWIND,ST,12000,12000,100.00
20,2242,TREL,EQ,602365,282377,46.88
20,2243,TRENT,EQ,523250,311639,59.56
20,2244,TRIDENT,EQ,14685684,5395186,36.74
20,2245,TRIDHYA,SM,27000,27000,100.00
20,2246,TRIGYN,EQ,297475,128592,43.23
20,2247,TRITURBINE,EQ,2975365,566755,19.05
20,2248,TRIVENI,EQ,701854,287771,41.00
20,2249,TRU,EQ,889638,349155,39.25
20,2250,TTKHLTCARE,EQ,8909,5349,60.04
20,2251,TTKPRESTIG,EQ,51290,27617,53.84
20,2252,TTL,EQ,14152,9445,66.74
20,2253,TTML,EQ,5408817,2057257,38.04
20,2254,TVSELECT,EQ,696959,129621,18.60
20,2255,TVSHLTD,EQ,6053,3946,65.19
20,2256,TVSMOTOR,EQ,591922,194434,32.85
20,2257,TVSSCS,EQ,963179,453460,47.08
20,2258,TVSSRICHAK,EQ,6745,3517,52.14
20,2259,TVTODAY,EQ,244820,116965,47.78
20,2260,UBL,EQ,245203,93811,38.26
20,2261,UCAL,EQ,22352,15221,68.10
20,2262,UCOBANK,EQ,20149810,5721598,28.40
20,2263,UDS,EQ,127563,61600,48.29
20,2264,UFLEX,EQ,85414,37429,43.82
20,2265,UFO,EQ,404041,141726,35.08
20,2266,UGARSUGAR,EQ,806341,364277,45.18
20,2267,UGROCAP,EQ,276487,152881,55.29
20,2268,UGROCAP,N4,347,347,100.00
20,2269,UGROCAP,N7,1,1,100.00
20,2270,UGROCAP,NC,1146,1146,100.00
20,2271,UJJIVAN,EQ,391430,218257,55.76
20,2272,UJJIVANSFB,EQ,18217163,6447752,35.39
20,2273,ULTRACEMCO,EQ,387442,242690,62.64
20,2274,UMA,SM,12000,12000,100.00
20,2275,UMANGDAIRY,EQ,402227,162797,40.47
20,2276,UNICHEMLAB,EQ,14539,8999,61.90
20,2277,UNIDT,EQ,24475,16057,65.61
20,2278,UNIENTER,EQ,7614,4733,62.16
20,2279,UNIHEALTH,SM,18000,17000,94.44
20,2280,UNIONBANK,EQ,8727492,3987182,45.69
20,2281,UNIPARTS,EQ,74219,42953,57.87
20,2282,UNITEDPOLY,EQ,3055,2181,71.39
20,2283,UNITEDTEA,EQ,6519,5008,76.82
20,2284,UNIVASTU,EQ,9970,7054,70.75
20,2285,UNIVCABLES,EQ,104673,90119,86.10
20,2286,UNIVPHOTO,EQ,1435,634,44.18
20,2287,UNOMINDA,EQ,287560,174980,60.85
20,2288,UPL,EQ,2840448,780888,27.49
20,2289,URAVI,EQ,59522,15673,26.33
20,2290,URBAN,SM,14400,7200,50.00
20,2291,USASEEDS,SM,1500,1500,100.00
20,2292,USHAMART,EQ,881998,482859,54.75
20,2293,UTIAMC,EQ,53487,24352,45.53
20,2294,UTIBANKETF,EQ,63509,45172,71.13
20,2295,UTINEXT50,EQ,53482,43618,81.56
20,2296,UTINIFTETF,EQ,72584,63520,87.51
20,2297,UTISENSETF,EQ,588,458,77.89
20,2298,UTISXN50,EQ,1239,1076,86.84
20,2299,UTKARSHBNK,EQ,3301640,1594061,48.28
20,2300,UTTAMSUGAR,EQ,138545,60338,43.55
20,2301,VADILALIND,EQ,23142,8170,35.30
20,2302,VAIBHAVGBL,EQ,435123,241613,55.53
20,2303,VAISHALI,EQ,34123,21740,63.71
20,2304,VAKRANGEE,EQ,9509483,3888594,40.89
20,2305,VALIANTLAB,EQ,142638,64463,45.19
20,2306,VALIANTORG,EQ,119879,46534,38.82
20,2307,VARDHACRLC,EQ,89772,55378,61.69
20,2308,VARROC,EQ,181016,61838,34.16
20,2309,VASCONEQ,EQ,2988107,1228957,41.13
20,2310,VBL,EQ,1620712,1101800,67.98
20,2311,VEDL,EQ,17331916,9317155,53.76
20,2312,VEEKAYEM,ST,2000,2000,100.00
20,2313,VELS,SM,6000,4800,80.00
20,2314,VENKEYS,EQ,43218,16920,39.15
20,2315,VENUSPIPES,EQ,83681,41069,49.08
20,2316,VENUSREM,EQ,49350,17990,36.45
20,2317,VERANDA,EQ,202627,94395,46.59
20,2318,VERTEXPLUS,SM,1200,1200,100.00
20,2319,VESUVIUS,EQ,15199,6561,43.17
20,2320,VETO,EQ,325591,99623,30.60
20,2321,VGUARD,EQ,197689,92468,46.77
20,2322,VHL,EQ,1058,643,60.78
20,2323,VIAZ,SM,6000,6000,100.00
20,2324,VIDHIING,EQ,32341,14563,45.03
20,2325,VIJAYA,EQ,76643,40069,52.28
20,2326,VIKASECO,EQ,18696863,6183709,33.07
20,2327,VIMTALABS,EQ,7633,4505,59.02
20,2328,VINATIORGA,EQ,105717,63076,59.66
20,2329,VINDHYATEL,EQ,19413,10437,53.76
20,2330,VINSYS,SM,25000,19500,78.00
20,2331,VINYAS,SM,5600,5600,100.00
20,2332,VINYLINDIA,EQ,353297,98267,27.81
20,2333,VIPCLOTHNG,EQ,343431,195525,56.93
20,2334,VIPIND,EQ,5625277,1118921,19.89
20,2335,VIRINCHI,EQ,692352,471808,68.15
20,2336,VISAKAIND,EQ,97957,82614,84.34
20,2337,VISHNU,EQ,184397,103824,56.30
20,2338,VISHNUINFR,SM,26000,24000,92.31
20,2339,VISHWARAJ,EQ,1991880,962186,48.31
20,2340,VISHWAS,ST,924800,905600,97.92
20,2341,VITAL,SM,16800,15600,92.86
20,2342,VIVIANA,ST,3000,3000,100.00
20,2343,VIVO,SM,4800,1600,33.33
20,2344,VLSFINANCE,EQ,78366,49699,63.42
20,2345,VMARCIND,SM,132000,106000,80.30
20,2346,VMART,EQ,28458,18137,63.73
20,2347,VOLTAMP,EQ,51555,36328,70.46
20,2348,VOLTAS,EQ,2195111,821604,37.43
20,2349,VPRPL,EQ,835790,372596,44.58
20,2350,VR,SM,144000,80000,55.56
20,2351,VRLLOG,EQ,205105,142802,69.62
20,2352,VSCL,SM,6000,3000,50.00
20,2353,VSSL,EQ,48999,29300,59.80
20,2354,VSTIND,EQ,8477,4632,54.64
20,2355,VSTL,EQ,360840,177032,49.06
20,2356,VSTTILLERS,EQ,8325,3616,43.44
20,2357,VTL,EQ,165527,49452,29.88
20,2358,WABAG,EQ,202993,101227,49.87
20,2359,WALPAR,ST,12000,12000,100.00
20,2360,WEALTH,EQ,3223,1895,58.80
20,2361,WEBELSOLAR,EQ,992786,501152,50.48
20,2362,WEIZMANIND,EQ,181790,79668,43.82
20,2363,WEL,EQ,28173,15929,56.54
20,2364,WELCORP,EQ,672406,375170,55.80
20,2365,WELENT,EQ,210743,121005,57.42
20,2366,WELINV,EQ,345,323,93.62
20,2367,WELSPUNLIV,EQ,9697046,1690421,17.43
20,2368,WENDT,EQ,277,143,51.62
20,2369,WESTLIFE,EQ,592362,495985,83.73
20,2370,WEWIN,EQ,33659,19124,56.82
20,2371,WHEELS,EQ,90295,61167,67.74
20,2372,WHIRLPOOL,EQ,71364,41053,57.53
20,2373,WILLAMAGOR,EQ,32396,21524,66.44
20,2374,WINDLAS,EQ,87951,35596,40.47
20,2375,WINDMACHIN,EQ,332079,142089,42.79
20,2376,WIPRO,EQ,3020504,1043951,34.56
20,2377,WONDERLA,EQ,311313,99023,31.81
20,2378,WORTH,EQ,15666,10935,69.80
20,2379,WSI,EQ,277091,146434,52.85
20,2380,WSTCSTPAPR,EQ,122506,62905,51.35
20,2381,WTICAB,SM,215000,104000,48.37
20,2382,XCHANGING,EQ,405974,206021,50.75
20,2383,XPROINDIA,EQ,13292,7061,53.12
20,2384,YASHO,EQ,15598,6464,41.44
20,2385,YATHARTH,EQ,127562,66015,51.75
20,2386,YATRA,EQ,138255,70836,51.24
20,2387,YCCL,SM,21000,21000,100.00
20,2388,YESBANK,EQ,245113554,63159114,25.77
20,2389,YUDIZ,SM,28800,24800,86.11
20,2390,YUKEN,EQ,6733,4040,60.00
20,2391,ZAGGLE,EQ,1953444,1193038,61.07
20,2392,ZEEL,EQ,22815634,9078647,39.79
20,2393,ZEEMEDIA,EQ,15651791,4976095,31.79
20,2394,ZENITHDRUG,SM,787200,272000,34.55
20,2395,ZENITHEXPO,EQ,4297,1467,34.14
20,2396,ZENITHSTL,EQ,42450,39758,93.66
20,2397,ZENSARTECH,EQ,953277,369915,38.80
20,2398,ZENTEC,EQ,238829,152533,63.87
20,2399,ZFCVINDIA,EQ,6812,3734,54.82
20,2400,ZIMLAB,EQ,329637,163216,49.51
20,2401,ZODIACLOTH,EQ,49815,30114,60.45
20,2402,ZOMATO,EQ,20789208,12656690,60.88
20,2403,ZOTA,EQ,21465,11511,53.63
20,2404,ZUARI,EQ,410278,146981,35.82
20,2405,ZUARIIND,EQ,198120,83295,42.04
20,2406,ZYDUSLIFE,EQ,1230088,675909,54.95
20,2407,ZYDUSWELL,EQ,38882,14259,36.67
