Security Wise Delivery Position - Compulsory Rolling Settlement
10,MTO,28082024,1865492645,0002491
Trade Date <28-AUG-2024>,Settlement Type <N>
Record Type,Sr No,Name of Security,Quantity Traded,Deliverable Quantity(gross across client level),% of Deliverable Quantity to Traded Quantity
20,1,0MOFSL26,N1,205,205,100.00
20,2,1003IIFL29,NC,179,152,84.92
20,3,1003ISFL28,N4,128,128,100.00
20,4,1015ECL29,NR,100,100,100.00
20,5,1015SCFL29,YY,103,103,100.00
20,6,1015SCL28A,AL,1,1,100.00
20,7,1015SCL28B,AZ,110,110,100.00
20,8,1018GS2026,GS,1405,1405,100.00
20,9,1025NFL25,N5,30,30,100.00
20,10,1025SCL34,Z8,60,60,100.00
20,11,1025SCL34A,ZT,1,1,100.00
20,12,1030ICC26,NJ,100,100,100.00
20,13,1030ICCL28,NM,1,1,100.00
20,14,1035UCL24,N6,145,145,100.00
20,15,1035UCL26,NA,474,421,88.82
20,16,1040UCL25,N4,136,136,100.00
20,17,1049DLS25A,Y5,447,374,83.67
20,18,1050IIFL29,ND,70,70,100.00
20,19,1050NFL26,N7,104,104,100.00
20,20,1050UCL25,N7,236,226,95.76
20,21,105IIFL29,N7,55,55,100.00
20,22,105UCL2026,NB,2,2,100.00
20,23,1060ECL29,NS,190,190,100.00
20,24,1065NFL27,NC,543,543,100.00
20,25,10CAGL27,N5,145,101,69.66
20,26,10IIFL28,N4,200,200,100.00
20,27,10IIFL28A,NE,679,415,61.12
20,28,10ISFL26,N3,30,15,50.00
20,29,10NIDO26,N6,110,110,100.00
20,30,11DLSL25,NV,10,10,100.00
20,31,182D031024,TB,400,400,100.00
20,32,182D050924,TB,16500,14400,87.27
20,33,182D120924,TB,100,100,100.00
20,34,182D191224,TB,500,500,100.00
20,35,182D221124,TB,100,100,100.00
20,36,20MICRONS,EQ,113578,64552,56.83
20,37,360ONE,EQ,785486,502861,64.02
20,38,364D020125,TB,2300,2300,100.00
20,39,364D071124,TB,100,100,100.00
20,40,364D100725,TB,100,100,100.00
20,41,364D120924,TB,3200,3200,100.00
20,42,364D150825,TB,300,300,100.00
20,43,364D211124,TB,100,100,100.00
20,44,364D230525,TB,100,100,100.00
20,45,3IINFOLTD,EQ,4120684,1213126,29.44
20,46,3MINDIA,EQ,3858,1717,44.50
20,47,574GS2026,GS,91,50,54.95
20,48,5PAISA,EQ,326495,58680,17.97
20,49,610GS2031,GS,2401,2401,100.00
20,50,63MOONS,EQ,56205,33211,59.09
20,51,654GS2032,GS,147301,147301,100.00
20,52,667GS2050,GS,2010,2005,99.75
20,53,695GS2061,GS,1511,1511,100.00
20,54,699GS2051,GS,3006,3003,99.90
20,55,702GS2027,GS,10585,10585,100.00
20,56,704GS2029,GS,7880,7800,98.98
20,57,704IRFC28,N6,2111,2000,94.74
20,58,704REC28,N4,5000,3000,60.00
20,59,706GS2028,GS,56750,56197,99.03
20,60,710GS2029,GS,10157,10157,100.00
20,61,717GS2030,GS,66918,56918,85.06
20,62,718GS2033,GS,180519,180519,100.00
20,63,718GS2037,GS,16785,16785,100.00
20,64,71GS2034,GS,5200,5200,100.00
20,65,723GS2039,GS,400,200,50.00
20,66,725GS2063,GS,59013,58513,99.15
20,67,726GS2029,GS,1,1,100.00
20,68,726GS2032,GS,85112,85112,100.00
20,69,726GS2033,GS,35000,35000,100.00
20,70,729IRFC26,NN,105,105,100.00
20,71,729NHAI26,NC,884,884,100.00
20,72,732GS2030,GS,550,400,72.73
20,73,732IRFC25,NI,32,32,100.00
20,74,734GS2064,GS,505,500,99.01
20,75,734IRFC28,N4,540,500,92.59
20,76,736GS2052,GS,206,206,100.00
20,77,736NTPC25D,NB,8,8,100.00
20,78,736PFCL28,N2,4,4,100.00
20,79,737GS2028,GS,38491,38491,100.00
20,80,737NTPC35C,NA,2,2,100.00
20,81,738GS2027,GS,58699,45950,78.28
20,82,739ML26,SG,11200,11200,100.00
20,83,739NHAI26,N8,1,1,100.00
20,84,73GS2053,GS,2900,2800,96.55
20,85,741GS2036,GS,7496,7496,100.00
20,86,743REC35,NH,50,50,100.00
20,87,746GS2073,GS,175105,175105,100.00
20,88,74GS2062,GS,19463,19463,100.00
20,89,753IRFC30,NJ,4,4,100.00
20,90,754GS2036,GS,377122,341305,90.50
20,91,764HUDCO31,N8,469,469,100.00
20,92,764IRFC31,NO,130,130,100.00
20,93,764NABAR31,N2,50,50,100.00
20,94,769HUDCO31,N9,100,100,100.00
20,95,769NHAI31,NE,405,405,100.00
20,96,76NHAI31,NA,2504,2204,88.02
20,97,774IREDA31,N7,200,200,100.00
20,98,77AP38,SG,100,100,100.00
20,99,794TN32,SG,4000,4000,100.00
20,100,797IGT31,NL,150,150,100.00
20,101,79NHIT35,N1,300,300,100.00
20,102,79NHIT40,N2,491,491,100.00
20,103,79NHIT47,N3,501,500,99.80
20,104,810IRFC27,N2,14818,14809,99.94
20,105,812REC27,NI,52,52,100.00
20,106,81TCHF28,N8,26,26,100.00
20,107,824GS2027,GS,2976,2976,100.00
20,108,825IIFL25,N7,14,14,100.00
20,109,829LTF24,NL,3,3,100.00
20,110,82HUDCO27,N2,1315,1315,100.00
20,111,82IGT31,NJ,2767,2510,90.71
20,112,82SCL24,NO,68,68,100.00
20,113,830NHAI27,N2,11227,11197,99.73
20,114,830PFCL27,N5,130,130,100.00
20,115,835IFL25,NV,67,67,100.00
20,116,835SCL23,NN,3,3,100.00
20,117,840CIFCL28,N4,166,166,100.00
20,118,842IIFL26,NL,1388,1332,95.97
20,119,846REC28,N6,485,485,100.00
20,120,849NTPC25,N7,42363,40896,96.54
20,121,850IIFL27,NA,5,5,100.00
20,122,85IIFL24,NJ,80,80,100.00
20,123,865IFL28,NZ,39,39,100.00
20,124,865IIFL28,NS,330,330,100.00
20,125,865IRFC29,NA,1414,1075,76.03
20,126,865TCAPS27,N8,528,478,90.53
20,127,866NTPC33,N3,10,10,100.00
20,128,86LTF24,NJ,50,50,100.00
20,129,871REC28,N9,4427,4427,100.00
20,130,872MMFSL26,N1,150,150,100.00
20,131,875IIFL26A,NQ,119,119,100.00
20,132,875NHAI29,N6,1008,1008,100.00
20,133,876HUDCO28,ND,25,25,100.00
20,134,880IREDA29,N5,17,17,100.00
20,135,885MOFSL26,N0,600,600,100.00
20,136,888ERFL28,N5,110,110,100.00
20,137,888IHFL25F,NC,10,10,100.00
20,138,888IRFC29,NE,650,650,100.00
20,139,888SCL25E,N4,10,10,100.00
20,140,889SCFL27,YC,9,9,100.00
20,141,88SCFL25,YZ,1,1,100.00
20,142,890ICCL23A,NZ,50,50,100.00
20,143,891IIFCL34,N4,142,142,100.00
20,144,891NTPC33,N6,99,99,100.00
20,145,892NHPC33,N6,2554,2437,95.42
20,146,892PFCL33,N8,940,740,78.72
20,147,894SCL24,ZR,10,10,100.00
20,148,894SCL27,ZY,90,90,100.00
20,149,897MOFSL29,N4,1025,1025,100.00
20,150,8ABFL26,N0,135,135,100.00
20,151,901HUDCO34,NE,1103,856,77.61
20,152,903SFL28,YI,10,10,100.00
20,153,905LTF27,NF,30,30,100.00
20,154,905SCL24,YV,10,10,100.00
20,155,910CAGL25,N7,20,20,100.00
20,156,910TCAP28,NA,11,11,100.00
20,157,915SCL26,NE,1,1,100.00
20,158,915SCL27,Z7,50,50,100.00
20,159,91D031024,TB,2000,1000,50.00
20,160,91D050924,TB,1300,1300,100.00
20,161,91D071124,TB,1200,1200,100.00
20,162,91D101024,TB,600,600,100.00
20,163,91D120924,TB,200,200,100.00
20,164,91D211124,TB,500,500,100.00
20,165,91D260924,TB,600,600,100.00
20,166,91D311024,TB,5100,5100,100.00
20,167,91MOFSL27,N2,13,13,100.00
20,168,925IHFL25D,N6,5,5,100.00
20,169,925SCFL27,YA,1,1,100.00
20,170,925SCL25,N5,34,14,41.18
20,171,930SFL28,YP,7,7,100.00
20,172,931SFL26,Z5,10,10,100.00
20,173,943ECL28,NJ,10,10,100.00
20,174,948SCL26I,AX,22,22,100.00
20,175,94IFCI25,NL,590,590,100.00
20,176,94SFL28,YL,100,100,100.00
20,177,957ISFL26,N2,225,125,55.56
20,178,957NIDO26,N5,405,401,99.01
20,179,96IIFL28,N5,5487,4425,80.65
20,180,96IIFL28A,NF,902,800,88.69
20,181,96SFL24A,NB,69,49,71.01
20,182,970CAGL28,ND,211,210,99.53
20,183,971SCL28I,BC,63,63,100.00
20,184,975NFL25,N0,300,300,100.00
20,185,97MOFSL34,N7,60,60,100.00
20,186,97SFL28,YS,110,110,100.00
20,187,97SFL29,YZ,95,95,100.00
20,188,980IFSL25,N5,200,95,47.50
20,189,985ECL28,NK,905,900,99.45
20,190,990SCL26,N7,7,7,100.00
20,191,99IFCI24,NH,701,701,100.00
20,192,9IIFL28,Y0,67,67,100.00
20,193,9IIFL28A,NT,179,179,100.00
20,194,9MMFSML,N2,450,450,100.00
20,195,9PCHFL31A,NA,170,125,73.53
20,196,9PEL25,N0,1,1,100.00
20,197,9SCL25,YM,5,5,100.00
20,198,9SFL25A,ZH,67,67,100.00
20,199,AAATECH,EQ,35299,23420,66.35
20,200,AADHARHFC,EQ,998237,693495,69.47
20,201,AAREYDRUGS,EQ,557737,301996,54.15
20,202,AARON,EQ,9677,1827,18.88
20,203,AARTECH,EQ,559917,177265,31.66
20,204,AARTIDRUGS,EQ,913474,250577,27.43
20,205,AARTIIND,EQ,3084530,1143973,37.09
20,206,AARTIPHARM,EQ,87022,32772,37.66
20,207,AARTISURF,EQ,15370,7912,51.48
20,208,AARTISURF,P1,59,35,59.32
20,209,AARVI,EQ,55804,32117,57.55
20,210,AATMAJ,SM,10000,8000,80.00
20,211,AAVAS,EQ,823956,639541,77.62
20,212,ABAN,EQ,422020,289882,68.69
20,213,ABB,EQ,153307,65240,42.56
20,214,ABBOTINDIA,EQ,33538,9839,29.34
20,215,ABCAPITAL,EQ,4976732,2579002,51.82
20,216,ABDL,EQ,2789551,1670752,59.89
20,217,ABFL26,N1,40,40,100.00
20,218,ABFRL,EQ,15883263,7339268,46.21
20,219,ABGSEC,EQ,555,527,94.95
20,220,ABINFRA,SM,42000,34000,80.95
20,221,ABSLAMC,EQ,295404,160098,54.20
20,222,ABSLBANETF,EQ,241681,219035,90.63
20,223,ABSLLIQUID,EQ,10570,10352,97.94
20,224,ABSLNN50ET,EQ,44480,32318,72.66
20,225,ABSLPSE,EQ,215530,83565,38.77
20,226,ABSMARINE,SM,106000,72000,67.92
20,227,ACC,EQ,142265,59863,42.08
20,228,ACCELYA,EQ,30292,14086,46.50
20,229,ACCENTMIC,SM,37000,28000,75.68
20,230,ACE,EQ,352234,221685,62.94
20,231,ACEINTEG,EQ,16125,6325,39.22
20,232,ACI,EQ,290988,119062,40.92
20,233,ACL,EQ,54612,33606,61.54
20,234,ACLGATI,EQ,836538,432729,51.73
20,235,ACSAL,SM,51000,33000,64.71
20,236,ADANIENSOL,EQ,1883409,1223560,64.97
20,237,ADANIENT,EQ,1569652,714797,45.54
20,238,ADANIGREEN,EQ,434976,198084,45.54
20,239,ADANIPORTS,EQ,1225101,663364,54.15
20,240,ADANIPOWER,EQ,3573910,1926191,53.90
20,241,ADFFOODS,EQ,1290125,467002,36.20
20,242,ADL,EQ,12399,4958,39.99
20,243,ADORWELD,EQ,49552,31748,64.07
20,244,ADROITINFO,EQ,414492,235727,56.87
20,245,ADROITPP1,E1,41030,36802,89.70
20,246,ADSL,EQ,1143527,259956,22.73
20,247,ADVANIHOTR,EQ,82196,36145,43.97
20,248,ADVENZYMES,EQ,193108,102382,53.02
20,249,AEGISLOG,EQ,236136,101409,42.95
20,250,AEROFLEX,EQ,817424,429054,52.49
20,251,AESTHETIK,ST,646000,514000,79.57
20,252,AETHER,EQ,28242,15129,53.57
20,253,AFFLE,EQ,293187,125217,42.71
20,254,AFIL,EQ,909848,361837,39.77
20,255,AGARIND,EQ,44229,23797,53.80
20,256,AGARWALFT,ST,3000,3000,100.00
20,257,AGI,EQ,148237,72495,48.90
20,258,AGIIL,EQ,3499,3044,87.00
20,259,AGNI,SM,22500,17500,77.78
20,260,AGRITECH,EQ,23477,15315,65.23
20,261,AGROPHOS,EQ,51965,30118,57.96
20,262,AGSTRA,EQ,2254002,846889,37.57
20,263,AGUL,SM,2000,2000,100.00
20,264,AHL,EQ,626922,100810,16.08
20,265,AHLEAST,EQ,17490,12972,74.17
20,266,AHLUCONT,EQ,288007,86684,30.10
20,267,AIAENG,EQ,57335,27303,47.62
20,268,AIIL,EQ,86060,44257,51.43
20,269,AILIMITED,ST,12000,12000,100.00
20,270,AIMTRON,ST,136000,125600,92.35
20,271,AIROLAM,EQ,8580,5134,59.84
20,272,AIRTELPP,E1,705636,437804,62.04
20,273,AISL,SM,4800,3600,75.00
20,274,AJANTPHARM,EQ,247956,93102,37.55
20,275,AJMERA,EQ,48842,31241,63.96
20,276,AJOONI,EQ,3064127,2030431,66.26
20,277,AKANKSHA,ST,16000,16000,100.00
20,278,AKASH,EQ,67546,16813,24.89
20,279,AKG,EQ,258500,89765,34.73
20,280,AKI,EQ,109375,104100,95.18
20,281,AKIKO,SM,11200,9600,85.71
20,282,AKSHAR,EQ,10809480,6574245,60.82
20,283,AKSHARCHEM,EQ,15112,5729,37.91
20,284,AKSHOPTFBR,EQ,433763,254782,58.74
20,285,AKUMS,EQ,542955,221691,40.83
20,286,AKZOINDIA,EQ,33096,12401,37.47
20,287,ALANKIT,EQ,2221680,923805,41.58
20,288,ALBERTDAVD,EQ,30581,14824,48.47
20,289,ALEMBICLTD,EQ,1646256,635191,38.58
20,290,ALICON,EQ,28304,13042,46.08
20,291,ALKALI,EQ,55521,44428,80.02
20,292,ALKEM,EQ,384104,221186,57.58
20,293,ALKYLAMINE,EQ,34159,17891,52.38
20,294,ALLCARGO,EQ,4680644,2073723,44.30
20,295,ALLETEC,SM,56000,40800,72.86
20,296,ALLSEC,EQ,70533,42847,60.75
20,297,ALOKINDS,EQ,36787108,8172175,22.21
20,298,ALPA,EQ,191157,103626,54.21
20,299,ALPEXSOLAR,ST,87200,85200,97.71
20,300,ALPHA,EQ,870706,612306,70.32
20,301,ALPHAETF,EQ,728359,582731,80.01
20,302,ALPL30IETF,EQ,2474022,2352371,95.08
20,303,ALUWIND,ST,54000,48000,88.89
20,304,AMBER,EQ,96127,56439,58.71
20,305,AMBEY,SM,142000,98000,69.01
20,306,AMBICAAGAR,EQ,102532,36561,35.66
20,307,AMBIKCO,EQ,16940,7880,46.52
20,308,AMBUJACEM,EQ,2570418,1607249,62.53
20,309,AMDIND,EQ,40441,26172,64.72
20,310,AMEYA,SM,20000,16000,80.00
20,311,AMIORG,EQ,641178,227108,35.42
20,312,AMJUMBO,SM,168000,128000,76.19
20,313,AMNPLST,EQ,19880,10394,52.28
20,314,AMRUTANJAN,EQ,783412,260386,33.24
20,315,ANANDRATHI,EQ,33405,25109,75.17
20,316,ANANTRAJ,EQ,1498738,558553,37.27
20,317,ANDHRAPAP,EQ,63577,38761,60.97
20,318,ANDHRSUGAR,EQ,350802,129769,36.99
20,319,ANGELONE,EQ,627460,201992,32.19
20,320,ANLON,ST,27200,27200,100.00
20,321,ANNAPURNA,SM,460000,291500,63.37
20,322,ANTGRAPHIC,EQ,432761,432761,100.00
20,323,ANUP,EQ,138157,75669,54.77
20,324,ANURAS,EQ,49732,21129,42.49
20,325,APARINDS,EQ,90982,34254,37.65
20,326,APCL,EQ,18995,12133,63.87
20,327,APCOTEXIND,EQ,52446,24042,45.84
20,328,APEX,EQ,206062,101003,49.02
20,329,APLAPOLLO,EQ,791000,569264,71.97
20,330,APLLTD,EQ,107467,43520,40.50
20,331,APOLLO,EQ,4261804,2257224,52.96
20,332,APOLLOHOSP,EQ,250361,152019,60.72
20,333,APOLLOPIPE,EQ,107790,59503,55.20
20,334,APOLLOTYRE,EQ,1022790,318511,31.14
20,335,APOLSINHOT,EQ,2653,1566,59.03
20,336,APRAMEYA,SM,76000,66000,86.84
20,337,APS,ST,26000,22500,86.54
20,338,APTECHT,EQ,452661,167764,37.06
20,339,APTUS,EQ,861942,350969,40.72
20,340,ARABIAN,SM,22000,16000,72.73
20,341,ARCHIES,EQ,44753,33223,74.24
20,342,ARE&M,EQ,507968,311743,61.37
20,343,ARHAM,SM,9000,9000,100.00
20,344,ARIES,EQ,198098,89239,45.05
20,345,ARIHANTACA,SM,34400,32800,95.35
20,346,ARIHANTCAP,EQ,2275525,535113,23.52
20,347,ARIHANTSUP,EQ,35110,28165,80.22
20,348,ARISTO,SM,16000,14400,90.00
20,349,ARMANFIN,EQ,67499,40826,60.48
20,350,AROGRANITE,EQ,608419,280491,46.10
20,351,ARROWGREEN,EQ,126485,67605,53.45
20,352,ARTEMISMED,EQ,170696,81286,47.62
20,353,ARVIND,EQ,409711,185914,45.38
20,354,ARVINDFASN,EQ,1110122,554681,49.97
20,355,ARVSMART,EQ,21673,12485,57.61
20,356,ASAHIINDIA,EQ,74819,25849,34.55
20,357,ASAL,EQ,61240,32025,52.29
20,358,ASALCBR,EQ,168976,91659,54.24
20,359,ASCOM,ST,500,500,100.00
20,360,ASHALOG,SM,482000,261000,54.15
20,361,ASHAPURMIN,EQ,336603,196495,58.38
20,362,ASHIANA,EQ,196672,124040,63.07
20,363,ASHOKA,EQ,1051209,305571,29.07
20,364,ASHOKAMET,EQ,63145,50404,79.82
20,365,ASHOKLEY,EQ,4397583,2023709,46.02
20,366,ASIANENE,EQ,496394,254696,51.31
20,367,ASIANHOTNR,EQ,6207,3477,56.02
20,368,ASIANPAINT,EQ,538366,264671,49.16
20,369,ASIANTILES,EQ,2776552,1090485,39.27
20,370,ASKAUTOLTD,EQ,896225,351932,39.27
20,371,ASMS,EQ,1366863,647109,47.34
20,372,ASPINWALL,EQ,12372,7598,61.41
20,373,ASPIRE,SM,12000,8000,66.67
20,374,ASTEC,EQ,13247,6619,49.97
20,375,ASTERDM,EQ,488146,250183,51.25
20,376,ASTRAL,EQ,708790,423461,59.74
20,377,ASTRAMICRO,EQ,174368,94303,54.08
20,378,ASTRAZEN,EQ,3672,1197,32.60
20,379,ATAM,EQ,126714,54356,42.90
20,380,ATFL,EQ,233827,59244,25.34
20,381,ATGL,EQ,3036506,1918833,63.19
20,382,ATL,EQ,504601,285404,56.56
20,383,ATMASTCO,ST,104800,100000,95.42
20,384,ATUL,EQ,21101,6949,32.93
20,385,AUBANK,EQ,1975857,843198,42.68
20,386,AURDIS,SM,3500,3000,85.71
20,387,AURIONPRO,EQ,109014,75543,69.30
20,388,AUROIMPEX,SM,40000,30400,76.00
20,389,AUROPHARMA,EQ,999085,596544,59.71
20,390,AURUMPP1,X1,3577,3415,95.47
20,391,AUTOAXLES,EQ,35158,18275,51.98
20,392,AUTOBEES,EQ,381648,309826,81.18
20,393,AUTOIETF,EQ,226821,145381,64.10
20,394,AUTOIND,EQ,1063164,414614,39.00
20,395,AVADHSUGAR,EQ,195557,68895,35.23
20,396,AVALON,EQ,249765,110211,44.13
20,397,AVANTEL,EQ,630892,386048,61.19
20,398,AVANTIFEED,EQ,569646,280028,49.16
20,399,AVG,EQ,19008,11413,60.04
20,400,AVPINFRA,SM,99200,68800,69.35
20,401,AVROIND,EQ,988368,378867,38.33
20,402,AVTNPL,EQ,165001,74034,44.87
20,403,AWFIS,EQ,1443853,325592,22.55
20,404,AWHCL,EQ,216341,140116,64.77
20,405,AWL,EQ,3403542,1284505,37.74
20,406,AXISBANK,EQ,5483503,2949628,53.79
20,407,AXISBNKETF,EQ,1268,752,59.31
20,408,AXISBPSETF,EQ,45813,42334,92.41
20,409,AXISCADES,EQ,380544,175399,46.09
20,410,AXISCETF,EQ,1569,1524,97.13
20,411,AXISGOLD,EQ,88220,62359,70.69
20,412,AXISHCETF,EQ,8727,7706,88.30
20,413,AXISILVER,EQ,22377,17873,79.87
20,414,AXISNIFTY,EQ,2172,1846,84.99
20,415,AXISTECETF,EQ,5979,4943,82.67
20,416,AXITA,EQ,3395336,420783,12.39
20,417,AXSENSEX,EQ,300,244,81.33
20,418,AZAD,EQ,46725,27232,58.28
20,419,BABAFP,SM,22400,19200,85.71
20,420,BAGFILMS,EQ,1972700,1262100,63.98
20,421,BAHETI,SM,20250,18750,92.59
20,422,BAJAJ-AUTO,EQ,338792,139956,41.31
20,423,BAJAJCON,EQ,217525,116761,53.68
20,424,BAJAJELEC,EQ,35528,17044,47.97
20,425,BAJAJFINSV,EQ,1444329,488629,33.83
20,426,BAJAJHCARE,EQ,149708,76747,51.26
20,427,BAJAJHIND,EQ,18021140,5576521,30.94
20,428,BAJAJHLDNG,EQ,189405,36907,19.49
20,429,BAJEL,EQ,147265,78906,53.58
20,430,BAJFINANCE,EQ,848986,549796,64.76
20,431,BALAMINES,EQ,32870,17116,52.07
20,432,BALAXI,EQ,44968,18358,40.82
20,433,BALCO,ST,14400,14400,100.00
20,434,BALKRISHNA,EQ,2754595,1192720,43.30
20,435,BALKRISIND,EQ,371026,277148,74.70
20,436,BALMLAWRIE,EQ,363172,220531,60.72
20,437,BALPHARMA,EQ,872646,337975,38.73
20,438,BALRAMCHIN,EQ,4874097,1562884,32.07
20,439,BALUFORGE,EQ,665718,297667,44.71
20,440,BANARBEADS,EQ,5758,4183,72.65
20,441,BANARISUG,EQ,4013,2501,62.32
20,442,BANCOINDIA,EQ,143191,62981,43.98
20,443,BANDHANBNK,EQ,12862179,5303597,41.23
20,444,BANG,EQ,32740,17770,54.28
20,445,BANKBARODA,EQ,16568081,7899799,47.68
20,446,BANKBEES,EQ,393021,247435,62.96
20,447,BANKBETF,EQ,72723,63125,86.80
20,448,BANKETF,EQ,1016,980,96.46
20,449,BANKETFADD,EQ,97345,29546,30.35
20,450,BANKIETF,EQ,321033,271266,84.50
20,451,BANKINDIA,EQ,2033737,1082130,53.21
20,452,BANKNIFTY1,EQ,57571,55805,96.93
20,453,BANSALWIRE,EQ,555693,296778,53.41
20,454,BANSWRAS,EQ,49194,29537,60.04
20,455,BARBEQUE,EQ,142909,62851,43.98
20,456,BASF,EQ,36586,16089,43.98
20,457,BASILIC,ST,57300,55500,96.86
20,458,BASML,EQ,2902113,1265220,43.60
20,459,BATAINDIA,EQ,257139,84045,32.68
20,460,BAWEJA,SM,15200,9600,63.16
20,461,BAYERCROP,EQ,12705,5839,45.96
20,462,BBETF0432,EQ,2984,2057,68.93
20,463,BBL,EQ,31168,15625,50.13
20,464,BBNPNBETF,EQ,581,519,89.33
20,465,BBNPPGOLD,EQ,367,207,56.40
20,466,BBTC,EQ,120534,35361,29.34
20,467,BBTCL,EQ,16622,15218,91.55
20,468,BCLIND,EQ,2966544,1177156,39.68
20,469,BCONCEPTS,EQ,19193,13810,71.95
20,470,BDL,EQ,711054,392127,55.15
20,471,BEACON,SM,96000,76000,79.17
20,472,BEARDSELL,EQ,112649,87135,77.35
20,473,BECTORFOOD,EQ,151112,61647,40.80
20,474,BEDMUTHA,EQ,14997,10720,71.48
20,475,BEL,EQ,14005947,7767329,55.46
20,476,BEML,EQ,116656,33329,28.57
20,477,BEPL,EQ,1573994,790359,50.21
20,478,BERGEPAINT,EQ,655824,272381,41.53
20,479,BESTAGRO,EQ,276826,96469,34.85
20,480,BETA,SM,8800,7700,87.50
20,481,BEWLTD,SM,625,625,100.00
20,482,BFINVEST,EQ,150423,57721,38.37
20,483,BFSI,EQ,132278,108911,82.33
20,484,BFUTILITIE,EQ,593191,168714,28.44
20,485,BHAGCHEM,EQ,382073,246617,64.55
20,486,BHAGERIA,EQ,5275400,809223,15.34
20,487,BHAGYANGR,EQ,144235,67364,46.70
20,488,BHANDARI,EQ,2652212,1214438,45.79
20,489,BHARATFORG,EQ,927975,502652,54.17
20,490,BHARATGEAR,EQ,474414,186617,39.34
20,491,BHARATRAS,EQ,29345,8616,29.36
20,492,BHARATWIRE,EQ,515271,255498,49.59
20,493,BHARTIARTL,EQ,6225319,3812208,61.24
20,494,BHARTIHEXA,EQ,128087,53499,41.77
20,495,BHEL,EQ,6579323,2560234,38.91
20,496,BHINVIT,IV,153911,109310,71.02
20,497,BIGBLOC,EQ,93903,47641,50.73
20,498,BIKAJI,EQ,268937,152657,56.76
20,499,BIL,EQ,3828,2850,74.45
20,500,BINANIIND,EQ,15562,11605,74.57
20,501,BIOCON,EQ,6636720,2442344,36.80
20,502,BIOFILCHEM,EQ,35680,13657,38.28
20,503,BIRDYS,ST,3600,3600,100.00
20,504,BIRET,RR,273672,260552,95.21
20,505,BIRLACABLE,EQ,168680,47252,28.01
20,506,BIRLACORPN,EQ,102268,46712,45.68
20,507,BLAL,EQ,134498,48828,36.30
20,508,BLISSGVS,EQ,684518,325267,47.52
20,509,BLKASHYAP,EQ,1480351,741386,50.08
20,510,BLS,EQ,6068794,1628447,26.83
20,511,BLSE,EQ,941785,319872,33.96
20,512,BLUEDART,EQ,17806,2945,16.54
20,513,BLUEJET,EQ,106956,65258,61.01
20,514,BLUEPEBBLE,SM,4000,4000,100.00
20,515,BLUESTARCO,EQ,322096,229901,71.38
20,516,BMETRICS,SM,33600,20800,61.90
20,517,BODALCHEM,EQ,2247550,910974,40.53
20,518,BOMDYEING,EQ,2194610,898757,40.95
20,519,BOROLTD,EQ,188442,81365,43.18
20,520,BORORENEW,EQ,1661099,466041,28.06
20,521,BOROSCI,EQ,285413,145002,50.80
20,522,BOSCHLTD,EQ,26366,7343,27.85
20,523,BPCL,EQ,7295981,2571278,35.24
20,524,BRACEPORT,ST,100800,100800,100.00
20,525,BRIGADE,EQ,298409,179117,60.02
20,526,BRITANNIA,EQ,161445,87209,54.02
20,527,BSE,EQ,1571064,573064,36.48
20,528,BSE500IETF,EQ,343298,184065,53.62
20,529,BSHSL,EQ,14050,10289,73.23
20,530,BSL,EQ,52649,24560,46.65
20,531,BSLGOLDETF,EQ,16919,14136,83.55
20,532,BSLNIFTY,EQ,397263,312048,78.55
20,533,BSLSENETFG,EQ,4125,3216,77.96
20,534,BSOFT,EQ,8388597,3572147,42.58
20,535,BULKCORP,SM,85200,33600,39.44
20,536,BUTTERFLY,EQ,19482,7134,36.62
20,537,BVCL,EQ,240975,84566,35.09
20,538,CADSYS,SM,42000,30500,72.62
20,539,CALSOFT,EQ,79945,49982,62.52
20,540,CAMLINFINE,EQ,760975,415608,54.62
20,541,CAMPUS,EQ,298490,166336,55.73
20,542,CAMS,EQ,189642,86567,45.65
20,543,CANARYS,ST,108000,84000,77.78
20,544,CANBK,EQ,11686742,6482022,55.46
20,545,CANFINHOME,EQ,669843,320025,47.78
20,546,CANTABIL,EQ,147246,71796,48.76
20,547,CAPACITE,EQ,2523425,773601,30.66
20,548,CAPITALSFB,EQ,47901,29173,60.90
20,549,CAPLIPOINT,EQ,313661,87347,27.85
20,550,CAPTRUST,EQ,64384,28159,43.74
20,551,CARBORUNIV,EQ,95377,55788,58.49
20,552,CARERATING,EQ,51500,35562,69.05
20,553,CARTRADE,EQ,72788,28018,38.49
20,554,CARYSIL,EQ,95810,45262,47.24
20,555,CASTROLIND,EQ,11116922,2768829,24.91
20,556,CBAZAAR,SM,32000,24000,75.00
20,557,CCL,EQ,148118,71169,48.05
20,558,CDSL,EQ,2792969,1302816,46.65
20,559,CEATLTD,EQ,239735,62397,26.03
20,560,CEIGALL,EQ,788103,450052,57.11
20,561,CELEBRITY,EQ,145223,94304,64.94
20,562,CELLECOR,SM,354000,270000,76.27
20,563,CELLO,EQ,85452,51602,60.39
20,564,CELLPOINT,SM,21600,10800,50.00
20,565,CENTENKA,EQ,57081,32616,57.14
20,566,CENTRALBK,EQ,3200457,1359292,42.47
20,567,CENTRUM,EQ,490540,268524,54.74
20,568,CENTUM,EQ,21297,7574,35.56
20,569,CENTURYPLY,EQ,134580,44940,33.39
20,570,CENTURYTEX,EQ,472022,198337,42.02
20,571,CERA,EQ,8945,3978,44.47
20,572,CESC,EQ,12674762,2681646,21.16
20,573,CGCL,EQ,192157,66634,34.68
20,574,CGPOWER,EQ,1546800,965914,62.45
20,575,CGRAPHICS,SM,198400,120000,60.48
20,576,CHALET,EQ,108375,60595,55.91
20,577,CHAMBLFERT,EQ,2854496,918042,32.16
20,578,CHAVDA,SM,343000,187000,54.52
20,579,CHEMBOND,EQ,13838,9671,69.89
20,580,CHEMCON,EQ,88420,51095,57.79
20,581,CHEMFAB,EQ,7076,3972,56.13
20,582,CHEMPLASTS,EQ,223607,100332,44.87
20,583,CHENNPETRO,EQ,410111,216821,52.87
20,584,CHETANA,SM,70400,57600,81.82
20,585,CHEVIOT,EQ,149756,42800,28.58
20,586,CHOICEIN,EQ,577857,163280,28.26
20,587,CHOLAFIN,EQ,1014841,474146,46.72
20,588,CHOLAHLDNG,EQ,1003604,774390,77.16
20,589,CIEINDIA,EQ,293831,120121,40.88
20,590,CIGNITITEC,EQ,34225,28000,81.81
20,591,CINELINE,EQ,18298,13713,74.94
20,592,CINEVISTA,EQ,11065,8818,79.69
20,593,CIPLA,EQ,1433847,786074,54.82
20,594,CLEAN,EQ,112527,64185,57.04
20,595,CLEDUCATE,EQ,928955,373886,40.25
20,596,CLOUD,ST,327000,294000,89.91
20,597,CLSEL,EQ,77463,49543,63.96
20,598,CLSL,SM,144000,96000,66.67
20,599,CMMIPL,ST,36000,36000,100.00
20,600,CMNL,SM,144000,108000,75.00
20,601,CMRSL,SM,11200,10400,92.86
20,602,CMSINFO,EQ,356145,188276,52.86
20,603,COALINDIA,EQ,6066259,3588601,59.16
20,604,COASTCORP,EQ,31061,16906,54.43
20,605,COCHINSHIP,EQ,1239616,557812,45.00
20,606,COFORGE,EQ,695937,198998,28.59
20,607,COLPAL,EQ,200695,71761,35.76
20,608,COMMITTED,SM,6400,4800,75.00
20,609,COMMOIETF,EQ,65239,37854,58.02
20,610,COMPUSOFT,EQ,292815,147978,50.54
20,611,COMSYN,EQ,49208,13672,27.78
20,612,CONCOR,EQ,1354925,807641,59.61
20,613,CONCORDBIO,EQ,47377,28872,60.94
20,614,CONFIPET,EQ,7277868,1974728,27.13
20,615,CONS,EQ,6452,4246,65.81
20,616,CONSOFINVT,EQ,25507,16006,62.75
20,617,CONSUMBEES,EQ,95753,78018,81.48
20,618,CONSUMIETF,EQ,14376,11119,77.34
20,619,CONTI,ST,66660,66660,100.00
20,620,CONTROLPR,EQ,48065,32358,67.32
20,621,COOLCAPS,SM,15500,15250,98.39
20,622,CORALFINAC,EQ,54674,25568,46.76
20,623,COROMANDEL,EQ,289715,173018,59.72
20,624,COSMOFIRST,EQ,366525,181738,49.58
20,625,CPS,SM,2400,1800,75.00
20,626,CPSEETF,EQ,2840338,1276815,44.95
20,627,CRAFTSMAN,EQ,68246,19837,29.07
20,628,CRAYONS,SM,56000,53000,94.64
20,629,CREATIVE,EQ,278052,90448,32.53
20,630,CREDITACC,EQ,186509,112284,60.20
20,631,CREST,EQ,55706,27306,49.02
20,632,CRISIL,EQ,14469,7299,50.45
20,633,CROMPTON,EQ,2200386,1393394,63.32
20,634,CSBBANK,EQ,129872,66699,51.36
20,635,CSLFINANCE,EQ,84074,52567,62.52
20,636,CUB,EQ,2072176,922796,44.53
20,637,CUMMINSIND,EQ,669653,432981,64.66
20,638,CYBERMEDIA,EQ,25019,14973,59.85
20,639,CYBERTECH,EQ,1168122,366705,31.39
20,640,CYIENT,EQ,378866,196758,51.93
20,641,CYIENTDLM,EQ,192248,104165,54.18
20,642,DABUR,EQ,1149783,501105,43.58
20,643,DALBHARAT,EQ,487809,320123,65.62
20,644,DALMIASUG,EQ,960095,400208,41.68
20,645,DAMODARIND,EQ,7581,6382,84.18
20,646,DANGEE,EQ,134565,100083,74.38
20,647,DATAMATICS,EQ,5438707,746455,13.72
20,648,DATAPATTNS,EQ,82769,36363,43.93
20,649,DAVANGERE,EQ,14652425,5873223,40.08
20,650,DBCORP,EQ,161361,89911,55.72
20,651,DBL,EQ,1020334,332077,32.55
20,652,DBOL,EQ,102892,58949,57.29
20,653,DBREALTY,EQ,1901103,1208791,63.58
20,654,DBSTOCKBRO,EQ,41240,13189,31.98
20,655,DCAL,EQ,2711046,899160,33.17
20,656,DCBBANK,EQ,808916,472441,58.40
20,657,DCG,ST,32400,32400,100.00
20,658,DCMSHRIRAM,EQ,52461,23780,45.33
20,659,DCMSRIND,EQ,151380,77533,51.22
20,660,DCW,EQ,5425554,2671428,49.24
20,661,DECCANCE,EQ,9469,4740,50.06
20,662,DEEDEV,EQ,230807,106221,46.02
20,663,DEEM,SM,10000,7000,70.00
20,664,DEEPAKFERT,EQ,562772,130634,23.21
20,665,DEEPAKNTR,EQ,389112,106655,27.41
20,666,DEEPENR,EQ,69631,34313,49.28
20,667,DEEPINDS,EQ,721035,319482,44.31
20,668,DELAPLEX,SM,8400,6000,71.43
20,669,DELHIVERY,EQ,973965,632478,64.94
20,670,DELTACORP,EQ,3133594,1432052,45.70
20,671,DELTAMAGNT,EQ,3752,2837,75.61
20,672,DEN,EQ,1836236,754628,41.10
20,673,DENORA,EQ,4873,2733,56.08
20,674,DENTALKART,SM,48000,36250,75.52
20,675,DESTINY,SM,9000,9000,100.00
20,676,DEVIT,EQ,55770,23164,41.53
20,677,DEVYANI,EQ,2968757,1527288,51.45
20,678,DHAMPURSUG,EQ,566375,216497,38.23
20,679,DHANBANK,EQ,931538,661474,71.01
20,680,DHANI,EQ,7293855,2888101,39.60
20,681,DHANUKA,EQ,42273,17136,40.54
20,682,DHARIWAL,SM,144000,88800,61.67
20,683,DHARMAJ,EQ,313954,131986,42.04
20,684,DHTL,ST,4000,4000,100.00
20,685,DHUNINV,EQ,6275,3210,51.16
20,686,DIAMINESQ,EQ,13755,8080,58.74
20,687,DIAMONDYD,EQ,194128,104667,53.92
20,688,DIGIKORE,ST,6200,5400,87.10
20,689,DIL,EQ,1968838,1006152,51.10
20,690,DISHTV,EQ,15680983,6491799,41.40
20,691,DIVGIITTS,EQ,32323,20682,63.99
20,692,DIVISLAB,EQ,963990,401698,41.67
20,693,DIVOPPBEES,EQ,66137,47400,71.67
20,694,DIXON,EQ,363452,141162,38.84
20,695,DKEGL,SM,3000,3000,100.00
20,696,DLF,EQ,2135655,1179171,55.21
20,697,DLINKINDIA,EQ,100807,52845,52.42
20,698,DLSL25,NW,20,20,100.00
20,699,DMART,EQ,504521,373753,74.08
20,700,DMCC,EQ,36526,19530,53.47
20,701,DODLA,EQ,21520,9787,45.48
20,702,DOLATALGO,EQ,2764678,1148198,41.53
20,703,DOLLAR,EQ,91424,66019,72.21
20,704,DOLLEX,SM,20000,16000,80.00
20,705,DOMS,EQ,110894,44146,39.81
20,706,DPABHUSHAN,EQ,13727,5058,36.85
20,707,DPEL,SM,117000,78000,66.67
20,708,DPSCLTD,EQ,698918,356585,51.02
20,709,DPWIRES,EQ,28073,14607,52.03
20,710,DREAMFOLKS,EQ,129681,67816,52.29
20,711,DRONE,ST,32000,30000,93.75
20,712,DRREDDY,EQ,326517,211292,64.71
20,713,DSSL,EQ,39730,16915,42.57
20,714,DTIL,EQ,7499,4238,56.51
20,715,DTL,SM,4800,4800,100.00
20,716,DUCOL,ST,32000,22400,70.00
20,717,DUCON,EQ,5261993,3146690,59.80
20,718,DUGLOBAL,SM,90000,67500,75.00
20,719,DURLAX,SM,84000,62000,73.81
20,720,DVL,EQ,123227,37381,30.34
20,721,DWARKESH,EQ,1684868,548697,32.57
20,722,DYCL,EQ,40717,23187,56.95
20,723,DYNAMATECH,EQ,5971,2815,47.14
20,724,DYNAMIC,SM,50000,32000,64.00
20,725,EASEMYTRIP,EQ,26389945,4813435,18.24
20,726,EBBETF0425,EQ,1854,1850,99.78
20,727,EBBETF0430,EQ,11233,11129,99.07
20,728,EBBETF0431,EQ,35032,31958,91.23
20,729,EBBETF0433,EQ,2046,1773,86.66
20,730,ECLERX,EQ,143258,54880,38.31
20,731,EDELWEISS,EQ,12410495,5281564,42.56
20,732,EFACTOR,SM,16800,16000,95.24
20,733,EFFWA,SM,153600,134400,87.50
20,734,EFORCE,SM,75600,55200,73.02
20,735,EGOLD,EQ,50827,49853,98.08
20,736,EICHERMOT,EQ,424484,199961,47.11
20,737,EIDPARRY,EQ,637716,230565,36.15
20,738,EIFFL,EQ,25817,22265,86.24
20,739,EIHAHOTELS,EQ,52145,26909,51.60
20,740,EIHOTEL,EQ,342524,226439,66.11
20,741,EIMCOELECO,EQ,32799,19753,60.22
20,742,EKC,EQ,1554588,552579,35.55
20,743,ELDEHSG,EQ,1980,1572,79.39
20,744,ELECON,EQ,198671,115119,57.94
20,745,ELECTCAST,EQ,1871065,1022810,54.66
20,746,ELGIEQUIP,EQ,457930,280274,61.20
20,747,ELIN,EQ,1128117,330974,29.34
20,748,EMAMILTD,EQ,543477,331584,61.01
20,749,EMAMIPAP,EQ,192967,80658,41.80
20,750,EMAMIREAL,EQ,570412,272455,47.76
20,751,EMBASSY,RR,1631043,1555251,95.35
20,752,EMBDL,EQ,13040415,5478092,42.01
20,753,EMCURE,EQ,183453,82114,44.76
20,754,EMIL,EQ,1787663,966483,54.06
20,755,EMKAYTOOLS,SM,300,300,100.00
20,756,EMMBI,EQ,155888,91739,58.85
20,757,EMMIL,SM,238000,204000,85.71
20,758,EMSLIMITED,EQ,925531,400102,43.23
20,759,EMUDHRA,EQ,127159,50116,39.41
20,760,ENDURANCE,EQ,80487,42686,53.03
20,761,ENFUSE,ST,38400,36000,93.75
20,762,ENGINERSIN,EQ,17436924,4677047,26.82
20,763,ENIL,EQ,72817,43175,59.29
20,764,ENSER,SM,16000,12000,75.00
20,765,ENTERO,EQ,33711,20438,60.63
20,766,EPACK,EQ,2576538,1287799,49.98
20,767,EPIGRAL,EQ,59953,28933,48.26
20,768,EPL,EQ,1229815,516724,42.02
20,769,EQUAL50ADD,EQ,4324,3578,82.75
20,770,EQUITASBNK,EQ,3395996,1856051,54.65
20,771,ERIS,EQ,198544,99122,49.92
20,772,EROSMEDIA,EQ,377557,204851,54.26
20,773,ESABINDIA,EQ,41745,39185,93.87
20,774,ESAFSFB,EQ,1076113,699756,65.03
20,775,ESCONET,ST,26400,26400,100.00
20,776,ESCORTS,EQ,85910,29380,34.20
20,777,ESFL,SM,1222800,718800,58.78
20,778,ESG,EQ,434422,423256,97.43
20,779,ESILVER,EQ,18443,17864,96.86
20,780,ESPRIT,SM,187200,140800,75.21
20,781,ESSENTIA,EQ,8782956,5725099,65.18
20,782,ESTER,EQ,215787,91961,42.62
20,783,ETHOSLTD,EQ,28399,9965,35.09
20,784,EUROBOND,SM,3000,3000,100.00
20,785,EUROTEXIND,EQ,6160,4883,79.27
20,786,EVEREADY,EQ,177094,76567,43.24
20,787,EVERESTIND,EQ,28003,14521,51.86
20,788,EVINDIA,EQ,522569,399496,76.45
20,789,EXCELINDUS,EQ,37724,21047,55.79
20,790,EXIDEIND,EQ,2146014,1074929,50.09
20,791,EXPLEOSOL,EQ,25380,16712,65.85
20,792,EXXARO,EQ,32774,17803,54.32
20,793,FACT,EQ,266522,73157,27.45
20,794,FAIRCHEMOR,EQ,8492,3999,47.09
20,795,FALCONTECH,SM,13200,9600,72.73
20,796,FAZE3Q,EQ,14989,6250,41.70
20,797,FCL,EQ,254592,110511,43.41
20,798,FCSSOFT,EQ,7650722,3200519,41.83
20,799,FDC,EQ,618180,213735,34.57
20,800,FEDERALBNK,EQ,10580774,4013499,37.93
20,801,FEDFINA,EQ,518904,337108,64.97
20,802,FELIX,SM,347000,198000,57.06
20,803,FIDEL,SM,5000,4000,80.00
20,804,FIEMIND,EQ,62421,30382,48.67
20,805,FILATEX,EQ,4255926,1366092,32.10
20,806,FILATFASH,EQ,295572413,88366184,29.90
20,807,FINCABLES,EQ,84635,44658,52.77
20,808,FINEORG,EQ,21643,8996,41.57
20,809,FINIETF,EQ,608081,572907,94.22
20,810,FINOPB,EQ,211484,84773,40.08
20,811,FINPIPE,EQ,1080980,413527,38.25
20,812,FIRSTCRY,EQ,954516,414261,43.40
20,813,FIVESTAR,EQ,260892,178746,68.51
20,814,FLAIR,EQ,126985,76755,60.44
20,815,FLUOROCHEM,EQ,71519,34452,48.17
20,816,FMCGIETF,EQ,1020054,909397,89.15
20,817,FMGOETZE,EQ,80901,42944,53.08
20,818,FMNL,EQ,183638,90683,49.38
20,819,FOCE,SM,200,200,100.00
20,820,FONEBOX,SM,2000,2000,100.00
20,821,FOODSIN,EQ,171972,84106,48.91
20,822,FORCAS,ST,324800,324800,100.00
20,823,FORCEMOT,EQ,18933,12071,63.76
20,824,FORTIS,EQ,1892589,894928,47.29
20,825,FOSECOIND,EQ,1451,784,54.03
20,826,FROG,SM,53200,41600,78.20
20,827,FSL,EQ,4657442,1556815,33.43
20,828,FUSION,EQ,962540,511963,53.19
20,829,GABRIEL,EQ,510987,275788,53.97
20,830,GAEL,EQ,5905915,1702629,28.83
20,831,GAIL,EQ,11745870,7525690,64.07
20,832,GALAXYSURF,EQ,19297,10614,55.00
20,833,GANDHAR,EQ,5457959,1693337,31.03
20,834,GANDHITUBE,EQ,3154,2251,71.37
20,835,GANECOS,EQ,40179,22423,55.81
20,836,GANESHBE,EQ,536051,227210,42.39
20,837,GANESHHOUC,EQ,80203,46564,58.06
20,838,GANGAFORGE,EQ,1330983,1072562,80.58
20,839,GANGESSECU,EQ,24886,12920,51.92
20,840,GARFIBRES,EQ,11198,4343,38.78
20,841,GATECH,EQ,2150572,1924304,89.48
20,842,GATEWAY,EQ,1796334,689495,38.38
20,843,GEECEE,EQ,39354,20792,52.83
20,844,GEEKAYWIRE,EQ,245651,141112,57.44
20,845,GENESYS,EQ,856778,293810,34.29
20,846,GENSOL,EQ,251834,92146,36.59
20,847,GENUSPAPER,EQ,1554062,528320,34.00
20,848,GENUSPOWER,EQ,654895,366336,55.94
20,849,GEOJITFSL,EQ,10132943,3100348,30.60
20,850,GESHIP,EQ,425315,194027,45.62
20,851,GFLLIMITED,EQ,132178,68418,51.76
20,852,GGBL,SM,250800,175800,70.10
20,853,GHCL,EQ,354858,134057,37.78
20,854,GHCLTEXTIL,EQ,451234,167950,37.22
20,855,GICHSGFIN,EQ,227000,106260,46.81
20,856,GICL,SM,252000,231000,91.67
20,857,GICRE,EQ,1646919,513201,31.16
20,858,GILLANDERS,EQ,25578,17080,66.78
20,859,GILLETTE,EQ,35732,16011,44.81
20,860,GILT5YBEES,EQ,212270,153747,72.43
20,861,GINNIFILA,EQ,76613,48948,63.89
20,862,GIPCL,EQ,1939023,867655,44.75
20,863,GIRIRAJ,SM,1500,1500,100.00
20,864,GKWLIMITED,EQ,403,283,70.22
20,865,GLAND,EQ,415617,313990,75.55
20,866,GLAXO,EQ,131329,79479,60.52
20,867,GLENMARK,EQ,662569,405790,61.24
20,868,GLOBAL,EQ,123033,67853,55.15
20,869,GLOBALPET,SM,16500,13500,81.82
20,870,GLOBUSSPR,EQ,174954,80246,45.87
20,871,GLOSTERLTD,EQ,27162,18879,69.51
20,872,GLS,EQ,197270,120626,61.15
20,873,GMBREW,EQ,36461,20911,57.35
20,874,GMDCLTD,EQ,697754,280819,40.25
20,875,GMMPFAUDLR,EQ,6564312,635688,9.68
20,876,GMRINFRA,EQ,60839359,26456347,43.49
20,877,GMRP&UI,EQ,6213454,3213451,51.72
20,878,GNA,EQ,46766,26853,57.42
20,879,GNFC,EQ,774032,309827,40.03
20,880,GOACARBON,EQ,73466,25359,34.52
20,881,GOCLCORP,EQ,144633,65711,45.43
20,882,GOCOLORS,EQ,12651,6582,52.03
20,883,GODFRYPHLP,EQ,80384,26755,33.28
20,884,GODIGIT,EQ,813788,366761,45.07
20,885,GODREJAGRO,EQ,164231,71747,43.69
20,886,GODREJCP,EQ,578675,257950,44.58
20,887,GODREJIND,EQ,267206,78465,29.36
20,888,GODREJPROP,EQ,222426,105752,47.54
20,889,GOKEX,EQ,97249,52531,54.02
20,890,GOKUL,EQ,543752,296824,54.59
20,891,GOKULAGRO,EQ,246495,92439,37.50
20,892,GOLD1,EQ,927903,895606,96.52
20,893,GOLDBEES,EQ,6942624,5333705,76.83
20,894,GOLDCASE,EQ,244972,231448,94.48
20,895,GOLDETF,EQ,168100,128217,76.27
20,896,GOLDETFADD,EQ,1110326,1108545,99.84
20,897,GOLDIAM,EQ,5050030,1294622,25.64
20,898,GOLDIETF,EQ,2192106,1932437,88.15
20,899,GOLDKART,ST,2500,2500,100.00
20,900,GOLDSHARE,EQ,62397,44559,71.41
20,901,GOLDSTAR,SM,270000,202500,75.00
20,902,GOLDTECH,EQ,119191,78886,66.18
20,903,GOODLUCK,EQ,1273158,512203,40.23
20,904,GOPAL,EQ,229176,150855,65.82
20,905,GOYALALUM,EQ,486959,290313,59.62
20,906,GOYALSALT,SM,28800,22200,77.08
20,907,GPECO,SM,206400,120000,58.14
20,908,GPIL,EQ,570017,328273,57.59
20,909,GPPL,EQ,1601937,811367,50.65
20,910,GPTHEALTH,EQ,545079,238804,43.81
20,911,GRANULES,EQ,6017912,2688600,44.68
20,912,GRAPHISAD,SM,12000,9600,80.00
20,913,GRAPHITE,EQ,420912,202454,48.10
20,914,GRASIM,EQ,981745,704638,71.77
20,915,GRASIMPP1,E1,18345,9793,53.38
20,916,GRAVITA,EQ,503815,128060,25.42
20,917,GREAVESCOT,EQ,2291377,942530,41.13
20,918,GREENCHEF,SM,41600,27200,65.38
20,919,GREENLAM,EQ,17448,9578,54.89
20,920,GREENPANEL,EQ,407221,226432,55.60
20,921,GREENPLY,EQ,300793,162064,53.88
20,922,GREENPOWER,EQ,5976556,2877854,48.15
20,923,GRETEX,ST,3000,3000,100.00
20,924,GRINDWELL,EQ,156827,138634,88.40
20,925,GRINFRA,EQ,21554,13131,60.92
20,926,GRMOVER,EQ,611715,224236,36.66
20,927,GROBTEA,EQ,954,525,55.03
20,928,GROWWEV,EQ,2547663,1985246,77.92
20,929,GRSE,EQ,646857,219964,34.01
20,930,GRWRHITECH,EQ,85086,62832,73.85
20,931,GSEC10ABSL,EQ,166,116,69.88
20,932,GSEC10IETF,EQ,3455,2451,70.94
20,933,GSEC10YEAR,EQ,43525,23191,53.28
20,934,GSEC5IETF,EQ,410,185,45.12
20,935,GSFC,EQ,1558373,750517,48.16
20,936,GSLSU,EQ,938959,331946,35.35
20,937,GSMFOILS,ST,64000,64000,100.00
20,938,GSPL,EQ,9683465,2420253,24.99
20,939,GSTL,ST,396000,383000,96.72
20,940,GTL,EQ,1065225,608559,57.13
20,941,GTLINFRA,EQ,88559770,45006430,50.82
20,942,GTPL,EQ,41595,22285,53.58
20,943,GUFICBIO,EQ,509065,209847,41.22
20,944,GUJALKALI,EQ,31675,15593,49.23
20,945,GUJAPOLLO,EQ,118436,68256,57.63
20,946,GUJGASLTD,EQ,1037391,672025,64.78
20,947,GUJRAFFIA,EQ,3343,1386,41.46
20,948,GULFOILLUB,EQ,131882,51538,39.08
20,949,GULFPETRO,EQ,1217736,450857,37.02
20,950,GULPOLY,EQ,3791821,1271427,33.53
20,951,GVPTECH,EQ,37151,25876,69.65
20,952,HAL,EQ,798611,371970,46.58
20,953,HAPPSTMNDS,EQ,1256177,477989,38.05
20,954,HAPPYFORGE,EQ,16504,8673,52.55
20,955,HARDWYN,EQ,169836,108784,64.05
20,956,HARIOMPIPE,EQ,153942,68925,44.77
20,957,HARRMALAYA,EQ,41358,20534,49.65
20,958,HARSHA,EQ,63250,37381,59.10
20,959,HATHWAY,EQ,5164755,2394180,46.36
20,960,HATSUN,EQ,37932,22531,59.40
20,961,HAVELLS,EQ,766452,429443,56.03
20,962,HAVISHA,EQ,46546,39462,84.78
20,963,HBLPOWER,EQ,1621498,705671,43.52
20,964,HCC,EQ,22970439,7780758,33.87
20,965,HCG,EQ,207588,126553,60.96
20,966,HCL-INSYS,EQ,424810,250544,58.98
20,967,HCLTECH,EQ,2516461,1368577,54.38
20,968,HDFCAMC,EQ,138783,61251,44.13
20,969,HDFCBANK,EQ,13460594,8541633,63.46
20,970,HDFCBSE500,EQ,62595,52942,84.58
20,971,HDFCGOLD,EQ,1010553,683946,67.68
20,972,HDFCGROWTH,EQ,16299,9731,59.70
20,973,HDFCLIFE,EQ,2995930,1680489,56.09
20,974,HDFCLIQUID,EQ,2220,1664,74.95
20,975,HDFCLOWVOL,EQ,28864,20455,70.87
20,976,HDFCMID150,EQ,183811,121436,66.07
20,977,HDFCMOMENT,EQ,246972,158805,64.30
20,978,HDFCNEXT50,EQ,25718,17539,68.20
20,979,HDFCNIF100,EQ,43212,31094,71.96
20,980,HDFCNIFBAN,EQ,97780,82629,84.51
20,981,HDFCNIFIT,EQ,68934,51827,75.18
20,982,HDFCNIFTY,EQ,24203,18566,76.71
20,983,HDFCPSUBK,EQ,54481,50532,92.75
20,984,HDFCPVTBAN,EQ,439123,432160,98.41
20,985,HDFCQUAL,EQ,14229,10553,74.17
20,986,HDFCSENSEX,EQ,13957,13114,93.96
20,987,HDFCSILVER,EQ,720446,624278,86.65
20,988,HDFCSML250,EQ,343064,253448,73.88
20,989,HDFCVALUE,EQ,11401,8154,71.52
20,990,HEADSUP,EQ,805964,480713,59.64
20,991,HEALTHADD,EQ,550,375,68.18
20,992,HEALTHIETF,EQ,332384,291187,87.61
20,993,HEALTHY,EQ,588548,408843,69.47
20,994,HEG,EQ,60417,30161,49.92
20,995,HEIDELBERG,EQ,325523,223470,68.65
20,996,HEMIPROP,EQ,1403218,547442,39.01
20,997,HERANBA,EQ,2192214,494625,22.56
20,998,HERCULES,EQ,20190,13100,64.88
20,999,HERITGFOOD,EQ,418874,264077,63.04
20,1000,HEROMOTOCO,EQ,688591,374783,54.43
20,1001,HESTERBIO,EQ,6017,3073,51.07
20,1002,HEUBACHIND,EQ,128540,63677,49.54
20,1003,HEXATRADEX,EQ,72902,35725,49.00
20,1004,HFCL,EQ,17395873,5421866,31.17
20,1005,HGINFRA,EQ,163180,95878,58.76
20,1006,HGS,EQ,57137,33342,58.35
20,1007,HIGREEN,SM,53600,33600,62.69
20,1008,HIKAL,EQ,123952,57752,46.59
20,1009,HIL,EQ,30911,18460,59.72
20,1010,HILTON,EQ,186669,46186,24.74
20,1011,HIMATSEIDE,EQ,589214,297997,50.58
20,1012,HINDALCO,EQ,3599946,1969592,54.71
20,1013,HINDCOMPOS,EQ,9315,5017,53.86
20,1014,HINDCON,EQ,124854,65877,52.76
20,1015,HINDCOPPER,EQ,6307966,2429279,38.51
20,1016,HINDOILEXP,EQ,773404,373059,48.24
20,1017,HINDPETRO,EQ,6224089,2610345,41.94
20,1018,HINDUNILVR,EQ,1723549,1268547,73.60
20,1019,HINDWAREAP,EQ,83982,48718,58.01
20,1020,HINDZINC,EQ,3918470,2471682,63.08
20,1021,HIRECT,EQ,31240,22172,70.97
20,1022,HISARMETAL,EQ,1058,755,71.36
20,1023,HITECH,EQ,3182245,1147706,36.07
20,1024,HITECHCORP,EQ,7114,4071,57.23
20,1025,HITECHGEAR,EQ,22450,14111,62.86
20,1026,HLEGLAS,EQ,159061,76486,48.09
20,1027,HLVLTD,EQ,367964,204410,55.55
20,1028,HMAAGRO,EQ,745755,366337,49.12
20,1029,HMVL,EQ,29901,17199,57.52
20,1030,HNDFDS,EQ,99411,38128,38.35
20,1031,HNGSNGBEES,EQ,56240,39095,69.51
20,1032,HOACFOODS,SM,3000,3000,100.00
20,1033,HOLMARC,SM,4500,4500,100.00
20,1034,HOMEFIRST,EQ,188992,90833,48.06
20,1035,HOMESFY,SM,2700,2400,88.89
20,1036,HONASA,EQ,1170615,295762,25.27
20,1037,HONAUT,EQ,9967,7380,74.04
20,1038,HONDAPOWER,EQ,4959,2290,46.18
20,1039,HOVS,EQ,61460,33629,54.72
20,1040,HPAL,EQ,263289,114272,43.40
20,1041,HPIL,EQ,1402,631,45.01
20,1042,HPL,EQ,236438,114482,48.42
20,1043,HRHNEXT,SM,36000,30000,83.33
20,1044,HSCL,EQ,1283931,637391,49.64
20,1045,HTMEDIA,EQ,413695,126715,30.63
20,1046,HUDCO,EQ,38822559,5961386,15.36
20,1047,HUHTAMAKI,EQ,266637,151624,56.87
20,1048,IBLFL,SM,32000,26000,81.25
20,1049,ICCL25,NS,651,530,81.41
20,1050,ICEMAKE,EQ,12070,7260,60.15
20,1051,ICICIB22,EQ,646047,504829,78.14
20,1052,ICICIBANK,EQ,12291305,6070412,49.39
20,1053,ICICIGI,EQ,618057,381763,61.77
20,1054,ICICIPRULI,EQ,1750966,589575,33.67
20,1055,ICIL,EQ,324446,149564,46.10
20,1056,ICRA,EQ,1566,741,47.32
20,1057,IDBI,EQ,6731938,1980569,29.42
20,1058,IDEA,EQ,401712642,188815349,47.00
20,1059,IDEAFORGE,EQ,146309,73174,50.01
20,1060,IDEALTECHO,ST,476000,476000,100.00
20,1061,IDFC,EQ,4568911,2195463,48.05
20,1062,IDFCFIRSTB,EQ,19032559,6512766,34.22
20,1063,IDFNIFTYET,EQ,1355,1336,98.60
20,1064,IEL,EQ,1439606,1206199,83.79
20,1065,IEML,SM,8000,8000,100.00
20,1066,IEX,EQ,53994365,12920034,23.93
20,1067,IFBIND,EQ,103437,41342,39.97
20,1068,IFCI,EQ,120501533,20109414,16.69
20,1069,IFCIZC24,NI,110,110,100.00
20,1070,IFGLEXPOR,EQ,19848,11748,59.19
20,1071,IGARASHI,EQ,172954,69755,40.33
20,1072,IGL,EQ,1425394,863530,60.58
20,1073,IGPL,EQ,100184,40009,39.94
20,1074,IIFL,EQ,653104,380055,58.19
20,1075,IIFLHF29,NE,386,386,100.00
20,1076,IIFLSEC,EQ,624077,300186,48.10
20,1077,IIFLZC25B,NW,10,10,100.00
20,1078,IIFLZC25C,N8,54,32,59.26
20,1079,IIFLZC28,NG,100,100,100.00
20,1080,IIFLZC28B,Y1,252,252,100.00
20,1081,IKIO,EQ,134702,87145,64.69
20,1082,IMAGICAA,EQ,3829495,1824151,47.63
20,1083,IMC1,N0,215,215,100.00
20,1084,IMC1,N1,244,244,100.00
20,1085,IMC1,N2,18,18,100.00
20,1086,IMC1,N3,61,61,100.00
20,1087,IMFA,EQ,82469,63591,77.11
20,1088,IMPAL,EQ,12311,6428,52.21
20,1089,INDBANK,EQ,126575,66720,52.71
20,1090,INDGN,EQ,1206541,970668,80.45
20,1091,INDHOTEL,EQ,2994726,1887114,63.01
20,1092,INDIACEM,EQ,4738271,2067149,43.63
20,1093,INDIAGLYCO,EQ,448984,140993,31.40
20,1094,INDIAMART,EQ,553655,238800,43.13
20,1095,INDIANB,EQ,2199296,1245870,56.65
20,1096,INDIANCARD,EQ,7653,5443,71.12
20,1097,INDIANHUME,EQ,122677,52192,42.54
20,1098,INDIASHLTR,EQ,77413,45079,58.23
20,1099,INDIFRA,SM,64000,52000,81.25
20,1100,INDIGO,EQ,1955254,500898,25.62
20,1101,INDIGOPNTS,EQ,49174,16738,34.04
20,1102,INDIGRID,IV,851697,802306,94.20
20,1103,INDNIPPON,EQ,32099,16515,51.45
20,1104,INDOAMIN,EQ,303848,108537,35.72
20,1105,INDOBORAX,EQ,513610,216994,42.25
20,1106,INDOCO,EQ,115353,62146,53.87
20,1107,INDORAMA,EQ,137423,72436,52.71
20,1108,INDOSTAR,EQ,308869,189477,61.35
20,1109,INDOTHAI,EQ,140808,103965,73.83
20,1110,INDRAMEDCO,EQ,301840,161267,53.43
20,1111,INDSWFTLTD,EQ,76582,50319,65.71
20,1112,INDTERRAIN,EQ,47391,29150,61.51
20,1113,INDUSINDBK,EQ,6532773,3173451,48.58
20,1114,INDUSTOWER,EQ,15433839,7575419,49.08
20,1115,INFIBEAM,EQ,22621302,8944784,39.54
20,1116,INFINIUM,SM,7500,5500,73.33
20,1117,INFOBEAN,EQ,46915,23421,49.92
20,1118,INFOLLION,ST,1600,1600,100.00
20,1119,INFRABEES,EQ,7858,4024,51.21
20,1120,INFRAIETF,EQ,94532,59732,63.19
20,1121,INFY,EQ,6514531,3559202,54.63
20,1122,INGERRAND,EQ,9382,6939,73.96
20,1123,INM,SM,6600,6000,90.91
20,1124,INNOVACAP,EQ,62364,29871,47.90
20,1125,INNOVANA,SM,6200,5800,93.55
20,1126,INOXGREEN,EQ,3587056,1217519,33.94
20,1127,INOXINDIA,EQ,218695,177615,81.22
20,1128,INOXWIND,EQ,17304407,5305533,30.66
20,1129,INSECTICID,EQ,1405117,209352,14.90
20,1130,INSPIRE,SM,8000,4000,50.00
20,1131,INTELLECT,EQ,955105,124660,13.05
20,1132,INTERARCH,EQ,536319,306272,57.11
20,1133,INTLCONV,EQ,182689,82060,44.92
20,1134,INVENTURE,EQ,82593983,19280954,23.34
20,1135,IOB,EQ,5856807,2064862,35.26
20,1136,IOC,EQ,14449023,4984179,34.49
20,1137,IOLCP,EQ,290511,137426,47.30
20,1138,IONEXCHANG,EQ,497209,253068,50.90
20,1139,IPCALAB,EQ,514593,267574,52.00
20,1140,IPL,EQ,2119722,941573,44.42
20,1141,IRB,EQ,19914036,10484235,52.65
20,1142,IRBINVIT,IV,141488,135492,95.76
20,1143,IRCON,EQ,3340343,1174533,35.16
20,1144,IRCTC,EQ,1063625,431447,40.56
20,1145,IREDA,EQ,10585106,3188836,30.13
20,1146,IRFC,EQ,13132709,4555342,34.69
20,1147,IRISDOREME,EQ,224836,105557,46.95
20,1148,IRMENERGY,EQ,119155,85594,71.83
20,1149,ISEC,EQ,181464,107297,59.13
20,1150,ISFT,EQ,365875,163697,44.74
20,1151,ISGEC,EQ,52929,18086,34.17
20,1152,ISHAN,ST,912000,912000,100.00
20,1153,IT,EQ,114769,95641,83.33
20,1154,ITALIANE,SM,48000,42000,87.50
20,1155,ITBEES,EQ,13510024,9100497,67.36
20,1156,ITC,EQ,7782216,4509402,57.94
20,1157,ITDC,EQ,33698,14082,41.79
20,1158,ITDCEM,EQ,1004508,392584,39.08
20,1159,ITETF,EQ,409494,352094,85.98
20,1160,ITETFADD,EQ,48731,42864,87.96
20,1161,ITI,EQ,833063,231564,27.80
20,1162,ITIETF,EQ,2103661,1742162,82.82
20,1163,IVZINGOLD,EQ,67,56,83.58
20,1164,IVZINNIFTY,EQ,57,23,40.35
20,1165,IXIGO,EQ,787873,392136,49.77
20,1166,JAGRAN,EQ,746969,359143,48.08
20,1167,JAGSNPHARM,EQ,114172,46834,41.02
20,1168,JAICORPLTD,EQ,1440981,467137,32.42
20,1169,JAINAM,SM,2000,2000,100.00
20,1170,JAIPURKURT,EQ,77175,43330,56.15
20,1171,JALAN,SM,309000,264000,85.44
20,1172,JAMNAAUTO,EQ,5599040,2777996,49.62
20,1173,JASH,EQ,24549,13692,55.77
20,1174,JAYAGROGN,EQ,135751,31560,23.25
20,1175,JAYBARMARU,EQ,398765,211688,53.09
20,1176,JAYNECOIND,EQ,450605,262061,58.16
20,1177,JAYSREETEA,EQ,214476,109518,51.06
20,1178,JBCHEPHARM,EQ,272889,187420,68.68
20,1179,JBMA,EQ,620719,93176,15.01
20,1180,JCHAC,EQ,18786,11349,60.41
20,1181,JETFREIGHT,EQ,1943318,804141,41.38
20,1182,JFLLIFE,ST,10000,10000,100.00
20,1183,JGCHEM,EQ,433754,147327,33.97
20,1184,JHS,EQ,954362,634738,66.51
20,1185,JINDALPHOT,EQ,44138,12397,28.09
20,1186,JINDALPOLY,EQ,174742,64347,36.82
20,1187,JINDALSAW,EQ,962568,483639,50.24
20,1188,JINDALSTEL,EQ,914225,413549,45.23
20,1189,JINDRILL,EQ,22562,14298,63.37
20,1190,JINDWORLD,EQ,134567,86189,64.05
20,1191,JIOFIN,EQ,21470187,9868921,45.97
20,1192,JISLDVREQS,EQ,134526,100246,74.52
20,1193,JISLJALEQS,EQ,3789389,1518986,40.09
20,1194,JITFINFRA,EQ,26406,13035,49.36
20,1195,JIWANRAM,SM,18000,18000,100.00
20,1196,J&KBANK,EQ,1588885,794818,50.02
20,1197,JKCEMENT,EQ,175302,90628,51.70
20,1198,JKIL,EQ,120885,68309,56.51
20,1199,JKLAKSHMI,EQ,104888,50570,48.21
20,1200,JKPAPER,EQ,270234,130669,48.35
20,1201,JKTYRE,EQ,498872,264754,53.07
20,1202,JLHL,EQ,13383,5437,40.63
20,1203,JMA,EQ,102453,70400,68.71
20,1204,JMFINANCIL,EQ,6510608,2766957,42.50
20,1205,JOCIL,EQ,11966,7258,60.66
20,1206,JPOLYINVST,EQ,53155,23244,43.73
20,1207,JPPOWER,EQ,21066196,12111823,57.49
20,1208,JSFB,EQ,457596,199482,43.59
20,1209,JSL,EQ,427806,235766,55.11
20,1210,JSLL,SM,8280,7020,84.78
20,1211,JSWENERGY,EQ,1830363,856830,46.81
20,1212,JSWHL,EQ,6867,2634,38.36
20,1213,JSWINFRA,EQ,2838514,1187413,41.83
20,1214,JSWSTEEL,EQ,2285575,1194310,52.25
20,1215,JTEKTINDIA,EQ,308889,185359,60.01
20,1216,JTLIND,EQ,1484531,791189,53.30
20,1217,JUBLFOOD,EQ,2032356,1037865,51.07
20,1218,JUBLINDS,EQ,11121,6944,62.44
20,1219,JUBLINGREA,EQ,438636,161448,36.81
20,1220,JUBLPHARMA,EQ,273830,119788,43.75
20,1221,JUNIORBEES,EQ,158950,84156,52.94
20,1222,JUNIPER,EQ,48213,25095,52.05
20,1223,JUSTDIAL,EQ,233410,104245,44.66
20,1224,JWL,EQ,554856,362993,65.42
20,1225,JYOTHYLAB,EQ,853216,384042,45.01
20,1226,JYOTICNC,EQ,210437,122858,58.38
20,1227,JYOTISTRUC,EQ,5996750,3040798,50.71
20,1228,K2INFRA,ST,82800,79200,95.65
20,1229,KABRAEXTRU,EQ,83593,27706,33.14
20,1230,KAJARIACER,EQ,69115,37430,54.16
20,1231,KAKATCEM,EQ,20881,12797,61.29
20,1232,KALAMANDIR,EQ,489316,249494,50.99
20,1233,KALYANKJIL,EQ,3634480,1176141,32.36
20,1234,KAMATHOTEL,EQ,33492,17668,52.75
20,1235,KAMDHENU,EQ,478215,164070,34.31
20,1236,KAMOPAINTS,EQ,13761365,3948399,28.69
20,1237,KANANIIND,EQ,704735,524234,74.39
20,1238,KANDARP,SM,40000,16000,40.00
20,1239,KANORICHEM,EQ,468402,161384,34.45
20,1240,KANPRPLA,EQ,33605,18910,56.27
20,1241,KANSAINER,EQ,582214,426300,73.22
20,1242,KARNIKA,SM,8000,6800,85.00
20,1243,KARURVYSYA,EQ,764895,375622,49.11
20,1244,KATARIA,SM,96000,61200,63.75
20,1245,KAYNES,EQ,216970,109789,50.60
20,1246,KCEIL,ST,36000,36000,100.00
20,1247,KCK,SM,8000,8000,100.00
20,1248,KCP,EQ,393235,199962,50.85
20,1249,KCPSUGIND,EQ,3649656,1622996,44.47
20,1250,KDDL,EQ,16028,7745,48.32
20,1251,KDL,ST,4500,4500,100.00
20,1252,KEC,EQ,259844,113999,43.87
20,1253,KECL,EQ,192161,91608,47.67
20,1254,KEI,EQ,80855,39294,48.60
20,1255,KEL,SM,70800,48000,67.80
20,1256,KELLTONTEC,EQ,1224776,455781,37.21
20,1257,KERNEX,EQ,256081,115505,45.10
20,1258,KESORAMIND,EQ,3390945,3020107,89.06
20,1259,KEYFINSERV,EQ,7357,4290,58.31
20,1260,KFINTECH,EQ,2329363,570791,24.50
20,1261,KHADIM,EQ,19236,12586,65.43
20,1262,KHAICHEM,EQ,6906660,1942545,28.13
20,1263,KHANDSE,EQ,208163,114496,55.00
20,1264,KHFM,SM,127100,108500,85.37
20,1265,KILITCH,EQ,4956,3117,62.89
20,1266,KIMS,EQ,70124,34495,49.19
20,1267,KINGFA,EQ,11156,4864,43.60
20,1268,KIOCL,EQ,44890,24089,53.66
20,1269,KIRIINDUS,EQ,1965087,662166,33.70
20,1270,KIRLOSBROS,EQ,121123,73718,60.86
20,1271,KIRLOSENG,EQ,78777,38090,48.35
20,1272,KIRLOSIND,EQ,1115,545,48.88
20,1273,KIRLPNU,EQ,34773,20662,59.42
20,1274,KITEX,EQ,479926,166682,34.73
20,1275,KKCL,EQ,22794,12033,52.79
20,1276,KKVAPOW,SM,156,156,100.00
20,1277,KLL,SM,57600,44800,77.78
20,1278,KNAGRI,ST,16800,16000,95.24
20,1279,KNRCON,EQ,623545,304459,48.83
20,1280,KODYTECH,SM,4500,3700,82.22
20,1281,KOHINOOR,EQ,55874,28646,51.27
20,1282,KOKUYOCMLN,EQ,455978,190776,41.84
20,1283,KOLTEPATIL,EQ,826743,415431,50.25
20,1284,KONSTELEC,SM,253000,204000,80.63
20,1285,KONTOR,SM,19200,14400,75.00
20,1286,KOPRAN,EQ,435789,206916,47.48
20,1287,KORE,ST,6000,5500,91.67
20,1288,KOTAKBANK,EQ,4280796,2348763,54.87
20,1289,KOTARISUG,EQ,208467,63751,30.58
20,1290,KOTHARIPET,EQ,626055,165484,26.43
20,1291,KOTYARK,SM,14100,9700,68.79
20,1292,KPIL,EQ,129786,67898,52.32
20,1293,KPITTECH,EQ,1230446,384815,31.27
20,1294,KPRMILL,EQ,131918,64363,48.79
20,1295,KRBL,EQ,1024584,442763,43.21
20,1296,KRISHANA,EQ,53025,20475,38.61
20,1297,KRISHCA,ST,68000,67000,98.53
20,1298,KRISHNADEF,ST,107500,95500,88.84
20,1299,KRITI,EQ,71950,42616,59.23
20,1300,KRITIKA,EQ,890377,763186,85.71
20,1301,KRONOX,EQ,4851636,1431123,29.50
20,1302,KRSNAA,EQ,44318,24607,55.52
20,1303,KRYSTAL,EQ,374466,185382,49.51
20,1304,KSB,EQ,67541,30883,45.72
20,1305,KSCL,EQ,172103,67767,39.38
20,1306,KSL,EQ,41180,23909,58.06
20,1307,KSOLVES,EQ,52063,19113,36.71
20,1308,KTKBANK,EQ,1542765,1112929,72.14
20,1309,KTL,SM,180000,132000,73.33
20,1310,KUANTUM,EQ,279135,61227,21.93
20,1311,LAGNAM,EQ,24263,12497,51.51
20,1312,LAL,EQ,132272,85934,64.97
20,1313,LALPATHLAB,EQ,162145,56381,34.77
20,1314,LAMBODHARA,EQ,36071,17946,49.75
20,1315,LANCORHOL,EQ,41456,19676,47.46
20,1316,LANDMARK,EQ,136010,82630,60.75
20,1317,LAOPALA,EQ,65255,38989,59.75
20,1318,LASA,EQ,507996,292037,57.49
20,1319,LATENTVIEW,EQ,343664,234397,68.21
20,1320,LAURUSLABS,EQ,2844798,1297897,45.62
20,1321,LAWSIKHO,SM,154500,85000,55.02
20,1322,LAXMICOT,EQ,279163,108794,38.97
20,1323,LAXMIMACH,EQ,4631,2875,62.08
20,1324,LEMERITE,SM,52800,36800,69.70
20,1325,LEMONTREE,EQ,3151542,1860456,59.03
20,1326,LEXUS,EQ,32520,20707,63.67
20,1327,LFIC,EQ,8500,2502,29.44
20,1328,LGBBROSLTD,EQ,49907,34736,69.60
20,1329,LIBAS,EQ,144200,102998,71.43
20,1330,LICHSGFIN,EQ,2289104,1094654,47.82
20,1331,LICI,EQ,1481538,632543,42.70
20,1332,LICMFGOLD,EQ,218,174,79.82
20,1333,LICNETFGSC,EQ,23694,21079,88.96
20,1334,LICNETFN50,EQ,620,368,59.35
20,1335,LICNETFSEN,EQ,61,55,90.16
20,1336,LICNFNHGP,EQ,1202,598,49.75
20,1337,LICNMID100,EQ,7635,4711,61.70
20,1338,LIKHITHA,EQ,558270,176745,31.66
20,1339,LINC,EQ,326911,132850,40.64
20,1340,LINCOLN,EQ,79302,47206,59.53
20,1341,LINDEINDIA,EQ,36188,16520,45.65
20,1342,LIQUID,EQ,200198,55429,27.69
20,1343,LIQUID1,EQ,92552,71083,76.80
20,1344,LIQUIDADD,EQ,381501,299785,78.58
20,1345,LIQUIDBEES,EQ,2902776,2373893,81.78
20,1346,LIQUIDBETF,EQ,400,200,50.00
20,1347,LIQUIDCASE,EQ,9884890,9474124,95.84
20,1348,LIQUIDETF,EQ,122333,80285,65.63
20,1349,LIQUIDIETF,EQ,418117,222211,53.15
20,1350,LIQUIDSBI,EQ,14865,10982,73.88
20,1351,LIQUIDSHRI,EQ,1464,809,55.26
20,1352,LLOYDS,SM,14000,13000,92.86
20,1353,LLOYDSENGG,EQ,1897645,859339,45.28
20,1354,LLOYDSME,EQ,450995,240819,53.40
20,1355,LODHA,EQ,686481,304246,44.32
20,1356,LOKESHMACH,EQ,38795,26009,67.04
20,1357,LORDSCHLO,EQ,88898,48502,54.56
20,1358,LOTUSEYE,EQ,85998,44479,51.72
20,1359,LOVABLE,EQ,146035,75453,51.67
20,1360,LOWVOL,EQ,668,433,64.82
20,1361,LOWVOL1,EQ,20077,17350,86.42
20,1362,LOWVOLIETF,EQ,8287966,7948647,95.91
20,1363,LOYALTEX,EQ,7583,4400,58.02
20,1364,LRRPL,ST,144000,138000,95.83
20,1365,LT,EQ,1278175,776094,60.72
20,1366,LTF,EQ,7706210,3000403,38.93
20,1367,LTFOODS,EQ,530548,235604,44.41
20,1368,LTGILTBEES,EQ,3309844,3223582,97.39
20,1369,LTIM,EQ,3580339,775777,21.67
20,1370,LTTS,EQ,566444,124164,21.92
20,1371,LUMAXIND,EQ,18082,11654,64.45
20,1372,LUMAXTECH,EQ,55627,32561,58.53
20,1373,LUPIN,EQ,1631938,695560,42.62
20,1374,LUXIND,EQ,195320,72943,37.35
20,1375,LXCHEM,EQ,8060617,2928513,36.33
20,1376,LYKALABS,EQ,282678,163705,57.91
20,1377,MAANALU,EQ,1211861,260566,21.50
20,1378,MACOBSTECH,SM,28800,24000,83.33
20,1379,MADHAV,EQ,32179,22295,69.28
20,1380,MADHAVBAUG,SM,13600,13200,97.06
20,1381,MADHUSUDAN,SM,28000,20000,71.43
20,1382,MADRASFERT,EQ,382682,144202,37.68
20,1383,MAFANG,EQ,375987,249183,66.27
20,1384,MAGADSUGAR,EQ,173896,41680,23.97
20,1385,MAGNUM,EQ,867810,285123,32.86
20,1386,MAGSON,SM,4000,4000,100.00
20,1387,MAHABANK,EQ,11397984,4939255,43.33
20,1388,MAHASTEEL,EQ,293083,133587,45.58
20,1389,MAHESHWARI,EQ,122735,56597,46.11
20,1390,MAHICKRA,SM,2250,1500,66.67
20,1391,MAHKTECH,EQ,999558,882574,88.30
20,1392,MAHLIFE,EQ,75354,38301,50.83
20,1393,MAHLOG,EQ,60673,32858,54.16
20,1394,MAHSCOOTER,EQ,25448,7067,27.77
20,1395,MAHSEAMLES,EQ,577981,329795,57.06
20,1396,MAITHANALL,EQ,230307,88314,38.35
20,1397,MAITREYA,ST,112000,106400,95.00
20,1398,MAKEINDIA,EQ,55814,48895,87.60
20,1399,MAKS,ST,1500,1500,100.00
20,1400,MAL,SM,123200,75200,61.04
20,1401,MALLCOM,EQ,24706,8174,33.09
20,1402,MALUPAPER,EQ,59068,30267,51.24
20,1403,MANAKSIA,EQ,138219,79311,57.38
20,1404,MANAKSTEEL,EQ,162367,63770,39.28
20,1405,MANALIPETC,EQ,717136,344544,48.04
20,1406,MANAPPURAM,EQ,5939536,1537451,25.89
20,1407,MANAV,SM,16000,16000,100.00
20,1408,MANCREDIT,EQ,31011,8920,28.76
20,1409,MANDEEP,ST,20000,16000,80.00
20,1410,MANGALAM,EQ,111101,52506,47.26
20,1411,MANGCHEFER,EQ,240473,94878,39.45
20,1412,MANGLMCEM,EQ,149375,92366,61.83
20,1413,MANINDS,EQ,180125,123713,68.68
20,1414,MANINFRA,EQ,300350,134752,44.86
20,1415,MANKIND,EQ,305337,168175,55.08
20,1416,MANORAMA,EQ,38361,22094,57.59
20,1417,MANORG,EQ,9495,5145,54.19
20,1418,MANUGRAPH,EQ,137273,68904,50.19
20,1419,MANYAVAR,EQ,235074,141471,60.18
20,1420,MAPMYINDIA,EQ,378005,97086,25.68
20,1421,MARALOVER,EQ,89760,45469,50.66
20,1422,MARATHON,EQ,115206,87752,76.17
20,1423,MARCO,SM,123000,75000,60.98
20,1424,MARICO,EQ,2436997,1566079,64.26
20,1425,MARINETRAN,SM,12000,12000,100.00
20,1426,MARKSANS,EQ,2560388,1210442,47.28
20,1427,MARSHALL,EQ,307791,153665,49.93
20,1428,MARUTI,EQ,313227,165685,52.90
20,1429,MASFIN,EQ,182571,107668,58.97
20,1430,MASON,SM,430000,232000,53.95
20,1431,MASPTOP50,EQ,87629,65991,75.31
20,1432,MASTEK,EQ,241076,96507,40.03
20,1433,MASTER,ST,2000,2000,100.00
20,1434,MATRIMONY,EQ,44266,13725,31.01
20,1435,MAWANASUG,EQ,349109,129953,37.22
20,1436,MAXESTATES,EQ,232003,146232,63.03
20,1437,MAXHEALTH,EQ,2209821,1481340,67.03
20,1438,MAXIND,EQ,98700,46103,46.71
20,1439,MAXPOSURE,SM,170000,102000,60.00
20,1440,MAYURUNIQ,EQ,84090,42786,50.88
20,1441,MAZDA,EQ,8822,3157,35.79
20,1442,MAZDOCK,EQ,1639602,263050,16.04
20,1443,MBAPL,EQ,34963,17127,48.99
20,1444,MCL,EQ,128765,77732,60.37
20,1445,MCLEODRUSS,EQ,1086863,664742,61.16
20,1446,MCON,ST,29000,29000,100.00
20,1447,MCX,EQ,658881,174373,26.47
20,1448,MDL,SM,12000,10000,83.33
20,1449,MEDANTA,EQ,578207,414727,71.73
20,1450,MEDIASSIST,EQ,430900,270397,62.75
20,1451,MEDICAMEQ,EQ,7250,4099,56.54
20,1452,MEDIORG,SM,16000,12000,75.00
20,1453,MEDPLUS,EQ,1172384,414085,35.32
20,1454,MEGAFLEX,SM,9000,9000,100.00
20,1455,MEGASOFT,EQ,1403595,585644,41.72
20,1456,MEGASTAR,EQ,3446,2378,69.01
20,1457,MEGATHERM,ST,35200,32400,92.05
20,1458,MENONBE,EQ,59866,27382,45.74
20,1459,METALIETF,EQ,2347596,1239062,52.78
20,1460,METROBRAND,EQ,85698,37525,43.79
20,1461,METROPOLIS,EQ,142579,30237,21.21
20,1462,MFSL,EQ,1286899,1000895,77.78
20,1463,MGL,EQ,217542,91137,41.89
20,1464,MHHL,SM,6000,6000,100.00
20,1465,MHLXMIRU,EQ,22765,15001,65.90
20,1466,MHRIL,EQ,84529,46655,55.19
20,1467,MICROPRO,SM,30400,25600,84.21
20,1468,MID150BEES,EQ,243244,137020,56.33
20,1469,MID150CASE,EQ,219513,199037,90.67
20,1470,MIDCAP,EQ,25762,14505,56.30
20,1471,MIDCAPETF,EQ,926779,748048,80.71
20,1472,MIDCAPIETF,EQ,783685,650978,83.07
20,1473,MIDHANI,EQ,377297,202882,53.77
20,1474,MIDQ50ADD,EQ,15990,15045,94.09
20,1475,MIDSELIETF,EQ,301191,216785,71.98
20,1476,MIDSMALL,EQ,213965,147853,69.10
20,1477,MIEL,SM,156000,110000,70.51
20,1478,MILTON,SM,8800,8800,100.00
20,1479,MINDACORP,EQ,663452,178128,26.85
20,1480,MINDSPACE,RR,846563,670480,79.20
20,1481,MIRZAINT,EQ,236423,137155,58.01
20,1482,MITCON,EQ,44750,36034,80.52
20,1483,MITCONPP,E1,4514,4508,99.87
20,1484,MITTAL,EQ,799868,566889,70.87
20,1485,M&M,EQ,1851275,940852,50.82
20,1486,M&MFIN,EQ,3048980,1430871,46.93
20,1487,MMFL,EQ,81093,44283,54.61
20,1488,MMP,EQ,92304,40131,43.48
20,1489,MMTC,EQ,11194770,2526767,22.57
20,1490,MNC,EQ,183997,165075,89.72
20,1491,MODEFENCE,EQ,46152,44155,95.67
20,1492,MODIRUBBER,EQ,30769,21229,68.99
20,1493,MODISONLTD,EQ,250287,89609,35.80
20,1494,MOGSEC,EQ,1264,998,78.96
20,1495,MOHEALTH,EQ,38109,30739,80.66
20,1496,MOIL,EQ,835789,377527,45.17
20,1497,MOKSH,EQ,345976,221398,63.99
20,1498,MOL,EQ,2612653,943132,36.10
20,1499,MOLDTECH,EQ,537606,169341,31.50
20,1500,MOLDTKPAC,EQ,63792,37266,58.42
20,1501,MOLOWVOL,EQ,24907,23872,95.84
20,1502,MOM100,EQ,2526279,2424327,95.96
20,1503,MOM30IETF,EQ,836797,576763,68.93
20,1504,MOM50,EQ,1471,1086,73.83
20,1505,MOMENTUM,EQ,116409,111669,95.93
20,1506,MOMOMENTUM,EQ,302223,277432,91.80
20,1507,MON100,EQ,432947,272013,62.83
20,1508,MONARCH,EQ,135023,76813,56.89
20,1509,MONIFTY500,EQ,303050,277338,91.52
20,1510,MONOPHARMA,SM,8000,8000,100.00
20,1511,MONQ50,EQ,72546,41655,57.42
20,1512,MONTECARLO,EQ,49832,24974,50.12
20,1513,MOQUALITY,EQ,4383,2861,65.27
20,1514,MOREALTY,EQ,77027,48106,62.45
20,1515,MOREPENLAB,EQ,15383544,5189836,33.74
20,1516,MOS,SM,792800,632800,79.82
20,1517,MOSMALL250,EQ,26022602,25961856,99.77
20,1518,MOTHERSON,EQ,8813851,5139607,58.31
20,1519,MOTILALOFS,EQ,1173835,528504,45.02
20,1520,MOTISONS,EQ,451033,218197,48.38
20,1521,MOTOGENFIN,EQ,38287,30556,79.81
20,1522,MOVALUE,EQ,94035,65989,70.17
20,1523,MOXSH,ST,2400,2400,100.00
20,1524,MPHASIS,EQ,1186290,686902,57.90
20,1525,MPSLTD,EQ,17925,10058,56.11
20,1526,MPTODAY,SM,2000,2000,100.00
20,1527,MRF,EQ,6441,2872,44.59
20,1528,MRO-TEK,EQ,147032,90380,61.47
20,1529,MRPL,EQ,2455446,722379,29.42
20,1530,MSPL,EQ,1471085,908798,61.78
20,1531,MSTCLTD,EQ,368793,186086,50.46
20,1532,MSUMI,EQ,6479523,4659971,71.92
20,1533,MTARTECH,EQ,103379,46561,45.04
20,1534,MTNL,EQ,6841300,2641831,38.62
20,1535,MUFIN,EQ,59116,35559,60.15
20,1536,MUFTI,EQ,330508,178705,54.07
20,1537,MUKANDLTD,EQ,168993,107240,63.46
20,1538,MUKKA,EQ,1831724,1395114,76.16
20,1539,MUKTAARTS,EQ,51830,28838,55.64
20,1540,MUNJALAU,EQ,1100767,361993,32.89
20,1541,MUNJALSHOW,EQ,1291636,413893,32.04
20,1542,MURUDCERA,EQ,194065,92542,47.69
20,1543,MUTHOOTCAP,EQ,72299,53623,74.17
20,1544,MUTHOOTFIN,EQ,383583,152836,39.84
20,1545,MUTHOOTMF,EQ,216476,117845,54.44
20,1546,MVGJL,EQ,426091,229431,53.85
20,1547,MVKAGRO,SM,26400,20400,77.27
20,1548,MWL,SM,36000,36000,100.00
20,1549,NACLIND,EQ,728750,447423,61.40
20,1550,NAGAFERT,EQ,902556,542183,60.07
20,1551,NAHARCAP,EQ,315586,122660,38.87
20,1552,NAHARINDUS,EQ,394417,187328,47.49
20,1553,NAHARSPING,EQ,172606,68216,39.52
20,1554,NAMAN,SM,65600,46400,70.73
20,1555,NAM-INDIA,EQ,454975,213799,46.99
20,1556,NATCOPHARM,EQ,569849,346126,60.74
20,1557,NATIONALUM,EQ,10861210,4752363,43.76
20,1558,NAUKRI,EQ,242400,108802,44.89
20,1559,NAVA,EQ,170089,72437,42.59
20,1560,NAVINFLUOR,EQ,208936,123966,59.33
20,1561,NAVINIFTY,EQ,1020,607,59.51
20,1562,NAVKARCORP,EQ,1284725,536845,41.79
20,1563,NAVNETEDUL,EQ,173972,79499,45.70
20,1564,NAZARA,EQ,868088,454937,52.41
20,1565,NBCC,EQ,297366291,53013433,17.83
20,1566,NCC,EQ,2412917,1271900,52.71
20,1567,NCLIND,EQ,209577,129887,61.98
20,1568,NDL,EQ,321835,175297,54.47
20,1569,NDLVENTURE,EQ,6483,4135,63.78
20,1570,NDRAUTO,EQ,31494,13290,42.20
20,1571,NDTV,EQ,107219,63771,59.48
20,1572,NECLIFE,EQ,2957894,1141037,38.58
20,1573,NELCAST,EQ,132010,65538,49.65
20,1574,NELCO,EQ,516879,169265,32.75
20,1575,NEOGEN,EQ,32892,17474,53.13
20,1576,NEPHROCARE,SM,30400,30400,100.00
20,1577,NESCO,EQ,40204,16911,42.06
20,1578,NESTLEIND,EQ,565161,361069,63.89
20,1579,NETF,EQ,3824,3438,89.91
20,1580,NETWEB,EQ,90908,44662,49.13
20,1581,NETWORK18,EQ,4563104,1375984,30.15
20,1582,NEULANDLAB,EQ,28116,16467,58.57
20,1583,NEWGEN,EQ,109973,50557,45.97
20,1584,NEWJAISA,SM,27000,16500,61.11
20,1585,NEXT50,EQ,8185,7075,86.44
20,1586,NEXT50IETF,EQ,845356,601303,71.13
20,1587,NFL,EQ,2572786,575371,22.36
20,1588,NGIL,EQ,39386,17005,43.18
20,1589,NGLFINE,EQ,5270,2825,53.61
20,1590,NH,EQ,332938,182444,54.80
20,1591,NHPC,EQ,19336484,7866539,40.68
20,1592,NIACL,EQ,2017311,455812,22.60
20,1593,NIBL,EQ,127867,48259,37.74
20,1594,NIDAN,SM,9000,8000,88.89
20,1595,NIF100BEES,EQ,7671,5205,67.85
20,1596,NIF100IETF,EQ,135317,84639,62.55
20,1597,NIF10GETF,EQ,2259,1749,77.42
20,1598,NIF5GETF,EQ,85,85,100.00
20,1599,NIFITETF,EQ,1439,1372,95.34
20,1600,NIFMID150,EQ,548,319,58.21
20,1601,NIFTY1,EQ,27250,25382,93.14
20,1602,NIFTY50ADD,EQ,4300,3011,70.02
20,1603,NIFTYBEES,EQ,2895486,1994178,68.87
20,1604,NIFTYBETF,EQ,2437,2112,86.66
20,1605,NIFTYETF,EQ,203994,193479,94.85
20,1606,NIFTYIETF,EQ,167699,115777,69.04
20,1607,NIFTYQLITY,EQ,37622,30550,81.20
20,1608,NIITLTD,EQ,8462813,1778877,21.02
20,1609,NIITMTS,EQ,91731,49647,54.12
20,1610,NILAINFRA,EQ,1870331,1079679,57.73
20,1611,NILKAMAL,EQ,5946,3359,56.49
20,1612,NINSYS,EQ,29867,17044,57.07
20,1613,NIPPOBATRY,EQ,38304,22940,59.89
20,1614,NIRAJ,EQ,1490932,483984,32.46
20,1615,NIRMAN,ST,19800,17400,87.88
20,1616,NITCO,EQ,747126,520897,69.72
20,1617,NITINSPIN,EQ,242959,100103,41.20
20,1618,NITIRAJ,EQ,41601,35577,85.52
20,1619,NKIND,EQ,2203,1628,73.90
20,1620,NLCINDIA,EQ,1461835,655094,44.81
20,1621,NMDC,EQ,5284320,2766219,52.35
20,1622,NOCIL,EQ,364638,167686,45.99
20,1623,NORBTEAEXP,EQ,18633,18633,100.00
20,1624,NPBET,EQ,1110,1018,91.71
20,1625,NPST,SM,33800,25000,73.96
20,1626,NRAIL,EQ,1872,842,44.98
20,1627,NRBBEARING,EQ,204428,114528,56.02
20,1628,NRL,EQ,97850,57299,58.56
20,1629,NSIL,EQ,46183,17700,38.33
20,1630,NSLNISP,EQ,3577190,2016732,56.38
20,1631,NTPC,EQ,15884745,10650330,67.05
20,1632,NUCLEUS,EQ,66789,36802,55.10
20,1633,NURECA,EQ,42903,21854,50.94
20,1634,NUVAMA,EQ,97925,50633,51.71
20,1635,NUVOCO,EQ,89492,47574,53.16
20,1636,NV20,EQ,23055,15430,66.93
20,1637,NV20BEES,EQ,13326,9133,68.54
20,1638,NV20IETF,EQ,504116,344494,68.34
20,1639,NXST,RR,508758,422244,83.00
20,1640,NYKAA,EQ,17509247,6746769,38.53
20,1641,OAL,EQ,75939,24709,32.54
20,1642,OBCL,EQ,71059,30655,43.14
20,1643,OBEROIRLTY,EQ,217943,103165,47.34
20,1644,OFSS,EQ,335216,191571,57.15
20,1645,OIL,EQ,5658011,2376586,42.00
20,1646,OILIETF,EQ,552187,334239,60.53
20,1647,OLAELEC,EQ,36055940,10859606,30.12
20,1648,OLECTRA,EQ,1631175,353397,21.67
20,1649,OMAXAUTO,EQ,19554,12327,63.04
20,1650,OMFURN,SM,9600,9600,100.00
20,1651,ONDOOR,SM,3600,3000,83.33
20,1652,ONEPOINT,EQ,1632948,733720,44.93
20,1653,ONGC,EQ,12446738,4738481,38.07
20,1654,ONMOBILE,EQ,1079711,409346,37.91
20,1655,ONWARDTEC,EQ,131809,67118,50.92
20,1656,OPTIEMUS,EQ,252289,111699,44.27
20,1657,ORBTEXP,EQ,13494,6755,50.06
20,1658,ORCHPHARMA,EQ,93017,75082,80.72
20,1659,ORIANA,SM,44400,26250,59.12
20,1660,ORICONENT,EQ,644809,261706,40.59
20,1661,ORIENTBELL,EQ,12990,7503,57.76
20,1662,ORIENTCEM,EQ,3796534,1734867,45.70
20,1663,ORIENTCER,EQ,1405029,452930,32.24
20,1664,ORIENTELEC,EQ,773213,211065,27.30
20,1665,ORIENTHOT,EQ,237809,88970,37.41
20,1666,ORIENTLTD,EQ,22111,12651,57.22
20,1667,ORIENTPPR,EQ,790930,371728,47.00
20,1668,ORISSAMINE,EQ,15860,5530,34.87
20,1669,ORTINLAB,EQ,87997,64619,73.43
20,1670,OSWALAGRO,EQ,187120,107106,57.24
20,1671,OSWALGREEN,EQ,651877,276527,42.42
20,1672,OSWALSEEDS,EQ,4925372,1688129,34.27
20,1673,OWAIS,SM,17600,14400,81.82
20,1674,PAGEIND,EQ,8848,3766,42.56
20,1675,PAISALO,EQ,3137728,2289583,72.97
20,1676,PAKKA,EQ,204520,89343,43.68
20,1677,PALASHSECU,EQ,51757,20173,38.98
20,1678,PANACEABIO,EQ,780320,331577,42.49
20,1679,PANAMAPET,EQ,88338,48322,54.70
20,1680,PAR,EQ,179756,139671,77.70
20,1681,PARACABLES,EQ,3434257,1744978,50.81
20,1682,PARADEEP,EQ,2075228,744146,35.86
20,1683,PARAGMILK,EQ,805158,329833,40.97
20,1684,PARAGON,SM,262800,160800,61.19
20,1685,PARIN,SM,6000,3000,50.00
20,1686,PARKHOTELS,EQ,138649,92419,66.66
20,1687,PARTYCRUS,SM,9000,6000,66.67
20,1688,PASUPTAC,EQ,1424257,446883,31.38
20,1689,PATANJALI,EQ,557225,289668,51.98
20,1690,PATELENG,EQ,3587544,2039534,56.85
20,1691,PATINTLOG,EQ,526517,222426,42.24
20,1692,PAVNAIND,EQ,5895,4620,78.37
20,1693,PAYTM,EQ,6063546,2162121,35.66
20,1694,PCBL,EQ,5630307,1623616,28.84
20,1695,PCCL,SM,60800,51200,84.21
20,1696,PCJEWELLER,EQ,8431015,3942650,46.76
20,1697,PDMJEPAPER,EQ,126514,77877,61.56
20,1698,PDSL,EQ,198095,94743,47.83
20,1699,PEARLPOLY,EQ,51083,29303,57.36
20,1700,PEL,EQ,1126914,403136,35.77
20,1701,PENIND,EQ,446296,211849,47.47
20,1702,PENINLAND,EQ,375835,192330,51.17
20,1703,PENTAGON,SM,17000,16000,94.12
20,1704,PERFECT,ST,63000,54000,85.71
20,1705,PERSISTENT,EQ,648876,253343,39.04
20,1706,PETRONET,EQ,1762624,1039569,58.98
20,1707,PFC,EQ,11607989,3990706,34.38
20,1708,PFIZER,EQ,123474,103604,83.91
20,1709,PFS,EQ,9222674,3200837,34.71
20,1710,PGEL,EQ,752372,341180,45.35
20,1711,PGHH,EQ,4646,2059,44.32
20,1712,PGHL,EQ,4095,2364,57.73
20,1713,PGIL,EQ,67741,29340,43.31
20,1714,PGINVIT,IV,1119267,988315,88.30
20,1715,PHANTOMFX,SM,61800,46500,75.24
20,1716,PHARMABEES,EQ,4385104,3420660,78.01
20,1717,PHOENIXLTD,EQ,218626,125814,57.55
20,1718,PIDILITIND,EQ,183165,117448,64.12
20,1719,PIIND,EQ,200315,101058,50.45
20,1720,PILANIINVS,EQ,21719,7819,36.00
20,1721,PILITA,EQ,3209133,866656,27.01
20,1722,PIONEEREMB,EQ,73317,43968,59.97
20,1723,PITTIENG,EQ,82464,39779,48.24
20,1724,PIXTRANS,EQ,26898,13604,50.58
20,1725,PLADAINFO,SM,9000,9000,100.00
20,1726,PLASTIBLEN,EQ,33961,16265,47.89
20,1727,PLATIND,EQ,726103,281197,38.73
20,1728,PLAZACABLE,EQ,93332,50588,54.20
20,1729,PNB,EQ,14645860,5677290,38.76
20,1730,PNBGILTS,EQ,1200796,288715,24.04
20,1731,PNBHOUSING,EQ,5961776,1854461,31.11
20,1732,PNC,EQ,22830,12381,54.23
20,1733,PNCINFRA,EQ,2050699,754473,36.79
20,1734,POCL,EQ,78131,33650,43.07
20,1735,PODDARMENT,EQ,6673,4468,66.96
20,1736,POKARNA,EQ,100527,39107,38.90
20,1737,POLICYBZR,EQ,701465,404988,57.73
20,1738,POLYCAB,EQ,206801,116059,56.12
20,1739,POLYMED,EQ,182007,148743,81.72
20,1740,POLYPLEX,EQ,403148,190348,47.22
20,1741,POLYSIL,SM,14000,10000,71.43
20,1742,PONNIERODE,EQ,39522,17940,45.39
20,1743,POONAWALLA,EQ,2706349,1266625,46.80
20,1744,POSITRON,ST,348600,274200,78.66
20,1745,POWERGRID,EQ,8790600,5111288,58.14
20,1746,POWERINDIA,EQ,27729,17672,63.73
20,1747,POWERMECH,EQ,230676,68563,29.72
20,1748,PPAP,EQ,37065,20370,54.96
20,1749,PPL,EQ,368825,152706,41.40
20,1750,PPLPHARMA,EQ,2311321,1160063,50.19
20,1751,PPSL,SM,528000,336000,63.64
20,1752,PRAENG,EQ,386635,234349,60.61
20,1753,PRAJIND,EQ,396584,173394,43.72
20,1754,PRAKASH,EQ,2219033,984050,44.35
20,1755,PRAMARA,SM,166000,148000,89.16
20,1756,PRATHAM,SM,36800,22400,60.87
20,1757,PRECAM,EQ,474142,234425,49.44
20,1758,PRECISION,SM,22000,14000,63.64
20,1759,PRECWIRE,EQ,818879,365363,44.62
20,1760,PREMIERPOL,EQ,131077,69381,52.93
20,1761,PRESSTONIC,SM,27200,22400,82.35
20,1762,PRESTIGE,EQ,1512626,800093,52.89
20,1763,PRICOLLTD,EQ,176899,96886,54.77
20,1764,PRIMESECU,EQ,82553,48588,58.86
20,1765,PRINCEPIPE,EQ,60659,37050,61.08
20,1766,PRITI,EQ,46035,22032,47.86
20,1767,PRITIKA,SM,158000,76000,48.10
20,1768,PRITIKAUTO,EQ,1356536,1062310,78.31
20,1769,PRIVISCL,EQ,22498,12304,54.69
20,1770,PRIZOR,SM,57600,24000,41.67
20,1771,PRLIND,SM,252000,176000,69.84
20,1772,PROPEQUITY,SM,4200,3600,85.71
20,1773,PROV,SM,480,320,66.67
20,1774,PROZONER,EQ,443615,245277,55.29
20,1775,PRSMJOHNSN,EQ,297224,112943,38.00
20,1776,PRUDENT,EQ,37514,19304,51.46
20,1777,PRUDMOULI,EQ,273077,204723,74.97
20,1778,PSB,EQ,1988684,588272,29.58
20,1779,PSPPROJECT,EQ,64423,28528,44.28
20,1780,PSUBANK,EQ,13257,7608,57.39
20,1781,PSUBANKADD,EQ,20870,18419,88.26
20,1782,PSUBNKBEES,EQ,1310596,889370,67.86
20,1783,PSUBNKIETF,EQ,185609,130163,70.13
20,1784,PTC,EQ,1710926,814354,47.60
20,1785,PTL,EQ,298238,149225,50.04
20,1786,PULZ,SM,90000,87000,96.67
20,1787,PUNJABCHEM,EQ,3986,1897,47.59
20,1788,PURVFLEXI,SM,17600,6400,36.36
20,1789,PVRINOX,EQ,644917,217875,33.78
20,1790,PVSL,EQ,70609,37886,53.66
20,1791,PVTBANIETF,EQ,618173,383979,62.12
20,1792,PVTBANKADD,EQ,136026,131654,96.79
20,1793,PYRAMID,EQ,140835,82992,58.93
20,1794,QGOLDHALF,EQ,14993,10013,66.78
20,1795,QMSMEDI,SM,37000,27000,72.97
20,1796,QNIFTY,EQ,1368,971,70.98
20,1797,QUAL30IETF,EQ,224197,167743,74.82
20,1798,QUESS,EQ,738144,232381,31.48
20,1799,QUESTLAB,SM,94800,76800,81.01
20,1800,QUICKHEAL,EQ,246804,70720,28.65
20,1801,QUICKTOUCH,SM,15000,10000,66.67
20,1802,QVCEL,ST,654400,654400,100.00
20,1803,RACE,EQ,37283,14859,39.85
20,1804,RADHIKAJWE,EQ,1821747,621712,34.13
20,1805,RADIANTCMS,EQ,279096,172063,61.65
20,1806,RADICO,EQ,221059,104212,47.14
20,1807,RADIOCITY,EQ,1359677,654772,48.16
20,1808,RADIOCITY,P1,1179,1179,100.00
20,1809,RADIOWALLA,SM,9600,8000,83.33
20,1810,RAILTEL,EQ,6577529,1580958,24.04
20,1811,RAIN,EQ,3934849,1463709,37.20
20,1812,RAINBOW,EQ,56497,24371,43.14
20,1813,RAJESHEXPO,EQ,1713540,366594,21.39
20,1814,RAJINDLTD,SM,624000,297000,47.60
20,1815,RAJMET,EQ,834345,496549,59.51
20,1816,RAJRATAN,EQ,22818,13090,57.37
20,1817,RAJSREESUG,EQ,233995,79479,33.97
20,1818,RALLIS,EQ,885437,228327,25.79
20,1819,RAMANEWS,EQ,202537,125462,61.95
20,1820,RAMAPHO,EQ,19877,8987,45.21
20,1821,RAMASTEEL,EQ,80028997,17935980,22.41
20,1822,RAMCOCEM,EQ,378897,142417,37.59
20,1823,RAMCOIND,EQ,109800,58927,53.67
20,1824,RAMCOSYS,EQ,89535,55205,61.66
20,1825,RAMKY,EQ,91199,44090,48.34
20,1826,RAMRAT,EQ,103016,40510,39.32
20,1827,RANASUG,EQ,7226818,2807095,38.84
20,1828,RANEHOLDIN,EQ,35637,12785,35.88
20,1829,RATEGAIN,EQ,567293,289655,51.06
20,1830,RATNAMANI,EQ,81303,71535,87.99
20,1831,RAYMOND,EQ,203629,98267,48.26
20,1832,RBA,EQ,5421171,2499105,46.10
20,1833,RBL,EQ,65215,18563,28.46
20,1834,RBLBANK,EQ,9646916,4320546,44.79
20,1835,RBMINFRA,SM,60200,33200,55.15
20,1836,RBS,SM,20800,14400,69.23
20,1837,RCDL,SM,39000,36000,92.31
20,1838,RCF,EQ,3219929,802517,24.92
20,1839,RECLTD,EQ,9811133,3208447,32.70
20,1840,REDINGTON,EQ,1268626,753488,59.39
20,1841,REDTAPE,EQ,39265,20743,52.83
20,1842,REFEX,EQ,870115,447769,51.46
20,1843,REFRACTORY,ST,36000,36000,100.00
20,1844,RELAXO,EQ,79843,55211,69.15
20,1845,RELCHEMQ,EQ,10879,6510,59.84
20,1846,RELIANCE,EQ,4805143,3480824,72.44
20,1847,RELIGARE,EQ,3222281,1776819,55.14
20,1848,RELINFRA,EQ,11694157,3474320,29.71
20,1849,RELTD,EQ,55241,36614,66.28
20,1850,REMSONSIND,EQ,10827,6038,55.77
20,1851,REMUS,SM,2600,1800,69.23
20,1852,RENUKA,EQ,22325535,5373897,24.07
20,1853,REPCOHOME,EQ,511674,206670,40.39
20,1854,REPL,EQ,58169,24594,42.28
20,1855,REPRO,EQ,26647,13623,51.12
20,1856,RESPONIND,EQ,93919,42016,44.74
20,1857,REXPIPES,SM,10000,10000,100.00
20,1858,RGL,EQ,4524784,1554315,34.35
20,1859,RHFL,EQ,18411214,10485488,56.95
20,1860,RHIM,EQ,216639,165395,76.35
20,1861,RICHA,SM,4000,4000,100.00
20,1862,RICOAUTO,EQ,526825,253225,48.07
20,1863,RIIL,EQ,199158,39709,19.94
20,1864,RILINFRA,ST,35000,32100,91.71
20,1865,RISHABH,EQ,52448,29485,56.22
20,1866,RITCO,EQ,47016,21820,46.41
20,1867,RITES,EQ,866633,409837,47.29
20,1868,RITEZONE,SM,25600,17600,68.75
20,1869,RKFORGE,EQ,331751,170873,51.51
20,1870,RKSWAMY,EQ,117141,89817,76.67
20,1871,RMDRIP,SM,5000,5000,100.00
20,1872,RML,EQ,40244,16473,40.93
20,1873,RNFI,SM,111600,84000,75.27
20,1874,ROCKINGDCE,SM,41750,15750,37.72
20,1875,ROHLTD,EQ,106461,56846,53.40
20,1876,ROLEXRINGS,EQ,95223,26481,27.81
20,1877,ROML,EQ,73698,10558,14.33
20,1878,ROSSARI,EQ,196354,95434,48.60
20,1879,ROSSELLIND,EQ,40719,16624,40.83
20,1880,ROTO,EQ,736124,134501,18.27
20,1881,ROUTE,EQ,72108,30514,42.32
20,1882,ROXHITECH,SM,41600,38400,92.31
20,1883,RPEL,EQ,11444,6042,52.80
20,1884,RPGLIFE,EQ,18322,7188,39.23
20,1885,RPOWER,EQ,216452323,94267434,43.55
20,1886,RPPL,EQ,147390,95926,65.08
20,1887,RPSGVENT,EQ,1175480,260028,22.12
20,1888,RPTECH,EQ,1016439,262571,25.83
20,1889,RRKABEL,EQ,48290,27827,57.62
20,1890,RSWM,EQ,70192,32458,46.24
20,1891,RSYSTEMS,EQ,150034,79062,52.70
20,1892,RTNINDIA,EQ,3388049,1470771,43.41
20,1893,RUBFILA,EQ,87387,57125,65.37
20,1894,RUBYMILLS,EQ,170686,56868,33.32
20,1895,RUCHINFRA,EQ,1167893,665653,57.00
20,1896,RUCHIRA,EQ,124519,75300,60.47
20,1897,RULKA,ST,70200,66000,94.02
20,1898,RUPA,EQ,363035,184233,50.75
20,1899,RUSHIL,EQ,1151579,626078,54.37
20,1900,RUSTOMJEE,EQ,122528,59213,48.33
20,1901,RVHL,EQ,127176,67762,53.28
20,1902,RVNL,EQ,22101243,6499460,29.41
20,1903,SAAKSHI,ST,9600,9600,100.00
20,1904,SABAR,SM,35000,30000,85.71
20,1905,SADBHAV,EQ,1440561,919361,63.82
20,1906,SADHAV,SM,20400,16800,82.35
20,1907,SADHNANIQ,EQ,1156302,434782,37.60
20,1908,SAFARI,EQ,163842,146204,89.23
20,1909,SAGCEM,EQ,56874,34233,60.19
20,1910,SAH,EQ,39340,12293,31.25
20,1911,SAHAJ,SM,12000,12000,100.00
20,1912,SAHAJSOLAR,SM,117600,77600,65.99
20,1913,SAHANA,SM,3750,3500,93.33
20,1914,SAHYADRI,EQ,21719,12237,56.34
20,1915,SAIFL,SM,152000,118400,77.89
20,1916,SAIL,EQ,11414976,3749024,32.84
20,1917,SAKAR,EQ,16283,12322,75.67
20,1918,SAKHTISUG,EQ,637184,254972,40.02
20,1919,SAKSOFT,EQ,232587,129965,55.88
20,1920,SAKUMA,EQ,53701933,18642598,34.71
20,1921,SALASAR,EQ,14362770,7140610,49.72
20,1922,SALONA,EQ,1282,671,52.34
20,1923,SALSTEEL,EQ,186836,128833,68.96
20,1924,SALZERELEC,EQ,159385,59147,37.11
20,1925,SAMBHAAV,EQ,1148823,590048,51.36
20,1926,SAMHI,EQ,1156979,642985,55.57
20,1927,SAMMAANCAP,EQ,3887359,1918111,49.34
20,1928,SANDESH,EQ,2441,1466,60.06
20,1929,SANDHAR,EQ,54943,36348,66.16
20,1930,SANDUMA,EQ,153785,104252,67.79
20,1931,SANGAMIND,EQ,26101,14508,55.58
20,1932,SANGANI,SM,3000,3000,100.00
20,1933,SANGHIIND,EQ,264439,167780,63.45
20,1934,SANGHVIMOV,EQ,762862,178907,23.45
20,1935,SANGINITA,EQ,106252,77441,72.88
20,1936,SANOFI,EQ,6495,3802,58.54
20,1937,SANSERA,EQ,92576,51329,55.45
20,1938,SANSTAR,EQ,3261089,914957,28.06
20,1939,SAPPHIRE,EQ,48716,27674,56.81
20,1940,SARDAEN,EQ,558433,229034,41.01
20,1941,SAREGAMA,EQ,263246,113706,43.19
20,1942,SAROJA,SM,1600,1600,100.00
20,1943,SARTELE,SM,726500,381000,52.44
20,1944,SARVESHWAR,EQ,1835827,1127151,61.40
20,1945,SASKEN,EQ,48180,34781,72.19
20,1946,SASTASUNDR,EQ,23983,17352,72.35
20,1947,SATECH,SM,404000,214000,52.97
20,1948,SATIA,EQ,341167,159260,46.68
20,1949,SATIN,EQ,164913,114073,69.17
20,1950,SATINDLTD,EQ,705545,387485,54.92
20,1951,SATIPOLY,SM,6000,5000,83.33
20,1952,SAURASHCEM,EQ,103022,52649,51.10
20,1953,SBC,EQ,2155099,1091132,50.63
20,1954,SBCL,EQ,67032,36396,54.30
20,1955,SBFC,EQ,3897333,1943138,49.86
20,1956,SBGLP,EQ,670988,417357,62.20
20,1957,SBICARD,EQ,1783612,935919,52.47
20,1958,SBIETFCON,EQ,7824,6522,83.36
20,1959,SBIETFIT,EQ,10027,6512,64.94
20,1960,SBIETFPB,EQ,12712,9642,75.85
20,1961,SBIETFQLTY,EQ,1326,862,65.01
20,1962,SBILIFE,EQ,724092,371198,51.26
20,1963,SBIN,EQ,10371300,4967658,47.90
20,1964,SBINEQWETF,EQ,15600,12868,82.49
20,1965,SBISILVER,EQ,34039,24028,70.59
20,1966,SCHAEFFLER,EQ,60959,36384,59.69
20,1967,SCHAND,EQ,74781,39468,52.78
20,1968,SCHNEIDER,EQ,234176,144265,61.61
20,1969,SCI,EQ,1711999,685629,40.05
20,1970,SCILAL,EQ,1006767,568638,56.48
20,1971,SCML,SM,14000,12000,85.71
20,1972,SCPL,EQ,37000,20436,55.23
20,1973,SDBL,EQ,578822,349301,60.35
20,1974,SDL24BEES,EQ,3204,1118,34.89
20,1975,SDL26BEES,EQ,3341,3001,89.82
20,1976,SEAMECLTD,EQ,97719,54335,55.60
20,1977,SECL,SM,12500,12500,100.00
20,1978,SECMARK,EQ,4503,3185,70.73
20,1979,SECURKLOUD,EQ,87692,55498,63.29
20,1980,SEL,SM,800,800,100.00
20,1981,SELAN,EQ,87170,41558,47.67
20,1982,SENCO,EQ,165708,86219,52.03
20,1983,SENSEXADD,EQ,1123,977,87.00
20,1984,SENSEXETF,EQ,6471,4648,71.83
20,1985,SENSEXIETF,EQ,1815,1420,78.24
20,1986,SEPC,EQ,43563978,15821542,36.32
20,1987,SEQUENT,EQ,2088662,794800,38.05
20,1988,SERVICE,SM,66000,60000,90.91
20,1989,SERVOTECH,EQ,4853929,2163229,44.57
20,1990,SESHAPAPER,EQ,47521,25208,53.05
20,1991,SETF10GILT,EQ,12641,12263,97.01
20,1992,SETFGOLD,EQ,1623110,1467980,90.44
20,1993,SETFNIF50,EQ,209436,156364,74.66
20,1994,SETFNIFBK,EQ,29509,19624,66.50
20,1995,SETFNN50,EQ,30992,21699,70.01
20,1996,SFL,EQ,46999,29833,63.48
20,1997,SFLZC25A,ZK,50,50,100.00
20,1998,SGBAPR28I,GB,403,316,78.41
20,1999,SGBAUG27,GB,190,190,100.00
20,2000,SGBAUG28V,GB,436,368,84.40
20,2001,SGBAUG29V,GB,117,107,91.45
20,2002,SGBAUG30,GB,305,215,70.49
20,2003,SGBD29VIII,GB,278,256,92.09
20,2004,SGBDC27VII,GB,20,20,100.00
20,2005,SGBDE30III,GB,190,108,56.84
20,2006,SGBDE31III,GB,844,663,78.55
20,2007,SGBDEC2513,GB,3,3,100.00
20,2008,SGBDEC25XI,GB,22,21,95.45
20,2009,SGBDEC26,GB,26,26,100.00
20,2010,SGBFEB27,GB,1,1,100.00
20,2011,SGBFEB28IX,GB,12,12,100.00
20,2012,SGBFEB29XI,GB,124,110,88.71
20,2013,SGBFEB32IV,GB,2388,2119,88.74
20,2014,SGBJ28VIII,GB,8,7,87.50
20,2015,SGBJAN26,GB,2,2,100.00
20,2016,SGBJAN27,GB,6,6,100.00
20,2017,SGBJAN29IX,GB,43,36,83.72
20,2018,SGBJAN29X,GB,40,40,100.00
20,2019,SGBJAN30IX,GB,24,22,91.67
20,2020,SGBJU29III,GB,120,119,99.17
20,2021,SGBJUL25,GB,24,12,50.00
20,2022,SGBJUL27,GB,51,51,100.00
20,2023,SGBJUL28IV,GB,288,286,99.31
20,2024,SGBJUL29IV,GB,414,395,95.41
20,2025,SGBJUN27,GB,6,6,100.00
20,2026,SGBJUN28,GB,295,269,91.19
20,2027,SGBJUN29II,GB,618,529,85.60
20,2028,SGBJUN30,GB,192,146,76.04
20,2029,SGBJUN31I,GB,416,354,85.10
20,2030,SGBMAR25,GB,13,13,100.00
20,2031,SGBMAR28X,GB,24,24,100.00
20,2032,SGBMAR30X,GB,31,31,100.00
20,2033,SGBMAR31IV,GB,155,131,84.52
20,2034,SGBMAY25,GB,91,86,94.51
20,2035,SGBMAY26,GB,40,40,100.00
20,2036,SGBMAY28,GB,1640,1617,98.60
20,2037,SGBMAY29I,GB,1346,1295,96.21
20,2038,SGBMR29XII,GB,288,243,84.38
20,2039,SGBN28VIII,GB,91,83,91.21
20,2040,SGBNOV24,GB,41,37,90.24
20,2041,SGBNV29VII,GB,216,216,100.00
20,2042,SGBOC28VII,GB,142,136,95.77
20,2043,SGBOCT25,GB,10,9,90.00
20,2044,SGBOCT25IV,GB,18,13,72.22
20,2045,SGBOCT26,GB,1,1,100.00
20,2046,SGBOCT27,GB,17,17,100.00
20,2047,SGBOCT27VI,GB,1,1,100.00
20,2048,SGBSEP24,GB,19,19,100.00
20,2049,SGBSEP28VI,GB,159,141,88.68
20,2050,SGBSEP29VI,GB,193,169,87.56
20,2051,SGBSEP31II,GB,2842,2625,92.36
20,2052,SGIL,EQ,43288,23904,55.22
20,2053,SHAHALLOYS,EQ,58585,33551,57.27
20,2054,SHAILY,EQ,284088,191004,67.23
20,2055,SHALBY,EQ,95076,51760,54.44
20,2056,SHALPAINTS,EQ,183038,120990,66.10
20,2057,SHANKARA,EQ,67993,47193,69.41
20,2058,SHANTI,EQ,36003,29061,80.72
20,2059,SHANTIGEAR,EQ,19982,10391,52.00
20,2060,SHARDACROP,EQ,163227,70756,43.35
20,2061,SHARDAMOTR,EQ,65038,29474,45.32
20,2062,SHAREINDIA,EQ,190104,112617,59.24
20,2063,SHAREINDIA,W1,1808,1643,90.87
20,2064,SHARIABEES,EQ,8526,5864,68.78
20,2065,SHEETAL,SM,100000,60000,60.00
20,2066,SHEMAROO,EQ,260040,165560,63.67
20,2067,SHERA,SM,48000,28000,58.33
20,2068,SHIGAN,SM,6000,6000,100.00
20,2069,SHILPAMED,EQ,506107,211915,41.87
20,2070,SHIVALIK,EQ,13193,9340,70.80
20,2071,SHIVAMILLS,EQ,231480,61123,26.41
20,2072,SHIVATEX,EQ,31059,9006,29.00
20,2073,SHK,EQ,823544,400020,48.57
20,2074,SHOPERSTOP,EQ,83746,18349,21.91
20,2075,SHREDIGCEM,EQ,232122,136690,58.89
20,2076,SHREECEM,EQ,20949,11161,53.28
20,2077,SHREEKARNI,ST,9000,9000,100.00
20,2078,SHREEOSFM,SM,25000,25000,100.00
20,2079,SHREEPUSHK,EQ,143837,72714,50.55
20,2080,SHREYANIND,EQ,19379,9750,50.31
20,2081,SHREYAS,EQ,23528,10761,45.74
20,2082,SHRIPISTON,EQ,116361,62841,54.01
20,2083,SHRIRAMFIN,EQ,670444,330814,49.34
20,2084,SHRIRAMPPS,EQ,14768926,5270166,35.68
20,2085,SHRITECH,SM,34000,28000,82.35
20,2086,SHUBHLAXMI,SM,17000,17000,100.00
20,2087,SHYAMCENT,EQ,324186,224654,69.30
20,2088,SHYAMMETL,EQ,1135428,601951,53.02
20,2089,SIEMENS,EQ,201864,132389,65.58
20,2090,SIGACHI,EQ,1590893,865988,54.43
20,2091,SIGIND,EQ,39498,24820,62.84
20,2092,SIGMA,EQ,6388,3915,61.29
20,2093,SIGNATURE,EQ,639423,162238,25.37
20,2094,SIGNORIA,SM,4000,4000,100.00
20,2095,SIGNPOST,EQ,56973,32941,57.82
20,2096,SILGO,EQ,82838,53362,64.42
20,2097,SILINV,EQ,20627,9305,45.11
20,2098,SILKFLEX,SM,6000,6000,100.00
20,2099,SILVER,EQ,46409,32047,69.05
20,2100,SILVER1,EQ,99325,94740,95.38
20,2101,SILVERADD,EQ,641462,635577,99.08
20,2102,SILVERBEES,EQ,8329652,6522734,78.31
20,2103,SILVERETF,EQ,124270,100148,80.59
20,2104,SILVERIETF,EQ,1450147,1342552,92.58
20,2105,SILVERTUC,EQ,25193,7823,31.05
20,2106,SILVRETF,EQ,25021,24142,96.49
20,2107,SIMPLEXINF,EQ,414600,282574,68.16
20,2108,SINCLAIR,EQ,42187,23222,55.05
20,2109,SINDHUTRAD,EQ,907484,664716,73.25
20,2110,SINTERCOM,EQ,7597,3966,52.20
20,2111,SIRCA,EQ,67684,34668,51.22
20,2112,SIS,EQ,176942,107182,60.57
20,2113,SIYSIL,EQ,56016,30861,55.09
20,2114,SJLOGISTIC,SM,40000,27500,68.75
20,2115,SJS,EQ,75913,36396,47.94
20,2116,SJVN,EQ,7422106,2651412,35.72
20,2117,SKFINDIA,EQ,94641,79894,84.42
20,2118,SKIPPER,EQ,544967,252802,46.39
20,2119,SKIPPERPP,E1,4006,3313,82.70
20,2120,SKMEGGPROD,EQ,359483,151276,42.08
20,2121,SKP,SM,13500,12000,88.89
20,2122,SLONE,ST,52800,51200,96.97
20,2123,SMALLCAP,EQ,566053,472438,83.46
20,2124,SMCGLOBAL,EQ,211958,119175,56.23
20,2125,SMLISUZU,EQ,11752,6812,57.96
20,2126,SMLT,EQ,16460,7997,48.58
20,2127,SMSPHARMA,EQ,173254,64065,36.98
20,2128,SNOWMAN,EQ,2769188,876725,31.66
20,2129,SOBHA,EQ,75043,28712,38.26
20,2130,SOBHAPP,E1,31814,31456,98.87
20,2131,SOFTTECH,EQ,16413,10480,63.85
20,2132,SOLARAPP,X1,4346,3106,71.47
20,2133,SOLARINDS,EQ,32638,16000,49.02
20,2134,SOLEX,SM,12400,9600,77.42
20,2135,SOMANYCERA,EQ,15976,9012,56.41
20,2136,SOMATEX,EQ,112578,59731,53.06
20,2137,SONACOMS,EQ,1089403,583327,53.55
20,2138,SONAMAC,SM,42000,33000,78.57
20,2139,SONAMLTD,EQ,123848,41952,33.87
20,2140,SONATSOFTW,EQ,1118337,433283,38.74
20,2141,SONUINFRA,ST,15000,15000,100.00
20,2142,SOTL,EQ,43657,20324,46.55
20,2143,SOUTHBANK,EQ,7707127,3826356,49.65
20,2144,SOUTHWEST,EQ,196429,111410,56.72
20,2145,SPAL,EQ,13028,7150,54.88
20,2146,SPANDANA,EQ,152921,79862,52.22
20,2147,SPARC,EQ,510749,257484,50.41
20,2148,SPCENET,EQ,2188253,1566877,71.60
20,2149,SPCL,SM,122400,96000,78.43
20,2150,SPECIALITY,EQ,93011,42255,45.43
20,2151,SPECTRUM,SM,24500,21375,87.24
20,2152,SPECTSTM,SM,15200,11200,73.68
20,2153,SPENCERS,EQ,2195510,821354,37.41
20,2154,SPIC,EQ,1344617,458408,34.09
20,2155,SPLIL,EQ,74338,24587,33.07
20,2156,SPLPETRO,EQ,36539,20285,55.52
20,2157,SPORTKING,EQ,58206,28312,48.64
20,2158,SPRL,ST,800,800,100.00
20,2159,SREEL,EQ,8637,4654,53.88
20,2160,SRF,EQ,362347,218208,60.22
20,2161,SRGHFL,EQ,2406,1324,55.03
20,2162,SRHHYPOLTD,EQ,28301,17721,62.62
20,2163,SRIVASAVI,SM,10000,6000,60.00
20,2164,SRPL,EQ,1104138,986123,89.31
20,2165,SSEGL,SM,743000,249000,33.51
20,2166,SSFL,SM,14000,9500,67.86
20,2167,SSWL,EQ,206074,105335,51.12
20,2168,STANLEY,EQ,227552,133652,58.73
20,2169,STAR,EQ,176829,103635,58.61
20,2170,STARCEMENT,EQ,232369,107879,46.43
20,2171,STARHEALTH,EQ,1708553,760626,44.52
20,2172,STARPAPER,EQ,36065,19679,54.57
20,2173,STCINDIA,EQ,300477,80002,26.62
20,2174,STEELCAS,EQ,22410,15104,67.40
20,2175,STEELCITY,EQ,11219,7465,66.54
20,2176,STEELXIND,EQ,5510572,3089478,56.06
20,2177,STERTOOLS,EQ,153942,90227,58.61
20,2178,STLTECH,EQ,2165611,1188580,54.88
20,2179,STOVEKRAFT,EQ,138638,59900,43.21
20,2180,STYLAMIND,EQ,14794,8863,59.91
20,2181,STYRENIX,EQ,36292,17376,47.88
20,2182,SUBEXLTD,EQ,9646596,3232343,33.51
20,2183,SUBROS,EQ,248089,78248,31.54
20,2184,SUDARSCHEM,EQ,144848,80253,55.40
20,2185,SUKHJITS,EQ,6619,4496,67.93
20,2186,SULA,EQ,215409,127705,59.28
20,2187,SUMICHEM,EQ,480407,169650,35.31
20,2188,SUMMITSEC,EQ,85665,16424,19.17
20,2189,SUNCLAY,EQ,18367,15822,86.14
20,2190,SUNDARMFIN,EQ,77931,40363,51.79
20,2191,SUNDARMHLD,EQ,322335,142429,44.19
20,2192,SUNDRMBRAK,EQ,9882,7534,76.24
20,2193,SUNDRMFAST,EQ,71597,38416,53.66
20,2194,SUNFLAG,EQ,211823,110667,52.25
20,2195,SUNLITE,ST,265200,244800,92.31
20,2196,SUNPHARMA,EQ,1768949,1023805,57.88
20,2197,SUNTECK,EQ,299665,168679,56.29
20,2198,SUNTV,EQ,877123,291831,33.27
20,2199,SUPERHOUSE,EQ,22664,14269,62.96
20,2200,SUPERSPIN,EQ,827436,527151,63.71
20,2201,SUPRAJIT,EQ,260050,152249,58.55
20,2202,SUPREMEIND,EQ,65931,34136,51.78
20,2203,SUPREMEPWR,ST,68000,64000,94.12
20,2204,SUPRIYA,EQ,222861,90000,40.38
20,2205,SURANASOL,EQ,208754,127890,61.26
20,2206,SURANI,SM,1400,1400,100.00
20,2207,SURYALAXMI,EQ,50287,32724,65.07
20,2208,SURYAROSNI,EQ,221822,120351,54.26
20,2209,SURYODAY,EQ,317396,189852,59.82
20,2210,SUTLEJTEX,EQ,530807,196706,37.06
20,2211,SUVEN,EQ,415210,243913,58.74
20,2212,SUVENPHAR,EQ,136621,84040,61.51
20,2213,SUVIDHAA,EQ,720556,388624,53.93
20,2214,SUYOG,EQ,31378,19802,63.11
20,2215,SUZLON,EQ,47724768,26143717,54.78
20,2216,SVLL,EQ,5396,2982,55.26
20,2217,SVPGLOB,EQ,130406,101087,77.52
20,2218,SWANENERGY,EQ,1228760,665381,54.15
20,2219,SWARAJ,SM,15000,14000,93.33
20,2220,SWARAJENG,EQ,19578,8331,42.55
20,2221,SWASTIK,SM,46800,38400,82.05
20,2222,SWELECTES,EQ,26701,14580,54.60
20,2223,SWSOLAR,EQ,573118,361864,63.14
20,2224,SYLVANPLY,SM,20000,18000,90.00
20,2225,SYMPHONY,EQ,188991,102862,54.43
20,2226,SYNCOMF,EQ,22651382,8867151,39.15
20,2227,SYNGENE,EQ,521949,213446,40.89
20,2228,SYNOPTICS,SM,9000,7200,80.00
20,2229,SYRMA,EQ,240402,111705,46.47
20,2230,SYSTANGO,SM,22400,18000,80.36
20,2231,TAC,SM,229200,154800,67.54
20,2232,TAJGVK,EQ,81614,44433,54.44
20,2233,TAKE,EQ,92659,51796,55.90
20,2234,TALBROAUTO,EQ,163246,68217,41.79
20,2235,TANLA,EQ,2140156,503960,23.55
20,2236,TAPIFRUIT,SM,3750,3000,80.00
20,2237,TARACHAND,EQ,18438,12066,65.44
20,2238,TARSONS,EQ,35419,17739,50.08
20,2239,TASTYBITE,EQ,6567,2910,44.31
20,2240,TATACHEM,EQ,1009628,255098,25.27
20,2241,TATACOMM,EQ,508814,277413,54.52
20,2242,TATACONSUM,EQ,779730,461301,59.16
20,2243,TATAELXSI,EQ,2848938,441872,15.51
20,2244,TATAGOLD,EQ,2609839,1943811,74.48
20,2245,TATAINVEST,EQ,1461581,219723,15.03
20,2246,TATAMOTORS,EQ,8145376,4380617,53.78
20,2247,TATAMTRDVR,EQ,7234819,6172198,85.31
20,2248,TATAPOWER,EQ,18213329,10067706,55.28
20,2249,TATASTEEL,EQ,25195197,11621415,46.13
20,2250,TATATECH,EQ,11550853,4524462,39.17
20,2251,TATSILV,EQ,685707,577122,84.16
20,2252,TATVA,EQ,48273,27119,56.18
20,2253,TBI,ST,39600,36000,90.91
20,2254,TBOTEK,EQ,32947,16129,48.95
20,2255,TBZ,EQ,2284728,465546,20.38
20,2256,TCHF30,NB,330,330,100.00
20,2257,TCI,EQ,38993,21150,54.24
20,2258,TCIEXP,EQ,40469,18534,45.80
20,2259,TCL,SM,100800,80800,80.16
20,2260,TCNSBRANDS,EQ,8253964,5285189,64.03
20,2261,TCPLPACK,EQ,9717,6367,65.52
20,2262,TCS,EQ,1848058,1110045,60.07
20,2263,TDPOWERSYS,EQ,405721,226177,55.75
20,2264,TEAMLEASE,EQ,119790,110889,92.57
20,2265,TECH,EQ,76325,64255,84.19
20,2266,TECHLABS,ST,12500,12500,100.00
20,2267,TECHM,EQ,3033590,1791614,59.06
20,2268,TEGA,EQ,15400,9077,58.94
20,2269,TEJASNET,EQ,421520,170414,40.43
20,2270,TEMBO,EQ,168601,40203,23.85
20,2271,TEXINFRA,EQ,541227,270923,50.06
20,2272,TEXMOPIPES,EQ,161732,92468,57.17
20,2273,TEXRAIL,EQ,3847427,1209277,31.43
20,2274,TFCILTD,EQ,671921,384828,57.27
20,2275,TGBHOTELS,EQ,109249,88652,81.15
20,2276,TGL,ST,2400,2400,100.00
20,2277,THANGAMAYL,EQ,288314,57567,19.97
20,2278,THEJO,EQ,6926,4707,67.96
20,2279,THEMISMED,EQ,163799,56001,34.19
20,2280,THERMAX,EQ,125961,97258,77.21
20,2281,THOMASCOOK,EQ,881816,550282,62.40
20,2282,THYROCARE,EQ,141119,101139,71.67
20,2283,TI,EQ,1091810,608799,55.76
20,2284,TIDEWATER,EQ,93711,27544,29.39
20,2285,TIIL,EQ,28343,9705,34.24
20,2286,TIINDIA,EQ,98361,51768,52.63
20,2287,TIMESCAN,SM,8000,8000,100.00
20,2288,TIMESGTY,EQ,16296,12164,74.64
20,2289,TIMETECHNO,EQ,742496,127062,17.11
20,2290,TIMKEN,EQ,92632,41619,44.93
20,2291,TIPSFILMS,EQ,6848,3971,57.99
20,2292,TIPSINDLTD,EQ,727425,187312,25.75
20,2293,TIRUMALCHM,EQ,354573,158561,44.72
20,2294,TIRUPATI,SM,6500,6500,100.00
20,2295,TITAGARH,EQ,797561,263327,33.02
20,2296,TITAN,EQ,727481,296433,40.75
20,2297,TMB,EQ,107439,51591,48.02
20,2298,TNIDETF,EQ,103447,90243,87.24
20,2299,TNPETRO,EQ,920027,345221,37.52
20,2300,TNPL,EQ,822429,559933,68.08
20,2301,TOKYOPLAST,EQ,966745,378156,39.12
20,2302,TOP100CASE,EQ,119582,110063,92.04
20,2303,TORNTPHARM,EQ,597337,226592,37.93
20,2304,TORNTPOWER,EQ,380258,147593,38.81
20,2305,TRACXN,EQ,1345053,556016,41.34
20,2306,TRANSTEEL,SM,120000,94000,78.33
20,2307,TRANSWIND,SM,4000,4000,100.00
20,2308,TREEHOUSE,EQ,22225,17362,78.12
20,2309,TREJHARA,EQ,87129,55400,63.58
20,2310,TREL,EQ,803353,355188,44.21
20,2311,TRENT,EQ,2358476,930866,39.47
20,2312,TRF,EQ,136604,76505,56.00
20,2313,TRIDENT,EQ,6865438,2834544,41.29
20,2314,TRIDHYA,SM,21000,12000,57.14
20,2315,TRITURBINE,EQ,1538475,470581,30.59
20,2316,TRIVENI,EQ,667444,229536,34.39
20,2317,TROM,SM,76800,50400,65.63
20,2318,TRU,EQ,2223940,1260244,56.67
20,2319,TRUST,ST,88800,81600,91.89
20,2320,TTKHLTCARE,EQ,8559,5456,63.75
20,2321,TTKPRESTIG,EQ,34192,19257,56.32
20,2322,TTL,EQ,31303,20532,65.59
20,2323,TTML,EQ,54007889,10017418,18.55
20,2324,TUNWAL,SM,356000,244000,68.54
20,2325,TV18BRDCST,EQ,10458549,4279350,40.92
20,2326,TVSELECT,EQ,919107,267305,29.08
20,2327,TVSHLTD,EQ,22337,12096,54.15
20,2328,TVSMOTOR,EQ,615924,309843,50.31
20,2329,TVSSCS,EQ,3140182,1348110,42.93
20,2330,TVSSRICHAK,EQ,5455,2772,50.82
20,2331,TVTODAY,EQ,476174,246317,51.73
20,2332,UBL,EQ,290995,202043,69.43
20,2333,UCAL,EQ,2474782,576894,23.31
20,2334,UCL,SM,2000,2000,100.00
20,2335,UCOBANK,EQ,2800309,1015703,36.27
20,2336,UDAICEMENT,EQ,649080,349642,53.87
20,2337,UDS,EQ,268056,152645,56.95
20,2338,UFLEX,EQ,197474,91017,46.09
20,2339,UFO,EQ,149069,86022,57.71
20,2340,UGARSUGAR,EQ,418053,171583,41.04
20,2341,UGROCAP,EQ,200867,124610,62.04
20,2342,UJJIVANSFB,EQ,7769228,4776701,61.48
20,2343,ULTRACEMCO,EQ,201101,125605,62.46
20,2344,UMA,SM,20000,16000,80.00
20,2345,UMAEXPORTS,EQ,613834,336840,54.87
20,2346,UNICHEMLAB,EQ,22309,7960,35.68
20,2347,UNIDT,EQ,37445,16798,44.86
20,2348,UNIECOM,EQ,3423808,602765,17.61
20,2349,UNIENTER,EQ,60446,33585,55.56
20,2350,UNIHEALTH,SM,40000,25000,62.50
20,2351,UNIINFO,EQ,73786,20718,28.08
20,2352,UNIONBANK,EQ,6711889,3752954,55.92
20,2353,UNIPARTS,EQ,79019,53762,68.04
20,2354,UNITDSPR,EQ,1221654,728486,59.63
20,2355,UNITEDPOLY,EQ,20073,12214,60.85
20,2356,UNITEDTEA,EQ,3600,2437,67.69
20,2357,UNIVASTU,EQ,22192,12510,56.37
20,2358,UNIVCABLES,EQ,178770,78053,43.66
20,2359,UNIVPHOTO,EQ,1449,1021,70.46
20,2360,UNOMINDA,EQ,792988,492625,62.12
20,2361,UPL,EQ,1369570,465871,34.02
20,2362,URBAN,SM,9600,6400,66.67
20,2363,URJA,EQ,5284492,1972101,37.32
20,2364,USHAMART,EQ,639967,340985,53.28
20,2365,UTIAMC,EQ,228448,136362,59.69
20,2366,UTIBANKETF,EQ,362890,344700,94.99
20,2367,UTINEXT50,EQ,155221,133252,85.85
20,2368,UTINIFTETF,EQ,230492,219522,95.24
20,2369,UTISENSETF,EQ,751,541,72.04
20,2370,UTISXN50,EQ,3430,2221,64.75
20,2371,UTKARSHBNK,EQ,811925,398859,49.13
20,2372,UTSSAV,SM,361200,243600,67.44
20,2373,UTTAMSUGAR,EQ,167929,74838,44.57
20,2374,VADILALIND,EQ,46463,16782,36.12
20,2375,VAIBHAVGBL,EQ,956711,471053,49.24
20,2376,VAISHALI,EQ,1658503,672452,40.55
20,2377,VAKRANGEE,EQ,3811735,1541108,40.43
20,2378,VALIANTLAB,EQ,143932,77681,53.97
20,2379,VALIANTORG,EQ,80224,45144,56.27
20,2380,VARDHACRLC,EQ,73737,28758,39.00
20,2381,VARDMNPOLY,EQ,3525521,2634059,74.71
20,2382,VARROC,EQ,223188,106303,47.63
20,2383,VASCONEQ,EQ,1097717,560611,51.07
20,2384,VASWANI,EQ,70274,43212,61.49
20,2385,VBL,EQ,1801694,1084750,60.21
20,2386,VEDL,EQ,9277650,4040749,43.55
20,2387,VEEKAYEM,SM,7000,6500,92.86
20,2388,VELS,SM,19200,19200,100.00
20,2389,VENKEYS,EQ,111373,37606,33.77
20,2390,VENUSPIPES,EQ,74413,42782,57.49
20,2391,VENUSREM,EQ,47449,23642,49.83
20,2392,VERITAAS,SM,9600,9600,100.00
20,2393,VERTEXPLUS,ST,600,600,100.00
20,2394,VERTOZ,EQ,1245359,815916,65.52
20,2395,VESUVIUS,EQ,19224,10003,52.03
20,2396,VETO,EQ,712303,269922,37.89
20,2397,VGUARD,EQ,1100648,492646,44.76
20,2398,VHL,EQ,4988,1962,39.33
20,2399,VIDHIING,EQ,11509,6470,56.22
20,2400,VIJAYA,EQ,119078,52005,43.67
20,2401,VIKASECO,EQ,9650440,5129483,53.15
20,2402,VIKASLIFE,EQ,9409147,4658051,49.51
20,2403,VILAS,ST,159000,151000,94.97
20,2404,VILINBIO,SM,12000,8000,66.67
20,2405,VIMTALABS,EQ,671672,224563,33.43
20,2406,VINATIORGA,EQ,27646,13667,49.44
20,2407,VINDHYATEL,EQ,30109,16220,53.87
20,2408,VINEETLAB,EQ,21344,12013,56.28
20,2409,VINSYS,SM,20000,14000,70.00
20,2410,VINYAS,ST,2000,1800,90.00
20,2411,VINYLINDIA,EQ,30488,17396,57.06
20,2412,VIPIND,EQ,1246441,1098914,88.16
20,2413,VIPULLTD,EQ,11802373,5947470,50.39
20,2414,VIRINCHI,EQ,1571197,765779,48.74
20,2415,VISAKAIND,EQ,203697,110751,54.37
20,2416,VISAMAN,SM,15000,15000,100.00
20,2417,VISHNU,EQ,118414,73499,62.07
20,2418,VISHNUINFR,SM,49000,27500,56.12
20,2419,VISHWARAJ,EQ,1716569,741622,43.20
20,2420,VISHWAS,SM,1600,1600,100.00
20,2421,VITAL,ST,49200,40800,82.93
20,2422,VIVIANA,ST,17000,17000,100.00
20,2423,VLEGOV,EQ,4959045,997009,20.10
20,2424,VLINFRA,SM,282000,180000,63.83
20,2425,VLSFINANCE,EQ,94585,62463,66.04
20,2426,VMARCIND,SM,70000,49000,70.00
20,2427,VMART,EQ,19296,12722,65.93
20,2428,VOLTAMP,EQ,30989,14530,46.89
20,2429,VOLTAS,EQ,1373848,599639,43.65
20,2430,VPRPL,EQ,883893,412582,46.68
20,2431,VR,SM,1600,1600,100.00
20,2432,VRAJ,EQ,119040,63519,53.36
20,2433,VRLLOG,EQ,147933,120305,81.32
20,2434,VSCL,SM,27000,24000,88.89
20,2435,VSSL,EQ,95198,51826,54.44
20,2436,VSTIND,EQ,149044,72451,48.61
20,2437,VSTTILLERS,EQ,5407,2736,50.60
20,2438,VTL,EQ,326063,105936,32.49
20,2439,WABAG,EQ,154685,84664,54.73
20,2440,WALCHANNAG,EQ,289496,153662,53.08
20,2441,WALPAR,SM,12000,10000,83.33
20,2442,WANBURY,EQ,407558,228950,56.18
20,2443,WEL,EQ,84798,19619,23.14
20,2444,WELCORP,EQ,621990,345973,55.62
20,2445,WELENT,EQ,473938,301552,63.63
20,2446,WELINV,EQ,6307,4207,66.70
20,2447,WELSPUNLIV,EQ,14897596,5618299,37.71
20,2448,WENDT,EQ,273,205,75.09
20,2449,WESTLIFE,EQ,270558,208214,76.96
20,2450,WHEELS,EQ,56861,36632,64.42
20,2451,WHIRLPOOL,EQ,88955,59822,67.25
20,2452,WILLAMAGOR,EQ,21781,8968,41.17
20,2453,WINDLAS,EQ,31506,16979,53.89
20,2454,WINDMACHIN,EQ,261328,167358,64.04
20,2455,WINNY,SM,16000,8000,50.00
20,2456,WINSOL,SM,70400,48000,68.18
20,2457,WIPRO,EQ,17187783,5722914,33.30
20,2458,WONDERLA,EQ,24401,14209,58.23
20,2459,WORTH,EQ,100180,65181,65.06
20,2460,WSI,EQ,93201,47866,51.36
20,2461,WSTCSTPAPR,EQ,67301,40201,59.73
20,2462,WTICAB,SM,68000,30000,44.12
20,2463,XCHANGING,EQ,341847,175951,51.47
20,2464,XELPMOC,EQ,107997,21867,20.25
20,2465,XPROINDIA,EQ,31299,17805,56.89
20,2466,YAARI,EQ,137349,137349,100.00
20,2467,YASHO,EQ,128258,48231,37.60
20,2468,YASHOPTICS,SM,35200,24000,68.18
20,2469,YATHARTH,EQ,278178,188413,67.73
20,2470,YATRA,EQ,143899,70157,48.75
20,2471,YCCL,SM,6000,6000,100.00
20,2472,YESBANK,EQ,82734530,37862551,45.76
20,2473,YUDIZ,ST,12800,12000,93.75
20,2474,YUKEN,EQ,17298,12663,73.20
20,2475,ZAGGLE,EQ,1168632,445563,38.13
20,2476,ZEAL,SM,322200,183000,56.80
20,2477,ZEEL,EQ,52019960,18451160,35.47
20,2478,ZEEMEDIA,EQ,7161290,2665545,37.22
20,2479,ZENITHDRUG,SM,60800,41600,68.42
20,2480,ZENSARTECH,EQ,873504,242829,27.80
20,2481,ZENTEC,EQ,455105,252279,55.43
20,2482,ZFCVINDIA,EQ,5767,2988,51.81
20,2483,ZIMLAB,EQ,109403,66269,60.57
20,2484,ZODIAC,EQ,104281,58539,56.14
20,2485,ZOMATO,EQ,28603253,14099440,49.29
20,2486,ZOTA,EQ,24445,14614,59.78
20,2487,ZTECH,SM,103200,76800,74.42
20,2488,ZUARI,EQ,141352,61405,43.44
20,2489,ZUARIIND,EQ,72050,34650,48.09
20,2490,ZYDUSLIFE,EQ,5148274,2340721,45.47
20,2491,ZYDUSWELL,EQ,24601,11447,46.53
