Security Wise Delivery Position - Compulsory Rolling Settlement
10,MTO,19062024,2893772557,0002521
Trade Date <19-JUN-2024>,Settlement Type <N>
Record Type,Sr No,Name of Security,Quantity Traded,Deliverable Quantity(gross across client level),% of Deliverable Quantity to Traded Quantity
20,1,0MOFSL26,N1,20,20,100.00
20,2,1003ISFL28,N4,2355,2105,89.38
20,3,1015ECL29,NR,100,100,100.00
20,4,1015IHF28B,AZ,5,5,100.00
20,5,1018GS2026,GS,4330,4330,100.00
20,6,1025ICCL26,NT,30,30,100.00
20,7,1025UCL25,N8,9,9,100.00
20,8,1035UCL26,NA,281,245,87.19
20,9,1040NFL26,NA,100,100,100.00
20,10,1050ISFL28,N5,10,10,100.00
20,11,1050NFL26,N7,504,504,100.00
20,12,1050UCL25,N7,20,20,100.00
20,13,105UCL2026,NB,5,5,100.00
20,14,1075NFL25,N6,676,453,67.01
20,15,10CAGL27,N5,362,194,53.59
20,16,10IIFL28,N4,147,147,100.00
20,17,10IIFL28A,NE,65,65,100.00
20,18,10IIFL29,N6,15,15,100.00
20,19,10NFL25,N9,10,10,100.00
20,20,10NIDO26,N6,148,148,100.00
20,21,182D011124,TB,600,600,100.00
20,22,182D040724,TB,400,400,100.00
20,23,182D050924,TB,100,100,100.00
20,24,182D080824,TB,100,100,100.00
20,25,182D110724,TB,100,100,100.00
20,26,182D111024,TB,800,400,50.00
20,27,182D120924,TB,800,700,87.50
20,28,182D141124,TB,100,100,100.00
20,29,182D150824,TB,600,300,50.00
20,30,182D180724,TB,900,800,88.89
20,31,182D190924,TB,1000,1000,100.00
20,32,182D220824,TB,1600,1600,100.00
20,33,182D221124,TB,100,100,100.00
20,34,182D270624,TB,300,300,100.00
20,35,20MICRONS,EQ,237384,104419,43.99
20,36,360ONE,EQ,2526599,1318747,52.19
20,37,364D050625,TB,600,600,100.00
20,38,364D080824,TB,15000,15000,100.00
20,39,364D110425,TB,1500,1500,100.00
20,40,364D120625,TB,500,500,100.00
20,41,364D150525,TB,2800,2800,100.00
20,42,364D211124,TB,200,100,50.00
20,43,364D281124,TB,100,100,100.00
20,44,364D290525,TB,100,100,100.00
20,45,364D300125,TB,200,200,100.00
20,46,3IINFOLTD,EQ,3275057,1230611,37.58
20,47,3MINDIA,EQ,10351,6362,61.46
20,48,3PLAND,EQ,6025,3500,58.09
20,49,515GS2025,GS,30,28,93.33
20,50,522GS2025,GS,5,5,100.00
20,51,563GS2026,GS,8,4,50.00
20,52,574GS2026,GS,150,150,100.00
20,53,5PAISA,EQ,39486,18398,46.59
20,54,610GS2031,GS,1,1,100.00
20,55,618GS2024,GS,10,5,50.00
20,56,622GS2035,GS,5,5,100.00
20,57,63MOONS,EQ,100777,65902,65.39
20,58,654GS2032,GS,1124,1118,99.47
20,59,667GS2035,GS,100,100,100.00
20,60,667GS2050,GS,4003,4003,100.00
20,61,669GS2024,GS,12287,12284,99.98
20,62,676GS2061,GS,2,2,100.00
20,63,68GS2060,GS,1250,1250,100.00
20,64,699GS2026,GS,11146,11146,100.00
20,65,699GS2051,GS,4479,4479,100.00
20,66,702GS2027,GS,200,200,100.00
20,67,704GS2029,GS,2999,2999,100.00
20,68,706GS2028,GS,451,451,100.00
20,69,710GS2029,GS,34178,34178,100.00
20,70,714NHAI26,N7,400,400,100.00
20,71,718GS2033,GS,500,500,100.00
20,72,718GS2037,GS,50760,50560,99.61
20,73,723GS2039,GS,201,201,100.00
20,74,725GS2063,GS,963,963,100.00
20,75,726GS2032,GS,191452,191452,100.00
20,76,726GS2033,GS,1,1,100.00
20,77,729IRFC26,NN,1000,1000,100.00
20,78,732GS2030,GS,2400,2300,95.83
20,79,732IRFC25,NI,70,70,100.00
20,80,733GS2026,GS,1400,1400,100.00
20,81,734GS2064,GS,1446,1446,100.00
20,82,735PFCL35,N1,90,90,100.00
20,83,736GS2052,GS,25810,25805,99.98
20,84,736NTPC25D,NB,10,10,100.00
20,85,736PFCL28,N2,50,50,100.00
20,86,737GS2028,GS,2698,2598,96.29
20,87,738GS2027,GS,610331,595731,97.61
20,88,738REC27TF,N2,100,100,100.00
20,89,739NHAI26,N8,2481,2471,99.60
20,90,73GS2053,GS,22559,17257,76.50
20,91,741GS2036,GS,7366,6917,93.90
20,92,743REC35,NH,10,10,100.00
20,93,746GS2073,GS,170,170,100.00
20,94,748MH35,SG,100,100,100.00
20,95,74GS2062,GS,221,217,98.19
20,96,751HUDCO28,N5,200,200,100.00
20,97,753IRFC30,NJ,1502,1302,86.68
20,98,753TS47,SG,3000,3000,100.00
20,99,754GS2036,GS,712147,707142,99.30
20,100,758GJ32,SG,4900,4900,100.00
20,101,760PFCL35,N3,749,749,100.00
20,102,762NTPC35F,ND,740,740,100.00
20,103,763KL43,SG,100,100,100.00
20,104,764HUDCO31,N8,50,50,100.00
20,105,764IRFC31,NO,1632,1630,99.88
20,106,764NABAR31,N2,899,899,100.00
20,107,769GS2043,GS,450,450,100.00
20,108,769NHAI31,NE,1,1,100.00
20,109,76IGT26,ND,100,100,100.00
20,110,76NHAI31,NA,168,168,100.00
20,111,771KL43,SG,100,100,100.00
20,112,777MN38,SG,100,100,100.00
20,113,77AP38,SG,100,100,100.00
20,114,78ABFL33,N4,36,36,100.00
20,115,79IGT28,NF,50,50,100.00
20,116,79NHIT35,N1,1112,1112,100.00
20,117,79NHIT40,N2,1080,1080,100.00
20,118,79NHIT47,N3,279,279,100.00
20,119,801TCH25,N4,49,49,100.00
20,120,810IRFC27,N2,159,150,94.34
20,121,812REC27,NI,301,301,100.00
20,122,824GS2027,GS,401,401,100.00
20,123,825IIFL25,N7,124,124,100.00
20,124,829LTF24,NL,2,2,100.00
20,125,82HUDCO27,N2,305,305,100.00
20,126,82IGT31,NJ,600,600,100.00
20,127,82IHFL24,NO,10,10,100.00
20,128,830NHAI27,N2,891,891,100.00
20,129,830PFCL27,N5,430,430,100.00
20,130,835IFL25,NV,20,20,100.00
20,131,83TCHF25,N6,89,65,73.03
20,132,840CIFCL28,N4,2000,2000,100.00
20,133,842IIFL26,NL,110,110,100.00
20,134,843IHFL29,NC,40,35,87.50
20,135,849NTPC25,N7,151002,123593,81.85
20,136,84TCHF28,NA,98,98,100.00
20,137,850IHFL25A,NW,10,10,100.00
20,138,855IREDA29,N2,5,5,100.00
20,139,85IIFL24,NJ,35,35,100.00
20,140,85IIFL25,NO,20,20,100.00
20,141,85PCHFL24,N6,2,0,0.00
20,142,85TCAPS24,N6,299,200,66.89
20,143,865IFL28,NZ,146,101,69.18
20,144,865IIFL28,NS,45,45,100.00
20,145,865IRFC29,NA,1,1,100.00
20,146,865LTF26,NN,535,435,81.31
20,147,86LTF24,NJ,68,58,85.29
20,148,871REC28,N9,1435,1431,99.72
20,149,872MMFSL26,N1,170,170,100.00
20,150,875IIFL26,NM,137,137,100.00
20,151,875IIFL26A,NQ,122,122,100.00
20,152,875NHAI29,N6,429,417,97.20
20,153,875SFL27,ZF,145,145,100.00
20,154,879NHPC28,N5,24,24,100.00
20,155,885IBHFL26,N9,31,31,100.00
20,156,885MOFSL26,N0,175,175,100.00
20,157,885TCAPS29,NC,5,1,20.00
20,158,888ERFL28,N5,347,347,100.00
20,159,888IHFL25E,N4,91,50,54.95
20,160,888IRFC29,NE,107,107,100.00
20,161,889IHFL27,YC,5,5,100.00
20,162,891NTPC33,N6,4,4,100.00
20,163,892PFCL33,N8,189,169,89.42
20,164,897MOFSL29,N4,379,379,100.00
20,165,901HUDCO34,NE,200,100,50.00
20,166,901NHB34,N6,13,13,100.00
20,167,903SFL28,YI,2,2,100.00
20,168,910CAGL25,N7,2,2,100.00
20,169,910TCAP28,NA,200,200,100.00
20,170,91D020824,TB,800,700,87.50
20,171,91D040724,TB,200,200,100.00
20,172,91D050924,TB,500,500,100.00
20,173,91D080824,TB,5500,5500,100.00
20,174,91D120724,TB,200,200,100.00
20,175,91D150824,TB,7600,7400,97.37
20,176,91D190724,TB,100,100,100.00
20,177,91D230824,TB,400,400,100.00
20,178,91D250724,TB,200,200,100.00
20,179,91D270624,TB,200,200,100.00
20,180,91D290824,TB,500,500,100.00
20,181,91MOFSL27,N2,104,104,100.00
20,182,920PEL28,N2,500,500,100.00
20,183,925IHFL25B,Y3,2,2,100.00
20,184,925IHFL25D,N6,20,20,100.00
20,185,925IHFL26D,ZD,30,30,100.00
20,186,92GS2030,GS,522,522,100.00
20,187,930SFL28,YP,64,50,78.13
20,188,931SFL26,Z5,45,45,100.00
20,189,93IHFL24A,ZN,6,3,50.00
20,190,93MOFSL34,N6,50,50,100.00
20,191,943ECL28,NJ,24,20,83.33
20,192,945IFSL25,N4,118,118,100.00
20,193,948IHFL26,N9,4,2,50.00
20,194,948IHFL26I,AX,6,6,100.00
20,195,94SFL28,YL,358,358,100.00
20,196,955ICCL25A,NH,346,346,100.00
20,197,960ISFL25,N1,150,150,100.00
20,198,965IHFL25C,N0,2,2,100.00
20,199,965IHFL26A,ZB,42,32,76.19
20,200,96IIFL28,N5,1607,1575,98.01
20,201,96IIFL28A,NF,372,261,70.16
20,202,96SFL24A,NB,33,32,96.97
20,203,971IHFL28I,BC,5,5,100.00
20,204,975NFL25,N0,10,10,100.00
20,205,985ECL28,NK,3026,2313,76.44
20,206,985IIFL22,NC,209,209,100.00
20,207,98IHFL27,ZX,15,15,100.00
20,208,990IHFL26I,AV,9,9,100.00
20,209,990IHFL27,YT,8,8,100.00
20,210,99IFCI24,NH,83,83,100.00
20,211,9IBHFL26BA,NA,243,243,100.00
20,212,9IIFL28,Y0,16,16,100.00
20,213,9IIFL28A,NT,18,18,100.00
20,214,9MMFSML,N2,237,237,100.00
20,215,9PCHFL31A,NA,1,1,100.00
20,216,9PEL25,N0,12,12,100.00
20,217,AADHARHFC,EQ,1546366,892616,57.72
20,218,AAKASH,EQ,467176,317320,67.92
20,219,AARON,EQ,7869,3760,47.78
20,220,AARTIDRUGS,EQ,301546,113720,37.71
20,221,AARTIIND,EQ,844308,284947,33.75
20,222,AARTIPHARM,EQ,438734,184202,41.98
20,223,AARTISURF,EQ,17061,8914,52.25
20,224,AARTISURF,P1,45,25,55.56
20,225,AARVEEDEN,EQ,201035,73256,36.44
20,226,AARVI,EQ,10151,6808,67.07
20,227,AATMAJ,SM,24000,16000,66.67
20,228,AAVAS,EQ,685347,226277,33.02
20,229,ABB,EQ,601292,222310,36.97
20,230,ABBOTINDIA,EQ,10863,4475,41.19
20,231,ABCAPITAL,EQ,7200835,2194083,30.47
20,232,ABCOTS,SM,500,500,100.00
20,233,ABFL26,N1,165,100,60.61
20,234,ABFRL,EQ,5247643,2499021,47.62
20,235,ABINFRA,SM,16000,16000,100.00
20,236,ABSLAMC,EQ,486281,261662,53.81
20,237,ABSLBANETF,EQ,63116,34283,54.32
20,238,ABSLLIQUID,EQ,6899,6895,99.94
20,239,ABSLNN50ET,EQ,114254,81442,71.28
20,240,ABSLPSE,EQ,703513,460952,65.52
20,241,ABSMARINE,SM,505000,371000,73.47
20,242,ACC,EQ,226033,73511,32.52
20,243,ACCELYA,EQ,15758,7791,49.44
20,244,ACCENTMIC,SM,21000,15000,71.43
20,245,ACCURACY,EQ,1014415,705380,69.54
20,246,ACE,EQ,1174173,367043,31.26
20,247,ACEINTEG,EQ,29301,26770,91.36
20,248,ACI,EQ,540733,188706,34.90
20,249,ACL,EQ,96166,63527,66.06
20,250,ACLGATI,EQ,1760402,595358,33.82
20,251,ACSAL,SM,6000,6000,100.00
20,252,ADANIENSOL,EQ,1074316,525708,48.93
20,253,ADANIENT,EQ,1419264,353857,24.93
20,254,ADANIGREEN,EQ,971693,436106,44.88
20,255,ADANIPORTS,EQ,4484742,2224158,49.59
20,256,ADANIPOWER,EQ,5477588,2607771,47.61
20,257,ADFFOODS,EQ,130486,59180,45.35
20,258,ADL,EQ,8590,2963,34.49
20,259,ADORWELD,EQ,58592,16940,28.91
20,260,ADROITINFO,EQ,31616,20830,65.88
20,261,ADSL,EQ,4015014,1096485,27.31
20,262,ADVANIHOTR,EQ,153587,79054,51.47
20,263,ADVENZYMES,EQ,313562,102762,32.77
20,264,AEGISLOG,EQ,632587,332880,52.62
20,265,AEROFLEX,EQ,595385,250417,42.06
20,266,AETHER,EQ,87918,49521,56.33
20,267,AFFLE,EQ,204147,65640,32.15
20,268,AGARIND,EQ,173791,67823,39.03
20,269,AGARWALFT,ST,81000,81000,100.00
20,270,AGI,EQ,204588,88599,43.31
20,271,AGNI,SM,62500,50000,80.00
20,272,AGRITECH,EQ,34163,18771,54.95
20,273,AGROPHOS,EQ,504933,296756,58.77
20,274,AGSTRA,EQ,2184770,1051300,48.12
20,275,AGUL,SM,10000,10000,100.00
20,276,AHIMSA,ST,144000,144000,100.00
20,277,AHL,EQ,307670,166019,53.96
20,278,AHLEAST,EQ,36366,26018,71.54
20,279,AHLUCONT,EQ,68857,31080,45.14
20,280,AIAENG,EQ,236696,85644,36.18
20,281,AIIL,EQ,64080,30129,47.02
20,282,AIMTRON,ST,13600,13600,100.00
20,283,AIRAN,EQ,681997,458514,67.23
20,284,AIROLAM,EQ,10022,5695,56.82
20,285,AIRTELPP,E1,186914,128720,68.87
20,286,AJANTPHARM,EQ,56638,21704,38.32
20,287,AJMERA,EQ,54325,30970,57.01
20,288,AJOONI,EQ,9871939,4472676,45.31
20,289,AKANKSHA,SM,88000,62000,70.45
20,290,AKASH,EQ,22919,16745,73.06
20,291,AKG,EQ,110758,73253,66.14
20,292,AKI,EQ,76893,50237,65.33
20,293,AKSHARCHEM,EQ,5855,3671,62.70
20,294,AKZOINDIA,EQ,24509,15471,63.12
20,295,ALANKIT,EQ,1114308,615228,55.21
20,296,ALBERTDAVD,EQ,12197,6443,52.82
20,297,ALEMBICLTD,EQ,785312,279748,35.62
20,298,ALICON,EQ,28126,11636,41.37
20,299,ALKALI,EQ,15351,10077,65.64
20,300,ALKEM,EQ,175111,58949,33.66
20,301,ALKYLAMINE,EQ,89568,35265,39.37
20,302,ALLCARGO,EQ,6871572,4061451,59.11
20,303,ALLETEC,SM,233600,146000,62.50
20,304,ALLSEC,EQ,30089,11943,39.69
20,305,ALMONDZ,EQ,72774,52366,71.96
20,306,ALOKINDS,EQ,55783782,23335408,41.83
20,307,ALPA,EQ,26233,21072,80.33
20,308,ALPEXSOLAR,SM,178800,114000,63.76
20,309,ALPHA,EQ,1432747,943593,65.86
20,310,ALPHAETF,EQ,958582,808892,84.38
20,311,ALPHAGEO,EQ,58023,28574,49.25
20,312,ALPL30IETF,EQ,1575815,1470116,93.29
20,313,ALUWIND,SM,807000,615000,76.21
20,314,AMBANIORG,SM,2000,2000,100.00
20,315,AMBER,EQ,218155,99519,45.62
20,316,AMBICAAGAR,EQ,53045,34400,64.85
20,317,AMBIKCO,EQ,15074,9577,63.53
20,318,AMBUJACEM,EQ,3104511,1365627,43.99
20,319,AMDIND,EQ,60665,32465,53.52
20,320,AMEYA,SM,32000,32000,100.00
20,321,AMIABLE,SM,3200,1600,50.00
20,322,AMIORG,EQ,1806527,552362,30.58
20,323,AMJLAND,EQ,78292,42669,54.50
20,324,AMNPLST,EQ,121925,45941,37.68
20,325,AMRUTANJAN,EQ,37272,20099,53.93
20,326,ANANDRATHI,EQ,20843,13506,64.80
20,327,ANANTRAJ,EQ,1857054,767949,41.35
20,328,ANDHRAPAP,EQ,106200,56616,53.31
20,329,ANDHRSUGAR,EQ,3803935,881267,23.17
20,330,ANGELONE,EQ,286614,177991,62.10
20,331,ANIKINDS,EQ,53796,35747,66.45
20,332,ANLON,SM,28800,28000,97.22
20,333,ANNAPURNA,SM,137000,108500,79.20
20,334,ANTGRAPHIC,EQ,1297196,641484,49.45
20,335,ANUP,EQ,71255,24329,34.14
20,336,ANURAS,EQ,120855,68174,56.41
20,337,APARINDS,EQ,68640,23741,34.59
20,338,APCL,EQ,56704,29402,51.85
20,339,APCOTEXIND,EQ,39121,16084,41.11
20,340,APEX,EQ,446562,115577,25.88
20,341,APLAPOLLO,EQ,491661,330481,67.22
20,342,APLLTD,EQ,300739,174811,58.13
20,343,APOLLO,EQ,4430466,2718732,61.36
20,344,APOLLOHOSP,EQ,401714,254752,63.42
20,345,APOLLOPIPE,EQ,57982,31239,53.88
20,346,APOLLOTYRE,EQ,3228626,1814113,56.19
20,347,APOLSINHOT,EQ,2005,1364,68.03
20,348,APS,SM,126000,62000,49.21
20,349,APTECHT,EQ,212815,94488,44.40
20,350,APTUS,EQ,1395076,588991,42.22
20,351,ARABIAN,SM,12000,10000,83.33
20,352,ARCHIES,EQ,25682,19743,76.87
20,353,ARE&M,EQ,3203862,793939,24.78
20,354,ARENTERP,EQ,1917,1199,62.55
20,355,ARHAM,ST,20000,19000,95.00
20,356,ARIES,EQ,404627,166672,41.19
20,357,ARIHANTCAP,EQ,1234722,601096,48.68
20,358,ARIHANTSUP,EQ,105977,49698,46.90
20,359,ARMANFIN,EQ,22223,11711,52.70
20,360,AROGRANITE,EQ,141474,96862,68.47
20,361,ARROWGREEN,EQ,134054,45765,34.14
20,362,ARTEMISMED,EQ,81297,44656,54.93
20,363,ARTNIRMAN,EQ,21222,11426,53.84
20,364,ARVIND,EQ,375874,171653,45.67
20,365,ARVINDFASN,EQ,830845,478349,57.57
20,366,ARVSMART,EQ,51717,19663,38.02
20,367,ASAHIINDIA,EQ,817671,220644,26.98
20,368,ASAHISONG,EQ,125561,27696,22.06
20,369,ASAL,EQ,129255,46192,35.74
20,370,ASALCBR,EQ,112365,57764,51.41
20,371,ASCOM,ST,1000,1000,100.00
20,372,ASHAPURMIN,EQ,144014,84315,58.55
20,373,ASHIANA,EQ,130092,48306,37.13
20,374,ASHIMASYN,EQ,2658223,1199439,45.12
20,375,ASHOKA,EQ,2068419,797419,38.55
20,376,ASHOKAMET,EQ,188938,117657,62.27
20,377,ASHOKLEY,EQ,12166591,3501157,28.78
20,378,ASIANENE,EQ,94872,58149,61.29
20,379,ASIANPAINT,EQ,1018294,578550,56.82
20,380,ASIANTILES,EQ,2800671,1334453,47.65
20,381,ASKAUTOLTD,EQ,375839,173128,46.06
20,382,ASLIND,ST,2000,2000,100.00
20,383,ASMS,EQ,215717,131107,60.78
20,384,ASPINWALL,EQ,21943,11873,54.11
20,385,ASPIRE,SM,32000,24000,75.00
20,386,ASTEC,EQ,301059,164496,54.64
20,387,ASTERDM,EQ,709488,404731,57.05
20,388,ASTRAL,EQ,193812,66316,34.22
20,389,ASTRAMICRO,EQ,1247517,480422,38.51
20,390,ASTRAZEN,EQ,16942,12016,70.92
20,391,ATFL,EQ,1634282,563917,34.51
20,392,ATGL,EQ,873592,376421,43.09
20,393,ATL,EQ,1528565,801137,52.41
20,394,ATMASTCO,SM,267200,174400,65.27
20,395,ATUL,EQ,27451,10057,36.64
20,396,ATULAUTO,EQ,91363,41181,45.07
20,397,AUBANK,EQ,19436706,13714407,70.56
20,398,AURDIS,SM,4500,3000,66.67
20,399,AURIONPRO,EQ,150242,92826,61.78
20,400,AUROIMPEX,SM,52800,35200,66.67
20,401,AUROPHARMA,EQ,1022658,547414,53.53
20,402,AURUM,EQ,141316,90120,63.77
20,403,AURUMPP1,E1,5825,5195,89.18
20,404,AUTOAXLES,EQ,25334,13804,54.49
20,405,AUTOBEES,EQ,333090,243728,73.17
20,406,AUTOIETF,EQ,803121,570557,71.04
20,407,AUTOIND,EQ,382403,237404,62.08
20,408,AVADHSUGAR,EQ,667348,137477,20.60
20,409,AVALON,EQ,75940,30062,39.59
20,410,AVANTIFEED,EQ,3208201,683305,21.30
20,411,AVG,EQ,50646,31555,62.31
20,412,AVPINFRA,SM,164800,128000,77.67
20,413,AVROIND,EQ,55908,31072,55.58
20,414,AVTNPL,EQ,236515,125082,52.89
20,415,AWFIS,EQ,597141,250222,41.90
20,416,AWHCL,EQ,457713,178674,39.04
20,417,AWL,EQ,1210968,703397,58.09
20,418,AXISBANK,EQ,17987437,7137531,39.68
20,419,AXISBNKETF,EQ,25622,22039,86.02
20,420,AXISBPSETF,EQ,24980,15196,60.83
20,421,AXISCADES,EQ,895314,274009,30.60
20,422,AXISCETF,EQ,7668,3128,40.79
20,423,AXISGOLD,EQ,53366,43308,81.15
20,424,AXISHCETF,EQ,3798,2814,74.09
20,425,AXISILVER,EQ,27715,26452,95.44
20,426,AXISNIFTY,EQ,3137,2678,85.37
20,427,AXISTECETF,EQ,4414,2874,65.11
20,428,AXITA,EQ,1185859,475832,40.13
20,429,AXSENSEX,EQ,1210,708,58.51
20,430,AYMSYNTEX,EQ,32684,23802,72.82
20,431,AZAD,EQ,412421,265946,64.48
20,432,BABAFP,SM,17600,11200,63.64
20,433,BAHETI,SM,6000,6000,100.00
20,434,BAIDFIN,EQ,1207886,336631,27.87
20,435,BAJAJ-AUTO,EQ,279789,139962,50.02
20,436,BAJAJCON,EQ,797786,356533,44.69
20,437,BAJAJELEC,EQ,56477,26155,46.31
20,438,BAJAJFINSV,EQ,1269273,793194,62.49
20,439,BAJAJHCARE,EQ,118981,52444,44.08
20,440,BAJAJHIND,EQ,84128082,29360968,34.90
20,441,BAJAJHLDNG,EQ,24661,17201,69.75
20,442,BAJEL,EQ,944553,376277,39.84
20,443,BAJFINANCE,EQ,520400,191314,36.76
20,444,BALAJITELE,EQ,274841,137550,50.05
20,445,BALAMINES,EQ,105017,40004,38.09
20,446,BALAXI,EQ,16623,11258,67.73
20,447,BALKRISHNA,EQ,106707,57600,53.98
20,448,BALKRISIND,EQ,410371,282160,68.76
20,449,BALMLAWRIE,EQ,580467,281351,48.47
20,450,BALPHARMA,EQ,30634,17804,58.12
20,451,BALRAMCHIN,EQ,6371818,2441240,38.31
20,452,BALUFORGE,EQ,1925302,845986,43.94
20,453,BANARBEADS,EQ,91321,27004,29.57
20,454,BANARISUG,EQ,11911,7276,61.09
20,455,BANCOINDIA,EQ,45225,24256,53.63
20,456,BANDHANBNK,EQ,24410955,6863245,28.12
20,457,BANG,EQ,16843,12345,73.29
20,458,BANKBARODA,EQ,33193685,11043706,33.27
20,459,BANKBEES,EQ,1984909,1002572,50.51
20,460,BANKBETF,EQ,2520415,2451180,97.25
20,461,BANKETF,EQ,28329,26179,92.41
20,462,BANKETFADD,EQ,85447,77535,90.74
20,463,BANKIETF,EQ,588214,478224,81.30
20,464,BANKINDIA,EQ,12551561,4568824,36.40
20,465,BANKNIFTY1,EQ,414969,343507,82.78
20,466,BANSWRAS,EQ,18959,9367,49.41
20,467,BARBEQUE,EQ,46737,21327,45.63
20,468,BASF,EQ,62183,28325,45.55
20,469,BASILIC,SM,60300,47400,78.61
20,470,BASML,EQ,505467,279541,55.30
20,471,BATAINDIA,EQ,353950,181777,51.36
20,472,BAWEJA,SM,15200,11200,73.68
20,473,BAYERCROP,EQ,27800,19020,68.42
20,474,BBETF0432,EQ,2528,2250,89.00
20,475,BBL,EQ,33551,15904,47.40
20,476,BBNPPGOLD,EQ,95,93,97.89
20,477,BBOX,EQ,186932,103481,55.36
20,478,BBTC,EQ,38324,14024,36.59
20,479,BBTCL,EQ,18949,15194,80.18
20,480,BCLIND,EQ,2411853,949948,39.39
20,481,BCONCEPTS,EQ,31217,22342,71.57
20,482,BDL,EQ,3956234,1488730,37.63
20,483,BEACON,SM,1580000,816000,51.65
20,484,BEARDSELL,EQ,40303,27804,68.99
20,485,BECTORFOOD,EQ,229792,110235,47.97
20,486,BEDMUTHA,EQ,6094,3218,52.81
20,487,BEL,EQ,58698689,21569097,36.75
20,488,BEML,EQ,718965,217326,30.23
20,489,BEPL,EQ,15360656,6404551,41.69
20,490,BERGEPAINT,EQ,1060446,553336,52.18
20,491,BESTAGRO,EQ,92345,42072,45.56
20,492,BETA,SM,1300,1200,92.31
20,493,BEWLTD,SM,875,500,57.14
20,494,BFINVEST,EQ,64640,26962,41.71
20,495,BFSI,EQ,1028027,922557,89.74
20,496,BFUTILITIE,EQ,506241,153542,30.33
20,497,BHAGCHEM,EQ,440938,314223,71.26
20,498,BHAGERIA,EQ,30818,12423,40.31
20,499,BHAGYANGR,EQ,130608,70028,53.62
20,500,BHANDARI,EQ,2232370,1073474,48.09
20,501,BHARATFORG,EQ,3289884,2012227,61.16
20,502,BHARATGEAR,EQ,29606,16632,56.18
20,503,BHARATRAS,EQ,7015,2456,35.01
20,504,BHARATWIRE,EQ,112593,63927,56.78
20,505,BHARTIARTL,EQ,8640918,6827940,79.02
20,506,BHARTIHEXA,EQ,1060621,601387,56.70
20,507,BHEL,EQ,22855416,7075704,30.96
20,508,BHINVIT,IV,93620,72083,77.00
20,509,BIGBLOC,EQ,100402,44776,44.60
20,510,BIKAJI,EQ,503945,255031,50.61
20,511,BIOCON,EQ,7310198,2055482,28.12
20,512,BIOFILCHEM,EQ,24955,13516,54.16
20,513,BIRDYS,SM,13200,13200,100.00
20,514,BIRET,RR,85266,70168,82.29
20,515,BIRLACABLE,EQ,103590,48943,47.25
20,516,BIRLACORPN,EQ,91995,46599,50.65
20,517,BIRLAMONEY,EQ,328318,155551,47.38
20,518,BLAL,EQ,707431,300620,42.49
20,519,BLISSGVS,EQ,361745,174150,48.14
20,520,BLKASHYAP,EQ,6156319,2676986,43.48
20,521,BLS,EQ,5324668,1840511,34.57
20,522,BLSE,EQ,1045828,675028,64.54
20,523,BLUEDART,EQ,8790,3594,40.89
20,524,BLUEJET,EQ,204892,93241,45.51
20,525,BLUEPEBBLE,SM,102400,68000,66.41
20,526,BLUESTARCO,EQ,166698,71152,42.68
20,527,BMETRICS,SM,17200,12000,69.77
20,528,BODALCHEM,EQ,1197032,445998,37.26
20,529,BOMDYEING,EQ,1993882,459590,23.05
20,530,BOROLTD,EQ,246010,113620,46.19
20,531,BORORENEW,EQ,233250,100224,42.97
20,532,BOSCHLTD,EQ,42616,13262,31.12
20,533,BPCL,EQ,9824003,5543075,56.42
20,534,BPL,EQ,290612,92478,31.82
20,535,BRIGADE,EQ,479486,331528,69.14
20,536,BRIGHT,SM,342000,282000,82.46
20,537,BRITANNIA,EQ,135179,68565,50.72
20,538,BSE,EQ,432583,328926,76.04
20,539,BSE500IETF,EQ,307171,202113,65.80
20,540,BSHSL,EQ,18956,10678,56.33
20,541,BSL,EQ,23996,6629,27.63
20,542,BSLGOLDETF,EQ,463246,452655,97.71
20,543,BSLNIFTY,EQ,134808,82855,61.46
20,544,BSLSENETFG,EQ,3498,1710,48.89
20,545,BSOFT,EQ,4390773,1924171,43.82
20,546,BURNPUR,EQ,444619,329796,74.17
20,547,BUTTERFLY,EQ,107244,58762,54.79
20,548,BVCL,EQ,50152,22812,45.49
20,549,BYKE,EQ,135315,100894,74.56
20,550,CADSYS,ST,92000,87500,95.11
20,551,CAMLINFINE,EQ,1431168,863674,60.35
20,552,CAMPUS,EQ,577050,202037,35.01
20,553,CAMS,EQ,160186,68879,43.00
20,554,CANARYS,SM,176000,132000,75.00
20,555,CANBK,EQ,45620625,22211279,48.69
20,556,CANFINHOME,EQ,844031,195186,23.13
20,557,CANTABIL,EQ,169681,64693,38.13
20,558,CAPACITE,EQ,705922,318089,45.06
20,559,CAPITALSFB,EQ,231415,113098,48.87
20,560,CAPLIPOINT,EQ,63956,37009,57.87
20,561,CAPTRUST,EQ,8483,5342,62.97
20,562,CARBORUNIV,EQ,406557,346945,85.34
20,563,CAREERP,EQ,95067,51323,53.99
20,564,CARERATING,EQ,32443,17842,54.99
20,565,CARTRADE,EQ,162126,72305,44.60
20,566,CARYSIL,EQ,46548,20719,44.51
20,567,CASTROLIND,EQ,5634105,2219514,39.39
20,568,CBAZAAR,SM,40000,32000,80.00
20,569,CCHHL,EQ,186734,140771,75.39
20,570,CCL,EQ,275050,149310,54.28
20,571,CDSL,EQ,619806,306695,49.48
20,572,CEATLTD,EQ,68497,29204,42.64
20,573,CELEBRITY,EQ,170993,108142,63.24
20,574,CELLECOR,SM,443400,232200,52.37
20,575,CELLO,EQ,231131,175009,75.72
20,576,CELLPOINT,SM,15600,12000,76.92
20,577,CENTENKA,EQ,19859,10339,52.06
20,578,CENTEXT,EQ,155477,95932,61.70
20,579,CENTRALBK,EQ,15633223,3214745,20.56
20,580,CENTRUM,EQ,2167888,917895,42.34
20,581,CENTUM,EQ,12775,5490,42.97
20,582,CENTURYPLY,EQ,195419,67870,34.73
20,583,CENTURYTEX,EQ,262321,106222,40.49
20,584,CERA,EQ,31725,12981,40.92
20,585,CESC,EQ,3725588,1653131,44.37
20,586,CGCL,EQ,205865,78101,37.94
20,587,CGPOWER,EQ,1401771,820731,58.55
20,588,CGRAPHICS,SM,68800,44800,65.12
20,589,CHALET,EQ,246927,178879,72.44
20,590,CHAMBLFERT,EQ,22423725,3466414,15.46
20,591,CHAVDA,SM,221000,137000,61.99
20,592,CHEMBOND,EQ,106261,38110,35.86
20,593,CHEMCON,EQ,67064,33175,49.47
20,594,CHEMFAB,EQ,16146,7666,47.48
20,595,CHEMPLASTS,EQ,272606,143964,52.81
20,596,CHENNPETRO,EQ,527075,156652,29.72
20,597,CHEVIOT,EQ,2830,1859,65.69
20,598,CHOICEIN,EQ,749274,133867,17.87
20,599,CHOLAFIN,EQ,1474026,782514,53.09
20,600,CHOLAHLDNG,EQ,271569,223798,82.41
20,601,CIEINDIA,EQ,237412,107961,45.47
20,602,CIFCZC25,ND,130,130,100.00
20,603,CIGNITITEC,EQ,179642,132060,73.51
20,604,CINELINE,EQ,67714,40241,59.43
20,605,CIPLA,EQ,1881544,1349812,71.74
20,606,CLEAN,EQ,357661,144650,40.44
20,607,CLEDUCATE,EQ,121879,79209,64.99
20,608,CLOUD,SM,78000,78000,100.00
20,609,CLSEL,EQ,81664,39502,48.37
20,610,CLSL,SM,88000,76000,86.36
20,611,CMMIPL,ST,120000,114000,95.00
20,612,CMNL,SM,57000,49500,86.84
20,613,CMRSL,SM,34400,28000,81.40
20,614,CMSINFO,EQ,1422201,940490,66.13
20,615,COALINDIA,EQ,8962510,3754900,41.90
20,616,COASTCORP,EQ,109014,59694,54.76
20,617,COCHINSHIP,EQ,6356683,2059893,32.41
20,618,COFFEEDAY,EQ,2586413,1091409,42.20
20,619,COFORGE,EQ,857756,443282,51.68
20,620,COLPAL,EQ,185905,73844,39.72
20,621,COMMITTED,SM,12800,8000,62.50
20,622,COMMOIETF,EQ,228409,198616,86.96
20,623,COMPUSOFT,EQ,130181,78780,60.52
20,624,COMSYN,EQ,51917,11750,22.63
20,625,CONCOR,EQ,2279630,1082843,47.50
20,626,CONCORDBIO,EQ,43629,17537,40.20
20,627,CONFIPET,EQ,735795,302281,41.08
20,628,CONS,EQ,4448,2968,66.73
20,629,CONSOFINVT,EQ,53123,34645,65.22
20,630,CONSUMBEES,EQ,107501,84833,78.91
20,631,CONSUMIETF,EQ,14796,8465,57.21
20,632,CONTROLPR,EQ,33639,20599,61.24
20,633,COOLCAPS,SM,4750,4750,100.00
20,634,CORALFINAC,EQ,40318,21489,53.30
20,635,CORDSCABLE,EQ,53570,30135,56.25
20,636,COROMANDEL,EQ,1250531,303070,24.24
20,637,COSMOFIRST,EQ,214895,117243,54.56
20,638,COUNCODOS,EQ,60976,39107,64.14
20,639,CPSEETF,EQ,5784378,3459378,59.81
20,640,CRAFTSMAN,EQ,218616,81913,37.47
20,641,CRAYONS,SM,20000,20000,100.00
20,642,CREATIVE,EQ,8470,5027,59.35
20,643,CREDITACC,EQ,110141,70776,64.26
20,644,CREST,EQ,115580,65805,56.93
20,645,CRISIL,EQ,32053,16316,50.90
20,646,CROMPTON,EQ,2882216,1130782,39.23
20,647,CSBBANK,EQ,288713,148248,51.35
20,648,CSLFINANCE,EQ,41582,18150,43.65
20,649,CUB,EQ,7444261,2099047,28.20
20,650,CUMMINSIND,EQ,1769573,826514,46.71
20,651,CYBERTECH,EQ,110060,51587,46.87
20,652,CYIENT,EQ,265804,168034,63.22
20,653,CYIENTDLM,EQ,1176817,585594,49.76
20,654,DABUR,EQ,1703051,796985,46.80
20,655,DALBHARAT,EQ,398010,234049,58.80
20,656,DALMIASUG,EQ,593998,168691,28.40
20,657,DAMODARIND,EQ,28114,17273,61.44
20,658,DANGEE,EQ,143192,106837,74.61
20,659,DATAMATICS,EQ,833325,207820,24.94
20,660,DATAPATTNS,EQ,846140,290441,34.33
20,661,DAVANGERE,EQ,7055677,3624595,51.37
20,662,DBCORP,EQ,131461,80703,61.39
20,663,DBL,EQ,5779825,1129676,19.55
20,664,DBOL,EQ,471025,237754,50.48
20,665,DBREALTY,EQ,2591869,1131648,43.66
20,666,DBSTOCKBRO,EQ,19918,11769,59.09
20,667,DCAL,EQ,388757,176715,45.46
20,668,DCBBANK,EQ,3122650,1471153,47.11
20,669,DCG,SM,44400,30000,67.57
20,670,DCM,EQ,54775,35325,64.49
20,671,DCMNVL,EQ,59967,33756,56.29
20,672,DCMSHRIRAM,EQ,136330,32136,23.57
20,673,DCMSRIND,EQ,454640,172811,38.01
20,674,DCW,EQ,2406025,885517,36.80
20,675,DCXINDIA,EQ,5287898,1686570,31.89
20,676,DECCANCE,EQ,29001,12391,42.73
20,677,DEEM,SM,15000,13000,86.67
20,678,DEEPAKFERT,EQ,6281630,2329843,37.09
20,679,DEEPAKNTR,EQ,918506,233660,25.44
20,680,DEEPENR,EQ,10644,5222,49.06
20,681,DEEPINDS,EQ,127502,70586,55.36
20,682,DELAPLEX,SM,74400,61800,83.06
20,683,DELHIVERY,EQ,2535998,1738487,68.55
20,684,DELTACORP,EQ,62767674,12775344,20.35
20,685,DELTAMAGNT,EQ,12024,8530,70.94
20,686,DEN,EQ,12569790,4205244,33.46
20,687,DENEERS,SM,3600,3600,100.00
20,688,DENORA,EQ,23427,11902,50.80
20,689,DENTALKART,SM,15500,12750,82.26
20,690,DESTINY,ST,21000,21000,100.00
20,691,DEVIT,EQ,14397,8712,60.51
20,692,DEVYANI,EQ,2415639,1648633,68.25
20,693,DHAMPURSUG,EQ,3216113,994207,30.91
20,694,DHANBANK,EQ,1530970,955924,62.44
20,695,DHANI,EQ,2995072,1277931,42.67
20,696,DHANUKA,EQ,57125,26711,46.76
20,697,DHARMAJ,EQ,157761,80843,51.24
20,698,DHTL,SM,112000,91200,81.43
20,699,DHUNINV,EQ,1051,628,59.75
20,700,DIAMINESQ,EQ,12071,7631,63.22
20,701,DIAMONDYD,EQ,21859,13000,59.47
20,702,DICIND,EQ,12680,8727,68.82
20,703,DIGIKORE,SM,7800,5200,66.67
20,704,DIGISPICE,EQ,1232872,710622,57.64
20,705,DIL,EQ,662823,409725,61.82
20,706,DISHTV,EQ,19089074,5027107,26.33
20,707,DIVGIITTS,EQ,147249,92281,62.67
20,708,DIVISLAB,EQ,223028,99206,44.48
20,709,DIVOPPBEES,EQ,105808,71366,67.45
20,710,DIXON,EQ,383979,113446,29.54
20,711,DKEGL,SM,6000,6000,100.00
20,712,DLF,EQ,4384765,2281086,52.02
20,713,DLINKINDIA,EQ,242249,85092,35.13
20,714,DLSLZC24,NQ,20,20,100.00
20,715,DMART,EQ,1438750,411614,28.61
20,716,DMCC,EQ,20647,9581,46.40
20,717,DNAMEDIA,EQ,240278,177572,73.90
20,718,DODLA,EQ,47498,20270,42.68
20,719,DOLATALGO,EQ,705748,245418,34.77
20,720,DOLLAR,EQ,74685,30656,41.05
20,721,DOLLEX,SM,80000,52000,65.00
20,722,DOMS,EQ,80567,44293,54.98
20,723,DONEAR,EQ,385146,173242,44.98
20,724,DPABHUSHAN,EQ,8069,4772,59.14
20,725,DPSCLTD,EQ,3086187,1536614,49.79
20,726,DPWIRES,EQ,25547,13370,52.33
20,727,DRCSYSTEMS,EQ,2060110,1279527,62.11
20,728,DREAMFOLKS,EQ,144895,91220,62.96
20,729,DREDGECORP,EQ,246877,120466,48.80
20,730,DRONE,SM,94000,60000,63.83
20,731,DRREDDY,EQ,611329,420160,68.73
20,732,DRSDILIP,SM,2400,2400,100.00
20,733,DSSL,EQ,32348,16777,51.86
20,734,DTIL,EQ,11820,6014,50.88
20,735,DUCOL,SM,12000,9600,80.00
20,736,DUGLOBAL,SM,15000,12500,83.33
20,737,DVL,EQ,54075,26712,49.40
20,738,DWARKESH,EQ,9591655,2653816,27.67
20,739,DYCL,EQ,223773,89761,40.11
20,740,DYNAMATECH,EQ,12778,5587,43.72
20,741,DYNAMIC,SM,41000,28000,68.29
20,742,DYNPRO,EQ,152097,71294,46.87
20,743,EASEMYTRIP,EQ,7801914,2885958,36.99
20,744,EBBETF0425,EQ,2487,2229,89.63
20,745,EBBETF0430,EQ,13605,11640,85.56
20,746,EBBETF0431,EQ,16771,12948,77.20
20,747,EBBETF0433,EQ,3808,2855,74.97
20,748,ECLERX,EQ,47563,22676,47.68
20,749,EDELWEISS,EQ,2459298,1251887,50.90
20,750,EFACTOR,SM,33600,28800,85.71
20,751,EFORCE,SM,55200,39600,71.74
20,752,EGOLD,EQ,263,242,92.02
20,753,EICHERMOT,EQ,652617,416872,63.88
20,754,EIDPARRY,EQ,8569691,1508767,17.61
20,755,EIFFL,EQ,33192,15441,46.52
20,756,EIHAHOTELS,EQ,41908,18220,43.48
20,757,EIHOTEL,EQ,397699,211673,53.22
20,758,EIMCOELECO,EQ,3628,2452,67.59
20,759,EKC,EQ,1373491,749617,54.58
20,760,ELDEHSG,EQ,1531,975,63.68
20,761,ELECON,EQ,167188,84587,50.59
20,762,ELECTCAST,EQ,1080893,676527,62.59
20,763,ELGIEQUIP,EQ,366823,145859,39.76
20,764,ELIN,EQ,405990,201139,49.54
20,765,EMAMILTD,EQ,531341,205423,38.66
20,766,EMAMIPAP,EQ,103977,54778,52.68
20,767,EMAMIREAL,EQ,124756,81953,65.69
20,768,EMBASSY,RR,749184,671836,89.68
20,769,EMIL,EQ,816211,465874,57.08
20,770,EMKAYTOOLS,SM,2400,1800,75.00
20,771,EMMBI,EQ,31935,15651,49.01
20,772,EMMIL,SM,47000,36000,76.60
20,773,EMSLIMITED,EQ,1599075,637816,39.89
20,774,EMUDHRA,EQ,240906,103872,43.12
20,775,ENDURANCE,EQ,172872,74511,43.10
20,776,ENERGYDEV,EQ,117560,82706,70.35
20,777,ENFUSE,SM,69600,57600,82.76
20,778,ENGINERSIN,EQ,7194433,2027512,28.18
20,779,ENIL,EQ,66284,28692,43.29
20,780,ENSER,SM,64000,44000,68.75
20,781,ENTERO,EQ,82149,68019,82.80
20,782,EPACK,EQ,4517845,2003333,44.34
20,783,EPIGRAL,EQ,57874,26359,45.55
20,784,EPL,EQ,548410,283401,51.68
20,785,EQUAL50ADD,EQ,124349,86680,69.71
20,786,EQUITASBNK,EQ,12498837,5603154,44.83
20,787,ERIS,EQ,231038,122045,52.82
20,788,EROSMEDIA,EQ,490849,250070,50.95
20,789,ESABINDIA,EQ,11678,4585,39.26
20,790,ESAFSFB,EQ,4310379,2168560,50.31
20,791,ESCONET,SM,92000,70400,76.52
20,792,ESCORTS,EQ,98830,25994,26.30
20,793,ESFL,SM,18000,15600,86.67
20,794,ESG,EQ,185567,168453,90.78
20,795,ESILVER,EQ,9347,7132,76.30
20,796,ESSARSHPNG,EQ,7423531,2589763,34.89
20,797,ESTER,EQ,160223,52159,32.55
20,798,ETHOSLTD,EQ,51359,36321,70.72
20,799,EUROBOND,SM,15000,12000,80.00
20,800,EUROTEXIND,EQ,3412,3315,97.16
20,801,EVEREADY,EQ,164634,80165,48.69
20,802,EVERESTIND,EQ,10652,5501,51.64
20,803,EXCELINDUS,EQ,170463,37810,22.18
20,804,EXICOM,EQ,7593244,1767434,23.28
20,805,EXIDEIND,EQ,5371061,1702283,31.69
20,806,EXPLEOSOL,EQ,8409,4834,57.49
20,807,EXXARO,EQ,66801,41644,62.34
20,808,FACT,EQ,9758371,1087873,11.15
20,809,FAIRCHEMOR,EQ,30846,17453,56.58
20,810,FAZE3Q,EQ,66813,26795,40.10
20,811,FCL,EQ,266194,93463,35.11
20,812,FCSSOFT,EQ,6023742,3755683,62.35
20,813,FDC,EQ,78461,40519,51.64
20,814,FEDERALBNK,EQ,29598134,8822153,29.81
20,815,FEDFINA,EQ,338066,128033,37.87
20,816,FELIX,SM,49500,26000,52.53
20,817,FIBERWEB,EQ,90493,49383,54.57
20,818,FIDEL,SM,17000,10000,58.82
20,819,FIEMIND,EQ,182311,107938,59.21
20,820,FILATEX,EQ,1501296,729625,48.60
20,821,FILATFASH,EQ,12885202,4585545,35.59
20,822,FINCABLES,EQ,119093,55044,46.22
20,823,FINEORG,EQ,65443,22628,34.58
20,824,FINIETF,EQ,129581,85473,65.96
20,825,FINOPB,EQ,6220330,1364003,21.93
20,826,FINPIPE,EQ,514109,208191,40.50
20,827,FIVESTAR,EQ,454254,244559,53.84
20,828,FLAIR,EQ,130979,72382,55.26
20,829,FLUOROCHEM,EQ,99518,52069,52.32
20,830,FMCGIETF,EQ,610764,562060,92.03
20,831,FMGOETZE,EQ,601263,294575,48.99
20,832,FMNL,EQ,114524,61675,53.85
20,833,FOCE,SM,400,400,100.00
20,834,FOCUS,EQ,210489,129293,61.43
20,835,FONEBOX,SM,17000,15000,88.24
20,836,FOODSIN,EQ,185604,80376,43.31
20,837,FORCEMOT,EQ,16089,10408,64.69
20,838,FORTIS,EQ,1113280,705504,63.37
20,839,FOSECOIND,EQ,18776,5069,27.00
20,840,FROG,SM,112000,62800,56.07
20,841,FSL,EQ,1124250,343689,30.57
20,842,FUSION,EQ,882893,601549,68.13
20,843,GABRIEL,EQ,454264,216577,47.68
20,844,GAEL,EQ,1307433,643659,49.23
20,845,GAIL,EQ,20546373,9138155,44.48
20,846,GALAXYSURF,EQ,37610,20768,55.22
20,847,GANDHAR,EQ,390759,191994,49.13
20,848,GANDHITUBE,EQ,8783,4407,50.18
20,849,GANECOS,EQ,74859,49154,65.66
20,850,GANESHBE,EQ,211120,136944,64.87
20,851,GANESHHOUC,EQ,186346,93452,50.15
20,852,GANGESSECU,EQ,29544,13420,45.42
20,853,GARFIBRES,EQ,33510,16066,47.94
20,854,GATEWAY,EQ,492031,211793,43.04
20,855,GEECEE,EQ,42752,15410,36.05
20,856,GEEKAYWIRE,EQ,146867,88079,59.97
20,857,GENCON,EQ,1783070,898517,50.39
20,858,GENESYS,EQ,370914,191436,51.61
20,859,GENSOL,EQ,199947,115576,57.80
20,860,GENUSPAPER,EQ,971278,401164,41.30
20,861,GENUSPOWER,EQ,713506,457162,64.07
20,862,GEOJITFSL,EQ,2626397,940084,35.79
20,863,GEPIL,EQ,709833,282305,39.77
20,864,GESHIP,EQ,704430,303021,43.02
20,865,GFLLIMITED,EQ,88206,36424,41.29
20,866,GHCL,EQ,117714,58892,50.03
20,867,GHCLTEXTIL,EQ,395883,200872,50.74
20,868,GICHSGFIN,EQ,637363,242970,38.12
20,869,GICL,SM,6000,6000,100.00
20,870,GICRE,EQ,1121875,466346,41.57
20,871,GILLANDERS,EQ,13989,6379,45.60
20,872,GILLETTE,EQ,47756,32644,68.36
20,873,GILT5YBEES,EQ,445775,412205,92.47
20,874,GINNIFILA,EQ,86593,49924,57.65
20,875,GIPCL,EQ,5947473,1570317,26.40
20,876,GIRIRAJ,ST,1750,1750,100.00
20,877,GLAND,EQ,2007185,1029714,51.30
20,878,GLAXO,EQ,73982,42867,57.94
20,879,GLENMARK,EQ,811531,347865,42.87
20,880,GLOBALPET,SM,9000,7500,83.33
20,881,GLOBE,EQ,3596868,2247224,62.48
20,882,GLOBUSSPR,EQ,100063,49944,49.91
20,883,GLOSTERLTD,EQ,3529,3061,86.74
20,884,GLS,EQ,51917,23247,44.78
20,885,GMBREW,EQ,46833,21890,46.74
20,886,GMDCLTD,EQ,1537684,587440,38.20
20,887,GMMPFAUDLR,EQ,114033,58653,51.44
20,888,GMRINFRA,EQ,120276067,39150432,32.55
20,889,GMRP&UI,EQ,6577483,3379094,51.37
20,890,GNA,EQ,50244,28042,55.81
20,891,GNFC,EQ,5158328,1702545,33.01
20,892,GOACARBON,EQ,60272,18760,31.13
20,893,GOCLCORP,EQ,143830,63904,44.43
20,894,GOCOLORS,EQ,30784,14620,47.49
20,895,GODFRYPHLP,EQ,180167,31363,17.41
20,896,GODHA,EQ,9383794,6051430,64.49
20,897,GODIGIT,EQ,1337509,497081,37.16
20,898,GODREJAGRO,EQ,1049265,651609,62.10
20,899,GODREJCP,EQ,434087,218894,50.43
20,900,GODREJIND,EQ,264304,188410,71.29
20,901,GODREJPROP,EQ,598412,209959,35.09
20,902,GOKEX,EQ,83752,42204,50.39
20,903,GOKULAGRO,EQ,602069,144201,23.95
20,904,GOLD1,EQ,1788880,1732518,96.85
20,905,GOLDBEES,EQ,4444925,3115107,70.08
20,906,GOLDCASE,EQ,269465,261673,97.11
20,907,GOLDETF,EQ,30317,26867,88.62
20,908,GOLDETFADD,EQ,10764,9826,91.29
20,909,GOLDIAM,EQ,414670,196855,47.47
20,910,GOLDIETF,EQ,1128719,890309,78.88
20,911,GOLDSHARE,EQ,97198,76461,78.67
20,912,GOLDSTAR,SM,236250,202500,85.71
20,913,GOLDTECH,EQ,16897,9731,57.59
20,914,GOODLUCK,EQ,98672,60787,61.61
20,915,GOPAL,EQ,159104,85435,53.70
20,916,GOYALSALT,SM,9000,7200,80.00
20,917,GPIL,EQ,522704,196333,37.56
20,918,GPPL,EQ,2075034,913962,44.05
20,919,GPTHEALTH,EQ,148849,89854,60.37
20,920,GRANULES,EQ,1010043,382403,37.86
20,921,GRAPHISAD,SM,16800,9600,57.14
20,922,GRAPHITE,EQ,2381097,741118,31.13
20,923,GRASIM,EQ,668976,387576,57.94
20,924,GRAVITA,EQ,1902053,326115,17.15
20,925,GRCL,SM,1000,1000,100.00
20,926,GREAVESCOT,EQ,751200,351892,46.84
20,927,GREENCHEF,SM,30400,23200,76.32
20,928,GREENLAM,EQ,35613,12273,34.46
20,929,GREENPANEL,EQ,289455,155726,53.80
20,930,GREENPLY,EQ,1115768,439186,39.36
20,931,GREENPOWER,EQ,3157058,2350523,74.45
20,932,GRINDWELL,EQ,189478,56919,30.04
20,933,GRINFRA,EQ,86948,37651,43.30
20,934,GRMOVER,EQ,218110,104332,47.83
20,935,GROBTEA,EQ,434,244,56.22
20,936,GRPLTD,EQ,2106,1342,63.72
20,937,GRSE,EQ,5457899,1313156,24.06
20,938,GRWRHITECH,EQ,159266,63146,39.65
20,939,GSEC10YEAR,EQ,100802,51112,50.71
20,940,GSEC5IETF,EQ,10213,10093,98.83
20,941,GSFC,EQ,20781808,5991186,28.83
20,942,GSLSU,EQ,68912,32988,47.87
20,943,GSMFOILS,SM,744000,336000,45.16
20,944,GSPL,EQ,1236417,693167,56.06
20,945,GSTL,SM,11000,11000,100.00
20,946,GTLINFRA,EQ,415817896,166396357,40.02
20,947,GTPL,EQ,92859,46517,50.09
20,948,GUFICBIO,EQ,230708,94405,40.92
20,949,GUJALKALI,EQ,60943,23316,38.26
20,950,GUJAPOLLO,EQ,13825,6623,47.91
20,951,GUJGASLTD,EQ,1108093,377230,34.04
20,952,GUJRAFFIA,EQ,25163,13581,53.97
20,953,GULFOILLUB,EQ,122133,42169,34.53
20,954,GULFPETRO,EQ,346553,176690,50.98
20,955,GULPOLY,EQ,202426,78627,38.84
20,956,HAL,EQ,7351379,2001067,27.22
20,957,HAPPSTMNDS,EQ,522689,217581,41.63
20,958,HAPPYFORGE,EQ,38169,18003,47.17
20,959,HARDWYN,EQ,738298,493367,66.82
20,960,HARIOMPIPE,EQ,59869,28807,48.12
20,961,HARRMALAYA,EQ,199785,107383,53.75
20,962,HARSHA,EQ,533080,134359,25.20
20,963,HATHWAY,EQ,13662809,4321526,31.63
20,964,HATSUN,EQ,14959,8167,54.60
20,965,HAVELLS,EQ,1261356,794743,63.01
20,966,HAVISHA,EQ,249595,225403,90.31
20,967,HBLPOWER,EQ,2077925,976226,46.98
20,968,HBSL,EQ,49498,34477,69.65
20,969,HCC,EQ,25301260,12061311,47.67
20,970,HCG,EQ,151358,88868,58.71
20,971,HCLTECH,EQ,3117522,2185696,70.11
20,972,HDFCAMC,EQ,168844,65963,39.07
20,973,HDFCBANK,EQ,45065598,24850893,55.14
20,974,HDFCBSE500,EQ,40424,24053,59.50
20,975,HDFCGOLD,EQ,1427165,1050227,73.59
20,976,HDFCGROWTH,EQ,10590,9562,90.29
20,977,HDFCLIFE,EQ,4453729,2562230,57.53
20,978,HDFCLIQUID,EQ,24958,24460,98.00
20,979,HDFCLOWVOL,EQ,23979,18647,77.76
20,980,HDFCMID150,EQ,598059,499531,83.53
20,981,HDFCMOMENT,EQ,902300,745085,82.58
20,982,HDFCNEXT50,EQ,137972,90315,65.46
20,983,HDFCNIF100,EQ,44593,29630,66.45
20,984,HDFCNIFBAN,EQ,113700,61208,53.83
20,985,HDFCNIFIT,EQ,62588,60705,96.99
20,986,HDFCNIFTY,EQ,135024,119525,88.52
20,987,HDFCPSUBK,EQ,58783,32286,54.92
20,988,HDFCPVTBAN,EQ,838388,523526,62.44
20,989,HDFCQUAL,EQ,22399,14633,65.33
20,990,HDFCSENSEX,EQ,29722,21834,73.46
20,991,HDFCSILVER,EQ,277477,232933,83.95
20,992,HDFCSML250,EQ,594110,320250,53.90
20,993,HDFCVALUE,EQ,7997,7059,88.27
20,994,HEALTHADD,EQ,589,577,97.96
20,995,HEALTHIETF,EQ,36242,19534,53.90
20,996,HEALTHY,EQ,14565983,14261348,97.91
20,997,HEG,EQ,505162,132606,26.25
20,998,HEIDELBERG,EQ,155064,79164,51.05
20,999,HEMIPROP,EQ,676753,303832,44.90
20,1000,HERANBA,EQ,559125,190267,34.03
20,1001,HERCULES,EQ,224929,61254,27.23
20,1002,HERITGFOOD,EQ,1464225,763466,52.14
20,1003,HEROMOTOCO,EQ,447054,227666,50.93
20,1004,HESTERBIO,EQ,16030,7553,47.12
20,1005,HEUBACHIND,EQ,26285,13668,52.00
20,1006,HEXATRADEX,EQ,235416,147289,62.57
20,1007,HFCL,EQ,103780909,20347345,19.61
20,1008,HGINFRA,EQ,141757,70739,49.90
20,1009,HGS,EQ,19077,8833,46.30
20,1010,HIGREEN,SM,119200,97600,81.88
20,1011,HIKAL,EQ,191037,93769,49.08
20,1012,HIL,EQ,12623,6795,53.83
20,1013,HILTON,EQ,584664,204721,35.02
20,1014,HIMATSEIDE,EQ,250358,128091,51.16
20,1015,HINDALCO,EQ,4770356,2286107,47.92
20,1016,HINDCOMPOS,EQ,26839,15964,59.48
20,1017,HINDCOPPER,EQ,5175648,2090645,40.39
20,1018,HINDMOTORS,EQ,2096409,969216,46.23
20,1019,HINDOILEXP,EQ,2266099,834878,36.84
20,1020,HINDPETRO,EQ,6529379,2953718,45.24
20,1021,HINDUNILVR,EQ,986976,616054,62.42
20,1022,HINDWAREAP,EQ,660935,456929,69.13
20,1023,HINDZINC,EQ,867046,527326,60.82
20,1024,HIRECT,EQ,18696,13435,71.86
20,1025,HISARMETAL,EQ,8402,6342,75.48
20,1026,HITECH,EQ,4179316,1351187,32.33
20,1027,HITECHCORP,EQ,6231,4083,65.53
20,1028,HLEGLAS,EQ,49285,21021,42.65
20,1029,HMAAGRO,EQ,343223,201552,58.72
20,1030,HMVL,EQ,158026,83689,52.96
20,1031,HNDFDS,EQ,76432,51832,67.81
20,1032,HNGSNGBEES,EQ,118284,75471,63.80
20,1033,HOACFOODS,SM,36000,24000,66.67
20,1034,HOLMARC,SM,24000,15000,62.50
20,1035,HOMEFIRST,EQ,365914,273694,74.80
20,1036,HOMESFY,ST,3000,2700,90.00
20,1037,HONASA,EQ,1186372,776315,65.44
20,1038,HONAUT,EQ,5284,2215,41.92
20,1039,HONDAPOWER,EQ,87346,26113,29.90
20,1040,HPAL,EQ,184034,88865,48.29
20,1041,HPIL,EQ,97326,39377,40.46
20,1042,HPL,EQ,944784,347786,36.81
20,1043,HRHNEXT,SM,6000,3000,50.00
20,1044,HSCL,EQ,2903722,1621918,55.86
20,1045,HTMEDIA,EQ,1786548,815517,45.65
20,1046,HUDCO,EQ,21763762,5825440,26.77
20,1047,HUHTAMAKI,EQ,99926,52601,52.64
20,1048,HYBRIDFIN,EQ,5574,4021,72.14
20,1049,IBHF24,ZD,50,50,100.00
20,1050,IBHFZC25B,AT,15,15,100.00
20,1051,IBLFL,SM,22000,18000,81.82
20,1052,IBREALEST,EQ,9832078,3404870,34.63
20,1053,IBULHSGFIN,EQ,6143154,2562551,41.71
20,1054,IBULPP,E1,1476291,1044676,70.76
20,1055,ICEMAKE,EQ,66875,41660,62.30
20,1056,ICICIB22,EQ,2008469,1623347,80.83
20,1057,ICICIBANK,EQ,34309514,13123207,38.25
20,1058,ICICIGI,EQ,2946420,2245245,76.20
20,1059,ICICIPRULI,EQ,1695120,971750,57.33
20,1060,ICIL,EQ,292974,150498,51.37
20,1061,ICRA,EQ,63935,51098,79.92
20,1062,IDBI,EQ,9101166,2484492,27.30
20,1063,IDEA,EQ,1564573800,417626536,26.69
20,1064,IDEAFORGE,EQ,2391522,783799,32.77
20,1065,IDFC,EQ,10370154,3837454,37.00
20,1066,IDFCFIRSTB,EQ,116468010,38924856,33.42
20,1067,IDFNIFTYET,EQ,137,129,94.16
20,1068,IEL,EQ,103859,66521,64.05
20,1069,IEML,SM,216000,116000,53.70
20,1070,IEX,EQ,17822528,4801810,26.94
20,1071,IFBAGRO,EQ,5191,3244,62.49
20,1072,IFBIND,EQ,45472,22870,50.29
20,1073,IFCI,EQ,25737667,8799751,34.19
20,1074,IFGLEXPOR,EQ,11938,6211,52.03
20,1075,IGARASHI,EQ,76334,37327,48.90
20,1076,IGL,EQ,2000817,1107703,55.36
20,1077,IGPL,EQ,191046,89114,46.65
20,1078,IHF310524,ZF,11,11,100.00
20,1079,IIFL,EQ,1710522,783014,45.78
20,1080,IIFLSEC,EQ,748276,388352,51.90
20,1081,IIFLZC24,NK,110,110,100.00
20,1082,IIFLZC25A,NP,220,220,100.00
20,1083,IIFLZC25B,NW,332,142,42.77
20,1084,IIFLZC25C,N8,25,25,100.00
20,1085,IIFLZC26A,NR,10,10,100.00
20,1086,IIFLZC28,NG,5,5,100.00
20,1087,IIFLZC28A,NU,350,300,85.71
20,1088,IIFLZC28B,Y1,63,63,100.00
20,1089,IIFLZC28C,N6,111,111,100.00
20,1090,IITL,EQ,114222,109549,95.91
20,1091,IKIO,EQ,274376,123850,45.14
20,1092,IMAGICAA,EQ,1342721,604218,45.00
20,1093,IMC1,N0,197,166,84.26
20,1094,IMC1,N1,146,135,92.47
20,1095,IMC1,N2,304,294,96.71
20,1096,IMC1,N3,83,83,100.00
20,1097,IMFA,EQ,422641,156785,37.10
20,1098,IMPAL,EQ,5406,2963,54.81
20,1099,INCREDIBLE,EQ,22405,10322,46.07
20,1100,INDBANK,EQ,875297,394447,45.06
20,1101,INDGN,EQ,620310,299910,48.35
20,1102,INDHOTEL,EQ,3334339,1704075,51.11
20,1103,INDIACEM,EQ,2440811,924369,37.87
20,1104,INDIAGLYCO,EQ,273906,104441,38.13
20,1105,INDIAMART,EQ,305318,60676,19.87
20,1106,INDIANB,EQ,2211371,1180337,53.38
20,1107,INDIANCARD,EQ,5942,3698,62.23
20,1108,INDIANHUME,EQ,717324,226619,31.59
20,1109,INDIASHLTR,EQ,207659,93978,45.26
20,1110,INDIFRA,SM,8000,8000,100.00
20,1111,INDIGO,EQ,1285543,783118,60.92
20,1112,INDIGOPNTS,EQ,67837,56233,82.89
20,1113,INDIGRID,IV,227354,204106,89.77
20,1114,INDNIPPON,EQ,254693,59611,23.41
20,1115,INDOAMIN,EQ,86512,39779,45.98
20,1116,INDOBORAX,EQ,48481,29514,60.88
20,1117,INDOCO,EQ,67473,40253,59.66
20,1118,INDORAMA,EQ,149354,68053,45.56
20,1119,INDOSTAR,EQ,333435,206801,62.02
20,1120,INDOTHAI,EQ,3332,2175,65.28
20,1121,INDOWIND,EQ,452517,273483,60.44
20,1122,INDRAMEDCO,EQ,195145,88753,45.48
20,1123,INDSWFTLAB,EQ,537966,324749,60.37
20,1124,INDTERRAIN,EQ,52365,24428,46.65
20,1125,INDUSINDBK,EQ,11002582,3801958,34.56
20,1126,INDUSTOWER,EQ,832154977,501173024,60.23
20,1127,INFIBEAM,EQ,14466675,5737402,39.66
20,1128,INFINIUM,SM,26000,15000,57.69
20,1129,INFOBEAN,EQ,78294,35095,44.82
20,1130,INFOLLION,SM,231200,219200,94.81
20,1131,INFOMEDIA,EQ,46781,36330,77.66
20,1132,INFRABEES,EQ,42443,30269,71.32
20,1133,INFRAIETF,EQ,278976,191015,68.47
20,1134,INFY,EQ,5493456,3488587,63.50
20,1135,INGERRAND,EQ,15526,7935,51.11
20,1136,INM,SM,1200,1200,100.00
20,1137,INNOVACAP,EQ,749456,692397,92.39
20,1138,INNOVANA,SM,10400,7000,67.31
20,1139,INNOVATIVE,SM,66000,45000,68.18
20,1140,INOXGREEN,EQ,3560244,2346841,65.92
20,1141,INOXINDIA,EQ,351677,152444,43.35
20,1142,INOXWIND,EQ,5302856,2779584,52.42
20,1143,INSECTICID,EQ,314213,152864,48.65
20,1144,INSPIRE,SM,26000,24000,92.31
20,1145,INTELLECT,EQ,273452,141021,51.57
20,1146,INTENTECH,EQ,172649,130923,75.83
20,1147,INTLCONV,EQ,200287,91860,45.86
20,1148,INVENTURE,EQ,8621215,5187852,60.18
20,1149,IOB,EQ,19219919,3986034,20.74
20,1150,IOC,EQ,18053095,9463400,52.42
20,1151,IOLCP,EQ,319729,151859,47.50
20,1152,IONEXCHANG,EQ,335187,170378,50.83
20,1153,IPCALAB,EQ,373279,200345,53.67
20,1154,IPL,EQ,1538002,521886,33.93
20,1155,IPSL,SM,1000,1000,100.00
20,1156,IRB,EQ,80175603,45518678,56.77
20,1157,IRBINVIT,IV,243588,213718,87.74
20,1158,IRCON,EQ,6974875,2500638,35.85
20,1159,IRCTC,EQ,2550530,815684,31.98
20,1160,IREDA,EQ,10800398,4644897,43.01
20,1161,IRFC,EQ,26756319,10171163,38.01
20,1162,IRISDOREME,EQ,900649,334673,37.16
20,1163,IRMENERGY,EQ,218100,184356,84.53
20,1164,ISEC,EQ,829014,507768,61.25
20,1165,ISFT,EQ,60981,33313,54.63
20,1166,ISGEC,EQ,107412,43836,40.81
20,1167,ISHAN,SM,336000,288000,85.71
20,1168,ISMTLTD,EQ,523377,158628,30.31
20,1169,IT,EQ,76039,51920,68.28
20,1170,ITALIANE,SM,12000,12000,100.00
20,1171,ITBEES,EQ,12419902,9867414,79.45
20,1172,ITC,EQ,10909803,7539540,69.11
20,1173,ITDC,EQ,352625,61645,17.48
20,1174,ITDCEM,EQ,966144,452628,46.85
20,1175,ITETF,EQ,98651,85485,86.65
20,1176,ITETFADD,EQ,78520,47247,60.17
20,1177,ITI,EQ,1452328,369663,25.45
20,1178,ITIETF,EQ,521180,315619,60.56
20,1179,IVC,EQ,687064,395389,57.55
20,1180,IVP,EQ,47203,27849,59.00
20,1181,IVZINGOLD,EQ,18,11,61.11
20,1182,IVZINNIFTY,EQ,10,6,60.00
20,1183,IWEL,EQ,5633,4750,84.32
20,1184,IXIGO,EQ,47885517,13193937,27.55
20,1185,IZMO,EQ,46004,28619,62.21
20,1186,JAGRAN,EQ,509489,293105,57.53
20,1187,JAGSNPHARM,EQ,75753,62491,82.49
20,1188,JAICORPLTD,EQ,739587,257295,34.79
20,1189,JAINAM,SM,10000,8000,80.00
20,1190,JALAN,SM,24000,12000,50.00
20,1191,JAMNAAUTO,EQ,1844693,630687,34.19
20,1192,JASH,EQ,12616,7105,56.32
20,1193,JAYAGROGN,EQ,646019,211786,32.78
20,1194,JAYBARMARU,EQ,142198,75311,52.96
20,1195,JAYNECOIND,EQ,230557,131377,56.98
20,1196,JAYSREETEA,EQ,151239,73447,48.56
20,1197,JBCHEPHARM,EQ,104163,45600,43.78
20,1198,JBMA,EQ,118518,47336,39.94
20,1199,JCHAC,EQ,49630,31306,63.08
20,1200,JETFREIGHT,EQ,119957,83376,69.50
20,1201,JFLLIFE,SM,12000,12000,100.00
20,1202,JGCHEM,EQ,577351,229598,39.77
20,1203,JINDALPHOT,EQ,9612,5727,59.58
20,1204,JINDALPOLY,EQ,243717,87310,35.82
20,1205,JINDALSAW,EQ,1009904,419302,41.52
20,1206,JINDALSTEL,EQ,2074723,1029166,49.60
20,1207,JINDRILL,EQ,41402,24207,58.47
20,1208,JINDWORLD,EQ,37195,13977,37.58
20,1209,JIOFIN,EQ,15717813,7320277,46.57
20,1210,JISLDVREQS,EQ,166011,79288,47.76
20,1211,JISLJALEQS,EQ,9441721,4202184,44.51
20,1212,JITFINFRA,EQ,129909,88887,68.42
20,1213,JIWANRAM,SM,12000,12000,100.00
20,1214,J&KBANK,EQ,2909418,1006576,34.60
20,1215,JKCEMENT,EQ,101163,43681,43.18
20,1216,JKIL,EQ,292558,116170,39.71
20,1217,JKLAKSHMI,EQ,187704,101550,54.10
20,1218,JKPAPER,EQ,2861946,699917,24.46
20,1219,JKTYRE,EQ,1044227,660083,63.21
20,1220,JLHL,EQ,75033,41543,55.37
20,1221,JMA,EQ,42729,27967,65.45
20,1222,JMFINANCIL,EQ,2731524,1251155,45.80
20,1223,JNKINDIA,EQ,1748010,432437,24.74
20,1224,JOCIL,EQ,10888,6149,56.48
20,1225,JPOLYINVST,EQ,6272,3151,50.24
20,1226,JPPOWER,EQ,26271101,16093801,61.26
20,1227,JSFB,EQ,792343,332016,41.90
20,1228,JSL,EQ,942980,485193,51.45
20,1229,JSLL,ST,7560,7560,100.00
20,1230,JSWENERGY,EQ,2885290,1109837,38.47
20,1231,JSWHL,EQ,4694,1746,37.20
20,1232,JSWINFRA,EQ,3338510,1913016,57.30
20,1233,JSWSTEEL,EQ,1793533,483837,26.98
20,1234,JTEKTINDIA,EQ,555435,210799,37.95
20,1235,JTLIND,EQ,891717,397401,44.57
20,1236,JUBLFOOD,EQ,3110588,1613612,51.87
20,1237,JUBLINDS,EQ,25470,16599,65.17
20,1238,JUBLINGREA,EQ,1505218,564946,37.53
20,1239,JUBLPHARMA,EQ,168817,73368,43.46
20,1240,JUNIORBEES,EQ,279413,178017,63.71
20,1241,JUNIPER,EQ,482112,338242,70.16
20,1242,JUSTDIAL,EQ,216906,77701,35.82
20,1243,JWL,EQ,1566547,633218,40.42
20,1244,JYOTHYLAB,EQ,751014,475693,63.34
20,1245,JYOTICNC,EQ,867520,339808,39.17
20,1246,JYOTISTRUC,EQ,10374477,6930708,66.81
20,1247,K2INFRA,SM,1288800,740400,57.45
20,1248,KABRAEXTRU,EQ,86775,41839,48.22
20,1249,KAJARIACER,EQ,366140,179255,48.96
20,1250,KAKATCEM,EQ,34367,13462,39.17
20,1251,KALAMANDIR,EQ,988761,595220,60.20
20,1252,KALYANIFRG,EQ,51257,24168,47.15
20,1253,KALYANKJIL,EQ,5991651,3360829,56.09
20,1254,KAMATHOTEL,EQ,44302,27389,61.82
20,1255,KAMDHENU,EQ,130403,60944,46.74
20,1256,KAMOPAINTS,EQ,6494139,2711194,41.75
20,1257,KANANIIND,EQ,8014787,4876390,60.84
20,1258,KANDARP,SM,8000,8000,100.00
20,1259,KANORICHEM,EQ,178456,90916,50.95
20,1260,KANPRPLA,EQ,35280,19395,54.97
20,1261,KANSAINER,EQ,480262,329067,68.52
20,1262,KAPSTON,EQ,30416,13843,45.51
20,1263,KARMAENG,EQ,18856,9547,50.63
20,1264,KARNIKA,SM,800,800,100.00
20,1265,KARURVYSYA,EQ,3130927,1214321,38.78
20,1266,KAUSHALYA,EQ,416,312,75.00
20,1267,KAYA,EQ,152745,64110,41.97
20,1268,KAYNES,EQ,352937,206058,58.38
20,1269,KBCGLOBAL,EQ,42147685,19049726,45.20
20,1270,KCEIL,SM,36500,30000,82.19
20,1271,KCK,ST,24000,22000,91.67
20,1272,KCP,EQ,1744099,801702,45.97
20,1273,KCPSUGIND,EQ,6117897,1724457,28.19
20,1274,KDDL,EQ,23731,14828,62.48
20,1275,KDL,SM,29600,23200,78.38
20,1276,KEC,EQ,901378,450854,50.02
20,1277,KECL,EQ,1604706,574813,35.82
20,1278,KEI,EQ,482325,283462,58.77
20,1279,KEL,SM,3600,2400,66.67
20,1280,KELLTONTEC,EQ,4914009,1939866,39.48
20,1281,KERNEX,EQ,544403,285088,52.37
20,1282,KESORAMIND,EQ,878205,316855,36.08
20,1283,KFINTECH,EQ,465027,282564,60.76
20,1284,KHADIM,EQ,91341,64051,70.12
20,1285,KHAICHEM,EQ,8241842,1644239,19.95
20,1286,KHAITANLTD,EQ,29449,14127,47.97
20,1287,KHANDSE,EQ,27401,7275,26.55
20,1288,KHFM,SM,24800,9300,37.50
20,1289,KICL,EQ,7976,3190,39.99
20,1290,KILITCH,EQ,13189,9140,69.30
20,1291,KIMS,EQ,76584,28404,37.09
20,1292,KINGFA,EQ,14350,7448,51.90
20,1293,KIOCL,EQ,253384,73413,28.97
20,1294,KIRIINDUS,EQ,322801,119720,37.09
20,1295,KIRLOSBROS,EQ,115137,42818,37.19
20,1296,KIRLOSENG,EQ,255416,169645,66.42
20,1297,KIRLOSIND,EQ,5414,2408,44.48
20,1298,KIRLPNU,EQ,92522,47687,51.54
20,1299,KITEX,EQ,134277,61373,45.71
20,1300,KKCL,EQ,39524,17382,43.98
20,1301,KLL,SM,48000,32000,66.67
20,1302,KNAGRI,SM,19200,14400,75.00
20,1303,KNRCON,EQ,8589674,5675907,66.08
20,1304,KODYTECH,SM,16700,11700,70.06
20,1305,KOHINOOR,EQ,202575,116465,57.49
20,1306,KOKUYOCMLN,EQ,390047,176980,45.37
20,1307,KOLTEPATIL,EQ,153406,71958,46.91
20,1308,KONSTELEC,SM,80000,64000,80.00
20,1309,KONTOR,SM,12000,9600,80.00
20,1310,KOPRAN,EQ,241086,101597,42.14
20,1311,KORE,SM,80000,50500,63.13
20,1312,KOTAKBANK,EQ,9959798,4872855,48.93
20,1313,KOTARISUG,EQ,1355450,361014,26.63
20,1314,KOTHARIPET,EQ,99207,49459,49.85
20,1315,KOTHARIPRO,EQ,6601,4528,68.60
20,1316,KOTYARK,SM,30100,21000,69.77
20,1317,KPIGREEN,EQ,136785,89670,65.56
20,1318,KPIL,EQ,1515465,945552,62.39
20,1319,KPITTECH,EQ,602415,344106,57.12
20,1320,KPRMILL,EQ,318292,122296,38.42
20,1321,KRBL,EQ,1436410,834129,58.07
20,1322,KREBSBIO,EQ,8828,6251,70.81
20,1323,KRISHANA,EQ,76326,49984,65.49
20,1324,KRISHCA,SM,132000,111000,84.09
20,1325,KRISHIVAL,SM,1000,1000,100.00
20,1326,KRISHNADEF,SM,239500,160000,66.81
20,1327,KRITI,EQ,558348,323674,57.97
20,1328,KRITIKA,EQ,806403,585415,72.60
20,1329,KRITINUT,EQ,57474,28410,49.43
20,1330,KRSNAA,EQ,46943,25788,54.93
20,1331,KRYSTAL,EQ,166003,85239,51.35
20,1332,KSB,EQ,17529,9167,52.30
20,1333,KSCL,EQ,134395,44359,33.01
20,1334,KSHITIJPOL,EQ,1826098,1325250,72.57
20,1335,KSL,EQ,102773,42616,41.47
20,1336,KSOLVES,EQ,44822,25412,56.70
20,1337,KTKBANK,EQ,3371312,1529208,45.36
20,1338,KTL,SM,39000,24000,61.54
20,1339,KUANTUM,EQ,66892,32603,48.74
20,1340,LAL,EQ,45565,28953,63.54
20,1341,LALPATHLAB,EQ,149830,68649,45.82
20,1342,LAMBODHARA,EQ,11234,5814,51.75
20,1343,LANCORHOL,EQ,102766,60872,59.23
20,1344,LANDMARK,EQ,336154,166560,49.55
20,1345,LAOPALA,EQ,781601,272354,34.85
20,1346,LASA,EQ,32290,24017,74.38
20,1347,LAURUSLABS,EQ,1262281,400852,31.76
20,1348,LAWSIKHO,SM,77000,50500,65.58
20,1349,LAXMICOT,EQ,62019,24738,39.89
20,1350,LAXMIMACH,EQ,7948,4123,51.87
20,1351,LEMERITE,SM,113600,73600,64.79
20,1352,LEMONTREE,EQ,4298018,2117270,49.26
20,1353,LEXUS,EQ,31183,20398,65.41
20,1354,LFIC,EQ,40641,19173,47.18
20,1355,LGBBROSLTD,EQ,20526,11340,55.25
20,1356,LGBFORGE,EQ,318819,189670,59.49
20,1357,LIBAS,EQ,133561,88556,66.30
20,1358,LIBERTSHOE,EQ,166196,78815,47.42
20,1359,LICHSGFIN,EQ,2666976,1380267,51.75
20,1360,LICI,EQ,3184916,1247040,39.15
20,1361,LICMFGOLD,EQ,127,68,53.54
20,1362,LICNETFGSC,EQ,17170,14511,84.51
20,1363,LICNETFN50,EQ,1820,1038,57.03
20,1364,LICNETFSEN,EQ,95,46,48.42
20,1365,LICNFNHGP,EQ,572,427,74.65
20,1366,LICNMID100,EQ,40336,29502,73.14
20,1367,LIKHITHA,EQ,214752,106487,49.59
20,1368,LINC,EQ,10706,7189,67.15
20,1369,LINCOLN,EQ,37129,21817,58.76
20,1370,LINDEINDIA,EQ,139040,49957,35.93
20,1371,LIQUID,EQ,91782,65845,71.74
20,1372,LIQUID1,EQ,3447,2413,70.00
20,1373,LIQUIDADD,EQ,310598,160263,51.60
20,1374,LIQUIDBEES,EQ,3764065,2689454,71.45
20,1375,LIQUIDBETF,EQ,828,414,50.00
20,1376,LIQUIDCASE,EQ,6454740,5854960,90.71
20,1377,LIQUIDETF,EQ,961465,847327,88.13
20,1378,LIQUIDIETF,EQ,3146758,2279703,72.45
20,1379,LIQUIDSBI,EQ,3876,3701,95.49
20,1380,LLOYDS,SM,15000,12000,80.00
20,1381,LLOYDSENGG,EQ,7067447,2645774,37.44
20,1382,LLOYDSME,EQ,527335,248598,47.14
20,1383,LODHA,EQ,1114503,626049,56.17
20,1384,LOTUSEYE,EQ,27013,15360,56.86
20,1385,LOVABLE,EQ,17526,10803,61.64
20,1386,LOWVOL,EQ,515,234,45.44
20,1387,LOWVOL1,EQ,42329,31732,74.97
20,1388,LOWVOLIETF,EQ,1734266,1527602,88.08
20,1389,LOYALTEX,EQ,2376,1194,50.25
20,1390,LPDC,EQ,130075,81864,62.94
20,1391,LRRPL,SM,18000,12000,66.67
20,1392,LT,EQ,2936151,1851650,63.06
20,1393,LTF,EQ,15781172,9125350,57.82
20,1394,LTFOODS,EQ,911327,405111,44.45
20,1395,LTGILTBEES,EQ,1005407,741325,73.73
20,1396,LTIM,EQ,351127,156635,44.61
20,1397,LTTS,EQ,99270,34447,34.70
20,1398,LUMAXIND,EQ,12814,5095,39.76
20,1399,LUMAXTECH,EQ,299404,144248,48.18
20,1400,LUPIN,EQ,590220,323941,54.88
20,1401,LUXIND,EQ,40092,15233,38.00
20,1402,LXCHEM,EQ,1722653,593437,34.45
20,1403,LYKALABS,EQ,76123,55165,72.47
20,1404,LYPSAGEMS,EQ,54171,41640,76.87
20,1405,MAANALU,EQ,94049,51462,54.72
20,1406,MADHAVBAUG,SM,3600,3600,100.00
20,1407,MADHUSUDAN,SM,105000,69000,65.71
20,1408,MADRASFERT,EQ,5890778,1451789,24.65
20,1409,MAFANG,EQ,620135,377709,60.91
20,1410,MAGADSUGAR,EQ,286077,51766,18.10
20,1411,MAGNUM,EQ,555819,298319,53.67
20,1412,MAGSON,SM,8000,6000,75.00
20,1413,MAHABANK,EQ,23220507,5817008,25.05
20,1414,MAHAPEXLTD,EQ,55747,30793,55.24
20,1415,MAHASTEEL,EQ,24487,12882,52.61
20,1416,MAHESHWARI,EQ,25711,18961,73.75
20,1417,MAHKTECH,EQ,1191839,824747,69.20
20,1418,MAHLIFE,EQ,461826,220464,47.74
20,1419,MAHLOG,EQ,171214,83213,48.60
20,1420,MAHSCOOTER,EQ,2018,957,47.42
20,1421,MAHSEAMLES,EQ,282072,163107,57.82
20,1422,MAITHANALL,EQ,63172,37310,59.06
20,1423,MAKEINDIA,EQ,103737,83161,80.17
20,1424,MAKS,SM,3000,3000,100.00
20,1425,MAL,SM,81600,59200,72.55
20,1426,MALLCOM,EQ,7001,4386,62.65
20,1427,MANAKALUCO,EQ,113718,76726,67.47
20,1428,MANAKSIA,EQ,329551,169827,51.53
20,1429,MANALIPETC,EQ,7056984,2134152,30.24
20,1430,MANAPPURAM,EQ,6889943,1800753,26.14
20,1431,MANDEEP,SM,198000,118000,59.60
20,1432,MANGALAM,EQ,126066,85569,67.88
20,1433,MANGCHEFER,EQ,2026271,814665,40.21
20,1434,MANGLMCEM,EQ,120798,45496,37.66
20,1435,MANINDS,EQ,455104,304575,66.92
20,1436,MANINFRA,EQ,508875,272063,53.46
20,1437,MANKIND,EQ,352346,231827,65.80
20,1438,MANOMAY,EQ,6030,3565,59.12
20,1439,MANUGRAPH,EQ,99903,62341,62.40
20,1440,MANYAVAR,EQ,398579,301197,75.57
20,1441,MAPMYINDIA,EQ,103762,49937,48.13
20,1442,MARALOVER,EQ,68708,26773,38.97
20,1443,MARATHON,EQ,688726,323487,46.97
20,1444,MARCO,SM,15000,9000,60.00
20,1445,MARICO,EQ,2262576,1080581,47.76
20,1446,MARINE,EQ,2455724,908585,37.00
20,1447,MARKSANS,EQ,876831,448528,51.15
20,1448,MARUTI,EQ,694871,422294,60.77
20,1449,MASFIN,EQ,274755,143127,52.09
20,1450,MASKINVEST,EQ,953,844,88.56
20,1451,MASPTOP50,EQ,107698,69992,64.99
20,1452,MASTEK,EQ,99077,24968,25.20
20,1453,MASTER,SM,55000,41000,74.55
20,1454,MATRIMONY,EQ,25253,13322,52.75
20,1455,MAWANASUG,EQ,2999082,851153,28.38
20,1456,MAXESTATES,EQ,169346,79380,46.87
20,1457,MAXHEALTH,EQ,1972290,1066819,54.09
20,1458,MAXIND,EQ,63307,33594,53.07
20,1459,MAXPOSURE,SM,52000,34000,65.38
20,1460,MAYURUNIQ,EQ,359467,188899,52.55
20,1461,MAZDA,EQ,5908,2674,45.26
20,1462,MAZDOCK,EQ,5638962,1261166,22.37
20,1463,MBAPL,EQ,69864,46030,65.89
20,1464,MBLINFRA,EQ,232172,164958,71.05
20,1465,MCL,EQ,39892,29009,72.72
20,1466,MCLEODRUSS,EQ,876712,459012,52.36
20,1467,MCON,SM,31000,25000,80.65
20,1468,MCX,EQ,192670,62684,32.53
20,1469,MDL,SM,74000,74000,100.00
20,1470,MEDANTA,EQ,245238,143562,58.54
20,1471,MEDIASSIST,EQ,344421,175428,50.93
20,1472,MEDICAMEQ,EQ,21266,18008,84.68
20,1473,MEDPLUS,EQ,101052,63939,63.27
20,1474,MEGASOFT,EQ,155680,113655,73.01
20,1475,MEGASTAR,EQ,11514,8778,76.24
20,1476,MEGATHERM,SM,96000,64000,66.67
20,1477,MENONBE,EQ,67421,40095,59.47
20,1478,METROBRAND,EQ,208372,80792,38.77
20,1479,METROPOLIS,EQ,108844,43526,39.99
20,1480,MFSL,EQ,566029,186987,33.03
20,1481,MGEL,EQ,400957,245989,61.35
20,1482,MGL,EQ,192833,66998,34.74
20,1483,MHHL,SM,15000,15000,100.00
20,1484,MHLXMIRU,EQ,10528,8726,82.88
20,1485,MHRIL,EQ,199760,102543,51.33
20,1486,MICEL,EQ,1184672,791454,66.81
20,1487,MICROPRO,SM,17600,14400,81.82
20,1488,MID150BEES,EQ,484747,304695,62.86
20,1489,MID150CASE,EQ,535952,502259,93.71
20,1490,MIDCAP,EQ,45143,28340,62.78
20,1491,MIDCAPETF,EQ,1968516,1474599,74.91
20,1492,MIDCAPIETF,EQ,801293,627597,78.32
20,1493,MIDHANI,EQ,4306533,1375491,31.94
20,1494,MIDQ50ADD,EQ,4067,3173,78.02
20,1495,MIDSELIETF,EQ,206186,139128,67.48
20,1496,MIDSMALL,EQ,390887,374740,95.87
20,1497,MILTON,SM,8800,8800,100.00
20,1498,MINDACORP,EQ,1901701,1313280,69.06
20,1499,MINDSPACE,RR,244354,216154,88.46
20,1500,MINDTECK,EQ,220583,111672,50.63
20,1501,MIRCELECTR,EQ,494140,300229,60.76
20,1502,MIRZAINT,EQ,170985,114405,66.91
20,1503,MITCON,EQ,710312,256902,36.17
20,1504,MITTAL,EQ,1528356,1180300,77.23
20,1505,M&M,EQ,3512298,2420235,68.91
20,1506,M&MFIN,EQ,2506060,1158273,46.22
20,1507,MMFL,EQ,163095,70624,43.30
20,1508,MMP,EQ,25343,16162,63.77
20,1509,MMTC,EQ,22155669,6866134,30.99
20,1510,MNC,EQ,77351,61868,79.98
20,1511,MOGSEC,EQ,1870,1423,76.10
20,1512,MOHEALTH,EQ,30411,19360,63.66
20,1513,MOHITIND,EQ,121326,107304,88.44
20,1514,MOIL,EQ,1782080,697446,39.14
20,1515,MOL,EQ,1173744,550410,46.89
20,1516,MOLDTECH,EQ,223264,109876,49.21
20,1517,MOLDTKPAC,EQ,21824,11732,53.76
20,1518,MOLOWVOL,EQ,82368,78393,95.17
20,1519,MOM100,EQ,363887,275532,75.72
20,1520,MOM30IETF,EQ,1990400,1397456,70.21
20,1521,MOM50,EQ,3007,2823,93.88
20,1522,MOMENTUM,EQ,1703778,1452740,85.27
20,1523,MOMOMENTUM,EQ,287350,216960,75.50
20,1524,MON100,EQ,269568,176554,65.50
20,1525,MONARCH,EQ,28585,14480,50.66
20,1526,MONIFTY500,EQ,580842,408741,70.37
20,1527,MONQ50,EQ,18039,9661,53.56
20,1528,MONTECARLO,EQ,65099,43371,66.62
20,1529,MOQUALITY,EQ,9137,8202,89.77
20,1530,MOREALTY,EQ,660990,564063,85.34
20,1531,MOREPENLAB,EQ,10390910,3663194,35.25
20,1532,MOS,SM,21600,18400,85.19
20,1533,MOSMALL250,EQ,330891,261482,79.02
20,1534,MOTHERSON,EQ,48784725,21412604,43.89
20,1535,MOTILALOFS,EQ,1355972,635042,46.83
20,1536,MOTISONS,EQ,1904027,895149,47.01
20,1537,MOTOGENFIN,EQ,105577,56161,53.19
20,1538,MOVALUE,EQ,337965,264153,78.16
20,1539,MOXSH,SM,7200,7200,100.00
20,1540,MPHASIS,EQ,464717,231670,49.85
20,1541,MPSLTD,EQ,19405,10827,55.79
20,1542,MRF,EQ,3973,1534,38.61
20,1543,MRPL,EQ,3553040,988223,27.81
20,1544,MSPL,EQ,366773,296502,80.84
20,1545,MSTCLTD,EQ,246765,111936,45.36
20,1546,MSUMI,EQ,32664759,19870950,60.83
20,1547,MTARTECH,EQ,465443,241487,51.88
20,1548,MTNL,EQ,4315996,1091682,25.29
20,1549,MUFIN,EQ,204959,101939,49.74
20,1550,MUFTI,EQ,133686,60797,45.48
20,1551,MUKANDLTD,EQ,251259,118317,47.09
20,1552,MUKKA,EQ,796510,331143,41.57
20,1553,MUKTAARTS,EQ,28579,8848,30.96
20,1554,MUNJALAU,EQ,177891,79574,44.73
20,1555,MUNJALSHOW,EQ,82746,47230,57.08
20,1556,MURUDCERA,EQ,227394,138926,61.09
20,1557,MUTHOOTCAP,EQ,13605,7681,56.46
20,1558,MUTHOOTFIN,EQ,248556,116144,46.73
20,1559,MUTHOOTMF,EQ,826690,442519,53.53
20,1560,MVGJL,EQ,30380,14144,46.56
20,1561,MVKAGRO,SM,60000,46800,78.00
20,1562,MWL,SM,61200,55200,90.20
20,1563,NACLIND,EQ,756027,402991,53.30
20,1564,NAGAFERT,EQ,6764085,3570061,52.78
20,1565,NAGREEKCAP,EQ,7836,6475,82.63
20,1566,NAGREEKEXP,EQ,20666,16331,79.02
20,1567,NAHARCAP,EQ,34671,9992,28.82
20,1568,NAHARINDUS,EQ,82323,48541,58.96
20,1569,NAHARPOLY,EQ,144470,95611,66.18
20,1570,NAHARSPING,EQ,22575,14133,62.60
20,1571,NAMAN,SM,20800,19200,92.31
20,1572,NAM-INDIA,EQ,667127,375515,56.29
20,1573,NATCOPHARM,EQ,881103,459419,52.14
20,1574,NATHBIOGEN,EQ,103417,45763,44.25
20,1575,NATIONALUM,EQ,10210946,3723653,36.47
20,1576,NAUKRI,EQ,242632,135650,55.91
20,1577,NAVA,EQ,627849,332098,52.89
20,1578,NAVINFLUOR,EQ,365745,142865,39.06
20,1579,NAVINIFTY,EQ,1441,964,66.90
20,1580,NAVKARCORP,EQ,887374,508235,57.27
20,1581,NAVNETEDUL,EQ,257779,137327,53.27
20,1582,NAZARA,EQ,1130661,342139,30.26
20,1583,NBCC,EQ,38285742,12701461,33.18
20,1584,NBIFIN,EQ,237,183,77.22
20,1585,NCC,EQ,5485833,2221276,40.49
20,1586,NCLIND,EQ,456097,218294,47.86
20,1587,NDGL,EQ,686,505,73.62
20,1588,NDL,EQ,13548992,4299153,31.73
20,1589,NDLVENTURE,EQ,44364,26267,59.21
20,1590,NDRAUTO,EQ,15849,9994,63.06
20,1591,NDRINVIT,IV,200000,200000,100.00
20,1592,NDTV,EQ,337447,141460,41.92
20,1593,NECCLTD,EQ,280498,153247,54.63
20,1594,NECLIFE,EQ,385505,209644,54.38
20,1595,NELCAST,EQ,77781,44385,57.06
20,1596,NELCO,EQ,226691,68742,30.32
20,1597,NEOGEN,EQ,36418,14537,39.92
20,1598,NESCO,EQ,114208,59022,51.68
20,1599,NESTLEIND,EQ,784307,643602,82.06
20,1600,NETF,EQ,3153,2300,72.95
20,1601,NETWEB,EQ,360549,152418,42.27
20,1602,NETWORK18,EQ,1468607,561831,38.26
20,1603,NEULANDLAB,EQ,20343,10756,52.87
20,1604,NEWGEN,EQ,849223,520031,61.24
20,1605,NEWJAISA,SM,123000,112500,91.46
20,1606,NEXT50,EQ,13771,11189,81.25
20,1607,NEXT50IETF,EQ,1104032,953792,86.39
20,1608,NEXTMEDIA,EQ,19732,13971,70.80
20,1609,NFL,EQ,49495036,13013119,26.29
20,1610,NGIL,EQ,99520,51565,51.81
20,1611,NGLFINE,EQ,5001,2599,51.97
20,1612,NH,EQ,428951,262522,61.20
20,1613,NHPC,EQ,39253925,13492771,34.37
20,1614,NIACL,EQ,699029,244794,35.02
20,1615,NIBL,EQ,50551,20752,41.05
20,1616,NIDAN,SM,14000,13000,92.86
20,1617,NIF100BEES,EQ,63594,50775,79.84
20,1618,NIF100IETF,EQ,122337,87423,71.46
20,1619,NIF10GETF,EQ,1794,1577,87.90
20,1620,NIF5GETF,EQ,631,421,66.72
20,1621,NIFITETF,EQ,1335,1063,79.63
20,1622,NIFMID150,EQ,10054,9798,97.45
20,1623,NIFTY1,EQ,122287,110564,90.41
20,1624,NIFTY50ADD,EQ,7983,3960,49.61
20,1625,NIFTYBEES,EQ,3672586,2426270,66.06
20,1626,NIFTYBETF,EQ,873,717,82.13
20,1627,NIFTYETF,EQ,405510,378601,93.36
20,1628,NIFTYIETF,EQ,563808,377665,66.98
20,1629,NIFTYQLITY,EQ,1910966,1837901,96.18
20,1630,NIITLTD,EQ,403418,187420,46.46
20,1631,NIITMTS,EQ,205160,142395,69.41
20,1632,NILAINFRA,EQ,904668,551595,60.97
20,1633,NILKAMAL,EQ,22257,13066,58.71
20,1634,NINSYS,EQ,5402,3719,68.84
20,1635,NIPPOBATRY,EQ,21241,10430,49.10
20,1636,NIRAJ,EQ,68185,34066,49.96
20,1637,NIRMAN,SM,25200,21000,83.33
20,1638,NITCO,EQ,533742,338854,63.49
20,1639,NITINSPIN,EQ,77922,42802,54.93
20,1640,NKIND,EQ,1061,649,61.17
20,1641,NLCINDIA,EQ,6654134,4360073,65.52
20,1642,NMDC,EQ,5470537,2204230,40.29
20,1643,NOCIL,EQ,3005588,1043936,34.73
20,1644,NORBTEAEXP,EQ,5434,4498,82.78
20,1645,NOVAAGRI,EQ,749070,447790,59.78
20,1646,NPBET,EQ,4458,3486,78.20
20,1647,NPST,SM,33900,25600,75.52
20,1648,NRAIL,EQ,7477,4554,60.91
20,1649,NRBBEARING,EQ,241231,114131,47.31
20,1650,NRL,EQ,108448,60877,56.13
20,1651,NSIL,EQ,3237,1958,60.49
20,1652,NSLNISP,EQ,7188876,3029835,42.15
20,1653,NTPC,EQ,8337334,4939945,59.25
20,1654,NUCLEUS,EQ,56221,31091,55.30
20,1655,NURECA,EQ,19079,13674,71.67
20,1656,NUVAMA,EQ,97054,40216,41.44
20,1657,NUVOCO,EQ,234278,115671,49.37
20,1658,NV20,EQ,8931,5215,58.39
20,1659,NV20BEES,EQ,36515,24982,68.42
20,1660,NV20IETF,EQ,528060,345183,65.37
20,1661,NXST,RR,113506,101013,88.99
20,1662,NYKAA,EQ,4594902,2428215,52.85
20,1663,OAL,EQ,22207,10243,46.13
20,1664,OBCL,EQ,41766,27424,65.66
20,1665,OBEROIRLTY,EQ,662962,330396,49.84
20,1666,OCCL,EQ,54577,24252,44.44
20,1667,OFSS,EQ,602326,70064,11.63
20,1668,OIL,EQ,5634029,2960167,52.54
20,1669,OLECTRA,EQ,808198,275291,34.06
20,1670,OLIL,SM,3600,3600,100.00
20,1671,OMAXE,EQ,752870,440675,58.53
20,1672,OMINFRAL,EQ,115183,115183,100.00
20,1673,ONDOOR,SM,73200,37200,50.82
20,1674,ONEPOINT,EQ,979326,593253,60.58
20,1675,ONGC,EQ,13361607,7510532,56.21
20,1676,ONMOBILE,EQ,1543610,688442,44.60
20,1677,ONWARDTEC,EQ,76120,37966,49.88
20,1678,OPTIEMUS,EQ,406809,210888,51.84
20,1679,ORBTEXP,EQ,19468,11147,57.26
20,1680,ORCHPHARMA,EQ,183318,101560,55.40
20,1681,ORIANA,SM,272100,96300,35.39
20,1682,ORICONENT,EQ,1352313,604910,44.73
20,1683,ORIENTALTL,EQ,705261,229654,32.56
20,1684,ORIENTBELL,EQ,34043,20764,60.99
20,1685,ORIENTCEM,EQ,1067256,508205,47.62
20,1686,ORIENTCER,EQ,166133,91162,54.87
20,1687,ORIENTELEC,EQ,693713,330714,47.67
20,1688,ORIENTHOT,EQ,398240,205549,51.61
20,1689,ORIENTLTD,EQ,31442,19418,61.76
20,1690,ORIENTPPR,EQ,2083008,848608,40.74
20,1691,ORISSAMINE,EQ,152781,47635,31.18
20,1692,ORTINLAB,EQ,57433,48372,84.22
20,1693,OSWALAGRO,EQ,705527,343237,48.65
20,1694,OSWALGREEN,EQ,5995802,1601941,26.72
20,1695,OWAIS,SM,54400,33600,61.76
20,1696,PAGEIND,EQ,25797,9622,37.30
20,1697,PAISALO,EQ,1945737,1071693,55.08
20,1698,PAKKA,EQ,92444,45989,49.75
20,1699,PALASHSECU,EQ,13480,11856,87.95
20,1700,PANACEABIO,EQ,88439,47201,53.37
20,1701,PANAMAPET,EQ,288523,144088,49.94
20,1702,PANSARI,EQ,19244,12032,62.52
20,1703,PAR,EQ,39507,22111,55.97
20,1704,PARADEEP,EQ,21805960,8453425,38.77
20,1705,PARAGMILK,EQ,612395,257592,42.06
20,1706,PARAGON,SM,55200,39600,71.74
20,1707,PARAS,EQ,9063614,2034636,22.45
20,1708,PARKHOTELS,EQ,1580116,710588,44.97
20,1709,PARSVNATH,EQ,866081,596056,68.82
20,1710,PARTYCRUS,SM,23000,18000,78.26
20,1711,PASHUPATI,SM,1600,1600,100.00
20,1712,PASUPTAC,EQ,132779,50591,38.10
20,1713,PATANJALI,EQ,305760,166137,54.34
20,1714,PATELENG,EQ,27486034,12022290,43.74
20,1715,PATINTLOG,EQ,2302449,1224287,53.17
20,1716,PATTECH,ST,6000,6000,100.00
20,1717,PAVNAIND,EQ,3256,2281,70.06
20,1718,PAYTM,EQ,4054335,1559268,38.46
20,1719,PCBL,EQ,2553392,1071654,41.97
20,1720,PCJEWELLER,EQ,2745441,1523404,55.49
20,1721,PDMJEPAPER,EQ,690781,231681,33.54
20,1722,PDSL,EQ,72012,35579,49.41
20,1723,PEL,EQ,1329044,563816,42.42
20,1724,PENIND,EQ,644513,280961,43.59
20,1725,PENINLAND,EQ,1842227,730711,39.66
20,1726,PENTAGON,SM,3000,3000,100.00
20,1727,PERFECT,SM,126000,84000,66.67
20,1728,PERSISTENT,EQ,381743,150731,39.48
20,1729,PETRONET,EQ,3607945,1824588,50.57
20,1730,PFC,EQ,8911856,2917801,32.74
20,1731,PFIZER,EQ,28411,10411,36.64
20,1732,PFOCUS,EQ,85558,52242,61.06
20,1733,PFS,EQ,24892087,6669874,26.80
20,1734,PGEL,EQ,512249,154234,30.11
20,1735,PGHH,EQ,4558,2500,54.85
20,1736,PGHL,EQ,5497,4304,78.30
20,1737,PGIL,EQ,238058,120557,50.64
20,1738,PGINVIT,IV,723073,624626,86.38
20,1739,PHANTOMFX,SM,38100,28800,75.59
20,1740,PHARMABEES,EQ,3781829,2577196,68.15
20,1741,PHOENIXLTD,EQ,474348,245521,51.76
20,1742,PIDILITIND,EQ,309433,190085,61.43
20,1743,PIIND,EQ,261310,101582,38.87
20,1744,PILANIINVS,EQ,4034,1828,45.31
20,1745,PILITA,EQ,284838,199476,70.03
20,1746,PIONEEREMB,EQ,42641,28358,66.50
20,1747,PITTIENG,EQ,53467,30317,56.70
20,1748,PIXTRANS,EQ,14120,9649,68.34
20,1749,PKTEA,EQ,979,750,76.61
20,1750,PLADAINFO,SM,9000,6000,66.67
20,1751,PLASTIBLEN,EQ,43664,26804,61.39
20,1752,PLATIND,EQ,309385,141302,45.67
20,1753,PLAZACABLE,EQ,86630,48753,56.28
20,1754,PNB,EQ,60954903,14228704,23.34
20,1755,PNBGILTS,EQ,2198282,483065,21.97
20,1756,PNBHOUSING,EQ,2813886,694895,24.70
20,1757,PNC,EQ,65452,42403,64.78
20,1758,PNCINFRA,EQ,1297435,709252,54.67
20,1759,POCL,EQ,70920,21626,30.49
20,1760,PODDARMENT,EQ,152504,75900,49.77
20,1761,POKARNA,EQ,83643,44255,52.91
20,1762,POLICYBZR,EQ,902996,550113,60.92
20,1763,POLYCAB,EQ,319124,154334,48.36
20,1764,POLYMED,EQ,199733,173366,86.80
20,1765,POLYPLEX,EQ,604799,181533,30.02
20,1766,POLYSIL,SM,26000,22000,84.62
20,1767,PONNIERODE,EQ,318988,143144,44.87
20,1768,POONAWALLA,EQ,6385757,4573944,71.63
20,1769,POWERGRID,EQ,14235150,7723226,54.25
20,1770,POWERINDIA,EQ,83328,47089,56.51
20,1771,POWERMECH,EQ,35339,17090,48.36
20,1772,PPAP,EQ,31071,17900,57.61
20,1773,PPL,EQ,87057,44354,50.95
20,1774,PPLPHARMA,EQ,2227312,1325198,59.50
20,1775,PRAENG,EQ,1027649,696695,67.80
20,1776,PRAJIND,EQ,2400686,1033024,43.03
20,1777,PRAKASH,EQ,1180548,448841,38.02
20,1778,PRAMARA,SM,4000,4000,100.00
20,1779,PRATHAM,SM,4800,4800,100.00
20,1780,PRECAM,EQ,242973,91943,37.84
20,1781,PRECISION,SM,104000,78000,75.00
20,1782,PRECOT,EQ,42053,23080,54.88
20,1783,PRECWIRE,EQ,433920,157218,36.23
20,1784,PREMEXPLN,EQ,354343,156621,44.20
20,1785,PREMIERPOL,EQ,120530,61152,50.74
20,1786,PRESSTONIC,SM,59200,44800,75.68
20,1787,PRESTIGE,EQ,1182059,651585,55.12
20,1788,PRICOLLTD,EQ,1114138,295992,26.57
20,1789,PRIMESECU,EQ,222800,174791,78.45
20,1790,PRINCEPIPE,EQ,129477,68447,52.86
20,1791,PRITI,EQ,22277,14484,65.02
20,1792,PRITIKA,SM,34000,26000,76.47
20,1793,PRITIKAUTO,EQ,419553,270570,64.49
20,1794,PRIVISCL,EQ,21786,12228,56.13
20,1795,PRLIND,SM,380000,238000,62.63
20,1796,PROLIFE,SM,1500,1000,66.67
20,1797,PROPEQUITY,SM,25200,20400,80.95
20,1798,PROV,SM,320,320,100.00
20,1799,PROZONER,EQ,899440,357993,39.80
20,1800,PRSMJOHNSN,EQ,1999636,416242,20.82
20,1801,PRUDENT,EQ,19833,9944,50.14
20,1802,PSB,EQ,2631651,459420,17.46
20,1803,PSPPROJECT,EQ,36309,18901,52.06
20,1804,PSUBANK,EQ,35888,22104,61.59
20,1805,PSUBANKADD,EQ,12481,10333,82.79
20,1806,PSUBNKBEES,EQ,3136174,2019536,64.39
20,1807,PSUBNKIETF,EQ,304246,155393,51.07
20,1808,PTC,EQ,1699213,796754,46.89
20,1809,PTCIL,EQ,19017,7041,37.02
20,1810,PTL,EQ,328320,207827,63.30
20,1811,PULZ,SM,28000,27000,96.43
20,1812,PUNJABCHEM,EQ,62566,27058,43.25
20,1813,PURVFLEXI,SM,14400,11200,77.78
20,1814,PVP,EQ,808295,554435,68.59
20,1815,PVRINOX,EQ,436254,208873,47.88
20,1816,PVSL,EQ,142340,68746,48.30
20,1817,PVTBANIETF,EQ,2498247,1795396,71.87
20,1818,PVTBANKADD,EQ,218599,189755,86.81
20,1819,PYRAMID,EQ,48271,30413,63.00
20,1820,QFIL,SM,1000,1000,100.00
20,1821,QGOLDHALF,EQ,66979,59009,88.10
20,1822,QMSMEDI,SM,13000,13000,100.00
20,1823,QNIFTY,EQ,586,491,83.79
20,1824,QUADPRO,SM,36000,36000,100.00
20,1825,QUAL30IETF,EQ,365432,178123,48.74
20,1826,QUESS,EQ,300606,158624,52.77
20,1827,QUESTLAB,SM,364800,288000,78.95
20,1828,QUICKHEAL,EQ,209272,101183,48.35
20,1829,QUICKTOUCH,SM,11000,7500,68.18
20,1830,RACE,EQ,28428,15909,55.96
20,1831,RADHIKAJWE,EQ,422986,180419,42.65
20,1832,RADIANTCMS,EQ,180678,94508,52.31
20,1833,RADICO,EQ,381711,210689,55.20
20,1834,RADIOCITY,EQ,477924,221819,46.41
20,1835,RADIOCITY,P1,5902,5902,100.00
20,1836,RADIOWALLA,SM,33600,25600,76.19
20,1837,RAILTEL,EQ,4339851,1218388,28.07
20,1838,RAIN,EQ,1560194,585715,37.54
20,1839,RAINBOW,EQ,180866,123338,68.19
20,1840,RAJESHEXPO,EQ,312520,129107,41.31
20,1841,RAJRATAN,EQ,30315,16902,55.75
20,1842,RAJSREESUG,EQ,978105,458828,46.91
20,1843,RALLIS,EQ,2423447,752717,31.06
20,1844,RAMANEWS,EQ,76697,53774,70.11
20,1845,RAMAPHO,EQ,666575,198097,29.72
20,1846,RAMASTEEL,EQ,5285275,2634082,49.84
20,1847,RAMCOCEM,EQ,658760,244274,37.08
20,1848,RAMCOIND,EQ,89657,42345,47.23
20,1849,RAMKY,EQ,289911,122289,42.18
20,1850,RAMRAT,EQ,35604,16587,46.59
20,1851,RANASUG,EQ,9546816,3465241,36.30
20,1852,RANEENGINE,EQ,11056,6089,55.07
20,1853,RANEHOLDIN,EQ,11346,6586,58.05
20,1854,RATEGAIN,EQ,288990,147048,50.88
20,1855,RATNAMANI,EQ,103509,83613,80.78
20,1856,RATNAVEER,EQ,595506,327054,54.92
20,1857,RAYMOND,EQ,81803,31577,38.60
20,1858,RBA,EQ,1980445,719478,36.33
20,1859,RBL,EQ,54144,14759,27.26
20,1860,RBLBANK,EQ,12335878,3870431,31.38
20,1861,RBMINFRA,SM,33600,30000,89.29
20,1862,RBS,SM,70400,49600,70.45
20,1863,RCDL,SM,75000,60000,80.00
20,1864,RCF,EQ,66224688,13478347,20.35
20,1865,RECLTD,EQ,9448370,2782366,29.45
20,1866,REDINGTON,EQ,951050,460020,48.37
20,1867,REDTAPE,EQ,95778,45446,47.45
20,1868,REFEX,EQ,1763063,764451,43.36
20,1869,REFRACTORY,SM,140000,104000,74.29
20,1870,RELAXO,EQ,56635,24883,43.94
20,1871,RELCHEMQ,EQ,46755,26026,55.66
20,1872,RELIANCE,EQ,4362937,2395420,54.90
20,1873,RELIGARE,EQ,1901915,1162987,61.15
20,1874,RELINFRA,EQ,7890324,2243542,28.43
20,1875,REMSONSIND,EQ,46876,29174,62.24
20,1876,REMUS,SM,4300,2700,62.79
20,1877,RENUKA,EQ,138121783,25301321,18.32
20,1878,REPCOHOME,EQ,246453,125014,50.73
20,1879,REPL,EQ,29778,13393,44.98
20,1880,REPRO,EQ,18618,5821,31.27
20,1881,RESPONIND,EQ,284162,52204,18.37
20,1882,REXPIPES,SM,14000,8000,57.14
20,1883,RGL,EQ,146655,67249,45.86
20,1884,RHIM,EQ,225182,147744,65.61
20,1885,RHL,EQ,16974,8946,52.70
20,1886,RICHA,SM,1000,1000,100.00
20,1887,RICOAUTO,EQ,5881969,1967322,33.45
20,1888,RIIL,EQ,256730,57209,22.28
20,1889,RILINFRA,SM,383600,320900,83.65
20,1890,RISHABH,EQ,110959,48614,43.81
20,1891,RITCO,EQ,92722,53693,57.91
20,1892,RITES,EQ,1265651,421344,33.29
20,1893,RITEZONE,SM,6400,4800,75.00
20,1894,RKDL,EQ,141735,99486,70.19
20,1895,RKEC,EQ,1177372,382842,32.52
20,1896,RKFORGE,EQ,6131325,1107143,18.06
20,1897,RKSWAMY,EQ,172914,97242,56.24
20,1898,RMDRIP,SM,55000,41000,74.55
20,1899,RML,EQ,28013,8254,29.46
20,1900,ROCKINGDCE,SM,35500,17750,50.00
20,1901,ROHLTD,EQ,70621,37347,52.88
20,1902,ROLEXRINGS,EQ,22427,11970,53.37
20,1903,ROSSARI,EQ,91610,41988,45.83
20,1904,ROSSELLIND,EQ,110632,41130,37.18
20,1905,ROTO,EQ,254191,97130,38.21
20,1906,ROUTE,EQ,31532,14926,47.34
20,1907,ROXHITECH,SM,270400,176000,65.09
20,1908,RPGLIFE,EQ,14669,7468,50.91
20,1909,RPOWER,EQ,50994259,23249756,45.59
20,1910,RPPL,EQ,65576,40057,61.08
20,1911,RPSGVENT,EQ,47790,23491,49.15
20,1912,RPTECH,EQ,115820,59759,51.60
20,1913,RRKABEL,EQ,61648,28075,45.54
20,1914,RSWM,EQ,103268,52918,51.24
20,1915,RSYSTEMS,EQ,310252,157831,50.87
20,1916,RTNINDIA,EQ,11264014,3398824,30.17
20,1917,RUBYMILLS,EQ,18249,11866,65.02
20,1918,RUCHINFRA,EQ,257328,180807,70.26
20,1919,RUCHIRA,EQ,170167,77907,45.78
20,1920,RULKA,SM,51600,28200,54.65
20,1921,RUPA,EQ,228978,138689,60.57
20,1922,RUSHIL,EQ,91334,51124,55.97
20,1923,RUSTOMJEE,EQ,29758,16050,53.94
20,1924,RVHL,EQ,21934,11952,54.49
20,1925,RVNL,EQ,13915164,3909474,28.10
20,1926,SAAKSHI,SM,14400,13800,95.83
20,1927,SABAR,SM,135000,110000,81.48
20,1928,SADBHIN,EQ,236586,198086,83.73
20,1929,SADHAV,SM,86400,45600,52.78
20,1930,SADHNANIQ,EQ,147877,71581,48.41
20,1931,SAFARI,EQ,78996,63596,80.51
20,1932,SAGARDEEP,EQ,19751,11780,59.64
20,1933,SAGCEM,EQ,300756,163419,54.34
20,1934,SAH,EQ,36177,9659,26.70
20,1935,SAHAJ,SM,12000,12000,100.00
20,1936,SAHANA,SM,17250,12000,69.57
20,1937,SAHYADRI,EQ,9689,4962,51.21
20,1938,SAIFL,SM,8800,8000,90.91
20,1939,SAIL,EQ,18855153,7989658,42.37
20,1940,SAKAR,EQ,33004,9573,29.01
20,1941,SAKHTISUG,EQ,4402776,1373423,31.19
20,1942,SAKSOFT,EQ,1456802,363114,24.93
20,1943,SAKUMA,EQ,36458447,10846850,29.75
20,1944,SALASAR,EQ,8708064,5189361,59.59
20,1945,SALONA,EQ,5281,4299,81.41
20,1946,SALZERELEC,EQ,500612,156213,31.20
20,1947,SAMBHAAV,EQ,84365,59164,70.13
20,1948,SAMHI,EQ,2413600,1255586,52.02
20,1949,SAMPANN,EQ,244998,159960,65.29
20,1950,SANDESH,EQ,5313,3297,62.06
20,1951,SANDHAR,EQ,102422,42593,41.59
20,1952,SANDUMA,EQ,1258593,725265,57.63
20,1953,SANGAMIND,EQ,21942,10293,46.91
20,1954,SANGHIIND,EQ,1159885,717311,61.84
20,1955,SANGHVIMOV,EQ,633422,381963,60.30
20,1956,SANGINITA,EQ,301386,213912,70.98
20,1957,SANSERA,EQ,1488851,493909,33.17
20,1958,SAPPHIRE,EQ,214892,80584,37.50
20,1959,SARDAEN,EQ,359152,171288,47.69
20,1960,SAREGAMA,EQ,995734,802307,80.57
20,1961,SARLAPOLY,EQ,1461541,541006,37.02
20,1962,SAROJA,SM,6400,6400,100.00
20,1963,SARTELE,SM,60000,47000,78.33
20,1964,SARVESHWAR,EQ,1985626,1436509,72.35
20,1965,SASKEN,EQ,36471,17971,49.27
20,1966,SASTASUNDR,EQ,172645,44005,25.49
20,1967,SATIA,EQ,705436,382619,54.24
20,1968,SATIN,EQ,211350,109275,51.70
20,1969,SATINDLTD,EQ,348220,169069,48.55
20,1970,SAURASHCEM,EQ,619047,213827,34.54
20,1971,SBC,EQ,2798105,1292541,46.19
20,1972,SBCL,EQ,78239,46380,59.28
20,1973,SBFC,EQ,1905749,774740,40.65
20,1974,SBGLP,EQ,191730,69938,36.48
20,1975,SBICARD,EQ,968431,503032,51.94
20,1976,SBIETFCON,EQ,6067,4740,78.13
20,1977,SBIETFIT,EQ,19234,16020,83.29
20,1978,SBIETFPB,EQ,64502,47309,73.35
20,1979,SBIETFQLTY,EQ,65588,63276,96.47
20,1980,SBILIFE,EQ,578983,310165,53.57
20,1981,SBIN,EQ,32925140,10517183,31.94
20,1982,SCHAEFFLER,EQ,259088,146973,56.73
20,1983,SCHAND,EQ,46666,22207,47.59
20,1984,SCHNEIDER,EQ,617760,270590,43.80
20,1985,SCI,EQ,8256271,2705862,32.77
20,1986,SCILAL,EQ,6087701,2875638,47.24
20,1987,SCML,SM,86000,52000,60.47
20,1988,SCPL,EQ,74017,30495,41.20
20,1989,SDBL,EQ,6840875,1468795,21.47
20,1990,SDL24BEES,EQ,2162,2045,94.59
20,1991,SDL26BEES,EQ,1151,1121,97.39
20,1992,SEAMECLTD,EQ,58149,32140,55.27
20,1993,SECL,SM,6250,6250,100.00
20,1994,SECURCRED,EQ,299787,212317,70.82
20,1995,SEL,SM,4800,4000,83.33
20,1996,SELAN,EQ,178085,50905,28.58
20,1997,SELMC,EQ,42448,15256,35.94
20,1998,SENCO,EQ,937249,435248,46.44
20,1999,SENSEXADD,EQ,6113,5613,91.82
20,2000,SENSEXETF,EQ,10598,4819,45.47
20,2001,SENSEXIETF,EQ,1863,1398,75.04
20,2002,SEPC,EQ,21690861,12420923,57.26
20,2003,SEQUENT,EQ,546601,272011,49.76
20,2004,SERVICE,SM,104000,104000,100.00
20,2005,SERVOTECH,EQ,516239,316471,61.30
20,2006,SESHAPAPER,EQ,43908,19646,44.74
20,2007,SETF10GILT,EQ,6311,5746,91.05
20,2008,SETFGOLD,EQ,544821,470724,86.40
20,2009,SETFNIF50,EQ,367036,284888,77.62
20,2010,SETFNIFBK,EQ,105379,68804,65.29
20,2011,SETFNN50,EQ,92258,52742,57.17
20,2012,SFL,EQ,58863,28185,47.88
20,2013,SGBAPR28I,GB,96,67,69.79
20,2014,SGBAUG24,GB,340,283,83.24
20,2015,SGBAUG27,GB,58,42,72.41
20,2016,SGBAUG28V,GB,2952,1679,56.88
20,2017,SGBAUG29V,GB,380,229,60.26
20,2018,SGBAUG30,GB,110,98,89.09
20,2019,SGBD29VIII,GB,42,30,71.43
20,2020,SGBDC27VII,GB,4,4,100.00
20,2021,SGBDE30III,GB,193,165,85.49
20,2022,SGBDE31III,GB,1911,1596,83.52
20,2023,SGBDEC2513,GB,1,1,100.00
20,2024,SGBDEC26,GB,5,5,100.00
20,2025,SGBFEB27,GB,82,79,96.34
20,2026,SGBFEB28IX,GB,70,60,85.71
20,2027,SGBFEB29XI,GB,11,11,100.00
20,2028,SGBFEB32IV,GB,1908,1355,71.02
20,2029,SGBJ28VIII,GB,19,16,84.21
20,2030,SGBJAN26,GB,216,215,99.54
20,2031,SGBJAN27,GB,1,1,100.00
20,2032,SGBJAN29IX,GB,227,227,100.00
20,2033,SGBJAN29X,GB,49,30,61.22
20,2034,SGBJAN30IX,GB,87,73,83.91
20,2035,SGBJU29III,GB,268,230,85.82
20,2036,SGBJUL25,GB,637,451,70.80
20,2037,SGBJUL27,GB,16,16,100.00
20,2038,SGBJUL28IV,GB,375,301,80.27
20,2039,SGBJUL29IV,GB,144,138,95.83
20,2040,SGBJUN27,GB,25,23,92.00
20,2041,SGBJUN28,GB,124,120,96.77
20,2042,SGBJUN29II,GB,175,120,68.57
20,2043,SGBJUN30,GB,69,55,79.71
20,2044,SGBJUN31I,GB,1374,1060,77.15
20,2045,SGBMAR25,GB,387,251,64.86
20,2046,SGBMAR28X,GB,33,33,100.00
20,2047,SGBMAR30X,GB,83,73,87.95
20,2048,SGBMAR31IV,GB,86,61,70.93
20,2049,SGBMAY25,GB,309,274,88.67
20,2050,SGBMAY26,GB,918,519,56.54
20,2051,SGBMAY28,GB,708,512,72.32
20,2052,SGBMAY29I,GB,1536,1065,69.34
20,2053,SGBMR29XII,GB,259,147,56.76
20,2054,SGBN28VIII,GB,497,330,66.40
20,2055,SGBNOV24,GB,1461,1081,73.99
20,2056,SGBNOV25,GB,4,4,100.00
20,2057,SGBNOV258,GB,11,10,90.91
20,2058,SGBNOV26,GB,1,1,100.00
20,2059,SGBNV29VII,GB,197,186,94.42
20,2060,SGBOC28VII,GB,374,247,66.04
20,2061,SGBOCT25,GB,252,242,96.03
20,2062,SGBOCT25IV,GB,71,71,100.00
20,2063,SGBOCT25V,GB,124,113,91.13
20,2064,SGBOCT26,GB,340,255,75.00
20,2065,SGBOCT27,GB,2,2,100.00
20,2066,SGBOCT27VI,GB,111,105,94.59
20,2067,SGBSEP24,GB,346,308,89.02
20,2068,SGBSEP27,GB,4,4,100.00
20,2069,SGBSEP28VI,GB,21,8,38.10
20,2070,SGBSEP29VI,GB,1410,1065,75.53
20,2071,SGBSEP31II,GB,731,533,72.91
20,2072,SGIL,EQ,18631,12370,66.39
20,2073,SGL,EQ,228325,191737,83.98
20,2074,SHAH,EQ,2308959,1448788,62.75
20,2075,SHAHALLOYS,EQ,18008,9860,54.75
20,2076,SHAILY,EQ,369884,236166,63.85
20,2077,SHALBY,EQ,130197,62781,48.22
20,2078,SHALPAINTS,EQ,163049,118705,72.80
20,2079,SHANKARA,EQ,104985,49222,46.88
20,2080,SHANTHALA,SM,9600,7200,75.00
20,2081,SHANTIGEAR,EQ,28585,12738,44.56
20,2082,SHARDACROP,EQ,187474,92623,49.41
20,2083,SHARDAMOTR,EQ,41020,20377,49.68
20,2084,SHAREINDIA,EQ,170331,104619,61.42
20,2085,SHAREINDIA,W1,15712,15712,100.00
20,2086,SHARIABEES,EQ,1634,857,52.45
20,2087,SHEETAL,ST,14000,12000,85.71
20,2088,SHEMAROO,EQ,34134,17855,52.31
20,2089,SHERA,SM,19000,11000,57.89
20,2090,SHIGAN,SM,6000,6000,100.00
20,2091,SHILPAMED,EQ,441469,309488,70.10
20,2092,SHIVALIK,EQ,14203,7746,54.54
20,2093,SHIVAMAUTO,EQ,211677,135444,63.99
20,2094,SHIVAMILLS,EQ,11802,8576,72.67
20,2095,SHIVATEX,EQ,15279,8757,57.31
20,2096,SHK,EQ,633469,286147,45.17
20,2097,SHOPERSTOP,EQ,16397,5913,36.06
20,2098,SHRADHA,EQ,145429,85334,58.68
20,2099,SHREDIGCEM,EQ,468356,229738,49.05
20,2100,SHREECEM,EQ,35730,19552,54.72
20,2101,SHREEKARNI,SM,112800,81000,71.81
20,2102,SHREEOSFM,SM,12000,10000,83.33
20,2103,SHREEPUSHK,EQ,476242,133214,27.97
20,2104,SHRENIK,EQ,1548414,989082,63.88
20,2105,SHREYANIND,EQ,210899,102066,48.40
20,2106,SHREYAS,EQ,79492,43393,54.59
20,2107,SHRIPISTON,EQ,71681,38783,54.10
20,2108,SHRIRAMFIN,EQ,1835027,1268441,69.12
20,2109,SHRIRAMPPS,EQ,1040004,426747,41.03
20,2110,SHRITECH,SM,38000,28000,73.68
20,2111,SHUBHLAXMI,SM,61000,46000,75.41
20,2112,SHYAMMETL,EQ,1200658,703646,58.61
20,2113,SIDDHIKA,SM,2500,2500,100.00
20,2114,SIEMENS,EQ,347807,101351,29.14
20,2115,SIGACHI,EQ,1238781,772855,62.39
20,2116,SIGIND,EQ,45523,24910,54.72
20,2117,SIGMA,EQ,7641,5331,69.77
20,2118,SIGNATURE,EQ,827050,230166,27.83
20,2119,SIGNORIA,SM,10000,10000,100.00
20,2120,SIGNPOST,EQ,92562,46600,50.34
20,2121,SIL,EQ,112380,80548,71.67
20,2122,SILGO,EQ,17528,10656,60.79
20,2123,SILINV,EQ,16694,11205,67.12
20,2124,SILKFLEX,SM,284000,204000,71.83
20,2125,SILLYMONKS,EQ,5411,5247,96.97
20,2126,SILVER,EQ,103282,66904,64.78
20,2127,SILVER1,EQ,42528,30917,72.70
20,2128,SILVERADD,EQ,29733,18963,63.78
20,2129,SILVERBEES,EQ,4234781,3517591,83.06
20,2130,SILVERETF,EQ,100136,85608,85.49
20,2131,SILVERIETF,EQ,727303,588237,80.88
20,2132,SILVERTUC,EQ,25126,8371,33.32
20,2133,SILVRETF,EQ,23587,16174,68.57
20,2134,SIMBHALS,EQ,1233296,443119,35.93
20,2135,SINCLAIR,EQ,72779,40569,55.74
20,2136,SINDHUTRAD,EQ,501532,299217,59.66
20,2137,SINTERCOM,EQ,9323,5249,56.30
20,2138,SIRCA,EQ,157812,111397,70.59
20,2139,SIS,EQ,75012,46460,61.94
20,2140,SIYSIL,EQ,209681,95500,45.55
20,2141,SJLOGISTIC,SM,54000,32500,60.19
20,2142,SJS,EQ,95980,61063,63.62
20,2143,SJVN,EQ,9063500,3349331,36.95
20,2144,SKFINDIA,EQ,94400,24262,25.70
20,2145,SKIPPER,EQ,782332,318902,40.76
20,2146,SKIPPERPP,E1,3861,2653,68.71
20,2147,SKMEGGPROD,EQ,426068,133742,31.39
20,2148,SKP,SM,19000,16000,84.21
20,2149,SLONE,SM,30400,22400,73.68
20,2150,SMALLCAP,EQ,807332,717578,88.88
20,2151,SMCGLOBAL,EQ,631704,247153,39.12
20,2152,SMLISUZU,EQ,17401,7923,45.53
20,2153,SMLT,EQ,52363,29494,56.33
20,2154,SMSLIFE,EQ,2661,1650,62.01
20,2155,SMSPHARMA,EQ,798002,300905,37.71
20,2156,SNOWMAN,EQ,1744849,801865,45.96
20,2157,SOBHA,EQ,355751,177590,49.92
20,2158,SOFTTECH,EQ,8606,6274,72.90
20,2159,SOLARA,EQ,132905,73490,55.30
20,2160,SOLARINDS,EQ,102267,44462,43.48
20,2161,SOLEX,SM,16400,11600,70.73
20,2162,SOMANYCERA,EQ,68117,29743,43.66
20,2163,SOMICONVEY,EQ,15266,8991,58.90
20,2164,SONACOMS,EQ,2423762,1213829,50.08
20,2165,SONAMAC,SM,392000,235000,59.95
20,2166,SONAMLTD,EQ,13498,3087,22.87
20,2167,SONATSOFTW,EQ,382854,150729,39.37
20,2168,SONUINFRA,SM,27000,27000,100.00
20,2169,SOTAC,SM,3600,3600,100.00
20,2170,SOTL,EQ,172819,77467,44.83
20,2171,SOUTHBANK,EQ,45619371,16972761,37.21
20,2172,SOUTHWEST,EQ,420186,186044,44.28
20,2173,SPAL,EQ,380398,79313,20.85
20,2174,SPANDANA,EQ,464711,239480,51.53
20,2175,SPARC,EQ,977417,574360,58.76
20,2176,SPCENET,EQ,1535840,815957,53.13
20,2177,SPECIALITY,EQ,110605,56405,51.00
20,2178,SPECTRUM,SM,23000,20875,90.76
20,2179,SPECTSTM,SM,68800,58400,84.88
20,2180,SPENCERS,EQ,156867,84130,53.63
20,2181,SPIC,EQ,7705777,2378144,30.86
20,2182,SPLIL,EQ,27875,19474,69.86
20,2183,SPLPETRO,EQ,253613,112513,44.36
20,2184,SPMLINFRA,EQ,457320,272620,59.61
20,2185,SPORTKING,EQ,4939,3054,61.83
20,2186,SPRL,ST,5600,3200,57.14
20,2187,SREEL,EQ,29911,8886,29.71
20,2188,SRF,EQ,434132,246326,56.74
20,2189,SRGHFL,EQ,19845,13489,67.97
20,2190,SRHHYPOLTD,EQ,27038,11468,42.41
20,2191,SRIVASAVI,SM,30000,24000,80.00
20,2192,SRM,EQ,131644,111629,84.80
20,2193,SSFL,SM,67500,46500,68.89
20,2194,SSWL,EQ,474187,235346,49.63
20,2195,STAR,EQ,225189,108719,48.28
20,2196,STARCEMENT,EQ,342080,148481,43.41
20,2197,STARHEALTH,EQ,495798,301459,60.80
20,2198,STARPAPER,EQ,81764,36030,44.07
20,2199,STARTECK,EQ,45294,21284,46.99
20,2200,STCINDIA,EQ,328967,106956,32.51
20,2201,STEELCAS,EQ,13419,8031,59.85
20,2202,STEELCITY,EQ,28140,18571,66.00
20,2203,STEELXIND,EQ,4638436,3026073,65.24
20,2204,STEL,EQ,16076,9824,61.11
20,2205,STERTOOLS,EQ,375297,142134,37.87
20,2206,STLTECH,EQ,2374556,655994,27.63
20,2207,STOVEKRAFT,EQ,179743,98010,54.53
20,2208,STYLAMIND,EQ,94420,64054,67.84
20,2209,STYRENIX,EQ,38669,21845,56.49
20,2210,SUBEXLTD,EQ,6540434,2362170,36.12
20,2211,SUBROS,EQ,278043,150813,54.24
20,2212,SUDARSCHEM,EQ,579372,252619,43.60
20,2213,SUKHJITS,EQ,19582,12186,62.23
20,2214,SULA,EQ,294547,172585,58.59
20,2215,SUMICHEM,EQ,1505683,605273,40.20
20,2216,SUMMITSEC,EQ,11890,6309,53.06
20,2217,SUNCLAY,EQ,8127,4710,57.95
20,2218,SUNDARAM,EQ,15458764,4866908,31.48
20,2219,SUNDARMFIN,EQ,168646,115228,68.33
20,2220,SUNDARMHLD,EQ,156836,104763,66.80
20,2221,SUNDRMBRAK,EQ,1813,1134,62.55
20,2222,SUNDRMFAST,EQ,84811,44538,52.51
20,2223,SUNFLAG,EQ,168838,82015,48.58
20,2224,SUNPHARMA,EQ,1537367,880375,57.27
20,2225,SUNREST,SM,3200,3200,100.00
20,2226,SUNTECK,EQ,4905299,1027908,20.96
20,2227,SUNTV,EQ,1337372,414697,31.01
20,2228,SUPERHOUSE,EQ,20367,10268,50.41
20,2229,SUPERSPIN,EQ,572409,352571,61.59
20,2230,SUPRAJIT,EQ,333937,161271,48.29
20,2231,SUPREMEIND,EQ,105079,39288,37.39
20,2232,SUPREMEPWR,SM,133000,80000,60.15
20,2233,SUPRIYA,EQ,343261,189852,55.31
20,2234,SURAJEST,EQ,1152102,626474,54.38
20,2235,SURANAT&P,EQ,1385978,875530,63.17
20,2236,SURANI,SM,6600,5200,78.79
20,2237,SURYALAXMI,EQ,14177,7275,51.32
20,2238,SURYAROSNI,EQ,676942,381406,56.34
20,2239,SURYODAY,EQ,756937,381510,50.40
20,2240,SUTLEJTEX,EQ,152994,88375,57.76
20,2241,SUULD,EQ,1738113,767735,44.17
20,2242,SUVEN,EQ,251658,145252,57.72
20,2243,SUVENPHAR,EQ,227329,89533,39.38
20,2244,SUVIDHAA,EQ,218608,151572,69.34
20,2245,SUZLON,EQ,26139387,19123147,73.16
20,2246,SVLL,EQ,19823,13707,69.15
20,2247,SVPGLOB,EQ,67192,39839,59.29
20,2248,SWANENERGY,EQ,2086733,1089814,52.23
20,2249,SWARAJ,SM,83000,70000,84.34
20,2250,SWARAJENG,EQ,27781,10224,36.80
20,2251,SWASTIK,SM,97200,81600,83.95
20,2252,SWELECTES,EQ,180290,62064,34.42
20,2253,SWSOLAR,EQ,673808,337942,50.15
20,2254,SYMPHONY,EQ,152658,67063,43.93
20,2255,SYNCOMF,EQ,3364308,1736735,51.62
20,2256,SYNGENE,EQ,1811140,991896,54.77
20,2257,SYNOPTICS,SM,20400,19200,94.12
20,2258,SYRMA,EQ,429540,204729,47.66
20,2259,SYSTANGO,SM,31600,21200,67.09
20,2260,TAC,SM,98400,66000,67.07
20,2261,TAJGVK,EQ,216152,100033,46.28
20,2262,TAKE,EQ,174116,93700,53.81
20,2263,TALBROAUTO,EQ,457182,201358,44.04
20,2264,TANLA,EQ,294350,120386,40.90
20,2265,TAPIFRUIT,SM,5250,3750,71.43
20,2266,TARC,EQ,991526,469295,47.33
20,2267,TARSONS,EQ,171953,94351,54.87
20,2268,TASTYBITE,EQ,2756,1384,50.22
20,2269,TATACHEM,EQ,1620864,411712,25.40
20,2270,TATACOMM,EQ,516880,298670,57.78
20,2271,TATACONSUM,EQ,1201455,696540,57.97
20,2272,TATAELXSI,EQ,58610,29042,49.55
20,2273,TATAGOLD,EQ,1616823,1210445,74.87
20,2274,TATAINVEST,EQ,62110,46791,75.34
20,2275,TATAMOTORS,EQ,7605719,2772226,36.45
20,2276,TATAMTRDVR,EQ,1307834,710625,54.34
20,2277,TATAPOWER,EQ,8981273,3363406,37.45
20,2278,TATASTEEL,EQ,27476795,9570050,34.83
20,2279,TATATECH,EQ,1124383,707456,62.92
20,2280,TATSILV,EQ,578143,496819,85.93
20,2281,TATVA,EQ,110353,53512,48.49
20,2282,TBI,ST,49200,49200,100.00
20,2283,TBOTEK,EQ,86076,44208,51.36
20,2284,TBZ,EQ,904868,314388,34.74
20,2285,TCI,EQ,38447,28407,73.89
20,2286,TCIEXP,EQ,54592,30987,56.76
20,2287,TCL,SM,159200,99200,62.31
20,2288,TCLCONS,EQ,297855,174431,58.56
20,2289,TCNSBRANDS,EQ,204145,111597,54.67
20,2290,TCPLPACK,EQ,9348,4226,45.21
20,2291,TCS,EQ,1509050,981626,65.05
20,2292,TDPOWERSYS,EQ,684280,327539,47.87
20,2293,TEAMLEASE,EQ,22686,11718,51.65
20,2294,TECH,EQ,44795,43940,98.09
20,2295,TECHLABS,SM,30000,23500,78.33
20,2296,TECHM,EQ,1313197,586655,44.67
20,2297,TECILCHEM,EQ,14166,14128,99.73
20,2298,TEGA,EQ,45835,22577,49.26
20,2299,TEJASNET,EQ,2887326,625135,21.65
20,2300,TEMBO,EQ,67575,22187,32.83
20,2301,TERASOFT,EQ,3202543,836895,26.13
20,2302,TEXINFRA,EQ,1233707,584251,47.36
20,2303,TEXMOPIPES,EQ,83662,46715,55.84
20,2304,TEXRAIL,EQ,3250677,1640880,50.48
20,2305,TFCILTD,EQ,2066675,574692,27.81
20,2306,TGBHOTELS,EQ,248080,155664,62.75
20,2307,TGL,SM,69600,45600,65.52
20,2308,THANGAMAYL,EQ,32378,18109,55.93
20,2309,THEINVEST,EQ,9156,5813,63.49
20,2310,THEJO,EQ,59510,31720,53.30
20,2311,THEMISMED,EQ,118097,68218,57.76
20,2312,THERMAX,EQ,114279,57418,50.24
20,2313,THOMASCOOK,EQ,5334422,2294673,43.02
20,2314,THYROCARE,EQ,41710,22161,53.13
20,2315,TI,EQ,929096,355038,38.21
20,2316,TIDEWATER,EQ,70837,33083,46.70
20,2317,TIIL,EQ,196168,80036,40.80
20,2318,TIINDIA,EQ,283012,221146,78.14
20,2319,TIMESCAN,SM,14000,14000,100.00
20,2320,TIMETECHNO,EQ,1241113,348519,28.08
20,2321,TIMKEN,EQ,146415,85311,58.27
20,2322,TIPSFILMS,EQ,5077,3324,65.47
20,2323,TIPSINDLTD,EQ,218152,103006,47.22
20,2324,TIRUMALCHM,EQ,918642,394177,42.91
20,2325,TIRUPATI,SM,500,500,100.00
20,2326,TIRUPATIFL,EQ,10190826,3495462,34.30
20,2327,TITAGARH,EQ,2676640,536448,20.04
20,2328,TITAN,EQ,1862394,885274,47.53
20,2329,TMB,EQ,292656,199049,68.01
20,2330,TNIDETF,EQ,216769,182395,84.14
20,2331,TNPETRO,EQ,572124,196586,34.36
20,2332,TNPL,EQ,137484,55906,40.66
20,2333,TOKYOPLAST,EQ,23865,14503,60.77
20,2334,TOP100CASE,EQ,573635,515355,89.84
20,2335,TORNTPHARM,EQ,579158,261338,45.12
20,2336,TORNTPOWER,EQ,193683,96203,49.67
20,2337,TOTAL,EQ,338836,155472,45.88
20,2338,TOUCHWOOD,EQ,7084,4293,60.60
20,2339,TPHQ,EQ,6407380,2821769,44.04
20,2340,TPLPLASTEH,EQ,375863,55570,14.78
20,2341,TRACXN,EQ,316109,171960,54.40
20,2342,TRANSTEEL,SM,144000,86000,59.72
20,2343,TREEHOUSE,EQ,46312,31459,67.93
20,2344,TREL,EQ,260291,118912,45.68
20,2345,TRENT,EQ,707909,349740,49.40
20,2346,TRIDENT,EQ,11485600,4102922,35.72
20,2347,TRIDHYA,SM,15000,12000,80.00
20,2348,TRIGYN,EQ,184977,80100,43.30
20,2349,TRITURBINE,EQ,3437730,1315510,38.27
20,2350,TRIVENI,EQ,8837244,1303653,14.75
20,2351,TRU,EQ,12151747,1354614,11.15
20,2352,TRUST,SM,109200,63600,58.24
20,2353,TTKHLTCARE,EQ,6895,3949,57.27
20,2354,TTKPRESTIG,EQ,55538,27871,50.18
20,2355,TTL,EQ,10887,6684,61.39
20,2356,TTML,EQ,3681695,1003080,27.25
20,2357,TV18BRDCST,EQ,8991215,4129112,45.92
20,2358,TVSELECT,EQ,91754,31253,34.06
20,2359,TVSHLTD,EQ,6012,3898,64.84
20,2360,TVSMOTOR,EQ,674896,393762,58.34
20,2361,TVSSCS,EQ,1086843,697474,64.17
20,2362,TVSSRICHAK,EQ,7595,4854,63.91
20,2363,TVTODAY,EQ,138127,55408,40.11
20,2364,UBL,EQ,135847,49672,36.56
20,2365,UCAL,EQ,65303,38617,59.14
20,2366,UCOBANK,EQ,15082270,3475555,23.04
20,2367,UDAICEMENT,EQ,688058,401960,58.42
20,2368,UDS,EQ,167767,78348,46.70
20,2369,UFLEX,EQ,1719845,486916,28.31
20,2370,UFO,EQ,161381,73835,45.75
20,2371,UGARSUGAR,EQ,1769641,530964,30.00
20,2372,UGROCAP,EQ,481980,197825,41.04
20,2373,UJJIVANSFB,EQ,10975995,5401077,49.21
20,2374,ULTRACEMCO,EQ,659266,491221,74.51
20,2375,UMA,SM,180000,136000,75.56
20,2376,UMANGDAIRY,EQ,40741,26513,65.08
20,2377,UMESLTD,EQ,47298,33740,71.33
20,2378,UNICHEMLAB,EQ,8527,4163,48.82
20,2379,UNIDT,EQ,29212,19586,67.05
20,2380,UNIENTER,EQ,9850,6009,61.01
20,2381,UNIINFO,EQ,55458,40041,72.20
20,2382,UNIONBANK,EQ,9434557,3385605,35.89
20,2383,UNIPARTS,EQ,77972,41302,52.97
20,2384,UNITDSPR,EQ,1292892,672935,52.05
20,2385,UNITEDPOLY,EQ,12947,1955,15.10
20,2386,UNITEDTEA,EQ,27482,24504,89.16
20,2387,UNIVCABLES,EQ,40698,17832,43.82
20,2388,UNIVPHOTO,EQ,1542,1058,68.61
20,2389,UNOMINDA,EQ,1339335,889627,66.42
20,2390,UPL,EQ,6124293,2161590,35.30
20,2391,URBAN,SM,35600,27600,77.53
20,2392,URJA,EQ,3181076,1985732,62.42
20,2393,USASEEDS,SM,3600,3000,83.33
20,2394,USHAMART,EQ,1032229,361653,35.04
20,2395,USK,EQ,339174,184144,54.29
20,2396,UTIAMC,EQ,168961,85192,50.42
20,2397,UTIBANKETF,EQ,1852942,1741280,93.97
20,2398,UTINEXT50,EQ,184457,106446,57.71
20,2399,UTINIFTETF,EQ,154537,149301,96.61
20,2400,UTISENSETF,EQ,2100,1529,72.81
20,2401,UTISXN50,EQ,6579,3135,47.65
20,2402,UTKARSHBNK,EQ,2369443,1066071,44.99
20,2403,UTTAMSUGAR,EQ,823293,237566,28.86
20,2404,VADILALIND,EQ,9421,4098,43.50
20,2405,VAIBHAVGBL,EQ,296151,145262,49.05
20,2406,VAISHALI,EQ,128878,120404,93.42
20,2407,VAKRANGEE,EQ,24525162,3088752,12.59
20,2408,VALIANTLAB,EQ,101946,16338,16.03
20,2409,VALIANTORG,EQ,223970,87607,39.12
20,2410,VARDHACRLC,EQ,74381,44843,60.29
20,2411,VARDMNPOLY,EQ,326868,180136,55.11
20,2412,VARROC,EQ,477500,157203,32.92
20,2413,VASCONEQ,EQ,3913485,1649498,42.15
20,2414,VBL,EQ,4380628,3021883,68.98
20,2415,VEDL,EQ,6416994,2091256,32.59
20,2416,VEEKAYEM,SM,5000,5000,100.00
20,2417,VELS,SM,1200,1200,100.00
20,2418,VENKEYS,EQ,429122,135780,31.64
20,2419,VENUSPIPES,EQ,29177,12034,41.24
20,2420,VENUSREM,EQ,218747,84010,38.41
20,2421,VERANDA,EQ,461936,209133,45.27
20,2422,VERITAAS,SM,38400,25200,65.63
20,2423,VERTEXPLUS,ST,1800,1800,100.00
20,2424,VESUVIUS,EQ,18311,8560,46.75
20,2425,VETO,EQ,95871,41568,43.36
20,2426,VGUARD,EQ,632942,403699,63.78
20,2427,VHL,EQ,4518,2885,63.86
20,2428,VIAZ,SM,26000,22000,84.62
20,2429,VIDHIING,EQ,26574,12192,45.88
20,2430,VIJAYA,EQ,136088,73040,53.67
20,2431,VIKASECO,EQ,11670058,5658359,48.49
20,2432,VIKASLIFE,EQ,10298408,4127281,40.08
20,2433,VILAS,SM,522000,295000,56.51
20,2434,VILINBIO,SM,4000,4000,100.00
20,2435,VIMTALABS,EQ,13264,7185,54.17
20,2436,VINATIORGA,EQ,132626,57225,43.15
20,2437,VINDHYATEL,EQ,26477,14032,53.00
20,2438,VINEETLAB,EQ,21869,7140,32.65
20,2439,VINNY,EQ,398631,275755,69.18
20,2440,VINSYS,SM,20000,18500,92.50
20,2441,VINYAS,SM,13600,7200,52.94
20,2442,VINYLINDIA,EQ,67977,29062,42.75
20,2443,VIPCLOTHNG,EQ,405321,232907,57.46
20,2444,VIPIND,EQ,356640,213692,59.92
20,2445,VIRINCHI,EQ,547497,304054,55.54
20,2446,VISAKAIND,EQ,395356,201580,50.99
20,2447,VISHNU,EQ,1292388,629649,48.72
20,2448,VISHNUINFR,SM,42500,35000,82.35
20,2449,VISHWARAJ,EQ,5726664,2324128,40.58
20,2450,VISHWAS,SM,19200,16000,83.33
20,2451,VITAL,SM,21600,16800,77.78
20,2452,VIVIANA,SM,34000,28500,83.82
20,2453,VIVO,SM,3200,3200,100.00
20,2454,VLSFINANCE,EQ,50021,26664,53.31
20,2455,VMARCIND,SM,24000,17000,70.83
20,2456,VMART,EQ,19503,13831,70.92
20,2457,VOLTAMP,EQ,17722,6624,37.38
20,2458,VOLTAS,EQ,2053603,847302,41.26
20,2459,VPRPL,EQ,1834926,792217,43.17
20,2460,VR,SM,6400,6400,100.00
20,2461,VRLLOG,EQ,102642,58195,56.70
20,2462,VSCL,ST,3000,3000,100.00
20,2463,VSSL,EQ,152896,99332,64.97
20,2464,VSTIND,EQ,30741,16437,53.47
20,2465,VSTTILLERS,EQ,23577,15935,67.59
20,2466,VTL,EQ,174969,68608,39.21
20,2467,WABAG,EQ,1224747,454979,37.15
20,2468,WALCHANNAG,EQ,573972,347336,60.51
20,2469,WALPAR,SM,2000,2000,100.00
20,2470,WANBURY,EQ,114090,60135,52.71
20,2471,WEALTH,EQ,6830,3489,51.08
20,2472,WEIZMANIND,EQ,10873,6447,59.29
20,2473,WELCORP,EQ,1009596,623459,61.75
20,2474,WELENT,EQ,184707,69520,37.64
20,2475,WELINV,EQ,484,292,60.33
20,2476,WELSPUNLIV,EQ,1390898,709642,51.02
20,2477,WENDT,EQ,850,405,47.65
20,2478,WESTLIFE,EQ,246408,187010,75.89
20,2479,WHEELS,EQ,104220,51429,49.35
20,2480,WHIRLPOOL,EQ,156341,75125,48.05
20,2481,WILLAMAGOR,EQ,24188,19906,82.30
20,2482,WINDLAS,EQ,48045,22051,45.90
20,2483,WINDMACHIN,EQ,4881012,2662541,54.55
20,2484,WINSOL,SM,228800,116800,51.05
20,2485,WIPL,EQ,12315,2727,22.14
20,2486,WIPRO,EQ,10440142,5054224,48.41
20,2487,WOCKPHARMA,EQ,417033,227477,54.55
20,2488,WOMANCART,SM,3200,3200,100.00
20,2489,WONDERLA,EQ,52596,25790,49.03
20,2490,WORTH,EQ,167130,109379,65.45
20,2491,WSI,EQ,320759,156620,48.83
20,2492,WSTCSTPAPR,EQ,283379,135481,47.81
20,2493,WTICAB,SM,98000,70000,71.43
20,2494,XCHANGING,EQ,315973,163998,51.90
20,2495,XPROINDIA,EQ,31588,18628,58.97
20,2496,YASHO,EQ,8293,5377,64.84
20,2497,YASHOPTICS,SM,48000,38400,80.00
20,2498,YATHARTH,EQ,369542,270893,73.31
20,2499,YATRA,EQ,580595,499316,86.00
20,2500,YCCL,SM,12000,6000,50.00
20,2501,YESBANK,EQ,152776153,49686452,32.52
20,2502,YUDIZ,SM,25600,22400,87.50
20,2503,YUKEN,EQ,18930,11302,59.70
20,2504,ZAGGLE,EQ,1609879,673474,41.83
20,2505,ZEAL,SM,14400,12600,87.50
20,2506,ZEEL,EQ,14055999,5575512,39.67
20,2507,ZEEMEDIA,EQ,8398993,3401782,40.50
20,2508,ZENITHDRUG,SM,43200,32000,74.07
20,2509,ZENITHSTL,EQ,920539,456714,49.61
20,2510,ZENSARTECH,EQ,1422015,431522,30.35
20,2511,ZENTEC,EQ,676915,334364,49.40
20,2512,ZFCVINDIA,EQ,1634031,1430031,87.52
20,2513,ZIMLAB,EQ,265742,131497,49.48
20,2514,ZODIACLOTH,EQ,21815,17478,80.12
20,2515,ZOMATO,EQ,112274897,41730197,37.17
20,2516,ZOTA,EQ,472408,177871,37.65
20,2517,ZTECH,ST,61200,56400,92.16
20,2518,ZUARI,EQ,1476225,380121,25.75
20,2519,ZUARIIND,EQ,256901,118514,46.13
20,2520,ZYDUSLIFE,EQ,859594,406718,47.32
20,2521,ZYDUSWELL,EQ,23708,12596,53.13
