Security Wise Delivery Position - Compulsory Rolling Settlement
10,MTO,29052024,1363161322,0002474
Trade Date <29-MAY-2024>,Settlement Type <N>
Record Type,Sr No,Name of Security,Quantity Traded,Deliverable Quantity(gross across client level),% of Deliverable Quantity to Traded Quantity
20,1,0IHFL26,YR,10,10,100.00
20,2,1003ICCL28,NX,50,50,100.00
20,3,1003ISFL28,N4,145,145,100.00
20,4,1013DLSL24,NF,147,147,100.00
20,5,1015ECL29,NR,475,344,72.42
20,6,1025IHF34,Z8,653,653,100.00
20,7,1025NFL25,N5,250,250,100.00
20,8,1035UCL26,NA,1,1,100.00
20,9,1049DLS25A,Y5,51,51,100.00
20,10,105UCL2026,NB,15,15,100.00
20,11,1060ECL29,NS,100,100,100.00
20,12,1061DLSL24,NG,55,55,100.00
20,13,1065NFL27,NC,196,196,100.00
20,14,10CAGL27,N5,527,462,87.67
20,15,10IHFL30A,BV,240,167,69.58
20,16,10IIFL28,N4,397,397,100.00
20,17,10IIFL28A,NE,100,100,100.00
20,18,10NIDO26,N6,123,123,100.00
20,19,1119NFL27,ND,14,14,100.00
20,20,182D010824,TB,1300,1300,100.00
20,21,182D031024,TB,1600,1600,100.00
20,22,182D040724,TB,100,100,100.00
20,23,182D050924,TB,200,200,100.00
20,24,182D110724,TB,100,100,100.00
20,25,182D190924,TB,100,100,100.00
20,26,182D200624,TB,1400,1400,100.00
20,27,182D220824,TB,100,100,100.00
20,28,182D250724,TB,500,500,100.00
20,29,182D290824,TB,600,500,83.33
20,30,20MICRONS,EQ,119203,64545,54.15
20,31,360ONE,EQ,239009,134844,56.42
20,32,364D051224,TB,100,100,100.00
20,33,364D080525,TB,500,500,100.00
20,34,364D110724,TB,2600,2600,100.00
20,35,364D141124,TB,2000,2000,100.00
20,36,364D180425,TB,200,100,50.00
20,37,364D270225,TB,100,100,100.00
20,38,3IINFOLTD,EQ,310048,172660,55.69
20,39,3MINDIA,EQ,77574,14059,18.12
20,40,3PLAND,EQ,11640,9294,79.85
20,41,515GS2025,GS,10,5,50.00
20,42,5PAISA,EQ,37888,15860,41.86
20,43,622GS2035,GS,67,67,100.00
20,44,63MOONS,EQ,495149,288419,58.25
20,45,664GS2035,GS,1,1,100.00
20,46,667GS2035,GS,2,2,100.00
20,47,667GS2050,GS,72498,72498,100.00
20,48,669GS2024,GS,8,8,100.00
20,49,676GS2061,GS,8,8,100.00
20,50,689GS2025,GS,200,100,50.00
20,51,68GS2060,GS,6,6,100.00
20,52,695GS2061,GS,3,3,100.00
20,53,699GS2026,GS,2900,2900,100.00
20,54,699GS2051,GS,3754,3754,100.00
20,55,702GS2027,GS,40606,33200,81.76
20,56,706GS2028,GS,11580,10660,92.06
20,57,710GS2029,GS,8461,8461,100.00
20,58,716GS2050,GS,3030,3030,100.00
20,59,717GS2030,GS,13774,13773,99.99
20,60,718GS2033,GS,400,400,100.00
20,61,718GS2037,GS,52100,50150,96.26
20,62,71GS2034,GS,20,20,100.00
20,63,723GS2039,GS,65904,65904,100.00
20,64,725GS2063,GS,40503,40503,100.00
20,65,726GS2032,GS,2500,2500,100.00
20,66,726GS2033,GS,150,150,100.00
20,67,729PY26,SG,100,100,100.00
20,68,732GS2030,GS,10850,10799,99.53
20,69,733GS2026,GS,9101,7101,78.02
20,70,734GS2064,GS,200,100,50.00
20,71,736GS2052,GS,172757,172546,99.88
20,72,736NTPC25D,NB,1,1,100.00
20,73,737GS2028,GS,7168,7108,99.16
20,74,738GS2027,GS,66851,60850,91.02
20,75,739NHAI26,N8,1459,1457,99.86
20,76,73GS2053,GS,799495,784495,98.12
20,77,741GS2036,GS,965,965,100.00
20,78,746GS2073,GS,30919,30919,100.00
20,79,74GS2062,GS,326,299,91.72
20,80,750IRFC35,NK,51,50,98.04
20,81,753IRFC30,NJ,793,793,100.00
20,82,753NTPC30E,NC,80,40,50.00
20,83,754GS2036,GS,559014,542245,97.00
20,84,758GJ26,SG,500,500,100.00
20,85,760PFCL35,N3,189,189,100.00
20,86,762KL44,SG,200,200,100.00
20,87,764HUDCO31,N8,7,7,100.00
20,88,764IRFC31,NO,1540,1540,100.00
20,89,764NABAR31,N2,1006,1003,99.70
20,90,769HUDCO31,N9,598,598,100.00
20,91,769NHAI31,NE,1017,664,65.29
20,92,76KA38,SG,100,100,100.00
20,93,76NHAI31,NA,1107,1072,96.84
20,94,772GS2025,GS,63,63,100.00
20,95,772GS2049,GS,2000,2000,100.00
20,96,772GS2055,GS,5000,5000,100.00
20,97,774IREDA31,N7,1108,1033,93.23
20,98,79NHIT35,N1,845,744,88.05
20,99,79NHIT40,N2,704,550,78.13
20,100,801TCH25,N4,36,35,97.22
20,101,805ABFL28,N2,10,10,100.00
20,102,812REC27,NI,2,0,0.00
20,103,824GS2027,GS,310,310,100.00
20,104,829LTF24,NL,95,95,100.00
20,105,82IGT31,NJ,1077,1007,93.50
20,106,830CIFC26,N2,10,10,100.00
20,107,830NHAI27,N2,100,100,100.00
20,108,830PFCL27,N5,100,100,100.00
20,109,835IFL25,NV,10,10,100.00
20,110,83TCHF25,N6,1156,1150,99.48
20,111,840CIFCL28,N4,398,360,90.45
20,112,840IRFC29,N8,6,6,100.00
20,113,842IIFL26,NL,346,345,99.71
20,114,846REC28,N6,2,2,100.00
20,115,847IHFL25,Z2,25,25,100.00
20,116,849NTPC25,N7,10034,9292,92.61
20,117,85IFL26,NX,5,5,100.00
20,118,85IIFL24,NJ,50,50,100.00
20,119,85IIFL25,NO,239,239,100.00
20,120,85PCHFL24,N6,23,23,100.00
20,121,85TCAPS24,N6,121,100,82.64
20,122,865IBHFL26,N8,5,5,100.00
20,123,865IFL28,NZ,483,480,99.38
20,124,865IIFL28,NS,420,320,76.19
20,125,865IRFC29,NA,137,137,100.00
20,126,865LTF26,NN,150,150,100.00
20,127,865TCAPS27,N8,142,137,96.48
20,128,871REC28,N9,658,658,100.00
20,129,872MMFSL26,N1,25,15,60.00
20,130,875IHFL26,NQ,10,10,100.00
20,131,875IIFL26,NM,50,50,100.00
20,132,875NHAI29,N6,332,332,100.00
20,133,875PCHFL26,N8,664,664,100.00
20,134,875SFL27,ZF,3,3,100.00
20,135,876HUDCO28,ND,120,120,100.00
20,136,879NHPC28,N5,209,209,100.00
20,137,87IHFL27A,ZK,5,5,100.00
20,138,87LTF27,NH,15,15,100.00
20,139,880IREDA29,N5,19,19,100.00
20,140,886REC34,NG,102,102,100.00
20,141,888ERFL28,N5,2,1,50.00
20,142,888IRFC29,NE,921,921,100.00
20,143,888REC29,NF,46,46,100.00
20,144,889IBHL27,YT,106,60,56.60
20,145,889IHFL27,YC,5,5,100.00
20,146,88IHFL25,YZ,5,5,100.00
20,147,891NTPC33,N6,95,95,100.00
20,148,892NHPC33,N6,9,9,100.00
20,149,892PFCL33,N8,101,101,100.00
20,150,897MOFSL29,N4,188,188,100.00
20,151,8ABFL26,N0,8,8,100.00
20,152,901HUDCO34,NE,1160,1159,99.91
20,153,901NHB34,N6,12,12,100.00
20,154,903SFL28,YI,374,372,99.47
20,155,905LTF27,NF,66,66,100.00
20,156,905PEL26,N1,147,147,100.00
20,157,910CAGL25,N7,9,9,100.00
20,158,910TCAP28,NA,75,75,100.00
20,159,915IHFL27A,ZL,2,2,100.00
20,160,91D020824,TB,900,900,100.00
20,161,91D040724,TB,100,100,100.00
20,162,91D080824,TB,1600,1600,100.00
20,163,91D120724,TB,300,300,100.00
20,164,91D130624,TB,100,100,100.00
20,165,91D150824,TB,300,200,66.67
20,166,91D230824,TB,200,200,100.00
20,167,91D270624,TB,100,100,100.00
20,168,922SFL24,Z4,194,97,50.00
20,169,925ERFL28,N6,228,228,100.00
20,170,925IBHL27,YR,38,38,100.00
20,171,925IHFL25,N5,10,10,100.00
20,172,925IHFL25B,Y3,5,5,100.00
20,173,925IHFL26B,YQ,15,10,66.67
20,174,925IHFL27,YA,39,39,100.00
20,175,92GS2030,GS,20353,17616,86.55
20,176,935LTF29,N5,114,100,87.72
20,177,93IHFL24A,ZN,10,0,0.00
20,178,93MOFSL34,N6,356,356,100.00
20,179,943ECL28,NJ,19,19,100.00
20,180,948IHFL26I,AX,50,50,100.00
20,181,94IFCI25,NL,30,30,100.00
20,182,94NFL24,N3,1,1,100.00
20,183,94SFL28,YL,10,10,100.00
20,184,957ISFL26,N2,200,200,100.00
20,185,957NIDO26,N5,35,35,100.00
20,186,96IIFL28,N5,1706,1659,97.25
20,187,96IIFL28A,NF,239,229,95.82
20,188,96SFL24A,NB,20,20,100.00
20,189,971IHFL28,AN,10,10,100.00
20,190,971IHFL28I,BC,19,19,100.00
20,191,97SFL29,YZ,50,50,100.00
20,192,985ECL28,NK,25,25,100.00
20,193,985IIFL22,NC,12,12,100.00
20,194,98ICCL26,NU,1,1,100.00
20,195,98IHFL27,ZX,210,210,100.00
20,196,99IFCI24,NH,25,24,96.00
20,197,9IBHFL26BA,NA,99,99,100.00
20,198,9IIFL28,Y0,59,59,100.00
20,199,9MMFSML,N2,954,900,94.34
20,200,9PCHFL31A,NA,590,589,99.83
20,201,9PEL25,N0,2,1,50.00
20,202,AADHARHFC,EQ,1311578,608099,46.36
20,203,AAKASH,EQ,555765,400448,72.05
20,204,AARON,EQ,5618,2755,49.04
20,205,AARTIDRUGS,EQ,158387,59927,37.84
20,206,AARTIIND,EQ,1003667,472986,47.13
20,207,AARTIPHARM,EQ,103565,39997,38.62
20,208,AARTISURF,EQ,17164,9120,53.13
20,209,AARTISURF,P1,10,10,100.00
20,210,AARVEEDEN,EQ,35479,20970,59.11
20,211,AARVI,EQ,5744,4224,73.54
20,212,AATMAJ,SM,154000,138000,89.61
20,213,AAVAS,EQ,477710,373540,78.19
20,214,ABB,EQ,226167,105192,46.51
20,215,ABBOTINDIA,EQ,14961,6688,44.70
20,216,ABCAPITAL,EQ,4599907,1386568,30.14
20,217,ABCOTS,SM,1000,1000,100.00
20,218,ABFRL,EQ,16873869,4358761,25.83
20,219,ABINFRA,SM,10000,8000,80.00
20,220,ABMINTLLTD,EQ,8833,653,7.39
20,221,ABSLAMC,EQ,195079,134348,68.87
20,222,ABSLBANETF,EQ,25895,11848,45.75
20,223,ABSLLIQUID,EQ,1820,1803,99.07
20,224,ABSLNN50ET,EQ,11571,7589,65.59
20,225,ABSLPSE,EQ,222123,198531,89.38
20,226,ABSMARINE,ST,282000,271000,96.10
20,227,ACC,EQ,463000,249520,53.89
20,228,ACCELYA,EQ,5353,3066,57.28
20,229,ACCENTMIC,SM,29000,19000,65.52
20,230,ACCURACY,EQ,236807,226819,95.78
20,231,ACE,EQ,392863,154333,39.28
20,232,ACEINTEG,EQ,7524,5312,70.60
20,233,ACI,EQ,140122,58331,41.63
20,234,ACL,EQ,38567,18832,48.83
20,235,ACLGATI,EQ,281477,162484,57.73
20,236,ACSAL,SM,6000,6000,100.00
20,237,ADANIENSOL,EQ,631494,229381,36.32
20,238,ADANIENT,EQ,1910729,445876,23.34
20,239,ADANIGREEN,EQ,626181,231860,37.03
20,240,ADANIPORTS,EQ,3214475,1308338,40.70
20,241,ADANIPOWER,EQ,4742002,1755046,37.01
20,242,ADFFOODS,EQ,340101,105667,31.07
20,243,ADL,EQ,1167,661,56.64
20,244,ADORWELD,EQ,47399,23692,49.98
20,245,ADROITINFO,EQ,17342,10239,59.04
20,246,ADSL,EQ,154858,63265,40.85
20,247,ADVANIHOTR,EQ,401575,260054,64.76
20,248,ADVENZYMES,EQ,176857,123939,70.08
20,249,AEGISCHEM,EQ,1334215,378565,28.37
20,250,AEROFLEX,EQ,238961,81933,34.29
20,251,AETHER,EQ,42458,30997,73.01
20,252,AFFLE,EQ,251346,104500,41.58
20,253,AGARIND,EQ,74790,37301,49.87
20,254,AGARWALFT,ST,15000,15000,100.00
20,255,AGI,EQ,127775,79006,61.83
20,256,AGNI,SM,55000,45000,81.82
20,257,AGRITECH,EQ,2023,1484,73.36
20,258,AGROPHOS,EQ,31961,25133,78.64
20,259,AGSTRA,EQ,111743,84612,75.72
20,260,AGUL,SM,50000,36000,72.00
20,261,AHL,EQ,281679,111269,39.50
20,262,AHLADA,EQ,938923,420465,44.78
20,263,AHLEAST,EQ,129416,97560,75.38
20,264,AHLUCONT,EQ,163524,73290,44.82
20,265,AIAENG,EQ,19743,13292,67.33
20,266,AIIL,EQ,21694,8590,39.60
20,267,AILIMITED,ST,3000,3000,100.00
20,268,AIRAN,EQ,178767,142827,79.90
20,269,AIROLAM,EQ,5003,3520,70.36
20,270,AIRTELPP,E1,112637,83840,74.43
20,271,AISL,ST,3600,2400,66.67
20,272,AJANTPHARM,EQ,82572,53026,64.22
20,273,AJMERA,EQ,97153,41466,42.68
20,274,AJOONI,EQ,1016338,589163,57.97
20,275,AKANKSHA,SM,28000,24000,85.71
20,276,AKASH,EQ,18838,11220,59.56
20,277,AKG,EQ,159173,137561,86.42
20,278,AKI,EQ,105701,90875,85.97
20,279,AKSHARCHEM,EQ,6521,3818,58.55
20,280,AKZOINDIA,EQ,4538,2920,64.35
20,281,ALANKIT,EQ,2172671,1313884,60.47
20,282,ALBERTDAVD,EQ,3560,1927,54.13
20,283,ALEMBICLTD,EQ,870740,290726,33.39
20,284,ALICON,EQ,40721,24971,61.32
20,285,ALKALI,EQ,15708,12931,82.32
20,286,ALKEM,EQ,495913,111409,22.47
20,287,ALKYLAMINE,EQ,33260,18574,55.84
20,288,ALLCARGO,EQ,992908,526648,53.04
20,289,ALLETEC,SM,53600,34800,64.93
20,290,ALLSEC,EQ,33946,20727,61.06
20,291,ALMONDZ,EQ,47345,32198,68.01
20,292,ALOKINDS,EQ,7391897,3414336,46.19
20,293,ALPA,EQ,184937,109228,59.06
20,294,ALPEXSOLAR,SM,168000,98400,58.57
20,295,ALPHA,EQ,593462,347580,58.57
20,296,ALPHAETF,EQ,285619,266581,93.33
20,297,ALPHAGEO,EQ,25804,10625,41.18
20,298,ALPL30IETF,EQ,1018441,911258,89.48
20,299,ALUWIND,SM,81000,57000,70.37
20,300,AMBANIORG,SM,2000,2000,100.00
20,301,AMBER,EQ,102888,49086,47.71
20,302,AMBIKCO,EQ,7638,4641,60.76
20,303,AMBUJACEM,EQ,1702062,787324,46.26
20,304,AMDIND,EQ,22120,14791,66.87
20,305,AMEYA,SM,84000,46000,54.76
20,306,AMIABLE,SM,4800,3200,66.67
20,307,AMIORG,EQ,397702,277816,69.86
20,308,AMJLAND,EQ,115233,75807,65.79
20,309,AMNPLST,EQ,369416,92139,24.94
20,310,AMRUTANJAN,EQ,25002,13049,52.19
20,311,ANANDRATHI,EQ,34032,19152,56.28
20,312,ANANTRAJ,EQ,536702,290804,54.18
20,313,ANDHRAPAP,EQ,27170,15877,58.44
20,314,ANDHRSUGAR,EQ,97795,63773,65.21
20,315,ANGELONE,EQ,288175,178133,61.81
20,316,ANIKINDS,EQ,8130,7305,89.85
20,317,ANLON,SM,9600,8400,87.50
20,318,ANMOL,EQ,98322,70465,71.67
20,319,ANNAPURNA,SM,41000,37000,90.24
20,320,ANTGRAPHIC,EQ,1268433,396606,31.27
20,321,ANUP,EQ,25533,13259,51.93
20,322,ANURAS,EQ,104238,63510,60.93
20,323,APARINDS,EQ,77959,32284,41.41
20,324,APCL,EQ,19156,9112,47.57
20,325,APCOTEXIND,EQ,27679,16942,61.21
20,326,APEX,EQ,30914,19432,62.86
20,327,APLAPOLLO,EQ,514144,365528,71.09
20,328,APLLTD,EQ,43667,14710,33.69
20,329,APOLLO,EQ,494467,312847,63.27
20,330,APOLLOHOSP,EQ,337183,237245,70.36
20,331,APOLLOPIPE,EQ,40245,26609,66.12
20,332,APOLLOTYRE,EQ,2459093,1416796,57.61
20,333,APOLSINHOT,EQ,9971,7161,71.82
20,334,APS,SM,253500,112500,44.38
20,335,APTECHT,EQ,94022,55616,59.15
20,336,APTUS,EQ,237384,125865,53.02
20,337,ARABIAN,SM,6000,6000,100.00
20,338,ARE&M,EQ,3772435,881102,23.36
20,339,ARENTERP,EQ,13799,1436,10.41
20,340,ARHAM,ST,36000,33000,91.67
20,341,ARIES,EQ,41682,20989,50.36
20,342,ARIHANTCAP,EQ,500166,256496,51.28
20,343,ARIHANTSUP,EQ,14672,9737,66.36
20,344,ARISTO,SM,20800,17600,84.62
20,345,ARMANFIN,EQ,24282,12816,52.78
20,346,AROGRANITE,EQ,14499,8850,61.04
20,347,ARROWGREEN,EQ,1187557,175887,14.81
20,348,ARTEMISMED,EQ,64963,45920,70.69
20,349,ARTNIRMAN,EQ,2177,532,24.44
20,350,ARVIND,EQ,517301,200816,38.82
20,351,ARVINDFASN,EQ,187268,91789,49.01
20,352,ARVSMART,EQ,63344,27241,43.00
20,353,ASAHIINDIA,EQ,39306,17965,45.71
20,354,ASAHISONG,EQ,108574,36733,33.83
20,355,ASAL,EQ,118033,46029,39.00
20,356,ASALCBR,EQ,26498,14702,55.48
20,357,ASHAPURMIN,EQ,207441,121398,58.52
20,358,ASHIANA,EQ,42495,16323,38.41
20,359,ASHIMASYN,EQ,11204769,3236455,28.88
20,360,ASHOKA,EQ,1999113,818312,40.93
20,361,ASHOKAMET,EQ,755851,573554,75.88
20,362,ASHOKLEY,EQ,20861689,9207974,44.14
20,363,ASIANENE,EQ,41821,32886,78.64
20,364,ASIANPAINT,EQ,1758297,1247355,70.94
20,365,ASIANTILES,EQ,383412,181067,47.23
20,366,ASKAUTOLTD,EQ,127794,78940,61.77
20,367,ASMS,EQ,14960,14960,100.00
20,368,ASPINWALL,EQ,4511,2047,45.38
20,369,ASPIRE,SM,24000,14000,58.33
20,370,ASTEC,EQ,14666,7687,52.41
20,371,ASTERDM,EQ,1643015,564561,34.36
20,372,ASTRAL,EQ,287874,135648,47.12
20,373,ASTRAMICRO,EQ,812288,271444,33.42
20,374,ASTRAZEN,EQ,21320,5277,24.75
20,375,ATFL,EQ,25699,18108,70.46
20,376,ATGL,EQ,983879,309745,31.48
20,377,ATL,EQ,243211,144676,59.49
20,378,ATMASTCO,SM,164000,90400,55.12
20,379,ATUL,EQ,14863,5272,35.47
20,380,ATULAUTO,EQ,118780,43853,36.92
20,381,AUBANK,EQ,5140162,2641092,51.38
20,382,AURDIS,SM,20000,10500,52.50
20,383,AURIONPRO,EQ,30653,20150,65.74
20,384,AUROIMPEX,SM,27200,22400,82.35
20,385,AUROPHARMA,EQ,1130292,521166,46.11
20,386,AURUM,EQ,33484,22131,66.09
20,387,AURUMPP1,E1,7096,6173,86.99
20,388,AUTOAXLES,EQ,18939,10028,52.95
20,389,AUTOBEES,EQ,109886,65428,59.54
20,390,AUTOIETF,EQ,186802,115460,61.81
20,391,AUTOIND,EQ,96524,57688,59.77
20,392,AVADHSUGAR,EQ,25614,12699,49.58
20,393,AVALON,EQ,55397,36146,65.25
20,394,AVANTIFEED,EQ,251595,141887,56.39
20,395,AVG,EQ,309542,122262,39.50
20,396,AVONMORE,EQ,56112,34708,61.85
20,397,AVPINFRA,SM,296000,180800,61.08
20,398,AVROIND,EQ,24800,12121,48.88
20,399,AVTNPL,EQ,542426,260958,48.11
20,400,AWHCL,EQ,84179,39756,47.23
20,401,AWL,EQ,2113385,928329,43.93
20,402,AXISBANK,EQ,9418064,5392998,57.26
20,403,AXISBNKETF,EQ,21694,21480,99.01
20,404,AXISBPSETF,EQ,213299,186945,87.64
20,405,AXISCADES,EQ,168474,107677,63.91
20,406,AXISCETF,EQ,4579,2119,46.28
20,407,AXISGOLD,EQ,43155,27004,62.57
20,408,AXISHCETF,EQ,3261,2866,87.89
20,409,AXISILVER,EQ,42725,29516,69.08
20,410,AXISNIFTY,EQ,4333,3881,89.57
20,411,AXISTECETF,EQ,4042,3555,87.95
20,412,AXITA,EQ,932348,430371,46.16
20,413,AXSENSEX,EQ,885,728,82.26
20,414,AYMSYNTEX,EQ,18661,10569,56.64
20,415,AZAD,EQ,125844,98378,78.17
20,416,BABAFP,SM,11200,6400,57.14
20,417,BAHETI,SM,37500,27750,74.00
20,418,BAIDFIN,EQ,3627951,246502,6.79
20,419,BAJAJ-AUTO,EQ,339934,176937,52.05
20,420,BAJAJCON,EQ,408213,202170,49.53
20,421,BAJAJELEC,EQ,18251,9102,49.87
20,422,BAJAJFINSV,EQ,1665575,1158214,69.54
20,423,BAJAJHCARE,EQ,32639,22012,67.44
20,424,BAJAJHIND,EQ,7150540,2664457,37.26
20,425,BAJAJHLDNG,EQ,53870,41296,76.66
20,426,BAJEL,EQ,329760,176499,53.52
20,427,BAJFINANCE,EQ,721331,429087,59.49
20,428,BALAJITELE,EQ,93667,55291,59.03
20,429,BALAMINES,EQ,26502,11280,42.56
20,430,BALAXI,EQ,53761,26547,49.38
20,431,BALKRISHNA,EQ,128332,61581,47.99
20,432,BALKRISIND,EQ,275707,176724,64.10
20,433,BALMLAWRIE,EQ,832363,269321,32.36
20,434,BALPHARMA,EQ,410480,233049,56.77
20,435,BALRAMCHIN,EQ,908231,444188,48.91
20,436,BALUFORGE,EQ,251185,145496,57.92
20,437,BANARBEADS,EQ,7177,3827,53.32
20,438,BANARISUG,EQ,360,249,69.17
20,439,BANCOINDIA,EQ,43455,24745,56.94
20,440,BANDHANBNK,EQ,11336445,4170762,36.79
20,441,BANG,EQ,5527,4751,85.96
20,442,BANKBARODA,EQ,15041927,6762117,44.96
20,443,BANKBEES,EQ,1033160,751973,72.78
20,444,BANKBETF,EQ,5488,3807,69.37
20,445,BANKETF,EQ,6324,5606,88.65
20,446,BANKETFADD,EQ,33224,31705,95.43
20,447,BANKIETF,EQ,439738,206232,46.90
20,448,BANKINDIA,EQ,8418504,3414842,40.56
20,449,BANKNIFTY1,EQ,48310,27140,56.18
20,450,BANSWRAS,EQ,23557,15663,66.49
20,451,BARBEQUE,EQ,52138,27465,52.68
20,452,BASF,EQ,20309,7653,37.68
20,453,BASILIC,SM,33600,27600,82.14
20,454,BASML,EQ,80340,46603,58.01
20,455,BATAINDIA,EQ,645704,306709,47.50
20,456,BAWEJA,SM,10400,9600,92.31
20,457,BAYERCROP,EQ,58076,45322,78.04
20,458,BBETF0432,EQ,349,224,64.18
20,459,BBL,EQ,48510,27274,56.22
20,460,BBNPPGOLD,EQ,2392,2353,98.37
20,461,BBOX,EQ,116145,85275,73.42
20,462,BBTC,EQ,47354,15640,33.03
20,463,BBTCL,EQ,8088,5535,68.43
20,464,BCLIND,EQ,870703,484313,55.62
20,465,BCONCEPTS,EQ,50915,41262,81.04
20,466,BDL,EQ,5436219,1373453,25.26
20,467,BEARDSELL,EQ,56465,33059,58.55
20,468,BECTORFOOD,EQ,209030,153443,73.41
20,469,BEDMUTHA,EQ,26045,15384,59.07
20,470,BEL,EQ,31645904,12410832,39.22
20,471,BEML,EQ,610138,183101,30.01
20,472,BEPL,EQ,184146,93194,50.61
20,473,BERGEPAINT,EQ,1815179,1005377,55.39
20,474,BESTAGRO,EQ,19338,11897,61.52
20,475,BETA,SM,1400,1300,92.86
20,476,BEWLTD,SM,2500,2375,95.00
20,477,BFINVEST,EQ,33494,11416,34.08
20,478,BFSI,EQ,443703,401994,90.60
20,479,BFUTILITIE,EQ,322849,78370,24.27
20,480,BHAGCHEM,EQ,242999,146647,60.35
20,481,BHAGERIA,EQ,13219,7447,56.34
20,482,BHAGYANGR,EQ,55001,33097,60.18
20,483,BHANDARI,EQ,389709,229977,59.01
20,484,BHARATFORG,EQ,740468,334029,45.11
20,485,BHARATGEAR,EQ,29005,16697,57.57
20,486,BHARATRAS,EQ,324,190,58.64
20,487,BHARATWIRE,EQ,64706,42349,65.45
20,488,BHARTIARTL,EQ,4445083,2721267,61.22
20,489,BHARTIHEXA,EQ,258009,106677,41.35
20,490,BHEL,EQ,15049196,4185266,27.81
20,491,BHINVIT,IV,1255531,1116808,88.95
20,492,BIGBLOC,EQ,77519,35990,46.43
20,493,BIKAJI,EQ,210657,111283,52.83
20,494,BINANIIND,EQ,29780,21364,71.74
20,495,BIOCON,EQ,8347446,3138528,37.60
20,496,BIOFILCHEM,EQ,25823,19164,74.21
20,497,BIRDYS,SM,7200,7200,100.00
20,498,BIRET,RR,263069,240628,91.47
20,499,BIRLACABLE,EQ,50268,21278,42.33
20,500,BIRLACORPN,EQ,150708,126198,83.74
20,501,BIRLAMONEY,EQ,91113,60815,66.75
20,502,BLAL,EQ,190136,112552,59.20
20,503,BLISSGVS,EQ,127782,63069,49.36
20,504,BLKASHYAP,EQ,435636,270704,62.14
20,505,BLS,EQ,1447136,671192,46.38
20,506,BLSE,EQ,330126,249803,75.67
20,507,BLUEDART,EQ,26715,11722,43.88
20,508,BLUEJET,EQ,66675,42550,63.82
20,509,BLUEPEBBLE,SM,12000,8000,66.67
20,510,BLUESTARCO,EQ,368425,222280,60.33
20,511,BMETRICS,SM,2400,2400,100.00
20,512,BODALCHEM,EQ,231006,153207,66.32
20,513,BOMDYEING,EQ,892617,323536,36.25
20,514,BOROLTD,EQ,141448,73947,52.28
20,515,BORORENEW,EQ,512094,171181,33.43
20,516,BOSCHLTD,EQ,52833,30103,56.98
20,517,BPCL,EQ,5376708,2753082,51.20
20,518,BPL,EQ,72643,33244,45.76
20,519,BRIGADE,EQ,2806217,585247,20.86
20,520,BRIGHT,SM,111000,84000,75.68
20,521,BRITANNIA,EQ,286144,171888,60.07
20,522,BSE,EQ,525746,331925,63.13
20,523,BSE500IETF,EQ,247379,127375,51.49
20,524,BSHSL,EQ,9648,6271,65.00
20,525,BSL,EQ,22408,3975,17.74
20,526,BSLGOLDETF,EQ,91751,70326,76.65
20,527,BSLNIFTY,EQ,539661,458923,85.04
20,528,BSLSENETFG,EQ,2496,1896,75.96
20,529,BSOFT,EQ,965735,383549,39.72
20,530,BTML,EQ,2127114,1027546,48.31
20,531,BURNPUR,EQ,1634575,766352,46.88
20,532,BUTTERFLY,EQ,7840,3618,46.15
20,533,BVCL,EQ,36754,21971,59.78
20,534,BYKE,EQ,55684,45462,81.64
20,535,CADSYS,ST,19000,18500,97.37
20,536,CAMLINFINE,EQ,199019,110782,55.66
20,537,CAMPUS,EQ,40819366,6242691,15.29
20,538,CAMS,EQ,296368,145683,49.16
20,539,CANARYS,SM,740000,460000,62.16
20,540,CANBK,EQ,39784811,23368492,58.74
20,541,CANFINHOME,EQ,1026105,599085,58.38
20,542,CANTABIL,EQ,155940,92844,59.54
20,543,CAPACITE,EQ,4259043,1423064,33.41
20,544,CAPITALSFB,EQ,47051,23077,49.05
20,545,CAPLIPOINT,EQ,80869,52670,65.13
20,546,CAPTRUST,EQ,6012,4177,69.48
20,547,CARBORUNIV,EQ,43700,19733,45.16
20,548,CAREERP,EQ,42411,28642,67.53
20,549,CARERATING,EQ,15501,7671,49.49
20,550,CARTRADE,EQ,508475,143744,28.27
20,551,CARYSIL,EQ,100564,42613,42.37
20,552,CASTROLIND,EQ,1333060,587182,44.05
20,553,CBAZAAR,SM,32000,32000,100.00
20,554,CCHHL,EQ,78812,61350,77.84
20,555,CCL,EQ,86787,39880,45.95
20,556,CDSL,EQ,521641,222674,42.69
20,557,CEATLTD,EQ,40344,17988,44.59
20,558,CELEBRITY,EQ,123440,76515,61.99
20,559,CELLECOR,SM,35400,24600,69.49
20,560,CELLO,EQ,255732,103508,40.48
20,561,CELLPOINT,SM,79200,46800,59.09
20,562,CENTENKA,EQ,626256,226951,36.24
20,563,CENTEXT,EQ,79765,55906,70.09
20,564,CENTRALBK,EQ,10775963,2771066,25.72
20,565,CENTRUM,EQ,692059,413091,59.69
20,566,CENTUM,EQ,51626,25160,48.74
20,567,CENTURYPLY,EQ,274207,193263,70.48
20,568,CENTURYTEX,EQ,129836,76385,58.83
20,569,CERA,EQ,9410,4516,47.99
20,570,CESC,EQ,3420372,1782851,52.12
20,571,CGCL,EQ,142578,55798,39.14
20,572,CGPOWER,EQ,2639836,1554099,58.87
20,573,CGRAPHICS,SM,809600,526400,65.02
20,574,CHALET,EQ,288493,200099,69.36
20,575,CHAMBLFERT,EQ,785073,261305,33.28
20,576,CHAVDA,SM,104000,56000,53.85
20,577,CHEMBOND,EQ,8945,3491,39.03
20,578,CHEMCON,EQ,43696,21874,50.06
20,579,CHEMFAB,EQ,13528,8403,62.12
20,580,CHEMPLASTS,EQ,101502,54132,53.33
20,581,CHENNPETRO,EQ,623389,181796,29.16
20,582,CHEVIOT,EQ,13002,8254,63.48
20,583,CHOICEIN,EQ,668941,159377,23.83
20,584,CHOLAFIN,EQ,959457,568623,59.27
20,585,CHOLAHLDNG,EQ,206881,179299,86.67
20,586,CIEINDIA,EQ,731869,467240,63.84
20,587,CIGNITITEC,EQ,76796,58502,76.18
20,588,CINELINE,EQ,31266,21038,67.29
20,589,CIPLA,EQ,1607691,1051952,65.43
20,590,CLEAN,EQ,41660,22923,55.02
20,591,CLEDUCATE,EQ,36410,21949,60.28
20,592,CLOUD,SM,1285000,930000,72.37
20,593,CLSEL,EQ,669719,286121,42.72
20,594,CLSL,SM,10000,10000,100.00
20,595,CMMIPL,ST,18000,15000,83.33
20,596,CMNL,SM,19500,16500,84.62
20,597,CMRSL,SM,6400,5600,87.50
20,598,CMSINFO,EQ,607832,473059,77.83
20,599,COALINDIA,EQ,8014727,4250437,53.03
20,600,COASTCORP,EQ,26032,16692,64.12
20,601,COCHINSHIP,EQ,13452819,2002184,14.88
20,602,COFFEEDAY,EQ,1819585,753121,41.39
20,603,COFORGE,EQ,681131,460086,67.55
20,604,COLPAL,EQ,182777,89535,48.99
20,605,COMMITTED,SM,19200,16000,83.33
20,606,COMMOIETF,EQ,51926,38014,73.21
20,607,COMPUSOFT,EQ,208305,107810,51.76
20,608,COMSYN,EQ,11485,8266,71.97
20,609,CONCOR,EQ,1886810,1071542,56.79
20,610,CONCORDBIO,EQ,1270565,211603,16.65
20,611,CONFIPET,EQ,609656,347991,57.08
20,612,CONS,EQ,1917,1616,84.30
20,613,CONSOFINVT,EQ,61613,46443,75.38
20,614,CONSUMBEES,EQ,135375,92391,68.25
20,615,CONSUMIETF,EQ,8525,5188,60.86
20,616,CONTI,SM,23331,23331,100.00
20,617,CONTROLPR,EQ,26324,11539,43.83
20,618,COOLCAPS,SM,6000,5000,83.33
20,619,CORALFINAC,EQ,110319,51763,46.92
20,620,CORDSCABLE,EQ,72731,40694,55.95
20,621,COROMANDEL,EQ,594838,146711,24.66
20,622,COSMOFIRST,EQ,23752,16247,68.40
20,623,COUNCODOS,EQ,187431,119048,63.52
20,624,CPS,ST,3600,3000,83.33
20,625,CPSEETF,EQ,3824888,2105723,55.05
20,626,CRAFTSMAN,EQ,49365,33164,67.18
20,627,CRAYONS,SM,15000,13000,86.67
20,628,CREATIVE,EQ,8332,4507,54.09
20,629,CREDITACC,EQ,466635,332228,71.20
20,630,CREST,EQ,25584,20207,78.98
20,631,CRISIL,EQ,29375,17863,60.81
20,632,CROMPTON,EQ,2848260,789491,27.72
20,633,CSBBANK,EQ,252523,169416,67.09
20,634,CSLFINANCE,EQ,49672,19052,38.36
20,635,CUB,EQ,2334972,1193020,51.09
20,636,CUMMINSIND,EQ,1036254,540814,52.19
20,637,CYBERTECH,EQ,37986,21894,57.64
20,638,CYIENT,EQ,252426,154015,61.01
20,639,CYIENTDLM,EQ,72233,38078,52.72
20,640,DABUR,EQ,2620387,1853084,70.72
20,641,DALBHARAT,EQ,342099,167260,48.89
20,642,DALMIASUG,EQ,20068,8720,43.45
20,643,DAMODARIND,EQ,16123,6767,41.97
20,644,DANGEE,EQ,135057,101293,75.00
20,645,DATAMATICS,EQ,60408,26944,44.60
20,646,DATAPATTNS,EQ,390445,115802,29.66
20,647,DAVANGERE,EQ,726520,560634,77.17
20,648,DBCORP,EQ,285177,209072,73.31
20,649,DBL,EQ,301217,158100,52.49
20,650,DBOL,EQ,130421,84307,64.64
20,651,DBREALTY,EQ,1740106,788347,45.30
20,652,DBSTOCKBRO,EQ,52289,51142,97.81
20,653,DCAL,EQ,367432,149262,40.62
20,654,DCBBANK,EQ,696312,393049,56.45
20,655,DCG,SM,217200,152400,70.17
20,656,DCM,EQ,19531,10811,55.35
20,657,DCMNVL,EQ,102886,70113,68.15
20,658,DCMSHRIRAM,EQ,23610,12647,53.57
20,659,DCMSRIND,EQ,295005,127119,43.09
20,660,DCW,EQ,815449,442106,54.22
20,661,DCXINDIA,EQ,442069,188115,42.55
20,662,DECCANCE,EQ,18376,12938,70.41
20,663,DEEM,SM,37000,24000,64.86
20,664,DEEPAKFERT,EQ,1519647,384514,25.30
20,665,DEEPAKNTR,EQ,360699,197162,54.66
20,666,DEEPENR,EQ,33528,20663,61.63
20,667,DEEPINDS,EQ,110537,58853,53.24
20,668,DELAPLEX,SM,8400,6000,71.43
20,669,DELHIVERY,EQ,1537078,898251,58.44
20,670,DELPHIFX,EQ,14938,9411,63.00
20,671,DELTACORP,EQ,1513975,639425,42.23
20,672,DELTAMAGNT,EQ,3896,2479,63.63
20,673,DEN,EQ,3118267,715783,22.95
20,674,DENEERS,SM,1200,1200,100.00
20,675,DENORA,EQ,9287,3487,37.55
20,676,DENTALKART,SM,14250,11250,78.95
20,677,DESTINY,ST,21000,18000,85.71
20,678,DEVIT,EQ,17020,9457,55.56
20,679,DEVYANI,EQ,1270488,610313,48.04
20,680,DHAMPURSUG,EQ,112644,57704,51.23
20,681,DHANBANK,EQ,573149,458527,80.00
20,682,DHANI,EQ,1906212,656209,34.42
20,683,DHANUKA,EQ,16261,6291,38.69
20,684,DHARMAJ,EQ,35222,21187,60.15
20,685,DHTL,SM,15200,14400,94.74
20,686,DHUNINV,EQ,2241,1048,46.76
20,687,DIAMINESQ,EQ,12068,7289,60.40
20,688,DIAMONDYD,EQ,9718,5204,53.55
20,689,DICIND,EQ,2235,1013,45.32
20,690,DIGIKORE,SM,14400,11200,77.78
20,691,DIGISPICE,EQ,80514,60461,75.09
20,692,DIL,EQ,458136,254968,55.65
20,693,DISHTV,EQ,20988390,4695356,22.37
20,694,DIVGIITTS,EQ,19190,10432,54.36
20,695,DIVISLAB,EQ,1220726,629425,51.56
20,696,DIVOPPBEES,EQ,34208,24570,71.83
20,697,DIXON,EQ,347701,137005,39.40
20,698,DKEGL,SM,3000,3000,100.00
20,699,DLF,EQ,4517186,2845881,63.00
20,700,DLINKINDIA,EQ,287330,71203,24.78
20,701,DLSLNIFT24,NH,81,81,100.00
20,702,DMART,EQ,234524,84677,36.11
20,703,DMCC,EQ,69304,35276,50.90
20,704,DNAMEDIA,EQ,284662,220209,77.36
20,705,DODLA,EQ,50815,24379,47.98
20,706,DOLATALGO,EQ,2159738,543285,25.16
20,707,DOLLAR,EQ,120508,74324,61.68
20,708,DOLLEX,SM,20000,8000,40.00
20,709,DOMS,EQ,214716,46790,21.79
20,710,DONEAR,EQ,63631,41666,65.48
20,711,DPABHUSHAN,EQ,9377,3623,38.64
20,712,DPSCLTD,EQ,976398,450370,46.13
20,713,DPWIRES,EQ,18160,10782,59.37
20,714,DRCSYSTEMS,EQ,380010,241721,63.61
20,715,DREAMFOLKS,EQ,528930,303442,57.37
20,716,DREDGECORP,EQ,127792,55828,43.69
20,717,DRONE,SM,56000,41000,73.21
20,718,DRREDDY,EQ,506798,285534,56.34
20,719,DSSL,EQ,25069,12383,49.40
20,720,DTIL,EQ,8764,6169,70.39
20,721,DUCOL,SM,12800,9600,75.00
20,722,DUGLOBAL,SM,15000,12500,83.33
20,723,DVL,EQ,13908,8377,60.23
20,724,DWARKESH,EQ,574174,239672,41.74
20,725,DYCL,EQ,100501,45273,45.05
20,726,DYNAMATECH,EQ,50537,24149,47.78
20,727,DYNAMIC,SM,65000,37000,56.92
20,728,DYNPRO,EQ,23810,14099,59.21
20,729,EASEMYTRIP,EQ,11935650,5753646,48.21
20,730,EBBETF0425,EQ,3219,2065,64.15
20,731,EBBETF0430,EQ,7753,6663,85.94
20,732,EBBETF0431,EQ,3806,3065,80.53
20,733,EBBETF0433,EQ,709,438,61.78
20,734,ECLERX,EQ,37507,19921,53.11
20,735,EDELWEISS,EQ,4659084,2201646,47.25
20,736,EFACTOR,SM,179200,136000,75.89
20,737,EFORCE,SM,40800,31200,76.47
20,738,EGOLD,EQ,100000,99984,99.98
20,739,EICHERMOT,EQ,548865,367047,66.87
20,740,EIDPARRY,EQ,4432674,916676,20.68
20,741,EIFFL,EQ,64945,52991,81.59
20,742,EIHAHOTELS,EQ,27499,10238,37.23
20,743,EIHOTEL,EQ,1582814,675141,42.65
20,744,EKC,EQ,414387,195487,47.17
20,745,ELDEHSG,EQ,4094,1748,42.70
20,746,ELECON,EQ,112904,47294,41.89
20,747,ELECTCAST,EQ,1167631,779371,66.75
20,748,ELGIEQUIP,EQ,82159,29269,35.62
20,749,ELIN,EQ,149732,90633,60.53
20,750,EMAMILTD,EQ,651758,347250,53.28
20,751,EMAMIPAP,EQ,128616,66003,51.32
20,752,EMAMIREAL,EQ,16036,10987,68.51
20,753,EMBASSY,RR,782842,703765,89.90
20,754,EMIL,EQ,404595,301776,74.59
20,755,EMKAY,EQ,218007,114753,52.64
20,756,EMKAYTOOLS,SM,20100,12600,62.69
20,757,EMMBI,EQ,28255,15575,55.12
20,758,EMMIL,ST,66000,64000,96.97
20,759,EMSLIMITED,EQ,866814,487399,56.23
20,760,EMUDHRA,EQ,118419,81355,68.70
20,761,ENDURANCE,EQ,182435,134084,73.50
20,762,ENERGYDEV,EQ,46545,35571,76.42
20,763,ENFUSE,SM,26400,20400,77.27
20,764,ENGINERSIN,EQ,11706110,3118396,26.64
20,765,ENIL,EQ,90295,49318,54.62
20,766,ENSER,SM,66000,42000,63.64
20,767,ENTERO,EQ,59220,35692,60.27
20,768,EPACK,EQ,582184,269920,46.36
20,769,EPIGRAL,EQ,18852,9900,52.51
20,770,EPL,EQ,920248,567680,61.69
20,771,EQUAL50ADD,EQ,100845,97404,96.59
20,772,EQUITASBNK,EQ,616583,365474,59.27
20,773,ERIS,EQ,93428,54081,57.89
20,774,EROSMEDIA,EQ,223026,146697,65.78
20,775,ESABINDIA,EQ,4845,2410,49.74
20,776,ESAFSFB,EQ,452285,276414,61.12
20,777,ESCONET,SM,173600,159200,91.71
20,778,ESCORTS,EQ,331082,88375,26.69
20,779,ESFL,SM,4800,4200,87.50
20,780,ESG,EQ,152059,136110,89.51
20,781,ESILVER,EQ,3995,3350,83.85
20,782,ESSARSHPNG,EQ,1567205,548985,35.03
20,783,ESTER,EQ,336695,94021,27.92
20,784,ETHOSLTD,EQ,30328,22247,73.35
20,785,EUROBOND,SM,7000,4000,57.14
20,786,EVEREADY,EQ,101904,52019,51.05
20,787,EVERESTIND,EQ,8685,3683,42.41
20,788,EXCEL,EQ,30296857,17983830,59.36
20,789,EXCELINDUS,EQ,29572,11325,38.30
20,790,EXICOM,EQ,3676800,808308,21.98
20,791,EXIDEIND,EQ,7972560,1657946,20.80
20,792,EXPLEOSOL,EQ,26430,20795,78.68
20,793,EXXARO,EQ,200971,126279,62.83
20,794,FACT,EQ,265910,53530,20.13
20,795,FAIRCHEMOR,EQ,23598,10480,44.41
20,796,FAZE3Q,EQ,10898,6672,61.22
20,797,FCL,EQ,395217,161285,40.81
20,798,FCSSOFT,EQ,3660212,2327542,63.59
20,799,FDC,EQ,122106,57036,46.71
20,800,FEDERALBNK,EQ,10114326,4008688,39.63
20,801,FEDFINA,EQ,190999,106473,55.75
20,802,FELIX,SM,95000,61500,64.74
20,803,FIBERWEB,EQ,101754,69967,68.76
20,804,FIDEL,SM,4000,4000,100.00
20,805,FIEMIND,EQ,36703,21671,59.04
20,806,FILATEX,EQ,421458,213582,50.68
20,807,FILATFASH,EQ,3172347,1270300,40.04
20,808,FINCABLES,EQ,1375034,341869,24.86
20,809,FINEORG,EQ,84547,38294,45.29
20,810,FINIETF,EQ,431934,367317,85.04
20,811,FINOPB,EQ,19227,8425,43.82
20,812,FINPIPE,EQ,1821783,551116,30.25
20,813,FIVESTAR,EQ,160262,71294,44.49
20,814,FLAIR,EQ,102881,54940,53.40
20,815,FLUOROCHEM,EQ,38529,25295,65.65
20,816,FMCGIETF,EQ,368212,317083,86.11
20,817,FMGOETZE,EQ,106512,64052,60.14
20,818,FMNL,EQ,231314,190513,82.36
20,819,FOCE,SM,1000,1000,100.00
20,820,FOCUS,EQ,793582,242583,30.57
20,821,FONEBOX,SM,8000,6000,75.00
20,822,FOODSIN,EQ,164150,92583,56.40
20,823,FORCEMOT,EQ,44111,23320,52.87
20,824,FORTIS,EQ,956451,744870,77.88
20,825,FOSECOIND,EQ,1832,958,52.29
20,826,FROG,SM,255600,169600,66.35
20,827,FSL,EQ,645903,332634,51.50
20,828,FUSION,EQ,146126,87234,59.70
20,829,GABRIEL,EQ,199163,114186,57.33
20,830,GAEL,EQ,401790,244065,60.74
20,831,GAIL,EQ,11373374,5298835,46.59
20,832,GALAXYSURF,EQ,14541,8259,56.80
20,833,GANDHAR,EQ,182671,83222,45.56
20,834,GANDHITUBE,EQ,7503,3598,47.95
20,835,GANECOS,EQ,57269,32954,57.54
20,836,GANESHBE,EQ,72481,41448,57.18
20,837,GANESHHOUC,EQ,41674,28171,67.60
20,838,GANGESSECU,EQ,27387,13281,48.49
20,839,GARFIBRES,EQ,90303,23247,25.74
20,840,GATEWAY,EQ,204146,110025,53.90
20,841,GEECEE,EQ,54531,15910,29.18
20,842,GEEKAYWIRE,EQ,152362,88324,57.97
20,843,GENCON,EQ,8541,6542,76.60
20,844,GENESYS,EQ,66538,39194,58.90
20,845,GENSOL,EQ,604987,335292,55.42
20,846,GENUSPAPER,EQ,347831,163191,46.92
20,847,GENUSPOWER,EQ,1410742,798434,56.60
20,848,GEOJITFSL,EQ,483983,168450,34.80
20,849,GEPIL,EQ,541255,245934,45.44
20,850,GESHIP,EQ,3322697,901639,27.14
20,851,GFLLIMITED,EQ,83504,41888,50.16
20,852,GHCL,EQ,397855,204568,51.42
20,853,GHCLTEXTIL,EQ,151686,86276,56.88
20,854,GICHSGFIN,EQ,322956,202255,62.63
20,855,GICL,SM,90000,78000,86.67
20,856,GICRE,EQ,1807066,502367,27.80
20,857,GILLANDERS,EQ,9268,6111,65.94
20,858,GILLETTE,EQ,60063,40502,67.43
20,859,GILT5YBEES,EQ,113345,64942,57.30
20,860,GINNIFILA,EQ,92249,54839,59.45
20,861,GIPCL,EQ,204454,92980,45.48
20,862,GIRIRAJ,ST,1000,750,75.00
20,863,GLAND,EQ,196219,79884,40.71
20,864,GLAXO,EQ,435700,143685,32.98
20,865,GLENMARK,EQ,1555169,427522,27.49
20,866,GLOBALPET,SM,4500,4500,100.00
20,867,GLOBE,EQ,3635349,3364112,92.54
20,868,GLOBUSSPR,EQ,24672,12590,51.03
20,869,GLOSTERLTD,EQ,2155,1337,62.04
20,870,GLS,EQ,79473,53104,66.82
20,871,GMBREW,EQ,62697,28121,44.85
20,872,GMDCLTD,EQ,1035544,334859,32.34
20,873,GMMPFAUDLR,EQ,74538,48575,65.17
20,874,GMRINFRA,EQ,40724431,22571582,55.43
20,875,GMRP&UI,EQ,1514220,862841,56.98
20,876,GNA,EQ,81383,43758,53.77
20,877,GNFC,EQ,1684645,336643,19.98
20,878,GOACARBON,EQ,70235,26730,38.06
20,879,GOCLCORP,EQ,41789,18504,44.28
20,880,GOCOLORS,EQ,93799,81549,86.94
20,881,GODFRYPHLP,EQ,78282,16113,20.58
20,882,GODHA,EQ,21397797,10017210,46.81
20,883,GODIGIT,EQ,1479134,1047418,70.81
20,884,GODREJAGRO,EQ,54025,35319,65.38
20,885,GODREJCP,EQ,427388,234403,54.85
20,886,GODREJIND,EQ,169605,89549,52.80
20,887,GODREJPROP,EQ,434107,141674,32.64
20,888,GOKEX,EQ,49556,26940,54.36
20,889,GOKULAGRO,EQ,2741962,466341,17.01
20,890,GOLD1,EQ,278982,156581,56.13
20,891,GOLDBEES,EQ,5470880,3853795,70.44
20,892,GOLDCASE,EQ,99046,69113,69.78
20,893,GOLDETF,EQ,58158,43292,74.44
20,894,GOLDETFADD,EQ,11046,10465,94.74
20,895,GOLDIAM,EQ,177429,101668,57.30
20,896,GOLDIETF,EQ,1030059,488211,47.40
20,897,GOLDSHARE,EQ,81081,63254,78.01
20,898,GOLDSTAR,SM,123750,90000,72.73
20,899,GOLDTECH,EQ,16044,10725,66.85
20,900,GOODLUCK,EQ,96562,33267,34.45
20,901,GOPAL,EQ,49703,32112,64.61
20,902,GOYALSALT,SM,6000,4800,80.00
20,903,GPIL,EQ,409775,154077,37.60
20,904,GPPL,EQ,2044334,926120,45.30
20,905,GPTHEALTH,EQ,140255,77816,55.48
20,906,GRANULES,EQ,529927,196007,36.99
20,907,GRAPHISAD,SM,10800,3600,33.33
20,908,GRAPHITE,EQ,1080339,209608,19.40
20,909,GRASIM,EQ,1084966,615209,56.70
20,910,GRASIMPP,E1,12482,11288,90.43
20,911,GRAVITA,EQ,327487,142897,43.63
20,912,GRCL,SM,4000,3500,87.50
20,913,GREAVESCOT,EQ,732139,498288,68.06
20,914,GREENCHEF,SM,72000,70400,97.78
20,915,GREENLAM,EQ,92936,48767,52.47
20,916,GREENPANEL,EQ,87877,47655,54.23
20,917,GREENPLY,EQ,152063,68903,45.31
20,918,GREENPOWER,EQ,2276905,1797153,78.93
20,919,GRETEX,ST,3000,3000,100.00
20,920,GRINDWELL,EQ,1055552,116186,11.01
20,921,GRINFRA,EQ,47530,25246,53.12
20,922,GRMOVER,EQ,35008,21342,60.96
20,923,GROBTEA,EQ,398,239,60.05
20,924,GRPLTD,EQ,1123,575,51.20
20,925,GRSE,EQ,2864671,579917,20.24
20,926,GRWRHITECH,EQ,221306,98491,44.50
20,927,GSEC10YEAR,EQ,256,236,92.19
20,928,GSEC5IETF,EQ,3082,3030,98.31
20,929,GSFC,EQ,1408745,624164,44.31
20,930,GSLSU,EQ,67468,42284,62.67
20,931,GSPL,EQ,1061422,677785,63.86
20,932,GSTL,SM,6000,4000,66.67
20,933,GTLINFRA,EQ,37782070,16669820,44.12
20,934,GTPL,EQ,23337,12816,54.92
20,935,GUFICBIO,EQ,173581,65317,37.63
20,936,GUJALKALI,EQ,26977,14399,53.38
20,937,GUJAPOLLO,EQ,9636,7501,77.84
20,938,GUJGASLTD,EQ,744069,313349,42.11
20,939,GUJRAFFIA,EQ,8622,6005,69.65
20,940,GULFOILLUB,EQ,59507,29286,49.21
20,941,GULFPETRO,EQ,96480,55658,57.69
20,942,GULPOLY,EQ,66688,40114,60.15
20,943,GVKPIL,EQ,6406856,3583310,55.93
20,944,GVPTECH,EQ,681641,488266,71.63
20,945,HAL,EQ,4225666,1174567,27.80
20,946,HAPPSTMNDS,EQ,124722,64995,52.11
20,947,HAPPYFORGE,EQ,93801,60059,64.03
20,948,HARDWYN,EQ,211546,101568,48.01
20,949,HARIOMPIPE,EQ,74752,40765,54.53
20,950,HARRMALAYA,EQ,20278,15403,75.96
20,951,HARSHA,EQ,328121,141500,43.12
20,952,HATHWAY,EQ,4589484,1320192,28.77
20,953,HATSUN,EQ,295444,53025,17.95
20,954,HAVELLS,EQ,831300,480074,57.75
20,955,HAVISHA,EQ,26024,23020,88.46
20,956,HBLPOWER,EQ,827730,354893,42.88
20,957,HBSL,EQ,15896,10370,65.24
20,958,HCC,EQ,14507991,4927999,33.97
20,959,HCG,EQ,113206,65477,57.84
20,960,HCLTECH,EQ,3845920,2957524,76.90
20,961,HDFCAMC,EQ,321050,135648,42.25
20,962,HDFCBANK,EQ,17573853,10269574,58.44
20,963,HDFCBSE500,EQ,20690,13102,63.33
20,964,HDFCGOLD,EQ,285245,187896,65.87
20,965,HDFCGROWTH,EQ,5203,4189,80.51
20,966,HDFCLIFE,EQ,6259646,3614280,57.74
20,967,HDFCLIQUID,EQ,44759,44200,98.75
20,968,HDFCLOWVOL,EQ,20082,10815,53.85
20,969,HDFCMID150,EQ,187457,105157,56.10
20,970,HDFCMOMENT,EQ,333504,188034,56.38
20,971,HDFCNEXT50,EQ,48848,38151,78.10
20,972,HDFCNIF100,EQ,153968,61916,40.21
20,973,HDFCNIFBAN,EQ,60822,42146,69.29
20,974,HDFCNIFIT,EQ,31604,27001,85.44
20,975,HDFCNIFTY,EQ,125128,118408,94.63
20,976,HDFCPSUBK,EQ,14973,13357,89.21
20,977,HDFCPVTBAN,EQ,160783,151721,94.36
20,978,HDFCQUAL,EQ,6771,4734,69.92
20,979,HDFCSENSEX,EQ,60535,55162,91.12
20,980,HDFCSILVER,EQ,267538,147650,55.19
20,981,HDFCSML250,EQ,395039,298266,75.50
20,982,HDFCVALUE,EQ,11236,10865,96.70
20,983,HEALTHADD,EQ,98,49,50.00
20,984,HEALTHIETF,EQ,9798,5550,56.64
20,985,HEALTHY,EQ,388050,288457,74.34
20,986,HECPROJECT,EQ,9407,5637,59.92
20,987,HEG,EQ,335675,74791,22.28
20,988,HEIDELBERG,EQ,1441105,283854,19.70
20,989,HEMIPROP,EQ,592968,303245,51.14
20,990,HERANBA,EQ,39425,19623,49.77
20,991,HERCULES,EQ,27895,14874,53.32
20,992,HERITGFOOD,EQ,706520,311719,44.12
20,993,HEROMOTOCO,EQ,409279,178187,43.54
20,994,HESTERBIO,EQ,3603,2809,77.96
20,995,HEUBACHIND,EQ,24354,16126,66.21
20,996,HEXATRADEX,EQ,32346,6914,21.38
20,997,HFCL,EQ,13922300,4230625,30.39
20,998,HGINFRA,EQ,84251,26670,31.66
20,999,HGS,EQ,8682,5951,68.54
20,1000,HIGREEN,SM,51200,35200,68.75
20,1001,HIKAL,EQ,94162,54177,57.54
20,1002,HIL,EQ,4586,2388,52.07
20,1003,HILTON,EQ,185470,113220,61.04
20,1004,HIMATSEIDE,EQ,156288,101493,64.94
20,1005,HINDALCO,EQ,22684652,6551140,28.88
20,1006,HINDCOMPOS,EQ,16101,10852,67.40
20,1007,HINDCOPPER,EQ,8270469,3285225,39.72
20,1008,HINDMOTORS,EQ,1830738,1191506,65.08
20,1009,HINDOILEXP,EQ,1903210,689503,36.23
20,1010,HINDPETRO,EQ,3636399,1172944,32.26
20,1011,HINDUNILVR,EQ,1592495,1166525,73.25
20,1012,HINDWAREAP,EQ,651471,341142,52.36
20,1013,HINDZINC,EQ,1808030,586476,32.44
20,1014,HIRECT,EQ,41865,29093,69.49
20,1015,HISARMETAL,EQ,15984,9383,58.70
20,1016,HITECH,EQ,163070,82142,50.37
20,1017,HITECHCORP,EQ,7723,4892,63.34
20,1018,HLEGLAS,EQ,49388,29796,60.33
20,1019,HMAAGRO,EQ,302032,190018,62.91
20,1020,HMVL,EQ,21513,13416,62.36
20,1021,HNDFDS,EQ,38301,24671,64.41
20,1022,HNGSNGBEES,EQ,181163,119346,65.88
20,1023,HOACFOODS,ST,189000,171000,90.48
20,1024,HOLMARC,SM,43500,36000,82.76
20,1025,HOMEFIRST,EQ,102364,63256,61.80
20,1026,HOMESFY,ST,9000,8700,96.67
20,1027,HONASA,EQ,270258,175407,64.90
20,1028,HONAUT,EQ,6942,2627,37.84
20,1029,HONDAPOWER,EQ,14646,9158,62.53
20,1030,HPAL,EQ,53582,36552,68.22
20,1031,HPIL,EQ,1416,1095,77.33
20,1032,HPL,EQ,258029,128520,49.81
20,1033,HRHNEXT,SM,3000,3000,100.00
20,1034,HSCL,EQ,371470,251024,67.58
20,1035,HTMEDIA,EQ,195590,91671,46.87
20,1036,HUDCO,EQ,27316333,5630765,20.61
20,1037,HUHTAMAKI,EQ,149142,116289,77.97
20,1038,HYBRIDFIN,EQ,74903,64402,85.98
20,1039,IBHFZC25B,AT,3,3,100.00
20,1040,IBLFL,SM,28000,28000,100.00
20,1041,IBREALEST,EQ,11000739,3782677,34.39
20,1042,IBULHSGFIN,EQ,2766904,1003731,36.28
20,1043,IBULPP,E1,811530,523332,64.49
20,1044,ICEMAKE,EQ,743897,205071,27.57
20,1045,ICICIB22,EQ,1127308,941710,83.54
20,1046,ICICIBANK,EQ,19268547,11455727,59.45
20,1047,ICICIGI,EQ,556931,352589,63.31
20,1048,ICICIPRULI,EQ,6677580,4474886,67.01
20,1049,ICIL,EQ,172748,86842,50.27
20,1050,ICRA,EQ,6050,3439,56.84
20,1051,IDBI,EQ,4400716,1777469,40.39
20,1052,IDEA,EQ,592922488,191662353,32.33
20,1053,IDEAFORGE,EQ,179832,87609,48.72
20,1054,IDFC,EQ,3675014,1839545,50.06
20,1055,IDFCFIRSTB,EQ,25586772,7078631,27.67
20,1056,IDFNIFTYET,EQ,613,429,69.98
20,1057,IEL,EQ,133765,112315,83.96
20,1058,IEML,ST,13000,13000,100.00
20,1059,IEX,EQ,5583572,1560820,27.95
20,1060,IFBAGRO,EQ,4117,2914,70.78
20,1061,IFBIND,EQ,240077,98744,41.13
20,1062,IFCI,EQ,20811003,6528172,31.37
20,1063,IFGLEXPOR,EQ,12883,7037,54.62
20,1064,IGARASHI,EQ,35517,18187,51.21
20,1065,IGL,EQ,5194983,2716560,52.29
20,1066,IGPL,EQ,28404,18611,65.52
20,1067,IIFL,EQ,2008347,705213,35.11
20,1068,IIFLSEC,EQ,1337648,595711,44.53
20,1069,IIFLZC24,NK,50,50,100.00
20,1070,IIFLZC25A,NP,1125,1120,99.56
20,1071,IIFLZC25B,NW,326,254,77.91
20,1072,IIFLZC25C,N8,171,170,99.42
20,1073,IIFLZC28,NG,186,186,100.00
20,1074,IIFLZC28B,Y1,64,64,100.00
20,1075,IIFLZC28C,N6,100,100,100.00
20,1076,IITL,EQ,10082,1398,13.87
20,1077,IKIO,EQ,149121,113850,76.35
20,1078,IMAGICAA,EQ,1500112,754289,50.28
20,1079,IMC1,N0,633,506,79.94
20,1080,IMC1,N1,1,1,100.00
20,1081,IMC1,N2,20,10,50.00
20,1082,IMC1,N3,61,51,83.61
20,1083,IMFA,EQ,91086,43840,48.13
20,1084,IMPAL,EQ,6672,5225,78.31
20,1085,INCREDIBLE,EQ,22603,20806,92.05
20,1086,INDBANK,EQ,162427,61264,37.72
20,1087,INDGN,EQ,755754,367554,48.63
20,1088,INDHOTEL,EQ,1729332,964701,55.78
20,1089,INDIACEM,EQ,3033246,741539,24.45
20,1090,INDIAGLYCO,EQ,137949,72451,52.52
20,1091,INDIAMART,EQ,96034,47816,49.79
20,1092,INDIANB,EQ,1767064,625381,35.39
20,1093,INDIANCARD,EQ,11841,5644,47.66
20,1094,INDIANHUME,EQ,148652,70561,47.47
20,1095,INDIASHLTR,EQ,64908,41325,63.67
20,1096,INDIGO,EQ,1877700,1054827,56.18
20,1097,INDIGOPNTS,EQ,18656,10483,56.19
20,1098,INDIGRID,IV,999250,976999,97.77
20,1099,INDNIPPON,EQ,9505,5824,61.27
20,1100,INDOAMIN,EQ,60635,41853,69.02
20,1101,INDOBORAX,EQ,55582,31471,56.62
20,1102,INDOCO,EQ,55925,33387,59.70
20,1103,INDORAMA,EQ,43016,33045,76.82
20,1104,INDOSTAR,EQ,140316,98029,69.86
20,1105,INDOTHAI,EQ,6625,3274,49.42
20,1106,INDOWIND,EQ,274220,202866,73.98
20,1107,INDRAMEDCO,EQ,82548,49589,60.07
20,1108,INDSWFTLAB,EQ,133229,70435,52.87
20,1109,INDTERRAIN,EQ,60293,34364,57.00
20,1110,INDUSINDBK,EQ,4383563,2009683,45.85
20,1111,INDUSTOWER,EQ,6954616,3904900,56.15
20,1112,INFIBEAM,EQ,8492176,2750840,32.39
20,1113,INFINIUM,SM,7000,5500,78.57
20,1114,INFOBEAN,EQ,15040,7712,51.28
20,1115,INFOLLION,SM,10400,8800,84.62
20,1116,INFRABEES,EQ,17925,8123,45.32
20,1117,INFRAIETF,EQ,101836,47210,46.36
20,1118,INFY,EQ,7401634,5485547,74.11
20,1119,INGERRAND,EQ,35364,14092,39.85
20,1120,INM,SM,7800,6000,76.92
20,1121,INNOVACAP,EQ,17950,11166,62.21
20,1122,INNOVANA,SM,4400,3000,68.18
20,1123,INNOVATIVE,SM,15000,9000,60.00
20,1124,INOXGREEN,EQ,717966,424009,59.06
20,1125,INOXINDIA,EQ,146242,73968,50.58
20,1126,INOXWIND,EQ,36882298,16819137,45.60
20,1127,INSECTICID,EQ,79022,45453,57.52
20,1128,INSPIRE,SM,8000,8000,100.00
20,1129,INTELLECT,EQ,399577,263921,66.05
20,1130,INTENTECH,EQ,43675,27830,63.72
20,1131,INTLCONV,EQ,165235,69206,41.88
20,1132,INVENTURE,EQ,6817166,3716659,54.52
20,1133,IOB,EQ,30781875,7300072,23.72
20,1134,IOC,EQ,12374782,6034443,48.76
20,1135,IOLCP,EQ,180172,60482,33.57
20,1136,IONEXCHANG,EQ,152985,74285,48.56
20,1137,IPCALAB,EQ,2025821,239497,11.82
20,1138,IPL,EQ,488975,196251,40.14
20,1139,IRB,EQ,23853528,8649224,36.26
20,1140,IRBINVIT,IV,142264,129813,91.25
20,1141,IRCON,EQ,8547745,2214868,25.91
20,1142,IRCTC,EQ,7214522,1353916,18.77
20,1143,IREDA,EQ,23919211,7443594,31.12
20,1144,IRFC,EQ,54953818,11992367,21.82
20,1145,IRISDOREME,EQ,77418,28013,36.18
20,1146,IRMENERGY,EQ,150275,90743,60.38
20,1147,ISEC,EQ,216937,89386,41.20
20,1148,ISFT,EQ,21496,12109,56.33
20,1149,ISGEC,EQ,113864,50290,44.17
20,1150,ISHAN,SM,96000,48000,50.00
20,1151,ISMTLTD,EQ,1316519,516875,39.26
20,1152,IT,EQ,81984,80646,98.37
20,1153,ITALIANE,SM,8000,6000,75.00
20,1154,ITBEES,EQ,9097126,7629949,83.87
20,1155,ITC,EQ,10430363,6450201,61.84
20,1156,ITDC,EQ,24969,12320,49.34
20,1157,ITDCEM,EQ,3109966,925835,29.77
20,1158,ITETF,EQ,21948,18938,86.29
20,1159,ITETFADD,EQ,11873,10432,87.86
20,1160,ITI,EQ,1542188,361943,23.47
20,1161,ITIETF,EQ,430064,227617,52.93
20,1162,IVC,EQ,275966,192988,69.93
20,1163,IVP,EQ,6750,5266,78.01
20,1164,IVZINGOLD,EQ,27,12,44.44
20,1165,IVZINNIFTY,EQ,5,5,100.00
20,1166,IZMO,EQ,72616,34530,47.55
20,1167,JAGRAN,EQ,1139689,566923,49.74
20,1168,JAGSNPHARM,EQ,17704,9544,53.91
20,1169,JAICORPLTD,EQ,261205,90214,34.54
20,1170,JAINAM,SM,15000,12000,80.00
20,1171,JALAN,SM,3000,3000,100.00
20,1172,JAMNAAUTO,EQ,1259867,391648,31.09
20,1173,JASH,EQ,34042,13812,40.57
20,1174,JAYAGROGN,EQ,81988,48794,59.51
20,1175,JAYBARMARU,EQ,106607,56843,53.32
20,1176,JAYNECOIND,EQ,103663,64892,62.60
20,1177,JAYSREETEA,EQ,28671,16723,58.33
20,1178,JBCHEPHARM,EQ,53663,27040,50.39
20,1179,JBMA,EQ,355229,86423,24.33
20,1180,JCHAC,EQ,792512,188493,23.78
20,1181,JETFREIGHT,EQ,1364322,665076,48.75
20,1182,JFLLIFE,SM,4000,2000,50.00
20,1183,JGCHEM,EQ,88067,49021,55.66
20,1184,JINDALPHOT,EQ,172396,27567,15.99
20,1185,JINDALPOLY,EQ,12983,6838,52.67
20,1186,JINDALSAW,EQ,616263,316584,51.37
20,1187,JINDALSTEL,EQ,1540923,863561,56.04
20,1188,JINDRILL,EQ,20800,10433,50.16
20,1189,JINDWORLD,EQ,51818,12724,24.56
20,1190,JIOFIN,EQ,15141731,9264933,61.19
20,1191,JISLDVREQS,EQ,92583,61117,66.01
20,1192,JISLJALEQS,EQ,2553153,921197,36.08
20,1193,JIWANRAM,SM,48000,48000,100.00
20,1194,J&KBANK,EQ,1628833,643291,39.49
20,1195,JKCEMENT,EQ,58888,29660,50.37
20,1196,JKIL,EQ,362176,149951,41.40
20,1197,JKLAKSHMI,EQ,113888,63101,55.41
20,1198,JKPAPER,EQ,1152650,379071,32.89
20,1199,JKTYRE,EQ,366183,185790,50.74
20,1200,JLHL,EQ,39357,23894,60.71
20,1201,JMFINANCIL,EQ,2454043,1239479,50.51
20,1202,JNKINDIA,EQ,133303,76559,57.43
20,1203,JOCIL,EQ,2010,1303,64.83
20,1204,JPASSOCIAT,EQ,43605061,21737560,49.85
20,1205,JPOLYINVST,EQ,24942,11554,46.32
20,1206,JPPOWER,EQ,32584927,15800003,48.49
20,1207,JSFB,EQ,57587,28260,49.07
20,1208,JSL,EQ,2778881,1752367,63.06
20,1209,JSLL,ST,22320,18720,83.87
20,1210,JSWENERGY,EQ,3836768,2318695,60.43
20,1211,JSWHL,EQ,1545,634,41.04
20,1212,JSWINFRA,EQ,8205088,3464675,42.23
20,1213,JSWSTEEL,EQ,1740879,872450,50.12
20,1214,JTEKTINDIA,EQ,226967,118933,52.40
20,1215,JTLIND,EQ,229993,116570,50.68
20,1216,JUBLFOOD,EQ,10291773,3608769,35.06
20,1217,JUBLINDS,EQ,3188,3188,100.00
20,1218,JUBLINGREA,EQ,331620,208764,62.95
20,1219,JUBLPHARMA,EQ,640543,161210,25.17
20,1220,JUNIORBEES,EQ,164030,105049,64.04
20,1221,JUNIPER,EQ,223200,162039,72.60
20,1222,JUSTDIAL,EQ,472919,213929,45.24
20,1223,JWL,EQ,3280685,755803,23.04
20,1224,JYOTHYLAB,EQ,294778,146733,49.78
20,1225,JYOTICNC,EQ,523981,289899,55.33
20,1226,K2INFRA,SM,33600,25200,75.00
20,1227,KABRAEXTRU,EQ,228964,105549,46.10
20,1228,KAJARIACER,EQ,171117,92240,53.90
20,1229,KAKATCEM,EQ,4199,3642,86.73
20,1230,KALAMANDIR,EQ,137073,76638,55.91
20,1231,KALYANIFRG,EQ,3643,1894,51.99
20,1232,KALYANKJIL,EQ,787171,534006,67.84
20,1233,KAMATHOTEL,EQ,119522,85550,71.58
20,1234,KAMDHENU,EQ,200428,130502,65.11
20,1235,KAMOPAINTS,EQ,963449,720572,74.79
20,1236,KANANIIND,EQ,835659,603217,72.18
20,1237,KANDARP,SM,12000,4000,33.33
20,1238,KANORICHEM,EQ,26859,18633,69.37
20,1239,KANPRPLA,EQ,9925,4289,43.21
20,1240,KANSAINER,EQ,307923,228084,74.07
20,1241,KAPSTON,EQ,5914,3323,56.19
20,1242,KARNIKA,SM,9600,9200,95.83
20,1243,KARURVYSYA,EQ,1036768,629992,60.76
20,1244,KAUSHALYA,EQ,920,671,72.93
20,1245,KAVVERITEL,EQ,101022,64232,63.58
20,1246,KAYA,EQ,48192,37377,77.56
20,1247,KAYNES,EQ,187280,111249,59.40
20,1248,KBCGLOBAL,EQ,12042623,7187051,59.68
20,1249,KCEIL,SM,14500,14500,100.00
20,1250,KCK,SM,16000,16000,100.00
20,1251,KCP,EQ,237576,104941,44.17
20,1252,KCPSUGIND,EQ,148617,96025,64.61
20,1253,KDDL,EQ,13664,6833,50.01
20,1254,KDL,SM,10100,9600,95.05
20,1255,KEC,EQ,154925,92700,59.84
20,1256,KECL,EQ,619075,194971,31.49
20,1257,KEI,EQ,106969,55026,51.44
20,1258,KEL,SM,21600,13200,61.11
20,1259,KELLTONTEC,EQ,265059,154629,58.34
20,1260,KERNEX,EQ,42855,32309,75.39
20,1261,KESORAMIND,EQ,489608,290220,59.28
20,1262,KFINTECH,EQ,552306,124050,22.46
20,1263,KHADIM,EQ,26082,15549,59.62
20,1264,KHAICHEM,EQ,49930,32707,65.51
20,1265,KHAITANLTD,EQ,11768,9006,76.53
20,1266,KHANDSE,EQ,4023,3654,90.83
20,1267,KHFM,SM,52700,34100,64.71
20,1268,KICL,EQ,2712,1536,56.64
20,1269,KILITCH,EQ,17360,11147,64.21
20,1270,KIMS,EQ,37388,22986,61.48
20,1271,KINGFA,EQ,19172,13847,72.23
20,1272,KIOCL,EQ,996473,100562,10.09
20,1273,KIRIINDUS,EQ,140001,62518,44.66
20,1274,KIRLOSBROS,EQ,106444,50074,47.04
20,1275,KIRLOSENG,EQ,189489,108625,57.33
20,1276,KIRLOSIND,EQ,8270,2531,30.60
20,1277,KIRLPNU,EQ,165028,99393,60.23
20,1278,KITEX,EQ,92606,57037,61.59
20,1279,KKCL,EQ,40674,31210,76.73
20,1280,KLL,SM,11200,9600,85.71
20,1281,KMSUGAR,EQ,624397,321212,51.44
20,1282,KNAGRI,SM,52800,48800,92.42
20,1283,KNRCON,EQ,2116271,774604,36.60
20,1284,KODYTECH,SM,8000,6700,83.75
20,1285,KOHINOOR,EQ,27658,17836,64.49
20,1286,KOKUYOCMLN,EQ,154530,69055,44.69
20,1287,KOLTEPATIL,EQ,188304,69350,36.83
20,1288,KONSTELEC,SM,117000,68000,58.12
20,1289,KONTOR,SM,87600,61200,69.86
20,1290,KOPRAN,EQ,120065,64091,53.38
20,1291,KORE,SM,8500,6500,76.47
20,1292,KOTAKBANK,EQ,4952472,2589030,52.28
20,1293,KOTARISUG,EQ,99074,63084,63.67
20,1294,KOTHARIPET,EQ,134993,43609,32.30
20,1295,KOTHARIPRO,EQ,11798,7989,67.71
20,1296,KOTYARK,SM,34600,25500,73.70
20,1297,KPIGREEN,EQ,371792,159379,42.87
20,1298,KPIL,EQ,176718,82160,46.49
20,1299,KPITTECH,EQ,675969,361321,53.45
20,1300,KPRMILL,EQ,162680,83838,51.54
20,1301,KRBL,EQ,695819,406998,58.49
20,1302,KREBSBIO,EQ,3489,2238,64.14
20,1303,KRISHANA,EQ,32121,25295,78.75
20,1304,KRISHCA,SM,67000,54000,80.60
20,1305,KRISHIVAL,SM,500,500,100.00
20,1306,KRISHNADEF,SM,250500,123500,49.30
20,1307,KRITI,EQ,39094,24629,63.00
20,1308,KRITINUT,EQ,68861,40069,58.19
20,1309,KRSNAA,EQ,41558,25525,61.42
20,1310,KRYSTAL,EQ,310810,113588,36.55
20,1311,KSB,EQ,11293,5025,44.50
20,1312,KSCL,EQ,88786,32920,37.08
20,1313,KSHITIJPOL,EQ,242698,212256,87.46
20,1314,KSL,EQ,34212,19738,57.69
20,1315,KSOLVES,EQ,24542,15081,61.45
20,1316,KTKBANK,EQ,1340784,775046,57.81
20,1317,KTL,SM,3000,3000,100.00
20,1318,KUANTUM,EQ,36332,23836,65.61
20,1319,LAL,EQ,93224,70802,75.95
20,1320,LALPATHLAB,EQ,166094,55467,33.39
20,1321,LAMBODHARA,EQ,22736,7471,32.86
20,1322,LANCORHOL,EQ,32323,22033,68.17
20,1323,LANDMARK,EQ,121492,56076,46.16
20,1324,LAOPALA,EQ,51232,27669,54.01
20,1325,LASA,EQ,37504,27079,72.20
20,1326,LAURUSLABS,EQ,547931,193565,35.33
20,1327,LAWSIKHO,SM,18000,11500,63.89
20,1328,LAXMICOT,EQ,30293,20706,68.35
20,1329,LAXMIMACH,EQ,4035,2049,50.78
20,1330,LEMERITE,SM,96000,76800,80.00
20,1331,LEMONTREE,EQ,3458732,1400060,40.48
20,1332,LEXUS,EQ,26568,20934,78.79
20,1333,LFIC,EQ,163533,64976,39.73
20,1334,LGBBROSLTD,EQ,22448,14416,64.22
20,1335,LGBFORGE,EQ,212489,86604,40.76
20,1336,LIBAS,EQ,52443,30471,58.10
20,1337,LIBERTSHOE,EQ,34424,17602,51.13
20,1338,LICHSGFIN,EQ,2015125,1111892,55.18
20,1339,LICI,EQ,2716582,1083475,39.88
20,1340,LICMFGOLD,EQ,247,229,92.71
20,1341,LICNETFGSC,EQ,13460,12882,95.71
20,1342,LICNETFN50,EQ,40785,40695,99.78
20,1343,LICNETFSEN,EQ,321,197,61.37
20,1344,LICNFNHGP,EQ,659,178,27.01
20,1345,LICNMID100,EQ,8103,4190,51.71
20,1346,LIKHITHA,EQ,193930,107152,55.25
20,1347,LINC,EQ,14148,8207,58.01
20,1348,LINCOLN,EQ,29961,19306,64.44
20,1349,LINDEINDIA,EQ,268732,59758,22.24
20,1350,LIQUID,EQ,105667,90979,86.10
20,1351,LIQUID1,EQ,3209,1615,50.33
20,1352,LIQUIDADD,EQ,204942,125044,61.01
20,1353,LIQUIDBEES,EQ,2464421,1922836,78.02
20,1354,LIQUIDCASE,EQ,2045678,1914227,93.57
20,1355,LIQUIDETF,EQ,570581,295181,51.73
20,1356,LIQUIDIETF,EQ,957583,486618,50.82
20,1357,LIQUIDSBI,EQ,574,478,83.28
20,1358,LLOYDS,SM,54000,36000,66.67
20,1359,LLOYDSENGG,EQ,3723516,1065426,28.61
20,1360,LLOYDSME,EQ,139980,97467,69.63
20,1361,LODHA,EQ,1556064,1078004,69.28
20,1362,LOVABLE,EQ,11418,6221,54.48
20,1363,LOWVOL,EQ,602,505,83.89
20,1364,LOWVOL1,EQ,987999,707947,71.65
20,1365,LOWVOLIETF,EQ,1425844,1113168,78.07
20,1366,LOYALTEX,EQ,7925,2058,25.97
20,1367,LPDC,EQ,68671,43829,63.82
20,1368,LRRPL,SM,12000,12000,100.00
20,1369,LT,EQ,1506146,920248,61.10
20,1370,LTF,EQ,1738865,736406,42.35
20,1371,LTFOODS,EQ,637062,378873,59.47
20,1372,LTGILTBEES,EQ,1189794,955231,80.29
20,1373,LTIM,EQ,209717,126431,60.29
20,1374,LTTS,EQ,268651,102786,38.26
20,1375,LUMAXIND,EQ,14370,7265,50.56
20,1376,LUMAXTECH,EQ,143422,58338,40.68
20,1377,LUPIN,EQ,691049,301197,43.59
20,1378,LUXIND,EQ,46612,17776,38.14
20,1379,LXCHEM,EQ,591484,259347,43.85
20,1380,LYKALABS,EQ,47465,27945,58.87
20,1381,LYPSAGEMS,EQ,66928,51018,76.23
20,1382,MAANALU,EQ,121264,56575,46.65
20,1383,MADHAVBAUG,SM,8000,7600,95.00
20,1384,MADHUSUDAN,SM,18000,12000,66.67
20,1385,MADRASFERT,EQ,400968,93349,23.28
20,1386,MAFANG,EQ,301144,177909,59.08
20,1387,MAGADSUGAR,EQ,4883,2250,46.08
20,1388,MAGNUM,EQ,229414,137820,60.07
20,1389,MAGSON,SM,4000,4000,100.00
20,1390,MAHABANK,EQ,19588607,4903410,25.03
20,1391,MAHAPEXLTD,EQ,16557,9655,58.31
20,1392,MAHASTEEL,EQ,31535,16666,52.85
20,1393,MAHEPC,EQ,29339,15614,53.22
20,1394,MAHESHWARI,EQ,6213,2791,44.92
20,1395,MAHKTECH,EQ,1450466,1073954,74.04
20,1396,MAHLIFE,EQ,256848,145717,56.73
20,1397,MAHLOG,EQ,103013,54776,53.17
20,1398,MAHSCOOTER,EQ,5913,2707,45.78
20,1399,MAHSEAMLES,EQ,589996,395900,67.10
20,1400,MAITHANALL,EQ,31997,17195,53.74
20,1401,MAITREYA,SM,4000,4000,100.00
20,1402,MAKEINDIA,EQ,100001,84764,84.76
20,1403,MAKS,SM,3000,3000,100.00
20,1404,MAL,SM,1600,1600,100.00
20,1405,MALLCOM,EQ,30021,10703,35.65
20,1406,MANAKALUCO,EQ,138574,113427,81.85
20,1407,MANAKSIA,EQ,200038,101836,50.91
20,1408,MANALIPETC,EQ,5159594,1980151,38.38
20,1409,MANAPPURAM,EQ,9106515,4150311,45.58
20,1410,MANDEEP,ST,86000,84000,97.67
20,1411,MANGALAM,EQ,56986,37282,65.42
20,1412,MANGCHEFER,EQ,271340,147662,54.42
20,1413,MANGLMCEM,EQ,39039,17870,45.77
20,1414,MANINDS,EQ,832354,522034,62.72
20,1415,MANINFRA,EQ,310596,178859,57.59
20,1416,MANKIND,EQ,781782,488910,62.54
20,1417,MANOMAY,EQ,5374,3188,59.32
20,1418,MANUGRAPH,EQ,30389,20586,67.74
20,1419,MANYAVAR,EQ,152056,106635,70.13
20,1420,MAPMYINDIA,EQ,38236,17431,45.59
20,1421,MARALOVER,EQ,8138,4050,49.77
20,1422,MARATHON,EQ,127345,74489,58.49
20,1423,MARCO,SM,9000,6000,66.67
20,1424,MARICO,EQ,2252674,1435709,63.73
20,1425,MARINE,EQ,216147,142048,65.72
20,1426,MARINETRAN,SM,8000,4000,50.00
20,1427,MARKSANS,EQ,1150561,532091,46.25
20,1428,MARUTI,EQ,353706,221848,62.72
20,1429,MASFIN,EQ,70093,38186,54.48
20,1430,MASPTOP50,EQ,179842,133509,74.24
20,1431,MASTEK,EQ,19201,10215,53.20
20,1432,MASTER,SM,2000,2000,100.00
20,1433,MATRIMONY,EQ,5386,3556,66.02
20,1434,MAWANASUG,EQ,95240,50810,53.35
20,1435,MAXESTATES,EQ,87278,41144,47.14
20,1436,MAXHEALTH,EQ,1720200,1378285,80.12
20,1437,MAXIND,EQ,36346,26676,73.39
20,1438,MAXPOSURE,SM,54000,52000,96.30
20,1439,MAYURUNIQ,EQ,93556,58901,62.96
20,1440,MAZDA,EQ,8294,2633,31.75
20,1441,MAZDOCK,EQ,9455928,1379906,14.59
20,1442,MBAPL,EQ,10610,6423,60.54
20,1443,MBECL,EQ,561776,394943,70.30
20,1444,MBLINFRA,EQ,55371,42045,75.93
20,1445,MCDOWELL-N,EQ,1137792,702759,61.77
20,1446,MCL,EQ,14707,10291,69.97
20,1447,MCLEODRUSS,EQ,142243,105511,74.18
20,1448,MCON,SM,13000,9000,69.23
20,1449,MCX,EQ,328175,96475,29.40
20,1450,MDL,SM,28000,22000,78.57
20,1451,MEDANTA,EQ,394909,222996,56.47
20,1452,MEDIASSIST,EQ,87771,42186,48.06
20,1453,MEDICAMEQ,EQ,12176,9004,73.95
20,1454,MEDPLUS,EQ,388684,107543,27.67
20,1455,MEGAFLEX,SM,6000,3000,50.00
20,1456,MEGASOFT,EQ,67048,49527,73.87
20,1457,MEGASTAR,EQ,3208,1706,53.18
20,1458,MEGATHERM,SM,383600,234800,61.21
20,1459,MENONBE,EQ,27306,16603,60.80
20,1460,METROBRAND,EQ,102422,44403,43.35
20,1461,METROPOLIS,EQ,101473,24433,24.08
20,1462,MFSL,EQ,1551773,1130573,72.86
20,1463,MGEL,EQ,134937,66638,49.38
20,1464,MGL,EQ,205342,99850,48.63
20,1465,MHHL,SM,36000,31500,87.50
20,1466,MHLXMIRU,EQ,13042,5735,43.97
20,1467,MHRIL,EQ,150731,74043,49.12
20,1468,MICEL,EQ,564047,376249,66.71
20,1469,MICROPRO,SM,3200,3200,100.00
20,1470,MID150BEES,EQ,211477,129180,61.08
20,1471,MIDCAP,EQ,30445,18625,61.18
20,1472,MIDCAPETF,EQ,684838,404096,59.01
20,1473,MIDCAPIETF,EQ,626251,472746,75.49
20,1474,MIDHANI,EQ,895753,277383,30.97
20,1475,MIDQ50ADD,EQ,1269,762,60.05
20,1476,MIDSELIETF,EQ,267478,176688,66.06
20,1477,MIDSMALL,EQ,144030,124418,86.38
20,1478,MILTON,SM,8800,8800,100.00
20,1479,MINDACORP,EQ,222772,109226,49.03
20,1480,MINDSPACE,RR,143777,116763,81.21
20,1481,MINDTECK,EQ,116077,52838,45.52
20,1482,MIRCELECTR,EQ,286487,195011,68.07
20,1483,MIRZAINT,EQ,365239,226397,61.99
20,1484,MITCON,EQ,22580,8422,37.30
20,1485,M&M,EQ,2720451,1837451,67.54
20,1486,M&MFIN,EQ,1618611,527336,32.58
20,1487,MMFL,EQ,107575,42770,39.76
20,1488,MMP,EQ,10160,5372,52.87
20,1489,MMTC,EQ,1566461,548409,35.01
20,1490,MNC,EQ,43913,21905,49.88
20,1491,MOGSEC,EQ,27956,27749,99.26
20,1492,MOHEALTH,EQ,34575,30763,88.97
20,1493,MOHITIND,EQ,18460,11076,60.00
20,1494,MOIL,EQ,2391464,654979,27.39
20,1495,MOL,EQ,273557,149249,54.56
20,1496,MOLDTECH,EQ,106015,57791,54.51
20,1497,MOLDTKPAC,EQ,34382,19209,55.87
20,1498,MOLOWVOL,EQ,594957,581143,97.68
20,1499,MOM100,EQ,289216,194353,67.20
20,1500,MOM30IETF,EQ,1933578,1587511,82.10
20,1501,MOM50,EQ,1987,1807,90.94
20,1502,MOMENTUM,EQ,109001,93502,85.78
20,1503,MOMOMENTUM,EQ,139204,107900,77.51
20,1504,MON100,EQ,171960,111457,64.82
20,1505,MONARCH,EQ,25238,16923,67.05
20,1506,MONIFTY500,EQ,210748,172899,82.04
20,1507,MONQ50,EQ,14787,9047,61.18
20,1508,MONTECARLO,EQ,217250,86529,39.83
20,1509,MOQUALITY,EQ,92634,47741,51.54
20,1510,MOREALTY,EQ,107220,100895,94.10
20,1511,MOREPENLAB,EQ,2651907,1142976,43.10
20,1512,MOS,SM,49600,35200,70.97
20,1513,MOSMALL250,EQ,220270,164869,74.85
20,1514,MOTHERSON,EQ,43408192,13127101,30.24
20,1515,MOTILALOFS,EQ,171734,103815,60.45
20,1516,MOTISONS,EQ,266894,167784,62.87
20,1517,MOTOGENFIN,EQ,10522,3160,30.03
20,1518,MOVALUE,EQ,181150,140295,77.45
20,1519,MPHASIS,EQ,217435,101854,46.84
20,1520,MPSLTD,EQ,46040,34537,75.02
20,1521,MRF,EQ,5173,1541,29.79
20,1522,MRPL,EQ,2602678,934261,35.90
20,1523,MSPL,EQ,248699,173993,69.96
20,1524,MSTCLTD,EQ,246896,91310,36.98
20,1525,MSUMI,EQ,4449745,2832955,63.67
20,1526,MTARTECH,EQ,2610931,607788,23.28
20,1527,MTNL,EQ,4268801,1421827,33.31
20,1528,MUFIN,EQ,118618,69420,58.52
20,1529,MUFTI,EQ,89547,52440,58.56
20,1530,MUKANDLTD,EQ,85645,42989,50.19
20,1531,MUKKA,EQ,401332,254668,63.46
20,1532,MUKTAARTS,EQ,8973,6596,73.51
20,1533,MUNJALAU,EQ,92043,62414,67.81
20,1534,MUNJALSHOW,EQ,174898,91038,52.05
20,1535,MURUDCERA,EQ,254206,133743,52.61
20,1536,MUTHOOTCAP,EQ,45575,35129,77.08
20,1537,MUTHOOTFIN,EQ,378282,148927,39.37
20,1538,MUTHOOTMF,EQ,73562,44729,60.80
20,1539,MVGJL,EQ,80764,64688,80.10
20,1540,MVKAGRO,SM,32400,27600,85.19
20,1541,MWL,SM,14400,13200,91.67
20,1542,NACLIND,EQ,37701,21628,57.37
20,1543,NAGAFERT,EQ,544008,348546,64.07
20,1544,NAGREEKCAP,EQ,1874,1046,55.82
20,1545,NAGREEKEXP,EQ,10643,8999,84.55
20,1546,NAHARCAP,EQ,4285,3228,75.33
20,1547,NAHARINDUS,EQ,21188,15456,72.95
20,1548,NAHARPOLY,EQ,7527,6392,84.92
20,1549,NAHARSPING,EQ,17288,9888,57.20
20,1550,NAMAN,SM,94400,65600,69.49
20,1551,NAM-INDIA,EQ,1009017,750934,74.42
20,1552,NATCOPHARM,EQ,1193446,488531,40.93
20,1553,NATHBIOGEN,EQ,24465,15398,62.94
20,1554,NATIONALUM,EQ,35895866,7186302,20.02
20,1555,NAUKRI,EQ,367451,205831,56.02
20,1556,NAVA,EQ,321001,139300,43.40
20,1557,NAVINFLUOR,EQ,146910,89784,61.11
20,1558,NAVINIFTY,EQ,100,100,100.00
20,1559,NAVKARCORP,EQ,162014,82316,50.81
20,1560,NAVNETEDUL,EQ,106637,61681,57.84
20,1561,NAZARA,EQ,900615,252175,28.00
20,1562,NBCC,EQ,29937220,8376669,27.98
20,1563,NBIFIN,EQ,243,202,83.13
20,1564,NCC,EQ,8864622,2236393,25.23
20,1565,NCLIND,EQ,55641,28142,50.58
20,1566,NDGL,EQ,167,133,79.64
20,1567,NDL,EQ,7982126,2803088,35.12
20,1568,NDLVENTURE,EQ,11237,7324,65.18
20,1569,NDRAUTO,EQ,6863,4630,67.46
20,1570,NDTV,EQ,277718,107863,38.84
20,1571,NECCLTD,EQ,535125,384032,71.76
20,1572,NECLIFE,EQ,109978,63634,57.86
20,1573,NELCAST,EQ,41891,19708,47.05
20,1574,NELCO,EQ,89210,47823,53.61
20,1575,NEOGEN,EQ,16512,9230,55.90
20,1576,NESCO,EQ,25317,14018,55.37
20,1577,NESTLEIND,EQ,869600,553974,63.70
20,1578,NETF,EQ,107418,105695,98.40
20,1579,NETWEB,EQ,152085,103723,68.20
20,1580,NETWORK18,EQ,1092618,765302,70.04
20,1581,NEULANDLAB,EQ,25092,13382,53.33
20,1582,NEWGEN,EQ,98550,57932,58.78
20,1583,NEWJAISA,SM,25500,18000,70.59
20,1584,NEXT50,EQ,8076,5300,65.63
20,1585,NEXT50IETF,EQ,319904,259875,81.24
20,1586,NEXTMEDIA,EQ,9730,9487,97.50
20,1587,NFL,EQ,2992890,715690,23.91
20,1588,NGIL,EQ,205697,129830,63.12
20,1589,NGLFINE,EQ,2075,1106,53.30
20,1590,NH,EQ,539822,352410,65.28
20,1591,NHPC,EQ,85794252,26127858,30.45
20,1592,NIACL,EQ,974840,416440,42.72
20,1593,NIBL,EQ,24281,17508,72.11
20,1594,NIDAN,SM,61000,54000,88.52
20,1595,NIDOZC26,N7,35,35,100.00
20,1596,NIF100BEES,EQ,14490,10098,69.69
20,1597,NIF100IETF,EQ,92193,43953,47.67
20,1598,NIF10GETF,EQ,2502,2228,89.05
20,1599,NIF5GETF,EQ,401,316,78.80
20,1600,NIFITETF,EQ,4560,2495,54.71
20,1601,NIFMID150,EQ,2615,2320,88.72
20,1602,NIFTY1,EQ,146924,129256,87.97
20,1603,NIFTY50ADD,EQ,19525,12090,61.92
20,1604,NIFTYBEES,EQ,9056708,7450869,82.27
20,1605,NIFTYBETF,EQ,1419,1139,80.27
20,1606,NIFTYETF,EQ,261001,253780,97.23
20,1607,NIFTYIETF,EQ,425740,197798,46.46
20,1608,NIFTYQLITY,EQ,29987,20670,68.93
20,1609,NIITLTD,EQ,277689,120203,43.29
20,1610,NIITMTS,EQ,222463,119025,53.50
20,1611,NILAINFRA,EQ,437552,315221,72.04
20,1612,NILKAMAL,EQ,9171,4838,52.75
20,1613,NINSYS,EQ,15065,6318,41.94
20,1614,NIPPOBATRY,EQ,45407,18858,41.53
20,1615,NIRAJ,EQ,343708,206452,60.07
20,1616,NIRMAN,SM,25800,18600,72.09
20,1617,NITINSPIN,EQ,47199,26255,55.63
20,1618,NKIND,EQ,2073,1310,63.19
20,1619,NLCINDIA,EQ,2824406,1052298,37.26
20,1620,NMDC,EQ,11084059,5068268,45.73
20,1621,NOCIL,EQ,355773,173412,48.74
20,1622,NOIDATOLL,EQ,135509,96676,71.34
20,1623,NORBTEAEXP,EQ,5034,4105,81.55
20,1624,NOVAAGRI,EQ,227993,150342,65.94
20,1625,NPBET,EQ,971,725,74.67
20,1626,NPST,SM,12600,8400,66.67
20,1627,NRAIL,EQ,11055,8128,73.52
20,1628,NRBBEARING,EQ,122780,54106,44.07
20,1629,NRL,EQ,136233,103189,75.74
20,1630,NSIL,EQ,2885,1788,61.98
20,1631,NSLNISP,EQ,11377322,3312209,29.11
20,1632,NTPC,EQ,18146672,13097045,72.17
20,1633,NUCLEUS,EQ,36820,16942,46.01
20,1634,NURECA,EQ,12863,8995,69.93
20,1635,NUVAMA,EQ,40138,21147,52.69
20,1636,NUVOCO,EQ,121308,71203,58.70
20,1637,NV20,EQ,24861,15729,63.27
20,1638,NV20BEES,EQ,56217,34281,60.98
20,1639,NV20IETF,EQ,433082,244622,56.48
20,1640,NXST,RR,644613,601605,93.33
20,1641,NYKAA,EQ,7075572,4502658,63.64
20,1642,OAL,EQ,66836,33795,50.56
20,1643,OBCL,EQ,60938,28882,47.40
20,1644,OBEROIRLTY,EQ,544131,316311,58.13
20,1645,OCCL,EQ,48861,38125,78.03
20,1646,OFSS,EQ,116498,81583,70.03
20,1647,OIL,EQ,2109426,894768,42.42
20,1648,OLECTRA,EQ,773951,236657,30.58
20,1649,OMAXE,EQ,523567,365073,69.73
20,1650,OMFURN,SM,96000,76800,80.00
20,1651,OMINFRAL,EQ,340420,215764,63.38
20,1652,ONDOOR,SM,4200,4200,100.00
20,1653,ONEPOINT,EQ,601715,344498,57.25
20,1654,ONGC,EQ,8327205,4133269,49.64
20,1655,ONMOBILE,EQ,319951,119025,37.20
20,1656,ONWARDTEC,EQ,63527,34301,53.99
20,1657,OPTIEMUS,EQ,63045,26817,42.54
20,1658,ORBTEXP,EQ,58434,33827,57.89
20,1659,ORCHPHARMA,EQ,44550,32208,72.30
20,1660,ORIANA,SM,173850,118950,68.42
20,1661,ORICONENT,EQ,249533,128352,51.44
20,1662,ORIENTALTL,EQ,1238200,289201,23.36
20,1663,ORIENTBELL,EQ,28015,8625,30.79
20,1664,ORIENTCEM,EQ,316708,207562,65.54
20,1665,ORIENTCER,EQ,59685,36025,60.36
20,1666,ORIENTELEC,EQ,495190,133794,27.02
20,1667,ORIENTHOT,EQ,373534,236425,63.29
20,1668,ORIENTLTD,EQ,4685,2782,59.38
20,1669,ORIENTPPR,EQ,2772940,1220784,44.02
20,1670,ORISSAMINE,EQ,6924,2663,38.46
20,1671,ORTINLAB,EQ,45666,33041,72.35
20,1672,OSWALAGRO,EQ,65130,46145,70.85
20,1673,OSWALGREEN,EQ,219674,104864,47.74
20,1674,OWAIS,SM,75200,48000,63.83
20,1675,PAGEIND,EQ,19627,8660,44.12
20,1676,PAISALO,EQ,383023,235594,61.51
20,1677,PAKKA,EQ,54501,23078,42.34
20,1678,PALASHSECU,EQ,3420,1960,57.31
20,1679,PANACEABIO,EQ,31215,21036,67.39
20,1680,PANACHE,EQ,50681,37740,74.47
20,1681,PANAMAPET,EQ,257181,115759,45.01
20,1682,PANSARI,EQ,9439,1598,16.93
20,1683,PAR,EQ,11166,7256,64.98
20,1684,PARADEEP,EQ,3993781,1302140,32.60
20,1685,PARAGMILK,EQ,416377,201824,48.47
20,1686,PARAGON,SM,36000,30000,83.33
20,1687,PARAS,EQ,8395115,1142460,13.61
20,1688,PARIN,SM,1000,1000,100.00
20,1689,PARKHOTELS,EQ,1100984,544054,49.42
20,1690,PARSVNATH,EQ,180411,144469,80.08
20,1691,PARTYCRUS,SM,3000,2000,66.67
20,1692,PASHUPATI,SM,85600,84000,98.13
20,1693,PASUPTAC,EQ,99294,64526,64.98
20,1694,PATANJALI,EQ,392669,212520,54.12
20,1695,PATELENG,EQ,8403215,4256695,50.66
20,1696,PATINTLOG,EQ,176351,116835,66.25
20,1697,PAVNAIND,EQ,6232,3040,48.78
20,1698,PAYTM,EQ,1458423,1448278,99.30
20,1699,PCBL,EQ,1755570,1051461,59.89
20,1700,PCJEWELLER,EQ,839344,472232,56.26
20,1701,PDMJEPAPER,EQ,835634,231460,27.70
20,1702,PDSL,EQ,23382,13516,57.81
20,1703,PEL,EQ,1933501,976603,50.51
20,1704,PENIND,EQ,450491,191896,42.60
20,1705,PENINLAND,EQ,1037396,351959,33.93
20,1706,PENTAGON,SM,7000,6000,85.71
20,1707,PERFECT,SM,21000,21000,100.00
20,1708,PERSISTENT,EQ,254189,110846,43.61
20,1709,PETRONET,EQ,3624422,2094991,57.80
20,1710,PFC,EQ,18529334,6354625,34.29
20,1711,PFIZER,EQ,16328,11452,70.14
20,1712,PFOCUS,EQ,132456,68536,51.74
20,1713,PFS,EQ,798740,613529,76.81
20,1714,PGEL,EQ,104126,45560,43.75
20,1715,PGHH,EQ,5583,3034,54.34
20,1716,PGHL,EQ,4457,2999,67.29
20,1717,PGIL,EQ,13064,7726,59.14
20,1718,PGINVIT,IV,535928,489364,91.31
20,1719,PHANTOMFX,SM,47400,33600,70.89
20,1720,PHARMABEES,EQ,7766410,5195832,66.90
20,1721,PHOENIXLTD,EQ,843265,507531,60.19
20,1722,PIDILITIND,EQ,269778,177052,65.63
20,1723,PIIND,EQ,297942,206633,69.35
20,1724,PILANIINVS,EQ,4370,2663,60.94
20,1725,PILITA,EQ,418743,251047,59.95
20,1726,PIONEEREMB,EQ,58064,35795,61.65
20,1727,PITTIENG,EQ,122256,67277,55.03
20,1728,PIXTRANS,EQ,28348,10580,37.32
20,1729,PKTEA,EQ,212,180,84.91
20,1730,PLADAINFO,SM,42000,39000,92.86
20,1731,PLASTIBLEN,EQ,9012,5839,64.79
20,1732,PLATIND,EQ,184761,74083,40.10
20,1733,PLAZACABLE,EQ,46784,32063,68.53
20,1734,PNB,EQ,46255738,12200775,26.38
20,1735,PNBGILTS,EQ,282856,142780,50.48
20,1736,PNBHOUSING,EQ,12935289,5710409,44.15
20,1737,PNC,EQ,30457,20230,66.42
20,1738,PNCINFRA,EQ,1092167,220440,20.18
20,1739,POCL,EQ,67292,40046,59.51
20,1740,PODDARMENT,EQ,7743,5835,75.36
20,1741,POKARNA,EQ,55828,26763,47.94
20,1742,POLICYBZR,EQ,2674260,1823855,68.20
20,1743,POLYCAB,EQ,240288,89372,37.19
20,1744,POLYMED,EQ,44364,25268,56.96
20,1745,POLYPLEX,EQ,74999,38438,51.25
20,1746,POLYSIL,SM,14000,8000,57.14
20,1747,PONNIERODE,EQ,10196,5070,49.73
20,1748,POONAWALLA,EQ,576547,310159,53.80
20,1749,POWERGRID,EQ,16812268,9810739,58.35
20,1750,POWERINDIA,EQ,92444,39280,42.49
20,1751,POWERMECH,EQ,69619,31354,45.04
20,1752,PPAP,EQ,15448,4799,31.07
20,1753,PPL,EQ,95787,51068,53.31
20,1754,PPLPHARMA,EQ,2250492,1371189,60.93
20,1755,PRAJIND,EQ,647884,311528,48.08
20,1756,PRAKASH,EQ,247087,161679,65.43
20,1757,PRAMARA,SM,16000,10000,62.50
20,1758,PRATHAM,SM,11200,11200,100.00
20,1759,PRECAM,EQ,106807,43151,40.40
20,1760,PRECISION,SM,10000,10000,100.00
20,1761,PRECWIRE,EQ,171047,101464,59.32
20,1762,PREMEXPLN,EQ,32118,16626,51.77
20,1763,PREMIERPOL,EQ,14426,10087,69.92
20,1764,PRESSTONIC,SM,37600,28000,74.47
20,1765,PRESTIGE,EQ,1570831,922732,58.74
20,1766,PRICOLLTD,EQ,242471,120796,49.82
20,1767,PRIMESECU,EQ,62713,51757,82.53
20,1768,PRINCEPIPE,EQ,106839,31773,29.74
20,1769,PRITI,EQ,87087,50371,57.84
20,1770,PRITIKA,SM,52000,36000,69.23
20,1771,PRITIKAUTO,EQ,167201,133189,79.66
20,1772,PRIVISCL,EQ,28414,16643,58.57
20,1773,PRLIND,ST,152000,144000,94.74
20,1774,PROPEQUITY,SM,4200,3600,85.71
20,1775,PROV,SM,160,160,100.00
20,1776,PROZONER,EQ,752760,329333,43.75
20,1777,PRSMJOHNSN,EQ,421213,84846,20.14
20,1778,PRUDENT,EQ,62830,33245,52.91
20,1779,PSB,EQ,2641427,585965,22.18
20,1780,PSPPROJECT,EQ,22532,12933,57.40
20,1781,PSUBANK,EQ,11904,6952,58.40
20,1782,PSUBANKADD,EQ,5329,4375,82.10
20,1783,PSUBNKBEES,EQ,2346940,1461302,62.26
20,1784,PSUBNKIETF,EQ,148044,67615,45.67
20,1785,PTC,EQ,1181815,582164,49.26
20,1786,PTCIL,EQ,9579,4251,44.38
20,1787,PTL,EQ,76433,53740,70.31
20,1788,PULZ,SM,2000,2000,100.00
20,1789,PUNJABCHEM,EQ,3994,2515,62.97
20,1790,PURVFLEXI,SM,8000,4800,60.00
20,1791,PVP,EQ,607061,366189,60.32
20,1792,PVRINOX,EQ,266495,107282,40.26
20,1793,PVSL,EQ,54584,31918,58.48
20,1794,PVTBANIETF,EQ,1720032,1282575,74.57
20,1795,PVTBANKADD,EQ,478730,372246,77.76
20,1796,PYRAMID,EQ,22197,15511,69.88
20,1797,QFIL,SM,13000,12000,92.31
20,1798,QGOLDHALF,EQ,21159,17728,83.78
20,1799,QMSMEDI,SM,8000,7000,87.50
20,1800,QNIFTY,EQ,3299,3078,93.30
20,1801,QUADPRO,SM,24000,12000,50.00
20,1802,QUAL30IETF,EQ,2187193,2097167,95.88
20,1803,QUESS,EQ,285667,191766,67.13
20,1804,QUESTLAB,ST,3600,3600,100.00
20,1805,QUICKHEAL,EQ,170781,79381,46.48
20,1806,QUICKTOUCH,SM,2000,2000,100.00
20,1807,RACE,EQ,9311,5039,54.12
20,1808,RADHIKAJWE,EQ,596916,302192,50.63
20,1809,RADIANTCMS,EQ,67427,46732,69.31
20,1810,RADICO,EQ,73605,37792,51.34
20,1811,RADIOCITY,EQ,141565,88493,62.51
20,1812,RADIOCITY,P1,1331,1331,100.00
20,1813,RADIOWALLA,SM,35200,17600,50.00
20,1814,RAILTEL,EQ,2853800,942054,33.01
20,1815,RAIN,EQ,1347915,532385,39.50
20,1816,RAINBOW,EQ,62687,28626,45.66
20,1817,RAJESHEXPO,EQ,267255,121779,45.57
20,1818,RAJRATAN,EQ,104709,71655,68.43
20,1819,RAJSREESUG,EQ,80278,48944,60.97
20,1820,RALLIS,EQ,204370,93508,45.75
20,1821,RAMANEWS,EQ,109213,70854,64.88
20,1822,RAMAPHO,EQ,5079,3749,73.81
20,1823,RAMASTEEL,EQ,16781114,7141864,42.56
20,1824,RAMCOCEM,EQ,488802,295102,60.37
20,1825,RAMCOIND,EQ,121763,54879,45.07
20,1826,RAMKY,EQ,395863,154807,39.11
20,1827,RAMRAT,EQ,34571,21145,61.16
20,1828,RANASUG,EQ,310072,176270,56.85
20,1829,RANEENGINE,EQ,5628,3713,65.97
20,1830,RANEHOLDIN,EQ,5571,2837,50.92
20,1831,RATEGAIN,EQ,125707,64610,51.40
20,1832,RATNAMANI,EQ,20060,11907,59.36
20,1833,RATNAVEER,EQ,205376,111797,54.44
20,1834,RAYMOND,EQ,112801,64678,57.34
20,1835,RBA,EQ,714681,426475,59.67
20,1836,RBL,EQ,18424,4956,26.90
20,1837,RBLBANK,EQ,2289846,539635,23.57
20,1838,RBMINFRA,SM,20000,17000,85.00
20,1839,RBS,SM,46400,28800,62.07
20,1840,RCDL,SM,3000,3000,100.00
20,1841,RCF,EQ,6869620,1509145,21.97
20,1842,RECLTD,EQ,15012657,6487155,43.21
20,1843,REDINGTON,EQ,1803236,1079542,59.87
20,1844,REDTAPE,EQ,626914,294373,46.96
20,1845,REFEX,EQ,348674,196553,56.37
20,1846,REFRACTORY,SM,1544000,948000,61.40
20,1847,RELAXO,EQ,57970,27339,47.16
20,1848,RELCHEMQ,EQ,49536,10835,21.87
20,1849,RELIANCE,EQ,3691778,2316089,62.74
20,1850,RELIGARE,EQ,345590,195282,56.51
20,1851,RELINFRA,EQ,1471035,682642,46.41
20,1852,REMSONSIND,EQ,13172,2531,19.22
20,1853,REMUS,SM,2000,1375,68.75
20,1854,RENUKA,EQ,3194600,1148208,35.94
20,1855,REPCOHOME,EQ,63051,27099,42.98
20,1856,REPL,EQ,7358,4036,54.85
20,1857,REPRO,EQ,3297,1941,58.87
20,1858,RESPONIND,EQ,703949,161582,22.95
20,1859,RGL,EQ,93607,32568,34.79
20,1860,RHIM,EQ,72297,50702,70.13
20,1861,RICOAUTO,EQ,769263,244577,31.79
20,1862,RIIL,EQ,70660,17895,25.33
20,1863,RILINFRA,SM,73400,54200,73.84
20,1864,RISHABH,EQ,65601,34268,52.24
20,1865,RITCO,EQ,42823,25779,60.20
20,1866,RITES,EQ,1655671,350574,21.17
20,1867,RITEZONE,SM,3200,3200,100.00
20,1868,RKDL,EQ,18305,10377,56.69
20,1869,RKEC,EQ,55434,35282,63.65
20,1870,RKFORGE,EQ,776314,503541,64.86
20,1871,RKSWAMY,EQ,48559,19873,40.93
20,1872,RMDRIP,SM,2000,2000,100.00
20,1873,RML,EQ,4746,2837,59.78
20,1874,ROCKINGDCE,SM,14250,3250,22.81
20,1875,ROHLTD,EQ,74536,40655,54.54
20,1876,ROLEXRINGS,EQ,9947,6280,63.13
20,1877,ROSSARI,EQ,27979,15419,55.11
20,1878,ROSSELLIND,EQ,90961,45316,49.82
20,1879,ROTO,EQ,66532,31521,47.38
20,1880,ROUTE,EQ,30294,19020,62.78
20,1881,ROXHITECH,SM,68800,52800,76.74
20,1882,RPGLIFE,EQ,10421,5099,48.93
20,1883,RPOWER,EQ,13254778,7266577,54.82
20,1884,RPSGVENT,EQ,38934,20099,51.62
20,1885,RPTECH,EQ,165690,89553,54.05
20,1886,RRKABEL,EQ,451269,137149,30.39
20,1887,RSWM,EQ,31672,19091,60.28
20,1888,RSYSTEMS,EQ,67573,41529,61.46
20,1889,RTNINDIA,EQ,17141357,3743576,21.84
20,1890,RUBYMILLS,EQ,13416,7683,57.27
20,1891,RUCHINFRA,EQ,88489,56072,63.37
20,1892,RUCHIRA,EQ,62085,26026,41.92
20,1893,RULKA,ST,1800,1800,100.00
20,1894,RUPA,EQ,106246,42424,39.93
20,1895,RUSHIL,EQ,125003,77989,62.39
20,1896,RUSTOMJEE,EQ,24930,14643,58.74
20,1897,RVHL,EQ,35841,20033,55.89
20,1898,RVNL,EQ,27912678,4909425,17.59
20,1899,SAAKSHI,SM,148200,118200,79.76
20,1900,SABAR,SM,110000,70000,63.64
20,1901,SADBHIN,EQ,707093,495546,70.08
20,1902,SADHAV,SM,42000,31200,74.29
20,1903,SADHNANIQ,EQ,624887,303413,48.55
20,1904,SAFARI,EQ,14152,6535,46.18
20,1905,SAGARDEEP,EQ,16877,13220,78.33
20,1906,SAGCEM,EQ,35191,19381,55.07
20,1907,SAH,EQ,38346,6898,17.99
20,1908,SAHAJ,SM,4000,4000,100.00
20,1909,SAHANA,SM,50000,31500,63.00
20,1910,SAHYADRI,EQ,9006,5348,59.38
20,1911,SAIFL,SM,7200,4800,66.67
20,1912,SAIL,EQ,22527881,6153195,27.31
20,1913,SAKAR,EQ,7379,3915,53.06
20,1914,SAKHTISUG,EQ,445327,151959,34.12
20,1915,SAKSOFT,EQ,186718,116191,62.23
20,1916,SAKUMA,EQ,1496544,872162,58.28
20,1917,SALASAR,EQ,7927979,4171528,52.62
20,1918,SALONA,EQ,4102,1534,37.40
20,1919,SALZERELEC,EQ,104303,59573,57.12
20,1920,SAMHI,EQ,704994,420979,59.71
20,1921,SAMPANN,EQ,118196,43763,37.03
20,1922,SANDESH,EQ,1581,932,58.95
20,1923,SANDHAR,EQ,65691,30306,46.13
20,1924,SANDUMA,EQ,148543,89511,60.26
20,1925,SANGAMIND,EQ,7924,4649,58.67
20,1926,SANGHIIND,EQ,269899,141521,52.43
20,1927,SANGHVIMOV,EQ,182887,87691,47.95
20,1928,SANOFI,EQ,10817,7541,69.71
20,1929,SANSERA,EQ,210977,77455,36.71
20,1930,SAPPHIRE,EQ,36871,15110,40.98
20,1931,SARDAEN,EQ,444732,184803,41.55
20,1932,SAREGAMA,EQ,1174573,457588,38.96
20,1933,SARLAPOLY,EQ,1319411,620644,47.04
20,1934,SAROJA,SM,1600,1600,100.00
20,1935,SARTELE,SM,54500,33000,60.55
20,1936,SARVESHWAR,EQ,3066403,1904239,62.10
20,1937,SASKEN,EQ,8270,3525,42.62
20,1938,SASTASUNDR,EQ,208689,84034,40.27
20,1939,SATIA,EQ,219825,115334,52.47
20,1940,SATIN,EQ,192565,110630,57.45
20,1941,SATINDLTD,EQ,718350,369867,51.49
20,1942,SAURASHCEM,EQ,541743,365318,67.43
20,1943,SBC,EQ,4560321,2364073,51.84
20,1944,SBCL,EQ,304808,91741,30.10
20,1945,SBFC,EQ,566866,326616,57.62
20,1946,SBGLP,EQ,407745,201241,49.35
20,1947,SBICARD,EQ,665926,402576,60.45
20,1948,SBIETFCON,EQ,2196,1813,82.56
20,1949,SBIETFIT,EQ,5701,4564,80.06
20,1950,SBIETFPB,EQ,21426,18197,84.93
20,1951,SBIETFQLTY,EQ,1138,964,84.71
20,1952,SBILIFE,EQ,1518325,837277,55.14
20,1953,SBIN,EQ,14518232,6230239,42.91
20,1954,SBIN,T0,1,1,100.00
20,1955,SCHAEFFLER,EQ,85328,48257,56.55
20,1956,SCHAND,EQ,67439,34222,50.75
20,1957,SCHNEIDER,EQ,46639,46583,99.88
20,1958,SCI,EQ,4236728,1065031,25.14
20,1959,SCILAL,EQ,1861103,837961,45.02
20,1960,SCML,SM,24000,14000,58.33
20,1961,SCPL,EQ,54942,17744,32.30
20,1962,SDBL,EQ,1595646,892623,55.94
20,1963,SDL24BEES,EQ,1502,1433,95.41
20,1964,SEAMECLTD,EQ,56289,35667,63.36
20,1965,SECL,SM,31250,25000,80.00
20,1966,SEL,SM,15600,13600,87.18
20,1967,SELAN,EQ,71542,30221,42.24
20,1968,SELMC,EQ,5401,3556,65.84
20,1969,SENCO,EQ,369702,122211,33.06
20,1970,SENSEXADD,EQ,2005,1948,97.16
20,1971,SENSEXETF,EQ,7575,7481,98.76
20,1972,SENSEXIETF,EQ,8794,7337,83.43
20,1973,SEPC,EQ,8427427,3961473,47.01
20,1974,SEQUENT,EQ,567183,166769,29.40
20,1975,SERVICE,SM,2000,2000,100.00
20,1976,SERVOTECH,EQ,301886,235755,78.09
20,1977,SESHAPAPER,EQ,14424,9256,64.17
20,1978,SETF10GILT,EQ,8187,6276,76.66
20,1979,SETFGOLD,EQ,695944,563725,81.00
20,1980,SETFNIF50,EQ,947700,816650,86.17
20,1981,SETFNIFBK,EQ,110757,92669,83.67
20,1982,SETFNN50,EQ,42079,24707,58.72
20,1983,SFL,EQ,22118,10882,49.20
20,1984,SFLZC24A,ZB,11,11,100.00
20,1985,SFLZC26A,ZC,125,125,100.00
20,1986,SGBAPR28I,GB,71,70,98.59
20,1987,SGBAUG24,GB,81,72,88.89
20,1988,SGBAUG27,GB,37,37,100.00
20,1989,SGBAUG28V,GB,609,503,82.59
20,1990,SGBAUG29V,GB,84,65,77.38
20,1991,SGBAUG30,GB,82,53,64.63
20,1992,SGBD29VIII,GB,86,68,79.07
20,1993,SGBDC27VII,GB,5,5,100.00
20,1994,SGBDE30III,GB,129,105,81.40
20,1995,SGBDE31III,GB,2119,1569,74.04
20,1996,SGBDEC2513,GB,3,3,100.00
20,1997,SGBFEB29XI,GB,1,1,100.00
20,1998,SGBFEB32IV,GB,1699,1190,70.04
20,1999,SGBJAN27,GB,10,10,100.00
20,2000,SGBJAN29IX,GB,132,111,84.09
20,2001,SGBJAN29X,GB,254,226,88.98
20,2002,SGBJAN30IX,GB,103,93,90.29
20,2003,SGBJU29III,GB,140,134,95.71
20,2004,SGBJUL25,GB,21,21,100.00
20,2005,SGBJUL27,GB,7,7,100.00
20,2006,SGBJUL28IV,GB,52,51,98.08
20,2007,SGBJUL29IV,GB,220,190,86.36
20,2008,SGBJUN27,GB,4,4,100.00
20,2009,SGBJUN28,GB,179,179,100.00
20,2010,SGBJUN29II,GB,466,421,90.34
20,2011,SGBJUN30,GB,110,84,76.36
20,2012,SGBJUN31I,GB,354,256,72.32
20,2013,SGBMAR25,GB,87,51,58.62
20,2014,SGBMAR28X,GB,2,2,100.00
20,2015,SGBMAR30X,GB,42,34,80.95
20,2016,SGBMAR31IV,GB,79,60,75.95
20,2017,SGBMAY25,GB,30,27,90.00
20,2018,SGBMAY28,GB,231,207,89.61
20,2019,SGBMAY29I,GB,1273,1048,82.33
20,2020,SGBMR29XII,GB,82,68,82.93
20,2021,SGBN28VIII,GB,54,39,72.22
20,2022,SGBNOV24,GB,454,440,96.92
20,2023,SGBNOV25,GB,1,1,100.00
20,2024,SGBNOV26,GB,1,1,100.00
20,2025,SGBNV29VII,GB,158,83,52.53
20,2026,SGBOC28VII,GB,19,12,63.16
20,2027,SGBOCT25IV,GB,13,13,100.00
20,2028,SGBOCT26,GB,7,5,71.43
20,2029,SGBOCT27,GB,1,1,100.00
20,2030,SGBOCT27VI,GB,1,1,100.00
20,2031,SGBSEP24,GB,31,31,100.00
20,2032,SGBSEP27,GB,20,10,50.00
20,2033,SGBSEP28VI,GB,458,342,74.67
20,2034,SGBSEP29VI,GB,268,126,47.01
20,2035,SGBSEP31II,GB,1524,1305,85.63
20,2036,SGIL,EQ,13272,7875,59.34
20,2037,SGL,EQ,15071,11627,77.15
20,2038,SHAH,EQ,2034575,1457778,71.65
20,2039,SHAHALLOYS,EQ,14805,8206,55.43
20,2040,SHAILY,EQ,75844,46168,60.87
20,2041,SHAKTIPUMP,EQ,264919,151676,57.25
20,2042,SHALBY,EQ,237268,109684,46.23
20,2043,SHALPAINTS,EQ,60862,41790,68.66
20,2044,SHANKARA,EQ,22235,10699,48.12
20,2045,SHANTHALA,SM,1200,1200,100.00
20,2046,SHANTIGEAR,EQ,13169,6431,48.83
20,2047,SHARDACROP,EQ,186647,102652,55.00
20,2048,SHARDAMOTR,EQ,36195,22737,62.82
20,2049,SHAREINDIA,EQ,28812,15111,52.45
20,2050,SHAREINDIA,W1,148,148,100.00
20,2051,SHARIABEES,EQ,3373,2570,76.19
20,2052,SHEETAL,ST,6000,6000,100.00
20,2053,SHEMAROO,EQ,42357,23335,55.09
20,2054,SHERA,SM,8000,7000,87.50
20,2055,SHIGAN,SM,3000,3000,100.00
20,2056,SHILPAMED,EQ,305619,199807,65.38
20,2057,SHIVALIK,EQ,17209,8125,47.21
20,2058,SHIVAMAUTO,EQ,126753,73653,58.11
20,2059,SHIVAMILLS,EQ,19238,10536,54.77
20,2060,SHIVATEX,EQ,72868,49246,67.58
20,2061,SHK,EQ,336008,174974,52.07
20,2062,SHOPERSTOP,EQ,323110,218679,67.68
20,2063,SHRADHA,EQ,250615,137612,54.91
20,2064,SHREDIGCEM,EQ,876596,381341,43.50
20,2065,SHREECEM,EQ,39946,30714,76.89
20,2066,SHREEKARNI,SM,16800,7200,42.86
20,2067,SHREEOSFM,SM,66000,46000,69.70
20,2068,SHREEPUSHK,EQ,35214,20391,57.91
20,2069,SHRENIK,EQ,734297,702258,95.64
20,2070,SHREYANIND,EQ,15339,9806,63.93
20,2071,SHREYAS,EQ,108457,48475,44.70
20,2072,SHRIPISTON,EQ,95470,51086,53.51
20,2073,SHRIRAMFIN,EQ,439586,216473,49.24
20,2074,SHRIRAMPPS,EQ,1883950,1069699,56.78
20,2075,SHRITECH,SM,18000,12000,66.67
20,2076,SHUBHLAXMI,SM,29000,17000,58.62
20,2077,SHYAMMETL,EQ,239633,117412,49.00
20,2078,SIDDHIKA,SM,5000,4000,80.00
20,2079,SIEMENS,EQ,466474,313480,67.20
20,2080,SIGACHI,EQ,1544261,813051,52.65
20,2081,SIGIND,EQ,160104,86052,53.75
20,2082,SIGMA,EQ,8769,5488,62.58
20,2083,SIGNATURE,EQ,545039,150862,27.68
20,2084,SIGNPOST,EQ,263497,105686,40.11
20,2085,SIKKO,EQ,27692,18788,67.85
20,2086,SIL,EQ,30503,22342,73.25
20,2087,SILGO,EQ,15661,11120,71.00
20,2088,SILINV,EQ,2016,1290,63.99
20,2089,SILKFLEX,ST,84000,76000,90.48
20,2090,SILLYMONKS,EQ,60551,55474,91.62
20,2091,SILVER,EQ,178384,116020,65.04
20,2092,SILVER1,EQ,26379,18227,69.10
20,2093,SILVERADD,EQ,35569,25081,70.51
20,2094,SILVERBEES,EQ,5337077,3099773,58.08
20,2095,SILVERETF,EQ,202171,123298,60.99
20,2096,SILVERIETF,EQ,1721102,1334183,77.52
20,2097,SILVERTUC,EQ,30381,8472,27.89
20,2098,SILVRETF,EQ,40819,37616,92.15
20,2099,SIMBHALS,EQ,23878,16701,69.94
20,2100,SINCLAIR,EQ,30845,17309,56.12
20,2101,SINDHUTRAD,EQ,1040422,687580,66.09
20,2102,SINTERCOM,EQ,8432,6157,73.02
20,2103,SIRCA,EQ,56736,34149,60.19
20,2104,SIS,EQ,33195,24325,73.28
20,2105,SIYSIL,EQ,12172,6829,56.10
20,2106,SJLOGISTIC,SM,30500,23500,77.05
20,2107,SJS,EQ,76552,40165,52.47
20,2108,SJVN,EQ,16472648,4458157,27.06
20,2109,SKFINDIA,EQ,72671,26370,36.29
20,2110,SKIPPER,EQ,591724,269658,45.57
20,2111,SKIPPERPP,E1,5343,4856,90.89
20,2112,SKMEGGPROD,EQ,68507,33188,48.44
20,2113,SKP,SM,16500,12500,75.76
20,2114,SLONE,SM,68800,48000,69.77
20,2115,SMALLCAP,EQ,252276,191017,75.72
20,2116,SMCGLOBAL,EQ,182104,85390,46.89
20,2117,SMLISUZU,EQ,13292,7488,56.33
20,2118,SMLT,EQ,22209,11211,50.48
20,2119,SMSLIFE,EQ,164663,37105,22.53
20,2120,SMSPHARMA,EQ,1419124,463277,32.65
20,2121,SMVD,ST,8080,8080,100.00
20,2122,SNOWMAN,EQ,790390,238833,30.22
20,2123,SOBHA,EQ,80377,29325,36.48
20,2124,SOFTTECH,EQ,54916,32166,58.57
20,2125,SOLARA,EQ,268058,79479,29.65
20,2126,SOLARINDS,EQ,214104,111313,51.99
20,2127,SOLEX,SM,79800,47600,59.65
20,2128,SOMANYCERA,EQ,64376,37548,58.33
20,2129,SOMICONVEY,EQ,4377,2867,65.50
20,2130,SONACOMS,EQ,1091008,672207,61.61
20,2131,SONAMAC,SM,148000,90000,60.81
20,2132,SONAMLTD,EQ,36817,11219,30.47
20,2133,SONATSOFTW,EQ,620053,400614,64.61
20,2134,SOTAC,SM,1200,1200,100.00
20,2135,SOTL,EQ,139342,62793,45.06
20,2136,SOUTHBANK,EQ,18977810,8905484,46.93
20,2137,SOUTHWEST,EQ,39747,12274,30.88
20,2138,SPAL,EQ,5086,1846,36.30
20,2139,SPANDANA,EQ,89398,53328,59.65
20,2140,SPARC,EQ,484025,339800,70.20
20,2141,SPCENET,EQ,2376737,1820826,76.61
20,2142,SPECIALITY,EQ,99949,55390,55.42
20,2143,SPECTRUM,SM,12625,12500,99.01
20,2144,SPECTSTM,SM,24000,16000,66.67
20,2145,SPENCERS,EQ,125821,61783,49.10
20,2146,SPIC,EQ,603867,277508,45.96
20,2147,SPLIL,EQ,14457,10407,71.99
20,2148,SPLPETRO,EQ,22161,11331,51.13
20,2149,SPMLINFRA,EQ,48083,39519,82.19
20,2150,SPORTKING,EQ,2690,1486,55.24
20,2151,SPRL,ST,9600,7200,75.00
20,2152,SREEL,EQ,35635,24709,69.34
20,2153,SRF,EQ,424841,240597,56.63
20,2154,SRGHFL,EQ,2003,706,35.25
20,2155,SRHHYPOLTD,EQ,40901,23951,58.56
20,2156,SRIVASAVI,SM,26000,14000,53.85
20,2157,SRM,EQ,38966,21538,55.27
20,2158,SSFL,SM,39500,29500,74.68
20,2159,SSWL,EQ,188413,114453,60.75
20,2160,STAR,EQ,557658,251212,45.05
20,2161,STARCEMENT,EQ,414569,180871,43.63
20,2162,STARHEALTH,EQ,508895,355653,69.89
20,2163,STARPAPER,EQ,11306,6181,54.67
20,2164,STCINDIA,EQ,68979,29444,42.69
20,2165,STEELCAS,EQ,11186,7378,65.96
20,2166,STEELCITY,EQ,34427,20719,60.18
20,2167,STEELXIND,EQ,1901657,956587,50.30
20,2168,STEL,EQ,45507,21802,47.91
20,2169,STERTOOLS,EQ,56839,26728,47.02
20,2170,STLTECH,EQ,882072,406365,46.07
20,2171,STOVEKRAFT,EQ,95477,57671,60.40
20,2172,STYLAMIND,EQ,24946,14559,58.36
20,2173,STYRENIX,EQ,17449,11383,65.24
20,2174,SUBEXLTD,EQ,2936108,1210166,41.22
20,2175,SUBROS,EQ,37694,18875,50.07
20,2176,SUDARSCHEM,EQ,571850,256238,44.81
20,2177,SUKHJITS,EQ,23883,11228,47.01
20,2178,SULA,EQ,315608,155956,49.41
20,2179,SUMICHEM,EQ,5271869,1239598,23.51
20,2180,SUMMITSEC,EQ,9557,6731,70.43
20,2181,SUNCLAY,EQ,4413,2481,56.22
20,2182,SUNDARAM,EQ,1382425,738606,53.43
20,2183,SUNDARMFIN,EQ,396981,215557,54.30
20,2184,SUNDARMHLD,EQ,258090,158187,61.29
20,2185,SUNDRMBRAK,EQ,8947,3520,39.34
20,2186,SUNDRMFAST,EQ,86537,43260,49.99
20,2187,SUNFLAG,EQ,118577,48515,40.91
20,2188,SUNPHARMA,EQ,2843365,1844101,64.86
20,2189,SUNREST,SM,4800,3200,66.67
20,2190,SUNTECK,EQ,2149146,730445,33.99
20,2191,SUNTV,EQ,1240882,246958,19.90
20,2192,SUPERHOUSE,EQ,9962,3264,32.76
20,2193,SUPRAJIT,EQ,92215,43209,46.86
20,2194,SUPREMEIND,EQ,194650,89058,45.75
20,2195,SUPREMEPWR,SM,125000,82000,65.60
20,2196,SUPRIYA,EQ,758432,298153,39.31
20,2197,SURAJEST,EQ,108892,44506,40.87
20,2198,SURANAT&P,EQ,211012,162514,77.02
20,2199,SURANI,SM,8000,7400,92.50
20,2200,SURYALAXMI,EQ,45723,35148,76.87
20,2201,SURYAROSNI,EQ,303472,174843,57.61
20,2202,SURYODAY,EQ,273325,127689,46.72
20,2203,SUTLEJTEX,EQ,64877,37385,57.62
20,2204,SUULD,EQ,48366,34475,71.28
20,2205,SUVEN,EQ,71471,54536,76.31
20,2206,SUVENPHAR,EQ,139424,76402,54.80
20,2207,SUVIDHAA,EQ,125602,96792,77.06
20,2208,SVLL,EQ,3128,2269,72.54
20,2209,SVPGLOB,EQ,340410,242498,71.24
20,2210,SWANENERGY,EQ,1081894,660229,61.03
20,2211,SWARAJ,SM,20000,20000,100.00
20,2212,SWARAJENG,EQ,9563,5528,57.81
20,2213,SWASTIK,SM,4800,4800,100.00
20,2214,SWELECTES,EQ,69979,38200,54.59
20,2215,SWSOLAR,EQ,1232939,852750,69.16
20,2216,SYMPHONY,EQ,335101,136320,40.68
20,2217,SYNCOMF,EQ,1940918,1013693,52.23
20,2218,SYNGENE,EQ,426610,227080,53.23
20,2219,SYNOPTICS,SM,9600,7800,81.25
20,2220,SYRMA,EQ,453682,208974,46.06
20,2221,SYSTANGO,SM,94000,64800,68.94
20,2222,TAC,SM,30000,21600,72.00
20,2223,TAINWALCHM,EQ,12413,8017,64.59
20,2224,TAJGVK,EQ,752584,361312,48.01
20,2225,TAKE,EQ,416270,262941,63.17
20,2226,TALBROAUTO,EQ,310671,255844,82.35
20,2227,TANLA,EQ,482935,266590,55.20
20,2228,TARC,EQ,557075,345476,62.02
20,2229,TARSONS,EQ,23551,13972,59.33
20,2230,TASTYBITE,EQ,975,499,51.18
20,2231,TATACHEM,EQ,913212,395561,43.32
20,2232,TATACOMM,EQ,205857,95860,46.57
20,2233,TATACONSUM,EQ,1526469,976312,63.96
20,2234,TATAELXSI,EQ,67954,47339,69.66
20,2235,TATAGOLD,EQ,2707611,2299610,84.93
20,2236,TATAMOTORS,EQ,8184019,4423627,54.05
20,2237,TATAMTRDVR,EQ,1315342,669457,50.90
20,2238,TATAPOWER,EQ,7241846,2745900,37.92
20,2239,TATASTEEL,EQ,36575550,12613893,34.49
20,2240,TATATECH,EQ,465777,296425,63.64
20,2241,TATSILV,EQ,1719886,1068005,62.10
20,2242,TATVA,EQ,30265,22225,73.43
20,2243,TBOTEK,EQ,116261,91580,78.77
20,2244,TBZ,EQ,71387,40093,56.16
20,2245,TCHF30,NB,79,50,63.29
20,2246,TCI,EQ,26744,13494,50.46
20,2247,TCIEXP,EQ,87694,51438,58.66
20,2248,TCL,SM,235200,155200,65.99
20,2249,TCLCONS,EQ,105480,69914,66.28
20,2250,TCNSBRANDS,EQ,338804,207075,61.12
20,2251,TCPLPACK,EQ,22654,13088,57.77
20,2252,TCS,EQ,1568095,1116629,71.21
20,2253,TDPOWERSYS,EQ,1016818,420003,41.31
20,2254,TEAMLEASE,EQ,25732,16792,65.26
20,2255,TECH,EQ,29232,25027,85.62
20,2256,TECHLABS,SM,83000,73000,87.95
20,2257,TECHM,EQ,1405567,769555,54.75
20,2258,TECHNOE,EQ,579254,277405,47.89
20,2259,TEGA,EQ,39500,25246,63.91
20,2260,TEJASNET,EQ,373044,197127,52.84
20,2261,TEMBO,EQ,51129,6217,12.16
20,2262,TERASOFT,EQ,178638,59754,33.45
20,2263,TEXINFRA,EQ,1369615,612021,44.69
20,2264,TEXMOPIPES,EQ,79315,48976,61.75
20,2265,TEXRAIL,EQ,6933071,3277060,47.27
20,2266,TFCILTD,EQ,314709,183668,58.36
20,2267,TGBHOTELS,EQ,147221,86343,58.65
20,2268,TGL,SM,7200,7200,100.00
20,2269,THANGAMAYL,EQ,22038,18482,83.86
20,2270,THEINVEST,EQ,10330,3794,36.73
20,2271,THEJO,EQ,11130,5608,50.39
20,2272,THEMISMED,EQ,13819,9268,67.07
20,2273,THERMAX,EQ,446572,229126,51.31
20,2274,THOMASCOOK,EQ,676031,522937,77.35
20,2275,THYROCARE,EQ,20781,13425,64.60
20,2276,TI,EQ,348965,213915,61.30
20,2277,TIDEWATER,EQ,25849,16359,63.29
20,2278,TIIL,EQ,10664,6795,63.72
20,2279,TIINDIA,EQ,152631,96688,63.35
20,2280,TIMESCAN,SM,2000,2000,100.00
20,2281,TIMETECHNO,EQ,1329125,427701,32.18
20,2282,TIMKEN,EQ,300539,108284,36.03
20,2283,TIPSFILMS,EQ,3875,1932,49.86
20,2284,TIPSINDLTD,EQ,190870,119159,62.43
20,2285,TIRUMALCHM,EQ,167904,93833,55.88
20,2286,TIRUPATI,SM,1250,1000,80.00
20,2287,TIRUPATIFL,EQ,198177,132414,66.82
20,2288,TITAGARH,EQ,8850012,1849530,20.90
20,2289,TITAN,EQ,519533,320507,61.69
20,2290,TMB,EQ,86223,48591,56.36
20,2291,TNIDETF,EQ,186133,159914,85.91
20,2292,TNPETRO,EQ,401691,105093,26.16
20,2293,TNPL,EQ,108639,60759,55.93
20,2294,TOKYOPLAST,EQ,11895,8453,71.06
20,2295,TORNTPHARM,EQ,387361,136344,35.20
20,2296,TORNTPOWER,EQ,1794041,1138381,63.45
20,2297,TOTAL,EQ,5778,4296,74.35
20,2298,TOUCHWOOD,EQ,871,513,58.90
20,2299,TPLPLASTEH,EQ,361841,31349,8.66
20,2300,TRACXN,EQ,195217,121345,62.16
20,2301,TRANSTEEL,SM,200000,120000,60.00
20,2302,TRANSWIND,SM,4000,4000,100.00
20,2303,TREEHOUSE,EQ,6370,4908,77.05
20,2304,TREL,EQ,263106,156843,59.61
20,2305,TRENT,EQ,744694,364392,48.93
20,2306,TRIDENT,EQ,4853352,1902445,39.20
20,2307,TRIDHYA,SM,69000,48000,69.57
20,2308,TRIGYN,EQ,51085,25792,50.49
20,2309,TRITURBINE,EQ,481901,222769,46.23
20,2310,TRIVENI,EQ,220089,108298,49.21
20,2311,TRU,EQ,3521305,524778,14.90
20,2312,TRUST,SM,1572000,860400,54.73
20,2313,TTKHLTCARE,EQ,3305,2540,76.85
20,2314,TTKPRESTIG,EQ,32513,16161,49.71
20,2315,TTL,EQ,5410,3921,72.48
20,2316,TTML,EQ,1690622,758809,44.88
20,2317,TV18BRDCST,EQ,1709237,1025696,60.01
20,2318,TVSELECT,EQ,61818,20178,32.64
20,2319,TVSHLTD,EQ,2994,1621,54.14
20,2320,TVSMOTOR,EQ,518041,242244,46.76
20,2321,TVSSCS,EQ,427371,226639,53.03
20,2322,TVSSRICHAK,EQ,2934,1173,39.98
20,2323,TVTODAY,EQ,83515,48753,58.38
20,2324,UBL,EQ,177400,84777,47.79
20,2325,UCAL,EQ,220501,91242,41.38
20,2326,UCOBANK,EQ,20788148,4936606,23.75
20,2327,UDAICEMENT,EQ,341944,184702,54.02
20,2328,UDS,EQ,90163,42911,47.59
20,2329,UFLEX,EQ,125196,58938,47.08
20,2330,UFO,EQ,257852,117010,45.38
20,2331,UGARSUGAR,EQ,631393,258564,40.95
20,2332,UGROCAP,EQ,146677,67892,46.29
20,2333,UJJIVANSFB,EQ,19860224,10344711,52.09
20,2334,ULTRACEMCO,EQ,317883,180145,56.67
20,2335,UMANGDAIRY,EQ,22048,13013,59.02
20,2336,UMESLTD,EQ,99790,59297,59.42
20,2337,UNICHEMLAB,EQ,17746,7933,44.70
20,2338,UNIDT,EQ,9124,5964,65.37
20,2339,UNIENTER,EQ,13422,7029,52.37
20,2340,UNIHEALTH,SM,11000,10000,90.91
20,2341,UNIONBANK,EQ,11401297,5397295,47.34
20,2342,UNIPARTS,EQ,174039,101084,58.08
20,2343,UNITEDPOLY,EQ,35429,30016,84.72
20,2344,UNITEDTEA,EQ,8423,5516,65.49
20,2345,UNIVCABLES,EQ,35213,14717,41.79
20,2346,UNIVPHOTO,EQ,849,727,85.63
20,2347,UNOMINDA,EQ,1064452,338827,31.83
20,2348,UPL,EQ,2522672,1442663,57.19
20,2349,URBAN,SM,10400,10400,100.00
20,2350,URJA,EQ,2304005,1269169,55.09
20,2351,USASEEDS,SM,2100,1800,85.71
20,2352,USHAMART,EQ,641226,384368,59.94
20,2353,USK,EQ,295112,188556,63.89
20,2354,UTIAMC,EQ,86358,33813,39.15
20,2355,UTIBANKETF,EQ,109206,71915,65.85
20,2356,UTINEXT50,EQ,36323,26985,74.29
20,2357,UTINIFTETF,EQ,11933,8035,67.33
20,2358,UTISENSETF,EQ,38624,37770,97.79
20,2359,UTISXN50,EQ,3605,3104,86.10
20,2360,UTKARSHBNK,EQ,1131044,633018,55.97
20,2361,UTTAMSUGAR,EQ,28457,12627,44.37
20,2362,UWCSL,SM,2000,2000,100.00
20,2363,VADILALIND,EQ,21240,7342,34.57
20,2364,VAIBHAVGBL,EQ,341619,222472,65.12
20,2365,VAISHALI,EQ,16599,11006,66.31
20,2366,VAKRANGEE,EQ,3313870,1158088,34.95
20,2367,VALIANTLAB,EQ,91975,19489,21.19
20,2368,VALIANTORG,EQ,26633,13365,50.18
20,2369,VARDHACRLC,EQ,25989,21912,84.31
20,2370,VARDMNPOLY,EQ,762300,444218,58.27
20,2371,VARROC,EQ,125694,56698,45.11
20,2372,VASCONEQ,EQ,836431,369564,44.18
20,2373,VBL,EQ,1857015,1195735,64.39
20,2374,VEDL,EQ,11526945,3378871,29.31
20,2375,VEEKAYEM,SM,4000,3000,75.00
20,2376,VELS,SM,16800,13200,78.57
20,2377,VENKEYS,EQ,14762,6833,46.29
20,2378,VENUSPIPES,EQ,59646,30485,51.11
20,2379,VENUSREM,EQ,27741,18780,67.70
20,2380,VERANDA,EQ,131925,74415,56.41
20,2381,VESUVIUS,EQ,19579,8928,45.60
20,2382,VETO,EQ,62650,38275,61.09
20,2383,VGUARD,EQ,1022638,338991,33.15
20,2384,VHL,EQ,638,311,48.75
20,2385,VIAZ,SM,2000,2000,100.00
20,2386,VIDHIING,EQ,85674,18260,21.31
20,2387,VIJAYA,EQ,317640,102883,32.39
20,2388,VIKASECO,EQ,3345187,1857539,55.53
20,2389,VIKASLIFE,EQ,6714900,2889322,43.03
20,2390,VIMTALABS,EQ,16910,8925,52.78
20,2391,VINATIORGA,EQ,57045,30032,52.65
20,2392,VINDHYATEL,EQ,15698,8695,55.39
20,2393,VINEETLAB,EQ,311704,72206,23.16
20,2394,VINNY,EQ,339817,270987,79.74
20,2395,VINSYS,SM,10000,7000,70.00
20,2396,VINYAS,SM,3600,3200,88.89
20,2397,VINYLINDIA,EQ,14008,7917,56.52
20,2398,VIPCLOTHNG,EQ,91803,58150,63.34
20,2399,VIPIND,EQ,157354,86935,55.25
20,2400,VIRINCHI,EQ,546640,328143,60.03
20,2401,VISAKAIND,EQ,139195,98470,70.74
20,2402,VISHNU,EQ,110962,74359,67.01
20,2403,VISHNUINFR,SM,16000,11000,68.75
20,2404,VISHWARAJ,EQ,708972,459070,64.75
20,2405,VISHWAS,SM,9600,6400,66.67
20,2406,VITAL,SM,10800,9600,88.89
20,2407,VIVIANA,SM,81500,56000,68.71
20,2408,VLSFINANCE,EQ,191147,103460,54.13
20,2409,VMARCIND,SM,58000,46000,79.31
20,2410,VMART,EQ,10166,4376,43.05
20,2411,VOLTAMP,EQ,14933,6729,45.06
20,2412,VOLTAS,EQ,1288677,628167,48.75
20,2413,VPRPL,EQ,1927522,632162,32.80
20,2414,VR,SM,8000,6400,80.00
20,2415,VRLLOG,EQ,38854,19215,49.45
20,2416,VSCL,ST,24000,24000,100.00
20,2417,VSSL,EQ,117101,81061,69.22
20,2418,VSTIND,EQ,11652,5778,49.59
20,2419,VSTTILLERS,EQ,3216,2090,64.99
20,2420,VTL,EQ,106260,59569,56.06
20,2421,WABAG,EQ,864530,170426,19.71
20,2422,WALCHANNAG,EQ,321387,210630,65.54
20,2423,WALPAR,SM,10000,10000,100.00
20,2424,WANBURY,EQ,119575,96102,80.37
20,2425,WEALTH,EQ,2194,1160,52.87
20,2426,WEIZMANIND,EQ,28274,17750,62.78
20,2427,WELCORP,EQ,475206,226278,47.62
20,2428,WELENT,EQ,591015,230819,39.05
20,2429,WELINV,EQ,3405,3073,90.25
20,2430,WELSPUNLIV,EQ,904796,587046,64.88
20,2431,WENDT,EQ,772,345,44.69
20,2432,WESTLIFE,EQ,99622,87690,88.02
20,2433,WHEELS,EQ,55154,28308,51.33
20,2434,WHIRLPOOL,EQ,403582,363932,90.18
20,2435,WILLAMAGOR,EQ,149437,76819,51.41
20,2436,WINDLAS,EQ,65959,32173,48.78
20,2437,WINDMACHIN,EQ,181120,103213,56.99
20,2438,WINSOL,SM,332800,185600,55.77
20,2439,WIPL,EQ,4547,1136,24.98
20,2440,WIPRO,EQ,4878018,2661736,54.57
20,2441,WOMANCART,SM,11200,8000,71.43
20,2442,WONDERLA,EQ,249344,224999,90.24
20,2443,WORTH,EQ,12507,9904,79.19
20,2444,WSI,EQ,148280,95800,64.61
20,2445,WSTCSTPAPR,EQ,141349,90958,64.35
20,2446,WTICAB,SM,307000,181000,58.96
20,2447,XCHANGING,EQ,188970,99850,52.84
20,2448,XPROINDIA,EQ,30564,16496,53.97
20,2449,YASHO,EQ,16571,8479,51.17
20,2450,YASHOPTICS,SM,28800,22400,77.78
20,2451,YATHARTH,EQ,241013,176859,73.38
20,2452,YATRA,EQ,328643,181158,55.12
20,2453,YCCL,SM,39000,39000,100.00
20,2454,YESBANK,EQ,75915670,28455160,37.48
20,2455,YUDIZ,SM,58400,41600,71.23
20,2456,YUKEN,EQ,45323,36496,80.52
20,2457,ZAGGLE,EQ,1064038,563709,52.98
20,2458,ZEAL,SM,8400,7800,92.86
20,2459,ZEEL,EQ,14704453,5775287,39.28
20,2460,ZEEMEDIA,EQ,6727912,2230556,33.15
20,2461,ZENITHDRUG,SM,126400,113600,89.87
20,2462,ZENITHEXPO,EQ,3088,1015,32.87
20,2463,ZENITHSTL,EQ,997793,623789,62.52
20,2464,ZENSARTECH,EQ,825892,397032,48.07
20,2465,ZENTEC,EQ,230873,139360,60.36
20,2466,ZFCVINDIA,EQ,33028,13858,41.96
20,2467,ZIMLAB,EQ,133869,94019,70.23
20,2468,ZODIACLOTH,EQ,6248,3433,54.95
20,2469,ZOMATO,EQ,30888209,21678098,70.18
20,2470,ZOTA,EQ,8208,4245,51.72
20,2471,ZUARI,EQ,96151,34365,35.74
20,2472,ZUARIIND,EQ,121745,51993,42.71
20,2473,ZYDUSLIFE,EQ,1081054,647102,59.86
20,2474,ZYDUSWELL,EQ,59633,35529,59.58
