Security Wise Delivery Position - Compulsory Rolling Settlement
10,MTO,03072024,1890026004,0002527
Trade Date <03-JUL-2024>,Settlement Type <N>
Record Type,Sr No,Name of Security,Quantity Traded,Deliverable Quantity(gross across client level),% of Deliverable Quantity to Traded Quantity
20,1,1003IIFL29,NC,37,37,100.00
20,2,1003ISFL28,N4,45,45,100.00
20,3,1004DLSL24,NO,1,1,100.00
20,4,1015ECL29,NR,3900,3900,100.00
20,5,1015IHF28B,AZ,10,10,100.00
20,6,1018GS2026,GS,2882,2881,99.97
20,7,1025IHF34,Z8,168,168,100.00
20,8,1025NFL25,N5,1,1,100.00
20,9,1030ICCL28,NM,50,50,100.00
20,10,1040UCL25,N4,25,25,100.00
20,11,1049DLS25A,Y5,3,3,100.00
20,12,1049DLSL25,NX,33,33,100.00
20,13,1050IIFL29,ND,50,50,100.00
20,14,1050ISFL28,N5,318,310,97.48
20,15,1050NFL26,N7,86,86,100.00
20,16,1050UCL25,N7,821,821,100.00
20,17,1060ECL29,NS,200,200,100.00
20,18,1065NFL27,NC,262,262,100.00
20,19,1075IHF33A,N2,10,10,100.00
20,20,1075IHFL33,YK,5,5,100.00
20,21,1075IHFL34,Z6,31,31,100.00
20,22,10CAGL27,N5,30,20,66.67
20,23,10IIFL28,N4,535,535,100.00
20,24,10IIFL28A,NE,2288,2253,98.47
20,25,10IIFL29,N6,38,38,100.00
20,26,10NFL25,N9,1,1,100.00
20,27,1102NFL26,N8,10,10,100.00
20,28,182D011124,TB,700,700,100.00
20,29,182D111024,TB,100,100,100.00
20,30,182D120924,TB,1100,1100,100.00
20,31,182D121224,TB,100,100,100.00
20,32,182D141124,TB,6800,6800,100.00
20,33,182D181024,TB,100,100,100.00
20,34,182D191224,TB,100,100,100.00
20,35,182D220824,TB,600,600,100.00
20,36,182D261224,TB,200,200,100.00
20,37,20MICRONS,EQ,596866,251083,42.07
20,38,360ONE,EQ,351385,136575,38.87
20,39,364D020125,TB,100,100,100.00
20,40,364D050625,TB,200,200,100.00
20,41,364D120625,TB,1600,1600,100.00
20,42,364D141124,TB,900,900,100.00
20,43,364D150525,TB,500,500,100.00
20,44,364D180724,TB,8000,8000,100.00
20,45,364D190625,TB,200,100,50.00
20,46,364D200325,TB,100,100,100.00
20,47,364D211124,TB,400,400,100.00
20,48,364D240425,TB,600,600,100.00
20,49,3IINFOLTD,EQ,3779531,1619273,42.84
20,50,3MINDIA,EQ,18456,4822,26.13
20,51,3PLAND,EQ,38731,32951,85.08
20,52,563GS2026,GS,3,2,66.67
20,53,574GS2026,GS,43,43,100.00
20,54,585GS2030,GS,13,13,100.00
20,55,5PAISA,EQ,79241,34136,43.08
20,56,618GS2024,GS,200,200,100.00
20,57,622GS2035,GS,797,792,99.37
20,58,63MOONS,EQ,52605,36002,68.44
20,59,654GS2032,GS,24055,24040,99.94
20,60,664GS2035,GS,100,100,100.00
20,61,667GS2035,GS,6000,6000,100.00
20,62,667GS2050,GS,50,50,100.00
20,63,676GS2061,GS,10000,10000,100.00
20,64,68GS2060,GS,920,910,98.91
20,65,695GS2061,GS,40253,34015,84.50
20,66,699GS2051,GS,5,5,100.00
20,67,702GS2027,GS,8000,8000,100.00
20,68,702GS2031,GS,100,100,100.00
20,69,704GS2029,GS,300,300,100.00
20,70,706GS2028,GS,350,350,100.00
20,71,710GS2029,GS,44166,40501,91.70
20,72,717GS2030,GS,42,42,100.00
20,73,718GS2033,GS,77291,77291,100.00
20,74,718GS2037,GS,5665,5665,100.00
20,75,725GS2063,GS,25146,25046,99.60
20,76,726GS2032,GS,79708,58708,73.65
20,77,726GS2033,GS,106110,103060,97.13
20,78,732GS2030,GS,375,375,100.00
20,79,732IRFC25,NI,447,447,100.00
20,80,733GS2026,GS,2300,2300,100.00
20,81,734GS2064,GS,300,300,100.00
20,82,734IRFC28,N4,1050,1050,100.00
20,83,735IRFC31,NM,2,2,100.00
20,84,736GS2052,GS,2675,2675,100.00
20,85,737GS2028,GS,11061,10861,98.19
20,86,738GS2027,GS,136536,135336,99.12
20,87,738REC27TF,N2,1000,1000,100.00
20,88,739NHAI26,N8,8,8,100.00
20,89,73GS2053,GS,32456,32345,99.66
20,90,741GS2036,GS,7681,7681,100.00
20,91,746GS2073,GS,6731,6731,100.00
20,92,74GS2035,GS,96,96,100.00
20,93,74GS2062,GS,1337,1337,100.00
20,94,753IRFC30,NJ,3571,3371,94.40
20,95,753NTPC30E,NC,56,56,100.00
20,96,754GS2036,GS,416067,397219,95.47
20,97,757JK34,SG,500,500,100.00
20,98,760PFCL35,N3,139,139,100.00
20,99,762NTPC35F,ND,8,8,100.00
20,100,764HUDCO31,N8,1,1,100.00
20,101,764IRFC31,NO,529,520,98.30
20,102,764NABAR31,N2,2219,1550,69.85
20,103,769GS2043,GS,450,450,100.00
20,104,769HUDCO31,N9,100,100,100.00
20,105,769NHAI31,NE,220,220,100.00
20,106,76NHAI31,NA,664,655,98.64
20,107,772GS2049,GS,1,1,100.00
20,108,774IREDA31,N7,5,5,100.00
20,109,777MN38,SG,300,300,100.00
20,110,782GJ32,SG,100,100,100.00
20,111,784TS39,SG,100,100,100.00
20,112,789MH32,SG,100,100,100.00
20,113,78ABFL33,N4,140,140,100.00
20,114,794TN32,SG,2000,2000,100.00
20,115,79NHIT35,N1,930,930,100.00
20,116,79NHIT40,N2,1505,1505,100.00
20,117,79NHIT47,N3,1001,1001,100.00
20,118,801TCH25,N4,100,100,100.00
20,119,810IRFC27,N2,20,20,100.00
20,120,812REC27,NI,906,806,88.96
20,121,817GS2044,GS,1,1,100.00
20,122,81TCHF28,N8,20,20,100.00
20,123,826GS2027,GS,750,750,100.00
20,124,829LTF24,NL,767,767,100.00
20,125,82HUDCO27,N2,222,112,50.45
20,126,82IGT31,NJ,1430,1430,100.00
20,127,830NHAI27,N2,913,767,84.01
20,128,830PFCL27,N5,310,310,100.00
20,129,835IFL25,NV,10,10,100.00
20,130,835IHFL23B,YM,34,34,100.00
20,131,837REC33,N7,22,11,50.00
20,132,83TCHF25,N6,69,60,86.96
20,133,842IIFL26,NL,112,111,99.11
20,134,843IHFL29,NC,809,809,100.00
20,135,846REC28,N6,1500,1500,100.00
20,136,849NTPC25,N7,31397,29396,93.63
20,137,85IIFL24,NJ,50,50,100.00
20,138,85IIFL25,NO,2,2,100.00
20,139,85TCAPS24,N6,779,726,93.20
20,140,865IFL28,NZ,2593,2593,100.00
20,141,865IIFL28,NS,143,143,100.00
20,142,865IRFC29,NA,1138,1138,100.00
20,143,865LTF26,NN,1990,1910,95.98
20,144,866IBHL25,YP,77,77,100.00
20,145,86LTF24,NJ,75,75,100.00
20,146,871REC28,N9,576,576,100.00
20,147,873NTPC28,N5,1000,1000,100.00
20,148,875IHFL29,ND,112,111,99.11
20,149,875IIFL26,NM,20,20,100.00
20,150,875IIFL26A,NQ,146,146,100.00
20,151,875NHAI29,N6,500,500,100.00
20,152,875PCHFL26,N8,20,20,100.00
20,153,876HUDCO28,ND,395,395,100.00
20,154,880IREDA34,N6,155,155,100.00
20,155,883GS2041,GS,11,11,100.00
20,156,885MOFSL26,N0,30,30,100.00
20,157,888ERFL28,N5,21,21,100.00
20,158,888IHFL25F,NC,10,10,100.00
20,159,888IRFC29,NE,100,100,100.00
20,160,888NHB29,N5,175,150,85.71
20,161,888REC29,NF,222,111,50.00
20,162,889IHFL27,YC,10,10,100.00
20,163,889IHFL28,NU,10,10,100.00
20,164,891IIFCL34,N4,150,150,100.00
20,165,891NTPC33,N6,10,10,100.00
20,166,892PFCL33,N8,1414,1085,76.73
20,167,897MOFSL29,N4,1339,1339,100.00
20,168,898LTF29,N7,212,160,75.47
20,169,8ABFL26,N0,4,2,50.00
20,170,901HUDCO34,NE,1104,1050,95.11
20,171,901NHB34,N6,10,10,100.00
20,172,903SFL28,YI,785,785,100.00
20,173,905IH24B,Z9,36,36,100.00
20,174,910TCAP28,NA,15,15,100.00
20,175,915GS2024,GS,7,7,100.00
20,176,91D020824,TB,55100,55100,100.00
20,177,91D050924,TB,1300,1300,100.00
20,178,91D120724,TB,7100,7100,100.00
20,179,91D120924,TB,8600,8600,100.00
20,180,91D150824,TB,1900,1900,100.00
20,181,91D190724,TB,400,400,100.00
20,182,91D230824,TB,40100,40100,100.00
20,183,91D250724,TB,300,300,100.00
20,184,91D290824,TB,300,300,100.00
20,185,920IIFLS26,N8,60,40,66.67
20,186,921ISFL25,N0,362,262,72.38
20,187,922SFL24,Z4,2,1,50.00
20,188,925IHFL25,N5,60,60,100.00
20,189,925IHFL25A,NH,20,20,100.00
20,190,925IHFL25B,Y3,12,10,83.33
20,191,92GS2030,GS,1455,1455,100.00
20,192,930SFL28,YP,305,300,98.36
20,193,93IHFL24,ZP,100,50,50.00
20,194,93MOFSL34,N6,342,342,100.00
20,195,940CAGL27,NB,15,15,100.00
20,196,943ECL28,NJ,345,309,89.57
20,197,945IFSL25,N4,116,99,85.34
20,198,94NFL24,N3,50,50,100.00
20,199,94SFL28,YL,425,375,88.24
20,200,955IHFL27,Z5,110,110,100.00
20,201,957ICCL25,YW,38,38,100.00
20,202,957NIDO26,N5,12,12,100.00
20,203,960ISFL25,N1,199,199,100.00
20,204,965IHFL25B,Y1,50,50,100.00
20,205,965IHFL25C,N0,389,389,100.00
20,206,965IHFL25E,BF,10,10,100.00
20,207,965IHFL26A,ZB,20,20,100.00
20,208,96IIFL28,N5,2392,2174,90.89
20,209,96IIFL28A,NF,1137,1136,99.91
20,210,96SFL24A,NB,38,38,100.00
20,211,970CAGL28,ND,179,179,100.00
20,212,971IHFL28,AN,70,70,100.00
20,213,975NFL25,N0,144,144,100.00
20,214,97MOFSL34,N7,40,30,75.00
20,215,97SFL26,Z9,83,83,100.00
20,216,97SFL28,YS,50,50,100.00
20,217,980IHFL33,NX,10,10,100.00
20,218,984ICCL26A,NK,20,20,100.00
20,219,98ICCL26,NU,50,50,100.00
20,220,98IHFL27,ZX,251,251,100.00
20,221,990IHFL26I,AV,5,5,100.00
20,222,990IHFL27,YT,10,10,100.00
20,223,99IFCI24,NH,1750,1750,100.00
20,224,9IBHFL26BA,NA,1832,1832,100.00
20,225,9IIFL28,Y0,50,50,100.00
20,226,9IIFL28A,NT,78,78,100.00
20,227,9MMFSML,N2,21,20,95.24
20,228,9PCHFL31A,NA,13,11,84.62
20,229,9PEL25,N0,2,2,100.00
20,230,9SFL25A,ZH,50,50,100.00
20,231,AADHARHFC,EQ,2692765,1198757,44.52
20,232,AAKASH,EQ,645137,645137,100.00
20,233,AARON,EQ,7460,4811,64.49
20,234,AARTIDRUGS,EQ,206923,88929,42.98
20,235,AARTIIND,EQ,829572,278198,33.54
20,236,AARTIPHARM,EQ,260473,148780,57.12
20,237,AARTISURF,EQ,14066,8808,62.62
20,238,AARVEEDEN,EQ,180791,76664,42.40
20,239,AARVI,EQ,39383,28254,71.74
20,240,AATMAJ,SM,20000,20000,100.00
20,241,AAVAS,EQ,297553,189283,63.61
20,242,ABB,EQ,235527,83052,35.26
20,243,ABBOTINDIA,EQ,5417,2146,39.62
20,244,ABCAPITAL,EQ,1895307,584515,30.84
20,245,ABCOTS,SM,2500,2000,80.00
20,246,ABDL,EQ,14342875,6723101,46.87
20,247,ABFRL,EQ,6216914,2931655,47.16
20,248,ABINFRA,SM,10000,10000,100.00
20,249,ABSLAMC,EQ,406883,265512,65.26
20,250,ABSLBANETF,EQ,76235,34860,45.73
20,251,ABSLLIQUID,EQ,2221,1153,51.91
20,252,ABSLNN50ET,EQ,17940,14520,80.94
20,253,ABSLPSE,EQ,511546,418175,81.75
20,254,ABSMARINE,SM,493000,193000,39.15
20,255,ACC,EQ,380778,116658,30.64
20,256,ACCELYA,EQ,12342,7446,60.33
20,257,ACCENTMIC,SM,61000,46500,76.23
20,258,ACE,EQ,2252951,503726,22.36
20,259,ACEINTEG,EQ,9522,5622,59.04
20,260,ACI,EQ,1238442,473612,38.24
20,261,ACL,EQ,89346,53012,59.33
20,262,ACLGATI,EQ,2805307,1505991,53.68
20,263,ACSAL,SM,33000,24000,72.73
20,264,ADANIENSOL,EQ,970351,370563,38.19
20,265,ADANIENT,EQ,1152522,588115,51.03
20,266,ADANIGREEN,EQ,549827,264067,48.03
20,267,ADANIPORTS,EQ,4435563,2305478,51.98
20,268,ADANIPOWER,EQ,1923993,893635,46.45
20,269,ADFFOODS,EQ,136768,68310,49.95
20,270,ADL,EQ,5957,3099,52.02
20,271,ADORWELD,EQ,11165,5407,48.43
20,272,ADROITINFO,EQ,40557,28149,69.41
20,273,ADSL,EQ,3400432,1052396,30.95
20,274,ADVANIHOTR,EQ,214807,128772,59.95
20,275,ADVENZYMES,EQ,134225,72855,54.28
20,276,AEGISLOG,EQ,314124,109082,34.73
20,277,AEROFLEX,EQ,614602,271751,44.22
20,278,AETHER,EQ,71038,34586,48.69
20,279,AFFLE,EQ,371018,204447,55.10
20,280,AGARIND,EQ,251630,83703,33.26
20,281,AGARWALFT,ST,24000,24000,100.00
20,282,AGI,EQ,232955,107839,46.29
20,283,AGNI,SM,92500,60000,64.86
20,284,AGRITECH,EQ,4065,2693,66.25
20,285,AGROPHOS,EQ,122585,56529,46.11
20,286,AGSTRA,EQ,485571,287202,59.15
20,287,AHL,EQ,105261,40107,38.10
20,288,AHLEAST,EQ,13700,8357,61.00
20,289,AHLUCONT,EQ,65693,28399,43.23
20,290,AIAENG,EQ,28656,14660,51.16
20,291,AIIL,EQ,34733,14959,43.07
20,292,AILIMITED,ST,18000,18000,100.00
20,293,AIMTRON,SM,48800,48800,100.00
20,294,AIRAN,EQ,299247,181856,60.77
20,295,AIROLAM,EQ,4564,3393,74.34
20,296,AIRTELPP,E1,112541,75070,66.70
20,297,AISL,ST,3600,2400,66.67
20,298,AJANTPHARM,EQ,61749,36258,58.72
20,299,AJMERA,EQ,72356,35954,49.69
20,300,AJOONI,EQ,25590593,12359304,48.30
20,301,AKANKSHA,SM,798000,408000,51.13
20,302,AKASH,EQ,25551,19981,78.20
20,303,AKG,EQ,38750,28685,74.03
20,304,AKI,EQ,86111,61372,71.27
20,305,AKIKO,ST,257600,227200,88.20
20,306,AKSHARCHEM,EQ,15988,6367,39.82
20,307,AKZOINDIA,EQ,5341,3481,65.18
20,308,ALANKIT,EQ,3703037,1370234,37.00
20,309,ALBERTDAVD,EQ,8945,4929,55.10
20,310,ALEMBICLTD,EQ,1517246,757860,49.95
20,311,ALICON,EQ,24932,9844,39.48
20,312,ALKALI,EQ,60619,28112,46.37
20,313,ALKEM,EQ,119669,56107,46.89
20,314,ALKYLAMINE,EQ,45602,22582,49.52
20,315,ALLCARGO,EQ,1788181,928959,51.95
20,316,ALLETEC,SM,96000,58800,61.25
20,317,ALLSEC,EQ,50445,28839,57.17
20,318,ALMONDZ,EQ,148874,76586,51.44
20,319,ALOKINDS,EQ,10462596,4148431,39.65
20,320,ALPA,EQ,26486,15876,59.94
20,321,ALPEXSOLAR,SM,335200,157600,47.02
20,322,ALPHA,EQ,507396,327033,64.45
20,323,ALPHAETF,EQ,326311,296236,90.78
20,324,ALPHAGEO,EQ,23304,8601,36.91
20,325,ALPL30IETF,EQ,3948069,3869620,98.01
20,326,ALUWIND,SM,168000,138000,82.14
20,327,AMBANIORG,SM,17000,11000,64.71
20,328,AMBER,EQ,193963,48304,24.90
20,329,AMBICAAGAR,EQ,28617,10547,36.86
20,330,AMBIKCO,EQ,12869,7764,60.33
20,331,AMBUJACEM,EQ,1357858,533239,39.27
20,332,AMDIND,EQ,230726,60759,26.33
20,333,AMEYA,SM,84000,34000,40.48
20,334,AMIABLE,SM,1600,1600,100.00
20,335,AMIORG,EQ,559996,275583,49.21
20,336,AMJLAND,EQ,76117,41279,54.23
20,337,AMNPLST,EQ,76725,41817,54.50
20,338,AMRUTANJAN,EQ,27683,16020,57.87
20,339,ANANDRATHI,EQ,22358,16291,72.86
20,340,ANANTRAJ,EQ,1613782,620805,38.47
20,341,ANDHRAPAP,EQ,352739,193457,54.84
20,342,ANDHRSUGAR,EQ,577710,247292,42.81
20,343,ANGELONE,EQ,1811017,645022,35.62
20,344,ANIKINDS,EQ,50520,25858,51.18
20,345,ANLON,SM,20800,17600,84.62
20,346,ANNAPURNA,SM,52500,42000,80.00
20,347,ANTGRAPHIC,EQ,1935039,953875,49.29
20,348,ANUP,EQ,17754,9339,52.60
20,349,ANURAS,EQ,42385,20230,47.73
20,350,ANZEN,IV,600000,600000,100.00
20,351,APARINDS,EQ,91119,45717,50.17
20,352,APCL,EQ,29341,16515,56.29
20,353,APCOTEXIND,EQ,42265,21336,50.48
20,354,APEX,EQ,87161,38177,43.80
20,355,APLAPOLLO,EQ,1155464,962760,83.32
20,356,APLLTD,EQ,246094,91749,37.28
20,357,APOLLO,EQ,2299485,1328842,57.79
20,358,APOLLOHOSP,EQ,188203,68564,36.43
20,359,APOLLOPIPE,EQ,48459,29049,59.95
20,360,APOLLOTYRE,EQ,2004346,868533,43.33
20,361,APOLSINHOT,EQ,2816,1869,66.37
20,362,APS,SM,45500,39500,86.81
20,363,APTECHT,EQ,431917,242142,56.06
20,364,APTUS,EQ,296608,153499,51.75
20,365,ARABIAN,SM,28000,20000,71.43
20,366,ARCHIES,EQ,119318,75010,62.87
20,367,ARE&M,EQ,1230196,508447,41.33
20,368,ARENTERP,EQ,5326,2836,53.25
20,369,ARHAM,ST,71000,65000,91.55
20,370,ARIES,EQ,756364,222393,29.40
20,371,ARIHANTACA,SM,4000,4000,100.00
20,372,ARIHANTCAP,EQ,505663,281805,55.73
20,373,ARIHANTSUP,EQ,107960,65175,60.37
20,374,ARISTO,SM,8000,6400,80.00
20,375,ARMANFIN,EQ,27478,16475,59.96
20,376,AROGRANITE,EQ,59096,40735,68.93
20,377,ARROWGREEN,EQ,215104,87256,40.56
20,378,ARTEMISMED,EQ,102407,60596,59.17
20,379,ARTNIRMAN,EQ,22748,4507,19.81
20,380,ARVIND,EQ,656375,297469,45.32
20,381,ARVINDFASN,EQ,670971,372339,55.49
20,382,ARVSMART,EQ,116937,66745,57.08
20,383,ASAHIINDIA,EQ,287364,172834,60.14
20,384,ASAHISONG,EQ,43059,14695,34.13
20,385,ASAL,EQ,265685,70572,26.56
20,386,ASALCBR,EQ,98900,50855,51.42
20,387,ASHAPURMIN,EQ,296919,161551,54.41
20,388,ASHIANA,EQ,119573,61542,51.47
20,389,ASHIMASYN,EQ,3336315,1881943,56.41
20,390,ASHOKA,EQ,1787944,476023,26.62
20,391,ASHOKAMET,EQ,136361,83567,61.28
20,392,ASHOKLEY,EQ,17206470,6458559,37.54
20,393,ASIANENE,EQ,150289,99818,66.42
20,394,ASIANPAINT,EQ,925189,507846,54.89
20,395,ASIANTILES,EQ,1368480,621703,45.43
20,396,ASKAUTOLTD,EQ,866712,596873,68.87
20,397,ASMS,EQ,29605,29605,100.00
20,398,ASPINWALL,EQ,3587,2353,65.60
20,399,ASPIRE,SM,156000,106000,67.95
20,400,ASTEC,EQ,121960,58834,48.24
20,401,ASTERDM,EQ,643194,404038,62.82
20,402,ASTRAL,EQ,310243,112027,36.11
20,403,ASTRAMICRO,EQ,1070217,626287,58.52
20,404,ASTRAZEN,EQ,15550,7381,47.47
20,405,ATFL,EQ,116186,68251,58.74
20,406,ATGL,EQ,1034594,378944,36.63
20,407,ATL,EQ,1524577,799321,52.43
20,408,ATMASTCO,SM,172800,110400,63.89
20,409,ATUL,EQ,29641,13385,45.16
20,410,ATULAUTO,EQ,557134,210101,37.71
20,411,AUBANK,EQ,3891265,1015649,26.10
20,412,AURDIS,SM,42500,33500,78.82
20,413,AURIONPRO,EQ,34136,26646,78.06
20,414,AUROIMPEX,SM,65600,62400,95.12
20,415,AUROPHARMA,EQ,1232716,599721,48.65
20,416,AURUM,EQ,359141,187153,52.11
20,417,AURUMPP1,E1,53431,44827,83.90
20,418,AUTOAXLES,EQ,28537,17071,59.82
20,419,AUTOBEES,EQ,186676,143006,76.61
20,420,AUTOIETF,EQ,735905,504882,68.61
20,421,AUTOIND,EQ,336027,168072,50.02
20,422,AVADHSUGAR,EQ,155870,58602,37.60
20,423,AVALON,EQ,74627,40815,54.69
20,424,AVANTIFEED,EQ,316404,126836,40.09
20,425,AVG,EQ,30798,19187,62.30
20,426,AVPINFRA,SM,489600,275200,56.21
20,427,AVROIND,EQ,39032,25046,64.17
20,428,AVTNPL,EQ,176865,91271,51.60
20,429,AWFIS,EQ,237784,117423,49.38
20,430,AWHCL,EQ,195372,94533,48.39
20,431,AWL,EQ,828736,432029,52.13
20,432,AXISBANK,EQ,15171347,7328367,48.30
20,433,AXISBNKETF,EQ,34927,23682,67.80
20,434,AXISBPSETF,EQ,73584,57232,77.78
20,435,AXISCADES,EQ,208255,87906,42.21
20,436,AXISCETF,EQ,3081,2027,65.79
20,437,AXISGOLD,EQ,106219,71555,67.37
20,438,AXISHCETF,EQ,23850,21764,91.25
20,439,AXISILVER,EQ,15264,11790,77.24
20,440,AXISNIFTY,EQ,7013,5077,72.39
20,441,AXISTECETF,EQ,6045,5313,87.89
20,442,AXITA,EQ,648342,352973,54.44
20,443,AXSENSEX,EQ,4936,4742,96.07
20,444,AYMSYNTEX,EQ,294294,110287,37.48
20,445,AZAD,EQ,118012,66260,56.15
20,446,BABAFP,SM,24000,17600,73.33
20,447,BAHETI,SM,9000,7500,83.33
20,448,BAIDFIN,EQ,2059330,483506,23.48
20,449,BAJAJ-AUTO,EQ,318120,182842,57.48
20,450,BAJAJCON,EQ,250974,140822,56.11
20,451,BAJAJELEC,EQ,74168,39594,53.38
20,452,BAJAJFINSV,EQ,892102,474233,53.16
20,453,BAJAJHCARE,EQ,278263,139338,50.07
20,454,BAJAJHIND,EQ,19720859,6855540,34.76
20,455,BAJAJHLDNG,EQ,131187,51798,39.48
20,456,BAJEL,EQ,564276,237010,42.00
20,457,BAJFINANCE,EQ,836393,459247,54.91
20,458,BALAJITELE,EQ,262427,154686,58.94
20,459,BALAMINES,EQ,65676,32666,49.74
20,460,BALAXI,EQ,20905,13344,63.83
20,461,BALKRISHNA,EQ,236726,74654,31.54
20,462,BALKRISIND,EQ,350920,237854,67.78
20,463,BALMLAWRIE,EQ,389119,167744,43.11
20,464,BALPHARMA,EQ,48081,35404,73.63
20,465,BALRAMCHIN,EQ,1130106,428582,37.92
20,466,BALUFORGE,EQ,1046588,525067,50.17
20,467,BANARBEADS,EQ,46915,15229,32.46
20,468,BANARISUG,EQ,2091,1080,51.65
20,469,BANCOINDIA,EQ,1042060,232699,22.33
20,470,BANDHANBNK,EQ,23960719,8416233,35.13
20,471,BANG,EQ,19782,11246,56.85
20,472,BANKBARODA,EQ,18643235,5728094,30.72
20,473,BANKBEES,EQ,1599187,1178102,73.67
20,474,BANKBETF,EQ,53683,51299,95.56
20,475,BANKETF,EQ,15319,13561,88.52
20,476,BANKETFADD,EQ,829850,807985,97.37
20,477,BANKIETF,EQ,2236238,1908917,85.36
20,478,BANKINDIA,EQ,8004538,4658156,58.19
20,479,BANKNIFTY1,EQ,205327,123649,60.22
20,480,BANSWRAS,EQ,108790,53834,49.48
20,481,BARBEQUE,EQ,125779,39749,31.60
20,482,BASF,EQ,48171,23720,49.24
20,483,BASILIC,SM,509400,306600,60.19
20,484,BASML,EQ,91712,62450,68.09
20,485,BATAINDIA,EQ,233632,92776,39.71
20,486,BAWEJA,SM,30400,20800,68.42
20,487,BAYERCROP,EQ,47549,21310,44.82
20,488,BBETF0432,EQ,673,597,88.71
20,489,BBL,EQ,66984,46697,69.71
20,490,BBNPNBETF,EQ,12006,11979,99.78
20,491,BBNPPGOLD,EQ,310,176,56.77
20,492,BBOX,EQ,746401,388407,52.04
20,493,BBTC,EQ,254765,53915,21.16
20,494,BBTCL,EQ,4580,3289,71.81
20,495,BCLIND,EQ,1105030,793600,71.82
20,496,BCONCEPTS,EQ,72547,44775,61.72
20,497,BDL,EQ,7386981,3171840,42.94
20,498,BEACON,SM,310000,166000,53.55
20,499,BEARDSELL,EQ,93094,45540,48.92
20,500,BECTORFOOD,EQ,144514,78838,54.55
20,501,BEDMUTHA,EQ,33601,23211,69.08
20,502,BEL,EQ,44919849,23516446,52.35
20,503,BEML,EQ,895194,231693,25.88
20,504,BEPL,EQ,6635670,2597444,39.14
20,505,BERGEPAINT,EQ,2251803,911417,40.47
20,506,BESTAGRO,EQ,46827,26409,56.40
20,507,BETA,SM,2900,2300,79.31
20,508,BEWLTD,SM,4375,4000,91.43
20,509,BFINVEST,EQ,83787,41568,49.61
20,510,BFSI,EQ,1057212,643584,60.88
20,511,BFUTILITIE,EQ,321416,150700,46.89
20,512,BHAGCHEM,EQ,179335,119566,66.67
20,513,BHAGERIA,EQ,47780,22177,46.41
20,514,BHAGYANGR,EQ,94006,51075,54.33
20,515,BHANDARI,EQ,792671,410769,51.82
20,516,BHARATFORG,EQ,1034534,590061,57.04
20,517,BHARATGEAR,EQ,31548,19814,62.81
20,518,BHARATRAS,EQ,4882,1911,39.14
20,519,BHARATWIRE,EQ,244796,123169,50.31
20,520,BHARTIARTL,EQ,8261388,6004693,72.68
20,521,BHARTIHEXA,EQ,508390,227702,44.79
20,522,BHEL,EQ,37577666,16394780,43.63
20,523,BHINVIT,IV,227114,213741,94.11
20,524,BIGBLOC,EQ,140889,69200,49.12
20,525,BIKAJI,EQ,540222,337758,62.52
20,526,BIOCON,EQ,6614689,3226524,48.78
20,527,BIOFILCHEM,EQ,54661,33611,61.49
20,528,BIRDYS,SM,1200,1200,100.00
20,529,BIRET,RR,316261,303313,95.91
20,530,BIRLACABLE,EQ,211104,74742,35.41
20,531,BIRLACORPN,EQ,269254,98748,36.67
20,532,BIRLAMONEY,EQ,516992,202662,39.20
20,533,BLAL,EQ,737444,241667,32.77
20,534,BLISSGVS,EQ,211499,114504,54.14
20,535,BLKASHYAP,EQ,576526,301244,52.25
20,536,BLS,EQ,4749253,980079,20.64
20,537,BLSE,EQ,346226,178211,51.47
20,538,BLUEDART,EQ,8000,4124,51.55
20,539,BLUEJET,EQ,81151,49846,61.42
20,540,BLUEPEBBLE,SM,8800,6400,72.73
20,541,BLUESTARCO,EQ,162834,88710,54.48
20,542,BMETRICS,SM,14800,10000,67.57
20,543,BODALCHEM,EQ,678147,304838,44.95
20,544,BOMDYEING,EQ,5027350,1570858,31.25
20,545,BOROLTD,EQ,1941348,757582,39.02
20,546,BORORENEW,EQ,824762,292867,35.51
20,547,BOROSCI,EQ,365282,209001,57.22
20,548,BOSCHLTD,EQ,23302,9208,39.52
20,549,BPCL,EQ,4355165,2028529,46.58
20,550,BPL,EQ,372389,171248,45.99
20,551,BRIGADE,EQ,85858,42078,49.01
20,552,BRIGHT,SZ,207000,180000,86.96
20,553,BRITANNIA,EQ,211361,94938,44.92
20,554,BSE,EQ,728280,513561,70.52
20,555,BSE500IETF,EQ,214962,114393,53.22
20,556,BSHSL,EQ,375381,133251,35.50
20,557,BSL,EQ,35985,25122,69.81
20,558,BSLGOLDETF,EQ,46281,33998,73.46
20,559,BSLNIFTY,EQ,185809,131365,70.70
20,560,BSLSENETFG,EQ,3223,2901,90.01
20,561,BSOFT,EQ,1198405,528801,44.13
20,562,BUTTERFLY,EQ,10752,5348,49.74
20,563,BVCL,EQ,69920,14929,21.35
20,564,CADSYS,ST,45500,43500,95.60
20,565,CAGL27A,N6,20,10,50.00
20,566,CAMLINFINE,EQ,545461,218316,40.02
20,567,CAMPUS,EQ,2016183,873564,43.33
20,568,CAMS,EQ,171193,69684,40.70
20,569,CANARYS,SM,196000,124000,63.27
20,570,CANBK,EQ,16011335,6601011,41.23
20,571,CANFINHOME,EQ,1326007,548285,41.35
20,572,CANTABIL,EQ,223170,88460,39.64
20,573,CAPACITE,EQ,586025,380716,64.97
20,574,CAPITALSFB,EQ,64693,49579,76.64
20,575,CAPLIPOINT,EQ,139105,82191,59.09
20,576,CAPTRUST,EQ,154945,60063,38.76
20,577,CARBORUNIV,EQ,273137,92915,34.02
20,578,CAREERP,EQ,73054,28046,38.39
20,579,CARERATING,EQ,20013,10537,52.65
20,580,CARTRADE,EQ,384620,212484,55.25
20,581,CARYSIL,EQ,74708,41523,55.58
20,582,CASTROLIND,EQ,111269271,15923322,14.31
20,583,CBAZAAR,SM,32000,24000,75.00
20,584,CCHHL,EQ,3335981,1606319,48.15
20,585,CCL,EQ,90286,54525,60.39
20,586,CDSL,EQ,2277560,939030,41.23
20,587,CEATLTD,EQ,305669,166715,54.54
20,588,CELEBRITY,EQ,290585,200270,68.92
20,589,CELLECOR,SM,123000,70800,57.56
20,590,CELLO,EQ,1337064,603505,45.14
20,591,CELLPOINT,SM,20400,15600,76.47
20,592,CENTENKA,EQ,27347,15362,56.17
20,593,CENTEXT,EQ,669181,412665,61.67
20,594,CENTRALBK,EQ,5271418,1903508,36.11
20,595,CENTRUM,EQ,612856,340373,55.54
20,596,CENTUM,EQ,20876,13786,66.04
20,597,CENTURYPLY,EQ,118712,53960,45.45
20,598,CENTURYTEX,EQ,126026,47929,38.03
20,599,CERA,EQ,27059,8985,33.21
20,600,CESC,EQ,8915769,2855856,32.03
20,601,CGCL,EQ,184197,85132,46.22
20,602,CGPOWER,EQ,1350593,743506,55.05
20,603,CGRAPHICS,SM,60800,49600,81.58
20,604,CHALET,EQ,85578,29405,34.36
20,605,CHAMBLFERT,EQ,3359771,1168352,34.77
20,606,CHAVDA,SM,206000,107000,51.94
20,607,CHEMBOND,EQ,34312,19021,55.44
20,608,CHEMCON,EQ,136264,68274,50.10
20,609,CHEMFAB,EQ,11416,6282,55.03
20,610,CHEMPLASTS,EQ,530101,217292,40.99
20,611,CHENNPETRO,EQ,485146,194935,40.18
20,612,CHEVIOT,EQ,7481,4631,61.90
20,613,CHOICEIN,EQ,585027,128579,21.98
20,614,CHOLAFIN,EQ,525587,225572,42.92
20,615,CHOLAHLDNG,EQ,661538,399306,60.36
20,616,CIEINDIA,EQ,206308,104475,50.64
20,617,CIGNITITEC,EQ,213686,160309,75.02
20,618,CINELINE,EQ,38938,24353,62.54
20,619,CIPLA,EQ,1061247,516751,48.69
20,620,CLEAN,EQ,142384,76345,53.62
20,621,CLEDUCATE,EQ,52335,28788,55.01
20,622,CLOUD,SM,76000,76000,100.00
20,623,CLSEL,EQ,86166,37431,43.44
20,624,CLSL,SM,48000,30000,62.50
20,625,CMMIPL,ST,42000,42000,100.00
20,626,CMNL,SM,112500,90000,80.00
20,627,CMRSL,SM,9600,8800,91.67
20,628,CMSINFO,EQ,1648341,1340671,81.33
20,629,COALINDIA,EQ,7244652,3079872,42.51
20,630,COASTCORP,EQ,37802,20398,53.96
20,631,COCHINSHIP,EQ,10574606,3283887,31.05
20,632,COFFEEDAY,EQ,3040387,993840,32.69
20,633,COFORGE,EQ,371477,130738,35.19
20,634,COLPAL,EQ,263965,167965,63.63
20,635,COMMITTED,SM,25600,19200,75.00
20,636,COMMOIETF,EQ,51203,32934,64.32
20,637,COMPUSOFT,EQ,99104,66424,67.02
20,638,COMSYN,EQ,106462,56260,52.85
20,639,CONCOR,EQ,1809188,1045940,57.81
20,640,CONCORDBIO,EQ,64359,27614,42.91
20,641,CONFIPET,EQ,1582609,732479,46.28
20,642,CONS,EQ,762,745,97.77
20,643,CONSOFINVT,EQ,17498,12523,71.57
20,644,CONSUMBEES,EQ,80166,69125,86.23
20,645,CONSUMIETF,EQ,22813,14952,65.54
20,646,CONTI,SM,13332,9999,75.00
20,647,CONTROLPR,EQ,31221,16392,52.50
20,648,COOLCAPS,SM,250,250,100.00
20,649,CORALFINAC,EQ,216033,115590,53.51
20,650,COROMANDEL,EQ,173456,62962,36.30
20,651,COSMOFIRST,EQ,321324,184785,57.51
20,652,COUNCODOS,EQ,491826,316213,64.29
20,653,CPS,ST,600,600,100.00
20,654,CPSEETF,EQ,9631599,8137094,84.48
20,655,CRAFTSMAN,EQ,100401,41205,41.04
20,656,CRAYONS,SM,91000,74000,81.32
20,657,CREATIVE,EQ,1224986,305819,24.97
20,658,CREDITACC,EQ,411565,307134,74.63
20,659,CREST,EQ,80879,41489,51.30
20,660,CRISIL,EQ,40201,25195,62.67
20,661,CROMPTON,EQ,968651,359469,37.11
20,662,CSBBANK,EQ,489826,241488,49.30
20,663,CSLFINANCE,EQ,29524,13716,46.46
20,664,CTE,EQ,217545,113928,52.37
20,665,CUB,EQ,6292333,2167134,34.44
20,666,CUMMINSIND,EQ,401559,212273,52.86
20,667,CYBERTECH,EQ,108279,49291,45.52
20,668,CYIENT,EQ,519872,293708,56.50
20,669,CYIENTDLM,EQ,162681,86546,53.20
20,670,DABUR,EQ,1786017,976899,54.70
20,671,DALBHARAT,EQ,381404,232246,60.89
20,672,DALMIASUG,EQ,114382,36055,31.52
20,673,DAMODARIND,EQ,98551,51328,52.08
20,674,DANGEE,EQ,551380,270866,49.13
20,675,DATAMATICS,EQ,134399,54736,40.73
20,676,DATAPATTNS,EQ,544790,239012,43.87
20,677,DAVANGERE,EQ,69445907,33457195,48.18
20,678,DBCORP,EQ,282695,163112,57.70
20,679,DBL,EQ,318410,144332,45.33
20,680,DBOL,EQ,118316,63860,53.97
20,681,DBREALTY,EQ,4785330,1863786,38.95
20,682,DBSTOCKBRO,EQ,19204,11461,59.68
20,683,DCAL,EQ,582738,289874,49.74
20,684,DCBBANK,EQ,1234386,673989,54.60
20,685,DCG,SM,391200,258000,65.95
20,686,DCM,EQ,2087001,641073,30.72
20,687,DCMNVL,EQ,367424,164306,44.72
20,688,DCMSHRIRAM,EQ,44491,25615,57.57
20,689,DCMSRIND,EQ,129269,60934,47.14
20,690,DCW,EQ,954867,446027,46.71
20,691,DCXINDIA,EQ,8122545,2976051,36.64
20,692,DECCANCE,EQ,22144,11582,52.30
20,693,DEEDEV,EQ,1896078,551813,29.10
20,694,DEEM,SM,22000,15000,68.18
20,695,DEEPAKFERT,EQ,4740250,1459223,30.78
20,696,DEEPAKNTR,EQ,496918,124746,25.10
20,697,DEEPENR,EQ,19981,15263,76.39
20,698,DEEPINDS,EQ,105193,60287,57.31
20,699,DELAPLEX,SM,203400,146400,71.98
20,700,DELHIVERY,EQ,1147716,829035,72.23
20,701,DELTACORP,EQ,1022747,505325,49.41
20,702,DELTAMAGNT,EQ,19104,13082,68.48
20,703,DEN,EQ,2589223,866675,33.47
20,704,DENEERS,SM,12000,7200,60.00
20,705,DENORA,EQ,113581,32028,28.20
20,706,DENTALKART,SM,17500,11000,62.86
20,707,DESTINY,ST,9000,9000,100.00
20,708,DEVIT,EQ,108316,68849,63.56
20,709,DEVYANI,EQ,1620214,1186545,73.23
20,710,DHAMPURSUG,EQ,426656,187849,44.03
20,711,DHANBANK,EQ,934415,621337,66.49
20,712,DHANI,EQ,13762583,5041787,36.63
20,713,DHANUKA,EQ,20635,8576,41.56
20,714,DHARMAJ,EQ,2787071,686868,24.64
20,715,DHTL,SM,1600,1600,100.00
20,716,DHUNINV,EQ,3109,1903,61.21
20,717,DIAMINESQ,EQ,602486,159829,26.53
20,718,DIAMONDYD,EQ,12766,7012,54.93
20,719,DICIND,EQ,18103,8089,44.68
20,720,DIGIKORE,SM,137800,78200,56.75
20,721,DIGISPICE,EQ,1887048,818651,43.38
20,722,DIL,EQ,613507,331712,54.07
20,723,DISHTV,EQ,9748235,3190510,32.73
20,724,DIVGIITTS,EQ,135847,109405,80.54
20,725,DIVISLAB,EQ,573402,437428,76.29
20,726,DIVOPPBEES,EQ,94532,78744,83.30
20,727,DIXON,EQ,496849,130526,26.27
20,728,DKEGL,SM,6000,4500,75.00
20,729,DLF,EQ,1939722,892182,46.00
20,730,DLINKINDIA,EQ,9988912,1172411,11.74
20,731,DMART,EQ,799111,508252,63.60
20,732,DMCC,EQ,20615,11132,54.00
20,733,DNAMEDIA,EQ,24845,24845,100.00
20,734,DODLA,EQ,119581,83495,69.82
20,735,DOLATALGO,EQ,669440,339919,50.78
20,736,DOLLAR,EQ,112300,50815,45.25
20,737,DOLLEX,SM,24000,24000,100.00
20,738,DOMS,EQ,70561,26013,36.87
20,739,DONEAR,EQ,266293,108944,40.91
20,740,DPABHUSHAN,EQ,14565,6872,47.18
20,741,DPEL,ST,75000,75000,100.00
20,742,DPSCLTD,EQ,885847,577011,65.14
20,743,DPWIRES,EQ,71075,37150,52.27
20,744,DREAMFOLKS,EQ,199426,146823,73.62
20,745,DREDGECORP,EQ,259346,147057,56.70
20,746,DRONE,SM,38000,38000,100.00
20,747,DRREDDY,EQ,582640,269144,46.19
20,748,DRSDILIP,SM,800,800,100.00
20,749,DSSL,EQ,91436,48889,53.47
20,750,DTIL,EQ,6120,3578,58.46
20,751,DTL,ST,924000,924000,100.00
20,752,DUCOL,SM,26400,18400,69.70
20,753,DUGLOBAL,SM,230000,22500,9.78
20,754,DURLAX,ST,734000,658000,89.65
20,755,DVL,EQ,41466,20935,50.49
20,756,DWARKESH,EQ,1785523,625490,35.03
20,757,DYCL,EQ,94693,44936,47.45
20,758,DYNAMATECH,EQ,4929,2724,55.26
20,759,DYNAMIC,SM,144000,90000,62.50
20,760,DYNPRO,EQ,93740,33836,36.10
20,761,EASEMYTRIP,EQ,9581917,4581219,47.81
20,762,EBBETF0425,EQ,19327,12678,65.60
20,763,EBBETF0430,EQ,10057,8786,87.36
20,764,EBBETF0431,EQ,16515,14751,89.32
20,765,EBBETF0433,EQ,2227,1957,87.88
20,766,ECLERX,EQ,160251,94516,58.98
20,767,EDELWEISS,EQ,1816386,923530,50.84
20,768,EFACTOR,SM,53600,40800,76.12
20,769,EFORCE,SM,74400,51600,69.35
20,770,EGOLD,EQ,430,231,53.72
20,771,EICHERMOT,EQ,257361,114884,44.64
20,772,EIDPARRY,EQ,293142,149419,50.97
20,773,EIFFL,EQ,35994,14111,39.20
20,774,EIHAHOTELS,EQ,42865,20155,47.02
20,775,EIHOTEL,EQ,630116,381610,60.56
20,776,EKC,EQ,531194,256110,48.21
20,777,ELDEHSG,EQ,1184,621,52.45
20,778,ELECON,EQ,267803,146875,54.84
20,779,ELECTCAST,EQ,1684465,940435,55.83
20,780,ELGIEQUIP,EQ,193994,72371,37.31
20,781,ELIN,EQ,264618,103093,38.96
20,782,EMAMILTD,EQ,2317705,890326,38.41
20,783,EMAMIPAP,EQ,1671047,599625,35.88
20,784,EMAMIREAL,EQ,28367,17951,63.28
20,785,EMBASSY,RR,741070,540891,72.99
20,786,EMIL,EQ,248964,113506,45.59
20,787,EMKAYTOOLS,SM,300,300,100.00
20,788,EMMBI,EQ,127113,61774,48.60
20,789,EMMIL,SM,102000,66000,64.71
20,790,EMSLIMITED,EQ,704129,371611,52.78
20,791,EMUDHRA,EQ,145521,74458,51.17
20,792,ENDURANCE,EQ,106363,56270,52.90
20,793,ENERGYDEV,EQ,100405,66039,65.77
20,794,ENFUSE,SM,478800,302400,63.16
20,795,ENGINERSIN,EQ,7784039,3181061,40.87
20,796,ENIL,EQ,224119,107742,48.07
20,797,ENSER,SM,38000,22000,57.89
20,798,ENTERO,EQ,254981,125926,49.39
20,799,EPACK,EQ,925151,559488,60.48
20,800,EPIGRAL,EQ,320471,122917,38.36
20,801,EPL,EQ,9491926,4028779,42.44
20,802,EQUAL50ADD,EQ,8527,5469,64.14
20,803,EQUITASBNK,EQ,3004498,1870396,62.25
20,804,ERIS,EQ,65021,40050,61.60
20,805,EROSMEDIA,EQ,718022,443625,61.78
20,806,ESABINDIA,EQ,4324,2330,53.89
20,807,ESAFSFB,EQ,1105974,759013,68.63
20,808,ESCONET,SM,8800,8800,100.00
20,809,ESCORTS,EQ,170812,81624,47.79
20,810,ESFL,SM,37200,29400,79.03
20,811,ESG,EQ,44981,42550,94.60
20,812,ESILVER,EQ,27120,26660,98.30
20,813,ESSARSHPNG,EQ,610085,274538,45.00
20,814,ESTER,EQ,1282214,414599,32.33
20,815,ETHOSLTD,EQ,27341,14468,52.92
20,816,EUROBOND,SM,6000,5000,83.33
20,817,EUROTEXIND,EQ,5293,4500,85.02
20,818,EVEREADY,EQ,235921,133459,56.57
20,819,EVERESTIND,EQ,7572,4069,53.74
20,820,EXCELINDUS,EQ,24119,14399,59.70
20,821,EXICOM,EQ,1344810,580080,43.13
20,822,EXIDEIND,EQ,4377676,2001042,45.71
20,823,EXPLEOSOL,EQ,17016,6876,40.41
20,824,EXXARO,EQ,64764,38876,60.03
20,825,FACT,EQ,951076,203826,21.43
20,826,FAIRCHEMOR,EQ,186890,59262,31.71
20,827,FALCONTECH,ST,69600,68400,98.28
20,828,FAZE3Q,EQ,77663,40307,51.90
20,829,FCL,EQ,317236,158434,49.94
20,830,FCSSOFT,EQ,11248051,6200637,55.13
20,831,FDC,EQ,2897923,568837,19.63
20,832,FEDERALBNK,EQ,36051344,9408345,26.10
20,833,FEDFINA,EQ,462921,285323,61.64
20,834,FELIX,SM,107000,59000,55.14
20,835,FIBERWEB,EQ,169955,92486,54.42
20,836,FIDEL,SM,8000,4000,50.00
20,837,FIEMIND,EQ,824615,547192,66.36
20,838,FILATEX,EQ,1272248,440222,34.60
20,839,FILATFASH,EQ,13083249,5831256,44.57
20,840,FINCABLES,EQ,114065,51987,45.58
20,841,FINEORG,EQ,43619,20748,47.57
20,842,FINIETF,EQ,213839,151902,71.04
20,843,FINOPB,EQ,235918,142177,60.27
20,844,FINPIPE,EQ,774082,281191,36.33
20,845,FIVESTAR,EQ,180109,103594,57.52
20,846,FLAIR,EQ,357372,189345,52.98
20,847,FLUOROCHEM,EQ,39777,24089,60.56
20,848,FMCGIETF,EQ,303485,214449,70.66
20,849,FMGOETZE,EQ,179773,112726,62.70
20,850,FMNL,EQ,86630,57154,65.97
20,851,FOCE,SM,200,200,100.00
20,852,FOCUS,EQ,421203,235602,55.94
20,853,FONEBOX,SM,157000,127000,80.89
20,854,FOODSIN,EQ,162591,90003,55.36
20,855,FORCEMOT,EQ,37862,21404,56.53
20,856,FORTIS,EQ,3773074,2694888,71.42
20,857,FOSECOIND,EQ,3447,2205,63.97
20,858,FROG,SM,298800,134400,44.98
20,859,FSL,EQ,4027880,1769132,43.92
20,860,FUSION,EQ,198440,131895,66.47
20,861,GABRIEL,EQ,309805,131298,42.38
20,862,GAEL,EQ,843470,467348,55.41
20,863,GAIL,EQ,11406984,5118902,44.88
20,864,GALAXYSURF,EQ,15110,7857,52.00
20,865,GANDHAR,EQ,372359,163692,43.96
20,866,GANDHITUBE,EQ,5057,2851,56.38
20,867,GANECOS,EQ,25576,12885,50.38
20,868,GANESHBE,EQ,104917,61145,58.28
20,869,GANESHHOUC,EQ,113716,57506,50.57
20,870,GANGESSECU,EQ,21722,13597,62.60
20,871,GARFIBRES,EQ,11437,5111,44.69
20,872,GATEWAY,EQ,526101,288158,54.77
20,873,GEECEE,EQ,33926,21499,63.37
20,874,GEEKAYWIRE,EQ,102335,50433,49.28
20,875,GENCON,EQ,77343,53649,69.37
20,876,GENESYS,EQ,232786,128783,55.32
20,877,GENSOL,EQ,101869,63766,62.60
20,878,GENUSPAPER,EQ,1960823,745523,38.02
20,879,GENUSPOWER,EQ,1290960,843952,65.37
20,880,GEOJITFSL,EQ,935320,331916,35.49
20,881,GEPIL,EQ,440643,181209,41.12
20,882,GESHIP,EQ,528118,224311,42.47
20,883,GFLLIMITED,EQ,79171,45206,57.10
20,884,GHCL,EQ,415565,191791,46.15
20,885,GHCLTEXTIL,EQ,264320,168826,63.87
20,886,GICHSGFIN,EQ,919523,452889,49.25
20,887,GICL,SM,171000,72000,42.11
20,888,GICRE,EQ,816057,290277,35.57
20,889,GILLANDERS,EQ,31648,18881,59.66
20,890,GILLETTE,EQ,14110,9506,67.37
20,891,GILT5YBEES,EQ,477954,450272,94.21
20,892,GINNIFILA,EQ,160652,107573,66.96
20,893,GIPCL,EQ,277449,161581,58.24
20,894,GIRIRAJ,ST,7000,6750,96.43
20,895,GLAND,EQ,47439,28563,60.21
20,896,GLAXO,EQ,85649,41829,48.84
20,897,GLENMARK,EQ,1403050,462077,32.93
20,898,GLOBALPET,SM,9000,6000,66.67
20,899,GLOBE,EQ,3388563,2253662,66.51
20,900,GLOBUSSPR,EQ,835888,265293,31.74
20,901,GLOSTERLTD,EQ,5623,4081,72.58
20,902,GLS,EQ,584555,131484,22.49
20,903,GMBREW,EQ,7521834,596240,7.93
20,904,GMDCLTD,EQ,906715,376321,41.50
20,905,GMMPFAUDLR,EQ,96411,63337,65.69
20,906,GMRINFRA,EQ,11316517,5039846,44.54
20,907,GMRP&UI,EQ,1980308,1308664,66.08
20,908,GNA,EQ,406887,208573,51.26
20,909,GNFC,EQ,1938160,725926,37.45
20,910,GOACARBON,EQ,27488,11063,40.25
20,911,GOCLCORP,EQ,59566,28402,47.68
20,912,GOCOLORS,EQ,24723,13060,52.83
20,913,GODFRYPHLP,EQ,48860,20876,42.73
20,914,GODHA,EQ,4601118,4601118,100.00
20,915,GODIGIT,EQ,202987,116156,57.22
20,916,GODREJAGRO,EQ,736753,221563,30.07
20,917,GODREJCP,EQ,490580,235234,47.95
20,918,GODREJIND,EQ,339037,193316,57.02
20,919,GODREJPROP,EQ,720706,334325,46.39
20,920,GOKEX,EQ,70880,38057,53.69
20,921,GOKULAGRO,EQ,239633,125632,52.43
20,922,GOLD1,EQ,276705,224296,81.06
20,923,GOLDBEES,EQ,5302647,3733780,70.41
20,924,GOLDCASE,EQ,270253,235979,87.32
20,925,GOLDETF,EQ,36197,30854,85.24
20,926,GOLDETFADD,EQ,154199,152903,99.16
20,927,GOLDIAM,EQ,229167,132841,57.97
20,928,GOLDIETF,EQ,472181,423097,89.60
20,929,GOLDSHARE,EQ,105519,92105,87.29
20,930,GOLDSTAR,SM,157500,101250,64.29
20,931,GOLDTECH,EQ,42707,25135,58.85
20,932,GOODLUCK,EQ,129035,82396,63.86
20,933,GOPAL,EQ,172864,108944,63.02
20,934,GOYALSALT,SM,42000,32400,77.14
20,935,GPECO,ST,246000,208800,84.88
20,936,GPIL,EQ,184929,73650,39.83
20,937,GPPL,EQ,36549938,9614167,26.30
20,938,GPTHEALTH,EQ,602657,339226,56.29
20,939,GRANULES,EQ,3198966,617415,19.30
20,940,GRAPHISAD,SM,24000,21600,90.00
20,941,GRAPHITE,EQ,601044,239231,39.80
20,942,GRASIM,EQ,537119,306672,57.10
20,943,GRAVITA,EQ,109655,52743,48.10
20,944,GRCL,SM,2000,2000,100.00
20,945,GREAVESCOT,EQ,6729455,3110094,46.22
20,946,GREENCHEF,SM,30400,24000,78.95
20,947,GREENLAM,EQ,13048,6289,48.20
20,948,GREENPANEL,EQ,164161,93101,56.71
20,949,GREENPLY,EQ,276257,149234,54.02
20,950,GREENPOWER,EQ,8650222,5192421,60.03
20,951,GRINDWELL,EQ,35458,18361,51.78
20,952,GRINFRA,EQ,201422,76630,38.04
20,953,GRMOVER,EQ,421875,235170,55.74
20,954,GROBTEA,EQ,443,308,69.53
20,955,GRPLTD,EQ,6449,4177,64.77
20,956,GRSE,EQ,5490800,1398539,25.47
20,957,GRWRHITECH,EQ,185072,102842,55.57
20,958,GSEC10IETF,EQ,106,59,55.66
20,959,GSEC10YEAR,EQ,50637,47974,94.74
20,960,GSEC5IETF,EQ,17030,16500,96.89
20,961,GSFC,EQ,3414059,1067509,31.27
20,962,GSLSU,EQ,131732,78637,59.69
20,963,GSMFOILS,ST,124000,120000,96.77
20,964,GSPL,EQ,1145935,701983,61.26
20,965,GSTL,SM,8000,6000,75.00
20,966,GTLINFRA,EQ,120703688,86950119,72.04
20,967,GTPL,EQ,45225,23342,51.61
20,968,GUFICBIO,EQ,88589,56196,63.43
20,969,GUJALKALI,EQ,56596,28500,50.36
20,970,GUJAPOLLO,EQ,13939,8483,60.86
20,971,GUJGASLTD,EQ,1332320,294910,22.14
20,972,GUJRAFFIA,EQ,5689,3852,67.71
20,973,GULFOILLUB,EQ,397173,119686,30.13
20,974,GULFPETRO,EQ,1483615,737107,49.68
20,975,GULPOLY,EQ,99113,64372,64.95
20,976,GVKPIL,EQ,2145423,1618245,75.43
20,977,GVPTECH,EQ,135819,97690,71.93
20,978,HAL,EQ,2852572,1306064,45.79
20,979,HAPPSTMNDS,EQ,476253,289063,60.70
20,980,HAPPYFORGE,EQ,54474,37255,68.39
20,981,HARDWYN,EQ,97023,50145,51.68
20,982,HARIOMPIPE,EQ,77631,40526,52.20
20,983,HARRMALAYA,EQ,136647,76187,55.75
20,984,HARSHA,EQ,860454,260023,30.22
20,985,HATHWAY,EQ,12232452,4584755,37.48
20,986,HATSUN,EQ,27049,10944,40.46
20,987,HAVELLS,EQ,1890144,933876,49.41
20,988,HAVISHA,EQ,301735,152891,50.67
20,989,HBLPOWER,EQ,3315097,1676438,50.57
20,990,HBSL,EQ,23219,8473,36.49
20,991,HCC,EQ,23224061,8509585,36.64
20,992,HCG,EQ,312189,224842,72.02
20,993,HCLTECH,EQ,2070876,1259426,60.82
20,994,HDFCAMC,EQ,477798,154620,32.36
20,995,HDFCBANK,EQ,61608901,38698242,62.81
20,996,HDFCBSE500,EQ,28840,24144,83.72
20,997,HDFCGOLD,EQ,910879,735339,80.73
20,998,HDFCGROWTH,EQ,9201,7162,77.84
20,999,HDFCLIFE,EQ,2134587,933650,43.74
20,1000,HDFCLIQUID,EQ,665,370,55.64
20,1001,HDFCLOWVOL,EQ,17759,15877,89.40
20,1002,HDFCMID150,EQ,202566,136906,67.59
20,1003,HDFCMOMENT,EQ,191039,124753,65.30
20,1004,HDFCNEXT50,EQ,35666,26333,73.83
20,1005,HDFCNIF100,EQ,47769,30936,64.76
20,1006,HDFCNIFBAN,EQ,83054,56014,67.44
20,1007,HDFCNIFIT,EQ,50370,41194,81.78
20,1008,HDFCNIFTY,EQ,36327,30742,84.63
20,1009,HDFCPSUBK,EQ,596167,465139,78.02
20,1010,HDFCPVTBAN,EQ,289250,264825,91.56
20,1011,HDFCQUAL,EQ,13741,7212,52.49
20,1012,HDFCSENSEX,EQ,20179,17719,87.81
20,1013,HDFCSILVER,EQ,546807,394883,72.22
20,1014,HDFCSML250,EQ,416950,257527,61.76
20,1015,HDFCVALUE,EQ,8650,7178,82.98
20,1016,HEALTHADD,EQ,2315,2303,99.48
20,1017,HEALTHIETF,EQ,52635,22619,42.97
20,1018,HEALTHY,EQ,334344,287024,85.85
20,1019,HEG,EQ,125588,50390,40.12
20,1020,HEIDELBERG,EQ,300837,164872,54.80
20,1021,HEMIPROP,EQ,872575,412814,47.31
20,1022,HERANBA,EQ,165126,96631,58.52
20,1023,HERCULES,EQ,79310,33169,41.82
20,1024,HERITGFOOD,EQ,688038,282615,41.08
20,1025,HEROMOTOCO,EQ,329072,164473,49.98
20,1026,HESTERBIO,EQ,9907,4758,48.03
20,1027,HEUBACHIND,EQ,40584,22400,55.19
20,1028,HEXATRADEX,EQ,136827,70686,51.66
20,1029,HFCL,EQ,37446162,13085337,34.94
20,1030,HGINFRA,EQ,69425,33377,48.08
20,1031,HGS,EQ,22727,13860,60.98
20,1032,HIGREEN,SM,40000,32000,80.00
20,1033,HIKAL,EQ,308526,166043,53.82
20,1034,HIL,EQ,9365,5755,61.45
20,1035,HILTON,EQ,2602445,954525,36.68
20,1036,HIMATSEIDE,EQ,246796,114367,46.34
20,1037,HINDALCO,EQ,5875690,3004555,51.14
20,1038,HINDCOMPOS,EQ,54689,9124,16.68
20,1039,HINDCOPPER,EQ,8561995,2647897,30.93
20,1040,HINDMOTORS,EQ,857884,591969,69.00
20,1041,HINDOILEXP,EQ,7694653,2956118,38.42
20,1042,HINDPETRO,EQ,4393135,2022593,46.04
20,1043,HINDUNILVR,EQ,1406405,812287,57.76
20,1044,HINDWAREAP,EQ,506902,241732,47.69
20,1045,HINDZINC,EQ,1488309,630931,42.39
20,1046,HIRECT,EQ,16956,11550,68.12
20,1047,HISARMETAL,EQ,6896,4735,68.66
20,1048,HITECH,EQ,614169,364412,59.33
20,1049,HITECHCORP,EQ,39055,16762,42.92
20,1050,HLEGLAS,EQ,126932,69851,55.03
20,1051,HMAAGRO,EQ,270703,147565,54.51
20,1052,HMVL,EQ,56814,32587,57.36
20,1053,HNDFDS,EQ,67543,38072,56.37
20,1054,HNGSNGBEES,EQ,55043,42476,77.17
20,1055,HOACFOODS,SM,21000,18000,85.71
20,1056,HOLMARC,SM,13500,9000,66.67
20,1057,HOMEFIRST,EQ,227910,83751,36.75
20,1058,HOMESFY,ST,3000,2700,90.00
20,1059,HONASA,EQ,361653,295340,81.66
20,1060,HONAUT,EQ,6928,3954,57.07
20,1061,HONDAPOWER,EQ,5992,3976,66.36
20,1062,HPAL,EQ,212298,127069,59.85
20,1063,HPIL,EQ,18357,10149,55.29
20,1064,HPL,EQ,547223,205555,37.56
20,1065,HRHNEXT,SM,21000,21000,100.00
20,1066,HSCL,EQ,1312309,654069,49.84
20,1067,HTMEDIA,EQ,973741,449091,46.12
20,1068,HUDCO,EQ,73328474,19776904,26.97
20,1069,HUHTAMAKI,EQ,351020,170535,48.58
20,1070,HYBRIDFIN,EQ,21304,15712,73.75
20,1071,IBHF24,ZD,10,10,100.00
20,1072,IBHF25B,BI,33,33,100.00
20,1073,IBLFL,SM,30000,24000,80.00
20,1074,IBREALEST,EQ,12846919,4748425,36.96
20,1075,IBULHSGFIN,EQ,6145478,2291845,37.29
20,1076,IBULPP,E1,2146871,1373860,63.99
20,1077,ICEMAKE,EQ,19860,11365,57.23
20,1078,ICICIB22,EQ,1764421,1348906,76.45
20,1079,ICICIBANK,EQ,22330897,6091710,27.28
20,1080,ICICIGI,EQ,1447840,954378,65.92
20,1081,ICICIPRULI,EQ,2493092,809719,32.48
20,1082,ICIL,EQ,369338,172138,46.61
20,1083,ICRA,EQ,3990,1541,38.62
20,1084,IDBI,EQ,3298544,1401898,42.50
20,1085,IDEA,EQ,860849573,215476640,25.03
20,1086,IDEAFORGE,EQ,1620706,537273,33.15
20,1087,IDFC,EQ,6495916,2807827,43.22
20,1088,IDFCFIRSTB,EQ,75104560,21960132,29.24
20,1089,IDFNIFTYET,EQ,2283,1749,76.61
20,1090,IEL,EQ,588713,497042,84.43
20,1091,IEML,SM,81000,62000,76.54
20,1092,IEX,EQ,15575143,4843889,31.10
20,1093,IFBAGRO,EQ,19379,14505,74.85
20,1094,IFBIND,EQ,30770,17835,57.96
20,1095,IFCI,EQ,11867481,3727546,31.41
20,1096,IFGLEXPOR,EQ,23133,10146,43.86
20,1097,IGARASHI,EQ,55078,26224,47.61
20,1098,IGL,EQ,1165392,376953,32.35
20,1099,IGPL,EQ,139190,66416,47.72
20,1100,IIFL,EQ,3723212,830737,22.31
20,1101,IIFLSEC,EQ,2109696,929218,44.05
20,1102,IIFLZC25B,NW,91,91,100.00
20,1103,IIFLZC26,NN,50,50,100.00
20,1104,IIFLZC26B,NY,25,25,100.00
20,1105,IIFLZC28,NG,21,21,100.00
20,1106,IIFLZC28A,NU,10,10,100.00
20,1107,IITL,EQ,22618,16619,73.48
20,1108,IKIO,EQ,134044,70852,52.86
20,1109,IMAGICAA,EQ,1098266,510114,46.45
20,1110,IMC1,N0,127,117,92.13
20,1111,IMC1,N1,71,71,100.00
20,1112,IMC1,N2,48,48,100.00
20,1113,IMC1,N3,25,25,100.00
20,1114,IMFA,EQ,60799,43327,71.26
20,1115,IMPAL,EQ,4849,2084,42.98
20,1116,INCREDIBLE,EQ,23855,9972,41.80
20,1117,INDBANK,EQ,342562,172658,50.40
20,1118,INDGN,EQ,384476,278485,72.43
20,1119,INDHOTEL,EQ,3344910,1998673,59.75
20,1120,INDIACEM,EQ,4268704,1284320,30.09
20,1121,INDIAGLYCO,EQ,63510,34300,54.01
20,1122,INDIAMART,EQ,283319,96642,34.11
20,1123,INDIANB,EQ,836258,463059,55.37
20,1124,INDIANCARD,EQ,6975,3966,56.86
20,1125,INDIANHUME,EQ,99608,41364,41.53
20,1126,INDIASHLTR,EQ,106897,59290,55.46
20,1127,INDIGO,EQ,598290,378044,63.19
20,1128,INDIGOPNTS,EQ,40082,19161,47.80
20,1129,INDIGRID,IV,337623,299044,88.57
20,1130,INDNIPPON,EQ,18476,9128,49.40
20,1131,INDOAMIN,EQ,187778,82957,44.18
20,1132,INDOBORAX,EQ,1024069,382296,37.33
20,1133,INDOCO,EQ,224996,110009,48.89
20,1134,INDORAMA,EQ,222574,121984,54.81
20,1135,INDOSTAR,EQ,73292,41287,56.33
20,1136,INDOTHAI,EQ,4990,3165,63.43
20,1137,INDOWIND,EQ,2326725,1188276,51.07
20,1138,INDRAMEDCO,EQ,85936,53961,62.79
20,1139,INDSWFTLAB,EQ,389527,171518,44.03
20,1140,INDTERRAIN,EQ,168862,97478,57.73
20,1141,INDUSINDBK,EQ,5907225,2240472,37.93
20,1142,INDUSTOWER,EQ,20902391,9048600,43.29
20,1143,INFIBEAM,EQ,9139185,4502857,49.27
20,1144,INFINIUM,SM,18500,8000,43.24
20,1145,INFOBEAN,EQ,26185,15924,60.81
20,1146,INFOLLION,SM,948800,263200,27.74
20,1147,INFRABEES,EQ,16031,9833,61.34
20,1148,INFRAIETF,EQ,116866,72521,62.05
20,1149,INFY,EQ,7269965,5108087,70.26
20,1150,INGERRAND,EQ,5541,2604,47.00
20,1151,INM,SM,5400,4800,88.89
20,1152,INNOVACAP,EQ,84781,39304,46.36
20,1153,INNOVANA,SM,1200,1000,83.33
20,1154,INOXGREEN,EQ,2452339,1225191,49.96
20,1155,INOXINDIA,EQ,879447,322057,36.62
20,1156,INOXWIND,EQ,3969625,2176382,54.83
20,1157,INSECTICID,EQ,74215,39079,52.66
20,1158,INSPIRE,SM,26000,24000,92.31
20,1159,INTELLECT,EQ,173001,82153,47.49
20,1160,INTENTECH,EQ,213951,104028,48.62
20,1161,INTLCONV,EQ,117385,65864,56.11
20,1162,INVENTURE,EQ,6786447,3738486,55.09
20,1163,IOB,EQ,5217717,1734591,33.24
20,1164,IOC,EQ,20184032,12190407,60.40
20,1165,IOLCP,EQ,585594,231657,39.56
20,1166,IONEXCHANG,EQ,712043,289473,40.65
20,1167,IPCALAB,EQ,950710,352067,37.03
20,1168,IPL,EQ,371295,188249,50.70
20,1169,IPSL,SM,2000,2000,100.00
20,1170,IRB,EQ,29738133,13420911,45.13
20,1171,IRBINVIT,IV,308686,286288,92.74
20,1172,IRCON,EQ,6450234,2502363,38.79
20,1173,IRCTC,EQ,1904860,1140100,59.85
20,1174,IREDA,EQ,159681424,37100197,23.23
20,1175,IRFC,EQ,34748569,15568337,44.80
20,1176,IRISDOREME,EQ,856310,140144,16.37
20,1177,IRMENERGY,EQ,96679,60598,62.68
20,1178,ISEC,EQ,530145,340946,64.31
20,1179,ISFT,EQ,40496,26100,64.45
20,1180,ISGEC,EQ,140966,86831,61.60
20,1181,ISHAN,SM,96000,96000,100.00
20,1182,ISMTLTD,EQ,1500005,747241,49.82
20,1183,IT,EQ,162177,135612,83.62
20,1184,ITALIANE,SM,8000,8000,100.00
20,1185,ITBEES,EQ,9617122,6503056,67.62
20,1186,ITC,EQ,7159756,4500953,62.86
20,1187,ITDC,EQ,679273,167062,24.59
20,1188,ITDCEM,EQ,966426,483340,50.01
20,1189,ITETF,EQ,104504,84696,81.05
20,1190,ITETFADD,EQ,34273,32192,93.93
20,1191,ITI,EQ,1711378,401967,23.49
20,1192,ITIETF,EQ,948909,546730,57.62
20,1193,IVC,EQ,817827,444962,54.41
20,1194,IVP,EQ,10457,6104,58.37
20,1195,IVZINGOLD,EQ,16,11,68.75
20,1196,IVZINNIFTY,EQ,2,2,100.00
20,1197,IWEL,EQ,6522,5584,85.62
20,1198,IXIGO,EQ,1259854,511993,40.64
20,1199,IZMO,EQ,621676,215788,34.71
20,1200,JAGRAN,EQ,232097,141391,60.92
20,1201,JAGSNPHARM,EQ,28284,21046,74.41
20,1202,JAICORPLTD,EQ,1640112,650869,39.68
20,1203,JAINAM,SM,69000,66000,95.65
20,1204,JALAN,SM,42000,36000,85.71
20,1205,JAMNAAUTO,EQ,1062418,601416,56.61
20,1206,JASH,EQ,24376,13250,54.36
20,1207,JAYAGROGN,EQ,39328,22462,57.11
20,1208,JAYBARMARU,EQ,98669,52096,52.80
20,1209,JAYNECOIND,EQ,266935,146799,54.99
20,1210,JAYSREETEA,EQ,208242,119964,57.61
20,1211,JBCHEPHARM,EQ,76254,27591,36.18
20,1212,JBMA,EQ,184122,71581,38.88
20,1213,JCHAC,EQ,32870,18791,57.17
20,1214,JETFREIGHT,EQ,354536,250350,70.61
20,1215,JFLLIFE,SM,6000,6000,100.00
20,1216,JGCHEM,EQ,438542,205310,46.82
20,1217,JINDALPHOT,EQ,36422,17177,47.16
20,1218,JINDALPOLY,EQ,521210,206174,39.56
20,1219,JINDALSAW,EQ,687697,349567,50.83
20,1220,JINDALSTEL,EQ,1580996,994450,62.90
20,1221,JINDRILL,EQ,53283,26244,49.25
20,1222,JINDWORLD,EQ,92725,72646,78.35
20,1223,JIOFIN,EQ,12102104,7217272,59.64
20,1224,JISLDVREQS,EQ,166730,77931,46.74
20,1225,JISLJALEQS,EQ,10792791,5627940,52.15
20,1226,JITFINFRA,EQ,58607,46041,78.56
20,1227,JIWANRAM,SM,24000,24000,100.00
20,1228,J&KBANK,EQ,4169012,2528408,60.65
20,1229,JKCEMENT,EQ,69011,26035,37.73
20,1230,JKIL,EQ,907702,285344,31.44
20,1231,JKLAKSHMI,EQ,196302,114107,58.13
20,1232,JKPAPER,EQ,5300225,860914,16.24
20,1233,JKTYRE,EQ,2242257,925310,41.27
20,1234,JLHL,EQ,35672,20511,57.50
20,1235,JMA,EQ,18833,12300,65.31
20,1236,JMFINANCIL,EQ,1955157,934114,47.78
20,1237,JNKINDIA,EQ,85337,52714,61.77
20,1238,JOCIL,EQ,14310,9591,67.02
20,1239,JPOLYINVST,EQ,34666,10172,29.34
20,1240,JPPOWER,EQ,20121991,13128916,65.25
20,1241,JSFB,EQ,162267,75981,46.82
20,1242,JSL,EQ,785117,574492,73.17
20,1243,JSLL,ST,19080,18540,97.17
20,1244,JSWENERGY,EQ,1748858,725226,41.47
20,1245,JSWHL,EQ,6639,2686,40.46
20,1246,JSWINFRA,EQ,3239958,1948355,60.14
20,1247,JSWSTEEL,EQ,1369238,727300,53.12
20,1248,JTEKTINDIA,EQ,509216,197716,38.83
20,1249,JTLIND,EQ,506374,262348,51.81
20,1250,JUBLFOOD,EQ,1053146,360303,34.21
20,1251,JUBLINDS,EQ,9186,5448,59.31
20,1252,JUBLINGREA,EQ,228052,122324,53.64
20,1253,JUBLPHARMA,EQ,139829,76553,54.75
20,1254,JUNIORBEES,EQ,211149,126346,59.84
20,1255,JUNIPER,EQ,118333,76639,64.77
20,1256,JUSTDIAL,EQ,173422,70544,40.68
20,1257,JWL,EQ,1613216,758566,47.02
20,1258,JYOTHYLAB,EQ,2392236,543725,22.73
20,1259,JYOTICNC,EQ,193693,137830,71.16
20,1260,K2INFRA,SM,612000,298800,48.82
20,1261,KABRAEXTRU,EQ,68527,40042,58.43
20,1262,KAJARIACER,EQ,147609,89411,60.57
20,1263,KAKATCEM,EQ,118486,55942,47.21
20,1264,KALAMANDIR,EQ,303243,161339,53.20
20,1265,KALYANKJIL,EQ,1082260,581909,53.77
20,1266,KAMATHOTEL,EQ,15664,10183,65.01
20,1267,KAMDHENU,EQ,446640,173377,38.82
20,1268,KAMOPAINTS,EQ,9631850,2370004,24.61
20,1269,KANANIIND,EQ,3536842,2640781,74.66
20,1270,KANORICHEM,EQ,46867,23687,50.54
20,1271,KANPRPLA,EQ,12128,6549,54.00
20,1272,KANSAINER,EQ,1112628,777715,69.90
20,1273,KARMAENG,EQ,34316,29363,85.57
20,1274,KARNIKA,SM,13200,10400,78.79
20,1275,KARURVYSYA,EQ,1098421,521019,47.43
20,1276,KAUSHALYA,EQ,3194,1565,49.00
20,1277,KAYA,EQ,42804,25491,59.55
20,1278,KAYNES,EQ,219028,80838,36.91
20,1279,KBCGLOBAL,EQ,43861114,18933677,43.17
20,1280,KCEIL,SM,29500,29500,100.00
20,1281,KCK,ST,18000,18000,100.00
20,1282,KCP,EQ,1218064,454007,37.27
20,1283,KCPSUGIND,EQ,569928,240012,42.11
20,1284,KDDL,EQ,19561,11098,56.74
20,1285,KDL,SM,35700,22700,63.59
20,1286,KEC,EQ,6040700,699412,11.58
20,1287,KECL,EQ,929841,430196,46.27
20,1288,KEI,EQ,249421,143167,57.40
20,1289,KEL,SM,3600,3600,100.00
20,1290,KELLTONTEC,EQ,529677,280700,52.99
20,1291,KERNEX,EQ,302184,111990,37.06
20,1292,KESORAMIND,EQ,349131,177808,50.93
20,1293,KFINTECH,EQ,679563,398172,58.59
20,1294,KHADIM,EQ,41635,17933,43.07
20,1295,KHAICHEM,EQ,3735282,911422,24.40
20,1296,KHAITANLTD,EQ,21751,8488,39.02
20,1297,KHANDSE,EQ,70014,5234,7.48
20,1298,KHFM,SM,34100,9300,27.27
20,1299,KICL,EQ,9954,4711,47.33
20,1300,KILITCH,EQ,5610,2686,47.88
20,1301,KIMS,EQ,26486,13234,49.97
20,1302,KINGFA,EQ,251209,65830,26.21
20,1303,KIOCL,EQ,297834,93651,31.44
20,1304,KIRIINDUS,EQ,144694,71743,49.58
20,1305,KIRLOSBROS,EQ,163511,65070,39.80
20,1306,KIRLOSENG,EQ,124618,74156,59.51
20,1307,KIRLOSIND,EQ,2129,952,44.72
20,1308,KIRLPNU,EQ,182330,104435,57.28
20,1309,KITEX,EQ,101961,56374,55.29
20,1310,KKCL,EQ,50118,28424,56.71
20,1311,KLL,SM,144000,83200,57.78
20,1312,KNAGRI,SM,160800,128000,79.60
20,1313,KNRCON,EQ,4418099,1440295,32.60
20,1314,KODYTECH,SM,5200,4700,90.38
20,1315,KOHINOOR,EQ,191984,119698,62.35
20,1316,KOKUYOCMLN,EQ,164187,82957,50.53
20,1317,KOLTEPATIL,EQ,98471,57224,58.11
20,1318,KONSTELEC,SM,116000,80000,68.97
20,1319,KONTOR,SM,25200,21600,85.71
20,1320,KOPRAN,EQ,166770,77960,46.75
20,1321,KORE,SM,169000,71500,42.31
20,1322,KOTAKBANK,EQ,8981003,3450869,38.42
20,1323,KOTARISUG,EQ,196925,86441,43.90
20,1324,KOTHARIPET,EQ,170173,87748,51.56
20,1325,KOTHARIPRO,EQ,24031,16822,70.00
20,1326,KOTYARK,SM,25700,16700,64.98
20,1327,KPIGREEN,EQ,258038,134747,52.22
20,1328,KPIL,EQ,1061244,665541,62.71
20,1329,KPITTECH,EQ,2052388,879486,42.85
20,1330,KPRMILL,EQ,106941,46056,43.07
20,1331,KRBL,EQ,2634907,1326563,50.35
20,1332,KREBSBIO,EQ,10065,6698,66.55
20,1333,KRISHANA,EQ,25988,12003,46.19
20,1334,KRISHCA,SM,476500,267000,56.03
20,1335,KRISHIVAL,SM,7500,7500,100.00
20,1336,KRISHNADEF,SM,216500,130000,60.05
20,1337,KRITI,EQ,43058,22846,53.06
20,1338,KRITIKA,EQ,1489062,1050041,70.52
20,1339,KRITINUT,EQ,42479,21285,50.11
20,1340,KRONOX,EQ,268521,151616,56.46
20,1341,KRSNAA,EQ,1336940,628667,47.02
20,1342,KRYSTAL,EQ,444491,216970,48.81
20,1343,KSB,EQ,60716,28934,47.65
20,1344,KSCL,EQ,92238,49415,53.57
20,1345,KSL,EQ,159771,73932,46.27
20,1346,KSOLVES,EQ,15717,8600,54.72
20,1347,KTKBANK,EQ,1361238,758462,55.72
20,1348,KTL,SM,507000,216000,42.60
20,1349,KUANTUM,EQ,725944,287825,39.65
20,1350,LAL,EQ,105636,64976,61.51
20,1351,LALPATHLAB,EQ,246004,145557,59.17
20,1352,LAMBODHARA,EQ,20683,14401,69.63
20,1353,LANCORHOL,EQ,585483,360050,61.50
20,1354,LANDMARK,EQ,36136,22971,63.57
20,1355,LAOPALA,EQ,130300,79444,60.97
20,1356,LASA,EQ,32889,22778,69.26
20,1357,LAURUSLABS,EQ,1964482,668822,34.05
20,1358,LAWSIKHO,SM,36500,23000,63.01
20,1359,LAXMICOT,EQ,49565,19375,39.09
20,1360,LAXMIMACH,EQ,6541,3899,59.61
20,1361,LEMERITE,SM,64000,35200,55.00
20,1362,LEMONTREE,EQ,1181347,438915,37.15
20,1363,LEXUS,EQ,322816,111366,34.50
20,1364,LFIC,EQ,13447,5746,42.73
20,1365,LGBBROSLTD,EQ,27125,14176,52.26
20,1366,LIBAS,EQ,103206,48831,47.31
20,1367,LIBERTSHOE,EQ,285876,133371,46.65
20,1368,LICHSGFIN,EQ,1670552,742095,44.42
20,1369,LICI,EQ,1128509,497614,44.09
20,1370,LICMFGOLD,EQ,129,99,76.74
20,1371,LICNETFGSC,EQ,118168,114771,97.13
20,1372,LICNETFN50,EQ,9979,8476,84.94
20,1373,LICNETFSEN,EQ,131,73,55.73
20,1374,LICNFNHGP,EQ,2706,636,23.50
20,1375,LICNMID100,EQ,8654,6312,72.94
20,1376,LIKHITHA,EQ,192175,72452,37.70
20,1377,LINC,EQ,13858,8084,58.33
20,1378,LINCOLN,EQ,440419,122374,27.79
20,1379,LINDEINDIA,EQ,75075,29679,39.53
20,1380,LIQUID,EQ,89817,62084,69.12
20,1381,LIQUID1,EQ,10440,10269,98.36
20,1382,LIQUIDADD,EQ,406457,396521,97.56
20,1383,LIQUIDBEES,EQ,4453767,4080614,91.62
20,1384,LIQUIDBETF,EQ,3322,862,25.95
20,1385,LIQUIDCASE,EQ,2331923,2148879,92.15
20,1386,LIQUIDETF,EQ,880643,797324,90.54
20,1387,LIQUIDIETF,EQ,913427,730594,79.98
20,1388,LIQUIDSBI,EQ,49298,45823,92.95
20,1389,LLOYDS,SM,29000,26000,89.66
20,1390,LLOYDSENGG,EQ,3527478,1922125,54.49
20,1391,LLOYDSME,EQ,1115312,547341,49.08
20,1392,LODHA,EQ,380036,201334,52.98
20,1393,LOTUSEYE,EQ,18824,14137,75.10
20,1394,LOVABLE,EQ,49017,32806,66.93
20,1395,LOWVOL,EQ,520,273,52.50
20,1396,LOWVOL1,EQ,430676,403634,93.72
20,1397,LOWVOLIETF,EQ,2907567,2620099,90.11
20,1398,LOYALTEX,EQ,4680,3061,65.41
20,1399,LPDC,EQ,125234,87738,70.06
20,1400,LRRPL,SM,87000,63000,72.41
20,1401,LT,EQ,1923801,1060812,55.14
20,1402,LTF,EQ,10137481,4765969,47.01
20,1403,LTFOODS,EQ,890687,415968,46.70
20,1404,LTGILTBEES,EQ,1665697,1600124,96.06
20,1405,LTIM,EQ,251028,123020,49.01
20,1406,LTTS,EQ,86838,36328,41.83
20,1407,LUMAXIND,EQ,6917,2687,38.85
20,1408,LUMAXTECH,EQ,243112,101447,41.73
20,1409,LUPIN,EQ,1236775,589730,47.68
20,1410,LUXIND,EQ,173648,90213,51.95
20,1411,LXCHEM,EQ,708429,305421,43.11
20,1412,LYKALABS,EQ,50704,35702,70.41
20,1413,LYPSAGEMS,EQ,187066,138867,74.23
20,1414,MAANALU,EQ,54447,28245,51.88
20,1415,MADHAVBAUG,SM,5600,5600,100.00
20,1416,MADHUSUDAN,SM,308000,193000,62.66
20,1417,MADRASFERT,EQ,1629416,304067,18.66
20,1418,MAFANG,EQ,1134967,941398,82.94
20,1419,MAGADSUGAR,EQ,20224,5478,27.09
20,1420,MAGNUM,EQ,230300,151215,65.66
20,1421,MAGSON,SM,14000,12000,85.71
20,1422,MAHABANK,EQ,6399450,2728873,42.64
20,1423,MAHAPEXLTD,EQ,35127,18774,53.45
20,1424,MAHASTEEL,EQ,19205,11044,57.51
20,1425,MAHESHWARI,EQ,44753,30051,67.15
20,1426,MAHKTECH,EQ,550974,421993,76.59
20,1427,MAHLIFE,EQ,174586,124232,71.16
20,1428,MAHLOG,EQ,165387,91522,55.34
20,1429,MAHSCOOTER,EQ,5377,3187,59.27
20,1430,MAHSEAMLES,EQ,1028338,847104,82.38
20,1431,MAITHANALL,EQ,154489,86822,56.20
20,1432,MAITREYA,SM,15200,11200,73.68
20,1433,MAKEINDIA,EQ,81976,64430,78.60
20,1434,MAKS,SM,13500,12000,88.89
20,1435,MAL,SM,17600,14400,81.82
20,1436,MALLCOM,EQ,35219,20552,58.35
20,1437,MANAKALUCO,EQ,77458,47469,61.28
20,1438,MANAKSIA,EQ,76597,37635,49.13
20,1439,MANALIPETC,EQ,863417,396588,45.93
20,1440,MANAPPURAM,EQ,3497993,1309546,37.44
20,1441,MANDEEP,SM,34000,24000,70.59
20,1442,MANGALAM,EQ,54102,32060,59.26
20,1443,MANGCHEFER,EQ,452226,186334,41.20
20,1444,MANGLMCEM,EQ,98717,57201,57.94
20,1445,MANINDS,EQ,598018,282108,47.17
20,1446,MANINFRA,EQ,502729,250811,49.89
20,1447,MANKIND,EQ,330403,226858,68.66
20,1448,MANOMAY,EQ,18509,13457,72.71
20,1449,MANUGRAPH,EQ,17193,9403,54.69
20,1450,MANYAVAR,EQ,112477,66155,58.82
20,1451,MAPMYINDIA,EQ,80080,39825,49.73
20,1452,MARALOVER,EQ,33363,16614,49.80
20,1453,MARATHON,EQ,511029,330625,64.70
20,1454,MARCO,SM,348000,228000,65.52
20,1455,MARICO,EQ,1426759,803127,56.29
20,1456,MARINE,EQ,1303777,592773,45.47
20,1457,MARINETRAN,SM,4000,4000,100.00
20,1458,MARKSANS,EQ,927897,486724,52.45
20,1459,MARUTI,EQ,467532,289980,62.02
20,1460,MASFIN,EQ,455858,303898,66.67
20,1461,MASKINVEST,EQ,790,730,92.41
20,1462,MASON,ST,48000,48000,100.00
20,1463,MASPTOP50,EQ,139766,84454,60.43
20,1464,MASTEK,EQ,36639,16765,45.76
20,1465,MASTER,SM,8000,7000,87.50
20,1466,MATRIMONY,EQ,34986,14941,42.71
20,1467,MAWANASUG,EQ,585252,214983,36.73
20,1468,MAXESTATES,EQ,95348,54603,57.27
20,1469,MAXHEALTH,EQ,1316052,856928,65.11
20,1470,MAXIND,EQ,132993,103812,78.06
20,1471,MAXPOSURE,SM,268000,138000,51.49
20,1472,MAYURUNIQ,EQ,68754,40842,59.40
20,1473,MAZDA,EQ,9549,2789,29.21
20,1474,MAZDOCK,EQ,9188847,1418739,15.44
20,1475,MBAPL,EQ,12264,5805,47.33
20,1476,MBLINFRA,EQ,366751,254540,69.40
20,1477,MCL,EQ,23222,15951,68.69
20,1478,MCLEODRUSS,EQ,476769,325539,68.28
20,1479,MCON,SM,59000,41000,69.49
20,1480,MCX,EQ,332470,101171,30.43
20,1481,MDL,SM,6000,6000,100.00
20,1482,MEDANTA,EQ,233002,98542,42.29
20,1483,MEDIASSIST,EQ,132354,75437,57.00
20,1484,MEDICAMEQ,EQ,270711,78462,28.98
20,1485,MEDIORG,ST,404000,348000,86.14
20,1486,MEDPLUS,EQ,152766,132865,86.97
20,1487,MEGASOFT,EQ,423402,247102,58.36
20,1488,MEGASTAR,EQ,15157,11666,76.97
20,1489,MEGATHERM,SM,145200,76400,52.62
20,1490,MENONBE,EQ,42642,22892,53.68
20,1491,METROBRAND,EQ,23123,10690,46.23
20,1492,METROPOLIS,EQ,137932,36543,26.49
20,1493,MFSL,EQ,676259,405934,60.03
20,1494,MGEL,EQ,1090554,565538,51.86
20,1495,MGL,EQ,687120,187241,27.25
20,1496,MHHL,SM,30000,25500,85.00
20,1497,MHLXMIRU,EQ,135183,95788,70.86
20,1498,MHRIL,EQ,137237,53373,38.89
20,1499,MICEL,EQ,95203,95203,100.00
20,1500,MICROPRO,SM,12800,11200,87.50
20,1501,MID150BEES,EQ,260020,147726,56.81
20,1502,MID150CASE,EQ,114944,103977,90.46
20,1503,MIDCAP,EQ,16112,10724,66.56
20,1504,MIDCAPETF,EQ,987855,694036,70.26
20,1505,MIDCAPIETF,EQ,751405,398342,53.01
20,1506,MIDHANI,EQ,2597591,1424047,54.82
20,1507,MIDQ50ADD,EQ,2294,1745,76.07
20,1508,MIDSELIETF,EQ,513351,269057,52.41
20,1509,MIDSMALL,EQ,480606,471462,98.10
20,1510,MILTON,SM,17600,13200,75.00
20,1511,MINDACORP,EQ,178555,94328,52.83
20,1512,MINDSPACE,RR,390999,336742,86.12
20,1513,MINDTECK,EQ,488364,208758,42.75
20,1514,MIRCELECTR,EQ,587047,356566,60.74
20,1515,MIRZAINT,EQ,2295693,1270919,55.36
20,1516,MITCON,EQ,19441,10745,55.27
20,1517,MITTAL,EQ,1040414,785236,75.47
20,1518,M&M,EQ,1019710,580585,56.94
20,1519,M&MFIN,EQ,6742891,2710151,40.19
20,1520,M&MFIN,N3,5,5,100.00
20,1521,MMFL,EQ,344468,157148,45.62
20,1522,MMP,EQ,30884,14416,46.68
20,1523,MMTC,EQ,79300731,11664567,14.71
20,1524,MNC,EQ,78435,66942,85.35
20,1525,MOGSEC,EQ,204739,204511,99.89
20,1526,MOHEALTH,EQ,59485,50463,84.83
20,1527,MOIL,EQ,10454817,2725756,26.07
20,1528,MOL,EQ,679415,286685,42.20
20,1529,MOLDTECH,EQ,89322,63144,70.69
20,1530,MOLDTKPAC,EQ,25161,14043,55.81
20,1531,MOLOWVOL,EQ,52605,51083,97.11
20,1532,MOM100,EQ,308578,158193,51.27
20,1533,MOM30IETF,EQ,971641,525124,54.05
20,1534,MOM50,EQ,3481,3305,94.94
20,1535,MOMENTUM,EQ,164514,127329,77.40
20,1536,MOMOMENTUM,EQ,114940,96932,84.33
20,1537,MON100,EQ,260638,202528,77.70
20,1538,MONARCH,EQ,31717,20769,65.48
20,1539,MONIFTY500,EQ,269619,222130,82.39
20,1540,MONOPHARMA,SM,86000,84000,97.67
20,1541,MONQ50,EQ,13389,8801,65.73
20,1542,MONTECARLO,EQ,85382,52092,61.01
20,1543,MOQUALITY,EQ,7199,7129,99.03
20,1544,MOREALTY,EQ,56220,35764,63.61
20,1545,MOREPENLAB,EQ,4158374,1780673,42.82
20,1546,MOS,SM,70400,64800,92.05
20,1547,MOSMALL250,EQ,408474,334808,81.97
20,1548,MOTHERSON,EQ,30646454,13941707,45.49
20,1549,MOTILALOFS,EQ,1229660,709340,57.69
20,1550,MOTISONS,EQ,246460,139366,56.55
20,1551,MOTOGENFIN,EQ,254611,154540,60.70
20,1552,MOVALUE,EQ,139503,100961,72.37
20,1553,MOXSH,SM,24000,20000,83.33
20,1554,MPHASIS,EQ,930888,547987,58.87
20,1555,MPSLTD,EQ,12173,6233,51.20
20,1556,MRF,EQ,6825,3034,44.45
20,1557,MRPL,EQ,3101661,1108788,35.75
20,1558,MSPL,EQ,1565036,1106850,70.72
20,1559,MSTCLTD,EQ,722062,183932,25.47
20,1560,MSUMI,EQ,5394850,2953634,54.75
20,1561,MTARTECH,EQ,348422,183346,52.62
20,1562,MTNL,EQ,5491265,1778538,32.39
20,1563,MUFIN,EQ,315073,125043,39.69
20,1564,MUFTI,EQ,299966,152363,50.79
20,1565,MUKANDLTD,EQ,126218,68078,53.94
20,1566,MUKKA,EQ,852303,494503,58.02
20,1567,MUKTAARTS,EQ,19862,7091,35.70
20,1568,MUNJALAU,EQ,168026,97756,58.18
20,1569,MUNJALSHOW,EQ,92396,54189,58.65
20,1570,MURUDCERA,EQ,103644,55140,53.20
20,1571,MUTHOOTCAP,EQ,34953,19186,54.89
20,1572,MUTHOOTFIN,EQ,230765,130324,56.47
20,1573,MUTHOOTMF,EQ,223482,126114,56.43
20,1574,MVGJL,EQ,50301,24724,49.15
20,1575,MVKAGRO,SM,246000,182400,74.15
20,1576,MWL,SM,51600,44400,86.05
20,1577,NACLIND,EQ,953854,482415,50.58
20,1578,NAGAFERT,EQ,3551772,2091144,58.88
20,1579,NAGREEKEXP,EQ,53309,38223,71.70
20,1580,NAHARCAP,EQ,23446,11321,48.29
20,1581,NAHARINDUS,EQ,106502,51116,48.00
20,1582,NAHARPOLY,EQ,176278,80106,45.44
20,1583,NAHARSPING,EQ,157584,75800,48.10
20,1584,NAMAN,SM,310400,248000,79.90
20,1585,NAM-INDIA,EQ,559614,332983,59.50
20,1586,NATCOPHARM,EQ,1093374,462785,42.33
20,1587,NATHBIOGEN,EQ,252509,125624,49.75
20,1588,NATIONALUM,EQ,6941714,2745098,39.54
20,1589,NAUKRI,EQ,214380,121626,56.73
20,1590,NAVA,EQ,256706,182476,71.08
20,1591,NAVINFLUOR,EQ,166954,108478,64.97
20,1592,NAVINIFTY,EQ,457,414,90.59
20,1593,NAVKARCORP,EQ,1568601,780418,49.75
20,1594,NAVNETEDUL,EQ,994095,544657,54.79
20,1595,NAZARA,EQ,596704,224829,37.68
20,1596,NBCC,EQ,55498887,19128184,34.47
20,1597,NBIFIN,EQ,7948,3681,46.31
20,1598,NCC,EQ,16565739,4704564,28.40
20,1599,NCLIND,EQ,1105149,530051,47.96
20,1600,NDL,EQ,1422564,543977,38.24
20,1601,NDLVENTURE,EQ,70786,63268,89.38
20,1602,NDRAUTO,EQ,13816,7161,51.83
20,1603,NDTV,EQ,176566,70650,40.01
20,1604,NECCLTD,EQ,4312235,1751121,40.61
20,1605,NECLIFE,EQ,428967,226807,52.87
20,1606,NELCAST,EQ,59181,33627,56.82
20,1607,NELCO,EQ,177204,69975,39.49
20,1608,NEOGEN,EQ,57420,28259,49.21
20,1609,NESCO,EQ,48191,25396,52.70
20,1610,NESTLEIND,EQ,315956,171948,54.42
20,1611,NETF,EQ,4250,2723,64.07
20,1612,NETWEB,EQ,124549,77785,62.45
20,1613,NETWORK18,EQ,4671283,2512286,53.78
20,1614,NEULANDLAB,EQ,25898,9614,37.12
20,1615,NEWGEN,EQ,85700,51039,59.56
20,1616,NEWJAISA,SM,690000,376500,54.57
20,1617,NEXT50,EQ,6148,4251,69.14
20,1618,NEXT50IETF,EQ,302239,215724,71.38
20,1619,NEXTMEDIA,EQ,19303,11630,60.25
20,1620,NFL,EQ,11332838,2903099,25.62
20,1621,NGIL,EQ,35967,24031,66.81
20,1622,NGLFINE,EQ,2720,1740,63.97
20,1623,NH,EQ,267882,159817,59.66
20,1624,NHPC,EQ,62471696,18685997,29.91
20,1625,NIACL,EQ,1056807,357589,33.84
20,1626,NIBL,EQ,16634,6115,36.76
20,1627,NIDAN,SM,64000,56000,87.50
20,1628,NIF100BEES,EQ,25436,20107,79.05
20,1629,NIF100IETF,EQ,112080,78691,70.21
20,1630,NIF10GETF,EQ,2781,807,29.02
20,1631,NIF5GETF,EQ,180,151,83.89
20,1632,NIFITETF,EQ,1909,1578,82.66
20,1633,NIFMID150,EQ,1980,1657,83.69
20,1634,NIFTY1,EQ,31182,24758,79.40
20,1635,NIFTY50ADD,EQ,7228,5876,81.29
20,1636,NIFTYBEES,EQ,2095570,1340112,63.95
20,1637,NIFTYBETF,EQ,440,369,83.86
20,1638,NIFTYETF,EQ,183351,164846,89.91
20,1639,NIFTYIETF,EQ,196920,87184,44.27
20,1640,NIFTYQLITY,EQ,42149,38307,90.88
20,1641,NIITLTD,EQ,1459050,689036,47.22
20,1642,NIITMTS,EQ,62972,38182,60.63
20,1643,NILAINFRA,EQ,800750,561473,70.12
20,1644,NILKAMAL,EQ,19321,9033,46.75
20,1645,NINSYS,EQ,6049,3714,61.40
20,1646,NIPPOBATRY,EQ,44933,24224,53.91
20,1647,NIRAJ,EQ,80036,46649,58.29
20,1648,NIRMAN,SM,20400,20400,100.00
20,1649,NITCO,EQ,128318,74918,58.38
20,1650,NITINSPIN,EQ,80163,46431,57.92
20,1651,NKIND,EQ,1742,1742,100.00
20,1652,NLCINDIA,EQ,13239402,5018807,37.91
20,1653,NMDC,EQ,11558134,4401536,38.08
20,1654,NOCIL,EQ,1136481,527178,46.39
20,1655,NORBTEAEXP,EQ,26105,8268,31.67
20,1656,NOVAAGRI,EQ,981942,466023,47.46
20,1657,NPBET,EQ,1155,776,67.19
20,1658,NPST,SM,66400,44000,66.27
20,1659,NRAIL,EQ,19489,10710,54.95
20,1660,NRBBEARING,EQ,171175,91227,53.29
20,1661,NRL,EQ,82445,53168,64.49
20,1662,NSIL,EQ,18779,6490,34.56
20,1663,NSLNISP,EQ,4621260,1971364,42.66
20,1664,NTPC,EQ,9207317,5405739,58.71
20,1665,NUCLEUS,EQ,30958,17295,55.87
20,1666,NURECA,EQ,16702,9630,57.66
20,1667,NUVAMA,EQ,46357,29805,64.29
20,1668,NUVOCO,EQ,462265,278441,60.23
20,1669,NV20,EQ,12635,8095,64.07
20,1670,NV20BEES,EQ,22634,20126,88.92
20,1671,NV20IETF,EQ,500437,352126,70.36
20,1672,NXST,RR,842330,764735,90.79
20,1673,NXT-INFRA,IV,3400000,3400000,100.00
20,1674,NYKAA,EQ,5772841,4185819,72.51
20,1675,OAL,EQ,249587,84236,33.75
20,1676,OBCL,EQ,96534,62525,64.77
20,1677,OBEROIRLTY,EQ,464777,241172,51.89
20,1678,OFSS,EQ,220559,70436,31.94
20,1679,OIL,EQ,3237838,1006519,31.09
20,1680,OLECTRA,EQ,486810,146672,30.13
20,1681,OLIL,SM,19200,16800,87.50
20,1682,OMAXE,EQ,1421228,608411,42.81
20,1683,OMFURN,SM,4800,4800,100.00
20,1684,ONDOOR,SM,81000,39600,48.89
20,1685,ONEPOINT,EQ,14976219,4612817,30.80
20,1686,ONGC,EQ,9125400,4847657,53.12
20,1687,ONMOBILE,EQ,488442,231597,47.42
20,1688,ONWARDTEC,EQ,51352,29942,58.31
20,1689,OPTIEMUS,EQ,131602,74861,56.88
20,1690,ORBTEXP,EQ,15643,7683,49.11
20,1691,ORCHPHARMA,EQ,20688,13288,64.23
20,1692,ORIANA,SM,70800,42150,59.53
20,1693,ORICONENT,EQ,278765,119883,43.01
20,1694,ORIENTALTL,EQ,187130,103159,55.13
20,1695,ORIENTBELL,EQ,172987,91046,52.63
20,1696,ORIENTCEM,EQ,5335759,2487659,46.62
20,1697,ORIENTCER,EQ,94902,48273,50.87
20,1698,ORIENTELEC,EQ,376230,153961,40.92
20,1699,ORIENTHOT,EQ,172112,98713,57.35
20,1700,ORIENTLTD,EQ,17634,8414,47.71
20,1701,ORIENTPPR,EQ,10483824,4104841,39.15
20,1702,ORISSAMINE,EQ,21360,7394,34.62
20,1703,ORTINLAB,EQ,14724,11207,76.11
20,1704,OSWALAGRO,EQ,76277,38333,50.25
20,1705,OSWALGREEN,EQ,476995,153373,32.15
20,1706,OWAIS,SM,22400,19200,85.71
20,1707,PAGEIND,EQ,24244,15837,65.32
20,1708,PAISALO,EQ,1743566,1074572,61.63
20,1709,PAKKA,EQ,137969,65729,47.64
20,1710,PALASHSECU,EQ,14174,9025,63.67
20,1711,PANACEABIO,EQ,186874,97764,52.32
20,1712,PANAMAPET,EQ,136136,76598,56.27
20,1713,PANSARI,EQ,29623,7159,24.17
20,1714,PAR,EQ,17095,9448,55.27
20,1715,PARADEEP,EQ,4012463,1230964,30.68
20,1716,PARAGMILK,EQ,475457,266062,55.96
20,1717,PARAGON,SM,340800,214800,63.03
20,1718,PARAS,EQ,2128645,866968,40.73
20,1719,PARIN,SM,24000,18000,75.00
20,1720,PARKHOTELS,EQ,706072,342404,48.49
20,1721,PARSVNATH,EQ,538733,368197,68.34
20,1722,PARTYCRUS,SM,7000,6000,85.71
20,1723,PASHUPATI,SM,18400,15200,82.61
20,1724,PASUPTAC,EQ,216555,137532,63.51
20,1725,PATANJALI,EQ,1651720,853538,51.68
20,1726,PATELENG,EQ,6060798,3173398,52.36
20,1727,PATINTLOG,EQ,229777,107821,46.92
20,1728,PATTECH,ST,1500,1500,100.00
20,1729,PAVNAIND,EQ,24075,16337,67.86
20,1730,PAYTM,EQ,3892175,2890928,74.28
20,1731,PCBL,EQ,1170673,594622,50.79
20,1732,PCCL,ST,664000,565600,85.18
20,1733,PCJEWELLER,EQ,867746,514514,59.29
20,1734,PDMJEPAPER,EQ,1687330,516267,30.60
20,1735,PDSL,EQ,30188,18616,61.67
20,1736,PEL,EQ,1969143,1026118,52.11
20,1737,PENIND,EQ,1580815,730532,46.21
20,1738,PENINLAND,EQ,903304,423617,46.90
20,1739,PENTAGON,SM,19000,14000,73.68
20,1740,PERFECT,SM,42000,24000,57.14
20,1741,PERSISTENT,EQ,627211,152616,24.33
20,1742,PETRONET,EQ,3002066,1092660,36.40
20,1743,PFC,EQ,33571765,9875309,29.42
20,1744,PFIZER,EQ,12675,6922,54.61
20,1745,PFOCUS,EQ,525576,283676,53.97
20,1746,PFS,EQ,5696910,2138396,37.54
20,1747,PGEL,EQ,153006,89660,58.60
20,1748,PGHH,EQ,1238,593,47.90
20,1749,PGHL,EQ,6999,3381,48.31
20,1750,PGIL,EQ,256120,111089,43.37
20,1751,PGINVIT,IV,1172441,1129661,96.35
20,1752,PHANTOMFX,SM,641400,360300,56.17
20,1753,PHARMABEES,EQ,3375539,2685905,79.57
20,1754,PHOENIXLTD,EQ,476082,378204,79.44
20,1755,PIDILITIND,EQ,407852,273653,67.10
20,1756,PIIND,EQ,329727,235696,71.48
20,1757,PILANIINVS,EQ,17974,6490,36.11
20,1758,PILITA,EQ,228354,153756,67.33
20,1759,PIONEEREMB,EQ,20518,16535,80.59
20,1760,PITTIENG,EQ,277951,172288,61.99
20,1761,PIXTRANS,EQ,23828,11383,47.77
20,1762,PLADAINFO,SM,9000,9000,100.00
20,1763,PLASTIBLEN,EQ,52253,29096,55.68
20,1764,PLATIND,EQ,649596,274962,42.33
20,1765,PLAZACABLE,EQ,77674,39692,51.10
20,1766,PNB,EQ,37154088,10716502,28.84
20,1767,PNBGILTS,EQ,822310,363553,44.21
20,1768,PNBHOUSING,EQ,1548839,836733,54.02
20,1769,PNC,EQ,47507,32912,69.28
20,1770,PNCINFRA,EQ,790156,349051,44.17
20,1771,POCL,EQ,407193,130823,32.13
20,1772,PODDARMENT,EQ,11242,7084,63.01
20,1773,POKARNA,EQ,238946,77746,32.54
20,1774,POLICYBZR,EQ,1095139,586369,53.54
20,1775,POLYCAB,EQ,656496,300801,45.82
20,1776,POLYMED,EQ,56660,42764,75.47
20,1777,POLYPLEX,EQ,830222,342141,41.21
20,1778,POLYSIL,SM,6000,4000,66.67
20,1779,PONNIERODE,EQ,572852,299959,52.36
20,1780,POONAWALLA,EQ,4853719,3851197,79.35
20,1781,POWERGRID,EQ,9369793,5390297,57.53
20,1782,POWERINDIA,EQ,177657,79331,44.65
20,1783,POWERMECH,EQ,38168,24463,64.09
20,1784,PPAP,EQ,22790,13781,60.47
20,1785,PPL,EQ,163975,79523,48.50
20,1786,PPLPHARMA,EQ,3486844,1483746,42.55
20,1787,PRAENG,EQ,400829,234553,58.52
20,1788,PRAJIND,EQ,728356,335848,46.11
20,1789,PRAKASH,EQ,4385130,1978121,45.11
20,1790,PRAMARA,SM,34000,32000,94.12
20,1791,PRATHAM,SM,859200,273600,31.84
20,1792,PRECAM,EQ,126542,62682,49.53
20,1793,PRECISION,SM,62000,52000,83.87
20,1794,PRECOT,EQ,5690,3594,63.16
20,1795,PRECWIRE,EQ,2276018,910978,40.03
20,1796,PREMIERPOL,EQ,189893,90380,47.60
20,1797,PRESSTONIC,SM,35200,26400,75.00
20,1798,PRESTIGE,EQ,1250173,581198,46.49
20,1799,PRICOLLTD,EQ,642824,376595,58.58
20,1800,PRIMESECU,EQ,151780,105276,69.36
20,1801,PRINCEPIPE,EQ,481155,407992,84.79
20,1802,PRITI,EQ,26208,17069,65.13
20,1803,PRITIKA,SM,22000,16000,72.73
20,1804,PRITIKAUTO,EQ,297506,191434,64.35
20,1805,PRIVISCL,EQ,69890,44120,63.13
20,1806,PRLIND,SM,274000,228000,83.21
20,1807,PROPEQUITY,SM,8400,7200,85.71
20,1808,PROZONER,EQ,567118,229739,40.51
20,1809,PRSMJOHNSN,EQ,333029,119733,35.95
20,1810,PRUDENT,EQ,14974,8792,58.72
20,1811,PRUDMOULI,EQ,61938,47128,76.09
20,1812,PSB,EQ,1408760,476854,33.85
20,1813,PSPPROJECT,EQ,227822,153342,67.31
20,1814,PSUBANK,EQ,28902,13741,47.54
20,1815,PSUBANKADD,EQ,625993,613123,97.94
20,1816,PSUBNKBEES,EQ,2805231,1294226,46.14
20,1817,PSUBNKIETF,EQ,418344,195018,46.62
20,1818,PTC,EQ,2854317,1321518,46.30
20,1819,PTCIL,EQ,28450,16427,57.74
20,1820,PTL,EQ,260730,159307,61.10
20,1821,PULZ,SM,17000,13000,76.47
20,1822,PUNJABCHEM,EQ,8811,4321,49.04
20,1823,PURVFLEXI,SM,56000,48000,85.71
20,1824,PVP,EQ,404865,313068,77.33
20,1825,PVRINOX,EQ,378665,160646,42.42
20,1826,PVSL,EQ,53371,32231,60.39
20,1827,PVTBANIETF,EQ,1150427,824445,71.66
20,1828,PVTBANKADD,EQ,139405,91149,65.38
20,1829,PYRAMID,EQ,777473,382698,49.22
20,1830,QFIL,SM,1000,1000,100.00
20,1831,QGOLDHALF,EQ,11714,9434,80.54
20,1832,QMSMEDI,SM,90000,58000,64.44
20,1833,QNIFTY,EQ,148,109,73.65
20,1834,QUADPRO,SM,72000,60000,83.33
20,1835,QUAL30IETF,EQ,171245,161941,94.57
20,1836,QUESS,EQ,156010,86180,55.24
20,1837,QUESTLAB,SM,208800,88800,42.53
20,1838,QUICKHEAL,EQ,106397,34499,32.42
20,1839,QUICKTOUCH,SM,25500,20000,78.43
20,1840,RACE,EQ,34198,21690,63.42
20,1841,RADHIKAJWE,EQ,277829,159964,57.58
20,1842,RADIANTCMS,EQ,131068,87735,66.94
20,1843,RADICO,EQ,296300,190766,64.38
20,1844,RADIOCITY,EQ,574949,332710,57.87
20,1845,RADIOCITY,P1,2179,2179,100.00
20,1846,RADIOWALLA,SM,8000,6400,80.00
20,1847,RAILTEL,EQ,4672629,1475868,31.59
20,1848,RAIN,EQ,2099954,1070672,50.99
20,1849,RAINBOW,EQ,140626,80314,57.11
20,1850,RAJESHEXPO,EQ,336521,170991,50.81
20,1851,RAJMET,EQ,4805923,2883914,60.01
20,1852,RAJRATAN,EQ,48762,34578,70.91
20,1853,RAJSREESUG,EQ,202707,92167,45.47
20,1854,RALLIS,EQ,3798128,945107,24.88
20,1855,RAMANEWS,EQ,147120,102128,69.42
20,1856,RAMAPHO,EQ,16564,9816,59.26
20,1857,RAMASTEEL,EQ,6344864,2479425,39.08
20,1858,RAMCOCEM,EQ,1081829,718023,66.37
20,1859,RAMCOIND,EQ,1167882,423848,36.29
20,1860,RAMKY,EQ,931223,343574,36.89
20,1861,RAMRAT,EQ,43879,23911,54.49
20,1862,RANASUG,EQ,918686,371313,40.42
20,1863,RANEENGINE,EQ,14744,9116,61.83
20,1864,RANEHOLDIN,EQ,212941,61065,28.68
20,1865,RATEGAIN,EQ,263762,137395,52.09
20,1866,RATNAMANI,EQ,65941,55973,84.88
20,1867,RATNAVEER,EQ,2599514,1220270,46.94
20,1868,RAYMOND,EQ,220647,67400,30.55
20,1869,RBA,EQ,4067658,1985352,48.81
20,1870,RBL,EQ,19331,9711,50.24
20,1871,RBLBANK,EQ,10167369,3251976,31.98
20,1872,RBMINFRA,SM,14800,13000,87.84
20,1873,RBS,SM,44800,38400,85.71
20,1874,RCDL,SM,87000,63000,72.41
20,1875,RCF,EQ,13376694,3726620,27.86
20,1876,RECLTD,EQ,25695583,7254372,28.23
20,1877,REDINGTON,EQ,1554058,1009494,64.96
20,1878,REDTAPE,EQ,90598,47719,52.67
20,1879,REFEX,EQ,6345270,1308278,20.62
20,1880,REFRACTORY,SM,40000,36000,90.00
20,1881,RELAXO,EQ,49527,30418,61.42
20,1882,RELCHEMQ,EQ,59036,21153,35.83
20,1883,RELIABLE,SM,31200,26400,84.62
20,1884,RELIANCE,EQ,4524810,2429008,53.68
20,1885,RELIGARE,EQ,2277403,1186491,52.10
20,1886,RELINFRA,EQ,2710041,1396376,51.53
20,1887,REMSONSIND,EQ,21812,14982,68.69
20,1888,REMUS,SM,3200,2200,68.75
20,1889,RENUKA,EQ,14629490,3207806,21.93
20,1890,REPCOHOME,EQ,131147,68522,52.25
20,1891,REPL,EQ,13705,9112,66.49
20,1892,REPRO,EQ,36404,20957,57.57
20,1893,RESPONIND,EQ,1326525,377997,28.50
20,1894,RGL,EQ,120066,64012,53.31
20,1895,RHIM,EQ,100752,51871,51.48
20,1896,RHL,EQ,8781,5234,59.61
20,1897,RICOAUTO,EQ,847926,489727,57.76
20,1898,RIIL,EQ,292339,74427,25.46
20,1899,RILINFRA,SM,587100,309800,52.77
20,1900,RISHABH,EQ,42336,23182,54.76
20,1901,RITCO,EQ,154971,64217,41.44
20,1902,RITES,EQ,474371,198939,41.94
20,1903,RITEZONE,SM,8000,8000,100.00
20,1904,RKEC,EQ,162947,80787,49.58
20,1905,RKFORGE,EQ,1827999,702412,38.43
20,1906,RKSWAMY,EQ,64190,41198,64.18
20,1907,RMDRIP,SM,15000,15000,100.00
20,1908,RML,EQ,17564,7929,45.14
20,1909,ROCKINGDCE,SM,56750,31250,55.07
20,1910,ROHLTD,EQ,61871,35242,56.96
20,1911,ROLEXRINGS,EQ,11912,5275,44.28
20,1912,ROSSARI,EQ,110932,55390,49.93
20,1913,ROSSELLIND,EQ,137530,62310,45.31
20,1914,ROTO,EQ,2423787,570483,23.54
20,1915,ROUTE,EQ,240193,80407,33.48
20,1916,ROXHITECH,SM,260800,150400,57.67
20,1917,RPGLIFE,EQ,13651,6122,44.85
20,1918,RPOWER,EQ,12523527,8583960,68.54
20,1919,RPPINFRA,EQ,156689,89978,57.42
20,1920,RPPL,EQ,54886,33131,60.36
20,1921,RPSGVENT,EQ,39740,22625,56.93
20,1922,RPTECH,EQ,4176542,1158911,27.75
20,1923,RRKABEL,EQ,185740,93085,50.12
20,1924,RSWM,EQ,271359,141972,52.32
20,1925,RSYSTEMS,EQ,348615,162698,46.67
20,1926,RTNINDIA,EQ,3343629,1139600,34.08
20,1927,RTNPOWER,EQ,23214653,15376593,66.24
20,1928,RUBYMILLS,EQ,27906,18514,66.34
20,1929,RUCHINFRA,EQ,170407,121564,71.34
20,1930,RUCHIRA,EQ,401561,186984,46.56
20,1931,RULKA,SM,153600,75000,48.83
20,1932,RUPA,EQ,443483,214326,48.33
20,1933,RUSHIL,EQ,112868,63495,56.26
20,1934,RUSTOMJEE,EQ,8774,6150,70.09
20,1935,RVHL,EQ,39027,22780,58.37
20,1936,RVNL,EQ,12879072,4439749,34.47
20,1937,SAAKSHI,SM,97800,81000,82.82
20,1938,SABAR,SM,45000,25000,55.56
20,1939,SADBHIN,EQ,287744,202080,70.23
20,1940,SADHAV,SM,92400,54000,58.44
20,1941,SADHNANIQ,EQ,201828,103222,51.14
20,1942,SAFARI,EQ,48747,21228,43.55
20,1943,SAGARDEEP,EQ,16995,11654,68.57
20,1944,SAGCEM,EQ,423991,239329,56.45
20,1945,SAH,EQ,102452,39944,38.99
20,1946,SAHAJ,SM,56000,52000,92.86
20,1947,SAHANA,SM,31000,23750,76.61
20,1948,SAHYADRI,EQ,5460,3969,72.69
20,1949,SAIFL,SM,28800,21600,75.00
20,1950,SAIL,EQ,34424841,13925752,40.45
20,1951,SAKAR,EQ,21994,13313,60.53
20,1952,SAKHTISUG,EQ,612643,226842,37.03
20,1953,SAKSOFT,EQ,160142,86584,54.07
20,1954,SAKUMA,EQ,69724060,19455656,27.90
20,1955,SALASAR,EQ,7290114,5195027,71.26
20,1956,SALONA,EQ,14622,12007,82.12
20,1957,SALZERELEC,EQ,76434,36935,48.32
20,1958,SAMBHAAV,EQ,262234,151230,57.67
20,1959,SAMHI,EQ,677522,439872,64.92
20,1960,SANDESH,EQ,5649,3307,58.54
20,1961,SANDHAR,EQ,209722,120412,57.42
20,1962,SANDUMA,EQ,137696,70414,51.14
20,1963,SANGAMIND,EQ,30352,16716,55.07
20,1964,SANGHIIND,EQ,1095934,682746,62.30
20,1965,SANGHVIMOV,EQ,253987,130294,51.30
20,1966,SANGINITA,EQ,113684,88160,77.55
20,1967,SANOFI,EQ,13590,6275,46.17
20,1968,SANSERA,EQ,301026,177803,59.07
20,1969,SAPPHIRE,EQ,74975,42075,56.12
20,1970,SARDAEN,EQ,230450,102763,44.59
20,1971,SAREGAMA,EQ,988583,465914,47.13
20,1972,SARLAPOLY,EQ,1066540,416964,39.10
20,1973,SAROJA,SM,4800,3200,66.67
20,1974,SARTELE,SM,183000,128500,70.22
20,1975,SARVESHWAR,EQ,6113823,4683518,76.61
20,1976,SASKEN,EQ,66914,25876,38.67
20,1977,SASTASUNDR,EQ,42391,23970,56.55
20,1978,SATIA,EQ,1094764,497633,45.46
20,1979,SATIN,EQ,194634,129345,66.46
20,1980,SATINDLTD,EQ,261327,107076,40.97
20,1981,SAURASHCEM,EQ,168948,92082,54.50
20,1982,SBC,EQ,2227398,1090270,48.95
20,1983,SBCL,EQ,161572,79247,49.05
20,1984,SBFC,EQ,694770,378968,54.55
20,1985,SBGLP,EQ,398130,306723,77.04
20,1986,SBICARD,EQ,589709,299213,50.74
20,1987,SBIETFCON,EQ,6512,4490,68.95
20,1988,SBIETFIT,EQ,26117,18535,70.97
20,1989,SBIETFPB,EQ,50634,34869,68.86
20,1990,SBIETFQLTY,EQ,2125,1399,65.84
20,1991,SBILIFE,EQ,527776,334852,63.45
20,1992,SBIN,EQ,23598009,7203496,30.53
20,1993,SCHAEFFLER,EQ,148478,84548,56.94
20,1994,SCHAND,EQ,109461,57478,52.51
20,1995,SCHNEIDER,EQ,864235,446712,51.69
20,1996,SCI,EQ,5760681,2061531,35.79
20,1997,SCILAL,EQ,4099621,1463771,35.71
20,1998,SCML,SM,52000,48000,92.31
20,1999,SCPL,EQ,18094,12324,68.11
20,2000,SDBL,EQ,3545647,1343115,37.88
20,2001,SDL24BEES,EQ,104260,80194,76.92
20,2002,SDL26BEES,EQ,103034,81359,78.96
20,2003,SEAMECLTD,EQ,48202,27424,56.89
20,2004,SECL,SM,100000,87500,87.50
20,2005,SEL,SM,8000,7200,90.00
20,2006,SELAN,EQ,44525,16809,37.75
20,2007,SELMC,EQ,20411,12825,62.83
20,2008,SENCO,EQ,254455,162357,63.81
20,2009,SENSEXADD,EQ,3264,1124,34.44
20,2010,SENSEXETF,EQ,6194,4127,66.63
20,2011,SENSEXIETF,EQ,7626,5544,72.70
20,2012,SEPC,EQ,11722131,5235285,44.66
20,2013,SEQUENT,EQ,841069,468870,55.75
20,2014,SERVICE,SM,4000,4000,100.00
20,2015,SERVOTECH,EQ,1040690,522232,50.18
20,2016,SESHAPAPER,EQ,196983,82823,42.05
20,2017,SETF10GILT,EQ,9905,9762,98.56
20,2018,SETFGOLD,EQ,901715,649974,72.08
20,2019,SETFNIF50,EQ,366340,252728,68.99
20,2020,SETFNIFBK,EQ,241493,156942,64.99
20,2021,SETFNN50,EQ,18945,12089,63.81
20,2022,SFL,EQ,1021348,238692,23.37
20,2023,SGBAPR28I,GB,314,309,98.41
20,2024,SGBAUG24,GB,275,250,90.91
20,2025,SGBAUG27,GB,18,18,100.00
20,2026,SGBAUG28V,GB,1028,854,83.07
20,2027,SGBAUG29V,GB,63,43,68.25
20,2028,SGBAUG30,GB,165,159,96.36
20,2029,SGBD29VIII,GB,33,22,66.67
20,2030,SGBDC27VII,GB,95,95,100.00
20,2031,SGBDE30III,GB,262,203,77.48
20,2032,SGBDE31III,GB,1848,1547,83.71
20,2033,SGBDEC2513,GB,2,2,100.00
20,2034,SGBDEC26,GB,9,9,100.00
20,2035,SGBFEB27,GB,12,12,100.00
20,2036,SGBFEB28IX,GB,106,105,99.06
20,2037,SGBFEB29XI,GB,20,20,100.00
20,2038,SGBFEB32IV,GB,1938,1445,74.56
20,2039,SGBJ28VIII,GB,22,22,100.00
20,2040,SGBJAN29IX,GB,67,52,77.61
20,2041,SGBJAN29X,GB,38,29,76.32
20,2042,SGBJAN30IX,GB,129,129,100.00
20,2043,SGBJU29III,GB,100,58,58.00
20,2044,SGBJUL25,GB,26,23,88.46
20,2045,SGBJUL27,GB,71,54,76.06
20,2046,SGBJUL28IV,GB,220,191,86.82
20,2047,SGBJUL29IV,GB,150,112,74.67
20,2048,SGBJUN27,GB,11,10,90.91
20,2049,SGBJUN28,GB,326,326,100.00
20,2050,SGBJUN29II,GB,125,125,100.00
20,2051,SGBJUN30,GB,67,43,64.18
20,2052,SGBJUN31I,GB,1408,1135,80.61
20,2053,SGBMAR25,GB,124,93,75.00
20,2054,SGBMAR28X,GB,107,81,75.70
20,2055,SGBMAR30X,GB,9,8,88.89
20,2056,SGBMAR31IV,GB,42,28,66.67
20,2057,SGBMAY25,GB,124,108,87.10
20,2058,SGBMAY26,GB,11,11,100.00
20,2059,SGBMAY28,GB,117,100,85.47
20,2060,SGBMAY29I,GB,1766,1500,84.94
20,2061,SGBMR29XII,GB,129,113,87.60
20,2062,SGBN28VIII,GB,943,666,70.63
20,2063,SGBNOV24,GB,34,34,100.00
20,2064,SGBNOV25,GB,11,11,100.00
20,2065,SGBNOV25IX,GB,1,1,100.00
20,2066,SGBNOV26,GB,13,13,100.00
20,2067,SGBNV29VII,GB,167,102,61.08
20,2068,SGBOC28VII,GB,107,62,57.94
20,2069,SGBOCT25,GB,2,2,100.00
20,2070,SGBOCT25IV,GB,14,14,100.00
20,2071,SGBOCT25V,GB,8,8,100.00
20,2072,SGBOCT26,GB,16,16,100.00
20,2073,SGBOCT27,GB,177,164,92.66
20,2074,SGBOCT27VI,GB,51,49,96.08
20,2075,SGBSEP24,GB,6,3,50.00
20,2076,SGBSEP27,GB,25,25,100.00
20,2077,SGBSEP28VI,GB,98,72,73.47
20,2078,SGBSEP29VI,GB,342,242,70.76
20,2079,SGBSEP31II,GB,892,706,79.15
20,2080,SGIL,EQ,240845,109245,45.36
20,2081,SGL,EQ,64953,44931,69.17
20,2082,SHAH,EQ,1217799,828422,68.03
20,2083,SHAHALLOYS,EQ,17582,10960,62.34
20,2084,SHAILY,EQ,102906,63825,62.02
20,2085,SHALBY,EQ,167196,89796,53.71
20,2086,SHALPAINTS,EQ,440180,318645,72.39
20,2087,SHANKARA,EQ,782979,305755,39.05
20,2088,SHANTHALA,SM,8400,8400,100.00
20,2089,SHANTIGEAR,EQ,71005,45978,64.75
20,2090,SHARDACROP,EQ,273861,136621,49.89
20,2091,SHARDAMOTR,EQ,119976,69693,58.09
20,2092,SHAREINDIA,EQ,482579,273767,56.73
20,2093,SHAREINDIA,W1,1488,1437,96.57
20,2094,SHARIABEES,EQ,1964,1395,71.03
20,2095,SHEETAL,ST,12000,12000,100.00
20,2096,SHEMAROO,EQ,216661,128849,59.47
20,2097,SHERA,SM,237000,123000,51.90
20,2098,SHIGAN,SM,15000,15000,100.00
20,2099,SHILPAMED,EQ,203951,109175,53.53
20,2100,SHIVALIK,EQ,736462,222863,30.26
20,2101,SHIVAMAUTO,EQ,159408,89714,56.28
20,2102,SHIVAMILLS,EQ,8015,4028,50.26
20,2103,SHIVATEX,EQ,36396,21718,59.67
20,2104,SHIVAUM,ST,9000,9000,100.00
20,2105,SHK,EQ,458694,250279,54.56
20,2106,SHOPERSTOP,EQ,35129,22049,62.77
20,2107,SHREDIGCEM,EQ,598650,361805,60.44
20,2108,SHREECEM,EQ,68891,51177,74.29
20,2109,SHREEKARNI,SM,11400,9600,84.21
20,2110,SHREEOSFM,SM,20000,18000,90.00
20,2111,SHREEPUSHK,EQ,394083,182636,46.34
20,2112,SHRENIK,EQ,6693317,4459758,66.63
20,2113,SHREYANIND,EQ,190998,91950,48.14
20,2114,SHREYAS,EQ,29702,13050,43.94
20,2115,SHRIPISTON,EQ,93148,69165,74.25
20,2116,SHRIRAMFIN,EQ,1589120,956848,60.21
20,2117,SHRIRAMPPS,EQ,1112404,606434,54.52
20,2118,SHRITECH,SM,56000,40000,71.43
20,2119,SHUBHLAXMI,SM,8000,5000,62.50
20,2120,SHYAMMETL,EQ,1928307,1131853,58.70
20,2121,SIDDHIKA,SM,500,500,100.00
20,2122,SIEMENS,EQ,279092,110147,39.47
20,2123,SIGACHI,EQ,3776721,1462645,38.73
20,2124,SIGIND,EQ,72472,40512,55.90
20,2125,SIGMA,EQ,13372,8695,65.02
20,2126,SIGNATURE,EQ,668497,120718,18.06
20,2127,SIGNORIA,SM,98000,52000,53.06
20,2128,SIGNPOST,EQ,35756,20352,56.92
20,2129,SIL,EQ,170380,79768,46.82
20,2130,SILGO,EQ,42799,20937,48.92
20,2131,SILINV,EQ,30687,15277,49.78
20,2132,SILKFLEX,SM,110000,82000,74.55
20,2133,SILLYMONKS,EQ,5771,4576,79.29
20,2134,SILVER,EQ,132508,95215,71.86
20,2135,SILVER1,EQ,33337,19194,57.58
20,2136,SILVERADD,EQ,12619,10754,85.22
20,2137,SILVERBEES,EQ,5846093,4244787,72.61
20,2138,SILVERETF,EQ,123296,89139,72.30
20,2139,SILVERIETF,EQ,938469,559541,59.62
20,2140,SILVERTUC,EQ,22108,5636,25.49
20,2141,SILVRETF,EQ,8570,7859,91.70
20,2142,SINCLAIR,EQ,24435,17626,72.13
20,2143,SINDHUTRAD,EQ,1376020,1001665,72.79
20,2144,SINTERCOM,EQ,8344,4819,57.75
20,2145,SIRCA,EQ,538703,256097,47.54
20,2146,SIS,EQ,31511,18422,58.46
20,2147,SIYSIL,EQ,45536,25917,56.92
20,2148,SJLOGISTIC,SM,59000,34500,58.47
20,2149,SJS,EQ,225161,118614,52.68
20,2150,SJVN,EQ,37265683,12534069,33.63
20,2151,SKFINDIA,EQ,134194,114862,85.59
20,2152,SKIPPER,EQ,449063,190103,42.33
20,2153,SKIPPERPP,E1,761,694,91.20
20,2154,SKMEGGPROD,EQ,54546,37157,68.12
20,2155,SKP,SM,29000,24000,82.76
20,2156,SLONE,SM,67200,43200,64.29
20,2157,SMALLCAP,EQ,568249,496713,87.41
20,2158,SMCGLOBAL,EQ,427103,270991,63.45
20,2159,SMLISUZU,EQ,32051,18848,58.81
20,2160,SMLT,EQ,28782,17045,59.22
20,2161,SMSLIFE,EQ,1988,1353,68.06
20,2162,SMSPHARMA,EQ,459378,202152,44.01
20,2163,SMVD,ST,8080,8080,100.00
20,2164,SNOWMAN,EQ,2186530,893032,40.84
20,2165,SOBHA,EQ,172903,114418,66.17
20,2166,SOFTTECH,EQ,21282,17146,80.57
20,2167,SOLARA,EQ,380491,216488,56.90
20,2168,SOLARAPP,E1,248139,217025,87.46
20,2169,SOLARINDS,EQ,427607,112913,26.41
20,2170,SOLEX,SM,16200,9600,59.26
20,2171,SOMANYCERA,EQ,91275,59937,65.67
20,2172,SONACOMS,EQ,942172,356774,37.87
20,2173,SONAMAC,SM,349000,240000,68.77
20,2174,SONAMLTD,EQ,15748,10373,65.87
20,2175,SONATSOFTW,EQ,596085,229055,38.43
20,2176,SONUINFRA,SM,6000,6000,100.00
20,2177,SOTAC,SM,7200,6000,83.33
20,2178,SOTL,EQ,823981,241529,29.31
20,2179,SOUTHBANK,EQ,13514360,6368953,47.13
20,2180,SOUTHWEST,EQ,42938,25680,59.81
20,2181,SPAL,EQ,84321,27762,32.92
20,2182,SPANDANA,EQ,130096,77019,59.20
20,2183,SPARC,EQ,1006900,531657,52.80
20,2184,SPCENET,EQ,1001541,633652,63.27
20,2185,SPCL,ST,129600,129600,100.00
20,2186,SPECIALITY,EQ,85404,54946,64.34
20,2187,SPECTRUM,SM,23750,17250,72.63
20,2188,SPECTSTM,SM,8000,8000,100.00
20,2189,SPENCERS,EQ,445181,283734,63.73
20,2190,SPIC,EQ,1196707,341241,28.51
20,2191,SPLIL,EQ,59088,38970,65.95
20,2192,SPLPETRO,EQ,60552,32806,54.18
20,2193,SPMLINFRA,EQ,472421,230673,48.83
20,2194,SPORTKING,EQ,40587,19380,47.75
20,2195,SPRL,ST,800,800,100.00
20,2196,SREEL,EQ,14548,6517,44.80
20,2197,SRF,EQ,591324,379314,64.15
20,2198,SRGHFL,EQ,202261,105776,52.30
20,2199,SRHHYPOLTD,EQ,97848,34819,35.58
20,2200,SRIVASAVI,SM,76000,47000,61.84
20,2201,SRM,EQ,25918,15618,60.26
20,2202,SSFL,SM,9500,6000,63.16
20,2203,SSWL,EQ,567856,333536,58.74
20,2204,STANLEY,EQ,956128,466809,48.82
20,2205,STAR,EQ,243121,145605,59.89
20,2206,STARCEMENT,EQ,329361,181969,55.25
20,2207,STARHEALTH,EQ,1061162,755014,71.15
20,2208,STARPAPER,EQ,147526,57097,38.70
20,2209,STARTECK,EQ,3356,2350,70.02
20,2210,STCINDIA,EQ,3588494,669190,18.65
20,2211,STEELCAS,EQ,10673,5925,55.51
20,2212,STEELCITY,EQ,35488,21946,61.84
20,2213,STEELXIND,EQ,4746359,2143666,45.16
20,2214,STEL,EQ,6776,3361,49.60
20,2215,STERTOOLS,EQ,41001,19933,48.62
20,2216,STLTECH,EQ,1551504,634854,40.92
20,2217,STOVEKRAFT,EQ,171572,74749,43.57
20,2218,STYLAMIND,EQ,153539,93265,60.74
20,2219,STYRENIX,EQ,122376,76643,62.63
20,2220,SUBEXLTD,EQ,42040183,16355659,38.90
20,2221,SUBROS,EQ,103645,51447,49.64
20,2222,SUDARSCHEM,EQ,345812,149218,43.15
20,2223,SUKHJITS,EQ,20611,13030,63.22
20,2224,SULA,EQ,215724,139009,64.44
20,2225,SUMICHEM,EQ,1429150,586219,41.02
20,2226,SUMMITSEC,EQ,12707,6490,51.07
20,2227,SUNCLAY,EQ,64369,38736,60.18
20,2228,SUNDARAM,EQ,5360738,3040069,56.71
20,2229,SUNDARMFIN,EQ,105778,49672,46.96
20,2230,SUNDARMHLD,EQ,84023,49699,59.15
20,2231,SUNDRMBRAK,EQ,5922,4826,81.49
20,2232,SUNDRMFAST,EQ,168862,109235,64.69
20,2233,SUNFLAG,EQ,790037,317223,40.15
20,2234,SUNPHARMA,EQ,1061099,472353,44.52
20,2235,SUNTECK,EQ,386888,186768,48.27
20,2236,SUNTV,EQ,1343176,432332,32.19
20,2237,SUPERHOUSE,EQ,9361,5241,55.99
20,2238,SUPERSPIN,EQ,65584,39945,60.91
20,2239,SUPRAJIT,EQ,128913,63952,49.61
20,2240,SUPREMEIND,EQ,88034,49870,56.65
20,2241,SUPREMEPWR,SM,539000,257000,47.68
20,2242,SUPRIYA,EQ,342515,183163,53.48
20,2243,SURAJEST,EQ,560907,325062,57.95
20,2244,SURANAT&P,EQ,171740,171740,100.00
20,2245,SURANI,SM,17000,16200,95.29
20,2246,SURYALAXMI,EQ,446633,220659,49.40
20,2247,SURYAROSNI,EQ,829429,448211,54.04
20,2248,SURYODAY,EQ,211614,138186,65.30
20,2249,SUTLEJTEX,EQ,234817,106912,45.53
20,2250,SUVEN,EQ,229717,154388,67.21
20,2251,SUVENPHAR,EQ,285692,183116,64.10
20,2252,SUVIDHAA,EQ,333598,225063,67.47
20,2253,SUZLON,EQ,29907631,18831403,62.97
20,2254,SVLL,EQ,22162,19336,87.25
20,2255,SVPGLOB,EQ,289109,181288,62.71
20,2256,SWANENERGY,EQ,721663,321094,44.49
20,2257,SWARAJ,SM,97000,78000,80.41
20,2258,SWARAJENG,EQ,14240,6831,47.97
20,2259,SWASTIK,SM,12000,7200,60.00
20,2260,SWELECTES,EQ,214429,70407,32.83
20,2261,SWSOLAR,EQ,1908866,909864,47.67
20,2262,SYLVANPLY,ST,424000,408000,96.23
20,2263,SYMPHONY,EQ,82541,31709,38.42
20,2264,SYNCOMF,EQ,2021010,1223263,60.53
20,2265,SYNGENE,EQ,502967,224176,44.57
20,2266,SYNOPTICS,SM,14400,10200,70.83
20,2267,SYRMA,EQ,503660,245548,48.75
20,2268,SYSTANGO,SM,98000,52800,53.88
20,2269,TAC,SM,85200,51600,60.56
20,2270,TAJGVK,EQ,187013,96322,51.51
20,2271,TAKE,EQ,230354,150661,65.40
20,2272,TALBROAUTO,EQ,556995,319542,57.37
20,2273,TANLA,EQ,1168641,317934,27.21
20,2274,TARC,EQ,5644010,2363367,41.87
20,2275,TARSONS,EQ,43355,23129,53.35
20,2276,TASTYBITE,EQ,3818,2396,62.76
20,2277,TATACHEM,EQ,878761,393414,44.77
20,2278,TATACOMM,EQ,651064,315999,48.54
20,2279,TATACONSUM,EQ,4406793,1989412,45.14
20,2280,TATAELXSI,EQ,86404,52001,60.18
20,2281,TATAGOLD,EQ,2008094,1416053,70.52
20,2282,TATAINVEST,EQ,35749,19917,55.71
20,2283,TATAMOTORS,EQ,7346258,3683618,50.14
20,2284,TATAMTRDVR,EQ,724553,494648,68.27
20,2285,TATAPOWER,EQ,9201151,5264610,57.22
20,2286,TATASTEEL,EQ,29090492,15988733,54.96
20,2287,TATATECH,EQ,409471,294991,72.04
20,2288,TATSILV,EQ,1624067,1083853,66.74
20,2289,TATVA,EQ,25074,14601,58.23
20,2290,TBI,SM,133200,123600,92.79
20,2291,TBOTEK,EQ,151002,95200,63.05
20,2292,TBZ,EQ,766403,440249,57.44
20,2293,TCHF30,NB,1,1,100.00
20,2294,TCI,EQ,30825,16734,54.29
20,2295,TCIEXP,EQ,30240,15747,52.07
20,2296,TCL,SM,255200,202400,79.31
20,2297,TCLCONS,EQ,175475,106998,60.98
20,2298,TCNSBRANDS,EQ,197357,104546,52.97
20,2299,TCPLPACK,EQ,11498,4989,43.39
20,2300,TCS,EQ,1821198,1082619,59.45
20,2301,TDPOWERSYS,EQ,1700044,955352,56.20
20,2302,TEAMLEASE,EQ,26571,16142,60.75
20,2303,TECH,EQ,53205,47813,89.87
20,2304,TECHLABS,SM,8000,8000,100.00
20,2305,TECHM,EQ,896602,343358,38.30
20,2306,TEGA,EQ,207247,156432,75.48
20,2307,TEJASNET,EQ,563259,323611,57.45
20,2308,TEMBO,EQ,42202,10244,24.27
20,2309,TEXINFRA,EQ,1435472,582849,40.60
20,2310,TEXMOPIPES,EQ,129779,78262,60.30
20,2311,TEXRAIL,EQ,5292931,2179615,41.18
20,2312,TFCILTD,EQ,2222800,1016271,45.72
20,2313,TGBHOTELS,EQ,106164,56961,53.65
20,2314,TGL,SM,9600,9600,100.00
20,2315,THANGAMAYL,EQ,22797,10780,47.29
20,2316,THEINVEST,EQ,530951,278512,52.46
20,2317,THEJO,EQ,86410,38161,44.16
20,2318,THEMISMED,EQ,54047,37368,69.14
20,2319,THERMAX,EQ,50086,16186,32.32
20,2320,THOMASCOOK,EQ,708870,385860,54.43
20,2321,THYROCARE,EQ,86360,48620,56.30
20,2322,TI,EQ,708138,427684,60.40
20,2323,TIDEWATER,EQ,74789,27475,36.74
20,2324,TIIL,EQ,7815,3755,48.05
20,2325,TIINDIA,EQ,348476,288414,82.76
20,2326,TIMESCAN,SM,36000,24000,66.67
20,2327,TIMESGTY,EQ,23925,14250,59.56
20,2328,TIMETECHNO,EQ,627998,240906,38.36
20,2329,TIMKEN,EQ,248882,122738,49.32
20,2330,TIPSFILMS,EQ,4223,3005,71.16
20,2331,TIPSINDLTD,EQ,334541,206144,61.62
20,2332,TIRUMALCHM,EQ,527949,287666,54.49
20,2333,TIRUPATI,SM,1500,1500,100.00
20,2334,TITAGARH,EQ,1066840,551482,51.69
20,2335,TITAN,EQ,980605,631486,64.40
20,2336,TMB,EQ,66085,31400,47.51
20,2337,TNIDETF,EQ,133930,124019,92.60
20,2338,TNPETRO,EQ,392244,207907,53.00
20,2339,TNPL,EQ,698277,309655,44.35
20,2340,TOKYOPLAST,EQ,474966,225594,47.50
20,2341,TOP100CASE,EQ,91288,76648,83.96
20,2342,TORNTPHARM,EQ,218267,153320,70.24
20,2343,TORNTPOWER,EQ,211602,145475,68.75
20,2344,TOUCHWOOD,EQ,3370,635,18.84
20,2345,TPHQ,EQ,18673231,9923547,53.14
20,2346,TPLPLASTEH,EQ,174537,46302,26.53
20,2347,TRACXN,EQ,335213,170743,50.94
20,2348,TRANSTEEL,SM,172000,122000,70.93
20,2349,TREEHOUSE,EQ,42002,22194,52.84
20,2350,TREL,EQ,957244,478455,49.98
20,2351,TRENT,EQ,355297,170931,48.11
20,2352,TRIDENT,EQ,8490423,4078812,48.04
20,2353,TRIDHYA,SM,747000,240000,32.13
20,2354,TRITURBINE,EQ,1699202,662854,39.01
20,2355,TRIVENI,EQ,358799,127418,35.51
20,2356,TRU,EQ,10343441,1175435,11.36
20,2357,TRUST,SM,250800,147600,58.85
20,2358,TTKHLTCARE,EQ,64939,60375,92.97
20,2359,TTKPRESTIG,EQ,105054,53618,51.04
20,2360,TTL,EQ,28171,17950,63.72
20,2361,TTML,EQ,2274938,1072278,47.13
20,2362,TV18BRDCST,EQ,20826834,9972798,47.88
20,2363,TVSELECT,EQ,357846,157550,44.03
20,2364,TVSHLTD,EQ,7414,4645,62.65
20,2365,TVSMOTOR,EQ,745901,394687,52.91
20,2366,TVSSCS,EQ,3845255,1626817,42.31
20,2367,TVSSRICHAK,EQ,35834,11103,30.98
20,2368,TVTODAY,EQ,156224,61871,39.60
20,2369,UBL,EQ,139825,71940,51.45
20,2370,UCAL,EQ,85888,52367,60.97
20,2371,UCOBANK,EQ,4852673,1592847,32.82
20,2372,UDAICEMENT,EQ,1588611,865808,54.50
20,2373,UDS,EQ,240835,136414,56.64
20,2374,UFLEX,EQ,1457742,397283,27.25
20,2375,UFO,EQ,197676,108871,55.08
20,2376,UGARSUGAR,EQ,244285,85032,34.81
20,2377,UGROCAP,EQ,271980,138690,50.99
20,2378,UJJIVANSFB,EQ,15408026,9522215,61.80
20,2379,ULTRACEMCO,EQ,206171,97345,47.22
20,2380,UMA,SM,24000,16000,66.67
20,2381,UMANGDAIRY,EQ,397965,162761,40.90
20,2382,UMESLTD,EQ,480451,350288,72.91
20,2383,UNICHEMLAB,EQ,14374,6035,41.99
20,2384,UNIDT,EQ,10773,6488,60.22
20,2385,UNIENTER,EQ,35054,23140,66.01
20,2386,UNIHEALTH,SM,14000,13000,92.86
20,2387,UNIINFO,EQ,82720,29615,35.80
20,2388,UNIONBANK,EQ,11382619,6686527,58.74
20,2389,UNIPARTS,EQ,90206,52504,58.20
20,2390,UNITDSPR,EQ,420654,263372,62.61
20,2391,UNITEDPOLY,EQ,4293,2606,60.70
20,2392,UNITEDTEA,EQ,6971,5676,81.42
20,2393,UNIVCABLES,EQ,109781,56526,51.49
20,2394,UNIVPHOTO,EQ,3687,2891,78.41
20,2395,UNOMINDA,EQ,1019833,538139,52.77
20,2396,UPL,EQ,1898741,799808,42.12
20,2397,URBAN,SM,51200,28800,56.25
20,2398,URJA,EQ,2770649,1850280,66.78
20,2399,USASEEDS,SM,31800,19500,61.32
20,2400,USHAMART,EQ,652351,331984,50.89
20,2401,UTIAMC,EQ,257367,140258,54.50
20,2402,UTIBANKETF,EQ,415894,300921,72.36
20,2403,UTINEXT50,EQ,27963,21665,77.48
20,2404,UTINIFTETF,EQ,14939,13477,90.21
20,2405,UTISENSETF,EQ,1055,722,68.44
20,2406,UTISXN50,EQ,3685,2216,60.14
20,2407,UTKARSHBNK,EQ,3491494,2299465,65.86
20,2408,UTTAMSUGAR,EQ,123482,56967,46.13
20,2409,VADILALIND,EQ,7433,3952,53.17
20,2410,VAIBHAVGBL,EQ,437479,223073,50.99
20,2411,VAISHALI,EQ,98976,87840,88.75
20,2412,VAKRANGEE,EQ,3521761,1546689,43.92
20,2413,VALIANTLAB,EQ,141828,72448,51.08
20,2414,VALIANTORG,EQ,28030,13548,48.33
20,2415,VARDHACRLC,EQ,66810,44197,66.15
20,2416,VARDMNPOLY,EQ,153079,113954,74.44
20,2417,VARROC,EQ,297975,139189,46.71
20,2418,VASA,SM,4000,4000,100.00
20,2419,VASCONEQ,EQ,1335233,608338,45.56
20,2420,VBL,EQ,1013630,647990,63.93
20,2421,VEDL,EQ,7347763,3429883,46.68
20,2422,VEEKAYEM,SM,5000,5000,100.00
20,2423,VELS,SM,1200,1200,100.00
20,2424,VENKEYS,EQ,19469,9182,47.16
20,2425,VENUSPIPES,EQ,74406,53283,71.61
20,2426,VENUSREM,EQ,39127,23322,59.61
20,2427,VERANDA,EQ,786824,417051,53.00
20,2428,VERITAAS,SM,1200,1200,100.00
20,2429,VERTEXPLUS,ST,1200,1200,100.00
20,2430,VESUVIUS,EQ,46018,23403,50.86
20,2431,VETO,EQ,172215,79389,46.10
20,2432,VGUARD,EQ,847860,295290,34.83
20,2433,VHL,EQ,6418,3716,57.90
20,2434,VIAZ,SM,110000,98000,89.09
20,2435,VIDHIING,EQ,130558,55450,42.47
20,2436,VIJAYA,EQ,89745,40298,44.90
20,2437,VIKASECO,EQ,6794296,3619647,53.27
20,2438,VIKASLIFE,EQ,6895275,4509818,65.40
20,2439,VILAS,SM,124000,96000,77.42
20,2440,VILINBIO,SM,112000,52000,46.43
20,2441,VIMTALABS,EQ,42487,24342,57.29
20,2442,VINATIORGA,EQ,30910,15957,51.62
20,2443,VINDHYATEL,EQ,29509,15771,53.44
20,2444,VINEETLAB,EQ,77415,9515,12.29
20,2445,VINNY,EQ,585354,413749,70.68
20,2446,VINSYS,SM,27000,18500,68.52
20,2447,VINYAS,SM,10600,6600,62.26
20,2448,VINYLINDIA,EQ,79626,30279,38.03
20,2449,VIPCLOTHNG,EQ,336669,185219,55.02
20,2450,VIPIND,EQ,222926,118476,53.15
20,2451,VIPULLTD,EQ,818420,579801,70.84
20,2452,VIRINCHI,EQ,308843,178153,57.68
20,2453,VISAKAIND,EQ,383307,264997,69.13
20,2454,VISAMAN,ST,375000,324000,86.40
20,2455,VISHNU,EQ,109635,70811,64.59
20,2456,VISHNUINFR,SM,51500,38500,74.76
20,2457,VISHWARAJ,EQ,1586158,597846,37.69
20,2458,VISHWAS,SM,32000,28800,90.00
20,2459,VITAL,SM,769200,349200,45.40
20,2460,VIVIANA,SM,30500,16000,52.46
20,2461,VIVO,SM,3200,3200,100.00
20,2462,VLSFINANCE,EQ,110705,62364,56.33
20,2463,VMARCIND,SM,27000,27000,100.00
20,2464,VMART,EQ,101550,49163,48.41
20,2465,VOLTAMP,EQ,42221,24320,57.60
20,2466,VOLTAS,EQ,1022098,586750,57.41
20,2467,VPRPL,EQ,1269108,665969,52.48
20,2468,VR,SM,41600,38400,92.31
20,2469,VRLLOG,EQ,189670,97565,51.44
20,2470,VSSL,EQ,55370,29467,53.22
20,2471,VSTIND,EQ,6817,3597,52.77
20,2472,VSTTILLERS,EQ,8582,3224,37.57
20,2473,VTL,EQ,63744,36093,56.62
20,2474,WABAG,EQ,460360,207181,45.00
20,2475,WALCHANNAG,EQ,306034,225726,73.76
20,2476,WALPAR,SM,17000,16000,94.12
20,2477,WANBURY,EQ,415429,341069,82.10
20,2478,WEALTH,EQ,2621,1892,72.19
20,2479,WELCORP,EQ,4482938,2003394,44.69
20,2480,WELENT,EQ,289981,148161,51.09
20,2481,WELINV,EQ,168,109,64.88
20,2482,WELSPUNLIV,EQ,1366659,626803,45.86
20,2483,WENDT,EQ,1551,846,54.55
20,2484,WESTLIFE,EQ,29613,11525,38.92
20,2485,WHEELS,EQ,194407,115243,59.28
20,2486,WHIRLPOOL,EQ,63472,23936,37.71
20,2487,WILLAMAGOR,EQ,8612,4197,48.73
20,2488,WINDLAS,EQ,43960,26458,60.19
20,2489,WINDMACHIN,EQ,48620,48620,100.00
20,2490,WINNY,ST,22000,22000,100.00
20,2491,WINSOL,SM,108800,54400,50.00
20,2492,WIPL,EQ,16715,10386,62.14
20,2493,WIPRO,EQ,8024692,3253614,40.55
20,2494,WOCKPHARMA,EQ,2980065,922536,30.96
20,2495,WOMANCART,SM,38400,28800,75.00
20,2496,WONDERLA,EQ,27970,17588,62.88
20,2497,WORTH,EQ,36193,23898,66.03
20,2498,WSI,EQ,317197,160270,50.53
20,2499,WSTCSTPAPR,EQ,525983,221997,42.21
20,2500,WTICAB,SM,70000,53000,75.71
20,2501,XCHANGING,EQ,461953,262483,56.82
20,2502,XPROINDIA,EQ,30035,21401,71.25
20,2503,YASHO,EQ,7851,4229,53.87
20,2504,YASHOPTICS,SM,1294400,718400,55.50
20,2505,YATHARTH,EQ,508397,292939,57.62
20,2506,YATRA,EQ,396107,152581,38.52
20,2507,YCCL,SM,48000,36000,75.00
20,2508,YESBANK,EQ,97595777,38635742,39.59
20,2509,YUDIZ,ST,3200,3200,100.00
20,2510,YUKEN,EQ,33552,26539,79.10
20,2511,ZAGGLE,EQ,1709368,737248,43.13
20,2512,ZEAL,SM,28800,26400,91.67
20,2513,ZEEL,EQ,8479126,5265428,62.10
20,2514,ZEEMEDIA,EQ,7767192,2868023,36.92
20,2515,ZENITHDRUG,SM,30400,19200,63.16
20,2516,ZENITHSTL,EQ,566183,464775,82.09
20,2517,ZENSARTECH,EQ,475872,259907,54.62
20,2518,ZENTEC,EQ,1525304,622270,40.80
20,2519,ZFCVINDIA,EQ,9245,4237,45.83
20,2520,ZIMLAB,EQ,677310,395953,58.46
20,2521,ZOMATO,EQ,61479249,30344263,49.36
20,2522,ZOTA,EQ,48838,30380,62.21
20,2523,ZTECH,SM,8400,8400,100.00
20,2524,ZUARI,EQ,639846,256398,40.07
20,2525,ZUARIIND,EQ,455628,200006,43.90
20,2526,ZYDUSLIFE,EQ,2674685,1364381,51.01
20,2527,ZYDUSWELL,EQ,274707,84054,30.60
