Security Wise Delivery Position - Compulsory Rolling Settlement
10,MTO,20082024,1703799236,0002489
Trade Date <20-AUG-2024>,Settlement Type <N>
Record Type,Sr No,Name of Security,Quantity Traded,Deliverable Quantity(gross across client level),% of Deliverable Quantity to Traded Quantity
20,1,0MOFSL26,N1,50,50,100.00
20,2,1003ISFL28,N4,200,200,100.00
20,3,1015ECL29,NR,148,138,93.24
20,4,1015SCL28B,AZ,40,40,100.00
20,5,1018GS2026,GS,4634,4634,100.00
20,6,1025SCL34A,ZT,1,1,100.00
20,7,1030ICCL28,NM,100,100,100.00
20,8,1040UCL25,N4,109,109,100.00
20,9,1050UCL25,N7,272,233,85.66
20,10,105IIFL29,N7,100,100,100.00
20,11,10IIFL28,N4,466,464,99.57
20,12,10IIFL28A,NE,164,164,100.00
20,13,10NFL25,N9,29,29,100.00
20,14,10NIDO26,N6,700,700,100.00
20,15,1102NFL26,N8,10,10,100.00
20,16,182D050924,TB,100,100,100.00
20,17,182D060225,TB,100,100,100.00
20,18,182D120924,TB,100,100,100.00
20,19,182D190924,TB,100,100,100.00
20,20,182D221124,TB,100,100,100.00
20,21,20MICRONS,EQ,545313,236393,43.35
20,22,360ONE,EQ,286388,134425,46.94
20,23,364D051224,TB,100,100,100.00
20,24,364D071124,TB,100,100,100.00
20,25,364D190625,TB,300,300,100.00
20,26,364D260625,TB,100,100,100.00
20,27,364D310725,TB,1600,1600,100.00
20,28,3IINFOLTD,EQ,794497,383908,48.32
20,29,3MINDIA,EQ,5140,2457,47.80
20,30,563GS2026,GS,306,306,100.00
20,31,574GS2026,GS,478,430,89.96
20,32,5PAISA,EQ,301778,153826,50.97
20,33,618GS2024,GS,2,2,100.00
20,34,63MOONS,EQ,228007,102071,44.77
20,35,654GS2032,GS,24503,24501,99.99
20,36,667GS2035,GS,1,1,100.00
20,37,676GS2061,GS,916,916,100.00
20,38,697GR2034,GS,300,300,100.00
20,39,699GS2026,GS,6441,5441,84.47
20,40,699GS2051,GS,1801,1801,100.00
20,41,702GS2027,GS,200,200,100.00
20,42,702GS2031,GS,200,200,100.00
20,43,704GS2029,GS,100,100,100.00
20,44,706GS2028,GS,5900,5900,100.00
20,45,707TN38,SG,1000,1000,100.00
20,46,710GS2029,GS,28700,27200,94.77
20,47,717GS2030,GS,11430,9630,84.25
20,48,718GS2033,GS,205494,205484,100.00
20,49,718GS2037,GS,39121,27121,69.33
20,50,719TN42,SG,1000,1000,100.00
20,51,71GS2034,GS,36400,36000,98.90
20,52,71MH36,SG,10000,10000,100.00
20,53,723GS2039,GS,100,100,100.00
20,54,725GS2063,GS,9831,9831,100.00
20,55,726GS2032,GS,9500,9500,100.00
20,56,726GS2033,GS,1000,1000,100.00
20,57,727GS2026,GS,1000,1000,100.00
20,58,732GS2030,GS,13372,9752,72.93
20,59,733GS2026,GS,39260,26960,68.67
20,60,734GS2064,GS,3892,3892,100.00
20,61,734IRFC28,N4,14,8,57.14
20,62,735PFCL35,N1,363,363,100.00
20,63,736NTPC25D,NB,7,7,100.00
20,64,737GS2028,GS,25300,25200,99.60
20,65,738GS2027,GS,328199,328108,99.97
20,66,738REC27TF,N2,79,76,96.20
20,67,739NHAI26,N8,578,578,100.00
20,68,73GS2053,GS,105401,100400,95.26
20,69,741GS2036,GS,49002,49000,100.00
20,70,746GS2073,GS,7691,6501,84.53
20,71,74GS2062,GS,29413,19063,64.81
20,72,74TN42,SG,2000,2000,100.00
20,73,750IRFC35,NK,6,6,100.00
20,74,753IRFC30,NJ,2,1,50.00
20,75,754GS2036,GS,623655,508017,81.46
20,76,755GJ31,SG,200,200,100.00
20,77,757GS2033,GS,200,100,50.00
20,78,759GS2026,GS,24,24,100.00
20,79,762NTPC35F,ND,1,1,100.00
20,80,764HUDCO31,N8,1,1,100.00
20,81,764IRFC31,NO,886,886,100.00
20,82,764NABAR31,N2,591,591,100.00
20,83,769HUDCO31,N9,59,59,100.00
20,84,769NHAI31,NE,500,500,100.00
20,85,76IGT26,ND,100,100,100.00
20,86,76KA38,SG,100,100,100.00
20,87,76NHAI31,NA,1675,1675,100.00
20,88,771JK48,SG,100,100,100.00
20,89,772GS2049,GS,200,200,100.00
20,90,773UP33A,SG,100,100,100.00
20,91,774IREDA31,N7,50,50,100.00
20,92,79NHIT35,N1,1000,653,65.30
20,93,79NHIT40,N2,21,21,100.00
20,94,79NHIT47,N3,21,21,100.00
20,95,801TCH25,N4,38,34,89.47
20,96,810IRFC27,N2,556,526,94.60
20,97,812REC27,NI,200,200,100.00
20,98,820IIFL27,N9,378,378,100.00
20,99,829LTF24,NL,1,1,100.00
20,100,82HUDCO27,N2,550,450,81.82
20,101,82IGT31,NJ,441,441,100.00
20,102,82SCL24,NO,2,2,100.00
20,103,830NHAI27,N2,4081,3358,82.28
20,104,830PFCL27,N5,90,90,100.00
20,105,835SCL23,NN,44,44,100.00
20,106,835SCL23B,YM,56,56,100.00
20,107,840CIFCL28,N4,10,10,100.00
20,108,840IRFC29,N8,1,1,100.00
20,109,842IIFL26,NL,4442,4125,92.86
20,110,846REC28,N6,2830,2413,85.27
20,111,849NTPC25,N7,105426,75276,71.40
20,112,84TCHF28,NA,1,1,100.00
20,113,85IFL26,NX,32,11,34.38
20,114,85IIFL24,NJ,61,56,91.80
20,115,865IFL28,NZ,10,10,100.00
20,116,865IIFL28,NS,247,247,100.00
20,117,865IRFC29,NA,380,380,100.00
20,118,865LTF26,NN,50,50,100.00
20,119,865TCAPS27,N8,820,790,96.34
20,120,866SCFL25,Y8,100,100,100.00
20,121,86LTF24,NJ,170,170,100.00
20,122,871REC28,N9,949,874,92.10
20,123,875IHFL29,ND,529,529,100.00
20,124,875IIFL26,NM,20,20,100.00
20,125,875IIFL26A,NQ,2,1,50.00
20,126,875NHAI29,N6,8964,8188,91.34
20,127,875PCHFL26,N8,20,20,100.00
20,128,876HUDCO28,ND,30,20,66.67
20,129,879NHPC28,N5,30,30,100.00
20,130,87LTF27,NH,482,455,94.40
20,131,880IREDA29,N5,70,70,100.00
20,132,885MOFSL26,N0,30,30,100.00
20,133,888IRFC29,NE,225,200,88.89
20,134,888REC29,NF,20,20,100.00
20,135,88SCFL25,YZ,1,1,100.00
20,136,891IIFCL34,N4,5,5,100.00
20,137,892PFCL33,N8,89,84,94.38
20,138,897MOFSL29,N4,253,252,99.60
20,139,898LTF29,N7,100,100,100.00
20,140,8ABFL26,N0,134,100,74.63
20,141,901HUDCO34,NE,460,460,100.00
20,142,901NHB34,N6,184,184,100.00
20,143,903SFL28,YI,350,350,100.00
20,144,905SC24B,Z9,5,4,80.00
20,145,910TCAP28,NA,348,274,78.74
20,146,915SCL26,NE,9,8,88.89
20,147,915SCL27,Z7,2,1,50.00
20,148,91D031024,TB,300,200,66.67
20,149,91D050924,TB,100,100,100.00
20,150,91D071124,TB,200,200,100.00
20,151,91D101024,TB,1000,1000,100.00
20,152,91D120924,TB,2200,1100,50.00
20,153,91D190924,TB,600,500,83.33
20,154,91D230824,TB,100,100,100.00
20,155,91D260924,TB,100,100,100.00
20,156,91MOFSL27,N2,79,79,100.00
20,157,921ISFL25,N0,38,38,100.00
20,158,925CAGL26,N9,50,50,100.00
20,159,925IHFL25D,N6,6,3,50.00
20,160,92GS2030,GS,2,2,100.00
20,161,935LTF29,N5,102,102,100.00
20,162,935MOFSL29,N5,450,345,76.67
20,163,93MOFSL34,N6,646,646,100.00
20,164,93SCL24A,ZN,28,28,100.00
20,165,943ECL28,NJ,94,94,100.00
20,166,945CAGL24,N1,37,37,100.00
20,167,945IFSL25,N4,10,10,100.00
20,168,948SCL26,N9,6,6,100.00
20,169,94IFCI25,NL,321,320,99.69
20,170,94SFL28,YL,520,520,100.00
20,171,950SCL23A,AP,19,10,52.63
20,172,955SCL27,Z5,2,1,50.00
20,173,957ICCL25,YW,220,220,100.00
20,174,957IIFLS27,NA,20,20,100.00
20,175,960CAGL25,N3,35,35,100.00
20,176,965IHFL25D,N7,50,50,100.00
20,177,965SCL26A,ZB,10,10,100.00
20,178,96IIFL28,N5,821,820,99.88
20,179,96IIFL28A,NF,379,376,99.21
20,180,96SFL24A,NB,260,168,64.62
20,181,970CAGL28,ND,761,761,100.00
20,182,971SCL28,AN,20,20,100.00
20,183,971SCL28I,BC,63,31,49.21
20,184,975NFL25,N0,7,7,100.00
20,185,975SCL28,NT,1,1,100.00
20,186,97MOFSL34,N7,500,420,84.00
20,187,97SFL29,YZ,75,75,100.00
20,188,985ECL28,NK,75,75,100.00
20,189,985IIFL22,NC,133,133,100.00
20,190,990SCL26,N7,6,6,100.00
20,191,99IFCI24,NH,881,881,100.00
20,192,9IIFL28,Y0,200,200,100.00
20,193,9IIFL28A,NT,442,442,100.00
20,194,9MMFSML,N2,73,73,100.00
20,195,9PCHFL31A,NA,75,75,100.00
20,196,AAATECH,EQ,43743,28304,64.71
20,197,AADHARHFC,EQ,342003,186218,54.45
20,198,AAREYDRUGS,EQ,152687,94882,62.14
20,199,AARON,EQ,13325,5574,41.83
20,200,AARTECH,EQ,40877,22602,55.29
20,201,AARTIDRUGS,EQ,129901,46817,36.04
20,202,AARTIIND,EQ,2003091,758242,37.85
20,203,AARTIPHARM,EQ,426695,215071,50.40
20,204,AARTISURF,EQ,10637,4906,46.12
20,205,AARVI,EQ,15143,8566,56.57
20,206,AATMAJ,SM,10000,10000,100.00
20,207,AAVAS,EQ,109703,56208,51.24
20,208,ABAN,EQ,2218358,1147121,51.71
20,209,ABB,EQ,180753,86703,47.97
20,210,ABBOTINDIA,EQ,7954,2552,32.08
20,211,ABCAPITAL,EQ,5285661,2162554,40.91
20,212,ABCOTS,SM,1500,1000,66.67
20,213,ABDL,EQ,1997835,990148,49.56
20,214,ABFRL,EQ,1757270,928742,52.85
20,215,ABGSEC,EQ,708,703,99.29
20,216,ABINFRA,SM,4000,4000,100.00
20,217,ABSLAMC,EQ,1494164,703911,47.11
20,218,ABSLBANETF,EQ,53376,30338,56.84
20,219,ABSLLIQUID,EQ,18140,17389,95.86
20,220,ABSLNN50ET,EQ,7935,5278,66.52
20,221,ABSLPSE,EQ,123175,111909,90.85
20,222,ABSMARINE,SM,110000,81000,73.64
20,223,ACC,EQ,329779,187193,56.76
20,224,ACCELYA,EQ,9185,4861,52.92
20,225,ACCENTMIC,SM,28000,19500,69.64
20,226,ACCORD,SM,2000,2000,100.00
20,227,ACE,EQ,415875,160275,38.54
20,228,ACEINTEG,EQ,5870,3277,55.83
20,229,ACI,EQ,931330,487691,52.37
20,230,ACL,EQ,40031,22472,56.14
20,231,ACLGATI,EQ,6009946,2658530,44.24
20,232,ACSAL,SM,36000,24000,66.67
20,233,ADANIENSOL,EQ,1099089,526452,47.90
20,234,ADANIENT,EQ,662263,185895,28.07
20,235,ADANIGREEN,EQ,1088866,458980,42.15
20,236,ADANIPORTS,EQ,990643,357936,36.13
20,237,ADANIPOWER,EQ,11990722,7424111,61.92
20,238,ADFFOODS,EQ,1224651,255842,20.89
20,239,ADL,EQ,4082,1120,27.44
20,240,ADORWELD,EQ,19670,12645,64.29
20,241,ADROITINFO,EQ,31694,23898,75.40
20,242,ADROITPP1,E1,15366,13014,84.69
20,243,ADSL,EQ,376044,154386,41.06
20,244,ADVANIHOTR,EQ,156103,85094,54.51
20,245,ADVENZYMES,EQ,813805,317435,39.01
20,246,AEGISLOG,EQ,1914448,1672509,87.36
20,247,AEROFLEX,EQ,1924674,560594,29.13
20,248,AESTHETIK,ST,1950000,1914000,98.15
20,249,AETHER,EQ,81584,49387,60.54
20,250,AFFLE,EQ,632806,357535,56.50
20,251,AFIL,EQ,241045,125088,51.89
20,252,AGARIND,EQ,23196,13487,58.14
20,253,AGARWALFT,ST,3000,3000,100.00
20,254,AGI,EQ,176382,87030,49.34
20,255,AGIIL,EQ,10023,7053,70.37
20,256,AGNI,SM,35000,20000,57.14
20,257,AGRITECH,EQ,12600,7388,58.63
20,258,AGROPHOS,EQ,36119,20088,55.62
20,259,AGSTRA,EQ,615593,281710,45.76
20,260,AHL,EQ,313895,67933,21.64
20,261,AHLEAST,EQ,19927,4858,24.38
20,262,AHLUCONT,EQ,27961,15570,55.68
20,263,AIAENG,EQ,29252,8950,30.60
20,264,AIIL,EQ,148565,73184,49.26
20,265,AILIMITED,ST,9000,9000,100.00
20,266,AIMTRON,ST,136800,121600,88.89
20,267,AIROLAM,EQ,27602,14878,53.90
20,268,AIRTELPP,E1,75195,56957,75.75
20,269,AISL,SM,12000,8400,70.00
20,270,AJANTPHARM,EQ,474123,142879,30.14
20,271,AJMERA,EQ,18455,12203,66.12
20,272,AJOONI,EQ,1359000,890944,65.56
20,273,AKANKSHA,ST,20000,18000,90.00
20,274,AKASH,EQ,35257,16868,47.84
20,275,AKG,EQ,685495,458462,66.88
20,276,AKI,EQ,46613,29509,63.31
20,277,AKIKO,SM,22400,17600,78.57
20,278,AKSHAR,EQ,7582482,4483279,59.13
20,279,AKSHARCHEM,EQ,7076,3161,44.67
20,280,AKSHOPTFBR,EQ,273510,191196,69.90
20,281,AKUMS,EQ,723301,338423,46.79
20,282,AKZOINDIA,EQ,15781,8189,51.89
20,283,ALANKIT,EQ,3796398,1860855,49.02
20,284,ALBERTDAVD,EQ,31664,10527,33.25
20,285,ALEMBICLTD,EQ,1848019,667847,36.14
20,286,ALICON,EQ,25638,12959,50.55
20,287,ALKALI,EQ,11997,7164,59.71
20,288,ALKEM,EQ,370393,267733,72.28
20,289,ALKYLAMINE,EQ,26469,13297,50.24
20,290,ALLCARGO,EQ,66556162,8790676,13.21
20,291,ALLETEC,SM,41200,28000,67.96
20,292,ALLSEC,EQ,17209,8659,50.32
20,293,ALOKINDS,EQ,6806411,2632886,38.68
20,294,ALPA,EQ,192665,111818,58.04
20,295,ALPEXSOLAR,ST,45600,41200,90.35
20,296,ALPHA,EQ,763530,463069,60.65
20,297,ALPHAETF,EQ,573609,501529,87.43
20,298,ALPL30IETF,EQ,4172821,2443621,58.56
20,299,ALUWIND,ST,51000,51000,100.00
20,300,AMBER,EQ,173382,86340,49.80
20,301,AMBEY,SM,120000,84000,70.00
20,302,AMBICAAGAR,EQ,888001,515943,58.10
20,303,AMBIKCO,EQ,24951,11900,47.69
20,304,AMBUJACEM,EQ,1390850,752469,54.10
20,305,AMDIND,EQ,133743,84051,62.85
20,306,AMEYA,SM,16000,12000,75.00
20,307,AMIORG,EQ,74898,44124,58.91
20,308,AMJUMBO,SM,168000,104000,61.90
20,309,AMNPLST,EQ,231952,47607,20.52
20,310,AMRUTANJAN,EQ,218617,109797,50.22
20,311,ANANDRATHI,EQ,22665,17038,75.17
20,312,ANANTRAJ,EQ,961378,449574,46.76
20,313,ANDHRAPAP,EQ,551381,138518,25.12
20,314,ANDHRSUGAR,EQ,289118,116258,40.21
20,315,ANGELONE,EQ,14703506,1827715,12.43
20,316,ANLON,ST,4000,3600,90.00
20,317,ANNAPURNA,SM,384000,188500,49.09
20,318,ANTGRAPHIC,EQ,2770246,1490610,53.81
20,319,ANUP,EQ,35414,23843,67.33
20,320,ANURAS,EQ,76801,37719,49.11
20,321,APARINDS,EQ,93976,43218,45.99
20,322,APCL,EQ,21862,13303,60.85
20,323,APCOTEXIND,EQ,11898,7275,61.14
20,324,APEX,EQ,93409,48375,51.79
20,325,APLAPOLLO,EQ,684300,426811,62.37
20,326,APLLTD,EQ,84547,32727,38.71
20,327,APOLLO,EQ,2860729,2182649,76.30
20,328,APOLLOHOSP,EQ,146064,56047,38.37
20,329,APOLLOPIPE,EQ,137415,86846,63.20
20,330,APOLLOTYRE,EQ,3164460,1267292,40.05
20,331,APOLSINHOT,EQ,1595,1105,69.28
20,332,APRAMEYA,SM,48000,42000,87.50
20,333,APS,ST,49000,46000,93.88
20,334,APTECHT,EQ,616149,290840,47.20
20,335,APTUS,EQ,377851,231987,61.40
20,336,ARABIAN,SM,14000,12000,85.71
20,337,ARCHIDPLY,EQ,146632,62784,42.82
20,338,ARCHIES,EQ,47533,36961,77.76
20,339,ARE&M,EQ,371399,201812,54.34
20,340,ARHAM,SM,15000,11000,73.33
20,341,ARIES,EQ,49993,20230,40.47
20,342,ARIHANTACA,SM,39200,26400,67.35
20,343,ARIHANTCAP,EQ,854523,429186,50.23
20,344,ARIHANTSUP,EQ,24918,9614,38.58
20,345,ARISTO,SM,20800,19200,92.31
20,346,ARMANFIN,EQ,74725,50556,67.66
20,347,AROGRANITE,EQ,606238,260487,42.97
20,348,ARROWGREEN,EQ,84174,52755,62.67
20,349,ARTEMISMED,EQ,233613,187041,80.06
20,350,ARVIND,EQ,654195,293679,44.89
20,351,ARVINDFASN,EQ,426250,222883,52.29
20,352,ARVSMART,EQ,22701,11372,50.09
20,353,ASAHIINDIA,EQ,54805,30659,55.94
20,354,ASAHISONG,EQ,16150,8351,51.71
20,355,ASAL,EQ,39203,18723,47.76
20,356,ASALCBR,EQ,38111,19409,50.93
20,357,ASCOM,ST,1500,1500,100.00
20,358,ASHALOG,ST,321000,295000,91.90
20,359,ASHAPURMIN,EQ,170317,105088,61.70
20,360,ASHIANA,EQ,64932,35436,54.57
20,361,ASHOKA,EQ,802123,385871,48.11
20,362,ASHOKAMET,EQ,23894,17652,73.88
20,363,ASHOKLEY,EQ,8623913,4081519,47.33
20,364,ASIANENE,EQ,256767,163705,63.76
20,365,ASIANHOTNR,EQ,2038,1424,69.87
20,366,ASIANPAINT,EQ,668282,365570,54.70
20,367,ASIANTILES,EQ,7094858,3504612,49.40
20,368,ASKAUTOLTD,EQ,188669,103524,54.87
20,369,ASMS,EQ,893569,427099,47.80
20,370,ASPINWALL,EQ,29885,12668,42.39
20,371,ASPIRE,SM,18000,16000,88.89
20,372,ASTEC,EQ,31763,17271,54.37
20,373,ASTERDM,EQ,842767,440291,52.24
20,374,ASTRAL,EQ,816174,502728,61.60
20,375,ASTRAMICRO,EQ,262773,124998,47.57
20,376,ASTRAZEN,EQ,4082,1517,37.16
20,377,ATAM,EQ,136742,41336,30.23
20,378,ATFL,EQ,57535,34993,60.82
20,379,ATGL,EQ,4687430,2713465,57.89
20,380,ATL,EQ,1309931,475963,36.33
20,381,ATMASTCO,ST,47200,44800,94.92
20,382,ATUL,EQ,25639,7090,27.65
20,383,AUBANK,EQ,2026046,761464,37.58
20,384,AURDIS,SM,7000,6000,85.71
20,385,AURIONPRO,EQ,113985,73502,64.48
20,386,AUROIMPEX,SM,9600,6400,66.67
20,387,AUROPHARMA,EQ,1113655,669106,60.08
20,388,AURUM,EQ,1741486,258937,14.87
20,389,AURUMPP1,E1,71792,59481,82.85
20,390,AUTOAXLES,EQ,9472,6950,73.37
20,391,AUTOBEES,EQ,206908,142589,68.91
20,392,AUTOIETF,EQ,1126958,887859,78.78
20,393,AUTOIND,EQ,341252,126963,37.21
20,394,AVADHSUGAR,EQ,401761,169355,42.15
20,395,AVALON,EQ,303275,114747,37.84
20,396,AVANTEL,EQ,501545,208626,41.60
20,397,AVANTIFEED,EQ,620996,260273,41.91
20,398,AVG,EQ,28798,16326,56.69
20,399,AVPINFRA,SM,176000,115200,65.45
20,400,AVROIND,EQ,34507,19229,55.72
20,401,AVTNPL,EQ,3460619,965173,27.89
20,402,AWFIS,EQ,1875484,274341,14.63
20,403,AWHCL,EQ,87911,60677,69.02
20,404,AWL,EQ,1599189,773516,48.37
20,405,AXISBANK,EQ,6721749,2742357,40.80
20,406,AXISBNKETF,EQ,66784,66695,99.87
20,407,AXISBPSETF,EQ,44266,30688,69.33
20,408,AXISCADES,EQ,544978,170324,31.25
20,409,AXISCETF,EQ,282085,266046,94.31
20,410,AXISGOLD,EQ,210102,131374,62.53
20,411,AXISHCETF,EQ,66881,65052,97.27
20,412,AXISILVER,EQ,37967,31938,84.12
20,413,AXISNIFTY,EQ,109102,105084,96.32
20,414,AXISTECETF,EQ,104321,96589,92.59
20,415,AXITA,EQ,1122437,463392,41.28
20,416,AXSENSEX,EQ,1879,1760,93.67
20,417,AZAD,EQ,93103,55427,59.53
20,418,BABAFP,SM,16000,16000,100.00
20,419,BAGFILMS,EQ,104227,75870,72.79
20,420,BAHETI,SM,4500,4500,100.00
20,421,BAJAJ-AUTO,EQ,132844,60360,45.44
20,422,BAJAJCON,EQ,236100,146238,61.94
20,423,BAJAJELEC,EQ,394892,333485,84.45
20,424,BAJAJFINSV,EQ,3149863,1526079,48.45
20,425,BAJAJHCARE,EQ,164840,78956,47.90
20,426,BAJAJHIND,EQ,22106691,7648193,34.60
20,427,BAJAJHLDNG,EQ,21525,11939,55.47
20,428,BAJEL,EQ,203191,84664,41.67
20,429,BAJFINANCE,EQ,957159,490767,51.27
20,430,BALAMINES,EQ,57302,24726,43.15
20,431,BALAXI,EQ,8453,5861,69.34
20,432,BALKRISHNA,EQ,22218,12428,55.94
20,433,BALKRISIND,EQ,230637,148437,64.36
20,434,BALMLAWRIE,EQ,295278,122997,41.65
20,435,BALPHARMA,EQ,23664,16587,70.09
20,436,BALRAMCHIN,EQ,8331451,2960749,35.54
20,437,BALUFORGE,EQ,1233081,381163,30.91
20,438,BANARBEADS,EQ,5402,2199,40.71
20,439,BANARISUG,EQ,3446,2045,59.34
20,440,BANCOINDIA,EQ,69450,40709,58.62
20,441,BANDHANBNK,EQ,8108709,3435277,42.37
20,442,BANG,EQ,73187,32666,44.63
20,443,BANKBARODA,EQ,25268902,13673245,54.11
20,444,BANKBEES,EQ,1509755,1008984,66.83
20,445,BANKBETF,EQ,33387,29039,86.98
20,446,BANKETF,EQ,3905,2527,64.71
20,447,BANKETFADD,EQ,107880,34638,32.11
20,448,BANKIETF,EQ,3121283,3000875,96.14
20,449,BANKINDIA,EQ,5367129,2056840,38.32
20,450,BANKNIFTY1,EQ,76626,62130,81.08
20,451,BANSALWIRE,EQ,700906,315837,45.06
20,452,BANSWRAS,EQ,61518,40519,65.87
20,453,BARBEQUE,EQ,118053,39655,33.59
20,454,BASF,EQ,49856,23419,46.97
20,455,BASILIC,ST,15600,15300,98.08
20,456,BASML,EQ,270983,184923,68.24
20,457,BATAINDIA,EQ,193531,77366,39.98
20,458,BAWEJA,SM,24000,20800,86.67
20,459,BAYERCROP,EQ,117919,107909,91.51
20,460,BBETF0432,EQ,99,84,84.85
20,461,BBL,EQ,18217,9830,53.96
20,462,BBNPNBETF,EQ,2208,2201,99.68
20,463,BBNPPGOLD,EQ,1010,998,98.81
20,464,BBTC,EQ,286467,85473,29.84
20,465,BBTCL,EQ,5047,3207,63.54
20,466,BCLIND,EQ,4807237,3194357,66.45
20,467,BCONCEPTS,EQ,27734,15816,57.03
20,468,BDL,EQ,686091,321193,46.81
20,469,BEACON,SM,56000,36000,64.29
20,470,BEARDSELL,EQ,60366,15419,25.54
20,471,BECTORFOOD,EQ,81387,45973,56.49
20,472,BEDMUTHA,EQ,17344,13741,79.23
20,473,BEL,EQ,14183642,5926818,41.79
20,474,BEML,EQ,523567,139741,26.69
20,475,BEPL,EQ,3141815,1204651,38.34
20,476,BERGEPAINT,EQ,1809059,932160,51.53
20,477,BESTAGRO,EQ,121218,62698,51.72
20,478,BETA,SM,2000,1700,85.00
20,479,BEWLTD,SM,1375,1250,90.91
20,480,BFINVEST,EQ,54831,30143,54.97
20,481,BFSI,EQ,234094,184328,78.74
20,482,BFUTILITIE,EQ,180944,56263,31.09
20,483,BHAGCHEM,EQ,307201,149021,48.51
20,484,BHAGERIA,EQ,57279,28929,50.51
20,485,BHAGYANGR,EQ,97010,46034,47.45
20,486,BHANDARI,EQ,684805,410802,59.99
20,487,BHARATFORG,EQ,1042184,552038,52.97
20,488,BHARATGEAR,EQ,27399,17811,65.01
20,489,BHARATRAS,EQ,12990,3636,27.99
20,490,BHARATWIRE,EQ,578706,188313,32.54
20,491,BHARTIARTL,EQ,10046892,7697126,76.61
20,492,BHARTIHEXA,EQ,220974,87608,39.65
20,493,BHEL,EQ,7415963,1778338,23.98
20,494,BHINVIT,IV,67350,56614,84.06
20,495,BIGBLOC,EQ,73289,40191,54.84
20,496,BIKAJI,EQ,319757,155628,48.67
20,497,BIL,EQ,2198,1578,71.79
20,498,BINANIIND,EQ,42962,33813,78.70
20,499,BIOCON,EQ,4296486,1858025,43.25
20,500,BIOFILCHEM,EQ,19890,13127,66.00
20,501,BIRET,RR,189630,174210,91.87
20,502,BIRLACABLE,EQ,151676,58782,38.75
20,503,BIRLACORPN,EQ,105507,62918,59.63
20,504,BLAL,EQ,100187,42639,42.56
20,505,BLISSGVS,EQ,1997572,617409,30.91
20,506,BLKASHYAP,EQ,855029,408780,47.81
20,507,BLS,EQ,7179070,2719388,37.88
20,508,BLSE,EQ,2123053,588637,27.73
20,509,BLUEDART,EQ,6981,3416,48.93
20,510,BLUEJET,EQ,203409,110629,54.39
20,511,BLUEPEBBLE,SM,8800,7200,81.82
20,512,BLUESTARCO,EQ,506173,295650,58.41
20,513,BMETRICS,SM,10800,10800,100.00
20,514,BODALCHEM,EQ,360634,193493,53.65
20,515,BOMDYEING,EQ,1356956,592792,43.69
20,516,BOROLTD,EQ,227882,146267,64.19
20,517,BORORENEW,EQ,258227,133151,51.56
20,518,BOROSCI,EQ,110940,54112,48.78
20,519,BOSCHLTD,EQ,29425,3704,12.59
20,520,BPCL,EQ,22888866,7833581,34.22
20,521,BRIGADE,EQ,1039967,885608,85.16
20,522,BRITANNIA,EQ,189035,133726,70.74
20,523,BROOKS,EQ,88035,63196,71.79
20,524,BSE,EQ,1349232,536567,39.77
20,525,BSE500IETF,EQ,146502,124418,84.93
20,526,BSHSL,EQ,59065,31746,53.75
20,527,BSL,EQ,22677,8831,38.94
20,528,BSLGOLDETF,EQ,736605,712662,96.75
20,529,BSLNIFTY,EQ,334036,211438,63.30
20,530,BSLSENETFG,EQ,3689,1958,53.08
20,531,BSOFT,EQ,4544686,1445709,31.81
20,532,BULKCORP,ST,124800,124800,100.00
20,533,BUTTERFLY,EQ,11077,3962,35.77
20,534,BVCL,EQ,41757,25652,61.43
20,535,CADSYS,SM,59000,46000,77.97
20,536,CAGL25,N8,2,1,50.00
20,537,CALSOFT,EQ,60854,39857,65.50
20,538,CAMLINFINE,EQ,478891,210358,43.93
20,539,CAMPUS,EQ,390176,168718,43.24
20,540,CAMS,EQ,474648,176333,37.15
20,541,CANARYS,ST,84000,64000,76.19
20,542,CANBK,EQ,24247603,12287561,50.68
20,543,CANFINHOME,EQ,265744,80111,30.15
20,544,CANTABIL,EQ,557240,454541,81.57
20,545,CAPACITE,EQ,6241095,1656127,26.54
20,546,CAPITALSFB,EQ,67204,36611,54.48
20,547,CAPLIPOINT,EQ,757169,118886,15.70
20,548,CAPTRUST,EQ,332494,132926,39.98
20,549,CARBORUNIV,EQ,105529,65158,61.74
20,550,CARERATING,EQ,47352,19867,41.96
20,551,CARTRADE,EQ,286589,104901,36.60
20,552,CARYSIL,EQ,90104,45501,50.50
20,553,CASTROLIND,EQ,2183472,955902,43.78
20,554,CCL,EQ,280673,138865,49.48
20,555,CDSL,EQ,2243572,707644,31.54
20,556,CEATLTD,EQ,178678,69802,39.07
20,557,CEIGALL,EQ,699752,297083,42.46
20,558,CELEBRITY,EQ,83394,39488,47.35
20,559,CELLECOR,SM,774000,606000,78.29
20,560,CELLO,EQ,296273,148352,50.07
20,561,CELLPOINT,SM,18000,14400,80.00
20,562,CENTENKA,EQ,129599,61575,47.51
20,563,CENTEXT,EQ,806087,481797,59.77
20,564,CENTRALBK,EQ,4490240,1355283,30.18
20,565,CENTRUM,EQ,744809,264019,35.45
20,566,CENTUM,EQ,9427,4844,51.38
20,567,CENTURYPLY,EQ,57926,31406,54.22
20,568,CENTURYTEX,EQ,103209,62584,60.64
20,569,CERA,EQ,11422,4185,36.64
20,570,CESC,EQ,8341090,3013680,36.13
20,571,CGCL,EQ,192028,147846,76.99
20,572,CGPOWER,EQ,3718828,1262210,33.94
20,573,CGRAPHICS,SM,158400,108800,68.69
20,574,CHALET,EQ,93597,65027,69.48
20,575,CHAMBLFERT,EQ,2091365,832805,39.82
20,576,CHAVDA,SM,55000,38000,69.09
20,577,CHEMBOND,EQ,20205,10179,50.38
20,578,CHEMCON,EQ,283407,137217,48.42
20,579,CHEMFAB,EQ,33114,20726,62.59
20,580,CHEMPLASTS,EQ,229484,152197,66.32
20,581,CHENNPETRO,EQ,759010,301912,39.78
20,582,CHETANA,SM,113600,88000,77.46
20,583,CHEVIOT,EQ,14627,6587,45.03
20,584,CHOICEIN,EQ,1351807,316258,23.40
20,585,CHOLAFIN,EQ,1259146,625467,49.67
20,586,CHOLAHLDNG,EQ,200943,125346,62.38
20,587,CIEINDIA,EQ,748702,506721,67.68
20,588,CIFCZC26,NF,25,25,100.00
20,589,CIGNITITEC,EQ,208287,136617,65.59
20,590,CINELINE,EQ,47923,31217,65.14
20,591,CINEVISTA,EQ,33802,23222,68.70
20,592,CIPLA,EQ,1413845,1048691,74.17
20,593,CLEAN,EQ,107765,56897,52.80
20,594,CLEDUCATE,EQ,60554,39124,64.61
20,595,CLOUD,ST,214000,197000,92.06
20,596,CLSEL,EQ,143862,80949,56.27
20,597,CLSL,SM,26000,18000,69.23
20,598,CMMIPL,ST,192000,117000,60.94
20,599,CMNL,SM,28500,22500,78.95
20,600,CMRSL,SM,16800,14400,85.71
20,601,CMSINFO,EQ,1819177,708418,38.94
20,602,COALINDIA,EQ,8191127,4283799,52.30
20,603,COASTCORP,EQ,26152,16382,62.64
20,604,COCHINSHIP,EQ,3007563,1347650,44.81
20,605,COFORGE,EQ,325670,115585,35.49
20,606,COLPAL,EQ,222338,143269,64.44
20,607,COMMITTED,SM,11200,6400,57.14
20,608,COMMOIETF,EQ,51781,41711,80.55
20,609,COMPUSOFT,EQ,3358886,821956,24.47
20,610,COMSYN,EQ,57149,21531,37.68
20,611,CONCOR,EQ,937965,473908,50.53
20,612,CONCORDBIO,EQ,57968,29852,51.50
20,613,CONFIPET,EQ,1175254,476965,40.58
20,614,CONS,EQ,1683,926,55.02
20,615,CONSOFINVT,EQ,166684,87643,52.58
20,616,CONSUMBEES,EQ,62632,43743,69.84
20,617,CONSUMIETF,EQ,13496,7804,57.82
20,618,CONTI,ST,66660,66660,100.00
20,619,CONTROLPR,EQ,18723,10540,56.29
20,620,COOLCAPS,SM,1750,1750,100.00
20,621,CORALFINAC,EQ,147609,71123,48.18
20,622,COROMANDEL,EQ,341506,148180,43.39
20,623,COSMOFIRST,EQ,175904,68653,39.03
20,624,CPS,SM,600,600,100.00
20,625,CPSEETF,EQ,2240676,1241854,55.42
20,626,CRAFTSMAN,EQ,50126,19209,38.32
20,627,CRAYONS,SM,85000,78000,91.76
20,628,CREATIVE,EQ,12334,8316,67.42
20,629,CREDITACC,EQ,91447,42511,46.49
20,630,CREST,EQ,137073,52805,38.52
20,631,CRISIL,EQ,42754,17003,39.77
20,632,CROMPTON,EQ,5884964,2864329,48.67
20,633,CSBBANK,EQ,157966,80147,50.74
20,634,CSLFINANCE,EQ,27948,13785,49.32
20,635,CUB,EQ,2431284,1143261,47.02
20,636,CUMMINSIND,EQ,545141,319503,58.61
20,637,CYBERMEDIA,EQ,315981,156404,49.50
20,638,CYBERTECH,EQ,479547,161909,33.76
20,639,CYIENT,EQ,1676227,583641,34.82
20,640,CYIENTDLM,EQ,63881,29730,46.54
20,641,DABUR,EQ,1340039,893333,66.66
20,642,DALBHARAT,EQ,706544,507546,71.84
20,643,DALMIASUG,EQ,312012,154016,49.36
20,644,DAMODARIND,EQ,56003,32383,57.82
20,645,DANGEE,EQ,167679,115708,69.01
20,646,DATAMATICS,EQ,111659,69017,61.81
20,647,DATAPATTNS,EQ,152898,61240,40.05
20,648,DAVANGERE,EQ,3710239,2018331,54.40
20,649,DBCORP,EQ,78573,44093,56.12
20,650,DBL,EQ,216597,84846,39.17
20,651,DBOL,EQ,93771,62630,66.79
20,652,DBREALTY,EQ,2176485,940114,43.19
20,653,DBSTOCKBRO,EQ,30012,7356,24.51
20,654,DCAL,EQ,705829,361150,51.17
20,655,DCBBANK,EQ,1037976,482692,46.50
20,656,DCG,ST,67200,61200,91.07
20,657,DCMFINSERV,EQ,140114,127468,90.97
20,658,DCMSHRIRAM,EQ,204722,70662,34.52
20,659,DCMSRIND,EQ,141072,65785,46.63
20,660,DCW,EQ,9036439,4152527,45.95
20,661,DECCANCE,EQ,6245,2756,44.13
20,662,DEEDEV,EQ,462401,277563,60.03
20,663,DEEM,SM,16000,9000,56.25
20,664,DEEPAKFERT,EQ,507820,173556,34.18
20,665,DEEPAKNTR,EQ,105519,37463,35.50
20,666,DEEPENR,EQ,69577,41642,59.85
20,667,DEEPINDS,EQ,745332,312784,41.97
20,668,DELAPLEX,SM,38400,31200,81.25
20,669,DELHIVERY,EQ,5110672,3280299,64.19
20,670,DELTACORP,EQ,834746,360278,43.16
20,671,DELTAMAGNT,EQ,7752,5004,64.55
20,672,DEN,EQ,2007390,635194,31.64
20,673,DENEERS,SM,3600,3600,100.00
20,674,DENORA,EQ,10693,5495,51.39
20,675,DENTALKART,SM,29250,23250,79.49
20,676,DESTINY,SM,198000,177000,89.39
20,677,DEVIT,EQ,30865,17278,55.98
20,678,DEVYANI,EQ,2480219,2111559,85.14
20,679,DHAMPURSUG,EQ,643369,318390,49.49
20,680,DHANBANK,EQ,638538,304495,47.69
20,681,DHANI,EQ,7675317,3329649,43.38
20,682,DHANUKA,EQ,46038,22085,47.97
20,683,DHARIWAL,ST,152400,110400,72.44
20,684,DHARMAJ,EQ,93335,49999,53.57
20,685,DHTL,SM,12800,11200,87.50
20,686,DHUNINV,EQ,20553,6426,31.27
20,687,DIAMINESQ,EQ,16090,7731,48.05
20,688,DIAMONDYD,EQ,841667,352144,41.84
20,689,DIGIDRIVE,EQ,458004,315095,68.80
20,690,DIGIKORE,ST,15400,13600,88.31
20,691,DIL,EQ,416975,265549,63.68
20,692,DISHTV,EQ,5403502,2138950,39.58
20,693,DIVGIITTS,EQ,18859,11226,59.53
20,694,DIVISLAB,EQ,255795,143928,56.27
20,695,DIVOPPBEES,EQ,37222,20339,54.64
20,696,DIXON,EQ,498231,185250,37.18
20,697,DKEGL,SM,22500,22500,100.00
20,698,DLF,EQ,1686482,585224,34.70
20,699,DLINKINDIA,EQ,343150,118648,34.58
20,700,DLSL25,NW,17,17,100.00
20,701,DLSL25A,Y4,1,1,100.00
20,702,DMART,EQ,320092,206563,64.53
20,703,DMCC,EQ,128704,79658,61.89
20,704,DODLA,EQ,33284,14900,44.77
20,705,DOLATALGO,EQ,1488266,724983,48.71
20,706,DOLLAR,EQ,189523,92260,48.68
20,707,DOLLEX,SM,16000,12000,75.00
20,708,DOMS,EQ,163279,115529,70.76
20,709,DPABHUSHAN,EQ,102360,28270,27.62
20,710,DPEL,SM,33000,18000,54.55
20,711,DPSCLTD,EQ,942900,551122,58.45
20,712,DPWIRES,EQ,72010,29819,41.41
20,713,DREAMFOLKS,EQ,432759,194151,44.86
20,714,DRONE,ST,46000,45000,97.83
20,715,DRREDDY,EQ,149594,74444,49.76
20,716,DRSDILIP,SM,24800,800,3.23
20,717,DSSL,EQ,105266,37710,35.82
20,718,DTIL,EQ,18535,14133,76.25
20,719,DTL,SM,10800,10800,100.00
20,720,DUCOL,ST,33600,32800,97.62
20,721,DUCON,EQ,12616516,4373414,34.66
20,722,DUGLOBAL,SM,30000,30000,100.00
20,723,DURLAX,SM,30000,20000,66.67
20,724,DVL,EQ,81387,23451,28.81
20,725,DWARKESH,EQ,1507964,617871,40.97
20,726,DYCL,EQ,32551,18309,56.25
20,727,DYNAMATECH,EQ,34643,13898,40.12
20,728,DYNAMIC,SM,30000,17000,56.67
20,729,EASEMYTRIP,EQ,4974013,2520899,50.68
20,730,EBBETF0425,EQ,4222,4130,97.82
20,731,EBBETF0430,EQ,20392,17299,84.83
20,732,EBBETF0431,EQ,7862,5707,72.59
20,733,EBBETF0433,EQ,1109,959,86.47
20,734,ECLERX,EQ,84293,36370,43.15
20,735,EDELWEISS,EQ,30537210,7575005,24.81
20,736,EFACTOR,SM,7200,6400,88.89
20,737,EFFWA,SM,60800,46400,76.32
20,738,EFORCE,SM,21600,18000,83.33
20,739,EGOLD,EQ,91873,90052,98.02
20,740,EICHERMOT,EQ,523506,332068,63.43
20,741,EIDPARRY,EQ,690381,224652,32.54
20,742,EIFFL,EQ,24688,19506,79.01
20,743,EIHAHOTELS,EQ,82130,29631,36.08
20,744,EIHOTEL,EQ,2126633,1594558,74.98
20,745,EKC,EQ,10342459,2213397,21.40
20,746,ELDEHSG,EQ,9326,6281,67.35
20,747,ELECON,EQ,202809,110487,54.48
20,748,ELECTCAST,EQ,1104295,582800,52.78
20,749,ELGIEQUIP,EQ,123452,56185,45.51
20,750,ELIN,EQ,151950,73086,48.10
20,751,EMAMILTD,EQ,260193,121796,46.81
20,752,EMAMIPAP,EQ,85513,52269,61.12
20,753,EMAMIREAL,EQ,300490,147204,48.99
20,754,EMBASSY,RR,365364,278463,76.22
20,755,EMBDL,EQ,3514518,1508301,42.92
20,756,EMCURE,EQ,195390,95569,48.91
20,757,EMIL,EQ,2094592,1017895,48.60
20,758,EMKAYTOOLS,SM,300,300,100.00
20,759,EMMBI,EQ,72492,40914,56.44
20,760,EMMIL,SM,8000,7000,87.50
20,761,EMSLIMITED,EQ,614472,295850,48.15
20,762,EMUDHRA,EQ,63605,25586,40.23
20,763,ENDURANCE,EQ,57176,33214,58.09
20,764,ENFUSE,ST,4800,3600,75.00
20,765,ENGINERSIN,EQ,2913466,1319526,45.29
20,766,ENIL,EQ,52063,24283,46.64
20,767,ENSER,SM,22000,18000,81.82
20,768,ENTERO,EQ,48634,29166,59.97
20,769,EPACK,EQ,725505,343944,47.41
20,770,EPIGRAL,EQ,53634,25523,47.59
20,771,EPL,EQ,1793117,489328,27.29
20,772,EQUAL50ADD,EQ,2207,1557,70.55
20,773,EQUITASBNK,EQ,7574202,4410516,58.23
20,774,ERIS,EQ,98646,42605,43.19
20,775,EROSMEDIA,EQ,274400,153221,55.84
20,776,ESABINDIA,EQ,6155,3301,53.63
20,777,ESAFSFB,EQ,689488,368615,53.46
20,778,ESCONET,ST,8800,8800,100.00
20,779,ESCORTS,EQ,88809,32880,37.02
20,780,ESFL,SM,150000,141600,94.40
20,781,ESG,EQ,17658,15226,86.23
20,782,ESILVER,EQ,56495,42966,76.05
20,783,ESPRIT,SM,462400,273600,59.17
20,784,ESSENTIA,EQ,27108856,15322130,56.52
20,785,ESTER,EQ,597562,164650,27.55
20,786,ETHOSLTD,EQ,37780,16294,43.13
20,787,EUROBOND,SM,5000,4000,80.00
20,788,EUROTEXIND,EQ,1582,1532,96.84
20,789,EVEREADY,EQ,507668,148034,29.16
20,790,EVERESTIND,EQ,11386,7104,62.39
20,791,EVINDIA,EQ,369123,293973,79.64
20,792,EXCELINDUS,EQ,30173,15902,52.70
20,793,EXIDEIND,EQ,1565074,549433,35.11
20,794,EXPLEOSOL,EQ,11892,7105,59.75
20,795,EXXARO,EQ,87511,37570,42.93
20,796,FACT,EQ,195329,45818,23.46
20,797,FAIRCHEMOR,EQ,6236,3274,52.50
20,798,FALCONTECH,SM,16800,15600,92.86
20,799,FAZE3Q,EQ,19498,11080,56.83
20,800,FCL,EQ,196997,101989,51.77
20,801,FCSSOFT,EQ,3191511,1797350,56.32
20,802,FDC,EQ,367644,168691,45.88
20,803,FEDERALBNK,EQ,6524853,3484801,53.41
20,804,FEDFINA,EQ,269938,197849,73.29
20,805,FELIX,SM,37500,23500,62.67
20,806,FIDEL,SM,36000,33000,91.67
20,807,FIEMIND,EQ,375768,270731,72.05
20,808,FILATEX,EQ,1073012,440198,41.02
20,809,FILATFASH,EQ,109687841,43338143,39.51
20,810,FINCABLES,EQ,219060,100991,46.10
20,811,FINEORG,EQ,25292,10329,40.84
20,812,FINIETF,EQ,264234,201998,76.45
20,813,FINOPB,EQ,177237,91282,51.50
20,814,FINPIPE,EQ,295017,145081,49.18
20,815,FIRSTCRY,EQ,3365425,1731748,51.46
20,816,FIVESTAR,EQ,233950,140224,59.94
20,817,FLAIR,EQ,114237,65838,57.63
20,818,FLUOROCHEM,EQ,83451,60276,72.23
20,819,FMCGIETF,EQ,343164,240757,70.16
20,820,FMGOETZE,EQ,48530,28356,58.43
20,821,FMNL,EQ,96283,96283,100.00
20,822,FOCE,SM,400,400,100.00
20,823,FONEBOX,SM,4000,3000,75.00
20,824,FOODSIN,EQ,378125,177914,47.05
20,825,FORCEMOT,EQ,27639,11271,40.78
20,826,FORTIS,EQ,1012799,535718,52.89
20,827,FOSECOIND,EQ,2106,1187,56.36
20,828,FROG,SM,59600,46000,77.18
20,829,FSL,EQ,14747418,2460001,16.68
20,830,FUSION,EQ,648325,388530,59.93
20,831,GABRIEL,EQ,1343864,453185,33.72
20,832,GAEL,EQ,1957262,538486,27.51
20,833,GAIL,EQ,13957013,6813765,48.82
20,834,GALAXYSURF,EQ,9209,4938,53.62
20,835,GANDHAR,EQ,197296,102502,51.95
20,836,GANDHITUBE,EQ,6108,5181,84.82
20,837,GANECOS,EQ,100576,56668,56.34
20,838,GANESHBE,EQ,121396,72250,59.52
20,839,GANESHHOUC,EQ,184567,57398,31.10
20,840,GANGAFORGE,EQ,1165894,717456,61.54
20,841,GANGESSECU,EQ,8476,5751,67.85
20,842,GARFIBRES,EQ,6459,3060,47.38
20,843,GATECH,EQ,2855492,1962450,68.73
20,844,GATEWAY,EQ,616679,299705,48.60
20,845,GEECEE,EQ,71887,40955,56.97
20,846,GEEKAYWIRE,EQ,148519,82467,55.53
20,847,GENESYS,EQ,1496081,560740,37.48
20,848,GENSOL,EQ,416851,150975,36.22
20,849,GENUSPAPER,EQ,1486191,936532,63.02
20,850,GENUSPOWER,EQ,2680532,1399459,52.21
20,851,GEOJITFSL,EQ,1826452,482884,26.44
20,852,GESHIP,EQ,714413,364864,51.07
20,853,GFLLIMITED,EQ,148066,73635,49.73
20,854,GGBL,SM,199200,115800,58.13
20,855,GHCL,EQ,2667316,581452,21.80
20,856,GHCLTEXTIL,EQ,2967540,944799,31.84
20,857,GICHSGFIN,EQ,320093,168341,52.59
20,858,GICL,SM,9000,6000,66.67
20,859,GICRE,EQ,1427269,515195,36.10
20,860,GILLANDERS,EQ,2731,1960,71.77
20,861,GILLETTE,EQ,8277,4551,54.98
20,862,GILT5YBEES,EQ,588708,572814,97.30
20,863,GINNIFILA,EQ,49466,33317,67.35
20,864,GIPCL,EQ,350110,152852,43.66
20,865,GIRIRAJ,SM,500,500,100.00
20,866,GKWLIMITED,EQ,1107,795,71.82
20,867,GLAND,EQ,110989,57889,52.16
20,868,GLAXO,EQ,173393,108242,62.43
20,869,GLENMARK,EQ,1035390,410736,39.67
20,870,GLOBAL,EQ,78270,42057,53.73
20,871,GLOBALPET,SM,136500,111000,81.32
20,872,GLOBUSSPR,EQ,61008,34011,55.75
20,873,GLOSTERLTD,EQ,3345,1957,58.51
20,874,GLS,EQ,144376,89654,62.10
20,875,GMBREW,EQ,194144,80963,41.70
20,876,GMDCLTD,EQ,706526,278930,39.48
20,877,GMMPFAUDLR,EQ,203481,142193,69.88
20,878,GMRINFRA,EQ,19092986,12448970,65.20
20,879,GMRP&UI,EQ,526141,526141,100.00
20,880,GNA,EQ,47999,28349,59.06
20,881,GNFC,EQ,623141,292215,46.89
20,882,GOACARBON,EQ,30669,12867,41.95
20,883,GOCLCORP,EQ,81921,42307,51.64
20,884,GOCOLORS,EQ,18358,10422,56.77
20,885,GODFRYPHLP,EQ,1663877,103391,6.21
20,886,GODIGIT,EQ,3433783,2928057,85.27
20,887,GODREJAGRO,EQ,120131,66038,54.97
20,888,GODREJCP,EQ,839795,620783,73.92
20,889,GODREJIND,EQ,284506,105032,36.92
20,890,GODREJPROP,EQ,715717,404798,56.56
20,891,GOKEX,EQ,218148,126928,58.18
20,892,GOKUL,EQ,207380,122377,59.01
20,893,GOKULAGRO,EQ,3153298,491017,15.57
20,894,GOLD1,EQ,385355,263068,68.27
20,895,GOLDBEES,EQ,10726626,7458523,69.53
20,896,GOLDCASE,EQ,297759,221631,74.43
20,897,GOLDETF,EQ,586784,545117,92.90
20,898,GOLDETFADD,EQ,83852,69001,82.29
20,899,GOLDIAM,EQ,1035845,410377,39.62
20,900,GOLDIETF,EQ,1516910,1133601,74.73
20,901,GOLDSHARE,EQ,170191,116128,68.23
20,902,GOLDSTAR,SM,146250,101250,69.23
20,903,GOLDTECH,EQ,97764,58115,59.44
20,904,GOODLUCK,EQ,110073,55418,50.35
20,905,GOPAL,EQ,116574,75115,64.44
20,906,GOYALALUM,EQ,186280,139181,74.72
20,907,GOYALSALT,SM,5400,4800,88.89
20,908,GPECO,SM,18000,18000,100.00
20,909,GPIL,EQ,457340,282712,61.82
20,910,GPPL,EQ,3052684,1369263,44.85
20,911,GPTHEALTH,EQ,2932666,876718,29.89
20,912,GPTINFRA,EQ,193562,141546,73.13
20,913,GRANULES,EQ,855529,387802,45.33
20,914,GRAPHISAD,SM,8400,8400,100.00
20,915,GRAPHITE,EQ,788180,262037,33.25
20,916,GRASIM,EQ,685479,416376,60.74
20,917,GRASIMPP1,E1,17950,9851,54.88
20,918,GRAVITA,EQ,1012293,304534,30.08
20,919,GRCL,SM,500,500,100.00
20,920,GREAVESCOT,EQ,5313866,1823681,34.32
20,921,GREENCHEF,SM,49600,26400,53.23
20,922,GREENLAM,EQ,13165,5763,43.78
20,923,GREENPANEL,EQ,177762,95059,53.48
20,924,GREENPLY,EQ,190015,99553,52.39
20,925,GREENPOWER,EQ,4926567,3268051,66.34
20,926,GRETEX,ST,3000,3000,100.00
20,927,GRINDWELL,EQ,141106,129445,91.74
20,928,GRINFRA,EQ,71533,49165,68.73
20,929,GRMOVER,EQ,1201595,568921,47.35
20,930,GROBTEA,EQ,1090,823,75.50
20,931,GROWEV,EQ,1226305,839187,68.43
20,932,GRSE,EQ,2942955,1228767,41.75
20,933,GRWRHITECH,EQ,49825,34092,68.42
20,934,GSEC10ABSL,EQ,630151,630080,99.99
20,935,GSEC10IETF,EQ,3174,1956,61.63
20,936,GSEC10YEAR,EQ,10147,7280,71.75
20,937,GSEC5IETF,EQ,55306,31559,57.06
20,938,GSFC,EQ,841957,356690,42.36
20,939,GSLSU,EQ,249703,194356,77.83
20,940,GSMFOILS,ST,84000,84000,100.00
20,941,GSPL,EQ,661803,332939,50.31
20,942,GSTL,ST,24000,20000,83.33
20,943,GTL,EQ,805920,552938,68.61
20,944,GTLINFRA,EQ,168223973,74392122,44.22
20,945,GTPL,EQ,50122,22194,44.28
20,946,GUFICBIO,EQ,33155,19617,59.17
20,947,GUJALKALI,EQ,56899,27995,49.20
20,948,GUJAPOLLO,EQ,9673,4898,50.64
20,949,GUJGASLTD,EQ,816689,440739,53.97
20,950,GUJRAFFIA,EQ,15878,2336,14.71
20,951,GULFOILLUB,EQ,154580,68660,44.42
20,952,GULFPETRO,EQ,119967,65261,54.40
20,953,GULPOLY,EQ,173680,91561,52.72
20,954,GVPTECH,EQ,107125,87385,81.57
20,955,HAL,EQ,1472860,490672,33.31
20,956,HAPPSTMNDS,EQ,665457,275522,41.40
20,957,HAPPYFORGE,EQ,13822,8690,62.87
20,958,HARDWYN,EQ,138066,85812,62.15
20,959,HARIOMPIPE,EQ,65485,28417,43.39
20,960,HARRMALAYA,EQ,53024,24752,46.68
20,961,HARSHA,EQ,43751,19579,44.75
20,962,HATHWAY,EQ,5183811,2582301,49.81
20,963,HATSUN,EQ,55708,31541,56.62
20,964,HAVELLS,EQ,964261,431646,44.76
20,965,HAVISHA,EQ,32864,23613,71.85
20,966,HBLPOWER,EQ,1652338,659348,39.90
20,967,HCC,EQ,35137908,11382867,32.39
20,968,HCG,EQ,86369,54939,63.61
20,969,HCL-INSYS,EQ,445484,203301,45.64
20,970,HCLTECH,EQ,2786109,2130591,76.47
20,971,HDFCAMC,EQ,952912,591237,62.05
20,972,HDFCBANK,EQ,15567247,7159684,45.99
20,973,HDFCBSE500,EQ,53258,22541,42.32
20,974,HDFCGOLD,EQ,1470796,1013475,68.91
20,975,HDFCGROWTH,EQ,8448,5076,60.09
20,976,HDFCLIFE,EQ,6828474,3741354,54.79
20,977,HDFCLIQUID,EQ,5346,3240,60.61
20,978,HDFCLOWVOL,EQ,3898,3035,77.86
20,979,HDFCMID150,EQ,153915,106318,69.08
20,980,HDFCMOMENT,EQ,110749,54339,49.07
20,981,HDFCNEXT50,EQ,29758,17433,58.58
20,982,HDFCNIF100,EQ,39149,31060,79.34
20,983,HDFCNIFBAN,EQ,117848,97568,82.79
20,984,HDFCNIFIT,EQ,784761,695848,88.67
20,985,HDFCNIFTY,EQ,35722,26242,73.46
20,986,HDFCPSUBK,EQ,35616,28409,79.76
20,987,HDFCPVTBAN,EQ,148794,127184,85.48
20,988,HDFCQUAL,EQ,66050,34306,51.94
20,989,HDFCSENSEX,EQ,17126,13684,79.90
20,990,HDFCSILVER,EQ,415006,259414,62.51
20,991,HDFCSML250,EQ,395306,238948,60.45
20,992,HDFCVALUE,EQ,5464,3359,61.48
20,993,HEADSUP,EQ,52754,30347,57.53
20,994,HEALTHADD,EQ,1831,1130,61.71
20,995,HEALTHIETF,EQ,97282,74480,76.56
20,996,HEALTHY,EQ,182144,135158,74.20
20,997,HEG,EQ,83451,32884,39.41
20,998,HEIDELBERG,EQ,241998,147185,60.82
20,999,HEMIPROP,EQ,379440,214538,56.54
20,1000,HERANBA,EQ,188985,106794,56.51
20,1001,HERCULES,EQ,22767,12790,56.18
20,1002,HERITGFOOD,EQ,253231,164014,64.77
20,1003,HEROMOTOCO,EQ,962948,221803,23.03
20,1004,HESTERBIO,EQ,13068,7460,57.09
20,1005,HEUBACHIND,EQ,150132,72330,48.18
20,1006,HEXATRADEX,EQ,21967,14537,66.18
20,1007,HFCL,EQ,48812603,11132757,22.81
20,1008,HGINFRA,EQ,442648,162022,36.60
20,1009,HGS,EQ,1202781,364368,30.29
20,1010,HIGREEN,SM,49600,32800,66.13
20,1011,HIKAL,EQ,117698,54881,46.63
20,1012,HIL,EQ,11138,6538,58.70
20,1013,HILTON,EQ,106603,41037,38.50
20,1014,HIMATSEIDE,EQ,435350,220916,50.74
20,1015,HINDALCO,EQ,10295836,6639886,64.49
20,1016,HINDCOMPOS,EQ,234354,54587,23.29
20,1017,HINDCON,EQ,895748,443201,49.48
20,1018,HINDCOPPER,EQ,6166770,2647590,42.93
20,1019,HINDOILEXP,EQ,1103435,333599,30.23
20,1020,HINDPETRO,EQ,16300789,6345440,38.93
20,1021,HINDUNILVR,EQ,1097889,828235,75.44
20,1022,HINDWAREAP,EQ,139014,85587,61.57
20,1023,HINDZINC,EQ,21919526,11315482,51.62
20,1024,HIRECT,EQ,56043,32017,57.13
20,1025,HISARMETAL,EQ,5357,3496,65.26
20,1026,HITECH,EQ,6160866,1484010,24.09
20,1027,HITECHCORP,EQ,8084,5442,67.32
20,1028,HITECHGEAR,EQ,6269,4746,75.71
20,1029,HLEGLAS,EQ,65092,27749,42.63
20,1030,HLVLTD,EQ,1235162,755112,61.13
20,1031,HMAAGRO,EQ,430595,221407,51.42
20,1032,HMVL,EQ,95181,45135,47.42
20,1033,HNDFDS,EQ,61537,29955,48.68
20,1034,HNGSNGBEES,EQ,89823,59959,66.75
20,1035,HOACFOODS,SM,12000,6000,50.00
20,1036,HOLMARC,SM,7500,7500,100.00
20,1037,HOMEFIRST,EQ,565890,516320,91.24
20,1038,HONASA,EQ,290856,187332,64.41
20,1039,HONAUT,EQ,15890,13085,82.35
20,1040,HONDAPOWER,EQ,2868,1457,50.80
20,1041,HOVS,EQ,282568,184158,65.17
20,1042,HPAL,EQ,157148,101272,64.44
20,1043,HPIL,EQ,2364,1656,70.05
20,1044,HPL,EQ,311328,160470,51.54
20,1045,HRHNEXT,SM,3000,3000,100.00
20,1046,HSCL,EQ,1162951,557246,47.92
20,1047,HTMEDIA,EQ,295969,146340,49.44
20,1048,HUDCO,EQ,6249016,2489000,39.83
20,1049,HUHTAMAKI,EQ,137064,61077,44.56
20,1050,IBLFL,SM,22000,18000,81.82
20,1051,ICEMAKE,EQ,17078,9132,53.47
20,1052,ICICIB22,EQ,1511861,1288614,85.23
20,1053,ICICIBANK,EQ,10427061,4919341,47.18
20,1054,ICICIGI,EQ,1634070,958619,58.66
20,1055,ICICIPRULI,EQ,2867974,1173379,40.91
20,1056,ICIL,EQ,152589,66699,43.71
20,1057,ICRA,EQ,3404,1841,54.08
20,1058,IDBI,EQ,7490457,2296109,30.65
20,1059,IDEA,EQ,309490369,128376712,41.48
20,1060,IDEAFORGE,EQ,141863,75829,53.45
20,1061,IDFC,EQ,7626420,3325109,43.60
20,1062,IDFCFIRSTB,EQ,26347248,11151351,42.32
20,1063,IDFNIFTYET,EQ,1880,1639,87.18
20,1064,IEL,EQ,257904,173634,67.33
20,1065,IEML,SM,5000,3000,60.00
20,1066,IEX,EQ,3969340,1446325,36.44
20,1067,IFBIND,EQ,48135,16855,35.02
20,1068,IFCI,EQ,15473756,3609204,23.32
20,1069,IFCIZC24,NI,38,38,100.00
20,1070,IFGLEXPOR,EQ,8743,4740,54.21
20,1071,IGARASHI,EQ,524140,182462,34.81
20,1072,IGL,EQ,846656,488131,57.65
20,1073,IGPL,EQ,765936,204703,26.73
20,1074,IIFL,EQ,3134460,703133,22.43
20,1075,IIFLHFZC27,NB,94,94,100.00
20,1076,IIFLSEC,EQ,8154724,2056845,25.22
20,1077,IIFLZC24,NK,68,68,100.00
20,1078,IIFLZC25B,NW,45,25,55.56
20,1079,IIFLZC26B,NY,40,20,50.00
20,1080,IIFLZC28,NG,400,400,100.00
20,1081,IIFLZC28B,Y1,40,20,50.00
20,1082,IKIO,EQ,182975,118681,64.86
20,1083,IMAGICAA,EQ,6103212,2719956,44.57
20,1084,IMC1,N0,10,10,100.00
20,1085,IMC1,N1,78,78,100.00
20,1086,IMC1,N2,447,442,98.88
20,1087,IMC1,N3,10,10,100.00
20,1088,IMFA,EQ,36759,24835,67.56
20,1089,IMPAL,EQ,3533,2141,60.60
20,1090,INDBANK,EQ,85412,40054,46.90
20,1091,INDGN,EQ,492127,279858,56.87
20,1092,INDHOTEL,EQ,2121144,907572,42.79
20,1093,INDIACEM,EQ,680482,392766,57.72
20,1094,INDIAGLYCO,EQ,134316,58184,43.32
20,1095,INDIAMART,EQ,378531,144033,38.05
20,1096,INDIANB,EQ,638652,250896,39.29
20,1097,INDIANCARD,EQ,9982,6651,66.63
20,1098,INDIANHUME,EQ,120341,53690,44.61
20,1099,INDIASHLTR,EQ,112581,70303,62.45
20,1100,INDIGO,EQ,798389,456680,57.20
20,1101,INDIGOPNTS,EQ,32672,15042,46.04
20,1102,INDIGRID,IV,1079069,1047211,97.05
20,1103,INDNIPPON,EQ,10743,6021,56.05
20,1104,INDOAMIN,EQ,1293034,481810,37.26
20,1105,INDOBORAX,EQ,95691,53805,56.23
20,1106,INDOCO,EQ,93362,48032,51.45
20,1107,INDORAMA,EQ,99100,50648,51.11
20,1108,INDOSTAR,EQ,1198742,395640,33.00
20,1109,INDOTHAI,EQ,110261,54135,49.10
20,1110,INDRAMEDCO,EQ,823133,441848,53.68
20,1111,INDSWFTLTD,EQ,90517,53194,58.77
20,1112,INDTERRAIN,EQ,140825,67087,47.64
20,1113,INDUSINDBK,EQ,5507239,2919071,53.00
20,1114,INDUSTOWER,EQ,9343091,6366438,68.14
20,1115,INFIBEAM,EQ,8695285,3799414,43.70
20,1116,INFINIUM,SM,4000,4000,100.00
20,1117,INFOBEAN,EQ,26666,13603,51.01
20,1118,INFOLLION,ST,15200,15200,100.00
20,1119,INFRABEES,EQ,12602,7936,62.97
20,1120,INFRAIETF,EQ,187354,161693,86.30
20,1121,INFY,EQ,3870333,2795587,72.23
20,1122,INGERRAND,EQ,9588,5782,60.30
20,1123,INM,SM,3000,600,20.00
20,1124,INNOVACAP,EQ,195133,97304,49.87
20,1125,INNOVANA,SM,1400,1200,85.71
20,1126,INOXGREEN,EQ,5390764,1860475,34.51
20,1127,INOXINDIA,EQ,107990,56286,52.12
20,1128,INOXWIND,EQ,11925763,4891354,41.02
20,1129,INSECTICID,EQ,52389,23060,44.02
20,1130,INSPIRE,SM,20000,20000,100.00
20,1131,INTELLECT,EQ,199454,79873,40.05
20,1132,INTLCONV,EQ,155775,66413,42.63
20,1133,INVENTURE,EQ,3118582,1700914,54.54
20,1134,IOB,EQ,6625107,1829325,27.61
20,1135,IOC,EQ,15526789,6038462,38.89
20,1136,IOLCP,EQ,3957174,794275,20.07
20,1137,IONEXCHANG,EQ,269472,116409,43.20
20,1138,IPCALAB,EQ,411449,247398,60.13
20,1139,IPL,EQ,273745,151553,55.36
20,1140,IRB,EQ,18110707,7908201,43.67
20,1141,IRBINVIT,IV,220816,197962,89.65
20,1142,IRCON,EQ,3224476,1455067,45.13
20,1143,IRCTC,EQ,1191423,516931,43.39
20,1144,IREDA,EQ,7513400,2962527,39.43
20,1145,IRFC,EQ,15629517,5557499,35.56
20,1146,IRISDOREME,EQ,65884,26871,40.79
20,1147,IRMENERGY,EQ,132173,77152,58.37
20,1148,ISEC,EQ,3030887,1288239,42.50
20,1149,ISFT,EQ,352057,164532,46.73
20,1150,ISGEC,EQ,52078,22224,42.67
20,1151,ISHAN,SM,35568000,24528000,68.96
20,1152,IT,EQ,773189,696367,90.06
20,1153,ITALIANE,SM,4000,4000,100.00
20,1154,ITBEES,EQ,4968585,3323506,66.89
20,1155,ITC,EQ,6633171,3802591,57.33
20,1156,ITDC,EQ,88866,22657,25.50
20,1157,ITDCEM,EQ,1018230,545360,53.56
20,1158,ITETF,EQ,131783,96980,73.59
20,1159,ITETFADD,EQ,14838,13270,89.43
20,1160,ITI,EQ,614975,188747,30.69
20,1161,ITIETF,EQ,1339781,1037723,77.45
20,1162,IVZINGOLD,EQ,149,124,83.22
20,1163,IWEL,EQ,24891,14306,57.47
20,1164,IXIGO,EQ,2155348,961114,44.59
20,1165,JAGRAN,EQ,331156,200481,60.54
20,1166,JAGSNPHARM,EQ,60861,44497,73.11
20,1167,JAICORPLTD,EQ,1510866,445944,29.52
20,1168,JAINAM,SM,14000,13000,92.86
20,1169,JALAN,SM,39000,39000,100.00
20,1170,JAMNAAUTO,EQ,1120987,630090,56.21
20,1171,JASH,EQ,11039,7274,65.89
20,1172,JAYAGROGN,EQ,629965,231234,36.71
20,1173,JAYBARMARU,EQ,162602,103473,63.64
20,1174,JAYNECOIND,EQ,154395,99070,64.17
20,1175,JAYSREETEA,EQ,191118,74950,39.22
20,1176,JBCHEPHARM,EQ,118220,70309,59.47
20,1177,JBMA,EQ,45357,20554,45.32
20,1178,JCHAC,EQ,22280,9515,42.71
20,1179,JETFREIGHT,EQ,598180,295967,49.48
20,1180,JFLLIFE,ST,20000,16000,80.00
20,1181,JGCHEM,EQ,2710103,599172,22.11
20,1182,JHS,EQ,520013,394247,75.81
20,1183,JINDALPHOT,EQ,12106,6529,53.93
20,1184,JINDALPOLY,EQ,157649,49805,31.59
20,1185,JINDALSAW,EQ,488632,234669,48.03
20,1186,JINDALSTEL,EQ,999577,354895,35.50
20,1187,JINDRILL,EQ,52001,22482,43.23
20,1188,JINDWORLD,EQ,348014,108122,31.07
20,1189,JIOFIN,EQ,15772046,8200910,52.00
20,1190,JISLDVREQS,EQ,85171,51653,60.65
20,1191,JISLJALEQS,EQ,1723181,710450,41.23
20,1192,JITFINFRA,EQ,90852,46990,51.72
20,1193,JIWANRAM,SM,12000,12000,100.00
20,1194,J&KBANK,EQ,2543614,1334655,52.47
20,1195,JKCEMENT,EQ,44747,19671,43.96
20,1196,JKIL,EQ,155068,84086,54.23
20,1197,JKLAKSHMI,EQ,108358,69079,63.75
20,1198,JKPAPER,EQ,1073932,580456,54.05
20,1199,JKTYRE,EQ,619844,256968,41.46
20,1200,JLHL,EQ,21094,13415,63.60
20,1201,JMA,EQ,55732,30823,55.31
20,1202,JMFINANCIL,EQ,4597152,2220559,48.30
20,1203,JOCIL,EQ,24307,15458,63.59
20,1204,JPOLYINVST,EQ,9691,4906,50.62
20,1205,JPPOWER,EQ,20363008,10286074,50.51
20,1206,JSFB,EQ,416525,214214,51.43
20,1207,JSL,EQ,593449,354769,59.78
20,1208,JSLL,SM,39960,37260,93.24
20,1209,JSWENERGY,EQ,3749595,1325748,35.36
20,1210,JSWHL,EQ,1200,584,48.67
20,1211,JSWINFRA,EQ,977387,572189,58.54
20,1212,JSWSTEEL,EQ,696605,223172,32.04
20,1213,JTEKTINDIA,EQ,651858,458236,70.30
20,1214,JTLIND,EQ,654015,458412,70.09
20,1215,JUBLFOOD,EQ,2421614,1600362,66.09
20,1216,JUBLINDS,EQ,14076,9293,66.02
20,1217,JUBLINGREA,EQ,340669,141857,41.64
20,1218,JUBLPHARMA,EQ,517315,128776,24.89
20,1219,JUNIORBEES,EQ,155852,105338,67.59
20,1220,JUNIPER,EQ,62781,37600,59.89
20,1221,JUSTDIAL,EQ,188214,75744,40.24
20,1222,JWL,EQ,865964,449715,51.93
20,1223,JYOTHYLAB,EQ,518285,179362,34.61
20,1224,JYOTICNC,EQ,253728,158060,62.30
20,1225,JYOTISTRUC,EQ,2369410,1671557,70.55
20,1226,K2INFRA,ST,62400,62400,100.00
20,1227,KABRAEXTRU,EQ,114973,63771,55.47
20,1228,KAJARIACER,EQ,132312,88910,67.20
20,1229,KAKATCEM,EQ,30372,16279,53.60
20,1230,KALAMANDIR,EQ,1100204,428460,38.94
20,1231,KALYANKJIL,EQ,3850252,1513189,39.30
20,1232,KAMATHOTEL,EQ,171436,88518,51.63
20,1233,KAMDHENU,EQ,133484,15196,11.38
20,1234,KAMOPAINTS,EQ,15105654,4984678,33.00
20,1235,KANANIIND,EQ,545988,305792,56.01
20,1236,KANDARP,SM,144000,92000,63.89
20,1237,KANORICHEM,EQ,151106,87625,57.99
20,1238,KANPRPLA,EQ,4476,2642,59.03
20,1239,KANSAINER,EQ,914344,590330,64.56
20,1240,KARNIKA,SM,11600,10800,93.10
20,1241,KARURVYSYA,EQ,780206,367163,47.06
20,1242,KATARIA,SM,87600,58800,67.12
20,1243,KAYNES,EQ,289724,74785,25.81
20,1244,KCEIL,ST,31500,30500,96.83
20,1245,KCK,SM,16000,10000,62.50
20,1246,KCP,EQ,1004381,443338,44.14
20,1247,KCPSUGIND,EQ,891789,354100,39.71
20,1248,KDDL,EQ,43135,24722,57.31
20,1249,KDL,ST,1700,1700,100.00
20,1250,KEC,EQ,316981,159303,50.26
20,1251,KECL,EQ,504351,202514,40.15
20,1252,KEI,EQ,1460593,398468,27.28
20,1253,KEL,SM,1200,1200,100.00
20,1254,KELLTONTEC,EQ,2426721,1061404,43.74
20,1255,KERNEX,EQ,125795,104953,83.43
20,1256,KESORAMIND,EQ,272869,154927,56.78
20,1257,KEYFINSERV,EQ,55539,22458,40.44
20,1258,KFINTECH,EQ,460408,331670,72.04
20,1259,KHADIM,EQ,15352,7792,50.76
20,1260,KHAICHEM,EQ,737096,222163,30.14
20,1261,KHANDSE,EQ,29657,11987,40.42
20,1262,KHFM,SM,9300,6200,66.67
20,1263,KILITCH,EQ,16102,13684,84.98
20,1264,KIMS,EQ,91104,22216,24.39
20,1265,KINGFA,EQ,392218,59635,15.20
20,1266,KIOCL,EQ,62714,27780,44.30
20,1267,KIRIINDUS,EQ,545328,326491,59.87
20,1268,KIRLOSBROS,EQ,51386,27438,53.40
20,1269,KIRLOSENG,EQ,498838,352687,70.70
20,1270,KIRLOSIND,EQ,8784,5270,60.00
20,1271,KIRLPNU,EQ,27678,13524,48.86
20,1272,KITEX,EQ,3583233,1009372,28.17
20,1273,KKCL,EQ,44145,21488,48.68
20,1274,KLL,SM,152000,91200,60.00
20,1275,KNAGRI,ST,15200,15200,100.00
20,1276,KNRCON,EQ,2055771,977954,47.57
20,1277,KODYTECH,SM,2300,1700,73.91
20,1278,KOHINOOR,EQ,44915,22663,50.46
20,1279,KOKUYOCMLN,EQ,284774,147874,51.93
20,1280,KOLTEPATIL,EQ,198580,123124,62.00
20,1281,KONSTELEC,SM,37000,26000,70.27
20,1282,KONTOR,SM,14400,14400,100.00
20,1283,KOPRAN,EQ,3418903,975579,28.53
20,1284,KORE,ST,1500,1500,100.00
20,1285,KOTAKBANK,EQ,3115486,1746731,56.07
20,1286,KOTARISUG,EQ,200815,96562,48.09
20,1287,KOTHARIPET,EQ,270777,107674,39.76
20,1288,KOTYARK,SM,13700,9900,72.26
20,1289,KPIL,EQ,455131,323248,71.02
20,1290,KPITTECH,EQ,1145083,318546,27.82
20,1291,KPRMILL,EQ,126960,66616,52.47
20,1292,KRBL,EQ,390614,166113,42.53
20,1293,KRISHANA,EQ,43617,15029,34.46
20,1294,KRISHCA,ST,31500,26500,84.13
20,1295,KRISHIVAL,SM,1000,1000,100.00
20,1296,KRISHNADEF,ST,77500,72500,93.55
20,1297,KRITI,EQ,61658,31425,50.97
20,1298,KRITIKA,EQ,308509,192276,62.32
20,1299,KRITINUT,EQ,363305,155194,42.72
20,1300,KRONOX,EQ,431372,185482,43.00
20,1301,KRSNAA,EQ,424943,198970,46.82
20,1302,KRYSTAL,EQ,61831,30285,48.98
20,1303,KSB,EQ,52570,20442,38.89
20,1304,KSCL,EQ,286550,146192,51.02
20,1305,KSL,EQ,115117,49952,43.39
20,1306,KSOLVES,EQ,40425,22509,55.68
20,1307,KTKBANK,EQ,2891714,1984118,68.61
20,1308,KTL,SM,453000,207000,45.70
20,1309,KUANTUM,EQ,180358,88210,48.91
20,1310,LAGNAM,EQ,28849,6584,22.82
20,1311,LAL,EQ,107156,55631,51.92
20,1312,LALPATHLAB,EQ,159613,87188,54.62
20,1313,LAMBODHARA,EQ,42832,24253,56.62
20,1314,LANCORHOL,EQ,55196,38040,68.92
20,1315,LANDMARK,EQ,245335,111051,45.27
20,1316,LAOPALA,EQ,53073,30982,58.38
20,1317,LASA,EQ,422785,176839,41.83
20,1318,LATENTVIEW,EQ,325740,154718,47.50
20,1319,LAURUSLABS,EQ,2112829,1031159,48.80
20,1320,LAWSIKHO,SM,244000,164000,67.21
20,1321,LAXMICOT,EQ,124533,55192,44.32
20,1322,LAXMIMACH,EQ,6188,3363,54.35
20,1323,LEMERITE,SM,81600,48000,58.82
20,1324,LEMONTREE,EQ,4987628,2558694,51.30
20,1325,LEXUS,EQ,35385,23556,66.57
20,1326,LFIC,EQ,21426,7412,34.59
20,1327,LGBBROSLTD,EQ,24757,16307,65.87
20,1328,LIBAS,EQ,149438,79499,53.20
20,1329,LICHSGFIN,EQ,3143214,1661878,52.87
20,1330,LICI,EQ,1145286,501686,43.80
20,1331,LICMFGOLD,EQ,751,576,76.70
20,1332,LICNETFGSC,EQ,16393,14923,91.03
20,1333,LICNETFN50,EQ,1399,771,55.11
20,1334,LICNETFSEN,EQ,751,645,85.89
20,1335,LICNFNHGP,EQ,609,392,64.37
20,1336,LICNMID100,EQ,6357,3528,55.50
20,1337,LIKHITHA,EQ,173331,77016,44.43
20,1338,LINC,EQ,10594,6060,57.20
20,1339,LINCOLN,EQ,227767,122138,53.62
20,1340,LINDEINDIA,EQ,94817,44939,47.40
20,1341,LIQUID,EQ,114109,67835,59.45
20,1342,LIQUID1,EQ,40226,29122,72.40
20,1343,LIQUIDADD,EQ,753433,752428,99.87
20,1344,LIQUIDBEES,EQ,2986145,2512587,84.14
20,1345,LIQUIDBETF,EQ,206,103,50.00
20,1346,LIQUIDCASE,EQ,14057729,11399818,81.09
20,1347,LIQUIDETF,EQ,239493,172877,72.18
20,1348,LIQUIDIETF,EQ,558218,400549,71.75
20,1349,LIQUIDSBI,EQ,38001,21805,57.38
20,1350,LIQUIDSHRI,EQ,6,4,66.67
20,1351,LLOYDS,SM,5000,5000,100.00
20,1352,LLOYDSENGG,EQ,5085887,1610203,31.66
20,1353,LLOYDSME,EQ,209393,118954,56.81
20,1354,LODHA,EQ,550733,347136,63.03
20,1355,LOKESHMACH,EQ,41936,31931,76.14
20,1356,LORDSCHLO,EQ,18780,13745,73.19
20,1357,LOTUSEYE,EQ,841646,474110,56.33
20,1358,LOVABLE,EQ,275627,103137,37.42
20,1359,LOWVOL,EQ,1465,1162,79.32
20,1360,LOWVOL1,EQ,195408,192929,98.73
20,1361,LOWVOLIETF,EQ,5554956,5418079,97.54
20,1362,LOYALTEX,EQ,1747,1125,64.40
20,1363,LRRPL,SM,57000,57000,100.00
20,1364,LT,EQ,1285569,917563,71.37
20,1365,LTF,EQ,4346921,1718840,39.54
20,1366,LTFOODS,EQ,902281,373717,41.42
20,1367,LTGILTBEES,EQ,2134353,2120122,99.33
20,1368,LTIM,EQ,326477,168762,51.69
20,1369,LTTS,EQ,159873,61394,38.40
20,1370,LUMAXIND,EQ,15584,9495,60.93
20,1371,LUMAXTECH,EQ,125704,67332,53.56
20,1372,LUPIN,EQ,1154392,721915,62.54
20,1373,LUXIND,EQ,113436,42722,37.66
20,1374,LXCHEM,EQ,2538157,872780,34.39
20,1375,LYKALABS,EQ,645111,292385,45.32
20,1376,LYPSAGEMS,EQ,85832,71139,82.88
20,1377,MAANALU,EQ,126121,85657,67.92
20,1378,MACOBSTECH,SM,107200,57600,53.73
20,1379,MADHAV,EQ,93258,41535,44.54
20,1380,MADHAVBAUG,SM,4400,4000,90.91
20,1381,MADHUSUDAN,SM,22000,17000,77.27
20,1382,MADRASFERT,EQ,415345,86181,20.75
20,1383,MAFANG,EQ,277750,173000,62.29
20,1384,MAGADSUGAR,EQ,131560,46758,35.54
20,1385,MAGNUM,EQ,130985,90188,68.85
20,1386,MAHABANK,EQ,7442078,2947069,39.60
20,1387,MAHAPEXLTD,EQ,131220,47779,36.41
20,1388,MAHASTEEL,EQ,351446,165849,47.19
20,1389,MAHESHWARI,EQ,75184,48089,63.96
20,1390,MAHICKRA,SM,750,750,100.00
20,1391,MAHKTECH,EQ,466790,289797,62.08
20,1392,MAHLIFE,EQ,80604,53160,65.95
20,1393,MAHLOG,EQ,72948,28464,39.02
20,1394,MAHSCOOTER,EQ,4150,2477,59.69
20,1395,MAHSEAMLES,EQ,511372,264177,51.66
20,1396,MAITHANALL,EQ,55858,29595,52.98
20,1397,MAITREYA,ST,36000,35200,97.78
20,1398,MAKEINDIA,EQ,35898,25762,71.76
20,1399,MAKS,ST,3000,3000,100.00
20,1400,MAL,SM,62400,16000,25.64
20,1401,MALLCOM,EQ,5429,3033,55.87
20,1402,MALUPAPER,EQ,164636,100324,60.94
20,1403,MANAKSIA,EQ,53287,30725,57.66
20,1404,MANAKSTEEL,EQ,51804,27221,52.55
20,1405,MANALIPETC,EQ,307871,129391,42.03
20,1406,MANAPPURAM,EQ,6171762,2426897,39.32
20,1407,MANCREDIT,EQ,146380,108667,74.24
20,1408,MANDEEP,ST,36000,36000,100.00
20,1409,MANGALAM,EQ,324118,92991,28.69
20,1410,MANGCHEFER,EQ,346069,226548,65.46
20,1411,MANGLMCEM,EQ,471753,287059,60.85
20,1412,MANINDS,EQ,100530,53236,52.96
20,1413,MANINFRA,EQ,243805,131323,53.86
20,1414,MANKIND,EQ,634146,357004,56.30
20,1415,MANORAMA,EQ,52707,30388,57.65
20,1416,MANORG,EQ,41619,23972,57.60
20,1417,MANUGRAPH,EQ,49310,35650,72.30
20,1418,MANYAVAR,EQ,51346,26860,52.31
20,1419,MAPMYINDIA,EQ,103197,55042,53.34
20,1420,MARALOVER,EQ,19410,9904,51.03
20,1421,MARATHON,EQ,27849,15079,54.15
20,1422,MARCO,SM,66000,48000,72.73
20,1423,MARICO,EQ,997284,598496,60.01
20,1424,MARINETRAN,SM,32000,24000,75.00
20,1425,MARKSANS,EQ,4520588,865359,19.14
20,1426,MARUTI,EQ,471927,315372,66.83
20,1427,MASFIN,EQ,223097,157522,70.61
20,1428,MASON,SM,94000,72000,76.60
20,1429,MASPTOP50,EQ,494255,366187,74.09
20,1430,MASTEK,EQ,220911,83636,37.86
20,1431,MATRIMONY,EQ,644728,136633,21.19
20,1432,MAWANASUG,EQ,388157,214969,55.38
20,1433,MAXESTATES,EQ,244401,122496,50.12
20,1434,MAXHEALTH,EQ,425103,297110,69.89
20,1435,MAXIND,EQ,328123,190004,57.91
20,1436,MAXPOSURE,SM,202000,114000,56.44
20,1437,MAYURUNIQ,EQ,114694,64737,56.44
20,1438,MAZDA,EQ,7782,4411,56.68
20,1439,MAZDOCK,EQ,6258637,1353640,21.63
20,1440,MBAPL,EQ,17677,5762,32.60
20,1441,MCL,EQ,406108,245051,60.34
20,1442,MCLEODRUSS,EQ,357799,181943,50.85
20,1443,MCON,ST,8000,7000,87.50
20,1444,MCX,EQ,925059,303214,32.78
20,1445,MDL,SM,2000,2000,100.00
20,1446,MEDANTA,EQ,395458,287673,72.74
20,1447,MEDIASSIST,EQ,118569,79415,66.98
20,1448,MEDICAMEQ,EQ,29045,14324,49.32
20,1449,MEDIORG,SM,92000,76000,82.61
20,1450,MEDPLUS,EQ,83328,54687,65.63
20,1451,MEGASOFT,EQ,460344,244262,53.06
20,1452,MEGASTAR,EQ,9576,6972,72.81
20,1453,MEGATHERM,ST,26800,23200,86.57
20,1454,MENONBE,EQ,22035,12071,54.78
20,1455,METALIETF,EQ,1643702,1273067,77.45
20,1456,METROBRAND,EQ,251552,146171,58.11
20,1457,METROPOLIS,EQ,126479,43287,34.22
20,1458,MFSL,EQ,1528607,824976,53.97
20,1459,MGL,EQ,216340,58373,26.98
20,1460,MHHL,SM,30000,24000,80.00
20,1461,MHLXMIRU,EQ,13612,9427,69.26
20,1462,MHRIL,EQ,320000,217455,67.95
20,1463,MICROPRO,SM,9600,9600,100.00
20,1464,MID150BEES,EQ,477751,322894,67.59
20,1465,MID150CASE,EQ,259943,170335,65.53
20,1466,MIDCAP,EQ,39065,20026,51.26
20,1467,MIDCAPETF,EQ,805659,505418,62.73
20,1468,MIDCAPIETF,EQ,657574,443197,67.40
20,1469,MIDHANI,EQ,852277,354235,41.56
20,1470,MIDQ50ADD,EQ,2986,2228,74.61
20,1471,MIDSELIETF,EQ,399203,258517,64.76
20,1472,MIDSMALL,EQ,120158,85776,71.39
20,1473,MIEL,SM,200000,142000,71.00
20,1474,MINDACORP,EQ,202415,83858,41.43
20,1475,MINDPOOL,ST,2000,2000,100.00
20,1476,MINDSPACE,RR,299368,285302,95.30
20,1477,MIRCELECTR,EQ,5706543,3700327,64.84
20,1478,MIRZAINT,EQ,148290,81236,54.78
20,1479,MITCON,EQ,38417,22557,58.72
20,1480,MITCONPP,E1,5238,4588,87.59
20,1481,MITTAL,EQ,802521,578916,72.14
20,1482,M&M,EQ,1762399,1029402,58.41
20,1483,M&MFIN,EQ,1536222,709544,46.19
20,1484,MMFL,EQ,49818,27879,55.96
20,1485,MMP,EQ,565717,233569,41.29
20,1486,MMTC,EQ,8490723,1724777,20.31
20,1487,MNC,EQ,42269,34439,81.48
20,1488,MODIRUBBER,EQ,6471,2666,41.20
20,1489,MODISONLTD,EQ,70700,31918,45.15
20,1490,MOGSEC,EQ,6497,3686,56.73
20,1491,MOHEALTH,EQ,83816,71158,84.90
20,1492,MOIL,EQ,945095,439511,46.50
20,1493,MOKSH,EQ,1240294,726947,58.61
20,1494,MOL,EQ,1795591,996576,55.50
20,1495,MOLDTECH,EQ,81747,50934,62.31
20,1496,MOLDTKPAC,EQ,40325,27282,67.66
20,1497,MOLOWVOL,EQ,33561,27449,81.79
20,1498,MOM100,EQ,286822,122788,42.81
20,1499,MOM30IETF,EQ,2178035,1769743,81.25
20,1500,MOM50,EQ,2058,1384,67.25
20,1501,MOMENTUM,EQ,67818,49370,72.80
20,1502,MOMOMENTUM,EQ,363540,294613,81.04
20,1503,MON100,EQ,829277,594857,71.73
20,1504,MONARCH,EQ,173619,69886,40.25
20,1505,MONIFTY500,EQ,151552,121798,80.37
20,1506,MONQ50,EQ,134961,95070,70.44
20,1507,MONTECARLO,EQ,49656,28280,56.95
20,1508,MOQUALITY,EQ,2664,2046,76.80
20,1509,MOREALTY,EQ,53303,44053,82.65
20,1510,MOREPENLAB,EQ,32896387,10399614,31.61
20,1511,MOS,SM,72000,51200,71.11
20,1512,MOSMALL250,EQ,262647,169930,64.70
20,1513,MOTHERSON,EQ,28528686,15645913,54.84
20,1514,MOTILALOFS,EQ,3049086,1800825,59.06
20,1515,MOTISONS,EQ,1657639,831420,50.16
20,1516,MOTOGENFIN,EQ,39507,28104,71.14
20,1517,MOVALUE,EQ,644064,599133,93.02
20,1518,MOXSH,ST,800,800,100.00
20,1519,MPHASIS,EQ,619734,244326,39.42
20,1520,MPSLTD,EQ,22501,11851,52.67
20,1521,MPTODAY,SM,2000,2000,100.00
20,1522,MRF,EQ,4051,1064,26.27
20,1523,MRO-TEK,EQ,71920,40387,56.16
20,1524,MRPL,EQ,2042065,551608,27.01
20,1525,MSPL,EQ,482584,482583,100.00
20,1526,MSTCLTD,EQ,334877,144129,43.04
20,1527,MSUMI,EQ,3928466,2194967,55.87
20,1528,MTARTECH,EQ,118224,54900,46.44
20,1529,MTNL,EQ,18591901,6469787,34.80
20,1530,MUFIN,EQ,103448,56482,54.60
20,1531,MUFTI,EQ,1720843,590991,34.34
20,1532,MUKANDLTD,EQ,622569,320553,51.49
20,1533,MUKKA,EQ,2035297,986833,48.49
20,1534,MUKTAARTS,EQ,13198,6196,46.95
20,1535,MUNJALAU,EQ,578930,252599,43.63
20,1536,MUNJALSHOW,EQ,89660,56164,62.64
20,1537,MURUDCERA,EQ,5316922,1509245,28.39
20,1538,MUTHOOTCAP,EQ,16885,9643,57.11
20,1539,MUTHOOTFIN,EQ,758672,533408,70.31
20,1540,MUTHOOTMF,EQ,259101,152809,58.98
20,1541,MVGJL,EQ,652522,305334,46.79
20,1542,MVKAGRO,SM,14400,10800,75.00
20,1543,MWL,SM,6000,3600,60.00
20,1544,NACLIND,EQ,857399,387881,45.24
20,1545,NAGAFERT,EQ,587754,326013,55.47
20,1546,NAGREEKEXP,EQ,440739,220680,50.07
20,1547,NAHARCAP,EQ,5894,3245,55.06
20,1548,NAHARINDUS,EQ,67931,36207,53.30
20,1549,NAHARSPING,EQ,46713,23072,49.39
20,1550,NAMAN,SM,617600,348800,56.48
20,1551,NAM-INDIA,EQ,1320879,637358,48.25
20,1552,NATCOPHARM,EQ,683161,352350,51.58
20,1553,NATIONALUM,EQ,30949105,12867188,41.58
20,1554,NAUKRI,EQ,229642,148845,64.82
20,1555,NAVA,EQ,200444,105259,52.51
20,1556,NAVINFLUOR,EQ,91501,44971,49.15
20,1557,NAVINIFTY,EQ,3340,519,15.54
20,1558,NAVKARCORP,EQ,1024115,332351,32.45
20,1559,NAVNETEDUL,EQ,413280,154414,37.36
20,1560,NAZARA,EQ,255986,83342,32.56
20,1561,NBCC,EQ,25661184,8389306,32.69
20,1562,NCC,EQ,5326632,2912812,54.68
20,1563,NCLIND,EQ,182440,106202,58.21
20,1564,NDL,EQ,626643,322563,51.47
20,1565,NDLVENTURE,EQ,108013,57040,52.81
20,1566,NDRAUTO,EQ,18507,11265,60.87
20,1567,NDTV,EQ,86931,42619,49.03
20,1568,NECLIFE,EQ,983376,455411,46.31
20,1569,NELCAST,EQ,48845,29429,60.25
20,1570,NELCO,EQ,292453,119636,40.91
20,1571,NEOGEN,EQ,36987,25319,68.45
20,1572,NEPHROCARE,SM,139200,102400,73.56
20,1573,NESCO,EQ,52556,30065,57.21
20,1574,NESTLEIND,EQ,484732,352296,72.68
20,1575,NETF,EQ,2492,1251,50.20
20,1576,NETWEB,EQ,406114,161658,39.81
20,1577,NETWORK18,EQ,7645637,2041074,26.70
20,1578,NEULANDLAB,EQ,23127,13496,58.36
20,1579,NEWGEN,EQ,273488,101590,37.15
20,1580,NEWJAISA,SM,162000,133500,82.41
20,1581,NEXT50,EQ,4550,3028,66.55
20,1582,NEXT50IETF,EQ,927601,470674,50.74
20,1583,NFL,EQ,2081373,591535,28.42
20,1584,NGIL,EQ,73837,24883,33.70
20,1585,NGLFINE,EQ,6147,2015,32.78
20,1586,NH,EQ,213373,138153,64.75
20,1587,NHPC,EQ,16869237,6275581,37.20
20,1588,NIACL,EQ,2289265,782006,34.16
20,1589,NIBL,EQ,43163,11531,26.72
20,1590,NIDAN,SM,10000,7000,70.00
20,1591,NIF100BEES,EQ,13113,9565,72.94
20,1592,NIF100IETF,EQ,137761,101316,73.54
20,1593,NIF10GETF,EQ,833,784,94.12
20,1594,NIF5GETF,EQ,22,22,100.00
20,1595,NIFITETF,EQ,987,541,54.81
20,1596,NIFMID150,EQ,1215,1057,87.00
20,1597,NIFTY1,EQ,31672,22952,72.47
20,1598,NIFTY50ADD,EQ,5919,4580,77.38
20,1599,NIFTYBEES,EQ,2983519,2269683,76.07
20,1600,NIFTYBETF,EQ,1296,941,72.61
20,1601,NIFTYETF,EQ,92665,66578,71.85
20,1602,NIFTYIETF,EQ,154893,82694,53.39
20,1603,NIFTYQLITY,EQ,107864,39667,36.78
20,1604,NIITLTD,EQ,366960,168568,45.94
20,1605,NIITMTS,EQ,51566,29045,56.33
20,1606,NILAINFRA,EQ,974247,540105,55.44
20,1607,NILKAMAL,EQ,10584,4870,46.01
20,1608,NINSYS,EQ,5449,3369,61.83
20,1609,NIPPOBATRY,EQ,10795,7420,68.74
20,1610,NIRAJ,EQ,74789,41316,55.24
20,1611,NIRMAN,ST,47400,45000,94.94
20,1612,NITCO,EQ,432667,259347,59.94
20,1613,NITINSPIN,EQ,89173,40103,44.97
20,1614,NKIND,EQ,4088,2014,49.27
20,1615,NLCINDIA,EQ,4552460,1396345,30.67
20,1616,NMDC,EQ,9908370,4167204,42.06
20,1617,NOCIL,EQ,418095,181848,43.49
20,1618,NORBTEAEXP,EQ,11375,7015,61.67
20,1619,NPBET,EQ,658,611,92.86
20,1620,NPST,SM,18200,12600,69.23
20,1621,NRAIL,EQ,5151,3966,76.99
20,1622,NRBBEARING,EQ,87646,49781,56.80
20,1623,NRL,EQ,96765,49353,51.00
20,1624,NSIL,EQ,6157,3308,53.73
20,1625,NSLNISP,EQ,2646877,1331532,50.31
20,1626,NTPC,EQ,10126083,5174881,51.10
20,1627,NUCLEUS,EQ,665124,188375,28.32
20,1628,NURECA,EQ,20442,12528,61.29
20,1629,NUVAMA,EQ,165398,61108,36.95
20,1630,NUVOCO,EQ,679260,597324,87.94
20,1631,NV20,EQ,8247,6279,76.14
20,1632,NV20BEES,EQ,44151,21957,49.73
20,1633,NV20IETF,EQ,877213,548630,62.54
20,1634,NXST,RR,687809,620349,90.19
20,1635,NYKAA,EQ,3599107,1647586,45.78
20,1636,OAL,EQ,130899,60778,46.43
20,1637,OBCL,EQ,38632,22051,57.08
20,1638,OBEROIRLTY,EQ,580046,421482,72.66
20,1639,OFSS,EQ,222688,116359,52.25
20,1640,OIL,EQ,4232327,1771990,41.87
20,1641,OILIETF,EQ,763554,431567,56.52
20,1642,OLAELEC,EQ,309136273,80695772,26.10
20,1643,OLECTRA,EQ,456002,234287,51.38
20,1644,OLIL,ST,1200,1200,100.00
20,1645,OMFURN,SM,48000,48000,100.00
20,1646,ONDOOR,SM,4800,3000,62.50
20,1647,ONEPOINT,EQ,2433114,1217134,50.02
20,1648,ONGC,EQ,14972714,5748348,38.39
20,1649,ONMOBILE,EQ,657817,180542,27.45
20,1650,ONWARDTEC,EQ,84934,54746,64.46
20,1651,OPTIEMUS,EQ,3165112,704050,22.24
20,1652,ORBTEXP,EQ,181464,60953,33.59
20,1653,ORCHPHARMA,EQ,55247,35851,64.89
20,1654,ORIANA,SM,134850,72150,53.50
20,1655,ORICONENT,EQ,798175,262226,32.85
20,1656,ORIENTALTL,EQ,179772,105160,58.50
20,1657,ORIENTBELL,EQ,10500,6380,60.76
20,1658,ORIENTCEM,EQ,881717,447148,50.71
20,1659,ORIENTCER,EQ,230238,139818,60.73
20,1660,ORIENTELEC,EQ,144244,59324,41.13
20,1661,ORIENTHOT,EQ,499243,241890,48.45
20,1662,ORIENTLTD,EQ,14180,6912,48.74
20,1663,ORIENTPPR,EQ,883401,281508,31.87
20,1664,ORISSAMINE,EQ,21312,8697,40.81
20,1665,ORTINLAB,EQ,39827,26798,67.29
20,1666,OSWALAGRO,EQ,239664,109993,45.89
20,1667,OSWALGREEN,EQ,2216334,876628,39.55
20,1668,OSWALSEEDS,EQ,50492,30112,59.64
20,1669,OWAIS,SM,43200,30400,70.37
20,1670,PAGEIND,EQ,9306,5202,55.90
20,1671,PAISALO,EQ,1989576,1129428,56.77
20,1672,PAKKA,EQ,176171,94068,53.40
20,1673,PALASHSECU,EQ,3298,1669,50.61
20,1674,PANACEABIO,EQ,2623908,904236,34.46
20,1675,PANAMAPET,EQ,318818,144127,45.21
20,1676,PAR,EQ,8036,5640,70.18
20,1677,PARACABLES,EQ,779429,413176,53.01
20,1678,PARADEEP,EQ,4521755,1250440,27.65
20,1679,PARAGMILK,EQ,333697,167423,50.17
20,1680,PARAGON,SM,49200,39600,80.49
20,1681,PARIN,SM,4000,4000,100.00
20,1682,PARKHOTELS,EQ,121076,58466,48.29
20,1683,PARTYCRUS,SM,2000,2000,100.00
20,1684,PASUPTAC,EQ,5687797,853706,15.01
20,1685,PATANJALI,EQ,234151,94360,40.30
20,1686,PATELENG,EQ,10259137,5507879,53.69
20,1687,PATINTLOG,EQ,400939,147942,36.90
20,1688,PAVNAIND,EQ,7128,3788,53.14
20,1689,PAYTM,EQ,6100028,2873320,47.10
20,1690,PCBL,EQ,7782623,2066727,26.56
20,1691,PCCL,SM,32000,19200,60.00
20,1692,PCJEWELLER,EQ,6670048,2962234,44.41
20,1693,PDMJEPAPER,EQ,177175,112995,63.78
20,1694,PDSL,EQ,69768,38773,55.57
20,1695,PEARLPOLY,EQ,259064,155428,60.00
20,1696,PEL,EQ,1453538,471623,32.45
20,1697,PENIND,EQ,527811,242501,45.94
20,1698,PENINLAND,EQ,1800680,932433,51.78
20,1699,PENTAGON,SM,17000,16000,94.12
20,1700,PERFECT,ST,3000,3000,100.00
20,1701,PERSISTENT,EQ,390175,147543,37.81
20,1702,PETRONET,EQ,3474677,1789787,51.51
20,1703,PFC,EQ,12169319,4970177,40.84
20,1704,PFIZER,EQ,14500,6821,47.04
20,1705,PFS,EQ,4607986,1786863,38.78
20,1706,PGEL,EQ,1469087,603960,41.11
20,1707,PGHH,EQ,2355,1186,50.36
20,1708,PGHL,EQ,18204,8538,46.90
20,1709,PGIL,EQ,192296,139740,72.67
20,1710,PGINVIT,IV,925580,744485,80.43
20,1711,PHANTOMFX,SM,64800,50100,77.31
20,1712,PHARMABEES,EQ,2390863,1563688,65.40
20,1713,PHOENIXLTD,EQ,192276,108358,56.36
20,1714,PIDILITIND,EQ,194202,114600,59.01
20,1715,PIIND,EQ,263570,176425,66.94
20,1716,PILANIINVS,EQ,5799,2717,46.85
20,1717,PILITA,EQ,205763,144688,70.32
20,1718,PIONEEREMB,EQ,55334,32352,58.47
20,1719,PITTIENG,EQ,72083,32106,44.54
20,1720,PIXTRANS,EQ,31361,15102,48.16
20,1721,PLADAINFO,SM,3000,3000,100.00
20,1722,PLASTIBLEN,EQ,19080,12214,64.01
20,1723,PLATIND,EQ,548664,212126,38.66
20,1724,PLAZACABLE,EQ,155452,56619,36.42
20,1725,PNB,EQ,24197410,9141235,37.78
20,1726,PNBGILTS,EQ,416356,198158,47.59
20,1727,PNBHOUSING,EQ,945890,707074,74.75
20,1728,PNC,EQ,63480,30345,47.80
20,1729,PNCINFRA,EQ,457399,273649,59.83
20,1730,POCL,EQ,199304,93839,47.08
20,1731,PODDARMENT,EQ,20914,12289,58.76
20,1732,POKARNA,EQ,191490,58580,30.59
20,1733,POLICYBZR,EQ,2188330,813306,37.17
20,1734,POLYCAB,EQ,1067336,257018,24.08
20,1735,POLYMED,EQ,284416,119917,42.16
20,1736,POLYPLEX,EQ,424037,171095,40.35
20,1737,POLYSIL,SM,6000,4000,66.67
20,1738,PONNIERODE,EQ,49875,25119,50.36
20,1739,POONAWALLA,EQ,12254894,3575010,29.17
20,1740,POSITRON,ST,326400,326400,100.00
20,1741,POWERGRID,EQ,6393840,4131668,64.62
20,1742,POWERINDIA,EQ,48574,27868,57.37
20,1743,POWERMECH,EQ,115961,39445,34.02
20,1744,PPAP,EQ,15495,10555,68.12
20,1745,PPL,EQ,463880,177426,38.25
20,1746,PPLPHARMA,EQ,1937001,552001,28.50
20,1747,PPSL,ST,120000,120000,100.00
20,1748,PRAENG,EQ,134401,71461,53.17
20,1749,PRAJIND,EQ,10815671,1350690,12.49
20,1750,PRAKASH,EQ,1687279,758398,44.95
20,1751,PRATHAM,SM,132800,68800,51.81
20,1752,PRECAM,EQ,108595,59683,54.96
20,1753,PRECISION,SM,28000,20000,71.43
20,1754,PRECWIRE,EQ,1659546,721821,43.50
20,1755,PREMIERPOL,EQ,16568,10174,61.41
20,1756,PRESSTONIC,SM,56800,36000,63.38
20,1757,PRESTIGE,EQ,763209,375867,49.25
20,1758,PRICOLLTD,EQ,713921,239337,33.52
20,1759,PRIMESECU,EQ,273315,132757,48.57
20,1760,PRINCEPIPE,EQ,48517,23118,47.65
20,1761,PRITI,EQ,49130,31051,63.20
20,1762,PRITIKA,SM,46000,34000,73.91
20,1763,PRITIKAUTO,EQ,2992791,1218450,40.71
20,1764,PRIVISCL,EQ,23907,16510,69.06
20,1765,PRIZOR,SM,48000,30400,63.33
20,1766,PRLIND,SM,148000,90000,60.81
20,1767,PROLIFE,SM,500,500,100.00
20,1768,PROPEQUITY,SM,48600,43200,88.89
20,1769,PROV,SM,4320,3840,88.89
20,1770,PROZONER,EQ,440896,234873,53.27
20,1771,PRSMJOHNSN,EQ,90065,46228,51.33
20,1772,PRUDENT,EQ,74531,31247,41.92
20,1773,PRUDMOULI,EQ,119603,90493,75.66
20,1774,PSB,EQ,1466115,465009,31.72
20,1775,PSPPROJECT,EQ,39313,21815,55.49
20,1776,PSUBANK,EQ,18577,10377,55.86
20,1777,PSUBANKADD,EQ,26762,16229,60.64
20,1778,PSUBNKBEES,EQ,2034560,1191843,58.58
20,1779,PSUBNKIETF,EQ,160913,114901,71.41
20,1780,PTC,EQ,1347259,915460,67.95
20,1781,PTL,EQ,117276,70562,60.17
20,1782,PULZ,SM,7000,6000,85.71
20,1783,PUNJABCHEM,EQ,4163,2054,49.34
20,1784,PURVFLEXI,SM,9600,8000,83.33
20,1785,PVRINOX,EQ,696087,403346,57.94
20,1786,PVSL,EQ,75335,43952,58.34
20,1787,PVTBANIETF,EQ,4434585,3402116,76.72
20,1788,PVTBANKADD,EQ,169178,115708,68.39
20,1789,PYRAMID,EQ,176570,111895,63.37
20,1790,QFIL,SM,4000,4000,100.00
20,1791,QGOLDHALF,EQ,50536,47432,93.86
20,1792,QMSMEDI,SM,13000,8000,61.54
20,1793,QNIFTY,EQ,43,26,60.47
20,1794,QUADPRO,SM,24000,24000,100.00
20,1795,QUAL30IETF,EQ,261105,193911,74.27
20,1796,QUESS,EQ,117359,67801,57.77
20,1797,QUESTLAB,SM,6000,6000,100.00
20,1798,QUICKHEAL,EQ,106858,34578,32.36
20,1799,QUICKTOUCH,SM,19500,12500,64.10
20,1800,RACE,EQ,106581,75541,70.88
20,1801,RADHIKAJWE,EQ,20625561,3095979,15.01
20,1802,RADIANTCMS,EQ,147424,102764,69.71
20,1803,RADICO,EQ,200380,99858,49.83
20,1804,RADIOCITY,EQ,380043,138280,36.39
20,1805,RADIOCITY,P1,2137,1637,76.60
20,1806,RADIOWALLA,SM,11200,8000,71.43
20,1807,RAILTEL,EQ,1470572,514467,34.98
20,1808,RAIN,EQ,1195424,533284,44.61
20,1809,RAINBOW,EQ,54587,32109,58.82
20,1810,RAJESHEXPO,EQ,308395,116083,37.64
20,1811,RAJINDLTD,ST,48000,48000,100.00
20,1812,RAJMET,EQ,1380675,742485,53.78
20,1813,RAJRATAN,EQ,26809,14793,55.18
20,1814,RAJSREESUG,EQ,161383,62121,38.49
20,1815,RALLIS,EQ,552252,422591,76.52
20,1816,RAMANEWS,EQ,3481112,1017047,29.22
20,1817,RAMAPHO,EQ,12392,9413,75.96
20,1818,RAMASTEEL,EQ,10703252,4006247,37.43
20,1819,RAMCOCEM,EQ,805790,434540,53.93
20,1820,RAMCOIND,EQ,122336,81387,66.53
20,1821,RAMCOSYS,EQ,48345,24303,50.27
20,1822,RAMKY,EQ,111606,56554,50.67
20,1823,RAMRAT,EQ,273556,120689,44.12
20,1824,RANASUG,EQ,732049,294838,40.28
20,1825,RANEENGINE,EQ,12296,7373,59.96
20,1826,RANEHOLDIN,EQ,29422,11137,37.85
20,1827,RATEGAIN,EQ,203424,113616,55.85
20,1828,RATNAMANI,EQ,9681,5612,57.97
20,1829,RAYMOND,EQ,181804,84658,46.57
20,1830,RBA,EQ,927839,496895,53.55
20,1831,RBL,EQ,41297,17839,43.20
20,1832,RBLBANK,EQ,17968387,8138083,45.29
20,1833,RBMINFRA,SM,5400,5400,100.00
20,1834,RBS,SM,89600,75200,83.93
20,1835,RCDL,SM,21000,18000,85.71
20,1836,RCF,EQ,2643118,655444,24.80
20,1837,RECLTD,EQ,10518490,4724872,44.92
20,1838,REDINGTON,EQ,1244059,660513,53.09
20,1839,REDTAPE,EQ,126024,71192,56.49
20,1840,REFEX,EQ,407437,161747,39.70
20,1841,RELAXO,EQ,26600,18532,69.67
20,1842,RELCHEMQ,EQ,24289,13398,55.16
20,1843,RELIANCE,EQ,4205904,2765914,65.76
20,1844,RELIGARE,EQ,1396339,890813,63.80
20,1845,RELINFRA,EQ,19152844,5553825,29.00
20,1846,RELTD,EQ,211886,128900,60.83
20,1847,REMSONSIND,EQ,21666,13332,61.53
20,1848,REMUS,SM,27400,18700,68.25
20,1849,RENUKA,EQ,14532381,4118882,28.34
20,1850,REPCOHOME,EQ,149961,103345,68.91
20,1851,REPL,EQ,17368,9560,55.04
20,1852,REPRO,EQ,47076,23261,49.41
20,1853,RESPONIND,EQ,1811582,162894,8.99
20,1854,REXPIPES,SM,6000,6000,100.00
20,1855,RGL,EQ,734431,512595,69.79
20,1856,RHFL,EQ,5312943,4638874,87.31
20,1857,RHIM,EQ,298525,144086,48.27
20,1858,RICHA,SM,4000,4000,100.00
20,1859,RICOAUTO,EQ,351517,188006,53.48
20,1860,RIIL,EQ,261344,60847,23.28
20,1861,RILINFRA,ST,36500,35700,97.81
20,1862,RISHABH,EQ,52798,27495,52.08
20,1863,RITCO,EQ,79757,28730,36.02
20,1864,RITES,EQ,534470,243250,45.51
20,1865,RITEZONE,SM,3200,3200,100.00
20,1866,RKFORGE,EQ,1626436,417243,25.65
20,1867,RKSWAMY,EQ,130869,67045,51.23
20,1868,RMDRIP,SM,1000,1000,100.00
20,1869,RML,EQ,97693,40900,41.87
20,1870,RNFI,SM,144000,92400,64.17
20,1871,ROCKINGDCE,SM,28500,6500,22.81
20,1872,ROHLTD,EQ,78167,47111,60.27
20,1873,ROLEXRINGS,EQ,48439,14170,29.25
20,1874,ROML,EQ,27624,15937,57.69
20,1875,ROSSARI,EQ,122909,57770,47.00
20,1876,ROSSELLIND,EQ,26295,13377,50.87
20,1877,ROTO,EQ,72237,36073,49.94
20,1878,ROUTE,EQ,91163,44410,48.71
20,1879,ROXHITECH,SM,67200,46400,69.05
20,1880,RPEL,EQ,8047,3815,47.41
20,1881,RPGLIFE,EQ,17649,7067,40.04
20,1882,RPOWER,EQ,20219725,15735853,77.82
20,1883,RPPL,EQ,567661,269030,47.39
20,1884,RPSGVENT,EQ,234582,103637,44.18
20,1885,RPTECH,EQ,175530,83150,47.37
20,1886,RRKABEL,EQ,273609,87001,31.80
20,1887,RSWM,EQ,85970,37935,44.13
20,1888,RSYSTEMS,EQ,255608,121866,47.68
20,1889,RTNINDIA,EQ,8232686,3074206,37.34
20,1890,RTNPOWER,EQ,11423479,7998847,70.02
20,1891,RUBFILA,EQ,100472,66341,66.03
20,1892,RUBYMILLS,EQ,28615,12742,44.53
20,1893,RUCHINFRA,EQ,307651,145851,47.41
20,1894,RUCHIRA,EQ,169366,60490,35.72
20,1895,RULKA,ST,18600,18600,100.00
20,1896,RUPA,EQ,2945288,899097,30.53
20,1897,RUSHIL,EQ,2389259,1251712,52.39
20,1898,RUSTOMJEE,EQ,90590,50410,55.65
20,1899,RVHL,EQ,209395,123830,59.14
20,1900,RVNL,EQ,9499106,2721825,28.65
20,1901,SAAKSHI,ST,5400,5400,100.00
20,1902,SABAR,SM,15000,10000,66.67
20,1903,SADBHAV,EQ,1225100,724558,59.14
20,1904,SADBHIN,EQ,609375,453734,74.46
20,1905,SADHAV,SM,186000,92400,49.68
20,1906,SADHNANIQ,EQ,901082,291265,32.32
20,1907,SAFARI,EQ,56389,33526,59.45
20,1908,SAGCEM,EQ,71085,44966,63.26
20,1909,SAH,EQ,117403,55936,47.64
20,1910,SAHAJ,SM,4000,4000,100.00
20,1911,SAHAJSOLAR,SM,134400,86400,64.29
20,1912,SAHANA,SM,19000,16250,85.53
20,1913,SAHYADRI,EQ,64512,48738,75.55
20,1914,SAIFL,SM,84000,72800,86.67
20,1915,SAIL,EQ,16842938,8000204,47.50
20,1916,SAKAR,EQ,18646,15621,83.78
20,1917,SAKHTISUG,EQ,1020593,551959,54.08
20,1918,SAKSOFT,EQ,143360,78840,54.99
20,1919,SAKUMA,EQ,9606677,4640167,48.30
20,1920,SALASAR,EQ,16851859,8172555,48.50
20,1921,SALONA,EQ,5313,2665,50.16
20,1922,SALZERELEC,EQ,164111,48018,29.26
20,1923,SAMBHAAV,EQ,80677,47328,58.66
20,1924,SAMHI,EQ,1369433,948769,69.28
20,1925,SAMMAANCAP,EQ,19134016,6745843,35.26
20,1926,SANDESH,EQ,4447,2265,50.93
20,1927,SANDHAR,EQ,56745,32053,56.49
20,1928,SANDUMA,EQ,139736,65721,47.03
20,1929,SANGAMIND,EQ,58540,40057,68.43
20,1930,SANGANI,SM,21000,18000,85.71
20,1931,SANGHIIND,EQ,236579,139559,58.99
20,1932,SANGHVIMOV,EQ,323866,143844,44.41
20,1933,SANGINITA,EQ,114046,96844,84.92
20,1934,SANOFI,EQ,5924,3099,52.31
20,1935,SANSERA,EQ,101126,54412,53.81
20,1936,SANSTAR,EQ,13812258,4719429,34.17
20,1937,SAPPHIRE,EQ,103187,28503,27.62
20,1938,SARDAEN,EQ,1202566,462588,38.47
20,1939,SAREGAMA,EQ,194300,83713,43.08
20,1940,SARTELE,SM,290500,139000,47.85
20,1941,SARVESHWAR,EQ,2566424,1631055,63.55
20,1942,SASKEN,EQ,39730,16517,41.57
20,1943,SASTASUNDR,EQ,26951,14321,53.14
20,1944,SATECH,SM,862000,388000,45.01
20,1945,SATIA,EQ,399258,238687,59.78
20,1946,SATIN,EQ,265931,178295,67.05
20,1947,SATINDLTD,EQ,702549,313909,44.68
20,1948,SATIPOLY,SM,25000,22000,88.00
20,1949,SAURASHCEM,EQ,175069,106093,60.60
20,1950,SBC,EQ,9226090,4059738,44.00
20,1951,SBCL,EQ,125975,39069,31.01
20,1952,SBFC,EQ,786326,388050,49.35
20,1953,SBGLP,EQ,393506,278814,70.85
20,1954,SBICARD,EQ,1398065,772218,55.23
20,1955,SBIETFCON,EQ,31878,16070,50.41
20,1956,SBIETFIT,EQ,6500,4973,76.51
20,1957,SBIETFPB,EQ,20191,15440,76.47
20,1958,SBIETFQLTY,EQ,229835,228948,99.61
20,1959,SBILIFE,EQ,3951662,2003273,50.69
20,1960,SBIN,EQ,10347493,3528916,34.10
20,1961,SBINEQWETF,EQ,44515,42714,95.95
20,1962,SBISILVER,EQ,35282,32695,92.67
20,1963,SCHAEFFLER,EQ,73319,40153,54.76
20,1964,SCHAND,EQ,96018,57321,59.70
20,1965,SCHNEIDER,EQ,226381,135165,59.71
20,1966,SCI,EQ,2933575,1152448,39.28
20,1967,SCILAL,EQ,1924033,940907,48.90
20,1968,SCLZC25B,AT,2,1,50.00
20,1969,SCLZC26,NB,20,10,50.00
20,1970,SCML,SM,22000,22000,100.00
20,1971,SCPL,EQ,23962,11132,46.46
20,1972,SDBL,EQ,686775,430757,62.72
20,1973,SDL24BEES,EQ,565,374,66.19
20,1974,SDL26BEES,EQ,101030,100525,99.50
20,1975,SEAMECLTD,EQ,64456,39907,61.91
20,1976,SECL,SM,18750,12500,66.67
20,1977,SECMARK,EQ,2874,1039,36.15
20,1978,SECURKLOUD,EQ,31072,13237,42.60
20,1979,SEL,SM,5200,4800,92.31
20,1980,SELAN,EQ,1760242,244980,13.92
20,1981,SENCO,EQ,214018,125720,58.74
20,1982,SENSEXADD,EQ,5502,3074,55.87
20,1983,SENSEXETF,EQ,11833,8297,70.12
20,1984,SENSEXIETF,EQ,10416,5875,56.40
20,1985,SEPC,EQ,13147281,6327047,48.12
20,1986,SEQUENT,EQ,20819583,4382622,21.05
20,1987,SERVICE,SM,80000,78000,97.50
20,1988,SERVOTECH,EQ,1705427,733607,43.02
20,1989,SESHAPAPER,EQ,85560,56259,65.75
20,1990,SETF10GILT,EQ,35492,33659,94.84
20,1991,SETFGOLD,EQ,1032000,754227,73.08
20,1992,SETFNIF50,EQ,245406,160154,65.26
20,1993,SETFNIFBK,EQ,80657,60127,74.55
20,1994,SETFNN50,EQ,118540,101878,85.94
20,1995,SFL,EQ,51086,31544,61.75
20,1996,SGBAPR28I,GB,92,66,71.74
20,1997,SGBAUG27,GB,60,48,80.00
20,1998,SGBAUG28V,GB,1032,754,73.06
20,1999,SGBAUG29V,GB,195,166,85.13
20,2000,SGBAUG30,GB,202,137,67.82
20,2001,SGBD29VIII,GB,49,43,87.76
20,2002,SGBDC27VII,GB,5,4,80.00
20,2003,SGBDE30III,GB,456,281,61.62
20,2004,SGBDE31III,GB,2110,1631,77.30
20,2005,SGBFEB29XI,GB,157,155,98.73
20,2006,SGBFEB32IV,GB,1256,871,69.35
20,2007,SGBJ28VIII,GB,3,2,66.67
20,2008,SGBJAN26,GB,6,6,100.00
20,2009,SGBJAN27,GB,4,4,100.00
20,2010,SGBJAN29IX,GB,1858,1404,75.57
20,2011,SGBJAN29X,GB,80,70,87.50
20,2012,SGBJAN30IX,GB,93,72,77.42
20,2013,SGBJU29III,GB,212,140,66.04
20,2014,SGBJUL25,GB,22,18,81.82
20,2015,SGBJUL27,GB,67,57,85.07
20,2016,SGBJUL28IV,GB,353,338,95.75
20,2017,SGBJUL29IV,GB,148,113,76.35
20,2018,SGBJUN27,GB,5,5,100.00
20,2019,SGBJUN28,GB,1032,853,82.66
20,2020,SGBJUN29II,GB,352,316,89.77
20,2021,SGBJUN30,GB,816,767,94.00
20,2022,SGBJUN31I,GB,956,674,70.50
20,2023,SGBMAR25,GB,84,43,51.19
20,2024,SGBMAR28X,GB,218,212,97.25
20,2025,SGBMAR30X,GB,76,39,51.32
20,2026,SGBMAR31IV,GB,93,85,91.40
20,2027,SGBMAY25,GB,24,15,62.50
20,2028,SGBMAY26,GB,12,12,100.00
20,2029,SGBMAY28,GB,465,429,92.26
20,2030,SGBMAY29I,GB,1474,1290,87.52
20,2031,SGBMR29XII,GB,79,59,74.68
20,2032,SGBN28VIII,GB,318,240,75.47
20,2033,SGBNOV24,GB,115,115,100.00
20,2034,SGBNOV25IX,GB,1,1,100.00
20,2035,SGBNV29VII,GB,338,302,89.35
20,2036,SGBOC28VII,GB,299,230,76.92
20,2037,SGBOCT25,GB,15,10,66.67
20,2038,SGBOCT25IV,GB,1,1,100.00
20,2039,SGBOCT27,GB,9,9,100.00
20,2040,SGBOCT27VI,GB,12,12,100.00
20,2041,SGBSEP24,GB,52,44,84.62
20,2042,SGBSEP27,GB,18,18,100.00
20,2043,SGBSEP28VI,GB,78,74,94.87
20,2044,SGBSEP29VI,GB,306,205,66.99
20,2045,SGBSEP31II,GB,1295,977,75.44
20,2046,SGIL,EQ,1254712,208121,16.59
20,2047,SGL,EQ,206778,121960,58.98
20,2048,SHAHALLOYS,EQ,327207,167027,51.05
20,2049,SHAILY,EQ,90861,59989,66.02
20,2050,SHALBY,EQ,192676,108471,56.30
20,2051,SHALPAINTS,EQ,166320,112030,67.36
20,2052,SHANKARA,EQ,71129,31074,43.69
20,2053,SHANTHALA,SM,14400,14400,100.00
20,2054,SHANTIGEAR,EQ,36116,15265,42.27
20,2055,SHARDACROP,EQ,194157,102705,52.90
20,2056,SHARDAMOTR,EQ,26721,15112,56.55
20,2057,SHAREINDIA,EQ,917181,399109,43.51
20,2058,SHAREINDIA,W1,4001,3606,90.13
20,2059,SHARIABEES,EQ,2546,1853,72.78
20,2060,SHEETAL,SM,16000,16000,100.00
20,2061,SHEMAROO,EQ,37194,21895,58.87
20,2062,SHERA,SM,37000,32000,86.49
20,2063,SHIGAN,SM,1500,1500,100.00
20,2064,SHILPAMED,EQ,111579,41679,37.35
20,2065,SHIVALIK,EQ,51230,25321,49.43
20,2066,SHIVAMILLS,EQ,106017,37673,35.53
20,2067,SHIVATEX,EQ,34485,12759,37.00
20,2068,SHK,EQ,1026870,460137,44.81
20,2069,SHOPERSTOP,EQ,36261,23075,63.64
20,2070,SHREDIGCEM,EQ,195106,122962,63.02
20,2071,SHREECEM,EQ,24733,13712,55.44
20,2072,SHREEKARNI,ST,2400,2400,100.00
20,2073,SHREEOSFM,SM,15000,12000,80.00
20,2074,SHREEPUSHK,EQ,132490,68646,51.81
20,2075,SHREYANIND,EQ,12453,7619,61.18
20,2076,SHREYAS,EQ,102281,41746,40.82
20,2077,SHRIPISTON,EQ,76875,44087,57.35
20,2078,SHRIRAMFIN,EQ,2429911,1168324,48.08
20,2079,SHRIRAMPPS,EQ,3516565,1722666,48.99
20,2080,SHRITECH,SM,26000,22000,84.62
20,2081,SHUBHLAXMI,SM,5000,5000,100.00
20,2082,SHYAMCENT,EQ,136082,86408,63.50
20,2083,SHYAMMETL,EQ,2855690,1018016,35.65
20,2084,SIDDHIKA,SM,1000,1000,100.00
20,2085,SIEMENS,EQ,176099,90277,51.26
20,2086,SIGACHI,EQ,1779010,726133,40.82
20,2087,SIGIND,EQ,172659,63831,36.97
20,2088,SIGMA,EQ,30192,17732,58.73
20,2089,SIGNATURE,EQ,456715,73813,16.16
20,2090,SIGNPOST,EQ,206463,109907,53.23
20,2091,SILGO,EQ,65844,27142,41.22
20,2092,SILINV,EQ,4994,2631,52.68
20,2093,SILKFLEX,SM,22000,18000,81.82
20,2094,SILVER,EQ,354949,272880,76.88
20,2095,SILVER1,EQ,50256,41906,83.39
20,2096,SILVERADD,EQ,1266240,1222280,96.53
20,2097,SILVERBEES,EQ,7020648,5678140,80.88
20,2098,SILVERETF,EQ,135507,109364,80.71
20,2099,SILVERIETF,EQ,910741,723558,79.45
20,2100,SILVERTUC,EQ,21221,2855,13.45
20,2101,SILVRETF,EQ,45527,29403,64.58
20,2102,SIMPLEXINF,EQ,56673,37205,65.65
20,2103,SINCLAIR,EQ,74681,39094,52.35
20,2104,SINDHUTRAD,EQ,747616,453343,60.64
20,2105,SINTERCOM,EQ,24139,12370,51.24
20,2106,SIRCA,EQ,133797,90106,67.35
20,2107,SIS,EQ,74134,44991,60.69
20,2108,SIYSIL,EQ,52685,22451,42.61
20,2109,SJLOGISTIC,SM,50000,38000,76.00
20,2110,SJS,EQ,99394,39313,39.55
20,2111,SJVN,EQ,8504210,3800728,44.69
20,2112,SKFINDIA,EQ,126829,53945,42.53
20,2113,SKIPPER,EQ,510870,252025,49.33
20,2114,SKIPPERPP,E1,317,203,64.04
20,2115,SKMEGGPROD,EQ,227260,115468,50.81
20,2116,SKP,SM,12500,10500,84.00
20,2117,SLONE,ST,30400,30400,100.00
20,2118,SMALLCAP,EQ,465330,323129,69.44
20,2119,SMCGLOBAL,EQ,694016,271293,39.09
20,2120,SMLISUZU,EQ,13365,6770,50.65
20,2121,SMLT,EQ,37929,17274,45.54
20,2122,SMSPHARMA,EQ,176829,73433,41.53
20,2123,SMVD,SM,16160,12120,75.00
20,2124,SNOWMAN,EQ,6064790,1565357,25.81
20,2125,SOBHA,EQ,57792,24540,42.46
20,2126,SOBHAPP,E1,29378,29204,99.41
20,2127,SOFTTECH,EQ,28206,19588,69.45
20,2128,SOLARAPP,X1,51616,41754,80.89
20,2129,SOLARINDS,EQ,25902,13671,52.78
20,2130,SOLEX,SM,10400,6600,63.46
20,2131,SOMANYCERA,EQ,30154,14178,47.02
20,2132,SOMATEX,EQ,104668,45330,43.31
20,2133,SONACOMS,EQ,666703,367632,55.14
20,2134,SONAMAC,SM,17000,13000,76.47
20,2135,SONAMLTD,EQ,1601837,308194,19.24
20,2136,SONATSOFTW,EQ,786758,432824,55.01
20,2137,SONUINFRA,ST,24000,24000,100.00
20,2138,SOTAC,ST,4800,4800,100.00
20,2139,SOTL,EQ,70245,33858,48.20
20,2140,SOUTHBANK,EQ,11929681,5222630,43.78
20,2141,SOUTHWEST,EQ,51315,30247,58.94
20,2142,SPAL,EQ,34435,18056,52.44
20,2143,SPANDANA,EQ,216284,104736,48.43
20,2144,SPARC,EQ,417457,251305,60.20
20,2145,SPCENET,EQ,2877113,1332629,46.32
20,2146,SPCL,SM,70800,44400,62.71
20,2147,SPECIALITY,EQ,35418,21182,59.81
20,2148,SPECTRUM,SM,2250,1625,72.22
20,2149,SPECTSTM,SM,43200,30400,70.37
20,2150,SPENCERS,EQ,354883,217086,61.17
20,2151,SPIC,EQ,2443604,981407,40.16
20,2152,SPLIL,EQ,35223,17198,48.83
20,2153,SPLPETRO,EQ,46801,27177,58.07
20,2154,SPORTKING,EQ,17613,12152,68.99
20,2155,SPRL,ST,38400,22400,58.33
20,2156,SREEL,EQ,31571,16572,52.49
20,2157,SRF,EQ,253516,131669,51.94
20,2158,SRGHFL,EQ,4159,2791,67.11
20,2159,SRHHYPOLTD,EQ,11869,6526,54.98
20,2160,SRIVASAVI,SM,17000,15000,88.24
20,2161,SSEGL,ST,19000,19000,100.00
20,2162,SSFL,SM,3000,3000,100.00
20,2163,SSWL,EQ,152241,76245,50.08
20,2164,STANLEY,EQ,195719,90226,46.10
20,2165,STAR,EQ,441445,175923,39.85
20,2166,STARCEMENT,EQ,847088,414267,48.90
20,2167,STARHEALTH,EQ,607689,304507,50.11
20,2168,STARPAPER,EQ,12445,7139,57.36
20,2169,STCINDIA,EQ,256867,39248,15.28
20,2170,STEELCAS,EQ,10436,7418,71.08
20,2171,STEELCITY,EQ,17882,9627,53.84
20,2172,STEELXIND,EQ,1492036,805639,54.00
20,2173,STERTOOLS,EQ,1982276,381707,19.26
20,2174,STLTECH,EQ,2133964,538974,25.26
20,2175,STOVEKRAFT,EQ,183309,83605,45.61
20,2176,STYLAMIND,EQ,15085,7816,51.81
20,2177,STYRENIX,EQ,34888,17378,49.81
20,2178,SUBEXLTD,EQ,3585636,1649739,46.01
20,2179,SUBROS,EQ,128536,61085,47.52
20,2180,SUDARSCHEM,EQ,219799,95680,43.53
20,2181,SUKHJITS,EQ,14279,6768,47.40
20,2182,SULA,EQ,145862,93495,64.10
20,2183,SUMICHEM,EQ,302629,128026,42.30
20,2184,SUMMITSEC,EQ,17392,6782,38.99
20,2185,SUNCLAY,EQ,7725,4466,57.81
20,2186,SUNDARMFIN,EQ,78027,38769,49.69
20,2187,SUNDARMHLD,EQ,240197,95633,39.81
20,2188,SUNDRMBRAK,EQ,2801,1600,57.12
20,2189,SUNDRMFAST,EQ,65865,36817,55.90
20,2190,SUNFLAG,EQ,173702,85636,49.30
20,2191,SUNLITE,ST,806400,806400,100.00
20,2192,SUNPHARMA,EQ,1766597,1126575,63.77
20,2193,SUNTECK,EQ,1241820,454727,36.62
20,2194,SUNTV,EQ,802665,322153,40.14
20,2195,SUPERHOUSE,EQ,70412,46412,65.91
20,2196,SUPERSPIN,EQ,70965,49461,69.70
20,2197,SUPRAJIT,EQ,454794,244874,53.84
20,2198,SUPREMEIND,EQ,86914,52009,59.84
20,2199,SUPREMEPWR,ST,86000,83000,96.51
20,2200,SUPRIYA,EQ,336048,151138,44.98
20,2201,SURANASOL,EQ,456404,278776,61.08
20,2202,SURANI,SM,9200,8800,95.65
20,2203,SURYALAXMI,EQ,65526,39448,60.20
20,2204,SURYAROSNI,EQ,1298715,466684,35.93
20,2205,SURYODAY,EQ,1451176,726278,50.05
20,2206,SUTLEJTEX,EQ,420951,151221,35.92
20,2207,SUVEN,EQ,495018,251540,50.81
20,2208,SUVENPHAR,EQ,78206,25847,33.05
20,2209,SUVIDHAA,EQ,408423,162612,39.81
20,2210,SUYOG,EQ,20577,12712,61.78
20,2211,SUZLON,EQ,54449596,27727570,50.92
20,2212,SVLL,EQ,3424,2016,58.88
20,2213,SVPGLOB,EQ,143030,89027,62.24
20,2214,SWANENERGY,EQ,736715,317986,43.16
20,2215,SWARAJ,SM,36000,29000,80.56
20,2216,SWARAJENG,EQ,5116,2702,52.81
20,2217,SWASTIK,SM,12000,10800,90.00
20,2218,SWELECTES,EQ,50104,29209,58.30
20,2219,SWSOLAR,EQ,1287139,959973,74.58
20,2220,SYLVANPLY,SM,20000,16000,80.00
20,2221,SYMPHONY,EQ,212503,130636,61.47
20,2222,SYNCOMF,EQ,5855283,2536281,43.32
20,2223,SYNGENE,EQ,861079,581815,67.57
20,2224,SYNOPTICS,SM,7200,6000,83.33
20,2225,SYRMA,EQ,387402,167233,43.17
20,2226,SYSTANGO,SM,16400,11600,70.73
20,2227,TAC,SM,229200,154800,67.54
20,2228,TAJGVK,EQ,176773,88517,50.07
20,2229,TAKE,EQ,150351,105347,70.07
20,2230,TALBROAUTO,EQ,257188,114878,44.67
20,2231,TANLA,EQ,311785,124994,40.09
20,2232,TARACHAND,EQ,82354,65154,79.11
20,2233,TARSONS,EQ,99081,30565,30.85
20,2234,TASTYBITE,EQ,61309,20195,32.94
20,2235,TATACHEM,EQ,547522,207766,37.95
20,2236,TATACOMM,EQ,405109,291291,71.90
20,2237,TATACONSUM,EQ,673329,434592,64.54
20,2238,TATAELXSI,EQ,75961,36266,47.74
20,2239,TATAGOLD,EQ,3969080,3157291,79.55
20,2240,TATAINVEST,EQ,13448,7555,56.18
20,2241,TATAMOTORS,EQ,5625723,2741475,48.73
20,2242,TATAMTRDVR,EQ,13993987,11702279,83.62
20,2243,TATAPOWER,EQ,7951880,3088407,38.84
20,2244,TATASTEEL,EQ,37559016,15588808,41.50
20,2245,TATATECH,EQ,3447339,1630667,47.30
20,2246,TATSILV,EQ,1841735,1160171,62.99
20,2247,TATVA,EQ,24482,11856,48.43
20,2248,TBI,ST,27600,26400,95.65
20,2249,TBOTEK,EQ,106046,83798,79.02
20,2250,TBZ,EQ,3660906,446322,12.19
20,2251,TCHF30,NB,175,175,100.00
20,2252,TCI,EQ,49484,24834,50.19
20,2253,TCIEXP,EQ,96213,36008,37.43
20,2254,TCL,SM,24800,18400,74.19
20,2255,TCNSBRANDS,EQ,100084,61251,61.20
20,2256,TCPLPACK,EQ,3801,1465,38.54
20,2257,TCS,EQ,2212298,1329501,60.10
20,2258,TDPOWERSYS,EQ,271858,127315,46.83
20,2259,TEAMLEASE,EQ,17843,11000,61.65
20,2260,TECH,EQ,771386,756960,98.13
20,2261,TECHLABS,ST,35000,34000,97.14
20,2262,TECHM,EQ,2442281,1509022,61.79
20,2263,TEGA,EQ,49689,33221,66.86
20,2264,TEJASNET,EQ,391300,176713,45.16
20,2265,TEMBO,EQ,180880,89393,49.42
20,2266,TEXINFRA,EQ,215649,94880,44.00
20,2267,TEXMOPIPES,EQ,65858,35285,53.58
20,2268,TEXRAIL,EQ,2294174,874077,38.10
20,2269,TFCILTD,EQ,627925,290881,46.32
20,2270,TGBHOTELS,EQ,87002,42002,48.28
20,2271,TGL,ST,46800,40800,87.18
20,2272,THANGAMAYL,EQ,13469,8058,59.83
20,2273,THEJO,EQ,7304,4071,55.74
20,2274,THEMISMED,EQ,160461,89828,55.98
20,2275,THERMAX,EQ,45646,21247,46.55
20,2276,THOMASCOOK,EQ,1034360,638183,61.70
20,2277,THYROCARE,EQ,97563,52948,54.27
20,2278,TI,EQ,637005,349256,54.83
20,2279,TIDEWATER,EQ,45149,15390,34.09
20,2280,TIIL,EQ,32217,16172,50.20
20,2281,TIINDIA,EQ,170631,98472,57.71
20,2282,TIMESCAN,SM,16000,14000,87.50
20,2283,TIMESGTY,EQ,12010,8934,74.39
20,2284,TIMETECHNO,EQ,842044,279985,33.25
20,2285,TIMKEN,EQ,157305,103277,65.65
20,2286,TIPSFILMS,EQ,9089,3931,43.25
20,2287,TIPSINDLTD,EQ,340537,160683,47.19
20,2288,TIRUMALCHM,EQ,418502,169168,40.42
20,2289,TIRUPATI,SM,5000,5000,100.00
20,2290,TITAGARH,EQ,644997,205221,31.82
20,2291,TITAN,EQ,526591,299818,56.94
20,2292,TMB,EQ,86796,41529,47.85
20,2293,TNIDETF,EQ,71200,59064,82.96
20,2294,TNPETRO,EQ,298558,133630,44.76
20,2295,TNPL,EQ,360318,82517,22.90
20,2296,TOKYOPLAST,EQ,22832,16878,73.92
20,2297,TOP100CASE,EQ,81177,64672,79.67
20,2298,TORNTPHARM,EQ,206288,136583,66.21
20,2299,TORNTPOWER,EQ,1930032,392420,20.33
20,2300,TOUCHWOOD,EQ,19585,9954,50.82
20,2301,TRACXN,EQ,660291,414310,62.75
20,2302,TRANSTEEL,SM,64000,54000,84.38
20,2303,TRANSWIND,SM,4000,4000,100.00
20,2304,TREEHOUSE,EQ,24666,19363,78.50
20,2305,TREJHARA,EQ,173455,99130,57.15
20,2306,TREL,EQ,449738,210904,46.89
20,2307,TRENT,EQ,1143592,648050,56.67
20,2308,TRF,EQ,15471,11539,74.58
20,2309,TRIDENT,EQ,5517356,2222930,40.29
20,2310,TRIDHYA,SM,48000,48000,100.00
20,2311,TRITURBINE,EQ,558414,275163,49.28
20,2312,TRIVENI,EQ,1940602,451112,23.25
20,2313,TROM,SM,246000,136800,55.61
20,2314,TRU,EQ,1885673,484162,25.68
20,2315,TRUST,ST,26400,26400,100.00
20,2316,TTKHLTCARE,EQ,9905,4122,41.62
20,2317,TTKPRESTIG,EQ,91861,47662,51.88
20,2318,TTL,EQ,20339,9694,47.66
20,2319,TTML,EQ,12929171,2560645,19.81
20,2320,TUNWAL,SM,1192000,734000,61.58
20,2321,TV18BRDCST,EQ,31782267,13375637,42.09
20,2322,TVSELECT,EQ,28066,14593,52.00
20,2323,TVSHLTD,EQ,6618,2915,44.05
20,2324,TVSMOTOR,EQ,546115,326946,59.87
20,2325,TVSSCS,EQ,724876,428510,59.11
20,2326,TVSSRICHAK,EQ,5002,2083,41.64
20,2327,TVTODAY,EQ,453769,210225,46.33
20,2328,UBL,EQ,372747,232460,62.36
20,2329,UCAL,EQ,13728,7402,53.92
20,2330,UCOBANK,EQ,5435698,1521217,27.99
20,2331,UDAICEMENT,EQ,523118,275974,52.76
20,2332,UDS,EQ,389387,236027,60.62
20,2333,UFLEX,EQ,1444011,247736,17.16
20,2334,UFO,EQ,372009,171197,46.02
20,2335,UGARSUGAR,EQ,264298,108375,41.00
20,2336,UGROCAP,EQ,476499,422339,88.63
20,2337,UJJIVANSFB,EQ,29953758,12656119,42.25
20,2338,ULTRACEMCO,EQ,421084,239592,56.90
20,2339,UMA,SM,68000,36000,52.94
20,2340,UMAEXPORTS,EQ,1487490,742604,49.92
20,2341,UNICHEMLAB,EQ,21438,12840,59.89
20,2342,UNIDT,EQ,44733,22201,49.63
20,2343,UNIECOM,EQ,27871404,5811239,20.85
20,2344,UNIENTER,EQ,7695,3739,48.59
20,2345,UNIHEALTH,SM,47000,40000,85.11
20,2346,UNIINFO,EQ,80073,37261,46.53
20,2347,UNIONBANK,EQ,18480067,6248013,33.81
20,2348,UNIPARTS,EQ,112172,59975,53.47
20,2349,UNITDSPR,EQ,410409,247789,60.38
20,2350,UNITEDPOLY,EQ,20303,8618,42.45
20,2351,UNITEDTEA,EQ,1094,601,54.94
20,2352,UNIVASTU,EQ,198160,69220,34.93
20,2353,UNIVCABLES,EQ,81037,37153,45.85
20,2354,UNIVPHOTO,EQ,631,268,42.47
20,2355,UNOMINDA,EQ,635979,387707,60.96
20,2356,UPL,EQ,1194020,612813,51.32
20,2357,URBAN,SM,20000,18000,90.00
20,2358,URJA,EQ,41196252,15327592,37.21
20,2359,USASEEDS,SM,600,600,100.00
20,2360,USHAMART,EQ,4417162,842604,19.08
20,2361,UTIAMC,EQ,1282215,616628,48.09
20,2362,UTIBANKETF,EQ,112436,55405,49.28
20,2363,UTINEXT50,EQ,70143,49676,70.82
20,2364,UTINIFTETF,EQ,136224,134881,99.01
20,2365,UTISENSETF,EQ,531,401,75.52
20,2366,UTISXN50,EQ,1263,860,68.09
20,2367,UTKARSHBNK,EQ,1129679,654858,57.97
20,2368,UTSSAV,ST,607200,553200,91.11
20,2369,UTTAMSUGAR,EQ,365833,162629,44.45
20,2370,VADILALIND,EQ,9326,5180,55.54
20,2371,VAIBHAVGBL,EQ,10023265,1848089,18.44
20,2372,VAISHALI,EQ,153597,98417,64.07
20,2373,VAKRANGEE,EQ,3599181,1175709,32.67
20,2374,VALIANTLAB,EQ,246111,91282,37.09
20,2375,VALIANTORG,EQ,94225,56870,60.36
20,2376,VARDHACRLC,EQ,240413,116872,48.61
20,2377,VARDMNPOLY,EQ,554815,475839,85.77
20,2378,VARROC,EQ,219774,112388,51.14
20,2379,VASA,ST,4000,4000,100.00
20,2380,VASCONEQ,EQ,787733,463084,58.79
20,2381,VASWANI,EQ,200931,136299,67.83
20,2382,VBL,EQ,1954891,1305582,66.79
20,2383,VEDL,EQ,8887888,3662919,41.21
20,2384,VEEKAYEM,SM,3000,2500,83.33
20,2385,VELS,SM,3600,3600,100.00
20,2386,VENKEYS,EQ,75574,38362,50.76
20,2387,VENUSPIPES,EQ,130040,66004,50.76
20,2388,VENUSREM,EQ,37791,23687,62.68
20,2389,VERA,SM,1500,1500,100.00
20,2390,VERITAAS,SM,9600,7200,75.00
20,2391,VERTOZ,EQ,2857745,1562196,54.67
20,2392,VESUVIUS,EQ,21427,9996,46.65
20,2393,VETO,EQ,341475,99324,29.09
20,2394,VGUARD,EQ,1177672,479850,40.75
20,2395,VHL,EQ,970,523,53.92
20,2396,VIDHIING,EQ,8044,5352,66.53
20,2397,VIJAYA,EQ,2855688,634788,22.23
20,2398,VIKASECO,EQ,8204569,4012591,48.91
20,2399,VIKASLIFE,EQ,6550256,3441606,52.54
20,2400,VILAS,ST,43000,43000,100.00
20,2401,VIMTALABS,EQ,57862,37395,64.63
20,2402,VINATIORGA,EQ,23532,12160,51.67
20,2403,VINDHYATEL,EQ,18615,10578,56.83
20,2404,VINEETLAB,EQ,54765,37377,68.25
20,2405,VINNY,EQ,3374644,2311480,68.50
20,2406,VINSYS,SM,16000,14000,87.50
20,2407,VINYAS,ST,4600,4400,95.65
20,2408,VINYLINDIA,EQ,54875,28387,51.73
20,2409,VIPIND,EQ,217158,112723,51.91
20,2410,VIPULLTD,EQ,406396,260637,64.13
20,2411,VIRINCHI,EQ,209357,123211,58.85
20,2412,VISAKAIND,EQ,677576,356072,52.55
20,2413,VISAMAN,SM,24000,24000,100.00
20,2414,VISHNU,EQ,318656,144691,45.41
20,2415,VISHNUINFR,SM,64000,42000,65.63
20,2416,VISHWARAJ,EQ,951914,427952,44.96
20,2417,VISHWAS,SM,4800,4800,100.00
20,2418,VITAL,ST,8400,8400,100.00
20,2419,VIVIANA,ST,10500,10500,100.00
20,2420,VIVO,SM,1600,1600,100.00
20,2421,VLEGOV,EQ,913797,414534,45.36
20,2422,VLINFRA,SM,315000,204000,64.76
20,2423,VLSFINANCE,EQ,188763,60990,32.31
20,2424,VMARCIND,SM,84000,76000,90.48
20,2425,VMART,EQ,17545,8939,50.95
20,2426,VOLTAMP,EQ,14160,6978,49.28
20,2427,VOLTAS,EQ,4524759,1948452,43.06
20,2428,VPRPL,EQ,1126144,635892,56.47
20,2429,VR,SM,12800,3200,25.00
20,2430,VRAJ,EQ,103545,61509,59.40
20,2431,VRLLOG,EQ,46473,21356,45.95
20,2432,VSCL,SM,15000,15000,100.00
20,2433,VSSL,EQ,76004,39719,52.26
20,2434,VSTIND,EQ,94272,47806,50.71
20,2435,VSTTILLERS,EQ,4219,2029,48.09
20,2436,VTL,EQ,172406,111121,64.45
20,2437,WABAG,EQ,703787,360277,51.19
20,2438,WALCHANNAG,EQ,659698,297257,45.06
20,2439,WALPAR,SM,6000,6000,100.00
20,2440,WANBURY,EQ,237502,114093,48.04
20,2441,WEL,EQ,12638,4949,39.16
20,2442,WELCORP,EQ,1322085,655466,49.58
20,2443,WELENT,EQ,143185,76516,53.44
20,2444,WELINV,EQ,952,564,59.24
20,2445,WELSPUNLIV,EQ,3801523,1238539,32.58
20,2446,WENDT,EQ,152,89,58.55
20,2447,WESTLIFE,EQ,36737,23724,64.58
20,2448,WHEELS,EQ,13831,7241,52.35
20,2449,WHIRLPOOL,EQ,284896,130165,45.69
20,2450,WILLAMAGOR,EQ,3105,1472,47.41
20,2451,WINDLAS,EQ,73809,44677,60.53
20,2452,WINDMACHIN,EQ,548818,323365,58.92
20,2453,WINNY,SM,25000,13000,52.00
20,2454,WINSOL,SM,140800,84800,60.23
20,2455,WIPL,EQ,11839,5524,46.66
20,2456,WIPRO,EQ,4771906,1707519,35.78
20,2457,WONDERLA,EQ,105999,83364,78.65
20,2458,WORTH,EQ,34753,12842,36.95
20,2459,WSI,EQ,118935,68630,57.70
20,2460,WSTCSTPAPR,EQ,112451,61492,54.68
20,2461,WTICAB,SM,27000,16000,59.26
20,2462,XCHANGING,EQ,423812,182610,43.09
20,2463,XELPMOC,EQ,8679,5464,62.96
20,2464,XPROINDIA,EQ,55978,34096,60.91
20,2465,YAARI,EQ,295591,201673,68.23
20,2466,YASHO,EQ,9754,6903,70.77
20,2467,YASHOPTICS,SM,190400,140800,73.95
20,2468,YATHARTH,EQ,628561,498601,79.32
20,2469,YATRA,EQ,282958,160252,56.63
20,2470,YCCL,SM,15000,6000,40.00
20,2471,YESBANK,EQ,87912368,27394795,31.16
20,2472,YUDIZ,ST,12800,11200,87.50
20,2473,YUKEN,EQ,10424,5939,56.97
20,2474,ZAGGLE,EQ,2240708,897221,40.04
20,2475,ZEAL,SM,15600,13200,84.62
20,2476,ZEEL,EQ,6500142,3667748,56.43
20,2477,ZEEMEDIA,EQ,1656765,819735,49.48
20,2478,ZENITHDRUG,SM,78400,48000,61.22
20,2479,ZENSARTECH,EQ,961249,275539,28.66
20,2480,ZENTEC,EQ,215379,106671,49.53
20,2481,ZFCVINDIA,EQ,13133,6580,50.10
20,2482,ZIMLAB,EQ,52985,27727,52.33
20,2483,ZOMATO,EQ,132396556,57244608,43.24
20,2484,ZOTA,EQ,32470,16523,50.89
20,2485,ZTECH,SM,145200,103200,71.07
20,2486,ZUARI,EQ,118616,59655,50.29
20,2487,ZUARIIND,EQ,155148,63835,41.14
20,2488,ZYDUSLIFE,EQ,1876826,1367125,72.84
20,2489,ZYDUSWELL,EQ,24518,11343,46.26
