Security Wise Delivery Position - Compulsory Rolling Settlement
10,MTO,16072024,2480799714,0002511
Trade Date <16-JUL-2024>,Settlement Type <N>
Record Type,Sr No,Name of Security,Quantity Traded,Deliverable Quantity(gross across client level),% of Deliverable Quantity to Traded Quantity
20,1,1003IIFL29,NC,35,35,100.00
20,2,1003ISFL28,N4,60,60,100.00
20,3,1015ECL29,NR,1122,1069,95.28
20,4,1018GS2026,GS,3792,3792,100.00
20,5,1025IHF34,Z8,1689,1689,100.00
20,6,1040UCL25,N4,51,51,100.00
20,7,1049DLS25A,Y5,188,188,100.00
20,8,1050IIFL29,ND,30,30,100.00
20,9,1050NFL26,N7,2,2,100.00
20,10,105IIFL29,N7,15,15,100.00
20,11,1065NFL27,NC,20,20,100.00
20,12,1075IHF33A,N2,41,41,100.00
20,13,1075NFL25,N6,56,56,100.00
20,14,10CAGL27,N5,67,67,100.00
20,15,10IIFL28,N4,1643,1208,73.52
20,16,10IIFL28A,NE,630,430,68.25
20,17,10IIFL29,N6,5,5,100.00
20,18,10NFL25,N9,40,40,100.00
20,19,10NIDO26,N6,2,2,100.00
20,20,1190VCCL26,N0,2,2,100.00
20,21,182D010824,TB,2500,1400,56.00
20,22,182D011124,TB,100,100,100.00
20,23,182D050924,TB,100,100,100.00
20,24,182D051224,TB,100,100,100.00
20,25,182D111024,TB,200,200,100.00
20,26,182D121224,TB,100,100,100.00
20,27,182D150824,TB,100,100,100.00
20,28,182D281124,TB,400,400,100.00
20,29,20MICRONS,EQ,50979,27614,54.17
20,30,360ONE,EQ,447511,227249,50.78
20,31,364D020525,TB,100,100,100.00
20,32,364D051224,TB,700,700,100.00
20,33,364D090125,TB,200,200,100.00
20,34,364D100725,TB,2100,2100,100.00
20,35,364D160125,TB,100,100,100.00
20,36,364D180425,TB,1600,1600,100.00
20,37,364D191224,TB,100,100,100.00
20,38,364D230125,TB,400,200,50.00
20,39,3IINFOLTD,EQ,909261,412943,45.42
20,40,3MINDIA,EQ,3361,1257,37.40
20,41,3PLAND,EQ,10480,6286,59.98
20,42,563GS2026,GS,20,10,50.00
20,43,574GS2026,GS,541,541,100.00
20,44,5PAISA,EQ,143324,59913,41.80
20,45,610GS2031,GS,50000,50000,100.00
20,46,618GS2024,GS,100,100,100.00
20,47,63MOONS,EQ,257595,94172,36.56
20,48,667GS2050,GS,17219,17219,100.00
20,49,689GS2025,GS,5000,5000,100.00
20,50,695GS2061,GS,14175,14175,100.00
20,51,699GS2051,GS,8807,8807,100.00
20,52,702GS2031,GS,600,600,100.00
20,53,704GS2029,GS,200,200,100.00
20,54,706GS2028,GS,38400,38400,100.00
20,55,710GS2029,GS,4001,3803,95.05
20,56,716GS2050,GS,1026,1000,97.47
20,57,717GS2030,GS,4,4,100.00
20,58,718GS2037,GS,37000,27100,73.24
20,59,71GS2034,GS,480,480,100.00
20,60,723GS2039,GS,400,300,75.00
20,61,725GS2063,GS,59475,59475,100.00
20,62,726GS2032,GS,1400,1400,100.00
20,63,727GS2026,GS,2500,2500,100.00
20,64,729IRFC26,NN,10,10,100.00
20,65,732GS2030,GS,512380,511466,99.82
20,66,733GS2026,GS,3150,3150,100.00
20,67,734GS2064,GS,6200,6200,100.00
20,68,736GS2052,GS,7400,7400,100.00
20,69,736NTPC25D,NB,5,5,100.00
20,70,737GS2028,GS,31022,30722,99.03
20,71,738GS2027,GS,159577,157076,98.43
20,72,739NHAI26,N8,222,222,100.00
20,73,73GS2053,GS,81520,81520,100.00
20,74,741GS2036,GS,5000,5000,100.00
20,75,746GS2073,GS,1001,1001,100.00
20,76,750IRFC35,NK,90,90,100.00
20,77,751HUDCO28,N5,313,210,67.09
20,78,753IRFC30,NJ,6,5,83.33
20,79,754GS2036,GS,505270,475841,94.18
20,80,757GS2033,GS,1010,1010,100.00
20,81,758GJ32,SG,200,200,100.00
20,82,760PFCL35,N3,24,24,100.00
20,83,762GS2039,GS,380,380,100.00
20,84,762KL38,SG,200,200,100.00
20,85,762NTPC35F,ND,200,200,100.00
20,86,764HUDCO31,N8,50,50,100.00
20,87,764NABAR31,N2,161,143,88.82
20,88,769HUDCO31,N9,182,182,100.00
20,89,769NHAI31,NE,12,12,100.00
20,90,76IGT26,ND,1070,1000,93.46
20,91,76NHAI31,NA,1295,1295,100.00
20,92,772GS2025,GS,976,488,50.00
20,93,772GS2055,GS,1000,500,50.00
20,94,774IREDA31,N7,132,130,98.48
20,95,79IGT28,NF,40,40,100.00
20,96,79NHIT35,N1,1990,1887,94.82
20,97,79NHIT40,N2,837,828,98.92
20,98,79NHIT47,N3,258,258,100.00
20,99,801TCH25,N4,1,1,100.00
20,100,810IRFC27,N2,1203,761,63.26
20,101,812REC27,NI,53,53,100.00
20,102,824GS2027,GS,477,477,100.00
20,103,825IIFL25,N7,140,140,100.00
20,104,82HUDCO27,N2,10,10,100.00
20,105,82IGT31,NJ,609,609,100.00
20,106,830NHAI27,N2,7797,7602,97.50
20,107,830PFCL27,N5,361,361,100.00
20,108,835IFL25,NV,50,50,100.00
20,109,835PCHF23,NN,406,302,74.38
20,110,842IIFL26,NL,15,15,100.00
20,111,843IHFL29,NC,269,267,99.26
20,112,849NTPC25,N7,41543,41541,100.00
20,113,850CIFCL26,NE,20,10,50.00
20,114,850NHAI29,N5,50,50,100.00
20,115,85IIFL24,NJ,96,90,93.75
20,116,85IIFL25,NO,17,17,100.00
20,117,85TCAPS24,N6,117,88,75.21
20,118,860CIFCL28,NG,10,10,100.00
20,119,862REC33,NA,8,8,100.00
20,120,865IFL28,NZ,501,351,70.06
20,121,865IIFL28,NS,1781,1766,99.16
20,122,865IRFC29,NA,264,264,100.00
20,123,865LTF26,NN,758,596,78.63
20,124,86LTF24,NJ,2,1,50.00
20,125,871REC28,N9,109,109,100.00
20,126,872MMFSL26,N1,3,3,100.00
20,127,875NHAI29,N6,535,534,99.81
20,128,875PCHFL26,N8,50,50,100.00
20,129,876HUDCO28,ND,141,121,85.82
20,130,87LTF27,NH,150,150,100.00
20,131,880IREDA29,N5,28,28,100.00
20,132,885MOFSL26,N0,10,10,100.00
20,133,888ERFL28,N5,70,70,100.00
20,134,888IHFL25F,NC,10,10,100.00
20,135,888IRFC29,NE,149,149,100.00
20,136,889IHFL26,NS,2,2,100.00
20,137,889IHFL27,YC,15,15,100.00
20,138,889IHFL28,NU,10,10,100.00
20,139,890ICCL23A,NZ,100,100,100.00
20,140,891NTPC33,N6,1196,1185,99.08
20,141,893NHB29,N6,61,61,100.00
20,142,897MOFSL29,N4,2400,2400,100.00
20,143,901HUDCO34,NE,345,343,99.42
20,144,901NHB34,N6,9,9,100.00
20,145,903SFL28,YI,5,5,100.00
20,146,905IH24B,Z9,10,0,0.00
20,147,910TCAP28,NA,362,332,91.71
20,148,915IBHFL26,NE,65,65,100.00
20,149,91D020824,TB,400,300,75.00
20,150,91D050924,TB,4700,4700,100.00
20,151,91D080824,TB,1300,1300,100.00
20,152,91D101024,TB,200,200,100.00
20,153,91D120924,TB,1000,900,90.00
20,154,91D150824,TB,700,700,100.00
20,155,91D190924,TB,900,600,66.67
20,156,91D250724,TB,200,200,100.00
20,157,91D290824,TB,1500,1500,100.00
20,158,91MOFSL27,N2,609,609,100.00
20,159,921ISFL25,N0,48,48,100.00
20,160,925IBHL27,YR,4,4,100.00
20,161,925ICCL24A,NE,10,10,100.00
20,162,925IHFL25A,NH,74,69,93.24
20,163,925IHFL25C,AR,50,50,100.00
20,164,925IHFL25D,N6,10,10,100.00
20,165,925IHFL27,YA,10,10,100.00
20,166,92GS2030,GS,12801,12801,100.00
20,167,92ICCL28,ND,15,15,100.00
20,168,935LTF29,N5,29,29,100.00
20,169,935MOFSL29,N5,100,100,100.00
20,170,935PEL33,N3,10,10,100.00
20,171,93IHFL24,ZP,1,1,100.00
20,172,93IHFL24A,ZN,55,55,100.00
20,173,93MOFSL34,N6,10,10,100.00
20,174,943ECL28,NJ,183,180,98.36
20,175,948ICCL25A,NG,5,5,100.00
20,176,948IHFL26I,AX,1,1,100.00
20,177,94IFCI25,NL,365,365,100.00
20,178,94SFL28,YL,1305,1304,99.92
20,179,955IHFL27,Z5,65,65,100.00
20,180,957ICCL25,YW,137,137,100.00
20,181,957NIDO26,N5,204,199,97.55
20,182,960IIFLS26,N9,20,20,100.00
20,183,965IFSL26,N6,1,1,100.00
20,184,965IHFL25,AB,21,11,52.38
20,185,965IHFL25B,Y1,21,21,100.00
20,186,965IHFL25C,N0,26,26,100.00
20,187,965IHFL26A,ZB,13,9,69.23
20,188,96IIFL28,N5,591,491,83.08
20,189,96IIFL28A,NF,484,313,64.67
20,190,96SFL24,Z8,883,883,100.00
20,191,971IHFL29A,ZN,10,10,100.00
20,192,975NFL25,N0,215,214,99.53
20,193,97SFL26,Z9,105,105,100.00
20,194,985ECL28,NK,15,15,100.00
20,195,985ICCL28,NO,170,170,100.00
20,196,985IIFL22,NC,310,180,58.06
20,197,990IHFL26A,NL,3,3,100.00
20,198,990IHFL26I,AV,50,50,100.00
20,199,99IFCI24,NH,423,423,100.00
20,200,9IBHFL26BA,NA,49,49,100.00
20,201,9IIFL28,Y0,145,145,100.00
20,202,9IIFL28A,NT,50,50,100.00
20,203,9PCHFL31A,NA,35,35,100.00
20,204,AAATECH,EQ,16836,13378,79.46
20,205,AADHARHFC,EQ,2490403,1220381,49.00
20,206,AAREYDRUGS,EQ,60520,39151,64.69
20,207,AARON,EQ,6293,3416,54.28
20,208,AARTIDRUGS,EQ,117546,62661,53.31
20,209,AARTIIND,EQ,386208,177815,46.04
20,210,AARTIPHARM,EQ,89505,57172,63.88
20,211,AARTISURF,EQ,11321,6903,60.98
20,212,AARTISURF,P1,48,8,16.67
20,213,AARVEEDEN,EQ,40698,25073,61.61
20,214,AARVI,EQ,26867,22421,83.45
20,215,AATMAJ,SM,32000,20000,62.50
20,216,AAVAS,EQ,94463,56167,59.46
20,217,ABB,EQ,212920,123734,58.11
20,218,ABBOTINDIA,EQ,12443,4619,37.12
20,219,ABCAPITAL,EQ,1540575,626910,40.69
20,220,ABDL,EQ,751041,393159,52.35
20,221,ABFRL,EQ,7642612,3387624,44.33
20,222,ABGSEC,EQ,2940,2761,93.91
20,223,ABINFRA,SM,6000,6000,100.00
20,224,ABSLAMC,EQ,536794,328147,61.13
20,225,ABSLBANETF,EQ,55774,36198,64.90
20,226,ABSLLIQUID,EQ,1641,1179,71.85
20,227,ABSLNN50ET,EQ,32454,21096,65.00
20,228,ABSLPSE,EQ,765779,613222,80.08
20,229,ABSMARINE,SM,183000,118000,64.48
20,230,ACC,EQ,446114,225483,50.54
20,231,ACCELYA,EQ,44494,18847,42.36
20,232,ACCENTMIC,SM,32500,24000,73.85
20,233,ACCORD,SM,10000,10000,100.00
20,234,ACE,EQ,266192,133385,50.11
20,235,ACEINTEG,EQ,10213,1852,18.13
20,236,ACI,EQ,499177,223940,44.86
20,237,ACL,EQ,76705,45874,59.81
20,238,ACLGATI,EQ,783637,431882,55.11
20,239,ACSAL,SM,636000,405000,63.68
20,240,ADANIENSOL,EQ,1149453,362308,31.52
20,241,ADANIENT,EQ,988357,346156,35.02
20,242,ADANIGREEN,EQ,1231412,322884,26.22
20,243,ADANIPORTS,EQ,2170314,1043532,48.08
20,244,ADANIPOWER,EQ,2705111,932812,34.48
20,245,ADFFOODS,EQ,111664,65685,58.82
20,246,ADL,EQ,5692,2026,35.59
20,247,ADORWELD,EQ,37586,26872,71.49
20,248,ADROITINFO,EQ,27361,16256,59.41
20,249,ADSL,EQ,1973481,995133,50.43
20,250,ADVANIHOTR,EQ,105221,55586,52.83
20,251,ADVENZYMES,EQ,272077,172872,63.54
20,252,AEGISLOG,EQ,356225,183755,51.58
20,253,AEROFLEX,EQ,1210323,693552,57.30
20,254,AETHER,EQ,22604,13555,59.97
20,255,AFFLE,EQ,273159,152501,55.83
20,256,AFIL,EQ,157499,82219,52.20
20,257,AGARIND,EQ,161819,75710,46.79
20,258,AGARWALFT,ST,30000,30000,100.00
20,259,AGI,EQ,75934,48401,63.74
20,260,AGIIL,EQ,263,217,82.51
20,261,AGNI,SM,35000,35000,100.00
20,262,AGRITECH,EQ,10625,5717,53.81
20,263,AGROPHOS,EQ,53453,24437,45.72
20,264,AGSTRA,EQ,552561,294069,53.22
20,265,AGUL,SM,16000,10000,62.50
20,266,AHIMSA,ST,72000,72000,100.00
20,267,AHL,EQ,220650,111408,50.49
20,268,AHLEAST,EQ,44573,31296,70.21
20,269,AHLUCONT,EQ,79240,36654,46.26
20,270,AIAENG,EQ,33873,15459,45.64
20,271,AIIL,EQ,53053,23871,44.99
20,272,AILIMITED,ST,12000,12000,100.00
20,273,AIMTRON,ST,201600,186400,92.46
20,274,AIRAN,EQ,298656,138177,46.27
20,275,AIROLAM,EQ,10749,4266,39.69
20,276,AIRTELPP,E1,969503,851316,87.81
20,277,AISL,SM,6000,3600,60.00
20,278,AJANTPHARM,EQ,164816,138302,83.91
20,279,AJMERA,EQ,45496,16619,36.53
20,280,AJOONI,EQ,1645931,1018494,61.88
20,281,AKANKSHA,ST,50000,50000,100.00
20,282,AKASH,EQ,35279,10222,28.97
20,283,AKG,EQ,61603,43463,70.55
20,284,AKI,EQ,54248,37987,70.02
20,285,AKIKO,SM,35200,22400,63.64
20,286,AKSHAR,EQ,1030670,870287,84.44
20,287,AKSHARCHEM,EQ,9204,4935,53.62
20,288,AKSHOPTFBR,EQ,185254,112185,60.56
20,289,AKZOINDIA,EQ,34646,21199,61.19
20,290,ALANKIT,EQ,4436419,1455507,32.81
20,291,ALBERTDAVD,EQ,12469,8510,68.25
20,292,ALEMBICLTD,EQ,5108906,2049988,40.13
20,293,ALICON,EQ,11330,5768,50.91
20,294,ALKALI,EQ,15488,7881,50.88
20,295,ALKEM,EQ,229725,123025,53.55
20,296,ALKYLAMINE,EQ,35693,18126,50.78
20,297,ALLCARGO,EQ,1252104,599122,47.85
20,298,ALLETEC,SM,44800,36000,80.36
20,299,ALLSEC,EQ,12955,6307,48.68
20,300,ALMONDZ,EQ,413393,171603,41.51
20,301,ALOKINDS,EQ,7386760,3930114,53.20
20,302,ALPA,EQ,56629,34911,61.65
20,303,ALPEXSOLAR,ST,70000,65200,93.14
20,304,ALPHA,EQ,1071110,823256,76.86
20,305,ALPHAETF,EQ,484151,390162,80.59
20,306,ALPHAGEO,EQ,47910,27339,57.06
20,307,ALPL30IETF,EQ,472845,379698,80.30
20,308,ALUWIND,ST,81000,66000,81.48
20,309,AMBANIORG,SM,5000,5000,100.00
20,310,AMBER,EQ,109801,61373,55.89
20,311,AMBEY,ST,1062000,798000,75.14
20,312,AMBICAAGAR,EQ,33703,17563,52.11
20,313,AMBIKCO,EQ,21886,12467,56.96
20,314,AMBUJACEM,EQ,2484802,1565545,63.00
20,315,AMDIND,EQ,24056,13935,57.93
20,316,AMEYA,SM,42000,32000,76.19
20,317,AMIABLE,SM,1600,1600,100.00
20,318,AMIORG,EQ,47855,24745,51.71
20,319,AMJLAND,EQ,669665,247606,36.97
20,320,AMNPLST,EQ,17675,9836,55.65
20,321,AMRUTANJAN,EQ,12904,6680,51.77
20,322,ANANDRATHI,EQ,23754,16147,67.98
20,323,ANANTRAJ,EQ,899514,445806,49.56
20,324,ANDHRAPAP,EQ,161018,76638,47.60
20,325,ANDHRSUGAR,EQ,412155,200631,48.68
20,326,ANGELONE,EQ,1121758,414610,36.96
20,327,ANIKINDS,EQ,340985,199257,58.44
20,328,ANLON,ST,9600,9600,100.00
20,329,ANNAPURNA,SM,25500,20500,80.39
20,330,ANTGRAPHIC,EQ,1049295,565730,53.92
20,331,ANUP,EQ,64980,32323,49.74
20,332,ANURAS,EQ,329888,134423,40.75
20,333,APARINDS,EQ,88648,35719,40.29
20,334,APCL,EQ,19664,10554,53.67
20,335,APCOTEXIND,EQ,46066,26997,58.61
20,336,APEX,EQ,92840,36310,39.11
20,337,APLAPOLLO,EQ,922419,773718,83.88
20,338,APLLTD,EQ,5770359,416054,7.21
20,339,APOLLO,EQ,906914,906914,100.00
20,340,APOLLOHOSP,EQ,298376,215132,72.10
20,341,APOLLOPIPE,EQ,37007,18191,49.16
20,342,APOLLOTYRE,EQ,5548382,2221199,40.03
20,343,APOLSINHOT,EQ,4759,3815,80.16
20,344,APS,ST,40500,31000,76.54
20,345,APTECHT,EQ,332111,163990,49.38
20,346,APTUS,EQ,413888,292060,70.56
20,347,ARABIAN,SM,8000,8000,100.00
20,348,ARCHIES,EQ,101742,73792,72.53
20,349,ARE&M,EQ,924497,624433,67.54
20,350,ARENTERP,EQ,3955,2440,61.69
20,351,ARHAM,SM,28000,26000,92.86
20,352,ARIES,EQ,105217,44773,42.55
20,353,ARIHANTACA,SM,7200,7200,100.00
20,354,ARIHANTCAP,EQ,3548152,1541564,43.45
20,355,ARIHANTSUP,EQ,78656,38227,48.60
20,356,ARISTO,SM,4800,3200,66.67
20,357,ARMANFIN,EQ,24550,17032,69.38
20,358,AROGRANITE,EQ,39356,27087,68.83
20,359,ARROWGREEN,EQ,52487,22097,42.10
20,360,ARTEMISMED,EQ,408074,201098,49.28
20,361,ARTNIRMAN,EQ,9429,2888,30.63
20,362,ARVIND,EQ,475225,183031,38.51
20,363,ARVINDFASN,EQ,234465,134382,57.31
20,364,ARVSMART,EQ,212490,182079,85.69
20,365,ASAHIINDIA,EQ,80080,44050,55.01
20,366,ASAHISONG,EQ,47909,11596,24.20
20,367,ASAL,EQ,24929,11119,44.60
20,368,ASALCBR,EQ,40681,19216,47.24
20,369,ASHAPURMIN,EQ,187647,120367,64.15
20,370,ASHIANA,EQ,51354,25191,49.05
20,371,ASHIMASYN,EQ,1703991,852366,50.02
20,372,ASHOKA,EQ,815255,332537,40.79
20,373,ASHOKAMET,EQ,73935,53918,72.93
20,374,ASHOKLEY,EQ,9385976,4513957,48.09
20,375,ASIANENE,EQ,288651,179471,62.18
20,376,ASIANHOTNR,EQ,4494,4494,100.00
20,377,ASIANPAINT,EQ,2085611,1221309,58.56
20,378,ASIANTILES,EQ,795734,328643,41.30
20,379,ASKAUTOLTD,EQ,159071,84064,52.85
20,380,ASMS,EQ,4615811,2483413,53.80
20,381,ASPINWALL,EQ,23840,14099,59.14
20,382,ASPIRE,SM,34000,28000,82.35
20,383,ASTEC,EQ,25757,13293,51.61
20,384,ASTERDM,EQ,1092047,622898,57.04
20,385,ASTRAL,EQ,210636,75574,35.88
20,386,ASTRAMICRO,EQ,355480,198129,55.74
20,387,ASTRAZEN,EQ,15691,6175,39.35
20,388,ATAM,EQ,153086,89847,58.69
20,389,ATFL,EQ,127365,66542,52.25
20,390,ATGL,EQ,3115537,1765513,56.67
20,391,ATL,EQ,936005,482988,51.60
20,392,ATMASTCO,ST,28800,27200,94.44
20,393,ATUL,EQ,70921,30416,42.89
20,394,AUBANK,EQ,2089842,923998,44.21
20,395,AURDIS,SM,15000,13000,86.67
20,396,AURIONPRO,EQ,97302,62155,63.88
20,397,AUROIMPEX,SM,20800,20800,100.00
20,398,AUROPHARMA,EQ,1174233,609623,51.92
20,399,AURUM,EQ,56426,30440,53.95
20,400,AURUMPP1,E1,1963,1820,92.72
20,401,AUTOAXLES,EQ,15218,10307,67.73
20,402,AUTOBEES,EQ,205884,140869,68.42
20,403,AUTOIETF,EQ,657341,465310,70.79
20,404,AUTOIND,EQ,104446,51748,49.55
20,405,AVADHSUGAR,EQ,94670,34374,36.31
20,406,AVALON,EQ,51330,26393,51.42
20,407,AVANTIFEED,EQ,359880,121544,33.77
20,408,AVG,EQ,121044,69225,57.19
20,409,AVPINFRA,SM,307200,203200,66.15
20,410,AVROIND,EQ,19680,10845,55.11
20,411,AVTNPL,EQ,445798,176707,39.64
20,412,AWFIS,EQ,247276,125415,50.72
20,413,AWHCL,EQ,682396,233634,34.24
20,414,AWL,EQ,2168694,1216956,56.11
20,415,AXISBANK,EQ,5433264,2947252,54.24
20,416,AXISBNKETF,EQ,1330,1172,88.12
20,417,AXISBPSETF,EQ,87337,58499,66.98
20,418,AXISCADES,EQ,166541,56982,34.21
20,419,AXISCETF,EQ,6939,4693,67.63
20,420,AXISGOLD,EQ,104001,75803,72.89
20,421,AXISHCETF,EQ,7307,5376,73.57
20,422,AXISILVER,EQ,16337,13304,81.43
20,423,AXISNIFTY,EQ,3540,2445,69.07
20,424,AXISTECETF,EQ,6416,4503,70.18
20,425,AXITA,EQ,482950,246854,51.11
20,426,AXSENSEX,EQ,2976,2790,93.75
20,427,AYMSYNTEX,EQ,102186,68302,66.84
20,428,AZAD,EQ,390289,309791,79.37
20,429,BABAFP,SM,8000,8000,100.00
20,430,BAHETI,SM,3000,2250,75.00
20,431,BAIDFIN,EQ,3014387,1405304,46.62
20,432,BAJAJ-AUTO,EQ,1041123,219906,21.12
20,433,BAJAJCON,EQ,662516,303600,45.83
20,434,BAJAJELEC,EQ,16482,7245,43.96
20,435,BAJAJFINSV,EQ,980434,576809,58.83
20,436,BAJAJHCARE,EQ,225717,103751,45.97
20,437,BAJAJHIND,EQ,16178643,5536067,34.22
20,438,BAJAJHLDNG,EQ,42229,31406,74.37
20,439,BAJEL,EQ,560929,331308,59.06
20,440,BAJFINANCE,EQ,558200,253468,45.41
20,441,BALAJITELE,EQ,359072,169366,47.17
20,442,BALAMINES,EQ,90025,37905,42.10
20,443,BALAXI,EQ,16475,10129,61.48
20,444,BALKRISHNA,EQ,66466,25878,38.93
20,445,BALKRISIND,EQ,354447,261346,73.73
20,446,BALMLAWRIE,EQ,373089,169366,45.40
20,447,BALPHARMA,EQ,23069,15257,66.14
20,448,BALRAMCHIN,EQ,5234024,1520463,29.05
20,449,BALUFORGE,EQ,1731845,742828,42.89
20,450,BANARBEADS,EQ,27777,12241,44.07
20,451,BANARISUG,EQ,3534,1599,45.25
20,452,BANCOINDIA,EQ,125616,49827,39.67
20,453,BANDHANBNK,EQ,29906784,6297493,21.06
20,454,BANG,EQ,24165,9173,37.96
20,455,BANKBARODA,EQ,18989023,10726249,56.49
20,456,BANKBEES,EQ,325700,196756,60.41
20,457,BANKBETF,EQ,51928,51368,98.92
20,458,BANKETF,EQ,2138,1819,85.08
20,459,BANKETFADD,EQ,49171,48521,98.68
20,460,BANKIETF,EQ,207665,119372,57.48
20,461,BANKINDIA,EQ,7294961,3437319,47.12
20,462,BANKNIFTY1,EQ,29649,19607,66.13
20,463,BANSALWIRE,EQ,1115273,638890,57.29
20,464,BANSWRAS,EQ,88010,40802,46.36
20,465,BARBEQUE,EQ,74081,44473,60.03
20,466,BASF,EQ,21126,7974,37.74
20,467,BASILIC,ST,57000,56100,98.42
20,468,BASML,EQ,558818,375644,67.22
20,469,BATAINDIA,EQ,256190,91268,35.63
20,470,BAWEJA,SM,21600,15200,70.37
20,471,BAYERCROP,EQ,11289,6403,56.72
20,472,BBETF0432,EQ,1397,1376,98.50
20,473,BBL,EQ,46205,23384,50.61
20,474,BBNPNBETF,EQ,3539,2394,67.65
20,475,BBNPPGOLD,EQ,767,501,65.32
20,476,BBTC,EQ,72004,33265,46.20
20,477,BBTCL,EQ,2324,1848,79.52
20,478,BCLIND,EQ,2873035,1378399,47.98
20,479,BCONCEPTS,EQ,22365,11455,51.22
20,480,BDL,EQ,1728637,859702,49.73
20,481,BEACON,SM,154000,86000,55.84
20,482,BEARDSELL,EQ,75069,53653,71.47
20,483,BECTORFOOD,EQ,232546,144607,62.18
20,484,BEDMUTHA,EQ,15264,5102,33.43
20,485,BEL,EQ,26585927,14944972,56.21
20,486,BEML,EQ,645775,133408,20.66
20,487,BEPL,EQ,3697382,2040609,55.19
20,488,BERGEPAINT,EQ,1216320,630228,51.81
20,489,BESTAGRO,EQ,122866,51561,41.97
20,490,BETA,SM,11900,9800,82.35
20,491,BEWLTD,SM,625,500,80.00
20,492,BFINVEST,EQ,53495,14278,26.69
20,493,BFSI,EQ,377713,352147,93.23
20,494,BFUTILITIE,EQ,176054,53960,30.65
20,495,BHAGCHEM,EQ,226463,119424,52.73
20,496,BHAGERIA,EQ,23647,15056,63.67
20,497,BHAGYANGR,EQ,128039,59682,46.61
20,498,BHANDARI,EQ,773314,430126,55.62
20,499,BHARATFORG,EQ,814531,447437,54.93
20,500,BHARATGEAR,EQ,45546,20477,44.96
20,501,BHARATRAS,EQ,5216,3816,73.16
20,502,BHARATWIRE,EQ,304114,179166,58.91
20,503,BHARTIARTL,EQ,6967651,3805783,54.62
20,504,BHARTIHEXA,EQ,3931298,1850426,47.07
20,505,BHEL,EQ,9882249,3514842,35.57
20,506,BHINVIT,IV,781363,776725,99.41
20,507,BIGBLOC,EQ,322462,155213,48.13
20,508,BIKAJI,EQ,205238,147484,71.86
20,509,BINANIIND,EQ,10456,9384,89.75
20,510,BIOCON,EQ,2060110,792076,38.45
20,511,BIOFILCHEM,EQ,22104,11143,50.41
20,512,BIRDYS,ST,13200,13200,100.00
20,513,BIRET,RR,150753,125664,83.36
20,514,BIRLACABLE,EQ,6148931,682280,11.10
20,515,BIRLACORPN,EQ,92623,54682,59.04
20,516,BIRLAMONEY,EQ,939840,379106,40.34
20,517,BLAL,EQ,618306,217630,35.20
20,518,BLISSGVS,EQ,258211,143934,55.74
20,519,BLKASHYAP,EQ,4647763,1944306,41.83
20,520,BLS,EQ,921263,348367,37.81
20,521,BLSE,EQ,670427,323817,48.30
20,522,BLUEDART,EQ,76113,13519,17.76
20,523,BLUEJET,EQ,114213,80571,70.54
20,524,BLUEPEBBLE,SM,28000,20800,74.29
20,525,BLUESTARCO,EQ,433520,185584,42.81
20,526,BMETRICS,SM,2000,1600,80.00
20,527,BODALCHEM,EQ,497952,232267,46.64
20,528,BOMDYEING,EQ,6836286,1732543,25.34
20,529,BOROLTD,EQ,733197,212054,28.92
20,530,BORORENEW,EQ,210304,87238,41.48
20,531,BOROSCI,EQ,208159,112024,53.82
20,532,BOSCHLTD,EQ,14283,5385,37.70
20,533,BPCL,EQ,28132502,13002922,46.22
20,534,BRIGADE,EQ,711879,238830,33.55
20,535,BRIGHT,SZ,135000,99000,73.33
20,536,BRITANNIA,EQ,162459,69016,42.48
20,537,BSE,EQ,409094,248924,60.85
20,538,BSE500IETF,EQ,270112,146701,54.31
20,539,BSHSL,EQ,14238,10157,71.34
20,540,BSL,EQ,61532,23190,37.69
20,541,BSLGOLDETF,EQ,32791,19024,58.02
20,542,BSLNIFTY,EQ,562802,408869,72.65
20,543,BSLSENETFG,EQ,3946,2889,73.21
20,544,BSOFT,EQ,2387542,739248,30.96
20,545,BUTTERFLY,EQ,8545,3874,45.34
20,546,BVCL,EQ,20413,7734,37.89
20,547,CADSYS,SM,24000,18000,75.00
20,548,CALSOFT,EQ,35597,25419,71.41
20,549,CAMLINFINE,EQ,18282703,4094446,22.40
20,550,CAMPUS,EQ,800445,285256,35.64
20,551,CAMS,EQ,596704,184802,30.97
20,552,CANARYS,ST,160000,144000,90.00
20,553,CANBK,EQ,34514206,19372959,56.13
20,554,CANFINHOME,EQ,897775,307607,34.26
20,555,CANTABIL,EQ,438279,239715,54.69
20,556,CAPACITE,EQ,251445,130928,52.07
20,557,CAPITALSFB,EQ,80206,53325,66.49
20,558,CAPLIPOINT,EQ,410908,116014,28.23
20,559,CAPTRUST,EQ,39873,23149,58.06
20,560,CARBORUNIV,EQ,253581,129335,51.00
20,561,CAREERP,EQ,168897,62618,37.07
20,562,CARERATING,EQ,97616,59333,60.78
20,563,CARTRADE,EQ,89511,53554,59.83
20,564,CARYSIL,EQ,74816,46087,61.60
20,565,CASTROLIND,EQ,21064502,4555707,21.63
20,566,CCL,EQ,88980,52156,58.62
20,567,CDSL,EQ,647212,303874,46.95
20,568,CEATLTD,EQ,234587,112960,48.15
20,569,CELEBRITY,EQ,186122,122290,65.70
20,570,CELLECOR,SM,58800,40200,68.37
20,571,CELLO,EQ,546197,279657,51.20
20,572,CELLPOINT,SM,16800,14400,85.71
20,573,CENTENKA,EQ,23623,13087,55.40
20,574,CENTEXT,EQ,224353,224353,100.00
20,575,CENTRALBK,EQ,14478433,4684915,32.36
20,576,CENTRUM,EQ,899917,393506,43.73
20,577,CENTUM,EQ,9748,3812,39.11
20,578,CENTURYPLY,EQ,624715,558229,89.36
20,579,CENTURYTEX,EQ,2502119,220879,8.83
20,580,CERA,EQ,45350,17599,38.81
20,581,CEREBRAINT,EQ,498237,396887,79.66
20,582,CESC,EQ,5213740,2187442,41.96
20,583,CGCL,EQ,305708,107324,35.11
20,584,CGPOWER,EQ,1275289,864286,67.77
20,585,CGRAPHICS,SM,246400,193600,78.57
20,586,CHALET,EQ,285248,194601,68.22
20,587,CHAMBLFERT,EQ,2616639,854811,32.67
20,588,CHAVDA,SM,63000,44000,69.84
20,589,CHEMBOND,EQ,11966,7680,64.18
20,590,CHEMCON,EQ,37897,20213,53.34
20,591,CHEMFAB,EQ,37714,22082,58.55
20,592,CHEMPLASTS,EQ,93439,35535,38.03
20,593,CHENNPETRO,EQ,20604241,1776348,8.62
20,594,CHEVIOT,EQ,4319,2481,57.44
20,595,CHOICEIN,EQ,526956,179936,34.15
20,596,CHOLAFIN,EQ,839363,411637,49.04
20,597,CHOLAHLDNG,EQ,206723,135630,65.61
20,598,CIEINDIA,EQ,354982,166210,46.82
20,599,CIFCZC25,ND,10,10,100.00
20,600,CIFCZC26,NF,10,10,100.00
20,601,CIFCZC28,NH,10,10,100.00
20,602,CIGNITITEC,EQ,30430,19692,64.71
20,603,CINELINE,EQ,41464,26144,63.05
20,604,CINEVISTA,EQ,34849,26799,76.90
20,605,CIPLA,EQ,963199,500725,51.99
20,606,CLEAN,EQ,59992,28144,46.91
20,607,CLEDUCATE,EQ,124785,68840,55.17
20,608,CLOUD,ST,59000,59000,100.00
20,609,CLSEL,EQ,59261,32302,54.51
20,610,CLSL,SM,34000,26000,76.47
20,611,CMMIPL,ST,54000,54000,100.00
20,612,CMNL,SM,9000,6000,66.67
20,613,CMRSL,SM,9600,8000,83.33
20,614,CMSINFO,EQ,337205,210718,62.49
20,615,COALINDIA,EQ,23169665,7036754,30.37
20,616,COASTCORP,EQ,31086,15692,50.48
20,617,COCHINSHIP,EQ,1767967,628265,35.54
20,618,COFFEEDAY,EQ,2018811,1207543,59.81
20,619,COFORGE,EQ,489435,217764,44.49
20,620,COLPAL,EQ,579305,207191,35.77
20,621,COMMITTED,SM,9600,8000,83.33
20,622,COMMOIETF,EQ,107828,92888,86.14
20,623,COMPUSOFT,EQ,1282264,627379,48.93
20,624,COMSYN,EQ,62565,17732,28.34
20,625,CONCOR,EQ,5977405,3818260,63.88
20,626,CONCORDBIO,EQ,52663,29236,55.52
20,627,CONFIPET,EQ,2215184,975833,44.05
20,628,CONS,EQ,1770,1694,95.71
20,629,CONSOFINVT,EQ,11224,5334,47.52
20,630,CONSUMBEES,EQ,110390,83266,75.43
20,631,CONSUMIETF,EQ,19629,15886,80.93
20,632,CONTI,SM,39996,39996,100.00
20,633,CONTROLPR,EQ,28628,16567,57.87
20,634,CORALFINAC,EQ,83653,41691,49.84
20,635,COROMANDEL,EQ,256219,105834,41.31
20,636,COSMOFIRST,EQ,38048,27160,71.38
20,637,COUNCODOS,EQ,395508,240684,60.85
20,638,CPS,SM,1800,1200,66.67
20,639,CPSEETF,EQ,7191518,4359131,60.61
20,640,CRAFTSMAN,EQ,35145,15351,43.68
20,641,CRAYONS,SM,41000,38000,92.68
20,642,CREATIVE,EQ,57057,28531,50.00
20,643,CREDITACC,EQ,509054,252023,49.51
20,644,CREST,EQ,18873,12255,64.93
20,645,CRISIL,EQ,140867,46421,32.95
20,646,CROMPTON,EQ,5233597,3903129,74.58
20,647,CSBBANK,EQ,1082968,924405,85.36
20,648,CSLFINANCE,EQ,51424,27253,53.00
20,649,CUB,EQ,2425715,1431803,59.03
20,650,CUMMINSIND,EQ,377594,251223,66.53
20,651,CYBERMEDIA,EQ,403679,147922,36.64
20,652,CYBERTECH,EQ,1770838,570999,32.24
20,653,CYIENT,EQ,349027,209279,59.96
20,654,CYIENTDLM,EQ,538396,328323,60.98
20,655,DABUR,EQ,2960104,1105394,37.34
20,656,DALBHARAT,EQ,475080,266284,56.05
20,657,DALMIASUG,EQ,131812,50360,38.21
20,658,DAMODARIND,EQ,27135,13532,49.87
20,659,DANGEE,EQ,192041,142497,74.20
20,660,DATAMATICS,EQ,157541,62401,39.61
20,661,DATAPATTNS,EQ,245823,81841,33.29
20,662,DAVANGERE,EQ,21082750,7152240,33.92
20,663,DBCORP,EQ,1893669,413940,21.86
20,664,DBL,EQ,292930,149347,50.98
20,665,DBOL,EQ,84492,37620,44.52
20,666,DBREALTY,EQ,2438759,1238522,50.78
20,667,DBSTOCKBRO,EQ,48299,38384,79.47
20,668,DCAL,EQ,246062,125347,50.94
20,669,DCBBANK,EQ,1494341,853236,57.10
20,670,DCG,ST,115200,106800,92.71
20,671,DCI,EQ,19302,15244,78.98
20,672,DCM,EQ,109952,53791,48.92
20,673,DCMFINSERV,EQ,26387,18682,70.80
20,674,DCMSHRIRAM,EQ,48371,23951,49.52
20,675,DCMSRIND,EQ,584055,255391,43.73
20,676,DCW,EQ,1518407,564833,37.20
20,677,DECCANCE,EQ,12842,5197,40.47
20,678,DEEDEV,EQ,416547,136525,32.78
20,679,DEEM,SM,10000,9000,90.00
20,680,DEEPAKFERT,EQ,1619920,594878,36.72
20,681,DEEPAKNTR,EQ,266498,103814,38.95
20,682,DEEPENR,EQ,136305,82595,60.60
20,683,DEEPINDS,EQ,292058,102417,35.07
20,684,DELAPLEX,SM,18600,15600,83.87
20,685,DELHIVERY,EQ,1070501,710168,66.34
20,686,DELTACORP,EQ,4934577,1912571,38.76
20,687,DELTAMAGNT,EQ,3594,2560,71.23
20,688,DEN,EQ,5587689,2254443,40.35
20,689,DENEERS,SM,9600,9600,100.00
20,690,DENORA,EQ,29796,8532,28.63
20,691,DENTALKART,SM,23500,12000,51.06
20,692,DESTINY,SM,87000,84000,96.55
20,693,DEVIT,EQ,1338629,443115,33.10
20,694,DEVYANI,EQ,3119633,1716286,55.02
20,695,DHAMPURSUG,EQ,663190,260569,39.29
20,696,DHANBANK,EQ,970120,712657,73.46
20,697,DHANI,EQ,17354365,7125266,41.06
20,698,DHANUKA,EQ,38062,20941,55.02
20,699,DHARMAJ,EQ,206113,92095,44.68
20,700,DHTL,SM,5600,4000,71.43
20,701,DHUNINV,EQ,1045,715,68.42
20,702,DIAMINESQ,EQ,33699,19543,57.99
20,703,DIAMONDYD,EQ,16770,10235,61.03
20,704,DICIND,EQ,46389,14212,30.64
20,705,DIGIKORE,ST,20800,20600,99.04
20,706,DIL,EQ,372924,255404,68.49
20,707,DISHTV,EQ,12494009,3971285,31.79
20,708,DIVGIITTS,EQ,21468,13019,60.64
20,709,DIVISLAB,EQ,266585,175618,65.88
20,710,DIVOPPBEES,EQ,122417,108545,88.67
20,711,DIXON,EQ,181190,73927,40.80
20,712,DKEGL,SM,13500,13500,100.00
20,713,DLF,EQ,3157792,1547177,49.00
20,714,DLINKINDIA,EQ,492687,137585,27.93
20,715,DMART,EQ,1062769,786761,74.03
20,716,DMCC,EQ,21800,13732,62.99
20,717,DNAMEDIA,EQ,392150,275681,70.30
20,718,DODLA,EQ,347298,61991,17.85
20,719,DOLATALGO,EQ,333744,175813,52.68
20,720,DOLLAR,EQ,61160,33113,54.14
20,721,DOLLEX,SM,172000,136000,79.07
20,722,DOMS,EQ,67374,44563,66.14
20,723,DONEAR,EQ,965668,335875,34.78
20,724,DPABHUSHAN,EQ,25685,12803,49.85
20,725,DPEL,SM,948000,390000,41.14
20,726,DPSCLTD,EQ,10024907,4755084,47.43
20,727,DPWIRES,EQ,35724,17613,49.30
20,728,DREAMFOLKS,EQ,90637,54996,60.68
20,729,DRL,SM,18000,18000,100.00
20,730,DRONE,ST,45000,44000,97.78
20,731,DRREDDY,EQ,311284,154628,49.67
20,732,DSSL,EQ,16981,11022,64.91
20,733,DTIL,EQ,24412,10070,41.25
20,734,DTL,ST,68400,67200,98.25
20,735,DUCOL,ST,18400,16000,86.96
20,736,DUGLOBAL,SM,222500,22500,10.11
20,737,DURLAX,SM,244000,160000,65.57
20,738,DVL,EQ,40940,20935,51.14
20,739,DWARKESH,EQ,1728589,687675,39.78
20,740,DYCL,EQ,69506,39732,57.16
20,741,DYNAMATECH,EQ,7487,5010,66.92
20,742,DYNAMIC,SM,8000,8000,100.00
20,743,E2E,EQ,28683,23186,80.84
20,744,EASEMYTRIP,EQ,4822212,2159788,44.79
20,745,EBBETF0425,EQ,8173,7525,92.07
20,746,EBBETF0430,EQ,16232,13911,85.70
20,747,EBBETF0431,EQ,7882,5999,76.11
20,748,EBBETF0433,EQ,6460,6160,95.36
20,749,ECLERX,EQ,30622,15762,51.47
20,750,EDELWEISS,EQ,2121461,1190218,56.10
20,751,EFACTOR,SM,13600,9600,70.59
20,752,EFFWA,ST,72000,72000,100.00
20,753,EFORCE,SM,32400,28800,88.89
20,754,EGOLD,EQ,1929,1701,88.18
20,755,EICHERMOT,EQ,664540,470503,70.80
20,756,EIDPARRY,EQ,594317,309167,52.02
20,757,EIFFL,EQ,51511,44511,86.41
20,758,EIHAHOTELS,EQ,64437,43083,66.86
20,759,EIHOTEL,EQ,549426,354499,64.52
20,760,EKC,EQ,3021140,1162302,38.47
20,761,ELDEHSG,EQ,6019,3457,57.43
20,762,ELECON,EQ,339500,172352,50.77
20,763,ELECTCAST,EQ,4173915,2215792,53.09
20,764,ELGIEQUIP,EQ,190784,78303,41.04
20,765,ELIN,EQ,197860,105426,53.28
20,766,EMAMILTD,EQ,593276,308536,52.01
20,767,EMAMIPAP,EQ,267150,116997,43.79
20,768,EMAMIREAL,EQ,17597,10888,61.87
20,769,EMBASSY,RR,772155,726801,94.13
20,770,EMBDL,EQ,5093784,2255868,44.29
20,771,EMCURE,EQ,421306,245499,58.27
20,772,EMIL,EQ,445115,276674,62.16
20,773,EMKAYTOOLS,SM,2700,2400,88.89
20,774,EMMBI,EQ,126498,62574,49.47
20,775,EMMIL,SM,17000,11000,64.71
20,776,EMSLIMITED,EQ,248446,123983,49.90
20,777,EMUDHRA,EQ,184261,76719,41.64
20,778,ENDURANCE,EQ,79536,46356,58.28
20,779,ENERGYDEV,EQ,199031,132506,66.58
20,780,ENFUSE,ST,30000,24000,80.00
20,781,ENGINERSIN,EQ,10636313,3050052,28.68
20,782,ENIL,EQ,51444,28120,54.66
20,783,ENSER,SM,24000,24000,100.00
20,784,ENTERO,EQ,57537,46930,81.56
20,785,EPACK,EQ,531882,303669,57.09
20,786,EPIGRAL,EQ,32342,16403,50.72
20,787,EPL,EQ,717426,371145,51.73
20,788,EQUAL50ADD,EQ,3453,2889,83.67
20,789,EQUITASBNK,EQ,2959139,1972309,66.65
20,790,ERIS,EQ,152134,63979,42.05
20,791,EROSMEDIA,EQ,239246,143955,60.17
20,792,ESABINDIA,EQ,12380,6799,54.92
20,793,ESAFSFB,EQ,690175,412497,59.77
20,794,ESCONET,ST,45600,43200,94.74
20,795,ESCORTS,EQ,1049253,553628,52.76
20,796,ESFL,SM,22200,15600,70.27
20,797,ESG,EQ,31393,28307,90.17
20,798,ESILVER,EQ,5752,5573,96.89
20,799,ESTER,EQ,185506,104835,56.51
20,800,ETHOSLTD,EQ,37558,18180,48.41
20,801,EUROBOND,SM,1000,1000,100.00
20,802,EUROTEXIND,EQ,15688,15182,96.77
20,803,EVEREADY,EQ,183711,106640,58.05
20,804,EVERESTIND,EQ,23137,12599,54.45
20,805,EVINDIA,EQ,1532648,1267493,82.70
20,806,EXCELINDUS,EQ,46722,22500,48.16
20,807,EXIDEIND,EQ,2607256,950991,36.47
20,808,EXPLEOSOL,EQ,19681,11323,57.53
20,809,EXXARO,EQ,143755,71169,49.51
20,810,FACT,EQ,1861530,392103,21.06
20,811,FAIRCHEMOR,EQ,18836,7409,39.33
20,812,FALCONTECH,SM,26400,22800,86.36
20,813,FAZE3Q,EQ,47032,25710,54.66
20,814,FCL,EQ,150850,71587,47.46
20,815,FCSSOFT,EQ,5101449,2826038,55.40
20,816,FDC,EQ,73052,40377,55.27
20,817,FEDERALBNK,EQ,8445700,3604266,42.68
20,818,FEDFINA,EQ,475271,215078,45.25
20,819,FELIX,SM,75000,60500,80.67
20,820,FIBERWEB,EQ,807795,353077,43.71
20,821,FIDEL,SM,2000,2000,100.00
20,822,FIEMIND,EQ,42990,22619,52.61
20,823,FILATEX,EQ,3509419,1840540,52.45
20,824,FILATFASH,EQ,9865144,4395044,44.55
20,825,FINCABLES,EQ,407222,92095,22.62
20,826,FINEORG,EQ,20770,9748,46.93
20,827,FINIETF,EQ,202976,171623,84.55
20,828,FINOPB,EQ,253729,125439,49.44
20,829,FINPIPE,EQ,1918860,641799,33.45
20,830,FIVESTAR,EQ,678274,398696,58.78
20,831,FLAIR,EQ,75142,38925,51.80
20,832,FLEXITUFF,EQ,20408,20408,100.00
20,833,FLUOROCHEM,EQ,99879,57512,57.58
20,834,FMCGIETF,EQ,915233,650171,71.04
20,835,FMGOETZE,EQ,52120,34003,65.24
20,836,FMNL,EQ,219179,177522,80.99
20,837,FOCE,SM,200,200,100.00
20,838,FOCUS,EQ,844939,395414,46.80
20,839,FONEBOX,SM,25000,15000,60.00
20,840,FOODSIN,EQ,120275,69720,57.97
20,841,FORCEMOT,EQ,9985,5945,59.54
20,842,FORTIS,EQ,1189708,911705,76.63
20,843,FOSECOIND,EQ,5684,2511,44.18
20,844,FROG,SM,38000,23600,62.11
20,845,FSL,EQ,3210967,1418188,44.17
20,846,FUSION,EQ,112818,71145,63.06
20,847,GABRIEL,EQ,386863,175684,45.41
20,848,GAEL,EQ,2197359,1140885,51.92
20,849,GAIL,EQ,19213934,9187185,47.82
20,850,GALAXYSURF,EQ,4966,2933,59.06
20,851,GANDHAR,EQ,315673,191519,60.67
20,852,GANDHITUBE,EQ,1882,1048,55.69
20,853,GANECOS,EQ,55151,29945,54.30
20,854,GANESHBE,EQ,1045280,395399,37.83
20,855,GANESHHOUC,EQ,168615,63829,37.85
20,856,GANGESSECU,EQ,3631,2125,58.52
20,857,GARFIBRES,EQ,5769,2762,47.88
20,858,GATECH,EQ,482350,476198,98.72
20,859,GATEWAY,EQ,1893460,849503,44.87
20,860,GEECEE,EQ,55513,20433,36.81
20,861,GEEKAYWIRE,EQ,122365,72777,59.48
20,862,GENESYS,EQ,146752,79301,54.04
20,863,GENSOL,EQ,70553,41176,58.36
20,864,GENUSPAPER,EQ,4283327,1555508,36.32
20,865,GENUSPOWER,EQ,750027,467546,62.34
20,866,GEOJITFSL,EQ,5074435,1585679,31.25
20,867,GESHIP,EQ,1451815,555699,38.28
20,868,GFLLIMITED,EQ,130699,56547,43.27
20,869,GGBL,ST,180000,180000,100.00
20,870,GHCL,EQ,100954,53476,52.97
20,871,GHCLTEXTIL,EQ,298097,130517,43.78
20,872,GICHSGFIN,EQ,710924,266729,37.52
20,873,GICL,SM,27000,18000,66.67
20,874,GICRE,EQ,6919474,1794834,25.94
20,875,GILLANDERS,EQ,5237,3747,71.55
20,876,GILLETTE,EQ,22710,10481,46.15
20,877,GILT5YBEES,EQ,317619,282061,88.80
20,878,GINNIFILA,EQ,167048,116980,70.03
20,879,GIPCL,EQ,1026639,487547,47.49
20,880,GIRIRAJ,SM,3000,2250,75.00
20,881,GKWLIMITED,EQ,935,890,95.19
20,882,GLAND,EQ,267763,156085,58.29
20,883,GLAXO,EQ,177738,66595,37.47
20,884,GLENMARK,EQ,590653,298286,50.50
20,885,GLOBALPET,SM,6000,4500,75.00
20,886,GLOBE,EQ,16431741,9632881,58.62
20,887,GLOBUSSPR,EQ,149548,81261,54.34
20,888,GLOSTERLTD,EQ,3549,3112,87.69
20,889,GLS,EQ,454421,362216,79.71
20,890,GMBREW,EQ,68157,26891,39.45
20,891,GMDCLTD,EQ,2606799,812921,31.18
20,892,GMMPFAUDLR,EQ,147397,81640,55.39
20,893,GMRINFRA,EQ,27348929,11646493,42.58
20,894,GMRP&UI,EQ,6619007,4984805,75.31
20,895,GNA,EQ,92112,47049,51.08
20,896,GNFC,EQ,1234784,426606,34.55
20,897,GOACARBON,EQ,46190,19015,41.17
20,898,GOCLCORP,EQ,36086,21922,60.75
20,899,GOCOLORS,EQ,244909,233518,95.35
20,900,GODFRYPHLP,EQ,425372,90409,21.25
20,901,GODIGIT,EQ,228749,123519,54.00
20,902,GODREJAGRO,EQ,461738,157837,34.18
20,903,GODREJCP,EQ,1150984,663184,57.62
20,904,GODREJIND,EQ,332497,284381,85.53
20,905,GODREJPROP,EQ,914491,321823,35.19
20,906,GOKEX,EQ,123677,60917,49.25
20,907,GOKULAGRO,EQ,99766,51672,51.79
20,908,GOLD1,EQ,608217,531489,87.38
20,909,GOLDBEES,EQ,6023780,3944276,65.48
20,910,GOLDCASE,EQ,397923,374382,94.08
20,911,GOLDETF,EQ,60015,46387,77.29
20,912,GOLDETFADD,EQ,38959,37884,97.24
20,913,GOLDIAM,EQ,471573,255436,54.17
20,914,GOLDIETF,EQ,1078524,963290,89.32
20,915,GOLDSHARE,EQ,170812,133341,78.06
20,916,GOLDSTAR,SM,315000,213750,67.86
20,917,GOLDTECH,EQ,47227,33816,71.60
20,918,GOODLUCK,EQ,117629,74699,63.50
20,919,GOPAL,EQ,425416,229222,53.88
20,920,GOYALALUM,EQ,230152,178088,77.38
20,921,GOYALSALT,SM,13800,13200,95.65
20,922,GPECO,SM,242400,124800,51.49
20,923,GPIL,EQ,2460519,403807,16.41
20,924,GPPL,EQ,3034655,1279120,42.15
20,925,GPTHEALTH,EQ,291390,139568,47.90
20,926,GRANULES,EQ,475628,254366,53.48
20,927,GRAPHISAD,SM,122400,110400,90.20
20,928,GRAPHITE,EQ,975334,771537,79.10
20,929,GRASIM,EQ,756629,483766,63.94
20,930,GRAVITA,EQ,136353,82973,60.85
20,931,GREAVESCOT,EQ,2346830,1093576,46.60
20,932,GREENCHEF,SM,208800,152000,72.80
20,933,GREENLAM,EQ,24984,12184,48.77
20,934,GREENPANEL,EQ,131274,81413,62.02
20,935,GREENPLY,EQ,627892,242480,38.62
20,936,GREENPOWER,EQ,3534183,2257750,63.88
20,937,GRETEX,ST,12000,12000,100.00
20,938,GRINDWELL,EQ,299551,280143,93.52
20,939,GRINFRA,EQ,50707,25106,49.51
20,940,GRMOVER,EQ,242375,134908,55.66
20,941,GROBTEA,EQ,388,192,49.48
20,942,GRSE,EQ,1868013,500460,26.79
20,943,GRWRHITECH,EQ,165237,96417,58.35
20,944,GSEC10IETF,EQ,32,15,46.88
20,945,GSEC10YEAR,EQ,12089,12084,99.96
20,946,GSEC5IETF,EQ,9967,9931,99.64
20,947,GSFC,EQ,3482358,1215824,34.91
20,948,GSLSU,EQ,93813,49392,52.65
20,949,GSMFOILS,ST,28000,28000,100.00
20,950,GSPL,EQ,1154415,580808,50.31
20,951,GSTL,SM,24000,16000,66.67
20,952,GTLINFRA,EQ,859513665,351482935,40.89
20,953,GTPL,EQ,99050,48931,49.40
20,954,GUFICBIO,EQ,47674,27453,57.58
20,955,GUJALKALI,EQ,47647,19707,41.36
20,956,GUJAPOLLO,EQ,61543,42670,69.33
20,957,GUJGASLTD,EQ,1356224,255861,18.87
20,958,GUJRAFFIA,EQ,21076,7146,33.91
20,959,GULFOILLUB,EQ,167063,61294,36.69
20,960,GULFPETRO,EQ,1116067,536005,48.03
20,961,GULPOLY,EQ,94256,54932,58.28
20,962,GVKPIL,EQ,12832756,8105361,63.16
20,963,GVPTECH,EQ,151500,143324,94.60
20,964,HAL,EQ,2661970,1336927,50.22
20,965,HAPPSTMNDS,EQ,983564,278660,28.33
20,966,HAPPYFORGE,EQ,51300,29634,57.77
20,967,HARDWYN,EQ,274803,117769,42.86
20,968,HARIOMPIPE,EQ,735437,186400,25.35
20,969,HARRMALAYA,EQ,262865,127521,48.51
20,970,HARSHA,EQ,117541,46259,39.36
20,971,HATHWAY,EQ,19300821,7397286,38.33
20,972,HATSUN,EQ,1604274,339570,21.17
20,973,HAVELLS,EQ,1213886,648776,53.45
20,974,HAVISHA,EQ,215106,169072,78.60
20,975,HBLPOWER,EQ,11056376,2672567,24.17
20,976,HBSL,EQ,30153,12372,41.03
20,977,HCC,EQ,28607449,9438824,32.99
20,978,HCG,EQ,99206,50474,50.88
20,979,HCL-INSYS,EQ,373658,283318,75.82
20,980,HCLTECH,EQ,3540661,1989565,56.19
20,981,HDFCAMC,EQ,818224,355536,43.45
20,982,HDFCBANK,EQ,14475162,8509090,58.78
20,983,HDFCBSE500,EQ,43192,22639,52.41
20,984,HDFCGOLD,EQ,619308,441942,71.36
20,985,HDFCGROWTH,EQ,2593,1323,51.02
20,986,HDFCLIFE,EQ,9167071,4367535,47.64
20,987,HDFCLIQUID,EQ,1016,1016,100.00
20,988,HDFCLOWVOL,EQ,19107,13608,71.22
20,989,HDFCMID150,EQ,271832,202992,74.68
20,990,HDFCMOMENT,EQ,165831,127710,77.01
20,991,HDFCNEXT50,EQ,46423,42555,91.67
20,992,HDFCNIF100,EQ,23715,20916,88.20
20,993,HDFCNIFBAN,EQ,317015,306887,96.81
20,994,HDFCNIFIT,EQ,52438,49157,93.74
20,995,HDFCNIFTY,EQ,28985,20523,70.81
20,996,HDFCPSUBK,EQ,35683,27689,77.60
20,997,HDFCPVTBAN,EQ,284915,238246,83.62
20,998,HDFCQUAL,EQ,10025,9514,94.90
20,999,HDFCSENSEX,EQ,35377,29523,83.45
20,1000,HDFCSILVER,EQ,91448,71591,78.29
20,1001,HDFCSML250,EQ,306340,176231,57.53
20,1002,HDFCVALUE,EQ,15779,9835,62.33
20,1003,HEALTHADD,EQ,2200,1641,74.59
20,1004,HEALTHIETF,EQ,29364,17265,58.80
20,1005,HEALTHY,EQ,536208,375557,70.04
20,1006,HEG,EQ,84947,40674,47.88
20,1007,HEIDELBERG,EQ,3007623,1502153,49.94
20,1008,HEMIPROP,EQ,2269796,959167,42.26
20,1009,HERANBA,EQ,79566,37508,47.14
20,1010,HERCULES,EQ,64607,26568,41.12
20,1011,HERITGFOOD,EQ,610025,310133,50.84
20,1012,HEROMOTOCO,EQ,336317,145588,43.29
20,1013,HESTERBIO,EQ,17376,10021,57.67
20,1014,HEUBACHIND,EQ,212593,88476,41.62
20,1015,HEXATRADEX,EQ,133391,90914,68.16
20,1016,HFCL,EQ,13812272,5477278,39.66
20,1017,HGINFRA,EQ,1310493,329652,25.15
20,1018,HGS,EQ,41107,33058,80.42
20,1019,HIGREEN,SM,69600,56000,80.46
20,1020,HIKAL,EQ,184839,92026,49.79
20,1021,HIL,EQ,92614,30122,32.52
20,1022,HILTON,EQ,539776,305127,56.53
20,1023,HIMATSEIDE,EQ,734273,356959,48.61
20,1024,HINDALCO,EQ,4570179,3064413,67.05
20,1025,HINDCOMPOS,EQ,36217,22359,61.74
20,1026,HINDCOPPER,EQ,2662224,1254522,47.12
20,1027,HINDMOTORS,EQ,931074,521147,55.97
20,1028,HINDOILEXP,EQ,5425916,2250558,41.48
20,1029,HINDPETRO,EQ,14079381,5656429,40.18
20,1030,HINDUNILVR,EQ,3298003,1654565,50.17
20,1031,HINDWAREAP,EQ,169557,73885,43.58
20,1032,HINDZINC,EQ,396045,237052,59.85
20,1033,HIRECT,EQ,16653,11100,66.65
20,1034,HISARMETAL,EQ,9410,5666,60.21
20,1035,HITECH,EQ,2495447,1159841,46.48
20,1036,HITECHCORP,EQ,47739,27075,56.71
20,1037,HLEGLAS,EQ,64776,33968,52.44
20,1038,HLVLTD,EQ,879198,573243,65.20
20,1039,HMAAGRO,EQ,591126,295811,50.04
20,1040,HMVL,EQ,157360,81470,51.77
20,1041,HNDFDS,EQ,128214,93274,72.75
20,1042,HNGSNGBEES,EQ,113685,81092,71.33
20,1043,HOACFOODS,SM,3000,3000,100.00
20,1044,HOLMARC,SM,7500,7500,100.00
20,1045,HOMEFIRST,EQ,277055,140837,50.83
20,1046,HOMESFY,SM,1200,1200,100.00
20,1047,HONASA,EQ,937853,295433,31.50
20,1048,HONAUT,EQ,2383,1008,42.30
20,1049,HONDAPOWER,EQ,8149,4325,53.07
20,1050,HOVS,EQ,21760,19068,87.63
20,1051,HPAL,EQ,212798,85674,40.26
20,1052,HPIL,EQ,3316,1714,51.69
20,1053,HPL,EQ,1030119,401256,38.95
20,1054,HRHNEXT,SM,33000,27000,81.82
20,1055,HSCL,EQ,3973242,1166164,29.35
20,1056,HTMEDIA,EQ,2126274,1080031,50.79
20,1057,HUDCO,EQ,28114492,7839870,27.89
20,1058,HUHTAMAKI,EQ,221389,108953,49.21
20,1059,HYBRIDFIN,EQ,16651,10794,64.82
20,1060,IBHF25B,BI,10,10,100.00
20,1061,IBHFZC25,YN,3,3,100.00
20,1062,IBLFL,SM,18000,10000,55.56
20,1063,IBULHSGFIN,EQ,15456183,8605037,55.67
20,1064,IBULPP,E1,21917731,18439659,84.13
20,1065,ICEMAKE,EQ,21196,10833,51.11
20,1066,ICICIB22,EQ,2767119,1884058,68.09
20,1067,ICICIBANK,EQ,12320605,6477523,52.57
20,1068,ICICIGI,EQ,981612,589801,60.08
20,1069,ICICIPRULI,EQ,2086000,881544,42.26
20,1070,ICIL,EQ,271255,117217,43.21
20,1071,ICRA,EQ,35653,30267,84.89
20,1072,IDBI,EQ,14168674,6329755,44.67
20,1073,IDEA,EQ,964458628,453019705,46.97
20,1074,IDEAFORGE,EQ,998846,259429,25.97
20,1075,IDFC,EQ,3063615,1642360,53.61
20,1076,IDFCFIRSTB,EQ,17388331,8261202,47.51
20,1077,IDFNIFTYET,EQ,248,209,84.27
20,1078,IEL,EQ,795150,739189,92.96
20,1079,IEML,SM,31000,23000,74.19
20,1080,IEX,EQ,11969269,4527346,37.82
20,1081,IFBIND,EQ,28636,17911,62.55
20,1082,IFCI,EQ,61053863,19727997,32.31
20,1083,IFGLEXPOR,EQ,11483,6667,58.06
20,1084,IGARASHI,EQ,46560,26833,57.63
20,1085,IGL,EQ,3459345,1889951,54.63
20,1086,IGPL,EQ,51387,26898,52.34
20,1087,IIFL,EQ,634059,288179,45.45
20,1088,IIFLSEC,EQ,449461,258339,57.48
20,1089,IIFLZC25,ND,6,6,100.00
20,1090,IIFLZC25B,NW,200,200,100.00
20,1091,IIFLZC26,NN,100,100,100.00
20,1092,IIFLZC26A,NR,227,177,77.97
20,1093,IIFLZC28,NG,150,111,74.00
20,1094,IITL,EQ,17162,4142,24.13
20,1095,IKIO,EQ,216665,113581,52.42
20,1096,IMAGICAA,EQ,514238,299056,58.16
20,1097,IMC1,N0,10,10,100.00
20,1098,IMC1,N1,100,100,100.00
20,1099,IMC1,N2,200,200,100.00
20,1100,IMFA,EQ,117984,80437,68.18
20,1101,IMPAL,EQ,4738,2600,54.88
20,1102,INCREDIBLE,EQ,6340,5223,82.38
20,1103,INDBANK,EQ,285492,123584,43.29
20,1104,INDGN,EQ,291789,153157,52.49
20,1105,INDHOTEL,EQ,3014603,1881947,62.43
20,1106,INDIACEM,EQ,17043345,5190462,30.45
20,1107,INDIAGLYCO,EQ,349640,139350,39.86
20,1108,INDIAMART,EQ,285778,79717,27.89
20,1109,INDIANB,EQ,3294297,1463186,44.42
20,1110,INDIANCARD,EQ,5873,3891,66.25
20,1111,INDIANHUME,EQ,430355,95540,22.20
20,1112,INDIASHLTR,EQ,241045,171137,71.00
20,1113,INDIFRA,SM,8000,6000,75.00
20,1114,INDIGO,EQ,709083,417628,58.90
20,1115,INDIGOPNTS,EQ,104951,36380,34.66
20,1116,INDIGRID,IV,183821,173780,94.54
20,1117,INDNIPPON,EQ,15471,9653,62.39
20,1118,INDOAMIN,EQ,4498046,1135303,25.24
20,1119,INDOBORAX,EQ,1165972,313161,26.86
20,1120,INDOCO,EQ,174961,83185,47.54
20,1121,INDORAMA,EQ,222253,131642,59.23
20,1122,INDOSTAR,EQ,76648,45540,59.41
20,1123,INDOTHAI,EQ,43690,26356,60.33
20,1124,INDRAMEDCO,EQ,479550,196372,40.95
20,1125,INDSWFTLAB,EQ,579037,223245,38.55
20,1126,INDSWFTLTD,EQ,539824,336364,62.31
20,1127,INDTERRAIN,EQ,1024228,334663,32.67
20,1128,INDUSINDBK,EQ,2284985,1125745,49.27
20,1129,INDUSTOWER,EQ,17411078,10670904,61.29
20,1130,INFIBEAM,EQ,6316665,2678462,42.40
20,1131,INFINIUM,SM,22500,13000,57.78
20,1132,INFOBEAN,EQ,29576,16170,54.67
20,1133,INFOLLION,ST,6400,6400,100.00
20,1134,INFRABEES,EQ,20804,11970,57.54
20,1135,INFRAIETF,EQ,309968,193431,62.40
20,1136,INFY,EQ,6886281,4448421,64.60
20,1137,INGERRAND,EQ,27207,17750,65.24
20,1138,INM,SM,4200,4200,100.00
20,1139,INNOVACAP,EQ,298210,108119,36.26
20,1140,INNOVANA,SM,400,400,100.00
20,1141,INOXGREEN,EQ,1527967,780352,51.07
20,1142,INOXINDIA,EQ,162617,84560,52.00
20,1143,INOXWIND,EQ,8058934,3842902,47.68
20,1144,INSECTICID,EQ,409896,137295,33.50
20,1145,INSPIRE,SM,26000,22000,84.62
20,1146,INSPIRISYS,EQ,31345,28648,91.40
20,1147,INTELLECT,EQ,465926,113865,24.44
20,1148,INTENTECH,EQ,839281,509514,60.71
20,1149,INTLCONV,EQ,148067,64886,43.82
20,1150,INVENTURE,EQ,9665044,4987382,51.60
20,1151,IOB,EQ,26932299,7790391,28.93
20,1152,IOC,EQ,33837471,19639656,58.04
20,1153,IOLCP,EQ,121590,64547,53.09
20,1154,IONEXCHANG,EQ,261898,143041,54.62
20,1155,IPCALAB,EQ,375405,162657,43.33
20,1156,IPL,EQ,522958,245363,46.92
20,1157,IRB,EQ,229988526,103707238,45.09
20,1158,IRBINVIT,IV,333293,292531,87.77
20,1159,IRCON,EQ,17704501,6131403,34.63
20,1160,IRCTC,EQ,1242326,465621,37.48
20,1161,IREDA,EQ,73797972,24468937,33.16
20,1162,IRFC,EQ,86369570,24389034,28.24
20,1163,IRISDOREME,EQ,1305882,263246,20.16
20,1164,IRMENERGY,EQ,156749,92739,59.16
20,1165,ISEC,EQ,704965,446498,63.34
20,1166,ISFT,EQ,122123,52488,42.98
20,1167,ISGEC,EQ,65861,39136,59.42
20,1168,ISHAN,SM,240000,240000,100.00
20,1169,ISMTLTD,EQ,4870091,1370393,28.14
20,1170,IT,EQ,114616,82161,71.68
20,1171,ITALIANE,SM,24000,20000,83.33
20,1172,ITBEES,EQ,10163662,5763922,56.71
20,1173,ITC,EQ,12996711,7734725,59.51
20,1174,ITDC,EQ,86844,33561,38.65
20,1175,ITDCEM,EQ,2461464,967891,39.32
20,1176,ITETF,EQ,332021,289876,87.31
20,1177,ITETFADD,EQ,36200,28538,78.83
20,1178,ITI,EQ,1439027,473387,32.90
20,1179,ITIETF,EQ,549223,282963,51.52
20,1180,IVC,EQ,1808998,760478,42.04
20,1181,IVZINGOLD,EQ,51,41,80.39
20,1182,IVZINNIFTY,EQ,88,57,64.77
20,1183,IWEL,EQ,7813,5463,69.92
20,1184,IXIGO,EQ,5610496,2141106,38.16
20,1185,IZMO,EQ,77729,44821,57.66
20,1186,JAGRAN,EQ,701130,353403,50.40
20,1187,JAGSNPHARM,EQ,94603,41973,44.37
20,1188,JAICORPLTD,EQ,916799,250838,27.36
20,1189,JAINAM,SM,17000,16000,94.12
20,1190,JALAN,SM,33000,33000,100.00
20,1191,JAMNAAUTO,EQ,1533193,737706,48.12
20,1192,JASH,EQ,12130,6488,53.49
20,1193,JAYAGROGN,EQ,30596,17901,58.51
20,1194,JAYBARMARU,EQ,151454,58617,38.70
20,1195,JAYNECOIND,EQ,255671,156915,61.37
20,1196,JAYSREETEA,EQ,633682,337761,53.30
20,1197,JBCHEPHARM,EQ,82608,57012,69.02
20,1198,JBMA,EQ,172623,69822,40.45
20,1199,JCHAC,EQ,75254,43090,57.26
20,1200,JETFREIGHT,EQ,130093,87145,66.99
20,1201,JFLLIFE,ST,32000,32000,100.00
20,1202,JGCHEM,EQ,121568,59473,48.92
20,1203,JINDALPHOT,EQ,15997,6133,38.34
20,1204,JINDALPOLY,EQ,29269,16818,57.46
20,1205,JINDALSAW,EQ,779872,364951,46.80
20,1206,JINDALSTEL,EQ,1706821,827507,48.48
20,1207,JINDRILL,EQ,37016,18782,50.74
20,1208,JINDWORLD,EQ,1463457,283820,19.39
20,1209,JIOFIN,EQ,25005251,15877135,63.50
20,1210,JISLDVREQS,EQ,114812,80577,70.18
20,1211,JISLJALEQS,EQ,5311398,3007966,56.63
20,1212,JITFINFRA,EQ,12266,8792,71.68
20,1213,JIWANRAM,SM,54000,42000,77.78
20,1214,J&KBANK,EQ,3773531,1506759,39.93
20,1215,JKCEMENT,EQ,119215,34273,28.75
20,1216,JKIL,EQ,136733,68735,50.27
20,1217,JKLAKSHMI,EQ,392493,90231,22.99
20,1218,JKPAPER,EQ,1219695,543810,44.59
20,1219,JKTYRE,EQ,1958519,629608,32.15
20,1220,JLHL,EQ,47027,24826,52.79
20,1221,JMA,EQ,23603,14903,63.14
20,1222,JMFINANCIL,EQ,15580780,5136835,32.97
20,1223,JOCIL,EQ,10589,7287,68.82
20,1224,JPOLYINVST,EQ,11090,4253,38.35
20,1225,JPPOWER,EQ,17233208,10145262,58.87
20,1226,JSFB,EQ,206089,120223,58.34
20,1227,JSL,EQ,487116,291741,59.89
20,1228,JSLL,SM,15480,13680,88.37
20,1229,JSWENERGY,EQ,2140798,1387359,64.81
20,1230,JSWHL,EQ,1278,577,45.15
20,1231,JSWINFRA,EQ,1256973,556215,44.25
20,1232,JSWSTEEL,EQ,1442573,631623,43.78
20,1233,JTEKTINDIA,EQ,212153,99502,46.90
20,1234,JTLIND,EQ,3235485,1782240,55.08
20,1235,JUBLFOOD,EQ,2903173,1275231,43.93
20,1236,JUBLINDS,EQ,4940,2501,50.63
20,1237,JUBLINGREA,EQ,674314,227914,33.80
20,1238,JUBLPHARMA,EQ,130016,57290,44.06
20,1239,JUNIORBEES,EQ,227503,187166,82.27
20,1240,JUNIPER,EQ,88745,56800,64.00
20,1241,JUSTDIAL,EQ,606604,288974,47.64
20,1242,JWL,EQ,4933287,2948176,59.76
20,1243,JYOTHYLAB,EQ,487537,208644,42.80
20,1244,JYOTICNC,EQ,1001394,561752,56.10
20,1245,K2INFRA,ST,58800,56400,95.92
20,1246,KABRAEXTRU,EQ,965548,297213,30.78
20,1247,KAJARIACER,EQ,155823,112397,72.13
20,1248,KAKATCEM,EQ,33056,11062,33.46
20,1249,KALAMANDIR,EQ,218829,153029,69.93
20,1250,KALYANKJIL,EQ,2814459,1703100,60.51
20,1251,KAMATHOTEL,EQ,67081,45373,67.64
20,1252,KAMDHENU,EQ,56923,30723,53.97
20,1253,KAMOPAINTS,EQ,13242703,3169087,23.93
20,1254,KANANIIND,EQ,1206218,911863,75.60
20,1255,KANDARP,SM,40000,32000,80.00
20,1256,KANORICHEM,EQ,28696,18572,64.72
20,1257,KANPRPLA,EQ,3499,1606,45.90
20,1258,KANSAINER,EQ,713378,407923,57.18
20,1259,KARMAENG,EQ,27701,18314,66.11
20,1260,KARNIKA,SM,4000,3600,90.00
20,1261,KARURVYSYA,EQ,786264,446439,56.78
20,1262,KAUSHALYA,EQ,3931,1916,48.74
20,1263,KAYNES,EQ,350212,90446,25.83
20,1264,KCEIL,ST,41500,39500,95.18
20,1265,KCK,SM,18000,14000,77.78
20,1266,KCP,EQ,1652221,650016,39.34
20,1267,KCPSUGIND,EQ,1445204,606942,42.00
20,1268,KDDL,EQ,13051,5804,44.47
20,1269,KDL,ST,10800,10200,94.44
20,1270,KEC,EQ,269460,130798,48.54
20,1271,KECL,EQ,1421027,578904,40.74
20,1272,KEI,EQ,138365,82610,59.70
20,1273,KEL,SM,15600,10800,69.23
20,1274,KELLTONTEC,EQ,7275040,3023564,41.56
20,1275,KERNEX,EQ,219187,148602,67.80
20,1276,KESORAMIND,EQ,259925,105604,40.63
20,1277,KEYFINSERV,EQ,202710,59336,29.27
20,1278,KFINTECH,EQ,252175,90251,35.79
20,1279,KHADIM,EQ,66035,38958,59.00
20,1280,KHAICHEM,EQ,240998,98571,40.90
20,1281,KHAITANLTD,EQ,11302,5965,52.78
20,1282,KHANDSE,EQ,13616,6347,46.61
20,1283,KHFM,SM,27900,3100,11.11
20,1284,KILITCH,EQ,8043,2737,34.03
20,1285,KIMS,EQ,222548,213545,95.95
20,1286,KINGFA,EQ,12192,5680,46.59
20,1287,KIOCL,EQ,385846,102046,26.45
20,1288,KIRIINDUS,EQ,139765,61922,44.30
20,1289,KIRLOSBROS,EQ,93337,57799,61.93
20,1290,KIRLOSENG,EQ,65611,45577,69.47
20,1291,KIRLOSIND,EQ,6067,3923,64.66
20,1292,KIRLPNU,EQ,93337,63415,67.94
20,1293,KITEX,EQ,1902639,654815,34.42
20,1294,KKCL,EQ,36268,20803,57.36
20,1295,KKVAPOW,SM,156,156,100.00
20,1296,KLL,SM,72000,48000,66.67
20,1297,KNAGRI,ST,30400,29600,97.37
20,1298,KNRCON,EQ,630352,281757,44.70
20,1299,KODYTECH,SM,1600,1000,62.50
20,1300,KOHINOOR,EQ,173475,95807,55.23
20,1301,KOKUYOCMLN,EQ,113090,72926,64.48
20,1302,KOLTEPATIL,EQ,783225,515860,65.86
20,1303,KONSTELEC,SM,33000,24000,72.73
20,1304,KONTOR,SM,43200,32400,75.00
20,1305,KOPRAN,EQ,200660,87413,43.56
20,1306,KORE,ST,7000,7000,100.00
20,1307,KOTAKBANK,EQ,6542702,4690723,71.69
20,1308,KOTARISUG,EQ,764840,313886,41.04
20,1309,KOTHARIPET,EQ,351059,175370,49.95
20,1310,KOTHARIPRO,EQ,33853,16639,49.15
20,1311,KOTYARK,SM,14700,10700,72.79
20,1312,KPIGREEN,EQ,1041727,477273,45.82
20,1313,KPIL,EQ,443439,221885,50.04
20,1314,KPITTECH,EQ,1784986,596668,33.43
20,1315,KPRMILL,EQ,778493,186797,23.99
20,1316,KRBL,EQ,845087,388361,45.96
20,1317,KREBSBIO,EQ,74893,29446,39.32
20,1318,KRISHANA,EQ,29844,19046,63.82
20,1319,KRISHCA,ST,31500,29500,93.65
20,1320,KRISHNADEF,ST,34000,33500,98.53
20,1321,KRITI,EQ,109052,61173,56.10
20,1322,KRITIKA,EQ,344135,239877,69.70
20,1323,KRITINUT,EQ,145747,79908,54.83
20,1324,KRONOX,EQ,298164,192799,64.66
20,1325,KRSNAA,EQ,95004,54255,57.11
20,1326,KRYSTAL,EQ,56222,35500,63.14
20,1327,KSB,EQ,46057,16278,35.34
20,1328,KSCL,EQ,99202,76855,77.47
20,1329,KSL,EQ,90265,53699,59.49
20,1330,KSOLVES,EQ,71721,23845,33.25
20,1331,KTKBANK,EQ,2292317,1280627,55.87
20,1332,KTL,SM,3000,3000,100.00
20,1333,KUANTUM,EQ,142581,70943,49.76
20,1334,LAL,EQ,306283,168856,55.13
20,1335,LALPATHLAB,EQ,308256,191282,62.05
20,1336,LAMBODHARA,EQ,29835,19631,65.80
20,1337,LANCORHOL,EQ,73022,48611,66.57
20,1338,LANDMARK,EQ,690475,273440,39.60
20,1339,LAOPALA,EQ,81328,39594,48.68
20,1340,LASA,EQ,69198,47109,68.08
20,1341,LATENTVIEW,EQ,1553185,1007173,64.85
20,1342,LAURUSLABS,EQ,966959,453204,46.87
20,1343,LAWSIKHO,SM,28500,18000,63.16
20,1344,LAXMICOT,EQ,18394,12873,69.98
20,1345,LAXMIMACH,EQ,2086,1060,50.81
20,1346,LEMERITE,SM,52800,35200,66.67
20,1347,LEMONTREE,EQ,2444069,1212549,49.61
20,1348,LEXUS,EQ,37095,18436,49.70
20,1349,LFIC,EQ,8530,2184,25.60
20,1350,LGBBROSLTD,EQ,43005,31246,72.66
20,1351,LGHL,EQ,667,525,78.71
20,1352,LIBAS,EQ,80705,55688,69.00
20,1353,LIBERTSHOE,EQ,54775,32871,60.01
20,1354,LICHSGFIN,EQ,4814069,2203193,45.77
20,1355,LICI,EQ,14185936,5951125,41.95
20,1356,LICMFGOLD,EQ,172,163,94.77
20,1357,LICNETFGSC,EQ,52149,43373,83.17
20,1358,LICNETFN50,EQ,1315,625,47.53
20,1359,LICNETFSEN,EQ,27,21,77.78
20,1360,LICNFNHGP,EQ,425,201,47.29
20,1361,LICNMID100,EQ,7169478,7163779,99.92
20,1362,LIKHITHA,EQ,153781,68344,44.44
20,1363,LINC,EQ,45759,24051,52.56
20,1364,LINCOLN,EQ,33688,21776,64.64
20,1365,LINDEINDIA,EQ,83964,29286,34.88
20,1366,LIQUID,EQ,172474,114512,66.39
20,1367,LIQUID1,EQ,6604,6452,97.70
20,1368,LIQUIDADD,EQ,287171,270878,94.33
20,1369,LIQUIDBEES,EQ,2800804,2121084,75.73
20,1370,LIQUIDBETF,EQ,5226,2603,49.81
20,1371,LIQUIDCASE,EQ,3286891,2987548,90.89
20,1372,LIQUIDETF,EQ,217268,191764,88.26
20,1373,LIQUIDIETF,EQ,1054196,633184,60.06
20,1374,LIQUIDSBI,EQ,5988,4558,76.12
20,1375,LIQUIDSHRI,EQ,4964,3262,65.71
20,1376,LLOYDS,SM,2000,2000,100.00
20,1377,LLOYDSENGG,EQ,5846591,2248229,38.45
20,1378,LLOYDSME,EQ,383488,256528,66.89
20,1379,LODHA,EQ,614567,311382,50.67
20,1380,LOKESHMACH,EQ,28512,20199,70.84
20,1381,LOTUSEYE,EQ,241683,89287,36.94
20,1382,LOVABLE,EQ,234670,96275,41.03
20,1383,LOWVOL,EQ,1125,820,72.89
20,1384,LOWVOL1,EQ,71832,54437,75.78
20,1385,LOWVOLIETF,EQ,447297,330712,73.94
20,1386,LOYALTEX,EQ,806,470,58.31
20,1387,LRRPL,SM,15000,12000,80.00
20,1388,LT,EQ,2220953,1548716,69.73
20,1389,LTF,EQ,12008676,5395048,44.93
20,1390,LTFOODS,EQ,884259,398975,45.12
20,1391,LTGILTBEES,EQ,1192699,1053285,88.31
20,1392,LTIM,EQ,339480,103852,30.59
20,1393,LTTS,EQ,226101,78272,34.62
20,1394,LUMAXIND,EQ,10037,6395,63.71
20,1395,LUMAXTECH,EQ,106016,65812,62.08
20,1396,LUPIN,EQ,868365,442347,50.94
20,1397,LUXIND,EQ,463558,178666,38.54
20,1398,LXCHEM,EQ,803748,339452,42.23
20,1399,LYKALABS,EQ,43072,31172,72.37
20,1400,LYPSAGEMS,EQ,28889,21042,72.84
20,1401,MAANALU,EQ,65143,37702,57.88
20,1402,MADHAV,EQ,7091,4335,61.13
20,1403,MADHAVBAUG,SM,800,800,100.00
20,1404,MADHUSUDAN,SM,186000,129000,69.35
20,1405,MADRASFERT,EQ,2222363,400552,18.02
20,1406,MAFANG,EQ,516762,379601,73.46
20,1407,MAGADSUGAR,EQ,63097,13237,20.98
20,1408,MAGNUM,EQ,59725,32980,55.22
20,1409,MAGSON,SM,6000,6000,100.00
20,1410,MAHABANK,EQ,49596296,16904884,34.08
20,1411,MAHAPEXLTD,EQ,28578,16384,57.33
20,1412,MAHASTEEL,EQ,27264,14825,54.38
20,1413,MAHESHWARI,EQ,40883,28749,70.32
20,1414,MAHICKRA,SM,12750,12750,100.00
20,1415,MAHKTECH,EQ,538529,367842,68.30
20,1416,MAHLIFE,EQ,211801,135919,64.17
20,1417,MAHLOG,EQ,287748,108108,37.57
20,1418,MAHSCOOTER,EQ,3386,1644,48.55
20,1419,MAHSEAMLES,EQ,619256,304929,49.24
20,1420,MAITHANALL,EQ,32016,18438,57.59
20,1421,MAITREYA,SM,53600,47200,88.06
20,1422,MAKEINDIA,EQ,78576,63467,80.77
20,1423,MAKS,ST,3000,1500,50.00
20,1424,MAL,SM,4800,1600,33.33
20,1425,MALLCOM,EQ,12421,7963,64.11
20,1426,MALUPAPER,EQ,61912,37047,59.84
20,1427,MANAKALUCO,EQ,274796,137054,49.87
20,1428,MANAKSIA,EQ,228123,110647,48.50
20,1429,MANAKSTEEL,EQ,171103,93809,54.83
20,1430,MANALIPETC,EQ,2209824,668991,30.27
20,1431,MANAPPURAM,EQ,9638065,4501634,46.71
20,1432,MANDEEP,ST,64000,60000,93.75
20,1433,MANGALAM,EQ,36247,20736,57.21
20,1434,MANGCHEFER,EQ,505715,247193,48.88
20,1435,MANGLMCEM,EQ,80389,49840,62.00
20,1436,MANINDS,EQ,220235,120842,54.87
20,1437,MANINFRA,EQ,570381,347497,60.92
20,1438,MANKIND,EQ,375859,268970,71.56
20,1439,MANOMAY,EQ,206989,127598,61.64
20,1440,MANORAMA,EQ,18009,14601,81.08
20,1441,MANORG,EQ,27876,26933,96.62
20,1442,MANUGRAPH,EQ,36374,22713,62.44
20,1443,MANYAVAR,EQ,127358,62331,48.94
20,1444,MAPMYINDIA,EQ,136108,53085,39.00
20,1445,MARALOVER,EQ,24718,16933,68.50
20,1446,MARATHON,EQ,19558,12870,65.80
20,1447,MARCO,SM,12000,9000,75.00
20,1448,MARICO,EQ,3414973,1509347,44.20
20,1449,MARKSANS,EQ,2627504,903557,34.39
20,1450,MARUTI,EQ,347810,170518,49.03
20,1451,MASFIN,EQ,117954,57653,48.88
20,1452,MASON,SM,728000,342000,46.98
20,1453,MASPTOP50,EQ,222415,162537,73.08
20,1454,MASTEK,EQ,61912,31819,51.39
20,1455,MASTER,ST,1000,1000,100.00
20,1456,MATRIMONY,EQ,7885,3584,45.45
20,1457,MAWANASUG,EQ,310274,123691,39.87
20,1458,MAXESTATES,EQ,310963,96609,31.07
20,1459,MAXHEALTH,EQ,960167,694192,72.30
20,1460,MAXIND,EQ,56395,42154,74.75
20,1461,MAXPOSURE,SM,54000,34000,62.96
20,1462,MAYURUNIQ,EQ,79577,47476,59.66
20,1463,MAZDA,EQ,61893,20368,32.91
20,1464,MAZDOCK,EQ,1947473,390976,20.08
20,1465,MBAPL,EQ,7747,3186,41.13
20,1466,MBECL,EQ,48310,32364,66.99
20,1467,MCL,EQ,26107,20800,79.67
20,1468,MCLEODRUSS,EQ,475723,347728,73.09
20,1469,MCON,ST,21000,21000,100.00
20,1470,MCX,EQ,406252,174251,42.89
20,1471,MDL,SM,416000,372000,89.42
20,1472,MEDANTA,EQ,95958,45842,47.77
20,1473,MEDIASSIST,EQ,94782,45750,48.27
20,1474,MEDICAMEQ,EQ,9217,3748,40.66
20,1475,MEDIORG,SM,64000,48000,75.00
20,1476,MEDPLUS,EQ,58608,28675,48.93
20,1477,MEGASOFT,EQ,333591,145580,43.64
20,1478,MEGASTAR,EQ,33113,16809,50.76
20,1479,MEGATHERM,ST,32400,28800,88.89
20,1480,MENONBE,EQ,63991,35397,55.32
20,1481,METROBRAND,EQ,63052,28289,44.87
20,1482,METROPOLIS,EQ,90855,24925,27.43
20,1483,MFSL,EQ,1422466,1063645,74.77
20,1484,MGEL,EQ,1598224,1063489,66.54
20,1485,MGL,EQ,337792,128848,38.14
20,1486,MHHL,SM,3000,3000,100.00
20,1487,MHLXMIRU,EQ,102750,49058,47.75
20,1488,MHRIL,EQ,101396,41641,41.07
20,1489,MICROPRO,SM,16000,14400,90.00
20,1490,MID150BEES,EQ,318917,169928,53.28
20,1491,MID150CASE,EQ,197346,190817,96.69
20,1492,MIDCAP,EQ,39596,19653,49.63
20,1493,MIDCAPETF,EQ,1837520,1603687,87.27
20,1494,MIDCAPIETF,EQ,204772,140132,68.43
20,1495,MIDHANI,EQ,1918123,571438,29.79
20,1496,MIDQ50ADD,EQ,5753,4019,69.86
20,1497,MIDSELIETF,EQ,212698,198524,93.34
20,1498,MIDSMALL,EQ,457228,383241,83.82
20,1499,MINDACORP,EQ,197461,93241,47.22
20,1500,MINDSPACE,RR,106010,100156,94.48
20,1501,MINDTECK,EQ,457326,247857,54.20
20,1502,MIRCELECTR,EQ,859743,517637,60.21
20,1503,MIRZAINT,EQ,317506,178298,56.16
20,1504,MITCON,EQ,34830,11906,34.18
20,1505,MITTAL,EQ,1841796,1237868,67.21
20,1506,M&M,EQ,1925983,1126043,58.47
20,1507,M&MFIN,EQ,4632866,3097718,66.86
20,1508,MMFL,EQ,439388,189389,43.10
20,1509,MMP,EQ,91307,72682,79.60
20,1510,MMTC,EQ,14638041,5406091,36.93
20,1511,MNC,EQ,30895,23711,76.75
20,1512,MODIRUBBER,EQ,5516,5179,93.89
20,1513,MODISONLTD,EQ,30306,19943,65.81
20,1514,MOGSEC,EQ,1256,958,76.27
20,1515,MOHEALTH,EQ,30701,27735,90.34
20,1516,MOIL,EQ,3500192,744009,21.26
20,1517,MOKSH,EQ,680126,369871,54.38
20,1518,MOL,EQ,535206,264043,49.33
20,1519,MOLDTECH,EQ,97013,58540,60.34
20,1520,MOLDTKPAC,EQ,50733,27024,53.27
20,1521,MOLOWVOL,EQ,12692,9382,73.92
20,1522,MOM100,EQ,254125,198931,78.28
20,1523,MOM30IETF,EQ,811884,491990,60.60
20,1524,MOM50,EQ,4763,3723,78.17
20,1525,MOMENTUM,EQ,186184,163586,87.86
20,1526,MOMOMENTUM,EQ,140724,116479,82.77
20,1527,MON100,EQ,826991,568489,68.74
20,1528,MONARCH,EQ,530858,217010,40.88
20,1529,MONIFTY500,EQ,332859,277658,83.42
20,1530,MONOPHARMA,SM,10000,8000,80.00
20,1531,MONQ50,EQ,19247,18198,94.55
20,1532,MONTECARLO,EQ,73615,37654,51.15
20,1533,MOQUALITY,EQ,2022,1848,91.39
20,1534,MOREALTY,EQ,270475,258222,95.47
20,1535,MOREPENLAB,EQ,10421803,3205150,30.75
20,1536,MOS,SM,682400,180800,26.49
20,1537,MOSMALL250,EQ,639647,373790,58.44
20,1538,MOTHERSON,EQ,8678683,4131534,47.61
20,1539,MOTILALOFS,EQ,1367232,631397,46.18
20,1540,MOTISONS,EQ,170276,100562,59.06
20,1541,MOTOGENFIN,EQ,20678,9626,46.55
20,1542,MOVALUE,EQ,256060,215640,84.21
20,1543,MOXSH,ST,1600,1600,100.00
20,1544,MPHASIS,EQ,777919,364604,46.87
20,1545,MPSLTD,EQ,9463,4828,51.02
20,1546,MRF,EQ,8534,2449,28.70
20,1547,MRPL,EQ,32391179,7188901,22.19
20,1548,MSPL,EQ,261079,176350,67.55
20,1549,MSTCLTD,EQ,198613,91321,45.98
20,1550,MSUMI,EQ,9058029,6104924,67.40
20,1551,MTARTECH,EQ,299217,102996,34.42
20,1552,MTNL,EQ,88048138,15643873,17.77
20,1553,MUFIN,EQ,93638,51131,54.60
20,1554,MUFTI,EQ,105769,63589,60.12
20,1555,MUKANDLTD,EQ,427432,269702,63.10
20,1556,MUKKA,EQ,64304611,11322561,17.61
20,1557,MUKTAARTS,EQ,5804,4099,70.62
20,1558,MUNJALAU,EQ,356908,181643,50.89
20,1559,MUNJALSHOW,EQ,181904,88893,48.87
20,1560,MURUDCERA,EQ,807009,395278,48.98
20,1561,MUTHOOTCAP,EQ,11800,6274,53.17
20,1562,MUTHOOTFIN,EQ,373096,176965,47.43
20,1563,MUTHOOTMF,EQ,117853,72454,61.48
20,1564,MVGJL,EQ,37003,18973,51.27
20,1565,MVKAGRO,SM,600000,342000,57.00
20,1566,MWL,SM,2400,2400,100.00
20,1567,NACLIND,EQ,146786,56688,38.62
20,1568,NAGAFERT,EQ,1328132,677143,50.98
20,1569,NAGREEKEXP,EQ,42085,17921,42.58
20,1570,NAHARCAP,EQ,86107,37496,43.55
20,1571,NAHARINDUS,EQ,74260,31738,42.74
20,1572,NAHARPOLY,EQ,53201,29374,55.21
20,1573,NAHARSPING,EQ,57484,23070,40.13
20,1574,NAMAN,SM,51200,36800,71.88
20,1575,NAM-INDIA,EQ,679402,373737,55.01
20,1576,NATCOPHARM,EQ,3658601,1047960,28.64
20,1577,NATIONALUM,EQ,11981776,5152421,43.00
20,1578,NAUKRI,EQ,120091,47021,39.15
20,1579,NAVA,EQ,1046646,390574,37.32
20,1580,NAVINFLUOR,EQ,300978,72340,24.03
20,1581,NAVINIFTY,EQ,245,132,53.88
20,1582,NAVKARCORP,EQ,747286,400355,53.57
20,1583,NAVNETEDUL,EQ,450006,234338,52.07
20,1584,NAZARA,EQ,640552,341626,53.33
20,1585,NBCC,EQ,27560054,7421600,26.93
20,1586,NCC,EQ,2514134,1086136,43.20
20,1587,NCLIND,EQ,477073,233518,48.95
20,1588,NDL,EQ,3008023,1681408,55.90
20,1589,NDLVENTURE,EQ,7002,3788,54.10
20,1590,NDRAUTO,EQ,18980,6503,34.26
20,1591,NDTV,EQ,207116,100683,48.61
20,1592,NECCLTD,EQ,3424189,1788943,52.24
20,1593,NECLIFE,EQ,589356,325889,55.30
20,1594,NELCAST,EQ,79127,48319,61.07
20,1595,NELCO,EQ,92477,40264,43.54
20,1596,NEOGEN,EQ,18728,8414,44.93
20,1597,NEPHROCARE,ST,64000,64000,100.00
20,1598,NESCO,EQ,54691,32883,60.13
20,1599,NESTLEIND,EQ,757069,451071,59.58
20,1600,NETF,EQ,1811,1144,63.17
20,1601,NETWEB,EQ,163182,66315,40.64
20,1602,NETWORK18,EQ,1878029,997887,53.13
20,1603,NEULANDLAB,EQ,65982,19947,30.23
20,1604,NEWGEN,EQ,172609,96281,55.78
20,1605,NEWJAISA,SM,42000,30000,71.43
20,1606,NEXT50,EQ,5437,4767,87.68
20,1607,NEXT50IETF,EQ,256398,166401,64.90
20,1608,NEXTMEDIA,EQ,33508,15120,45.12
20,1609,NFL,EQ,17931657,3790131,21.14
20,1610,NGIL,EQ,16812,8667,51.55
20,1611,NGLFINE,EQ,10231,5322,52.02
20,1612,NH,EQ,192602,116736,60.61
20,1613,NHPC,EQ,60399835,22362593,37.02
20,1614,NIACL,EQ,6609234,1739664,26.32
20,1615,NIBL,EQ,21316,13233,62.08
20,1616,NIDAN,SM,25000,14000,56.00
20,1617,NIF100BEES,EQ,89940,84219,93.64
20,1618,NIF100IETF,EQ,79233,51325,64.78
20,1619,NIF10GETF,EQ,878,746,84.97
20,1620,NIF5GETF,EQ,928,904,97.41
20,1621,NIFITETF,EQ,740,503,67.97
20,1622,NIFMID150,EQ,721,310,43.00
20,1623,NIFTY1,EQ,7195,5136,71.38
20,1624,NIFTY50ADD,EQ,4858,3780,77.81
20,1625,NIFTYBEES,EQ,1824955,1156741,63.38
20,1626,NIFTYBETF,EQ,5574,5218,93.61
20,1627,NIFTYETF,EQ,154369,150777,97.67
20,1628,NIFTYIETF,EQ,140692,89550,63.65
20,1629,NIFTYQLITY,EQ,29589,23645,79.91
20,1630,NIITLTD,EQ,363210,176051,48.47
20,1631,NIITMTS,EQ,88756,51250,57.74
20,1632,NILAINFRA,EQ,2887113,1749513,60.60
20,1633,NILKAMAL,EQ,11274,6645,58.94
20,1634,NINSYS,EQ,3690,2938,79.62
20,1635,NIPPOBATRY,EQ,8127,5547,68.25
20,1636,NIRAJ,EQ,93024,47969,51.57
20,1637,NIRMAN,ST,42000,39000,92.86
20,1638,NITCO,EQ,110762,80517,72.69
20,1639,NITINSPIN,EQ,1803662,569235,31.56
20,1640,NKIND,EQ,3961,1764,44.53
20,1641,NLCINDIA,EQ,20261294,5063212,24.99
20,1642,NMDC,EQ,6724913,2870668,42.69
20,1643,NOCIL,EQ,8907566,2073899,23.28
20,1644,NORBTEAEXP,EQ,6142,4173,67.94
20,1645,NOVAAGRI,EQ,798166,388614,48.69
20,1646,NPBET,EQ,433,410,94.69
20,1647,NPST,SM,42700,28400,66.51
20,1648,NRAIL,EQ,15365,8234,53.59
20,1649,NRBBEARING,EQ,113396,72107,63.59
20,1650,NRL,EQ,86194,50778,58.91
20,1651,NSIL,EQ,2737,1492,54.51
20,1652,NSLNISP,EQ,13008105,4436959,34.11
20,1653,NTPC,EQ,11893034,7172843,60.31
20,1654,NUCLEUS,EQ,48133,21945,45.59
20,1655,NURECA,EQ,17856,7002,39.21
20,1656,NUVAMA,EQ,55411,36954,66.69
20,1657,NUVOCO,EQ,1342382,1170048,87.16
20,1658,NV20,EQ,11995,5922,49.37
20,1659,NV20BEES,EQ,13381,12392,92.61
20,1660,NV20IETF,EQ,650284,457924,70.42
20,1661,NXST,RR,358737,326024,90.88
20,1662,NYKAA,EQ,15213283,11740741,77.17
20,1663,OAL,EQ,65410,26962,41.22
20,1664,OBCL,EQ,49663,29349,59.10
20,1665,OBEROIRLTY,EQ,815643,395348,48.47
20,1666,OCCL,EQ,809942,250456,30.92
20,1667,OFSS,EQ,504778,196657,38.96
20,1668,OIL,EQ,11050736,4095196,37.06
20,1669,OLECTRA,EQ,517139,135878,26.27
20,1670,OLIL,ST,19200,19200,100.00
20,1671,OMFURN,SM,33600,31200,92.86
20,1672,ONDOOR,SM,4800,3000,62.50
20,1673,ONEPOINT,EQ,1652588,733679,44.40
20,1674,ONGC,EQ,37468292,16083764,42.93
20,1675,ONMOBILE,EQ,2939776,1104504,37.57
20,1676,ONWARDTEC,EQ,459707,191334,41.62
20,1677,OPTIEMUS,EQ,194213,111895,57.61
20,1678,ORBTEXP,EQ,13546,10239,75.59
20,1679,ORCHPHARMA,EQ,38925,25293,64.98
20,1680,ORIANA,SM,44250,27600,62.37
20,1681,ORICONENT,EQ,1078134,343480,31.86
20,1682,ORIENTALTL,EQ,153860,65372,42.49
20,1683,ORIENTBELL,EQ,9032,4928,54.56
20,1684,ORIENTCEM,EQ,5059668,1469380,29.04
20,1685,ORIENTCER,EQ,683614,646206,94.53
20,1686,ORIENTELEC,EQ,647134,493351,76.24
20,1687,ORIENTHOT,EQ,504238,134472,26.67
20,1688,ORIENTLTD,EQ,10781,6196,57.47
20,1689,ORIENTPPR,EQ,5538269,1443809,26.07
20,1690,ORISSAMINE,EQ,9177,3513,38.28
20,1691,ORTINLAB,EQ,34838,21202,60.86
20,1692,OSWALAGRO,EQ,38371,25503,66.46
20,1693,OSWALGREEN,EQ,411584,158687,38.56
20,1694,OSWALSEEDS,EQ,35507,28868,81.30
20,1695,OWAIS,SM,44800,33600,75.00
20,1696,PAGEIND,EQ,30665,12494,40.74
20,1697,PAISALO,EQ,1382916,902652,65.27
20,1698,PAKKA,EQ,82500,46096,55.87
20,1699,PALASHSECU,EQ,5378,2373,44.12
20,1700,PANACEABIO,EQ,121055,67191,55.50
20,1701,PANAMAPET,EQ,253573,124523,49.11
20,1702,PANSARI,EQ,1404,584,41.60
20,1703,PAR,EQ,10318,8144,78.93
20,1704,PARACABLES,EQ,1080929,753200,69.68
20,1705,PARADEEP,EQ,21896686,7476182,34.14
20,1706,PARAGMILK,EQ,7464563,2389092,32.01
20,1707,PARAGON,SM,30000,18000,60.00
20,1708,PARIN,SM,84000,82000,97.62
20,1709,PARKHOTELS,EQ,232288,151765,65.33
20,1710,PARSVNATH,EQ,430416,223839,52.01
20,1711,PARTYCRUS,SM,20000,17000,85.00
20,1712,PASHUPATI,SM,1600,1600,100.00
20,1713,PASUPTAC,EQ,368056,134602,36.57
20,1714,PATANJALI,EQ,615295,317784,51.65
20,1715,PATELENG,EQ,10840253,5128116,47.31
20,1716,PATINTLOG,EQ,695042,310305,44.65
20,1717,PATTECH,SM,1500,1500,100.00
20,1718,PAVNAIND,EQ,45397,18424,40.58
20,1719,PAYTM,EQ,2530705,1329831,52.55
20,1720,PCBL,EQ,10232727,4126397,40.33
20,1721,PCCL,SM,224000,128800,57.50
20,1722,PCJEWELLER,EQ,4906603,3241888,66.07
20,1723,PDMJEPAPER,EQ,1067052,405607,38.01
20,1724,PDSL,EQ,67378,42377,62.89
20,1725,PEL,EQ,3605306,1351403,37.48
20,1726,PENIND,EQ,1162071,548378,47.19
20,1727,PENINLAND,EQ,1079515,378559,35.07
20,1728,PENTAGON,SM,1000,1000,100.00
20,1729,PERFECT,SM,24000,21000,87.50
20,1730,PERSISTENT,EQ,365068,149451,40.94
20,1731,PETRONET,EQ,4869495,1953099,40.11
20,1732,PFC,EQ,7358534,3252782,44.20
20,1733,PFIZER,EQ,30341,13855,45.66
20,1734,PFS,EQ,4254936,2097242,49.29
20,1735,PGEL,EQ,479618,283269,59.06
20,1736,PGHH,EQ,9401,7863,83.64
20,1737,PGHL,EQ,10253,7137,69.61
20,1738,PGIL,EQ,1014950,349151,34.40
20,1739,PGINVIT,IV,1377048,1250244,90.79
20,1740,PHANTOMFX,SM,61200,36300,59.31
20,1741,PHARMABEES,EQ,3986017,3129133,78.50
20,1742,PHOENIXLTD,EQ,312119,198081,63.46
20,1743,PIDILITIND,EQ,235085,137694,58.57
20,1744,PIIND,EQ,221307,131563,59.45
20,1745,PILANIINVS,EQ,5479,2760,50.37
20,1746,PILITA,EQ,2160880,1200256,55.54
20,1747,PIONEEREMB,EQ,22077,14002,63.42
20,1748,PITTIENG,EQ,171304,132591,77.40
20,1749,PIXTRANS,EQ,347444,63723,18.34
20,1750,PLADAINFO,SM,6000,3000,50.00
20,1751,PLASTIBLEN,EQ,128079,67103,52.39
20,1752,PLATIND,EQ,1016668,455621,44.82
20,1753,PLAZACABLE,EQ,327373,136302,41.64
20,1754,PNB,EQ,29031539,11940544,41.13
20,1755,PNBGILTS,EQ,520218,247924,47.66
20,1756,PNBHOUSING,EQ,1090356,450036,41.27
20,1757,PNC,EQ,321801,154017,47.86
20,1758,PNCINFRA,EQ,499760,259560,51.94
20,1759,POCL,EQ,58074,28580,49.21
20,1760,PODDARMENT,EQ,10925,7087,64.87
20,1761,POKARNA,EQ,54553,17567,32.20
20,1762,POLICYBZR,EQ,734692,384846,52.38
20,1763,POLYCAB,EQ,232566,87309,37.54
20,1764,POLYMED,EQ,45180,15952,35.31
20,1765,POLYPLEX,EQ,278035,119208,42.88
20,1766,POLYSIL,SM,2000,2000,100.00
20,1767,PONNIERODE,EQ,105317,46245,43.91
20,1768,POONAWALLA,EQ,4365562,1688659,38.68
20,1769,POWERGRID,EQ,11363095,7600073,66.88
20,1770,POWERINDIA,EQ,74129,36926,49.81
20,1771,POWERMECH,EQ,67374,37958,56.34
20,1772,PPAP,EQ,18841,11782,62.53
20,1773,PPL,EQ,185614,81145,43.72
20,1774,PPLPHARMA,EQ,3765750,2363451,62.76
20,1775,PRAENG,EQ,104451,65406,62.62
20,1776,PRAJIND,EQ,1347021,373975,27.76
20,1777,PRAKASH,EQ,740121,279001,37.70
20,1778,PRAMARA,SM,4000,4000,100.00
20,1779,PRATHAM,SM,80000,46400,58.00
20,1780,PRECAM,EQ,185762,107503,57.87
20,1781,PRECISION,SM,20000,14000,70.00
20,1782,PRECWIRE,EQ,1040108,366053,35.19
20,1783,PREMIERPOL,EQ,60919,47001,77.15
20,1784,PRESSTONIC,SM,45600,28000,61.40
20,1785,PRESTIGE,EQ,2667043,1070321,40.13
20,1786,PRICOLLTD,EQ,191975,105200,54.80
20,1787,PRIMESECU,EQ,59750,48071,80.45
20,1788,PRINCEPIPE,EQ,667415,565109,84.67
20,1789,PRITI,EQ,19319,14138,73.18
20,1790,PRITIKA,SM,56000,42000,75.00
20,1791,PRITIKAUTO,EQ,298282,207129,69.44
20,1792,PRIVISCL,EQ,29850,14931,50.02
20,1793,PRLIND,SM,130000,90000,69.23
20,1794,PROPEQUITY,SM,3000,1800,60.00
20,1795,PROV,SM,800,640,80.00
20,1796,PROZONER,EQ,973618,341570,35.08
20,1797,PRSMJOHNSN,EQ,290729,116727,40.15
20,1798,PRUDENT,EQ,21593,15784,73.10
20,1799,PRUDMOULI,EQ,5645,4317,76.47
20,1800,PSB,EQ,8586594,2986161,34.78
20,1801,PSPPROJECT,EQ,25054,13168,52.56
20,1802,PSUBANK,EQ,74745,44151,59.07
20,1803,PSUBANKADD,EQ,18167,13598,74.85
20,1804,PSUBNKBEES,EQ,2760298,1392379,50.44
20,1805,PSUBNKIETF,EQ,373028,225368,60.42
20,1806,PTC,EQ,2140467,1081473,50.53
20,1807,PTL,EQ,191826,128895,67.19
20,1808,PULZ,SM,16000,12000,75.00
20,1809,PUNJABCHEM,EQ,36903,11559,31.32
20,1810,PURVFLEXI,SM,113600,104000,91.55
20,1811,PVP,EQ,415955,210352,50.57
20,1812,PVRINOX,EQ,530010,248943,46.97
20,1813,PVSL,EQ,43685,24463,56.00
20,1814,PVTBANIETF,EQ,3121626,2591753,83.03
20,1815,PVTBANKADD,EQ,91208,79594,87.27
20,1816,PYRAMID,EQ,172051,65948,38.33
20,1817,QFIL,SM,5000,4000,80.00
20,1818,QGOLDHALF,EQ,56560,41532,73.43
20,1819,QMSMEDI,SM,11000,10000,90.91
20,1820,QNIFTY,EQ,328,290,88.41
20,1821,QUADPRO,SM,24000,24000,100.00
20,1822,QUAL30IETF,EQ,105141,73244,69.66
20,1823,QUESS,EQ,149918,69970,46.67
20,1824,QUESTLAB,SM,20400,19200,94.12
20,1825,QUICKHEAL,EQ,697047,179884,25.81
20,1826,QUICKTOUCH,SM,95500,55000,57.59
20,1827,RACE,EQ,8440,4552,53.93
20,1828,RADHIKAJWE,EQ,381830,214894,56.28
20,1829,RADIANTCMS,EQ,147263,95686,64.98
20,1830,RADICO,EQ,139576,62189,44.56
20,1831,RADIOCITY,EQ,667772,389212,58.29
20,1832,RADIOCITY,P1,1810,1810,100.00
20,1833,RAILTEL,EQ,8190963,2782998,33.98
20,1834,RAIN,EQ,3206665,1330234,41.48
20,1835,RAINBOW,EQ,271410,221860,81.74
20,1836,RAJESHEXPO,EQ,549437,225298,41.01
20,1837,RAJMET,EQ,9860360,4406265,44.69
20,1838,RAJRATAN,EQ,35234,19607,55.65
20,1839,RAJSREESUG,EQ,243430,90170,37.04
20,1840,RALLIS,EQ,2239109,600412,26.81
20,1841,RAMANEWS,EQ,83161,45741,55.00
20,1842,RAMAPHO,EQ,12125,7701,63.51
20,1843,RAMASTEEL,EQ,12102735,5325660,44.00
20,1844,RAMCOCEM,EQ,1111488,625061,56.24
20,1845,RAMCOIND,EQ,210237,124599,59.27
20,1846,RAMCOSYS,EQ,164978,113889,69.03
20,1847,RAMKY,EQ,245904,126302,51.36
20,1848,RAMRAT,EQ,27455,14910,54.31
20,1849,RANASUG,EQ,1943209,931517,47.94
20,1850,RANEENGINE,EQ,5509,3800,68.98
20,1851,RANEHOLDIN,EQ,13817,8532,61.75
20,1852,RATEGAIN,EQ,291191,141139,48.47
20,1853,RATNAMANI,EQ,38679,30661,79.27
20,1854,RATNAVEER,EQ,598862,326302,54.49
20,1855,RBA,EQ,1144043,627106,54.81
20,1856,RBL,EQ,46654,21153,45.34
20,1857,RBLBANK,EQ,1827010,949472,51.97
20,1858,RBMINFRA,SM,16400,9800,59.76
20,1859,RBS,SM,115200,83200,72.22
20,1860,RCDL,SM,102000,72000,70.59
20,1861,RCF,EQ,17196817,3919760,22.79
20,1862,RECLTD,EQ,8288646,3646400,43.99
20,1863,REDINGTON,EQ,1527116,1096939,71.83
20,1864,REDTAPE,EQ,74727,51745,69.25
20,1865,REFEX,EQ,961964,453380,47.13
20,1866,REFRACTORY,ST,24000,24000,100.00
20,1867,RELAXO,EQ,486371,416510,85.64
20,1868,RELCHEMQ,EQ,19745,14157,71.70
20,1869,RELIABLE,EQ,9100,9100,100.00
20,1870,RELIANCE,EQ,4693419,3080601,65.64
20,1871,RELIGARE,EQ,1264306,663288,52.46
20,1872,RELINFRA,EQ,1916423,886376,46.25
20,1873,REMSONSIND,EQ,16370,11642,71.12
20,1874,REMUS,SM,3600,3000,83.33
20,1875,RENUKA,EQ,14741849,3793766,25.73
20,1876,REPCOHOME,EQ,368576,157499,42.73
20,1877,REPL,EQ,22238,12680,57.02
20,1878,REPRO,EQ,9059,4366,48.20
20,1879,RESPONIND,EQ,650386,127701,19.63
20,1880,RETAIL,EQ,73060,50476,69.09
20,1881,REXPIPES,SM,16000,16000,100.00
20,1882,RGL,EQ,204003,101172,49.59
20,1883,RHIM,EQ,525047,266093,50.68
20,1884,RHL,EQ,22105,19148,86.62
20,1885,RICHA,SM,5000,5000,100.00
20,1886,RICOAUTO,EQ,587912,295968,50.34
20,1887,RIIL,EQ,175364,35250,20.10
20,1888,RILINFRA,ST,27800,27800,100.00
20,1889,RISHABH,EQ,34536,16932,49.03
20,1890,RITCO,EQ,112107,40022,35.70
20,1891,RITES,EQ,1479839,579203,39.14
20,1892,RKFORGE,EQ,445125,213004,47.85
20,1893,RKSWAMY,EQ,106607,56318,52.83
20,1894,RMDRIP,SM,4000,4000,100.00
20,1895,RML,EQ,14762,10265,69.54
20,1896,ROCKINGDCE,SM,24250,7250,29.90
20,1897,ROHLTD,EQ,89438,38723,43.30
20,1898,ROLEXRINGS,EQ,8492,4213,49.61
20,1899,ROSSARI,EQ,108496,60889,56.12
20,1900,ROSSELLIND,EQ,273266,74551,27.28
20,1901,ROTO,EQ,96330,46211,47.97
20,1902,ROUTE,EQ,170585,61417,36.00
20,1903,ROXHITECH,SM,52800,43200,81.82
20,1904,RPGLIFE,EQ,210989,45224,21.43
20,1905,RPOWER,EQ,24019184,14013636,58.34
20,1906,RPPINFRA,EQ,285673,158384,55.44
20,1907,RPPL,EQ,85507,30371,35.52
20,1908,RPSGVENT,EQ,67407,37607,55.79
20,1909,RPTECH,EQ,426209,171143,40.15
20,1910,RRKABEL,EQ,97866,58234,59.50
20,1911,RSWM,EQ,145306,77830,53.56
20,1912,RSYSTEMS,EQ,106437,53310,50.09
20,1913,RTNINDIA,EQ,1929890,697821,36.16
20,1914,RTNPOWER,EQ,14979398,10590199,70.70
20,1915,RUBYMILLS,EQ,35408,21387,60.40
20,1916,RUCHINFRA,EQ,318468,256156,80.43
20,1917,RUCHIRA,EQ,223094,99802,44.74
20,1918,RULKA,ST,44400,43200,97.30
20,1919,RUPA,EQ,630237,263073,41.74
20,1920,RUSHIL,EQ,145386,97647,67.16
20,1921,RUSTOMJEE,EQ,178692,96832,54.19
20,1922,RVHL,EQ,67140,42080,62.68
20,1923,RVNL,EQ,29931644,6199077,20.71
20,1924,SAAKSHI,ST,13800,12600,91.30
20,1925,SABAR,SM,465000,345000,74.19
20,1926,SADBHAV,EQ,759511,667413,87.87
20,1927,SADBHIN,EQ,342468,239586,69.96
20,1928,SADHAV,SM,57600,30000,52.08
20,1929,SADHNANIQ,EQ,1034320,675060,65.27
20,1930,SAFARI,EQ,38226,22496,58.85
20,1931,SAGARDEEP,EQ,75551,23005,30.45
20,1932,SAGCEM,EQ,79864,32388,40.55
20,1933,SAH,EQ,33479,15511,46.33
20,1934,SAHAJ,SM,36000,32000,88.89
20,1935,SAHANA,SM,55000,35000,63.64
20,1936,SAHYADRI,EQ,5609,3639,64.88
20,1937,SAIFL,SM,12000,10400,86.67
20,1938,SAIL,EQ,17044483,4410898,25.88
20,1939,SAKAR,EQ,10330,6624,64.12
20,1940,SAKHTISUG,EQ,604480,238377,39.44
20,1941,SAKSOFT,EQ,410545,192738,46.95
20,1942,SAKUMA,EQ,4499868,1303627,28.97
20,1943,SALASAR,EQ,2825369,1842390,65.21
20,1944,SALONA,EQ,552,231,41.85
20,1945,SALZERELEC,EQ,105893,51845,48.96
20,1946,SAMBHAAV,EQ,168573,103070,61.14
20,1947,SAMHI,EQ,756768,492451,65.07
20,1948,SANDESH,EQ,4377,2862,65.39
20,1949,SANDHAR,EQ,116390,70990,60.99
20,1950,SANDUMA,EQ,171620,90808,52.91
20,1951,SANGAMIND,EQ,19481,12281,63.04
20,1952,SANGANI,SM,9000,6000,66.67
20,1953,SANGHIIND,EQ,2262972,818696,36.18
20,1954,SANGHVIMOV,EQ,150679,66145,43.90
20,1955,SANGINITA,EQ,123900,87358,70.51
20,1956,SANOFI,EQ,11249,6566,58.37
20,1957,SANSERA,EQ,238480,94593,39.66
20,1958,SAPPHIRE,EQ,36486,20237,55.47
20,1959,SARDAEN,EQ,1896434,692867,36.54
20,1960,SAREGAMA,EQ,308854,186529,60.39
20,1961,SARLAPOLY,EQ,657827,289493,44.01
20,1962,SAROJA,SM,3200,3200,100.00
20,1963,SARTELE,SM,401500,196500,48.94
20,1964,SARTE-RE,ST,978000,950500,97.19
20,1965,SARVESHWAR,EQ,3738437,2440069,65.27
20,1966,SASKEN,EQ,10716,6407,59.79
20,1967,SASTASUNDR,EQ,89580,51915,57.95
20,1968,SATIA,EQ,314982,155555,49.39
20,1969,SATIN,EQ,417482,203765,48.81
20,1970,SATINDLTD,EQ,501275,264158,52.70
20,1971,SAURASHCEM,EQ,325849,147845,45.37
20,1972,SBC,EQ,2684654,1346802,50.17
20,1973,SBCL,EQ,149145,92985,62.35
20,1974,SBFC,EQ,1065387,612673,57.51
20,1975,SBGLP,EQ,830004,252090,30.37
20,1976,SBICARD,EQ,1032022,497321,48.19
20,1977,SBIETFCON,EQ,5182,3307,63.82
20,1978,SBIETFIT,EQ,9961,6276,63.01
20,1979,SBIETFPB,EQ,6644,5146,77.45
20,1980,SBIETFQLTY,EQ,5359,2633,49.13
20,1981,SBILIFE,EQ,1844059,1058407,57.40
20,1982,SBIN,EQ,11893692,4878106,41.01
20,1983,SBISILVER,EQ,221628,176242,79.52
20,1984,SCHAEFFLER,EQ,578058,437303,75.65
20,1985,SCHAND,EQ,110007,59914,54.46
20,1986,SCHNEIDER,EQ,371006,245672,66.22
20,1987,SCI,EQ,8096428,2703013,33.39
20,1988,SCILAL,EQ,5745309,1959397,34.10
20,1989,SCML,SM,60000,48000,80.00
20,1990,SCPL,EQ,671933,274061,40.79
20,1991,SDBL,EQ,969139,605757,62.50
20,1992,SDL24BEES,EQ,1782,1773,99.49
20,1993,SDL26BEES,EQ,422,382,90.52
20,1994,SEAMECLTD,EQ,56165,26091,46.45
20,1995,SECL,SM,18750,18750,100.00
20,1996,SECMARK,EQ,1082,1081,99.91
20,1997,SECURKLOUD,EQ,27713,20922,75.50
20,1998,SEL,SM,800,800,100.00
20,1999,SELAN,EQ,305754,91359,29.88
20,2000,SELMC,EQ,7328,5208,71.07
20,2001,SENCO,EQ,150633,94466,62.71
20,2002,SENSEXADD,EQ,1561,1502,96.22
20,2003,SENSEXETF,EQ,4391,3004,68.41
20,2004,SENSEXIETF,EQ,1917,988,51.54
20,2005,SEPC,EQ,5670789,2609102,46.01
20,2006,SEQUENT,EQ,2243812,965249,43.02
20,2007,SERVICE,SM,2000,2000,100.00
20,2008,SERVOTECH,EQ,11127447,4429799,39.81
20,2009,SESHAPAPER,EQ,241640,99116,41.02
20,2010,SETF10GILT,EQ,1536,1429,93.03
20,2011,SETFGOLD,EQ,993525,801629,80.69
20,2012,SETFNIF50,EQ,280459,198341,70.72
20,2013,SETFNIFBK,EQ,26205,17018,64.94
20,2014,SETFNN50,EQ,32270,25997,80.56
20,2015,SFL,EQ,55086,35845,65.07
20,2016,SGBAPR28I,GB,109,84,77.06
20,2017,SGBAUG24,GB,209,155,74.16
20,2018,SGBAUG27,GB,48,37,77.08
20,2019,SGBAUG28V,GB,1091,779,71.40
20,2020,SGBAUG29V,GB,43,37,86.05
20,2021,SGBAUG30,GB,205,140,68.29
20,2022,SGBD29VIII,GB,91,84,92.31
20,2023,SGBDE30III,GB,420,330,78.57
20,2024,SGBDE31III,GB,3198,2606,81.49
20,2025,SGBDEC2513,GB,24,22,91.67
20,2026,SGBDEC25XI,GB,1,1,100.00
20,2027,SGBFEB29XI,GB,53,49,92.45
20,2028,SGBFEB32IV,GB,2467,1630,66.07
20,2029,SGBJ28VIII,GB,1,1,100.00
20,2030,SGBJAN26,GB,36,36,100.00
20,2031,SGBJAN27,GB,4,4,100.00
20,2032,SGBJAN29IX,GB,105,84,80.00
20,2033,SGBJAN29X,GB,151,126,83.44
20,2034,SGBJAN30IX,GB,120,104,86.67
20,2035,SGBJU29III,GB,209,163,77.99
20,2036,SGBJUL25,GB,18,17,94.44
20,2037,SGBJUL27,GB,2,2,100.00
20,2038,SGBJUL28IV,GB,834,802,96.16
20,2039,SGBJUL29IV,GB,130,106,81.54
20,2040,SGBJUN27,GB,17,17,100.00
20,2041,SGBJUN28,GB,715,640,89.51
20,2042,SGBJUN29II,GB,139,119,85.61
20,2043,SGBJUN30,GB,93,64,68.82
20,2044,SGBJUN31I,GB,753,626,83.13
20,2045,SGBMAR25,GB,51,45,88.24
20,2046,SGBMAR28X,GB,20,20,100.00
20,2047,SGBMAR30X,GB,23,23,100.00
20,2048,SGBMAR31IV,GB,277,187,67.51
20,2049,SGBMAY25,GB,56,53,94.64
20,2050,SGBMAY26,GB,44,35,79.55
20,2051,SGBMAY28,GB,262,257,98.09
20,2052,SGBMAY29I,GB,3584,3199,89.26
20,2053,SGBMR29XII,GB,641,592,92.36
20,2054,SGBN28VIII,GB,444,400,90.09
20,2055,SGBNOV24,GB,111,70,63.06
20,2056,SGBNV29VII,GB,359,264,73.54
20,2057,SGBOC28VII,GB,85,85,100.00
20,2058,SGBOCT25,GB,59,49,83.05
20,2059,SGBOCT25V,GB,8,8,100.00
20,2060,SGBOCT27VI,GB,3,3,100.00
20,2061,SGBSEP24,GB,52,39,75.00
20,2062,SGBSEP28VI,GB,293,197,67.24
20,2063,SGBSEP29VI,GB,298,263,88.26
20,2064,SGBSEP31II,GB,1514,1146,75.69
20,2065,SGIL,EQ,46289,29319,63.34
20,2066,SGL,EQ,23339,9794,41.96
20,2067,SHAH,EQ,948743,715718,75.44
20,2068,SHAHALLOYS,EQ,15544,8572,55.15
20,2069,SHAILY,EQ,20980,10646,50.74
20,2070,SHALBY,EQ,2031559,704066,34.66
20,2071,SHALPAINTS,EQ,91501,52504,57.38
20,2072,SHANKARA,EQ,56857,30528,53.69
20,2073,SHANTHALA,SM,1200,1200,100.00
20,2074,SHANTIGEAR,EQ,213582,63218,29.60
20,2075,SHARDACROP,EQ,136120,67133,49.32
20,2076,SHARDAMOTR,EQ,30433,19542,64.21
20,2077,SHAREINDIA,EQ,1312853,723352,55.10
20,2078,SHAREINDIA,W1,3320,3172,95.54
20,2079,SHARIABEES,EQ,3214,2187,68.05
20,2080,SHEETAL,SM,64000,54000,84.38
20,2081,SHEMAROO,EQ,28521,19178,67.24
20,2082,SHERA,SM,30000,22000,73.33
20,2083,SHIGAN,SM,4500,4500,100.00
20,2084,SHILPAMED,EQ,76961,39076,50.77
20,2085,SHIVALIK,EQ,16848,11095,65.85
20,2086,SHIVAMAUTO,EQ,113132,53708,47.47
20,2087,SHIVAMILLS,EQ,11240,5220,46.44
20,2088,SHIVATEX,EQ,45407,26076,57.43
20,2089,SHIVAUM,ST,6000,6000,100.00
20,2090,SHK,EQ,176406,83165,47.14
20,2091,SHOPERSTOP,EQ,147801,115535,78.17
20,2092,SHREDIGCEM,EQ,1838088,690931,37.59
20,2093,SHREECEM,EQ,99513,32773,32.93
20,2094,SHREEKARNI,ST,10800,8400,77.78
20,2095,SHREEOSFM,SM,12000,8000,66.67
20,2096,SHREEPUSHK,EQ,87859,35555,40.47
20,2097,SHREYANIND,EQ,33957,20258,59.66
20,2098,SHREYAS,EQ,1682086,396962,23.60
20,2099,SHRIPISTON,EQ,50202,25453,50.70
20,2100,SHRIRAMFIN,EQ,981418,593727,60.50
20,2101,SHRIRAMPPS,EQ,1559962,847606,54.34
20,2102,SHRITECH,SM,36000,30000,83.33
20,2103,SHUBHLAXMI,SM,18000,17000,94.44
20,2104,SHYAMCENT,EQ,262159,179397,68.43
20,2105,SHYAMMETL,EQ,196010,106490,54.33
20,2106,SIDDHIKA,SM,6000,6000,100.00
20,2107,SIEMENS,EQ,341560,207073,60.63
20,2108,SIGACHI,EQ,702168,421266,60.00
20,2109,SIGIND,EQ,61520,28352,46.09
20,2110,SIGMA,EQ,5789,3365,58.13
20,2111,SIGNATURE,EQ,582548,112514,19.31
20,2112,SIGNORIA,SM,6000,6000,100.00
20,2113,SIGNPOST,EQ,62712,39667,63.25
20,2114,SIL,EQ,132815,69893,52.62
20,2115,SILGO,EQ,56483,28063,49.68
20,2116,SILINV,EQ,7117,4456,62.61
20,2117,SILKFLEX,SM,52000,34000,65.38
20,2118,SILLYMONKS,EQ,8388,6167,73.52
20,2119,SILVER,EQ,53491,42137,78.77
20,2120,SILVER1,EQ,49370,34301,69.48
20,2121,SILVERADD,EQ,7869,5619,71.41
20,2122,SILVERBEES,EQ,3265339,2398328,73.45
20,2123,SILVERETF,EQ,116001,70037,60.38
20,2124,SILVERIETF,EQ,819586,742738,90.62
20,2125,SILVERTUC,EQ,23903,6141,25.69
20,2126,SILVRETF,EQ,121213,114301,94.30
20,2127,SIMPLEXINF,EQ,112953,102580,90.82
20,2128,SINCLAIR,EQ,37202,25085,67.43
20,2129,SINDHUTRAD,EQ,621825,376536,60.55
20,2130,SINTERCOM,EQ,1728,1167,67.53
20,2131,SIRCA,EQ,1281739,433391,33.81
20,2132,SIS,EQ,78341,64578,82.43
20,2133,SIYSIL,EQ,94839,54602,57.57
20,2134,SJLOGISTIC,SM,133000,76500,57.52
20,2135,SJS,EQ,78791,55103,69.94
20,2136,SJVN,EQ,22878049,8202772,35.85
20,2137,SKFINDIA,EQ,84888,53558,63.09
20,2138,SKIPPER,EQ,270454,113727,42.05
20,2139,SKIPPERPP,E1,679,619,91.16
20,2140,SKMEGGPROD,EQ,59237,26464,44.67
20,2141,SKP,SM,7500,5500,73.33
20,2142,SLONE,ST,49600,49600,100.00
20,2143,SMALLCAP,EQ,807720,638464,79.05
20,2144,SMCGLOBAL,EQ,154231,81225,52.66
20,2145,SMLISUZU,EQ,10731,4863,45.32
20,2146,SMLT,EQ,43263,23240,53.72
20,2147,SMSLIFE,EQ,5696,4331,76.04
20,2148,SMSPHARMA,EQ,120520,54499,45.22
20,2149,SNOWMAN,EQ,800785,353674,44.17
20,2150,SOBHA,EQ,192535,69227,35.96
20,2151,SOFTTECH,EQ,16095,11460,71.20
20,2152,SOLARAPP,X1,15779,15508,98.28
20,2153,SOLARINDS,EQ,80305,52296,65.12
20,2154,SOLEX,SM,38000,26600,70.00
20,2155,SOMANYCERA,EQ,21787,11749,53.93
20,2156,SONACOMS,EQ,792233,363969,45.94
20,2157,SONAMAC,SM,26000,20000,76.92
20,2158,SONAMLTD,EQ,173374,96898,55.89
20,2159,SONATSOFTW,EQ,701160,212657,30.33
20,2160,SONUINFRA,ST,9000,9000,100.00
20,2161,SOTAC,ST,14400,13200,91.67
20,2162,SOTL,EQ,118393,40160,33.92
20,2163,SOUTHBANK,EQ,21245490,9209589,43.35
20,2164,SOUTHWEST,EQ,267901,176655,65.94
20,2165,SPAL,EQ,98848,67192,67.98
20,2166,SPANDANA,EQ,70687,44300,62.67
20,2167,SPARC,EQ,259041,127351,49.16
20,2168,SPCENET,EQ,887720,652254,73.48
20,2169,SPCL,SM,199200,123600,62.05
20,2170,SPECIALITY,EQ,42698,27186,63.67
20,2171,SPECTRUM,SM,3250,3125,96.15
20,2172,SPECTSTM,SM,4800,4800,100.00
20,2173,SPENCERS,EQ,839267,442439,52.72
20,2174,SPIC,EQ,1623272,574054,35.36
20,2175,SPLIL,EQ,81147,49171,60.59
20,2176,SPLPETRO,EQ,544677,266064,48.85
20,2177,SPMLINFRA,EQ,132998,98448,74.02
20,2178,SPORTKING,EQ,765391,151587,19.81
20,2179,SPRL,ST,8000,5600,70.00
20,2180,SREEL,EQ,21845,9435,43.19
20,2181,SRF,EQ,250031,144235,57.69
20,2182,SRGHFL,EQ,7424,3876,52.21
20,2183,SRHHYPOLTD,EQ,51560,29567,57.34
20,2184,SRIVASAVI,SM,18000,15000,83.33
20,2185,SRM,EQ,281475,148177,52.64
20,2186,SSFL,SM,10000,6500,65.00
20,2187,SSWL,EQ,309299,189294,61.20
20,2188,STANLEY,EQ,475636,216945,45.61
20,2189,STAR,EQ,583163,231399,39.68
20,2190,STARCEMENT,EQ,367423,187015,50.90
20,2191,STARHEALTH,EQ,1296265,1096007,84.55
20,2192,STARPAPER,EQ,42229,14545,34.44
20,2193,STCINDIA,EQ,300492,103918,34.58
20,2194,STEELCAS,EQ,17034,9662,56.72
20,2195,STEELCITY,EQ,26366,16546,62.76
20,2196,STEELXIND,EQ,2345080,1381659,58.92
20,2197,STEL,EQ,6396,4302,67.26
20,2198,STERTOOLS,EQ,75645,37687,49.82
20,2199,STLTECH,EQ,4085125,1707709,41.80
20,2200,STOVEKRAFT,EQ,96175,45480,47.29
20,2201,STYLAMIND,EQ,36386,15607,42.89
20,2202,STYRENIX,EQ,520600,239018,45.91
20,2203,SUBEXLTD,EQ,11152509,3980722,35.69
20,2204,SUBROS,EQ,46866,15995,34.13
20,2205,SUDARSCHEM,EQ,332958,243681,73.19
20,2206,SUKHJITS,EQ,23019,16447,71.45
20,2207,SULA,EQ,227077,117603,51.79
20,2208,SUMICHEM,EQ,423712,264662,62.46
20,2209,SUMMITSEC,EQ,3914,2266,57.89
20,2210,SUNCLAY,EQ,13659,8080,59.16
20,2211,SUNDARMFIN,EQ,111354,56433,50.68
20,2212,SUNDARMHLD,EQ,98568,48945,49.66
20,2213,SUNDRMBRAK,EQ,1411,868,61.52
20,2214,SUNDRMFAST,EQ,49721,30547,61.44
20,2215,SUNFLAG,EQ,335706,176848,52.68
20,2216,SUNPHARMA,EQ,688481,346073,50.27
20,2217,SUNREST,SM,1600,1600,100.00
20,2218,SUNTECK,EQ,9076008,2106115,23.21
20,2219,SUNTV,EQ,321540,87209,27.12
20,2220,SUPERHOUSE,EQ,14536,6341,43.62
20,2221,SUPERSPIN,EQ,127290,70974,55.76
20,2222,SUPRAJIT,EQ,201868,119637,59.26
20,2223,SUPREMEIND,EQ,88215,49382,55.98
20,2224,SUPREMEPWR,ST,88000,73000,82.95
20,2225,SUPRIYA,EQ,759859,276090,36.33
20,2226,SURANASOL,EQ,234319,163402,69.73
20,2227,SURANI,SM,3000,2800,93.33
20,2228,SURYALAXMI,EQ,468380,176020,37.58
20,2229,SURYAROSNI,EQ,104730,52447,50.08
20,2230,SURYODAY,EQ,382021,242337,63.44
20,2231,SUTLEJTEX,EQ,1770098,655045,37.01
20,2232,SUVEN,EQ,484232,302707,62.51
20,2233,SUVENPHAR,EQ,269789,99724,36.96
20,2234,SUVIDHAA,EQ,311368,144519,46.41
20,2235,SUZLON,EQ,76577863,38674934,50.50
20,2236,SVLL,EQ,7278,6487,89.13
20,2237,SVPGLOB,EQ,161516,117971,73.04
20,2238,SWANENERGY,EQ,2072018,1026997,49.57
20,2239,SWARAJ,SM,105000,73000,69.52
20,2240,SWARAJENG,EQ,8137,3968,48.76
20,2241,SWASTIK,SM,14400,13200,91.67
20,2242,SWELECTES,EQ,144311,51056,35.38
20,2243,SWSOLAR,EQ,881737,515981,58.52
20,2244,SYLVANPLY,SM,1656000,748000,45.17
20,2245,SYMPHONY,EQ,95042,46267,48.68
20,2246,SYNCOMF,EQ,25555576,12409753,48.56
20,2247,SYNGENE,EQ,623458,295660,47.42
20,2248,SYNOPTICS,SM,3000,2400,80.00
20,2249,SYRMA,EQ,248004,122862,49.54
20,2250,SYSTANGO,SM,16800,14800,88.10
20,2251,TAC,SM,45600,20400,44.74
20,2252,TAJGVK,EQ,88643,54494,61.48
20,2253,TAKE,EQ,171114,109851,64.20
20,2254,TALBROAUTO,EQ,352718,118168,33.50
20,2255,TANLA,EQ,2335185,674191,28.87
20,2256,TAPIFRUIT,SM,3000,2250,75.00
20,2257,TARACHAND,EQ,9867,8098,82.07
20,2258,TARSONS,EQ,57766,33093,57.29
20,2259,TASTYBITE,EQ,4614,3294,71.39
20,2260,TATACHEM,EQ,603025,193840,32.14
20,2261,TATACOMM,EQ,223941,95462,42.63
20,2262,TATACONSUM,EQ,2152821,1011313,46.98
20,2263,TATAELXSI,EQ,86895,55963,64.40
20,2264,TATAGOLD,EQ,2396055,1939745,80.96
20,2265,TATAINVEST,EQ,32155,11045,34.35
20,2266,TATAMOTORS,EQ,4824555,2157365,44.72
20,2267,TATAMTRDVR,EQ,1029902,734420,71.31
20,2268,TATAPOWER,EQ,10724685,4171666,38.90
20,2269,TATASTEEL,EQ,26506026,11228676,42.36
20,2270,TATATECH,EQ,802135,521474,65.01
20,2271,TATSILV,EQ,590781,457723,77.48
20,2272,TATVA,EQ,13584,8344,61.43
20,2273,TBI,ST,26400,26400,100.00
20,2274,TBOTEK,EQ,32223,18340,56.92
20,2275,TBZ,EQ,375019,178995,47.73
20,2276,TCHF30,NB,2,0,0.00
20,2277,TCI,EQ,26078,13381,51.31
20,2278,TCIEXP,EQ,14783,7970,53.91
20,2279,TCL,SM,71200,52800,74.16
20,2280,TCNSBRANDS,EQ,174268,95986,55.08
20,2281,TCPLPACK,EQ,2731,1312,48.04
20,2282,TCS,EQ,2029521,1481176,72.98
20,2283,TDPOWERSYS,EQ,462198,181089,39.18
20,2284,TEAMLEASE,EQ,23578,15905,67.46
20,2285,TECH,EQ,31277,22711,72.61
20,2286,TECHLABS,ST,22500,20500,91.11
20,2287,TECHM,EQ,1794159,999379,55.70
20,2288,TEGA,EQ,52446,23809,45.40
20,2289,TEJASNET,EQ,262459,178208,67.90
20,2290,TEMBO,EQ,47358,12490,26.37
20,2291,TEXINFRA,EQ,589463,269839,45.78
20,2292,TEXMOPIPES,EQ,90420,48349,53.47
20,2293,TEXRAIL,EQ,4726381,1912311,40.46
20,2294,TFCILTD,EQ,1671885,1128476,67.50
20,2295,TGBHOTELS,EQ,166140,103648,62.39
20,2296,TGL,ST,156000,147600,94.62
20,2297,THANGAMAYL,EQ,18133,9890,54.54
20,2298,THEJO,EQ,24754,11630,46.98
20,2299,THEMISMED,EQ,32713,17525,53.57
20,2300,THERMAX,EQ,126521,74696,59.04
20,2301,THOMASCOOK,EQ,422760,270883,64.07
20,2302,THYROCARE,EQ,33848,19707,58.22
20,2303,TI,EQ,340910,189877,55.70
20,2304,TIDEWATER,EQ,26175,13028,49.77
20,2305,TIIL,EQ,47391,39643,83.65
20,2306,TIINDIA,EQ,202389,134238,66.33
20,2307,TIMESCAN,SM,14000,10000,71.43
20,2308,TIMESGTY,EQ,60786,37395,61.52
20,2309,TIMETECHNO,EQ,5043042,1306621,25.91
20,2310,TIMKEN,EQ,196498,130082,66.20
20,2311,TIPSFILMS,EQ,6189,4502,72.74
20,2312,TIPSINDLTD,EQ,695872,323321,46.46
20,2313,TIRUMALCHM,EQ,355185,145507,40.97
20,2314,TIRUPATI,SM,250,250,100.00
20,2315,TITAGARH,EQ,1646413,1013274,61.54
20,2316,TITAN,EQ,501336,278957,55.64
20,2317,TMB,EQ,114611,79430,69.30
20,2318,TNIDETF,EQ,88732,83687,94.31
20,2319,TNPETRO,EQ,9877337,2594303,26.27
20,2320,TNPL,EQ,262173,106048,40.45
20,2321,TOKYOPLAST,EQ,25454,14166,55.65
20,2322,TOP100CASE,EQ,114295,90177,78.90
20,2323,TORNTPHARM,EQ,315395,183022,58.03
20,2324,TORNTPOWER,EQ,374305,286102,76.44
20,2325,TOUCHWOOD,EQ,5395,388,7.19
20,2326,TPLPLASTEH,EQ,714569,159691,22.35
20,2327,TRACXN,EQ,865866,402198,46.45
20,2328,TRANSTEEL,SM,300000,182000,60.67
20,2329,TREEHOUSE,EQ,22257,13874,62.34
20,2330,TREL,EQ,782964,393134,50.21
20,2331,TRENT,EQ,641858,449080,69.97
20,2332,TRIDENT,EQ,9700301,3626496,37.39
20,2333,TRIDHYA,SM,12000,12000,100.00
20,2334,TRITURBINE,EQ,248298,115913,46.68
20,2335,TRIVENI,EQ,745115,223083,29.94
20,2336,TRU,EQ,10599519,2196968,20.73
20,2337,TRUST,ST,90000,79200,88.00
20,2338,TTKHLTCARE,EQ,5306,2538,47.83
20,2339,TTKPRESTIG,EQ,53225,31745,59.64
20,2340,TTL,EQ,25442,12712,49.96
20,2341,TTML,EQ,39757389,8747074,22.00
20,2342,TV18BRDCST,EQ,7620427,4031708,52.91
20,2343,TVSELECT,EQ,53847,25971,48.23
20,2344,TVSHLTD,EQ,5384,3783,70.26
20,2345,TVSMOTOR,EQ,424872,229679,54.06
20,2346,TVSSCS,EQ,6038913,2727915,45.17
20,2347,TVSSRICHAK,EQ,20928,4616,22.06
20,2348,TVTODAY,EQ,121876,72141,59.19
20,2349,UBL,EQ,654117,297216,45.44
20,2350,UCAL,EQ,24159,13105,54.24
20,2351,UCL,SM,6000,6000,100.00
20,2352,UCOBANK,EQ,11756138,3680681,31.31
20,2353,UDAICEMENT,EQ,2956522,1453258,49.15
20,2354,UDS,EQ,330837,221898,67.07
20,2355,UFLEX,EQ,77562,37540,48.40
20,2356,UFO,EQ,107922,68385,63.37
20,2357,UGARSUGAR,EQ,427889,131410,30.71
20,2358,UGROCAP,EQ,308193,189205,61.39
20,2359,UJJIVANSFB,EQ,15046929,8346584,55.47
20,2360,ULTRACEMCO,EQ,556056,409640,73.67
20,2361,UMA,SM,32000,20000,62.50
20,2362,UMAEXPORTS,EQ,249162,68435,27.47
20,2363,UMANGDAIRY,EQ,1653346,509717,30.83
20,2364,UNICHEMLAB,EQ,53758,17789,33.09
20,2365,UNIDT,EQ,87639,51377,58.62
20,2366,UNIENTER,EQ,13991,7287,52.08
20,2367,UNIHEALTH,SM,3000,2000,66.67
20,2368,UNIINFO,EQ,252678,66047,26.14
20,2369,UNIONBANK,EQ,13617156,7306701,53.66
20,2370,UNIPARTS,EQ,65873,37401,56.78
20,2371,UNITDSPR,EQ,1048505,497205,47.42
20,2372,UNITEDPOLY,EQ,11943,3890,32.57
20,2373,UNITEDTEA,EQ,4292,1620,37.74
20,2374,UNIVCABLES,EQ,102514,41412,40.40
20,2375,UNIVPHOTO,EQ,372,172,46.24
20,2376,UNOMINDA,EQ,1521575,824447,54.18
20,2377,UPL,EQ,1674706,850080,50.76
20,2378,URAVI,EQ,35142,23578,67.09
20,2379,URBAN,SM,14000,11200,80.00
20,2380,URJA,EQ,4524488,2605356,57.58
20,2381,USASEEDS,SM,3300,2400,72.73
20,2382,USHAMART,EQ,934425,430273,46.05
20,2383,UTIAMC,EQ,1025048,500404,48.82
20,2384,UTIBANKETF,EQ,230727,202975,87.97
20,2385,UTINEXT50,EQ,101416,85454,84.26
20,2386,UTINIFTETF,EQ,6917,4079,58.97
20,2387,UTISENSETF,EQ,861,650,75.49
20,2388,UTISXN50,EQ,7891,6164,78.11
20,2389,UTKARSHBNK,EQ,1520876,879230,57.81
20,2390,UTTAMSUGAR,EQ,132055,36582,27.70
20,2391,UWCSL,SM,2000,2000,100.00
20,2392,VADILALIND,EQ,31984,12099,37.83
20,2393,VAIBHAVGBL,EQ,296166,142891,48.25
20,2394,VAISHALI,EQ,127336,102439,80.45
20,2395,VAKRANGEE,EQ,5069745,1984169,39.14
20,2396,VALIANTLAB,EQ,115985,29879,25.76
20,2397,VALIANTORG,EQ,179544,82622,46.02
20,2398,VARDHACRLC,EQ,1206116,478862,39.70
20,2399,VARDMNPOLY,EQ,140581,107011,76.12
20,2400,VARROC,EQ,243743,83242,34.15
20,2401,VASCONEQ,EQ,17649019,7463826,42.29
20,2402,VASWANI,EQ,1504603,587127,39.02
20,2403,VBL,EQ,1740193,1178613,67.73
20,2404,VEDL,EQ,23302200,9641079,41.37
20,2405,VEEKAYEM,SM,7500,6500,86.67
20,2406,VELS,SM,6000,6000,100.00
20,2407,VENKEYS,EQ,34065,18073,53.05
20,2408,VENUSPIPES,EQ,26999,14179,52.52
20,2409,VENUSREM,EQ,130884,67924,51.90
20,2410,VERITAAS,SM,19200,19200,100.00
20,2411,VERTEXPLUS,ST,3000,3000,100.00
20,2412,VESUVIUS,EQ,13422,6038,44.99
20,2413,VETO,EQ,330889,191036,57.73
20,2414,VGUARD,EQ,209124,116756,55.83
20,2415,VHL,EQ,4414,2737,62.01
20,2416,VIAZ,SM,12000,10000,83.33
20,2417,VIDHIING,EQ,23534,13459,57.19
20,2418,VIJAYA,EQ,665020,614363,92.38
20,2419,VIKASECO,EQ,8086400,3261584,40.33
20,2420,VIKASLIFE,EQ,7610607,3554602,46.71
20,2421,VILAS,ST,56000,49000,87.50
20,2422,VILINBIO,SM,24000,16000,66.67
20,2423,VIMTALABS,EQ,578208,135512,23.44
20,2424,VINATIORGA,EQ,44690,23607,52.82
20,2425,VINDHYATEL,EQ,153285,101918,66.49
20,2426,VINEETLAB,EQ,32596,13780,42.28
20,2427,VINNY,EQ,355971,221638,62.26
20,2428,VINSYS,SM,36500,22500,61.64
20,2429,VINYAS,ST,13200,12800,96.97
20,2430,VINYLINDIA,EQ,22837,13382,58.60
20,2431,VIPCLOTHNG,EQ,1142217,614760,53.82
20,2432,VIPIND,EQ,446206,244665,54.83
20,2433,VIPULLTD,EQ,3475384,926817,26.67
20,2434,VIRINCHI,EQ,345104,178190,51.63
20,2435,VISAKAIND,EQ,248856,137294,55.17
20,2436,VISAMAN,SM,45000,45000,100.00
20,2437,VISHNU,EQ,126700,85345,67.36
20,2438,VISHNUINFR,SM,43500,36500,83.91
20,2439,VISHWARAJ,EQ,1076016,378096,35.14
20,2440,VISHWAS,SM,60800,49600,81.58
20,2441,VITAL,ST,108000,90000,83.33
20,2442,VIVIANA,ST,11500,11500,100.00
20,2443,VLEGOV,EQ,1042856,755805,72.47
20,2444,VLSFINANCE,EQ,123540,67548,54.68
20,2445,VMARCIND,SM,46000,35000,76.09
20,2446,VMART,EQ,38916,31584,81.16
20,2447,VOLTAMP,EQ,9629,4508,46.82
20,2448,VOLTAS,EQ,690677,420960,60.95
20,2449,VPRPL,EQ,1894551,860515,45.42
20,2450,VR,SM,6400,3200,50.00
20,2451,VRLLOG,EQ,473016,441098,93.25
20,2452,VSCL,SM,6000,6000,100.00
20,2453,VSSL,EQ,28808,15825,54.93
20,2454,VSTIND,EQ,8819,4711,53.42
20,2455,VSTTILLERS,EQ,4867,2490,51.16
20,2456,VTL,EQ,562163,176060,31.32
20,2457,WABAG,EQ,332233,154961,46.64
20,2458,WALCHANNAG,EQ,509130,327936,64.41
20,2459,WALPAR,SM,3000,3000,100.00
20,2460,WANBURY,EQ,698979,440214,62.98
20,2461,WEALTH,EQ,37041,23257,62.79
20,2462,WEL,EQ,13687,10921,79.79
20,2463,WELCORP,EQ,1090138,501717,46.02
20,2464,WELENT,EQ,148998,78605,52.76
20,2465,WELINV,EQ,352,88,25.00
20,2466,WELSPUNLIV,EQ,3942040,1600255,40.59
20,2467,WENDT,EQ,588,168,28.57
20,2468,WESTLIFE,EQ,85852,47728,55.59
20,2469,WHEELS,EQ,41224,21926,53.19
20,2470,WHIRLPOOL,EQ,216063,149482,69.18
20,2471,WILLAMAGOR,EQ,4633,3136,67.69
20,2472,WINDLAS,EQ,43455,27007,62.15
20,2473,WINDMACHIN,EQ,356839,169137,47.40
20,2474,WINNY,SM,21000,9000,42.86
20,2475,WINSOL,SM,33600,20800,61.90
20,2476,WIPL,EQ,1945,1351,69.46
20,2477,WIPRO,EQ,5619531,2750412,48.94
20,2478,WOMANCART,ST,3200,3200,100.00
20,2479,WONDERLA,EQ,75722,59351,78.38
20,2480,WORTH,EQ,15937,11405,71.56
20,2481,WSI,EQ,499564,260382,52.12
20,2482,WSTCSTPAPR,EQ,229598,77634,33.81
20,2483,WTICAB,SM,19000,14000,73.68
20,2484,XCHANGING,EQ,1290338,619159,47.98
20,2485,XELPMOC,EQ,16085,9935,61.77
20,2486,XPROINDIA,EQ,46781,33631,71.89
20,2487,YAARI,EQ,468621,383486,81.83
20,2488,YASHO,EQ,15524,12370,79.68
20,2489,YASHOPTICS,SM,121600,67200,55.26
20,2490,YATHARTH,EQ,401908,227259,56.55
20,2491,YATRA,EQ,301210,174579,57.96
20,2492,YCCL,SM,18000,15000,83.33
20,2493,YESBANK,EQ,164346164,50412494,30.67
20,2494,YUDIZ,ST,4800,4800,100.00
20,2495,YUKEN,EQ,19540,12543,64.19
20,2496,ZAGGLE,EQ,4772008,2132358,44.68
20,2497,ZEAL,SM,4200,3600,85.71
20,2498,ZEEL,EQ,20651457,10265167,49.71
20,2499,ZEEMEDIA,EQ,7185567,2656326,36.97
20,2500,ZENITHDRUG,SM,624000,400000,64.10
20,2501,ZENSARTECH,EQ,1169899,334611,28.60
20,2502,ZENTEC,EQ,569354,330942,58.13
20,2503,ZFCVINDIA,EQ,2637,1281,48.58
20,2504,ZIMLAB,EQ,126320,82444,65.27
20,2505,ZOMATO,EQ,44681031,23103469,51.71
20,2506,ZOTA,EQ,19996,13372,66.87
20,2507,ZTECH,SM,301200,175200,58.17
20,2508,ZUARI,EQ,189754,81969,43.20
20,2509,ZUARIIND,EQ,288322,172822,59.94
20,2510,ZYDUSLIFE,EQ,890254,483445,54.30
20,2511,ZYDUSWELL,EQ,61093,41763,68.36
