Security Wise Delivery Position - Compulsory Rolling Settlement
10,MTO,26072024,2585410156,0002498
Trade Date <26-JUL-2024>,Settlement Type <N>
Record Type,Sr No,Name of Security,Quantity Traded,Deliverable Quantity(gross across client level),% of Deliverable Quantity to Traded Quantity
20,1,1003IIFL29,NC,937,837,89.33
20,2,1003ISFL28,N4,53,50,94.34
20,3,1015ECL29,NR,391,391,100.00
20,4,1018GS2026,GS,1100,1100,100.00
20,5,1025IHF34,Z8,614,614,100.00
20,6,1025UCL25,N8,60,60,100.00
20,7,1030ICCL28,NM,305,220,72.13
20,8,1049DLS25A,Y5,211,211,100.00
20,9,1050NFL26,N7,349,235,67.34
20,10,1050UCL25,N7,10,10,100.00
20,11,1060ECL29,NS,287,276,96.17
20,12,1065NFL27,NC,279,279,100.00
20,13,10IIFL28,N4,51,50,98.04
20,14,10IIFL28A,NE,558,533,95.52
20,15,10IIFL29,N6,206,205,99.51
20,16,10NIDO26,N6,85,85,100.00
20,17,11UCL26,NC,105,105,100.00
20,18,182D190924,TB,100,100,100.00
20,19,182D191224,TB,100,100,100.00
20,20,182D241024,TB,100,100,100.00
20,21,182D281124,TB,200,200,100.00
20,22,20MICRONS,EQ,4490969,1053784,23.46
20,23,360ONE,EQ,171301,121929,71.18
20,24,364D020525,TB,300,200,66.67
20,25,364D080525,TB,100,100,100.00
20,26,364D121224,TB,100,100,100.00
20,27,364D200325,TB,100,100,100.00
20,28,364D270225,TB,1000,1000,100.00
20,29,3IINFOLTD,EQ,1481238,476256,32.15
20,30,3MINDIA,EQ,4874,1999,41.01
20,31,3PLAND,EQ,81114,17277,21.30
20,32,522GS2025,GS,2,2,100.00
20,33,563GS2026,GS,100,100,100.00
20,34,574GS2026,GS,43,40,93.02
20,35,5PAISA,EQ,52723,26351,49.98
20,36,610GS2031,GS,2100,2100,100.00
20,37,618GS2024,GS,1,1,100.00
20,38,63MOONS,EQ,216954,144866,66.77
20,39,654GS2032,GS,2000,2000,100.00
20,40,663TN35,SG,100,100,100.00
20,41,667GS2035,GS,2,2,100.00
20,42,667GS2050,GS,1958,1957,99.95
20,43,676GS2061,GS,91,91,100.00
20,44,689GS2025,GS,5308,5308,100.00
20,45,695GS2061,GS,1,1,100.00
20,46,699GS2026,GS,6224,6224,100.00
20,47,699GS2051,GS,5000,5000,100.00
20,48,702GS2027,GS,300,300,100.00
20,49,704GS2029,GS,200,200,100.00
20,50,704IRFC28,N6,136,136,100.00
20,51,706GS2028,GS,2082,2081,99.95
20,52,710GS2029,GS,9251,8452,91.36
20,53,717GS2030,GS,256,256,100.00
20,54,718GS2037,GS,33151,21347,64.39
20,55,71GS2034,GS,311110,311110,100.00
20,56,723GS2039,GS,1400,1400,100.00
20,57,725GS2063,GS,43760,39522,90.32
20,58,726GS2029,GS,584,392,67.12
20,59,726GS2032,GS,9000,8750,97.22
20,60,726GS2033,GS,26250,26250,100.00
20,61,727GS2026,GS,50,50,100.00
20,62,729NHAI26,NC,42,42,100.00
20,63,732GS2030,GS,2600,2600,100.00
20,64,732IRFC25,NI,103,103,100.00
20,65,733GS2026,GS,39149,35848,91.57
20,66,734GS2064,GS,1723,1723,100.00
20,67,736NTPC25D,NB,1,1,100.00
20,68,737GS2028,GS,1001,1001,100.00
20,69,738GS2027,GS,64295,63485,98.74
20,70,738REC27TF,N2,501,501,100.00
20,71,739NHAI26,N8,100,100,100.00
20,72,73GS2053,GS,23500,23500,100.00
20,73,740IIFCL33,N1,30,30,100.00
20,74,741GS2036,GS,32056,30178,94.14
20,75,743CG29,SG,500,500,100.00
20,76,746GS2073,GS,3339,3339,100.00
20,77,753IRFC30,NJ,200,200,100.00
20,78,754GS2036,GS,168030,163837,97.50
20,79,758GJ32,SG,100,100,100.00
20,80,762GS2039,GS,374,374,100.00
20,81,762UP34,SG,100,100,100.00
20,82,764HUDCO31,N8,448,448,100.00
20,83,764IRFC31,NO,656,626,95.43
20,84,764NABAR31,N2,1225,1050,85.71
20,85,768KA37,SG,100,100,100.00
20,86,769HUDCO31,N9,93,93,100.00
20,87,769NHAI31,NE,113,100,88.50
20,88,76IGT26,ND,140,140,100.00
20,89,76NHAI31,NA,1277,1174,91.93
20,90,772GS2025,GS,12,6,50.00
20,91,774IREDA31,N7,3137,3137,100.00
20,92,789WB40,SG,100,100,100.00
20,93,79IGT28,NF,46,46,100.00
20,94,79NHIT35,N1,500,500,100.00
20,95,79NHIT40,N2,378,320,84.66
20,96,79NHIT47,N3,708,708,100.00
20,97,801TCH25,N4,36,35,97.22
20,98,810IRFC27,N2,107,98,91.59
20,99,812REC27,NI,415,415,100.00
20,100,81TCHF28,N8,4,4,100.00
20,101,820IIFL27,N9,35,35,100.00
20,102,829LTF24,NL,435,333,76.55
20,103,82IGT31,NJ,6360,5495,86.40
20,104,82IHFL24,NO,1,1,100.00
20,105,830NHAI27,N2,498,493,99.00
20,106,830PFCL27,N5,300,300,100.00
20,107,837REC33,N7,1,1,100.00
20,108,842IIFL26,NL,285,284,99.65
20,109,849NTPC25,N7,34548,33508,96.99
20,110,850IIFL27,NA,100,100,100.00
20,111,85IIFL24,NJ,200,200,100.00
20,112,860CIFCL28,NG,305,305,100.00
20,113,861REC34,ND,1,1,100.00
20,114,865IIFL28,NS,2064,2049,99.27
20,115,865IRFC29,NA,110,110,100.00
20,116,865LTF26,NN,127,127,100.00
20,117,866IBHL25,YP,20,20,100.00
20,118,871REC28,N9,60,60,100.00
20,119,872MMFSL26,N1,50,50,100.00
20,120,875IHFL26,NQ,1,1,100.00
20,121,875NHAI29,N6,595,566,95.13
20,122,875PCHFL26,N8,140,140,100.00
20,123,875SFL27,ZF,50,50,100.00
20,124,87LTF27,NH,11,11,100.00
20,125,883GS2041,GS,1,1,100.00
20,126,885MOFSL26,N0,499,440,88.18
20,127,888ERFL28,N5,300,300,100.00
20,128,888IHFL25F,NC,10,10,100.00
20,129,888IRFC29,NE,171,170,99.42
20,130,889IHFL27,YC,5,5,100.00
20,131,890ICCL23A,NZ,50,50,100.00
20,132,891NTPC33,N6,246,244,99.19
20,133,892NHPC33,N6,350,175,50.00
20,134,892PFCL33,N8,500,250,50.00
20,135,893NHB29,N6,25,25,100.00
20,136,897MOFSL29,N4,150,150,100.00
20,137,898LTF29,N7,270,264,97.78
20,138,8ABFL26,N0,40,20,50.00
20,139,901HUDCO34,NE,1140,938,82.28
20,140,901NHB34,N6,236,236,100.00
20,141,905IHF24,YV,10,10,100.00
20,142,905LTF27,NF,50,50,100.00
20,143,910TCAP28,NA,20,20,100.00
20,144,915IBHFL26,NE,29,29,100.00
20,145,91D020824,TB,600,600,100.00
20,146,91D031024,TB,2400,2400,100.00
20,147,91D080824,TB,300,300,100.00
20,148,91D101024,TB,400,400,100.00
20,149,91D120924,TB,100,100,100.00
20,150,91D181024,TB,200,200,100.00
20,151,91D230824,TB,100,100,100.00
20,152,91D241024,TB,300,300,100.00
20,153,91MOFSL27,N2,100,100,100.00
20,154,920PEL28,N2,300,300,100.00
20,155,922SFL24,Z4,72,36,50.00
20,156,925IHFL25D,N6,40,40,100.00
20,157,92GS2030,GS,865,865,100.00
20,158,931SFL26,Z5,57,57,100.00
20,159,935LTF29,N5,639,639,100.00
20,160,943ECL28,NJ,273,272,99.63
20,161,945CAGL24,N1,60,60,100.00
20,162,945IFSL25,N4,10,10,100.00
20,163,948ICCL25A,NG,4,4,100.00
20,164,94IFCI25,NL,849,799,94.11
20,165,94SFL28,YL,1000,1000,100.00
20,166,957ISFL26,N2,50,50,100.00
20,167,957NIDO26,N5,102,102,100.00
20,168,960IIFLS26,N9,90,90,100.00
20,169,960ISFL25,N1,10,10,100.00
20,170,96IIFL28,N5,1983,1762,88.86
20,171,96IIFL28A,NF,1669,1386,83.04
20,172,96SFL24,Z8,80,80,100.00
20,173,96SFL24A,NB,423,422,99.76
20,174,975NFL25,N0,1,1,100.00
20,175,97SFL29,YZ,16,16,100.00
20,176,980IFSL25,N5,50,50,100.00
20,177,985IIFL22,NC,50,50,100.00
20,178,99IFCI24,NH,621,621,100.00
20,179,9IHFL25,Y5,35,35,100.00
20,180,9IIFL28A,NT,54,54,100.00
20,181,9MMFSML,N2,845,735,86.98
20,182,9PCHFL31A,NA,667,613,91.90
20,183,9SFL25A,ZH,18,18,100.00
20,184,AAATECH,EQ,60937,14978,24.58
20,185,AADHARHFC,EQ,1322078,1001360,75.74
20,186,AAREYDRUGS,EQ,40722,11799,28.97
20,187,AARON,EQ,4266,2512,58.88
20,188,AARTIDRUGS,EQ,83301,37302,44.78
20,189,AARTIIND,EQ,975697,386156,39.58
20,190,AARTIPHARM,EQ,166915,109387,65.53
20,191,AARTISURF,EQ,19705,11902,60.40
20,192,AARTISURF,P1,43,13,30.23
20,193,AARVEEDEN,EQ,83974,42217,50.27
20,194,AARVI,EQ,264548,123139,46.55
20,195,AATMAJ,SM,10000,8000,80.00
20,196,AAVAS,EQ,185786,104764,56.39
20,197,ABB,EQ,237187,108004,45.54
20,198,ABBOTINDIA,EQ,16474,5213,31.64
20,199,ABCAPITAL,EQ,7018470,3016703,42.98
20,200,ABDL,EQ,612876,374748,61.15
20,201,ABFRL,EQ,2746277,1048895,38.19
20,202,ABGSEC,EQ,345,330,95.65
20,203,ABINFRA,SM,40000,30000,75.00
20,204,ABSLAMC,EQ,305642,180806,59.16
20,205,ABSLBANETF,EQ,42340,35850,84.67
20,206,ABSLLIQUID,EQ,24233,18602,76.76
20,207,ABSLNN50ET,EQ,17505,13252,75.70
20,208,ABSLPSE,EQ,709907,608911,85.77
20,209,ABSMARINE,SM,104000,71000,68.27
20,210,ACC,EQ,410895,240489,58.53
20,211,ACCELYA,EQ,20768,12021,57.88
20,212,ACCENTMIC,SM,18500,15500,83.78
20,213,ACCORD,SM,2000,2000,100.00
20,214,ACE,EQ,152364,81898,53.75
20,215,ACEINTEG,EQ,27493,10435,37.96
20,216,ACI,EQ,295992,160735,54.30
20,217,ACL,EQ,93311,55997,60.01
20,218,ACLGATI,EQ,754400,307395,40.75
20,219,ACSAL,SM,39000,33000,84.62
20,220,ADANIENSOL,EQ,8182577,3457242,42.25
20,221,ADANIENT,EQ,1942427,678208,34.92
20,222,ADANIGREEN,EQ,2836113,842829,29.72
20,223,ADANIPORTS,EQ,4500728,1919022,42.64
20,224,ADANIPOWER,EQ,5483714,1705057,31.09
20,225,ADFFOODS,EQ,155736,85213,54.72
20,226,ADL,EQ,8354,4647,55.63
20,227,ADORWELD,EQ,51678,31611,61.17
20,228,ADROITINFO,EQ,41573,29424,70.78
20,229,ADSL,EQ,505070,211594,41.89
20,230,ADVANIHOTR,EQ,98801,52724,53.36
20,231,ADVENZYMES,EQ,1065177,511663,48.04
20,232,AEGISLOG,EQ,292680,196627,67.18
20,233,AEROFLEX,EQ,920284,394041,42.82
20,234,AETHER,EQ,38585,21112,54.72
20,235,AFFLE,EQ,1060037,546053,51.51
20,236,AFIL,EQ,426595,190725,44.71
20,237,AGARIND,EQ,36062,18282,50.70
20,238,AGARWALFT,ST,12000,12000,100.00
20,239,AGI,EQ,135900,65949,48.53
20,240,AGIIL,EQ,1024,630,61.52
20,241,AGNI,SM,47500,30000,63.16
20,242,AGRITECH,EQ,365818,117367,32.08
20,243,AGROPHOS,EQ,108141,45010,41.62
20,244,AGSTRA,EQ,872216,512787,58.79
20,245,AGUL,SM,8000,6000,75.00
20,246,AHL,EQ,314143,148029,47.12
20,247,AHLEAST,EQ,88105,68735,78.01
20,248,AHLUCONT,EQ,38705,22054,56.98
20,249,AIAENG,EQ,54420,34381,63.18
20,250,AIIL,EQ,25646,13059,50.92
20,251,AILIMITED,ST,51000,51000,100.00
20,252,AIMTRON,ST,68800,60800,88.37
20,253,AIRAN,EQ,255398,138654,54.29
20,254,AIROLAM,EQ,35759,19515,54.57
20,255,AIRTELPP,E1,305020,231967,76.05
20,256,AJANTPHARM,EQ,47163,24556,52.07
20,257,AJMERA,EQ,82198,49452,60.16
20,258,AJOONI,EQ,2933071,2443871,83.32
20,259,AKANKSHA,ST,28000,22000,78.57
20,260,AKASH,EQ,18310,10270,56.09
20,261,AKG,EQ,65564,42101,64.21
20,262,AKI,EQ,78562,64945,82.67
20,263,AKIKO,SM,46400,36800,79.31
20,264,AKSHAR,EQ,1594948,1294854,81.18
20,265,AKSHARCHEM,EQ,26788,21524,80.35
20,266,AKSHOPTFBR,EQ,624647,394879,63.22
20,267,AKZOINDIA,EQ,11584,6039,52.13
20,268,ALANKIT,EQ,10487660,3673040,35.02
20,269,ALBERTDAVD,EQ,28627,13769,48.10
20,270,ALEMBICLTD,EQ,2905386,983053,33.84
20,271,ALICON,EQ,15351,8824,57.48
20,272,ALKALI,EQ,23848,18481,77.49
20,273,ALKEM,EQ,171272,116675,68.12
20,274,ALKYLAMINE,EQ,77724,21506,27.67
20,275,ALLCARGO,EQ,1513481,612397,40.46
20,276,ALLETEC,SM,106400,62000,58.27
20,277,ALLSEC,EQ,174298,55184,31.66
20,278,ALMONDZ,EQ,655639,525970,80.22
20,279,ALOKINDS,EQ,10309903,4310060,41.81
20,280,ALPA,EQ,65217,38090,58.41
20,281,ALPEXSOLAR,ST,82000,74800,91.22
20,282,ALPHA,EQ,892367,666505,74.69
20,283,ALPHAETF,EQ,613004,534249,87.15
20,284,ALPL30IETF,EQ,655790,355645,54.23
20,285,ALUWIND,ST,33000,33000,100.00
20,286,AMBANIORG,SM,4000,3000,75.00
20,287,AMBER,EQ,318945,104782,32.85
20,288,AMBEY,SM,482000,288000,59.75
20,289,AMBICAAGAR,EQ,19078,8768,45.96
20,290,AMBIKCO,EQ,200772,73766,36.74
20,291,AMBUJACEM,EQ,1914855,983509,51.36
20,292,AMDIND,EQ,17795,10606,59.60
20,293,AMEYA,SM,56000,38000,67.86
20,294,AMIORG,EQ,167286,96668,57.79
20,295,AMNPLST,EQ,131056,31048,23.69
20,296,AMRUTANJAN,EQ,35713,20822,58.30
20,297,ANANDRATHI,EQ,26675,18953,71.05
20,298,ANANTRAJ,EQ,2045349,828479,40.51
20,299,ANDHRAPAP,EQ,62085,33097,53.31
20,300,ANDHRSUGAR,EQ,295412,117456,39.76
20,301,ANGELONE,EQ,647513,315569,48.74
20,302,ANLON,ST,2400,2400,100.00
20,303,ANNAPURNA,SM,178000,110000,61.80
20,304,ANTGRAPHIC,EQ,12482538,6339451,50.79
20,305,ANUP,EQ,23004,13433,58.39
20,306,ANURAS,EQ,129004,68509,53.11
20,307,APARINDS,EQ,60338,22014,36.48
20,308,APCL,EQ,45846,34271,74.75
20,309,APCOTEXIND,EQ,176411,82489,46.76
20,310,APEX,EQ,711021,244556,34.40
20,311,APLAPOLLO,EQ,290289,163624,56.37
20,312,APLLTD,EQ,477497,165452,34.65
20,313,APOLLO,EQ,5193952,2632150,50.68
20,314,APOLLOHOSP,EQ,432671,198028,45.77
20,315,APOLLOPIPE,EQ,36038,20576,57.10
20,316,APOLLOTYRE,EQ,5476585,1764146,32.21
20,317,APOLSINHOT,EQ,2241,1586,70.77
20,318,APS,ST,39000,32500,83.33
20,319,APTECHT,EQ,597543,214760,35.94
20,320,APTUS,EQ,348251,199092,57.17
20,321,ARABIAN,SM,54000,42000,77.78
20,322,ARCHIES,EQ,153885,109848,71.38
20,323,ARE&M,EQ,1997383,1016954,50.91
20,324,ARENTERP,EQ,20797,11471,55.16
20,325,ARHAM,SM,10000,10000,100.00
20,326,ARIES,EQ,124217,64302,51.77
20,327,ARIHANTACA,SM,84800,80000,94.34
20,328,ARIHANTCAP,EQ,2625073,695344,26.49
20,329,ARIHANTSUP,EQ,75595,39232,51.90
20,330,ARISTO,SM,32000,19200,60.00
20,331,ARMANFIN,EQ,29423,18918,64.30
20,332,AROGRANITE,EQ,239347,113856,47.57
20,333,ARROWGREEN,EQ,149710,68136,45.51
20,334,ARTEMISMED,EQ,821497,391249,47.63
20,335,ARTNIRMAN,EQ,29797,2414,8.10
20,336,ARVIND,EQ,234687,133824,57.02
20,337,ARVINDFASN,EQ,1098348,677598,61.69
20,338,ARVSMART,EQ,296806,143280,48.27
20,339,ASAHIINDIA,EQ,140037,44229,31.58
20,340,ASAHISONG,EQ,16659,10747,64.51
20,341,ASAL,EQ,73067,26830,36.72
20,342,ASALCBR,EQ,164761,81958,49.74
20,343,ASCOM,ST,500,500,100.00
20,344,ASHAPURMIN,EQ,156054,108934,69.81
20,345,ASHIANA,EQ,39614,18589,46.93
20,346,ASHIMASYN,EQ,1348809,848479,62.91
20,347,ASHOKA,EQ,2753975,917252,33.31
20,348,ASHOKAMET,EQ,92534,76954,83.16
20,349,ASHOKLEY,EQ,45804874,14371426,31.38
20,350,ASIANENE,EQ,59029,35661,60.41
20,351,ASIANHOTNR,EQ,6099,3689,60.49
20,352,ASIANPAINT,EQ,1359780,880145,64.73
20,353,ASIANTILES,EQ,3730283,1907965,51.15
20,354,ASKAUTOLTD,EQ,159325,79137,49.67
20,355,ASMS,EQ,3789682,1679945,44.33
20,356,ASPINWALL,EQ,6747,4552,67.47
20,357,ASPIRE,SM,34000,26000,76.47
20,358,ASTEC,EQ,25216,12512,49.62
20,359,ASTERDM,EQ,804498,452007,56.18
20,360,ASTRAL,EQ,260079,125452,48.24
20,361,ASTRAMICRO,EQ,415603,221356,53.26
20,362,ASTRAZEN,EQ,65755,11770,17.90
20,363,ATAM,EQ,805885,341593,42.39
20,364,ATFL,EQ,68486,28645,41.83
20,365,ATGL,EQ,2835570,1093024,38.55
20,366,ATL,EQ,566458,278877,49.23
20,367,ATMASTCO,ST,33600,32800,97.62
20,368,ATUL,EQ,86360,35251,40.82
20,369,AUBANK,EQ,4555752,1573670,34.54
20,370,AURDIS,SM,1000,1000,100.00
20,371,AURIONPRO,EQ,135364,95578,70.61
20,372,AUROIMPEX,SM,36800,27200,73.91
20,373,AUROPHARMA,EQ,862019,391904,45.46
20,374,AURUM,EQ,244137,146688,60.08
20,375,AURUMPP1,E1,16575,13108,79.08
20,376,AUTOAXLES,EQ,33759,20607,61.04
20,377,AUTOBEES,EQ,488953,406117,83.06
20,378,AUTOIETF,EQ,1640495,1155294,70.42
20,379,AUTOIND,EQ,121939,66522,54.55
20,380,AVADHSUGAR,EQ,120952,38072,31.48
20,381,AVALON,EQ,41032,20945,51.05
20,382,AVANTIFEED,EQ,3098145,477865,15.42
20,383,AVG,EQ,49384,25680,52.00
20,384,AVPINFRA,SM,124800,78400,62.82
20,385,AVROIND,EQ,31252,23988,76.76
20,386,AVTNPL,EQ,162670,79525,48.89
20,387,AWFIS,EQ,72381,29257,40.42
20,388,AWHCL,EQ,2536256,454697,17.93
20,389,AWL,EQ,2465354,1039686,42.17
20,390,AXISBANK,EQ,18554648,11818870,63.70
20,391,AXISBNKETF,EQ,81480,80672,99.01
20,392,AXISBPSETF,EQ,22396,17696,79.01
20,393,AXISCADES,EQ,75538,33781,44.72
20,394,AXISCETF,EQ,34016,33839,99.48
20,395,AXISGOLD,EQ,251687,167270,66.46
20,396,AXISHCETF,EQ,31859,28793,90.38
20,397,AXISILVER,EQ,51726,44909,86.82
20,398,AXISNIFTY,EQ,3786,3513,92.79
20,399,AXISTECETF,EQ,11929,11427,95.79
20,400,AXITA,EQ,1974130,1044324,52.90
20,401,AXSENSEX,EQ,590,541,91.69
20,402,AYMSYNTEX,EQ,114527,52029,45.43
20,403,AZAD,EQ,220693,132150,59.88
20,404,BABAFP,SM,6400,6400,100.00
20,405,BAIDFIN,EQ,2400408,1182247,49.25
20,406,BAJAJ-AUTO,EQ,250956,129322,51.53
20,407,BAJAJCON,EQ,349542,217225,62.15
20,408,BAJAJELEC,EQ,27294,15430,56.53
20,409,BAJAJFINSV,EQ,2768936,2006776,72.47
20,410,BAJAJHCARE,EQ,120492,56413,46.82
20,411,BAJAJHIND,EQ,29364049,9499292,32.35
20,412,BAJAJHLDNG,EQ,17040,6973,40.92
20,413,BAJEL,EQ,460781,203114,44.08
20,414,BAJFINANCE,EQ,1110184,595151,53.61
20,415,BALAJITELE,EQ,573159,297693,51.94
20,416,BALAMINES,EQ,318694,72619,22.79
20,417,BALAXI,EQ,20634,11556,56.00
20,418,BALKRISHNA,EQ,53104,22488,42.35
20,419,BALKRISIND,EQ,431978,187691,43.45
20,420,BALMLAWRIE,EQ,313288,134106,42.81
20,421,BALPHARMA,EQ,28604,14540,50.83
20,422,BALRAMCHIN,EQ,2054033,854346,41.59
20,423,BALUFORGE,EQ,2505400,783776,31.28
20,424,BANARBEADS,EQ,14648,3717,25.38
20,425,BANARISUG,EQ,2452,884,36.05
20,426,BANCOINDIA,EQ,2817725,539939,19.16
20,427,BANDHANBNK,EQ,14431603,5250396,36.38
20,428,BANG,EQ,11630,1963,16.88
20,429,BANKBARODA,EQ,16144925,6701033,41.51
20,430,BANKBEES,EQ,783884,406823,51.90
20,431,BANKBETF,EQ,262866,85125,32.38
20,432,BANKETF,EQ,21299,10572,49.64
20,433,BANKETFADD,EQ,76735,65077,84.81
20,434,BANKIETF,EQ,5341254,5198780,97.33
20,435,BANKINDIA,EQ,7556629,3237906,42.85
20,436,BANKNIFTY1,EQ,107143,90229,84.21
20,437,BANSALWIRE,EQ,341123,198988,58.33
20,438,BANSWRAS,EQ,124009,66555,53.67
20,439,BARBEQUE,EQ,118964,78164,65.70
20,440,BASF,EQ,133464,57788,43.30
20,441,BASILIC,ST,20100,20100,100.00
20,442,BASML,EQ,391096,261050,66.75
20,443,BATAINDIA,EQ,276011,145423,52.69
20,444,BAWEJA,SM,54400,41600,76.47
20,445,BAYERCROP,EQ,54559,44061,80.76
20,446,BBETF0432,EQ,3497,3428,98.03
20,447,BBL,EQ,28570,13666,47.83
20,448,BBNPNBETF,EQ,4806,3259,67.81
20,449,BBNPPGOLD,EQ,2975,1196,40.20
20,450,BBTC,EQ,87153,32987,37.85
20,451,BBTCL,EQ,5790,4148,71.64
20,452,BCLIND,EQ,2088696,1026763,49.16
20,453,BCONCEPTS,EQ,38790,13652,35.19
20,454,BDL,EQ,1160129,564619,48.67
20,455,BEACON,SM,90000,64000,71.11
20,456,BEARDSELL,EQ,112378,59922,53.32
20,457,BECTORFOOD,EQ,236054,131470,55.69
20,458,BEDMUTHA,EQ,39558,31889,80.61
20,459,BEL,EQ,24512844,11050146,45.08
20,460,BEML,EQ,345040,117656,34.10
20,461,BEPL,EQ,4111435,2204537,53.62
20,462,BERGEPAINT,EQ,1460612,690129,47.25
20,463,BESTAGRO,EQ,65437,27193,41.56
20,464,BETA,SM,5600,3800,67.86
20,465,BEWLTD,SM,750,500,66.67
20,466,BFINVEST,EQ,46686,24142,51.71
20,467,BFSI,EQ,877073,504031,57.47
20,468,BFUTILITIE,EQ,98799,32216,32.61
20,469,BHAGCHEM,EQ,584052,335476,57.44
20,470,BHAGERIA,EQ,68647,35429,51.61
20,471,BHAGYANGR,EQ,147756,69828,47.26
20,472,BHANDARI,EQ,861370,567963,65.94
20,473,BHARATFORG,EQ,2755566,1123920,40.79
20,474,BHARATGEAR,EQ,43176,32257,74.71
20,475,BHARATRAS,EQ,51061,16722,32.75
20,476,BHARATWIRE,EQ,131789,76799,58.27
20,477,BHARTIARTL,EQ,9564987,5264352,55.04
20,478,BHARTIHEXA,EQ,548441,291679,53.18
20,479,BHEL,EQ,16011265,5859923,36.60
20,480,BHINVIT,IV,184008,160220,87.07
20,481,BIGBLOC,EQ,113613,64597,56.86
20,482,BIKAJI,EQ,606428,322296,53.15
20,483,BINANIIND,EQ,21031,13867,65.94
20,484,BIOCON,EQ,9109767,3163670,34.73
20,485,BIOFILCHEM,EQ,53821,31306,58.17
20,486,BIRET,RR,212846,208867,98.13
20,487,BIRLACABLE,EQ,312796,102555,32.79
20,488,BIRLACORPN,EQ,150575,105941,70.36
20,489,BIRLAMONEY,EQ,255724,127101,49.70
20,490,BLAL,EQ,1399443,265205,18.95
20,491,BLISSGVS,EQ,602899,297678,49.37
20,492,BLKASHYAP,EQ,2670315,1140366,42.71
20,493,BLS,EQ,2999930,1010674,33.69
20,494,BLSE,EQ,898207,318633,35.47
20,495,BLUEDART,EQ,13012,5223,40.14
20,496,BLUEJET,EQ,226245,89182,39.42
20,497,BLUEPEBBLE,SM,67200,49600,73.81
20,498,BLUESTARCO,EQ,241109,138179,57.31
20,499,BMETRICS,SM,16000,14000,87.50
20,500,BODALCHEM,EQ,7735756,2365718,30.58
20,501,BOMDYEING,EQ,2453522,773180,31.51
20,502,BOROLTD,EQ,200544,98641,49.19
20,503,BORORENEW,EQ,1278567,295412,23.10
20,504,BOROSCI,EQ,117329,68850,58.68
20,505,BOSCHLTD,EQ,18411,11276,61.25
20,506,BPCL,EQ,21839106,13515387,61.89
20,507,BRIGADE,EQ,281657,151211,53.69
20,508,BRIGHT,SZ,93000,75000,80.65
20,509,BRITANNIA,EQ,146736,81131,55.29
20,510,BROOKS,EQ,72886,48096,65.99
20,511,BSE,EQ,449183,226648,50.46
20,512,BSE500IETF,EQ,192818,145423,75.42
20,513,BSHSL,EQ,35107,25271,71.98
20,514,BSL,EQ,23551,11236,47.71
20,515,BSLGOLDETF,EQ,73795,32961,44.67
20,516,BSLNIFTY,EQ,367678,184320,50.13
20,517,BSLSENETFG,EQ,3968,1992,50.20
20,518,BSOFT,EQ,2876480,1330497,46.25
20,519,BUTTERFLY,EQ,11459,7933,69.23
20,520,BVCL,EQ,289694,163020,56.27
20,521,CADSYS,SM,36000,35000,97.22
20,522,CALSOFT,EQ,20490,14670,71.60
20,523,CAMLINFINE,EQ,3755987,1244521,33.13
20,524,CAMPUS,EQ,1778861,949068,53.35
20,525,CAMS,EQ,107096,54750,51.12
20,526,CANARYS,ST,52000,40000,76.92
20,527,CANBK,EQ,54279930,27681992,51.00
20,528,CANFINHOME,EQ,831348,309373,37.21
20,529,CANTABIL,EQ,197108,82624,41.92
20,530,CAPACITE,EQ,1216210,592612,48.73
20,531,CAPITALSFB,EQ,23430,12520,53.44
20,532,CAPLIPOINT,EQ,57517,26468,46.02
20,533,CAPTRUST,EQ,321794,139215,43.26
20,534,CARBORUNIV,EQ,63036,36737,58.28
20,535,CAREERP,EQ,161256,72862,45.18
20,536,CARERATING,EQ,105812,77621,73.36
20,537,CARTRADE,EQ,82084,44339,54.02
20,538,CARYSIL,EQ,54165,34980,64.58
20,539,CASTROLIND,EQ,7873436,2829225,35.93
20,540,CBAZAAR,SM,48000,40000,83.33
20,541,CCL,EQ,165123,91885,55.65
20,542,CDSL,EQ,1167614,497737,42.63
20,543,CEATLTD,EQ,189846,96732,50.95
20,544,CELEBRITY,EQ,412583,281303,68.18
20,545,CELLECOR,SM,42000,27600,65.71
20,546,CELLO,EQ,144383,82884,57.41
20,547,CELLPOINT,SM,2400,2400,100.00
20,548,CENTENKA,EQ,22696,13649,60.14
20,549,CENTEXT,EQ,130904,130904,100.00
20,550,CENTRALBK,EQ,15238054,3919932,25.72
20,551,CENTRUM,EQ,5108145,2762665,54.08
20,552,CENTUM,EQ,11753,7008,59.63
20,553,CENTURYPLY,EQ,47294,17609,37.23
20,554,CENTURYTEX,EQ,395439,163211,41.27
20,555,CERA,EQ,7997,3224,40.32
20,556,CEREBRAINT,EQ,282783,282783,100.00
20,557,CESC,EQ,4230772,1971604,46.60
20,558,CGCL,EQ,295980,187188,63.24
20,559,CGPOWER,EQ,4022039,2558937,63.62
20,560,CGRAPHICS,SM,150400,84800,56.38
20,561,CHALET,EQ,147972,70916,47.93
20,562,CHAMBLFERT,EQ,2306721,1108814,48.07
20,563,CHAVDA,SM,84000,62000,73.81
20,564,CHEMBOND,EQ,81713,37049,45.34
20,565,CHEMCON,EQ,39044,21540,55.17
20,566,CHEMFAB,EQ,42464,17935,42.24
20,567,CHEMPLASTS,EQ,282097,232747,82.51
20,568,CHENNPETRO,EQ,819925,268860,32.79
20,569,CHEVIOT,EQ,4740,2697,56.90
20,570,CHOICEIN,EQ,440106,123492,28.06
20,571,CHOLAFIN,EQ,2239763,718871,32.10
20,572,CHOLAHLDNG,EQ,837230,693965,82.89
20,573,CIEINDIA,EQ,1544955,1402021,90.75
20,574,CIFC26,NK,12,12,100.00
20,575,CIFCZC25,ND,1,1,100.00
20,576,CIGNITITEC,EQ,469645,384919,81.96
20,577,CINELINE,EQ,55790,26501,47.50
20,578,CINEVISTA,EQ,58906,17412,29.56
20,579,CIPLA,EQ,4687416,2256394,48.14
20,580,CLEAN,EQ,299178,190468,63.66
20,581,CLEDUCATE,EQ,143070,78438,54.82
20,582,CLOUD,ST,245000,211000,86.12
20,583,CLSEL,EQ,279315,136658,48.93
20,584,CLSL,SM,24000,22000,91.67
20,585,CMMIPL,ST,168000,159000,94.64
20,586,CMNL,SM,30000,21000,70.00
20,587,CMRSL,SM,10400,9600,92.31
20,588,CMSINFO,EQ,873947,551375,63.09
20,589,COALINDIA,EQ,20437968,12602046,61.66
20,590,COASTCORP,EQ,107311,52817,49.22
20,591,COCHINSHIP,EQ,1017431,385931,37.93
20,592,COFFEEDAY,EQ,2156519,925670,42.92
20,593,COFORGE,EQ,217924,82007,37.63
20,594,COLPAL,EQ,578921,443011,76.52
20,595,COMMITTED,SM,6400,6400,100.00
20,596,COMMOIETF,EQ,88385,67468,76.33
20,597,COMPUSOFT,EQ,207585,102401,49.33
20,598,COMSYN,EQ,93039,52217,56.12
20,599,CONCOR,EQ,2483148,1405744,56.61
20,600,CONCORDBIO,EQ,29036,19655,67.69
20,601,CONFIPET,EQ,5235399,2012215,38.43
20,602,CONS,EQ,2858,2844,99.51
20,603,CONSOFINVT,EQ,22285,10871,48.78
20,604,CONSUMBEES,EQ,258168,168105,65.11
20,605,CONSUMIETF,EQ,21246,15388,72.43
20,606,CONTI,ST,33330,33330,100.00
20,607,CONTROLPR,EQ,55233,38289,69.32
20,608,COOLCAPS,SM,750,500,66.67
20,609,CORALFINAC,EQ,47264,22430,47.46
20,610,COROMANDEL,EQ,373711,218014,58.34
20,611,COSMOFIRST,EQ,49432,23302,47.14
20,612,COUNCODOS,EQ,123791,73131,59.08
20,613,CPS,SM,600,600,100.00
20,614,CPSEETF,EQ,4884551,2322202,47.54
20,615,CRAFTSMAN,EQ,55794,35178,63.05
20,616,CRAYONS,SM,34000,23000,67.65
20,617,CREATIVE,EQ,11850,6065,51.18
20,618,CREDITACC,EQ,304980,163815,53.71
20,619,CREST,EQ,682928,540508,79.15
20,620,CRISIL,EQ,38351,21662,56.48
20,621,CROMPTON,EQ,6837627,3922237,57.36
20,622,CSBBANK,EQ,119263,54648,45.82
20,623,CSLFINANCE,EQ,381609,158084,41.43
20,624,CUB,EQ,4928487,1541424,31.28
20,625,CUMMINSIND,EQ,550113,245958,44.71
20,626,CYBERMEDIA,EQ,148059,90798,61.33
20,627,CYBERTECH,EQ,886062,318193,35.91
20,628,CYIENT,EQ,3360819,1869815,55.64
20,629,CYIENTDLM,EQ,224280,119451,53.26
20,630,DABUR,EQ,1469979,885700,60.25
20,631,DALBHARAT,EQ,585129,306967,52.46
20,632,DALMIASUG,EQ,111476,49985,44.84
20,633,DAMODARIND,EQ,48045,23515,48.94
20,634,DANGEE,EQ,149920,131683,87.84
20,635,DATAMATICS,EQ,235292,79101,33.62
20,636,DATAPATTNS,EQ,488367,114339,23.41
20,637,DAVANGERE,EQ,7627976,3714021,48.69
20,638,DBCORP,EQ,277697,181133,65.23
20,639,DBL,EQ,459840,134243,29.19
20,640,DBOL,EQ,232174,102677,44.22
20,641,DBREALTY,EQ,3487138,1764592,50.60
20,642,DBSTOCKBRO,EQ,20702,15485,74.80
20,643,DCAL,EQ,209373,113177,54.06
20,644,DCBBANK,EQ,3445326,2346077,68.09
20,645,DCG,ST,56400,52800,93.62
20,646,DCM,EQ,216788,101333,46.74
20,647,DCMFINSERV,EQ,29636,17680,59.66
20,648,DCMSHRIRAM,EQ,39639,23519,59.33
20,649,DCMSRIND,EQ,133716,72635,54.32
20,650,DCW,EQ,7871032,5136629,65.26
20,651,DECCANCE,EQ,20457,11747,57.42
20,652,DEEDEV,EQ,1048543,470322,44.85
20,653,DEEM,SM,40000,36000,90.00
20,654,DEEPAKFERT,EQ,2556235,850646,33.28
20,655,DEEPAKNTR,EQ,230661,70483,30.56
20,656,DEEPENR,EQ,54393,33204,61.04
20,657,DEEPINDS,EQ,108304,51531,47.58
20,658,DELAPLEX,SM,21600,16800,77.78
20,659,DELHIVERY,EQ,3476015,2196403,63.19
20,660,DELTACORP,EQ,2366061,686084,29.00
20,661,DELTAMAGNT,EQ,6712,4338,64.63
20,662,DEN,EQ,2981324,1150140,38.58
20,663,DENEERS,SM,2400,2400,100.00
20,664,DENORA,EQ,23811,8393,35.25
20,665,DENTALKART,SM,49500,36250,73.23
20,666,DESTINY,SM,9000,9000,100.00
20,667,DEVIT,EQ,97022,46426,47.85
20,668,DEVYANI,EQ,1493145,1053810,70.58
20,669,DHAMPURSUG,EQ,434662,185853,42.76
20,670,DHANBANK,EQ,4839929,2872952,59.36
20,671,DHANI,EQ,6174101,1824948,29.56
20,672,DHANUKA,EQ,74513,51380,68.95
20,673,DHARMAJ,EQ,211837,86671,40.91
20,674,DHTL,SM,8800,8000,90.91
20,675,DHUNINV,EQ,88074,20538,23.32
20,676,DIAMINESQ,EQ,19321,11817,61.16
20,677,DIAMONDYD,EQ,82270,21226,25.80
20,678,DICIND,EQ,31609,19557,61.87
20,679,DIGIKORE,ST,8400,8200,97.62
20,680,DIL,EQ,1104093,604221,54.73
20,681,DISHTV,EQ,17471144,5766936,33.01
20,682,DIVGIITTS,EQ,19318,9015,46.67
20,683,DIVISLAB,EQ,1262221,592281,46.92
20,684,DIVOPPBEES,EQ,104040,91914,88.34
20,685,DIXON,EQ,292939,86503,29.53
20,686,DKEGL,SM,9000,6000,66.67
20,687,DLF,EQ,5503367,1813827,32.96
20,688,DLINKINDIA,EQ,233288,87833,37.65
20,689,DLSL25,NW,5,5,100.00
20,690,DMART,EQ,234445,101752,43.40
20,691,DMCC,EQ,17485,10319,59.02
20,692,DNAMEDIA,EQ,301108,155363,51.60
20,693,DODLA,EQ,128708,54002,41.96
20,694,DOLATALGO,EQ,347829,186022,53.48
20,695,DOLLAR,EQ,154705,101893,65.86
20,696,DOLLEX,SM,24000,20000,83.33
20,697,DOMS,EQ,72424,45154,62.35
20,698,DONEAR,EQ,1200533,437285,36.42
20,699,DPABHUSHAN,EQ,13138,5994,45.62
20,700,DPEL,SM,84000,60000,71.43
20,701,DPSCLTD,EQ,1574364,919699,58.42
20,702,DPWIRES,EQ,26627,15603,58.60
20,703,DREAMFOLKS,EQ,85304,52915,62.03
20,704,DRONE,ST,34000,34000,100.00
20,705,DRREDDY,EQ,410391,217408,52.98
20,706,DRSDILIP,SM,800,800,100.00
20,707,DSSL,EQ,91947,46872,50.98
20,708,DTIL,EQ,28304,17674,62.44
20,709,DTL,SM,25200,16800,66.67
20,710,DUCOL,ST,14400,14400,100.00
20,711,DUGLOBAL,SM,7500,7500,100.00
20,712,DURLAX,SM,80000,56000,70.00
20,713,DVL,EQ,257054,103596,40.30
20,714,DWARKESH,EQ,1994780,659127,33.04
20,715,DYCL,EQ,99833,45742,45.82
20,716,DYNAMATECH,EQ,11471,6621,57.72
20,717,DYNAMIC,SM,91000,55000,60.44
20,718,EASEMYTRIP,EQ,23876638,5764916,24.14
20,719,EBBETF0425,EQ,9439,9163,97.08
20,720,EBBETF0430,EQ,7757,6518,84.03
20,721,EBBETF0431,EQ,3159,3130,99.08
20,722,EBBETF0433,EQ,12819,12700,99.07
20,723,ECLERX,EQ,30459,15072,49.48
20,724,EDELWEISS,EQ,3561774,1658855,46.57
20,725,EFACTOR,SM,16000,15200,95.00
20,726,EFFWA,ST,52800,52800,100.00
20,727,EFORCE,SM,30000,25200,84.00
20,728,EGOLD,EQ,2217,1873,84.48
20,729,EICHERMOT,EQ,625674,219210,35.04
20,730,EIDPARRY,EQ,243512,108149,44.41
20,731,EIFFL,EQ,40701,22596,55.52
20,732,EIHAHOTELS,EQ,25869,14477,55.96
20,733,EIHOTEL,EQ,401120,264331,65.90
20,734,EKC,EQ,1661999,765905,46.08
20,735,ELDEHSG,EQ,1745,1369,78.45
20,736,ELECON,EQ,1043768,340801,32.65
20,737,ELECTCAST,EQ,2487849,1215233,48.85
20,738,ELGIEQUIP,EQ,153247,74866,48.85
20,739,ELIN,EQ,121579,58613,48.21
20,740,EMAMILTD,EQ,472198,296556,62.80
20,741,EMAMIPAP,EQ,95489,44128,46.21
20,742,EMAMIREAL,EQ,17702,9860,55.70
20,743,EMBASSY,RR,647556,583673,90.13
20,744,EMBDL,EQ,5067298,2228437,43.98
20,745,EMCURE,EQ,103355,64095,62.01
20,746,EMIL,EQ,482944,217018,44.94
20,747,EMKAYTOOLS,SM,1500,1500,100.00
20,748,EMMBI,EQ,97829,61820,63.19
20,749,EMMIL,SM,14000,11000,78.57
20,750,EMSLIMITED,EQ,3768195,832693,22.10
20,751,EMUDHRA,EQ,267345,125549,46.96
20,752,ENDURANCE,EQ,66801,42159,63.11
20,753,ENERGYDEV,EQ,403936,242003,59.91
20,754,ENFUSE,ST,9600,9600,100.00
20,755,ENGINERSIN,EQ,3790712,1639236,43.24
20,756,ENIL,EQ,57972,17011,29.34
20,757,ENSER,SM,16000,14000,87.50
20,758,ENTERO,EQ,117390,99891,85.09
20,759,EPACK,EQ,796112,448192,56.30
20,760,EPIGRAL,EQ,208008,91591,44.03
20,761,EPL,EQ,509898,246669,48.38
20,762,EQUAL50ADD,EQ,11985,10633,88.72
20,763,EQUITASBNK,EQ,21611861,12143960,56.19
20,764,ERIS,EQ,161475,97957,60.66
20,765,EROSMEDIA,EQ,691436,414712,59.98
20,766,ESABINDIA,EQ,4437,1858,41.88
20,767,ESAFSFB,EQ,1322309,813546,61.52
20,768,ESCONET,ST,23200,22400,96.55
20,769,ESCORTS,EQ,282855,142638,50.43
20,770,ESFL,SM,22200,19200,86.49
20,771,ESG,EQ,19136,16282,85.09
20,772,ESILVER,EQ,61858,57639,93.18
20,773,ESTER,EQ,824680,446206,54.11
20,774,ETHOSLTD,EQ,49135,20965,42.67
20,775,EUROBOND,SM,7000,6000,85.71
20,776,EUROTEXIND,EQ,1459,1381,94.65
20,777,EVEREADY,EQ,2797557,852722,30.48
20,778,EVERESTIND,EQ,9443,5082,53.82
20,779,EVINDIA,EQ,739002,575558,77.88
20,780,EXCELINDUS,EQ,76420,36587,47.88
20,781,EXIDEIND,EQ,4764451,1976141,41.48
20,782,EXPLEOSOL,EQ,15731,8558,54.40
20,783,EXXARO,EQ,93844,52343,55.78
20,784,FACT,EQ,423752,78794,18.59
20,785,FAIRCHEMOR,EQ,11721,8239,70.29
20,786,FALCONTECH,SM,26400,19200,72.73
20,787,FAZE3Q,EQ,250068,60837,24.33
20,788,FCL,EQ,130357,69596,53.39
20,789,FCSSOFT,EQ,5312766,2944114,55.42
20,790,FDC,EQ,157985,68093,43.10
20,791,FEDERALBNK,EQ,26611586,7256861,27.27
20,792,FEDFINA,EQ,247277,175930,71.15
20,793,FELIX,SM,39000,28500,73.08
20,794,FIBERWEB,EQ,137746,65500,47.55
20,795,FIDEL,SM,23000,13000,56.52
20,796,FIEMIND,EQ,58115,34056,58.60
20,797,FILATEX,EQ,3267400,1190038,36.42
20,798,FILATFASH,EQ,14104900,7390025,52.39
20,799,FINCABLES,EQ,83901,26815,31.96
20,800,FINEORG,EQ,15624,8221,52.62
20,801,FINIETF,EQ,118658,105657,89.04
20,802,FINOPB,EQ,262064,117860,44.97
20,803,FINPIPE,EQ,391656,192513,49.15
20,804,FIVESTAR,EQ,496063,94106,18.97
20,805,FLAIR,EQ,56109,31577,56.28
20,806,FLUOROCHEM,EQ,88736,52804,59.51
20,807,FMCGIETF,EQ,532089,331925,62.38
20,808,FMGOETZE,EQ,95309,55184,57.90
20,809,FMNL,EQ,101869,54087,53.09
20,810,FOCE,SM,15000,15000,100.00
20,811,FOCUS,EQ,669791,348873,52.09
20,812,FONEBOX,SM,10000,9000,90.00
20,813,FOODSIN,EQ,222090,134350,60.49
20,814,FORCEMOT,EQ,26975,13769,51.04
20,815,FORTIS,EQ,4118967,1385196,33.63
20,816,FOSECOIND,EQ,17213,7535,43.78
20,817,FROG,SM,54800,36400,66.42
20,818,FSL,EQ,7083391,1983013,28.00
20,819,FUSION,EQ,182833,102195,55.90
20,820,GABRIEL,EQ,641664,224590,35.00
20,821,GAEL,EQ,2527971,886049,35.05
20,822,GAIL,EQ,16686103,8342341,50.00
20,823,GALAXYSURF,EQ,8808,4765,54.10
20,824,GANDHAR,EQ,447411,233318,52.15
20,825,GANDHITUBE,EQ,9244,5595,60.53
20,826,GANECOS,EQ,36279,21383,58.94
20,827,GANESHBE,EQ,574899,320218,55.70
20,828,GANESHHOUC,EQ,62347,32574,52.25
20,829,GANGESSECU,EQ,13736,3497,25.46
20,830,GARFIBRES,EQ,4537,2450,54.00
20,831,GATECH,EQ,1844440,1481563,80.33
20,832,GATEWAY,EQ,1259642,634494,50.37
20,833,GEECEE,EQ,14338,8652,60.34
20,834,GEEKAYWIRE,EQ,89114,53509,60.05
20,835,GENESYS,EQ,253317,108223,42.72
20,836,GENSOL,EQ,98148,52802,53.80
20,837,GENUSPAPER,EQ,1741668,684155,39.28
20,838,GENUSPOWER,EQ,619382,325446,52.54
20,839,GEOJITFSL,EQ,898930,347282,38.63
20,840,GESHIP,EQ,807777,340899,42.20
20,841,GFLLIMITED,EQ,71494,37041,51.81
20,842,GGBL,ST,67800,67800,100.00
20,843,GHCL,EQ,658644,578556,87.84
20,844,GHCLTEXTIL,EQ,7667691,2209369,28.81
20,845,GICHSGFIN,EQ,927525,248517,26.79
20,846,GICL,SM,96000,75000,78.13
20,847,GICRE,EQ,26092512,2952962,11.32
20,848,GILLANDERS,EQ,7868,5519,70.14
20,849,GILLETTE,EQ,9711,5565,57.31
20,850,GILT5YBEES,EQ,153879,95088,61.79
20,851,GINNIFILA,EQ,90831,50684,55.80
20,852,GIPCL,EQ,452087,165792,36.67
20,853,GKWLIMITED,EQ,506,338,66.80
20,854,GLAND,EQ,127144,76250,59.97
20,855,GLAXO,EQ,76491,42436,55.48
20,856,GLENMARK,EQ,703609,373275,53.05
20,857,GLOBUSSPR,EQ,166835,84446,50.62
20,858,GLOSTERLTD,EQ,8253,7064,85.59
20,859,GLS,EQ,371753,174998,47.07
20,860,GMBREW,EQ,80661,35033,43.43
20,861,GMDCLTD,EQ,1608348,814378,50.63
20,862,GMMPFAUDLR,EQ,133091,94174,70.76
20,863,GMRINFRA,EQ,20947325,10214456,48.76
20,864,GMRP&UI,EQ,1503666,914505,60.82
20,865,GNA,EQ,50301,27754,55.18
20,866,GNFC,EQ,1191239,527984,44.32
20,867,GOACARBON,EQ,26694,16053,60.14
20,868,GOCLCORP,EQ,165911,105326,63.48
20,869,GOCOLORS,EQ,78252,44310,56.62
20,870,GODFRYPHLP,EQ,98047,21114,21.53
20,871,GODIGIT,EQ,1949077,813825,41.75
20,872,GODREJAGRO,EQ,216096,100118,46.33
20,873,GODREJCP,EQ,281948,121420,43.06
20,874,GODREJIND,EQ,194222,144636,74.47
20,875,GODREJPROP,EQ,978508,568285,58.08
20,876,GOKEX,EQ,146943,67352,45.84
20,877,GOKUL,EQ,227189,140430,61.81
20,878,GOKULAGRO,EQ,162969,74381,45.64
20,879,GOLD1,EQ,1703270,1318239,77.39
20,880,GOLDBEES,EQ,14643754,10870678,74.23
20,881,GOLDCASE,EQ,361254,253217,70.09
20,882,GOLDETF,EQ,392390,337123,85.92
20,883,GOLDETFADD,EQ,43427,41434,95.41
20,884,GOLDIAM,EQ,973037,524328,53.89
20,885,GOLDIETF,EQ,3991385,3599709,90.19
20,886,GOLDKART,ST,1250,1250,100.00
20,887,GOLDSHARE,EQ,199794,163977,82.07
20,888,GOLDSTAR,SM,191250,180000,94.12
20,889,GOLDTECH,EQ,280262,155299,55.41
20,890,GOODLUCK,EQ,84542,55028,65.09
20,891,GOPAL,EQ,171771,126175,73.46
20,892,GOYALALUM,EQ,128689,97077,75.44
20,893,GOYALSALT,SM,12000,11400,95.00
20,894,GPECO,SM,126000,90000,71.43
20,895,GPIL,EQ,300350,182691,60.83
20,896,GPPL,EQ,2159498,951195,44.05
20,897,GPTHEALTH,EQ,233242,119648,51.30
20,898,GRANULES,EQ,1267288,413739,32.65
20,899,GRAPHISAD,SM,12000,10800,90.00
20,900,GRAPHITE,EQ,565271,240850,42.61
20,901,GRASIM,EQ,701236,410024,58.47
20,902,GRAVITA,EQ,287115,90786,31.62
20,903,GREAVESCOT,EQ,3676348,1166435,31.73
20,904,GREENCHEF,SM,83200,57600,69.23
20,905,GREENLAM,EQ,15057,8349,55.45
20,906,GREENPANEL,EQ,113587,74532,65.62
20,907,GREENPLY,EQ,168862,90306,53.48
20,908,GREENPOWER,EQ,4770846,2821076,59.13
20,909,GRETEX,ST,33000,33000,100.00
20,910,GRINDWELL,EQ,51888,34193,65.90
20,911,GRINFRA,EQ,33807,22801,67.44
20,912,GRMOVER,EQ,177969,92813,52.15
20,913,GROBTEA,EQ,286,220,76.92
20,914,GRSE,EQ,1406510,559764,39.80
20,915,GRWRHITECH,EQ,117491,69437,59.10
20,916,GSEC10IETF,EQ,268,246,91.79
20,917,GSEC10YEAR,EQ,4595,3971,86.42
20,918,GSEC5IETF,EQ,108,104,96.30
20,919,GSFC,EQ,2059025,868318,42.17
20,920,GSLSU,EQ,146390,86973,59.41
20,921,GSMFOILS,ST,12000,12000,100.00
20,922,GSPL,EQ,1369574,840742,61.39
20,923,GSTL,SM,15000,15000,100.00
20,924,GSTL-RE,ST,183000,174000,95.08
20,925,GTLINFRA,EQ,1042272779,347454148,33.34
20,926,GTPL,EQ,46287,17872,38.61
20,927,GUFICBIO,EQ,41851,21172,50.59
20,928,GUJALKALI,EQ,65562,34042,51.92
20,929,GUJAPOLLO,EQ,10175,5830,57.30
20,930,GUJGASLTD,EQ,379947,134867,35.50
20,931,GUJRAFFIA,EQ,27712,11547,41.67
20,932,GULFOILLUB,EQ,298323,147680,49.50
20,933,GULFPETRO,EQ,2615681,971267,37.13
20,934,GULPOLY,EQ,105513,62627,59.35
20,935,GVPTECH,EQ,73372,51626,70.36
20,936,HAL,EQ,1492223,576217,38.61
20,937,HAPPSTMNDS,EQ,420767,209066,49.69
20,938,HAPPYFORGE,EQ,75948,59815,78.76
20,939,HARDWYN,EQ,341642,288141,84.34
20,940,HARIOMPIPE,EQ,262843,85908,32.68
20,941,HARRMALAYA,EQ,50938,29371,57.66
20,942,HARSHA,EQ,85618,42834,50.03
20,943,HATHWAY,EQ,10596621,4396663,41.49
20,944,HATSUN,EQ,28614,13145,45.94
20,945,HAVELLS,EQ,814890,500716,61.45
20,946,HAVISHA,EQ,77823,67162,86.30
20,947,HBLPOWER,EQ,2919021,987486,33.83
20,948,HBSL,EQ,300705,116505,38.74
20,949,HCC,EQ,122602666,36671840,29.91
20,950,HCG,EQ,90309,53629,59.38
20,951,HCL-INSYS,EQ,325370,271339,83.39
20,952,HCLTECH,EQ,2814159,1599562,56.84
20,953,HDFCAMC,EQ,381052,247447,64.94
20,954,HDFCBANK,EQ,21905270,13865974,63.30
20,955,HDFCBSE500,EQ,83129,53253,64.06
20,956,HDFCGOLD,EQ,2175845,1756764,80.74
20,957,HDFCGROWTH,EQ,28721,7946,27.67
20,958,HDFCLIFE,EQ,8933046,5634860,63.08
20,959,HDFCLIQUID,EQ,24191,24110,99.67
20,960,HDFCLOWVOL,EQ,27340,26502,96.93
20,961,HDFCMID150,EQ,197117,141752,71.91
20,962,HDFCMOMENT,EQ,437228,355010,81.20
20,963,HDFCNEXT50,EQ,40570,32412,79.89
20,964,HDFCNIF100,EQ,53114,39781,74.90
20,965,HDFCNIFBAN,EQ,86130,72065,83.67
20,966,HDFCNIFIT,EQ,96504,43101,44.66
20,967,HDFCNIFTY,EQ,92760,82417,88.85
20,968,HDFCPSUBK,EQ,17154,8286,48.30
20,969,HDFCPVTBAN,EQ,517410,461166,89.13
20,970,HDFCQUAL,EQ,3915,3043,77.73
20,971,HDFCSENSEX,EQ,22574,18210,80.67
20,972,HDFCSILVER,EQ,536948,457052,85.12
20,973,HDFCSML250,EQ,243397,155465,63.87
20,974,HDFCVALUE,EQ,6747,6448,95.57
20,975,HEALTHADD,EQ,2304,1834,79.60
20,976,HEALTHIETF,EQ,74845,42612,56.93
20,977,HEALTHY,EQ,843044,785340,93.16
20,978,HEG,EQ,58338,25982,44.54
20,979,HEIDELBERG,EQ,316782,145215,45.84
20,980,HEMIPROP,EQ,1276986,523435,40.99
20,981,HERANBA,EQ,387799,176322,45.47
20,982,HERCULES,EQ,59800,29407,49.18
20,983,HERITGFOOD,EQ,889064,592331,66.62
20,984,HEROMOTOCO,EQ,517306,320018,61.86
20,985,HESTERBIO,EQ,126480,35940,28.42
20,986,HEUBACHIND,EQ,133326,75880,56.91
20,987,HEXATRADEX,EQ,46170,37164,80.49
20,988,HFCL,EQ,32948436,10399909,31.56
20,989,HGINFRA,EQ,139930,76476,54.65
20,990,HGS,EQ,31577,20298,64.28
20,991,HIGREEN,SM,42400,30400,71.70
20,992,HIKAL,EQ,310460,149928,48.29
20,993,HIL,EQ,17639,10904,61.82
20,994,HILTON,EQ,138913,77623,55.88
20,995,HIMATSEIDE,EQ,2771233,1482826,53.51
20,996,HINDALCO,EQ,4730539,2371991,50.14
20,997,HINDCOMPOS,EQ,9197,4516,49.10
20,998,HINDCOPPER,EQ,3964899,1563756,39.44
20,999,HINDMOTORS,EQ,4307030,2450291,56.89
20,1000,HINDOILEXP,EQ,3859401,1444374,37.42
20,1001,HINDPETRO,EQ,9301896,4147034,44.58
20,1002,HINDUNILVR,EQ,2135309,1303827,61.06
20,1003,HINDWAREAP,EQ,115762,57965,50.07
20,1004,HINDZINC,EQ,915304,681740,74.48
20,1005,HIRECT,EQ,17848,9729,54.51
20,1006,HISARMETAL,EQ,3255,2581,79.29
20,1007,HITECH,EQ,1753794,676436,38.57
20,1008,HITECHCORP,EQ,27919,18395,65.89
20,1009,HLEGLAS,EQ,157247,68598,43.62
20,1010,HLVLTD,EQ,859878,627623,72.99
20,1011,HMAAGRO,EQ,749983,396701,52.89
20,1012,HMVL,EQ,187631,99794,53.19
20,1013,HNDFDS,EQ,71658,36967,51.59
20,1014,HNGSNGBEES,EQ,70849,46908,66.21
20,1015,HOACFOODS,SM,57000,36000,63.16
20,1016,HOLMARC,SM,3000,3000,100.00
20,1017,HOMEFIRST,EQ,2050775,211265,10.30
20,1018,HONASA,EQ,185032,129528,70.00
20,1019,HONAUT,EQ,4741,2263,47.73
20,1020,HONDAPOWER,EQ,15336,7080,46.17
20,1021,HOVS,EQ,41007,13583,33.12
20,1022,HPAL,EQ,605220,263689,43.57
20,1023,HPIL,EQ,4302,1090,25.34
20,1024,HPL,EQ,389895,164387,42.16
20,1025,HRHNEXT,SM,48000,33000,68.75
20,1026,HSCL,EQ,1938950,1002918,51.72
20,1027,HTMEDIA,EQ,4692683,1396382,29.76
20,1028,HUDCO,EQ,11528689,4222748,36.63
20,1029,HUHTAMAKI,EQ,194357,122857,63.21
20,1030,HYBRIDFIN,EQ,22908,18096,78.99
20,1031,IBHF24,ZD,88,88,100.00
20,1032,IBLFL,SM,26000,18000,69.23
20,1033,ICEMAKE,EQ,96679,44636,46.17
20,1034,ICICIB22,EQ,1439775,780321,54.20
20,1035,ICICIBANK,EQ,19309265,12340898,63.91
20,1036,ICICIGI,EQ,796946,558926,70.13
20,1037,ICICIPRULI,EQ,3800832,1765359,46.45
20,1038,ICIL,EQ,277364,169384,61.07
20,1039,ICRA,EQ,2599,843,32.44
20,1040,IDBI,EQ,87254681,16513485,18.93
20,1041,IDEA,EQ,746610397,385181635,51.59
20,1042,IDEAFORGE,EQ,834070,252940,30.33
20,1043,IDFC,EQ,7252516,3565803,49.17
20,1044,IDFCFIRSTB,EQ,48815501,19512722,39.97
20,1045,IDFNIFTYET,EQ,778,503,64.65
20,1046,IEL,EQ,1049508,887738,84.59
20,1047,IEML,SM,77000,39000,50.65
20,1048,IEX,EQ,4893874,1895465,38.73
20,1049,IFBIND,EQ,248094,137992,55.62
20,1050,IFCI,EQ,81435966,20049515,24.62
20,1051,IFGLEXPOR,EQ,14652,9977,68.09
20,1052,IGARASHI,EQ,130337,65799,50.48
20,1053,IGL,EQ,2332952,1133003,48.57
20,1054,IGPL,EQ,164482,85472,51.96
20,1055,IIFL,EQ,687218,375321,54.61
20,1056,IIFLSEC,EQ,432269,227024,52.52
20,1057,IIFLZC25A,NP,52,13,25.00
20,1058,IIFLZC25B,NW,10,10,100.00
20,1059,IIFLZC28,NG,242,242,100.00
20,1060,IIFLZC28A,NU,200,200,100.00
20,1061,IIFLZC28B,Y1,1000,1000,100.00
20,1062,IITL,EQ,7132,4365,61.20
20,1063,IKIO,EQ,149691,92160,61.57
20,1064,IMAGICAA,EQ,4795621,2501104,52.15
20,1065,IMC1,N1,6,3,50.00
20,1066,IMC1,N3,32,32,100.00
20,1067,IMFA,EQ,85847,60029,69.93
20,1068,IMPAL,EQ,32934,13288,40.35
20,1069,INCREDIBLE,EQ,80594,35108,43.56
20,1070,INDBANK,EQ,2274826,1117303,49.12
20,1071,INDGN,EQ,835310,408029,48.85
20,1072,INDHOTEL,EQ,4629592,2199011,47.50
20,1073,INDIACEM,EQ,15095344,4895507,32.43
20,1074,INDIAGLYCO,EQ,582510,232330,39.88
20,1075,INDIAMART,EQ,195982,77554,39.57
20,1076,INDIANB,EQ,1844637,1165421,63.18
20,1077,INDIANCARD,EQ,7379,4263,57.77
20,1078,INDIANHUME,EQ,678614,189836,27.97
20,1079,INDIASHLTR,EQ,112223,78727,70.15
20,1080,INDIFRA,SM,12000,8000,66.67
20,1081,INDIGO,EQ,1008958,530463,52.58
20,1082,INDIGOPNTS,EQ,44147,23203,52.56
20,1083,INDIGRID,IV,391384,375905,96.05
20,1084,INDNIPPON,EQ,17357,9806,56.50
20,1085,INDOAMIN,EQ,436359,180610,41.39
20,1086,INDOBORAX,EQ,129088,45521,35.26
20,1087,INDOCO,EQ,112649,69129,61.37
20,1088,INDORAMA,EQ,2234540,607778,27.20
20,1089,INDOSTAR,EQ,430336,318351,73.98
20,1090,INDOTECH,EQ,43382,27749,63.96
20,1091,INDOTHAI,EQ,1247,813,65.20
20,1092,INDRAMEDCO,EQ,1131519,460049,40.66
20,1093,INDSWFTLAB,EQ,657566,285152,43.36
20,1094,INDSWFTLTD,EQ,48034,25852,53.82
20,1095,INDTERRAIN,EQ,260287,138187,53.09
20,1096,INDUSINDBK,EQ,3607419,1568222,43.47
20,1097,INDUSTOWER,EQ,20829504,8641906,41.49
20,1098,INFIBEAM,EQ,69385552,18825747,27.13
20,1099,INFINIUM,SM,16000,5000,31.25
20,1100,INFOBEAN,EQ,28687,14703,51.25
20,1101,INFOLLION,ST,45600,45600,100.00
20,1102,INFRABEES,EQ,30430,20544,67.51
20,1103,INFRAIETF,EQ,194600,126179,64.84
20,1104,INFY,EQ,11369047,7009771,61.66
20,1105,INGERRAND,EQ,5854,3100,52.96
20,1106,INM,SM,3600,2400,66.67
20,1107,INNOVACAP,EQ,113516,57613,50.75
20,1108,INNOVANA,SM,4400,4200,95.45
20,1109,INOXGREEN,EQ,2379669,1291569,54.28
20,1110,INOXINDIA,EQ,107533,65206,60.64
20,1111,INOXWIND,EQ,16544068,6352256,38.40
20,1112,INSECTICID,EQ,52324,30665,58.61
20,1113,INSPIRE,SM,12000,10000,83.33
20,1114,INSPIRISYS,EQ,54491,45239,83.02
20,1115,INTELLECT,EQ,222765,126716,56.88
20,1116,INTLCONV,EQ,566291,353740,62.47
20,1117,INVENTURE,EQ,6941801,3915170,56.40
20,1118,IOB,EQ,37689303,7484348,19.86
20,1119,IOC,EQ,27261949,13051272,47.87
20,1120,IOLCP,EQ,186307,83571,44.86
20,1121,IONEXCHANG,EQ,4050252,725964,17.92
20,1122,IPCALAB,EQ,502512,197287,39.26
20,1123,IPL,EQ,262432,150379,57.30
20,1124,IPSL,SM,1000,1000,100.00
20,1125,IRB,EQ,26430603,10869722,41.13
20,1126,IRBINVIT,IV,259377,252806,97.47
20,1127,IRCON,EQ,15492024,6083785,39.27
20,1128,IRCTC,EQ,1990326,913378,45.89
20,1129,IREDA,EQ,19934107,7114836,35.69
20,1130,IRFC,EQ,50538191,15423593,30.52
20,1131,IRISDOREME,EQ,178265,93856,52.65
20,1132,IRMENERGY,EQ,122617,72812,59.38
20,1133,ISEC,EQ,388262,251504,64.78
20,1134,ISFT,EQ,56889,37822,66.48
20,1135,ISGEC,EQ,23211,13635,58.74
20,1136,ISHAN,SM,240000,240000,100.00
20,1137,ISMTLTD,EQ,875392,380327,43.45
20,1138,IT,EQ,149039,107038,71.82
20,1139,ITALIANE,SM,20000,20000,100.00
20,1140,ITBEES,EQ,7701607,4987028,64.75
20,1141,ITC,EQ,20736094,9542952,46.02
20,1142,ITDC,EQ,134963,58127,43.07
20,1143,ITDCEM,EQ,718488,421735,58.70
20,1144,ITETF,EQ,208632,161406,77.36
20,1145,ITETFADD,EQ,41084,30829,75.04
20,1146,ITI,EQ,2129296,446059,20.95
20,1147,ITIETF,EQ,957610,427397,44.63
20,1148,IVC,EQ,26717436,6832769,25.57
20,1149,IVZINGOLD,EQ,358,271,75.70
20,1150,IVZINNIFTY,EQ,42,28,66.67
20,1151,IWEL,EQ,9624,5959,61.92
20,1152,IXIGO,EQ,12199704,4510508,36.97
20,1153,IZMO,EQ,227450,111889,49.19
20,1154,JAGRAN,EQ,2710039,1309239,48.31
20,1155,JAGSNPHARM,EQ,310111,114303,36.86
20,1156,JAICORPLTD,EQ,702720,219256,31.20
20,1157,JAINAM,SM,10000,10000,100.00
20,1158,JALAN,SM,12000,12000,100.00
20,1159,JAMNAAUTO,EQ,5478183,2502335,45.68
20,1160,JASH,EQ,35083,16405,46.76
20,1161,JAYAGROGN,EQ,29315,13009,44.38
20,1162,JAYBARMARU,EQ,231591,106968,46.19
20,1163,JAYNECOIND,EQ,238931,147017,61.53
20,1164,JAYSREETEA,EQ,268174,117170,43.69
20,1165,JBCHEPHARM,EQ,95123,63462,66.72
20,1166,JBMA,EQ,108018,44134,40.86
20,1167,JCHAC,EQ,79534,49923,62.77
20,1168,JETFREIGHT,EQ,96447,65950,68.38
20,1169,JFLLIFE,ST,34000,28000,82.35
20,1170,JGCHEM,EQ,755729,301314,39.87
20,1171,JINDALPHOT,EQ,35859,11800,32.91
20,1172,JINDALPOLY,EQ,53240,27626,51.89
20,1173,JINDALSAW,EQ,1456566,829470,56.95
20,1174,JINDALSTEL,EQ,3121650,1751495,56.11
20,1175,JINDRILL,EQ,22795,12532,54.98
20,1176,JINDWORLD,EQ,285525,128633,45.05
20,1177,JIOFIN,EQ,9688122,5047330,52.10
20,1178,JISLDVREQS,EQ,78723,40880,51.93
20,1179,JISLJALEQS,EQ,6989873,3008689,43.04
20,1180,JITFINFRA,EQ,200552,114496,57.09
20,1181,JIWANRAM,SM,18000,18000,100.00
20,1182,J&KBANK,EQ,4110021,2341710,56.98
20,1183,JKCEMENT,EQ,83627,41769,49.95
20,1184,JKIL,EQ,104588,52039,49.76
20,1185,JKLAKSHMI,EQ,69472,37256,53.63
20,1186,JKPAPER,EQ,411196,212329,51.64
20,1187,JKTYRE,EQ,1516418,599968,39.56
20,1188,JLHL,EQ,8683,5029,57.92
20,1189,JMA,EQ,92254,43154,46.78
20,1190,JMFINANCIL,EQ,8700592,3459891,39.77
20,1191,JOCIL,EQ,13573,6143,45.26
20,1192,JPOLYINVST,EQ,4774,2239,46.90
20,1193,JPPOWER,EQ,66105991,40072237,60.62
20,1194,JSFB,EQ,71080,35836,50.42
20,1195,JSL,EQ,429416,226166,52.67
20,1196,JSLL,SM,54540,50760,93.07
20,1197,JSWENERGY,EQ,3724008,1497429,40.21
20,1198,JSWHL,EQ,3058,1744,57.03
20,1199,JSWINFRA,EQ,2020520,1056812,52.30
20,1200,JSWSTEEL,EQ,2056457,740508,36.01
20,1201,JTEKTINDIA,EQ,223207,123109,55.15
20,1202,JTLIND,EQ,3644714,2508632,68.83
20,1203,JUBLFOOD,EQ,819648,252088,30.76
20,1204,JUBLINDS,EQ,4508,2549,56.54
20,1205,JUBLINGREA,EQ,555323,280161,50.45
20,1206,JUBLPHARMA,EQ,141451,74697,52.81
20,1207,JUNIORBEES,EQ,411420,172134,41.84
20,1208,JUNIPER,EQ,123472,93647,75.84
20,1209,JUSTDIAL,EQ,305519,111603,36.53
20,1210,JWL,EQ,1631581,914843,56.07
20,1211,JYOTHYLAB,EQ,2747767,620688,22.59
20,1212,JYOTICNC,EQ,273503,211422,77.30
20,1213,JYOTISTRUC,EQ,4504035,3292248,73.10
20,1214,K2INFRA,ST,42000,39600,94.29
20,1215,KABRAEXTRU,EQ,69785,40386,57.87
20,1216,KAJARIACER,EQ,145764,103361,70.91
20,1217,KAKATCEM,EQ,47813,13649,28.55
20,1218,KALAMANDIR,EQ,176580,101256,57.34
20,1219,KALYANKJIL,EQ,1232940,671633,54.47
20,1220,KAMATHOTEL,EQ,111302,66512,59.76
20,1221,KAMDHENU,EQ,155477,38194,24.57
20,1222,KAMOPAINTS,EQ,3154807,446811,14.16
20,1223,KANANIIND,EQ,1769064,1293244,73.10
20,1224,KANDARP,SM,56000,56000,100.00
20,1225,KANORICHEM,EQ,61856,31509,50.94
20,1226,KANPRPLA,EQ,96579,67590,69.98
20,1227,KANSAINER,EQ,415491,258474,62.21
20,1228,KARNIKA,SM,20800,19200,92.31
20,1229,KARURVYSYA,EQ,8793486,2645327,30.08
20,1230,KATARIA,ST,2590800,2466000,95.18
20,1231,KAYNES,EQ,144851,61916,42.74
20,1232,KCEIL,ST,26000,25000,96.15
20,1233,KCK,SM,2000,2000,100.00
20,1234,KCP,EQ,598418,287042,47.97
20,1235,KCPSUGIND,EQ,841056,280291,33.33
20,1236,KDDL,EQ,11623,5094,43.83
20,1237,KDL,ST,2100,2100,100.00
20,1238,KEC,EQ,655582,413770,63.11
20,1239,KECL,EQ,778696,291698,37.46
20,1240,KEI,EQ,188885,101524,53.75
20,1241,KEL,SM,3600,2400,66.67
20,1242,KELLTONTEC,EQ,1158418,659497,56.93
20,1243,KERNEX,EQ,234544,129875,55.37
20,1244,KESORAMIND,EQ,427828,226965,53.05
20,1245,KEYFINSERV,EQ,8460,4508,53.29
20,1246,KFINTECH,EQ,668536,259949,38.88
20,1247,KHADIM,EQ,74180,37068,49.97
20,1248,KHAICHEM,EQ,2542343,827336,32.54
20,1249,KHAITANLTD,EQ,48071,27979,58.20
20,1250,KHANDSE,EQ,556001,157198,28.27
20,1251,KHFM,SM,40300,9300,23.08
20,1252,KILITCH,EQ,16413,9946,60.60
20,1253,KIMS,EQ,37147,21914,58.99
20,1254,KINGFA,EQ,33654,14799,43.97
20,1255,KIOCL,EQ,201126,70033,34.82
20,1256,KIRIINDUS,EQ,283712,159209,56.12
20,1257,KIRLOSBROS,EQ,117535,80409,68.41
20,1258,KIRLOSENG,EQ,111362,63810,57.30
20,1259,KIRLOSIND,EQ,3884,1904,49.02
20,1260,KIRLPNU,EQ,43785,27873,63.66
20,1261,KITEX,EQ,481922,236741,49.12
20,1262,KKCL,EQ,32725,21137,64.59
20,1263,KLL,SM,19200,17600,91.67
20,1264,KNAGRI,ST,13600,13600,100.00
20,1265,KNRCON,EQ,810816,434055,53.53
20,1266,KODYTECH,SM,6900,5000,72.46
20,1267,KOHINOOR,EQ,165871,84569,50.98
20,1268,KOKUYOCMLN,EQ,94040,49117,52.23
20,1269,KOLTEPATIL,EQ,224615,168184,74.88
20,1270,KONSTELEC,SM,58000,39000,67.24
20,1271,KONTOR,SM,8400,8400,100.00
20,1272,KOPRAN,EQ,230900,130661,56.59
20,1273,KORE,ST,500,500,100.00
20,1274,KOTAKBANK,EQ,5309351,3210103,60.46
20,1275,KOTARISUG,EQ,322118,144578,44.88
20,1276,KOTHARIPET,EQ,964234,312632,32.42
20,1277,KOTHARIPRO,EQ,1800493,370641,20.59
20,1278,KOTYARK,SM,16800,13400,79.76
20,1279,KPIL,EQ,252602,138169,54.70
20,1280,KPITTECH,EQ,621852,235008,37.79
20,1281,KPRMILL,EQ,91022,48795,53.61
20,1282,KRBL,EQ,879423,407681,46.36
20,1283,KRISHANA,EQ,23990,8877,37.00
20,1284,KRISHCA,ST,19000,17500,92.11
20,1285,KRISHIVAL,SM,1000,1000,100.00
20,1286,KRISHNADEF,ST,44500,41500,93.26
20,1287,KRITI,EQ,452162,290741,64.30
20,1288,KRITIKA,EQ,250365,164913,65.87
20,1289,KRITINUT,EQ,55833,29585,52.99
20,1290,KRONOX,EQ,173694,97858,56.34
20,1291,KRSNAA,EQ,210396,131635,62.57
20,1292,KRYSTAL,EQ,215917,102346,47.40
20,1293,KSB,EQ,173038,61449,35.51
20,1294,KSCL,EQ,262196,111674,42.59
20,1295,KSL,EQ,45973,21905,47.65
20,1296,KSOLVES,EQ,39903,23737,59.49
20,1297,KTKBANK,EQ,2670397,1670806,62.57
20,1298,KUANTUM,EQ,57034,22709,39.82
20,1299,LAGNAM,EQ,44215,25734,58.20
20,1300,LAL,EQ,271371,122176,45.02
20,1301,LALPATHLAB,EQ,80715,34539,42.79
20,1302,LAMBODHARA,EQ,1351671,323502,23.93
20,1303,LANCORHOL,EQ,86077,48192,55.99
20,1304,LANDMARK,EQ,40524,25347,62.55
20,1305,LAOPALA,EQ,79863,45335,56.77
20,1306,LASA,EQ,38339,24198,63.12
20,1307,LATENTVIEW,EQ,927711,401412,43.27
20,1308,LAURUSLABS,EQ,7186333,2002405,27.86
20,1309,LAWSIKHO,SM,23000,17000,73.91
20,1310,LAXMICOT,EQ,85188,21055,24.72
20,1311,LAXMIMACH,EQ,6758,3518,52.06
20,1312,LEMERITE,SM,80000,46400,58.00
20,1313,LEMONTREE,EQ,1602973,1018546,63.54
20,1314,LEXUS,EQ,30555,17248,56.45
20,1315,LFIC,EQ,23026,6096,26.47
20,1316,LGBBROSLTD,EQ,44475,26016,58.50
20,1317,LGHL,EQ,2853,2586,90.64
20,1318,LIBAS,EQ,301785,177494,58.81
20,1319,LIBERTSHOE,EQ,94146,44663,47.44
20,1320,LICHSGFIN,EQ,1776371,602408,33.91
20,1321,LICI,EQ,7729718,2910234,37.65
20,1322,LICMFGOLD,EQ,713,511,71.67
20,1323,LICNETFGSC,EQ,153280,94436,61.61
20,1324,LICNETFN50,EQ,1214,1040,85.67
20,1325,LICNETFSEN,EQ,29,15,51.72
20,1326,LICNFNHGP,EQ,3151,2752,87.34
20,1327,LICNMID100,EQ,31672,25988,82.05
20,1328,LIKHITHA,EQ,107299,50883,47.42
20,1329,LINC,EQ,8541,6199,72.58
20,1330,LINCOLN,EQ,66284,43137,65.08
20,1331,LINDEINDIA,EQ,89973,40619,45.15
20,1332,LIQUID,EQ,316974,288253,90.94
20,1333,LIQUID1,EQ,72054,22771,31.60
20,1334,LIQUIDADD,EQ,576950,463850,80.40
20,1335,LIQUIDBEES,EQ,4399027,3286255,74.70
20,1336,LIQUIDBETF,EQ,112512,56251,50.00
20,1337,LIQUIDCASE,EQ,2773080,2268396,81.80
20,1338,LIQUIDETF,EQ,431262,324486,75.24
20,1339,LIQUIDIETF,EQ,803692,404299,50.31
20,1340,LIQUIDSBI,EQ,56010,55063,98.31
20,1341,LIQUIDSHRI,EQ,8038,6883,85.63
20,1342,LLOYDS,SM,16000,12000,75.00
20,1343,LLOYDSENGG,EQ,12128218,4417294,36.42
20,1344,LLOYDSME,EQ,357726,223814,62.57
20,1345,LODHA,EQ,503216,332772,66.13
20,1346,LOKESHMACH,EQ,49457,23586,47.69
20,1347,LOTUSEYE,EQ,251692,119628,47.53
20,1348,LOVABLE,EQ,1122714,414096,36.88
20,1349,LOWVOL,EQ,8617,7538,87.48
20,1350,LOWVOL1,EQ,501770,352051,70.16
20,1351,LOWVOLIETF,EQ,5300114,5133978,96.87
20,1352,LOYALTEX,EQ,1834,1645,89.69
20,1353,LRRPL,SM,51000,48000,94.12
20,1354,LT,EQ,2617659,1329241,50.78
20,1355,LTF,EQ,7455371,3414512,45.80
20,1356,LTFOODS,EQ,533830,224380,42.03
20,1357,LTGILTBEES,EQ,6124911,5444402,88.89
20,1358,LTIM,EQ,497275,170124,34.21
20,1359,LTTS,EQ,120576,50160,41.60
20,1360,LUMAXIND,EQ,4923,2774,56.35
20,1361,LUMAXTECH,EQ,117311,60265,51.37
20,1362,LUPIN,EQ,1040578,655334,62.98
20,1363,LUXIND,EQ,132820,69536,52.35
20,1364,LXCHEM,EQ,1615026,804400,49.81
20,1365,LYKALABS,EQ,781534,331989,42.48
20,1366,LYPSAGEMS,EQ,226120,148010,65.46
20,1367,MAANALU,EQ,174626,85846,49.16
20,1368,MACOBSTECH,ST,438400,412800,94.16
20,1369,MADHAV,EQ,10930,8431,77.14
20,1370,MADHAVBAUG,SM,2800,2400,85.71
20,1371,MADHUSUDAN,SM,183000,121000,66.12
20,1372,MADRASFERT,EQ,941562,219827,23.35
20,1373,MAFANG,EQ,364432,234239,64.28
20,1374,MAGADSUGAR,EQ,29169,10058,34.48
20,1375,MAGNUM,EQ,128112,80893,63.14
20,1376,MAGSON,SM,22000,18000,81.82
20,1377,MAHABANK,EQ,28877039,8588981,29.74
20,1378,MAHAPEXLTD,EQ,21301,12157,57.07
20,1379,MAHASTEEL,EQ,70475,38881,55.17
20,1380,MAHESHWARI,EQ,40196,15095,37.55
20,1381,MAHICKRA,SM,6750,6750,100.00
20,1382,MAHKTECH,EQ,382335,287243,75.13
20,1383,MAHLIFE,EQ,195596,99568,50.90
20,1384,MAHLOG,EQ,496490,244231,49.19
20,1385,MAHSCOOTER,EQ,3828,2567,67.06
20,1386,MAHSEAMLES,EQ,358518,217617,60.70
20,1387,MAITHANALL,EQ,25945,14505,55.91
20,1388,MAITREYA,SM,2400,2400,100.00
20,1389,MAKEINDIA,EQ,78836,53329,67.65
20,1390,MAL,SM,126400,70400,55.70
20,1391,MALLCOM,EQ,35337,24652,69.76
20,1392,MALUPAPER,EQ,36477,11801,32.35
20,1393,MANAKSIA,EQ,218225,163321,74.84
20,1394,MANAKSTEEL,EQ,78122,57557,73.68
20,1395,MANALIPETC,EQ,713203,272406,38.19
20,1396,MANAPPURAM,EQ,22979017,12710323,55.31
20,1397,MANDEEP,ST,8000,8000,100.00
20,1398,MANGALAM,EQ,44394,25158,56.67
20,1399,MANGCHEFER,EQ,330252,161805,48.99
20,1400,MANGLMCEM,EQ,581617,321592,55.29
20,1401,MANINDS,EQ,286107,128500,44.91
20,1402,MANINFRA,EQ,4103609,1672464,40.76
20,1403,MANKIND,EQ,3339635,2091801,62.64
20,1404,MANOMAY,EQ,88655,25958,29.28
20,1405,MANORAMA,EQ,50936,36109,70.89
20,1406,MANORG,EQ,16015,8619,53.82
20,1407,MANUGRAPH,EQ,30826,17610,57.13
20,1408,MANYAVAR,EQ,48018,28220,58.77
20,1409,MAPMYINDIA,EQ,62215,27713,44.54
20,1410,MARALOVER,EQ,372900,212844,57.08
20,1411,MARATHON,EQ,261971,193026,73.68
20,1412,MARCO,SM,48000,24000,50.00
20,1413,MARICO,EQ,1132507,620185,54.76
20,1414,MARKSANS,EQ,1618071,607800,37.56
20,1415,MARUTI,EQ,537693,282768,52.59
20,1416,MASFIN,EQ,133074,84784,63.71
20,1417,MASON,SM,528000,244000,46.21
20,1418,MASPTOP50,EQ,129930,78878,60.71
20,1419,MASTEK,EQ,127760,40523,31.72
20,1420,MASTER,ST,14000,14000,100.00
20,1421,MATRIMONY,EQ,19399,11455,59.05
20,1422,MAWANASUG,EQ,228313,93333,40.88
20,1423,MAXESTATES,EQ,61616,33381,54.18
20,1424,MAXHEALTH,EQ,909751,522830,57.47
20,1425,MAXIND,EQ,45820,32782,71.55
20,1426,MAXPOSURE,SM,624000,54000,8.65
20,1427,MAYURUNIQ,EQ,85335,52474,61.49
20,1428,MAZDA,EQ,5403,2917,53.99
20,1429,MAZDOCK,EQ,970791,228040,23.49
20,1430,MBAPL,EQ,6821,3831,56.16
20,1431,MBECL,EQ,270125,207154,76.69
20,1432,MCL,EQ,40531,27132,66.94
20,1433,MCLEODRUSS,EQ,1051461,646956,61.53
20,1434,MCON,ST,4000,3000,75.00
20,1435,MCX,EQ,540453,147077,27.21
20,1436,MDL,SM,2000,2000,100.00
20,1437,MEDANTA,EQ,262631,155477,59.20
20,1438,MEDIASSIST,EQ,115686,69714,60.26
20,1439,MEDICAMEQ,EQ,14356,7183,50.03
20,1440,MEDIORG,SM,160000,108000,67.50
20,1441,MEDPLUS,EQ,162570,116018,71.36
20,1442,MEGASOFT,EQ,100075,75143,75.09
20,1443,MEGASTAR,EQ,9334,6026,64.56
20,1444,MEGATHERM,ST,20400,17600,86.27
20,1445,MENONBE,EQ,190940,80378,42.10
20,1446,METROBRAND,EQ,172100,130480,75.82
20,1447,METROPOLIS,EQ,215282,81948,38.07
20,1448,MFSL,EQ,1015488,571596,56.29
20,1449,MGL,EQ,1685621,340778,20.22
20,1450,MHHL,SM,12000,10500,87.50
20,1451,MHLXMIRU,EQ,9835,5898,59.97
20,1452,MHRIL,EQ,738192,267729,36.27
20,1453,MICROPRO,SM,9600,8000,83.33
20,1454,MID150BEES,EQ,461455,293933,63.70
20,1455,MID150CASE,EQ,95172,87688,92.14
20,1456,MIDCAP,EQ,49081,29217,59.53
20,1457,MIDCAPETF,EQ,1075736,708513,65.86
20,1458,MIDCAPIETF,EQ,503270,364879,72.50
20,1459,MIDHANI,EQ,969827,433642,44.71
20,1460,MIDQ50ADD,EQ,5189,3712,71.54
20,1461,MIDSELIETF,EQ,298270,259778,87.09
20,1462,MIDSMALL,EQ,323863,259092,80.00
20,1463,MILTON,SM,8800,8800,100.00
20,1464,MINDACORP,EQ,246063,152915,62.14
20,1465,MINDSPACE,RR,72303,57712,79.82
20,1466,MINDTECK,EQ,343588,207504,60.39
20,1467,MIRCELECTR,EQ,1735139,1177992,67.89
20,1468,MIRZAINT,EQ,241923,146171,60.42
20,1469,MITCON,EQ,102354,60727,59.33
20,1470,MITTAL,EQ,1697653,1102389,64.94
20,1471,M&M,EQ,2352661,1214869,51.64
20,1472,M&MFIN,EQ,2051866,801139,39.04
20,1473,MMFL,EQ,70264,35969,51.19
20,1474,MMP,EQ,1196087,794055,66.39
20,1475,MMTC,EQ,104930531,22677118,21.61
20,1476,MNC,EQ,22709,18828,82.91
20,1477,MODIRUBBER,EQ,2681,1785,66.58
20,1478,MODISONLTD,EQ,95770,71880,75.05
20,1479,MOGSEC,EQ,1010,736,72.87
20,1480,MOHEALTH,EQ,67117,53111,79.13
20,1481,MOIL,EQ,759811,238398,31.38
20,1482,MOKSH,EQ,301162,194938,64.73
20,1483,MOL,EQ,4104793,1915571,46.67
20,1484,MOLDTECH,EQ,242707,121569,50.09
20,1485,MOLDTKPAC,EQ,72298,51026,70.58
20,1486,MOLOWVOL,EQ,68114,67026,98.40
20,1487,MOM100,EQ,315795,174032,55.11
20,1488,MOM30IETF,EQ,1087174,678835,62.44
20,1489,MOM50,EQ,4765,4456,93.52
20,1490,MOMENTUM,EQ,377997,366555,96.97
20,1491,MOMOMENTUM,EQ,271570,225373,82.99
20,1492,MON100,EQ,1493959,1020054,68.28
20,1493,MONARCH,EQ,186151,87429,46.97
20,1494,MONIFTY500,EQ,504973,397265,78.67
20,1495,MONQ50,EQ,477793,361446,75.65
20,1496,MONTECARLO,EQ,35374,20791,58.77
20,1497,MOQUALITY,EQ,3426,3332,97.26
20,1498,MOREALTY,EQ,101579,84884,83.56
20,1499,MOREPENLAB,EQ,9395421,3336627,35.51
20,1500,MOS,SM,1437600,284000,19.76
20,1501,MOSMALL250,EQ,452241,229258,50.69
20,1502,MOTHERSON,EQ,12671995,7279485,57.45
20,1503,MOTILALOFS,EQ,2251971,993552,44.12
20,1504,MOTISONS,EQ,306362,197531,64.48
20,1505,MOTOGENFIN,EQ,10589,4823,45.55
20,1506,MOVALUE,EQ,155527,121744,78.28
20,1507,MOXSH,ST,2400,2400,100.00
20,1508,MPHASIS,EQ,3919873,1099517,28.05
20,1509,MPSLTD,EQ,34620,17316,50.02
20,1510,MRF,EQ,13182,3873,29.38
20,1511,MRPL,EQ,3223891,1108570,34.39
20,1512,MSPL,EQ,1302476,974462,74.82
20,1513,MSTCLTD,EQ,805918,239686,29.74
20,1514,MSUMI,EQ,6849813,3466029,50.60
20,1515,MTARTECH,EQ,168391,64930,38.56
20,1516,MTNL,EQ,1995446,1992806,99.87
20,1517,MUFIN,EQ,66935,40709,60.82
20,1518,MUFTI,EQ,147721,91840,62.17
20,1519,MUKANDLTD,EQ,1930665,610234,31.61
20,1520,MUKKA,EQ,3475717,2233823,64.27
20,1521,MUKTAARTS,EQ,12331,11248,91.22
20,1522,MUNJALAU,EQ,1617891,582391,36.00
20,1523,MUNJALSHOW,EQ,401095,173499,43.26
20,1524,MURUDCERA,EQ,415752,208351,50.11
20,1525,MUTHOOTCAP,EQ,34158,20649,60.45
20,1526,MUTHOOTFIN,EQ,633110,390969,61.75
20,1527,MUTHOOTMF,EQ,180273,96865,53.73
20,1528,MVGJL,EQ,105941,56377,53.22
20,1529,MVKAGRO,SM,52800,40800,77.27
20,1530,MWL,SM,40800,31200,76.47
20,1531,NACLIND,EQ,345686,137716,39.84
20,1532,NAGAFERT,EQ,1063282,689999,64.89
20,1533,NAGREEKEXP,EQ,100393,51248,51.05
20,1534,NAHARCAP,EQ,27358,18153,66.35
20,1535,NAHARINDUS,EQ,407011,169180,41.57
20,1536,NAHARPOLY,EQ,35790,20806,58.13
20,1537,NAHARSPING,EQ,156948,87062,55.47
20,1538,NAMAN,SM,24000,20800,86.67
20,1539,NAM-INDIA,EQ,1955484,943549,48.25
20,1540,NATCOPHARM,EQ,632359,305232,48.27
20,1541,NATIONALUM,EQ,12687240,5674065,44.72
20,1542,NAUKRI,EQ,360586,224814,62.35
20,1543,NAVA,EQ,464349,205647,44.29
20,1544,NAVINFLUOR,EQ,158228,72382,45.75
20,1545,NAVINIFTY,EQ,2871,2803,97.63
20,1546,NAVKARCORP,EQ,4701743,1492241,31.74
20,1547,NAVNETEDUL,EQ,790962,428446,54.17
20,1548,NAZARA,EQ,171185,73188,42.75
20,1549,NBCC,EQ,23865024,10694066,44.81
20,1550,NCC,EQ,5356555,2013474,37.59
20,1551,NCLIND,EQ,209633,108136,51.58
20,1552,NDL,EQ,1703572,663875,38.97
20,1553,NDLVENTURE,EQ,136855,96023,70.16
20,1554,NDRAUTO,EQ,17591,8790,49.97
20,1555,NDTV,EQ,499058,193799,38.83
20,1556,NECLIFE,EQ,2222401,1005074,45.22
20,1557,NELCAST,EQ,436738,99353,22.75
20,1558,NELCO,EQ,124222,64963,52.30
20,1559,NEOGEN,EQ,21720,11113,51.16
20,1560,NEPHROCARE,SM,222400,153600,69.06
20,1561,NESCO,EQ,35354,18340,51.88
20,1562,NESTLEIND,EQ,1619693,912356,56.33
20,1563,NETF,EQ,1877,1664,88.65
20,1564,NETWEB,EQ,72476,36858,50.86
20,1565,NETWORK18,EQ,13654087,5212258,38.17
20,1566,NEULANDLAB,EQ,8648,4930,57.01
20,1567,NEWGEN,EQ,120967,68668,56.77
20,1568,NEWJAISA,SM,58500,36000,61.54
20,1569,NEXT50,EQ,17438,15591,89.41
20,1570,NEXT50IETF,EQ,1015777,577409,56.84
20,1571,NEXTMEDIA,EQ,8894,7717,86.77
20,1572,NFL,EQ,9321460,2326350,24.96
20,1573,NGIL,EQ,29274,19822,67.71
20,1574,NGILPP,E1,16401,16245,99.05
20,1575,NGLFINE,EQ,5287,3144,59.47
20,1576,NH,EQ,259064,141276,54.53
20,1577,NHPC,EQ,74150250,26466819,35.69
20,1578,NIACL,EQ,41638885,5210698,12.51
20,1579,NIBL,EQ,18013,9253,51.37
20,1580,NIDAN,SM,37000,24000,64.86
20,1581,NIF100BEES,EQ,26903,18048,67.09
20,1582,NIF100IETF,EQ,185821,128846,69.34
20,1583,NIF10GETF,EQ,3978,2317,58.25
20,1584,NIF5GETF,EQ,200,157,78.50
20,1585,NIFITETF,EQ,1072,1031,96.18
20,1586,NIFMID150,EQ,2795,2266,81.07
20,1587,NIFTY1,EQ,82266,69447,84.42
20,1588,NIFTY50ADD,EQ,18328,12751,69.57
20,1589,NIFTYBEES,EQ,3223740,2139427,66.36
20,1590,NIFTYBETF,EQ,455,301,66.15
20,1591,NIFTYETF,EQ,39102,28114,71.90
20,1592,NIFTYIETF,EQ,217098,146517,67.49
20,1593,NIFTYQLITY,EQ,53886,44109,81.86
20,1594,NIITLTD,EQ,3863125,1480001,38.31
20,1595,NIITMTS,EQ,128591,59465,46.24
20,1596,NILAINFRA,EQ,2172103,994716,45.80
20,1597,NILKAMAL,EQ,44849,35803,79.83
20,1598,NINSYS,EQ,2224,1385,62.28
20,1599,NIPPOBATRY,EQ,22584,13142,58.19
20,1600,NIRAJ,EQ,128401,57315,44.64
20,1601,NIRMAN,ST,62400,58200,93.27
20,1602,NITCO,EQ,409792,275878,67.32
20,1603,NITINSPIN,EQ,278147,170248,61.21
20,1604,NKIND,EQ,1453,646,44.46
20,1605,NLCINDIA,EQ,8737211,2612505,29.90
20,1606,NMDC,EQ,8395880,3271742,38.97
20,1607,NOCIL,EQ,1303735,598813,45.93
20,1608,NORBTEAEXP,EQ,8218,4052,49.31
20,1609,NOVAAGRI,EQ,5666947,2264381,39.96
20,1610,NPBET,EQ,1912,1096,57.32
20,1611,NPST,SM,39700,22500,56.68
20,1612,NRAIL,EQ,5900,4245,71.95
20,1613,NRBBEARING,EQ,53896,33459,62.08
20,1614,NRL,EQ,123034,73972,60.12
20,1615,NSIL,EQ,7038,3258,46.29
20,1616,NSLNISP,EQ,6526182,2513306,38.51
20,1617,NTPC,EQ,20381410,10409156,51.07
20,1618,NUCLEUS,EQ,37409,21418,57.25
20,1619,NURECA,EQ,17838,11400,63.91
20,1620,NUVAMA,EQ,145777,58233,39.95
20,1621,NUVOCO,EQ,748021,451588,60.37
20,1622,NV20,EQ,18448,10835,58.73
20,1623,NV20BEES,EQ,13005,9999,76.89
20,1624,NV20IETF,EQ,532578,349903,65.70
20,1625,NXST,RR,213326,150783,70.68
20,1626,NYKAA,EQ,4352320,2127953,48.89
20,1627,OAL,EQ,56732,24094,42.47
20,1628,OBCL,EQ,224264,101474,45.25
20,1629,OBEROIRLTY,EQ,899262,404985,45.04
20,1630,OFSS,EQ,341053,139644,40.94
20,1631,OIL,EQ,6875211,3287899,47.82
20,1632,OILIETF,EQ,1779700,1013633,56.96
20,1633,OLECTRA,EQ,370139,125668,33.95
20,1634,OMFURN,SM,67200,64800,96.43
20,1635,ONDOOR,SM,4200,3600,85.71
20,1636,ONEPOINT,EQ,1699185,692735,40.77
20,1637,ONGC,EQ,25703985,13491601,52.49
20,1638,ONMOBILE,EQ,14331506,2942558,20.53
20,1639,ONWARDTEC,EQ,118929,50682,42.62
20,1640,OPTIEMUS,EQ,726410,239877,33.02
20,1641,ORBTEXP,EQ,12920,6573,50.87
20,1642,ORCHPHARMA,EQ,238444,93414,39.18
20,1643,ORIANA,SM,143250,83100,58.01
20,1644,ORICONENT,EQ,13485660,3661908,27.15
20,1645,ORIENTALTL,EQ,270178,127399,47.15
20,1646,ORIENTBELL,EQ,19137,9664,50.50
20,1647,ORIENTCEM,EQ,2528261,1384319,54.75
20,1648,ORIENTCER,EQ,118204,64156,54.28
20,1649,ORIENTELEC,EQ,590021,510459,86.52
20,1650,ORIENTHOT,EQ,861742,451760,52.42
20,1651,ORIENTLTD,EQ,17527,8409,47.98
20,1652,ORIENTPPR,EQ,1215044,510491,42.01
20,1653,ORISSAMINE,EQ,30600,11397,37.25
20,1654,ORTINLAB,EQ,1227951,388833,31.67
20,1655,OSWALAGRO,EQ,189267,121732,64.32
20,1656,OSWALGREEN,EQ,3343368,1309110,39.16
20,1657,OSWALSEEDS,EQ,1137423,528680,46.48
20,1658,OWAIS,SM,38400,27200,70.83
20,1659,PAGEIND,EQ,6425,2660,41.40
20,1660,PAISALO,EQ,2080208,1349593,64.88
20,1661,PAKKA,EQ,369047,184990,50.13
20,1662,PALASHSECU,EQ,19333,15345,79.37
20,1663,PANACEABIO,EQ,106917,61138,57.18
20,1664,PANAMAPET,EQ,309958,162946,52.57
20,1665,PANSARI,EQ,16034,16033,99.99
20,1666,PAR,EQ,49500,21672,43.78
20,1667,PARACABLES,EQ,1933062,1079860,55.86
20,1668,PARADEEP,EQ,1955069,773372,39.56
20,1669,PARAGMILK,EQ,1803136,691564,38.35
20,1670,PARAGON,SM,67200,63600,94.64
20,1671,PARIN,SM,4000,4000,100.00
20,1672,PARKHOTELS,EQ,699015,501563,71.75
20,1673,PARSVNATH,EQ,477064,249859,52.37
20,1674,PARTYCRUS,SM,8000,7000,87.50
20,1675,PASUPTAC,EQ,128622,57116,44.41
20,1676,PATANJALI,EQ,560872,370549,66.07
20,1677,PATELENG,EQ,7672119,3390132,44.19
20,1678,PATINTLOG,EQ,5056482,2414819,47.76
20,1679,PATTECH,SM,6000,6000,100.00
20,1680,PAVNAIND,EQ,4256,2654,62.36
20,1681,PAYTM,EQ,10481268,5350931,51.05
20,1682,PCBL,EQ,4243107,1952497,46.02
20,1683,PCCL,SM,197600,146400,74.09
20,1684,PCJEWELLER,EQ,6098313,2439383,40.00
20,1685,PDMJEPAPER,EQ,223258,124403,55.72
20,1686,PDSL,EQ,372357,168679,45.30
20,1687,PEL,EQ,3943694,1893150,48.00
20,1688,PENIND,EQ,444644,208487,46.89
20,1689,PENINLAND,EQ,567799,279104,49.16
20,1690,PENTAGON,SM,10000,6000,60.00
20,1691,PERFECT,SM,33000,21000,63.64
20,1692,PERSISTENT,EQ,189950,61026,32.13
20,1693,PETRONET,EQ,7375450,3016035,40.89
20,1694,PFC,EQ,9126406,3867125,42.37
20,1695,PFIZER,EQ,11444,6121,53.49
20,1696,PFS,EQ,4824736,1929362,39.99
20,1697,PGEL,EQ,2060383,1156743,56.14
20,1698,PGHH,EQ,14952,6246,41.77
20,1699,PGHL,EQ,4503,2336,51.88
20,1700,PGIL,EQ,539213,185625,34.43
20,1701,PGINVIT,IV,1134285,1024996,90.36
20,1702,PHANTOMFX,SM,81300,51900,63.84
20,1703,PHARMABEES,EQ,8862991,6300733,71.09
20,1704,PHOENIXLTD,EQ,317224,166022,52.34
20,1705,PIDILITIND,EQ,175804,109888,62.51
20,1706,PIIND,EQ,756611,372445,49.23
20,1707,PILANIINVS,EQ,8292,3617,43.62
20,1708,PILITA,EQ,886953,506995,57.16
20,1709,PIONEEREMB,EQ,53480,28886,54.01
20,1710,PITTIENG,EQ,110522,62282,56.35
20,1711,PIXTRANS,EQ,104971,26909,25.63
20,1712,PLASTIBLEN,EQ,32402,15383,47.48
20,1713,PLATIND,EQ,1342040,476754,35.52
20,1714,PLAZACABLE,EQ,182916,74281,40.61
20,1715,PNB,EQ,24356026,10152666,41.68
20,1716,PNBGILTS,EQ,737687,267142,36.21
20,1717,PNBHOUSING,EQ,1956104,943738,48.25
20,1718,PNC,EQ,45629,30524,66.90
20,1719,PNCINFRA,EQ,298598,145957,48.88
20,1720,POCL,EQ,142593,57136,40.07
20,1721,PODDARMENT,EQ,6961,4025,57.82
20,1722,POKARNA,EQ,42244,24992,59.16
20,1723,POLICYBZR,EQ,359770,205498,57.12
20,1724,POLYCAB,EQ,477709,241554,50.57
20,1725,POLYMED,EQ,32198,18855,58.56
20,1726,POLYPLEX,EQ,92202,47743,51.78
20,1727,POLYSIL,SM,56000,38000,67.86
20,1728,PONNIERODE,EQ,40356,17310,42.89
20,1729,POONAWALLA,EQ,5381537,2758687,51.26
20,1730,POWERGRID,EQ,11468068,6612565,57.66
20,1731,POWERINDIA,EQ,79745,38625,48.44
20,1732,POWERMECH,EQ,28937,14926,51.58
20,1733,PPAP,EQ,18294,9850,53.84
20,1734,PPL,EQ,84354,38273,45.37
20,1735,PPLPHARMA,EQ,20366797,6171166,30.30
20,1736,PRAENG,EQ,282853,253379,89.58
20,1737,PRAJIND,EQ,571755,258240,45.17
20,1738,PRAKASH,EQ,929356,427261,45.97
20,1739,PRAMARA,SM,4000,4000,100.00
20,1740,PRATHAM,SM,92800,64000,68.97
20,1741,PRECAM,EQ,305041,110882,36.35
20,1742,PRECISION,SM,28000,20000,71.43
20,1743,PRECWIRE,EQ,375353,169817,45.24
20,1744,PREMIERPOL,EQ,29926,18916,63.21
20,1745,PRESSTONIC,SM,20800,16800,80.77
20,1746,PRESTIGE,EQ,829213,345721,41.69
20,1747,PRICOLLTD,EQ,147976,82723,55.90
20,1748,PRIMESECU,EQ,84011,40735,48.49
20,1749,PRINCEPIPE,EQ,84479,43360,51.33
20,1750,PRITI,EQ,31721,23739,74.84
20,1751,PRITIKA,SM,472000,186000,39.41
20,1752,PRITIKAUTO,EQ,899021,513165,57.08
20,1753,PRIVISCL,EQ,56956,30578,53.69
20,1754,PRIZOR,ST,313600,294400,93.88
20,1755,PRLIND,SM,130000,78000,60.00
20,1756,PROLIFE,SM,1000,1000,100.00
20,1757,PROPEQUITY,SM,1800,1800,100.00
20,1758,PROV,SM,10560,10080,95.45
20,1759,PROZONER,EQ,425567,185394,43.56
20,1760,PRSMJOHNSN,EQ,240343,120360,50.08
20,1761,PRUDENT,EQ,57015,22250,39.02
20,1762,PRUDMOULI,EQ,34797,27791,79.87
20,1763,PSB,EQ,16392000,5698840,34.77
20,1764,PSPPROJECT,EQ,75733,45044,59.48
20,1765,PSUBANK,EQ,452751,436358,96.38
20,1766,PSUBANKADD,EQ,7746,4644,59.95
20,1767,PSUBNKBEES,EQ,2260827,1327830,58.73
20,1768,PSUBNKIETF,EQ,138945,64036,46.09
20,1769,PTC,EQ,1565335,900969,57.56
20,1770,PTL,EQ,153935,86805,56.39
20,1771,PULZ,SM,13000,10000,76.92
20,1772,PUNJABCHEM,EQ,7260,5260,72.45
20,1773,PURVFLEXI,SM,4800,4800,100.00
20,1774,PVP,EQ,631085,393381,62.33
20,1775,PVRINOX,EQ,495918,170684,34.42
20,1776,PVSL,EQ,51361,26020,50.66
20,1777,PVTBANIETF,EQ,3084928,2128845,69.01
20,1778,PVTBANKADD,EQ,2237710,2058907,92.01
20,1779,PYRAMID,EQ,324026,194075,59.89
20,1780,QFIL,SM,4000,4000,100.00
20,1781,QGOLDHALF,EQ,66433,60690,91.36
20,1782,QMSMEDI,SM,23000,18000,78.26
20,1783,QNIFTY,EQ,377,226,59.95
20,1784,QUADPRO,SM,336000,324000,96.43
20,1785,QUAL30IETF,EQ,40258,21021,52.22
20,1786,QUESS,EQ,1245258,824885,66.24
20,1787,QUESTLAB,SM,39600,32400,81.82
20,1788,QUICKHEAL,EQ,131849,51672,39.19
20,1789,QUICKTOUCH,SM,12000,10000,83.33
20,1790,RACE,EQ,34280,29606,86.37
20,1791,RADHIKAJWE,EQ,2206715,967880,43.86
20,1792,RADIANTCMS,EQ,280335,174500,62.25
20,1793,RADICO,EQ,279970,153446,54.81
20,1794,RADIOCITY,EQ,563852,229744,40.75
20,1795,RADIOCITY,P1,504,504,100.00
20,1796,RADIOWALLA,SM,40000,35200,88.00
20,1797,RAILTEL,EQ,5392357,1822525,33.80
20,1798,RAIN,EQ,1429847,696066,48.68
20,1799,RAINBOW,EQ,148866,74589,50.10
20,1800,RAJESHEXPO,EQ,397982,201692,50.68
20,1801,RAJMET,EQ,1726976,1017390,58.91
20,1802,RAJRATAN,EQ,23744,11765,49.55
20,1803,RAJSREESUG,EQ,161470,59141,36.63
20,1804,RALLIS,EQ,945231,320992,33.96
20,1805,RAMANEWS,EQ,112955,69533,61.56
20,1806,RAMAPHO,EQ,10702,4903,45.81
20,1807,RAMASTEEL,EQ,23344538,5891704,25.24
20,1808,RAMCOCEM,EQ,3530408,1155151,32.72
20,1809,RAMCOIND,EQ,75256,38915,51.71
20,1810,RAMCOSYS,EQ,63889,38032,59.53
20,1811,RAMKY,EQ,238368,109094,45.77
20,1812,RAMRAT,EQ,114005,35535,31.17
20,1813,RANASUG,EQ,1472834,505264,34.31
20,1814,RANEENGINE,EQ,8467,5364,63.35
20,1815,RANEHOLDIN,EQ,8640,5214,60.35
20,1816,RATEGAIN,EQ,156269,84942,54.36
20,1817,RATNAMANI,EQ,13302,6219,46.75
20,1818,RATNAVEER,EQ,1087402,417973,38.44
20,1819,RAYMOND,EQ,433881,203928,47.00
20,1820,RBA,EQ,1350478,756934,56.05
20,1821,RBL,EQ,23662,12716,53.74
20,1822,RBLBANK,EQ,9397114,3183511,33.88
20,1823,RBMINFRA,SM,13200,10200,77.27
20,1824,RBS,SM,32000,20800,65.00
20,1825,RCDL,SM,114000,90000,78.95
20,1826,RCF,EQ,9194806,2155365,23.44
20,1827,RECLTD,EQ,11447407,3901468,34.08
20,1828,REDINGTON,EQ,987606,574795,58.20
20,1829,REDTAPE,EQ,49824,29780,59.77
20,1830,REFEX,EQ,1496329,911319,60.90
20,1831,REFRACTORY,ST,12000,12000,100.00
20,1832,RELAXO,EQ,85223,48095,56.43
20,1833,RELCHEMQ,EQ,27551,16202,58.81
20,1834,RELIANCE,EQ,4929970,2396373,48.61
20,1835,RELIGARE,EQ,4466176,2440010,54.63
20,1836,RELINFRA,EQ,2448322,1019965,41.66
20,1837,REMSONSIND,EQ,13293,10597,79.72
20,1838,REMUS,SM,6100,3900,63.93
20,1839,RENUKA,EQ,24798719,5261618,21.22
20,1840,REPCOHOME,EQ,443239,75886,17.12
20,1841,REPL,EQ,24068,15940,66.23
20,1842,REPRO,EQ,56962,30117,52.87
20,1843,RESPONIND,EQ,725627,86326,11.90
20,1844,REXPIPES,SM,8000,8000,100.00
20,1845,RGL,EQ,206281,112118,54.35
20,1846,RHIM,EQ,424144,181319,42.75
20,1847,RHL,EQ,199151,73941,37.13
20,1848,RICHA,SM,25000,18000,72.00
20,1849,RICOAUTO,EQ,2369215,970228,40.95
20,1850,RIIL,EQ,176495,46600,26.40
20,1851,RILINFRA,ST,376300,338600,89.98
20,1852,RISHABH,EQ,80526,48531,60.27
20,1853,RITCO,EQ,86133,38257,44.42
20,1854,RITES,EQ,3244357,784753,24.19
20,1855,RITEZONE,SM,1600,1600,100.00
20,1856,RKFORGE,EQ,722066,258664,35.82
20,1857,RKSWAMY,EQ,1107891,456560,41.21
20,1858,RMDRIP,SM,36000,34000,94.44
20,1859,RML,EQ,16003,8172,51.07
20,1860,ROCKINGDCE,SM,24750,9500,38.38
20,1861,ROHLTD,EQ,94289,53384,56.62
20,1862,ROLEXRINGS,EQ,15462,9269,59.95
20,1863,ROSSARI,EQ,217598,119262,54.81
20,1864,ROSSELLIND,EQ,77433,37322,48.20
20,1865,ROTO,EQ,269593,86038,31.91
20,1866,ROUTE,EQ,2395639,1284545,53.62
20,1867,ROXHITECH,SM,78400,54400,69.39
20,1868,RPGLIFE,EQ,26765,10384,38.80
20,1869,RPOWER,EQ,55492192,29898887,53.88
20,1870,RPPINFRA,EQ,1089405,463995,42.59
20,1871,RPPL,EQ,60420,31471,52.09
20,1872,RPSGVENT,EQ,43733,23331,53.35
20,1873,RPTECH,EQ,704054,153456,21.80
20,1874,RRKABEL,EQ,24424,13121,53.72
20,1875,RSWM,EQ,698577,326246,46.70
20,1876,RSYSTEMS,EQ,78740,41775,53.05
20,1877,RTNINDIA,EQ,2585795,913297,35.32
20,1878,RTNPOWER,EQ,71959926,36911280,51.29
20,1879,RUBYMILLS,EQ,108677,43799,40.30
20,1880,RUCHINFRA,EQ,574879,405530,70.54
20,1881,RUCHIRA,EQ,70029,37981,54.24
20,1882,RULKA,ST,7800,6600,84.62
20,1883,RUPA,EQ,176079,77359,43.93
20,1884,RUSHIL,EQ,92636,64250,69.36
20,1885,RUSTOMJEE,EQ,42210,24435,57.89
20,1886,RVHL,EQ,41661,27455,65.90
20,1887,RVNL,EQ,21601968,7818089,36.19
20,1888,SAAKSHI,ST,9600,9000,93.75
20,1889,SABAR,SM,105000,70000,66.67
20,1890,SADBHAV,EQ,933151,555180,59.50
20,1891,SADBHIN,EQ,297490,224027,75.31
20,1892,SADHAV,SM,150000,67200,44.80
20,1893,SADHNANIQ,EQ,227325,124618,54.82
20,1894,SAFARI,EQ,32567,15459,47.47
20,1895,SAGCEM,EQ,88018,48718,55.35
20,1896,SAH,EQ,46381,15604,33.64
20,1897,SAHAJ,SM,40000,20000,50.00
20,1898,SAHAJSOLAR,ST,43200,43200,100.00
20,1899,SAHANA,SM,7500,4250,56.67
20,1900,SAHYADRI,EQ,5117,2211,43.21
20,1901,SAIFL,SM,12000,9600,80.00
20,1902,SAIL,EQ,25911057,10307945,39.78
20,1903,SAKAR,EQ,10090,5985,59.32
20,1904,SAKHTISUG,EQ,519059,199695,38.47
20,1905,SAKSOFT,EQ,176149,84646,48.05
20,1906,SAKUMA,EQ,5571127,1703040,30.57
20,1907,SALASAR,EQ,4266857,2852868,66.86
20,1908,SALONA,EQ,6282,3090,49.19
20,1909,SALZERELEC,EQ,72399,30130,41.62
20,1910,SAMBHAAV,EQ,106618,59075,55.41
20,1911,SAMHI,EQ,1476807,797105,53.97
20,1912,SAMMAANCAP,AJ,10,10,100.00
20,1913,SAMMAANCAP,AR,4,2,50.00
20,1914,SAMMAANCAP,BC,20,20,100.00
20,1915,SAMMAANCAP,BV,11,11,100.00
20,1916,SAMMAANCAP,BX,10,10,100.00
20,1917,SAMMAANCAP,EQ,2393031,1212757,50.68
20,1918,SAMMAANCAP,N0,9,9,100.00
20,1919,SAMMAANCAP,N2,22,22,100.00
20,1920,SAMMAANCAP,N4,67,67,100.00
20,1921,SAMMAANCAP,NL,32,32,100.00
20,1922,SAMMAANCAP,YO,10,10,100.00
20,1923,SAMMAANCAP,ZT,1,1,100.00
20,1924,SANDESH,EQ,4947,3371,68.14
20,1925,SANDHAR,EQ,443393,201420,45.43
20,1926,SANDUMA,EQ,113919,68060,59.74
20,1927,SANGAMIND,EQ,43425,23303,53.66
20,1928,SANGHIIND,EQ,1208774,714039,59.07
20,1929,SANGHVIMOV,EQ,127926,63277,49.46
20,1930,SANGINITA,EQ,191788,155240,80.94
20,1931,SANOFI,EQ,18615,9320,50.07
20,1932,SANSERA,EQ,134170,74626,55.62
20,1933,SANSTAR,EQ,89682149,25752228,28.71
20,1934,SAPPHIRE,EQ,21838,12939,59.25
20,1935,SARDAEN,EQ,576907,303723,52.65
20,1936,SAREGAMA,EQ,1574022,382037,24.27
20,1937,SARLAPOLY,EQ,418933,200949,47.97
20,1938,SAROJA,SM,3200,3200,100.00
20,1939,SARTELE,SM,489000,327000,66.87
20,1940,SARVESHWAR,EQ,2748534,1790414,65.14
20,1941,SASKEN,EQ,8828,4757,53.89
20,1942,SASTASUNDR,EQ,54196,35063,64.70
20,1943,SATIA,EQ,293757,168666,57.42
20,1944,SATIN,EQ,143388,87115,60.75
20,1945,SATINDLTD,EQ,1155447,430780,37.28
20,1946,SATIPOLY,ST,310000,249000,80.32
20,1947,SAURASHCEM,EQ,330172,149807,45.37
20,1948,SBC,EQ,3827281,2240626,58.54
20,1949,SBCL,EQ,91944,43079,46.85
20,1950,SBFC,EQ,1415093,656693,46.41
20,1951,SBGLP,EQ,436621,217133,49.73
20,1952,SBICARD,EQ,3001400,1464721,48.80
20,1953,SBIETFCON,EQ,11645,10472,89.93
20,1954,SBIETFIT,EQ,22522,15824,70.26
20,1955,SBIETFPB,EQ,15830,12518,79.08
20,1956,SBIETFQLTY,EQ,3566,2486,69.71
20,1957,SBILIFE,EQ,2982227,1525817,51.16
20,1958,SBIN,EQ,12081506,4191872,34.70
20,1959,SBINEQWETF,EQ,18914,16278,86.06
20,1960,SBISILVER,EQ,104813,94423,90.09
20,1961,SCHAEFFLER,EQ,143710,74921,52.13
20,1962,SCHAND,EQ,50709,23596,46.53
20,1963,SCHNEIDER,EQ,326788,205568,62.91
20,1964,SCI,EQ,8167309,3078329,37.69
20,1965,SCILAL,EQ,3578803,1270715,35.51
20,1966,SCML,SM,10000,8000,80.00
20,1967,SCPL,EQ,44604,28178,63.17
20,1968,SDBL,EQ,994410,550153,55.32
20,1969,SDL24BEES,EQ,965,835,86.53
20,1970,SDL26BEES,EQ,299,122,40.80
20,1971,SEAMECLTD,EQ,110660,55142,49.83
20,1972,SECL,SM,112500,112500,100.00
20,1973,SECMARK,EQ,1043,805,77.18
20,1974,SECURKLOUD,EQ,25525,16491,64.61
20,1975,SEL,SM,6400,3600,56.25
20,1976,SELAN,EQ,83236,27511,33.05
20,1977,SELMC,EQ,17621,11912,67.60
20,1978,SENCO,EQ,329087,205571,62.47
20,1979,SENSEXADD,EQ,817,413,50.55
20,1980,SENSEXETF,EQ,10063,6656,66.14
20,1981,SENSEXIETF,EQ,2150,1517,70.56
20,1982,SEPC,EQ,34025556,14824350,43.57
20,1983,SEQUENT,EQ,1063067,528592,49.72
20,1984,SERVICE,SM,88000,82000,93.18
20,1985,SERVOTECH,EQ,1360113,801313,58.92
20,1986,SESHAPAPER,EQ,46654,21816,46.76
20,1987,SETF10GILT,EQ,24832,16063,64.69
20,1988,SETFGOLD,EQ,1861873,1636748,87.91
20,1989,SETFNIF50,EQ,493247,359680,72.92
20,1990,SETFNIFBK,EQ,126851,88078,69.43
20,1991,SETFNN50,EQ,26699,17239,64.57
20,1992,SFL,EQ,46687,22443,48.07
20,1993,SFLZC25A,ZK,342,342,100.00
20,1994,SGBAPR28I,GB,393,348,88.55
20,1995,SGBAUG24,GB,597,537,89.95
20,1996,SGBAUG27,GB,106,85,80.19
20,1997,SGBAUG28V,GB,2117,1681,79.40
20,1998,SGBAUG29V,GB,246,192,78.05
20,1999,SGBAUG30,GB,390,319,81.79
20,2000,SGBD29VIII,GB,360,282,78.33
20,2001,SGBDC27VII,GB,14,14,100.00
20,2002,SGBDE30III,GB,514,338,65.76
20,2003,SGBDE31III,GB,3033,2474,81.57
20,2004,SGBDEC25,GB,17,13,76.47
20,2005,SGBDEC26,GB,8,8,100.00
20,2006,SGBFEB27,GB,93,78,83.87
20,2007,SGBFEB29XI,GB,331,217,65.56
20,2008,SGBFEB32IV,GB,2732,2284,83.60
20,2009,SGBJ28VIII,GB,18,18,100.00
20,2010,SGBJAN26,GB,12,10,83.33
20,2011,SGBJAN29IX,GB,905,604,66.74
20,2012,SGBJAN29X,GB,78,61,78.21
20,2013,SGBJAN30IX,GB,552,369,66.85
20,2014,SGBJU29III,GB,372,256,68.82
20,2015,SGBJUL25,GB,87,73,83.91
20,2016,SGBJUL27,GB,62,59,95.16
20,2017,SGBJUL28IV,GB,931,769,82.60
20,2018,SGBJUL29IV,GB,214,178,83.18
20,2019,SGBJUN27,GB,108,77,71.30
20,2020,SGBJUN28,GB,363,342,94.21
20,2021,SGBJUN29II,GB,281,229,81.49
20,2022,SGBJUN30,GB,339,305,89.97
20,2023,SGBJUN31I,GB,2198,1784,81.16
20,2024,SGBMAR25,GB,62,58,93.55
20,2025,SGBMAR28X,GB,287,198,68.99
20,2026,SGBMAR30X,GB,217,161,74.19
20,2027,SGBMAR31IV,GB,330,249,75.45
20,2028,SGBMAY25,GB,122,83,68.03
20,2029,SGBMAY26,GB,21,20,95.24
20,2030,SGBMAY28,GB,310,280,90.32
20,2031,SGBMAY29I,GB,930,827,88.92
20,2032,SGBMR29XII,GB,291,271,93.13
20,2033,SGBN28VIII,GB,120,104,86.67
20,2034,SGBNOV24,GB,21,21,100.00
20,2035,SGBNOV258,GB,20,19,95.00
20,2036,SGBNOV25IX,GB,1,1,100.00
20,2037,SGBNOV26,GB,15,11,73.33
20,2038,SGBNV29VII,GB,154,143,92.86
20,2039,SGBOC28VII,GB,371,201,54.18
20,2040,SGBOCT25,GB,3,3,100.00
20,2041,SGBOCT25IV,GB,19,18,94.74
20,2042,SGBOCT25V,GB,1,1,100.00
20,2043,SGBOCT26,GB,12,10,83.33
20,2044,SGBOCT27,GB,36,36,100.00
20,2045,SGBOCT27VI,GB,265,233,87.92
20,2046,SGBSEP24,GB,29,23,79.31
20,2047,SGBSEP27,GB,12,12,100.00
20,2048,SGBSEP28VI,GB,256,201,78.52
20,2049,SGBSEP29VI,GB,516,358,69.38
20,2050,SGBSEP31II,GB,2649,2047,77.27
20,2051,SGIL,EQ,35506,19534,55.02
20,2052,SGL,EQ,177900,110080,61.88
20,2053,SHAH,EQ,3760949,2465770,65.56
20,2054,SHAHALLOYS,EQ,16745,10062,60.09
20,2055,SHAILY,EQ,70337,45741,65.03
20,2056,SHALBY,EQ,168596,78931,46.82
20,2057,SHALPAINTS,EQ,53673,29190,54.38
20,2058,SHANKARA,EQ,61597,41571,67.49
20,2059,SHANTHALA,SM,3600,2400,66.67
20,2060,SHANTIGEAR,EQ,21611,13477,62.36
20,2061,SHARDACROP,EQ,569676,243494,42.74
20,2062,SHARDAMOTR,EQ,50161,30130,60.07
20,2063,SHAREINDIA,EQ,1623156,487429,30.03
20,2064,SHAREINDIA,W1,4107,4102,99.88
20,2065,SHARIABEES,EQ,3008,1918,63.76
20,2066,SHEETAL,SM,60000,46000,76.67
20,2067,SHEMAROO,EQ,65086,30799,47.32
20,2068,SHERA,SM,54000,35000,64.81
20,2069,SHIGAN,SM,6000,6000,100.00
20,2070,SHILPAMED,EQ,608929,296557,48.70
20,2071,SHIVALIK,EQ,16458,8491,51.59
20,2072,SHIVAMAUTO,EQ,636962,318922,50.07
20,2073,SHIVAMILLS,EQ,33101,12925,39.05
20,2074,SHIVATEX,EQ,20095,16150,80.37
20,2075,SHK,EQ,313208,173194,55.30
20,2076,SHOPERSTOP,EQ,20738,9996,48.20
20,2077,SHREDIGCEM,EQ,481333,252983,52.56
20,2078,SHREECEM,EQ,25287,10833,42.84
20,2079,SHREEKARNI,ST,4200,4200,100.00
20,2080,SHREEOSFM,SM,18000,13000,72.22
20,2081,SHREEPUSHK,EQ,154007,79676,51.74
20,2082,SHREYANIND,EQ,30695,20480,66.72
20,2083,SHREYAS,EQ,177363,77368,43.62
20,2084,SHRIPISTON,EQ,80861,56402,69.75
20,2085,SHRIRAMFIN,EQ,6439336,1714367,26.62
20,2086,SHRIRAMPPS,EQ,1454333,667795,45.92
20,2087,SHRITECH,SM,20000,16000,80.00
20,2088,SHUBHLAXMI,SM,12000,9000,75.00
20,2089,SHYAMCENT,EQ,88605,62531,70.57
20,2090,SHYAMMETL,EQ,576702,416271,72.18
20,2091,SIDDHIKA,SM,35000,23000,65.71
20,2092,SIEMENS,EQ,352540,228637,64.85
20,2093,SIGACHI,EQ,8171939,3514970,43.01
20,2094,SIGIND,EQ,208807,136621,65.43
20,2095,SIGMA,EQ,4259,3068,72.04
20,2096,SIGNATURE,EQ,606037,129602,21.39
20,2097,SIGNORIA,SM,6000,6000,100.00
20,2098,SIGNPOST,EQ,46768,27973,59.81
20,2099,SIL,EQ,2440129,1099068,45.04
20,2100,SILGO,EQ,65515,25807,39.39
20,2101,SILINV,EQ,4339,2163,49.85
20,2102,SILKFLEX,SM,176000,98000,55.68
20,2103,SILLYMONKS,EQ,663413,301117,45.39
20,2104,SILVER,EQ,286724,247924,86.47
20,2105,SILVER1,EQ,110670,104776,94.67
20,2106,SILVERADD,EQ,240966,230825,95.79
20,2107,SILVERBEES,EQ,10821154,9017874,83.34
20,2108,SILVERETF,EQ,392839,331455,84.37
20,2109,SILVERIETF,EQ,2892074,2663981,92.11
20,2110,SILVERTUC,EQ,24329,5588,22.97
20,2111,SILVRETF,EQ,71362,58700,82.26
20,2112,SIMPLEXINF,EQ,74752,54235,72.55
20,2113,SINCLAIR,EQ,82394,49918,60.58
20,2114,SINDHUTRAD,EQ,962095,632562,65.75
20,2115,SINTERCOM,EQ,11861,4821,40.65
20,2116,SIRCA,EQ,86774,46635,53.74
20,2117,SIS,EQ,94099,69470,73.83
20,2118,SIYSIL,EQ,72368,36645,50.64
20,2119,SJLOGISTIC,SM,34000,28500,83.82
20,2120,SJS,EQ,43895,28391,64.68
20,2121,SJVN,EQ,105299846,21861540,20.76
20,2122,SKFINDIA,EQ,67157,39187,58.35
20,2123,SKIPPER,EQ,182859,92320,50.49
20,2124,SKIPPERPP,E1,3904,3435,87.99
20,2125,SKMEGGPROD,EQ,135187,71268,52.72
20,2126,SKP,SM,9000,6000,66.67
20,2127,SLONE,ST,19200,17600,91.67
20,2128,SMALLCAP,EQ,510812,454688,89.01
20,2129,SMCGLOBAL,EQ,252526,166349,65.87
20,2130,SMLISUZU,EQ,17845,9523,53.37
20,2131,SMLT,EQ,52169,20816,39.90
20,2132,SMSLIFE,EQ,2453,1963,80.02
20,2133,SMSPHARMA,EQ,187891,78415,41.73
20,2134,SMVD,SM,12120,4040,33.33
20,2135,SNOWMAN,EQ,13758907,4917886,35.74
20,2136,SOBHA,EQ,1444693,603387,41.77
20,2137,SOBHAPP,E1,5465,5091,93.16
20,2138,SOFTTECH,EQ,4548,2681,58.95
20,2139,SOLARAPP,X1,8784,8429,95.96
20,2140,SOLARINDS,EQ,205308,86540,42.15
20,2141,SOLEX,SM,14000,9600,68.57
20,2142,SOMANYCERA,EQ,102151,81535,79.82
20,2143,SONACOMS,EQ,1069519,545861,51.04
20,2144,SONAMAC,SM,28000,20000,71.43
20,2145,SONAMLTD,EQ,214664,139813,65.13
20,2146,SONATSOFTW,EQ,1430495,579828,40.53
20,2147,SONUINFRA,ST,12000,9000,75.00
20,2148,SOTAC,ST,3600,2400,66.67
20,2149,SOTL,EQ,162033,59201,36.54
20,2150,SOUTHBANK,EQ,14038758,6510792,46.38
20,2151,SOUTHWEST,EQ,448695,279842,62.37
20,2152,SPAL,EQ,21717,9318,42.91
20,2153,SPANDANA,EQ,122752,77335,63.00
20,2154,SPARC,EQ,410138,275987,67.29
20,2155,SPCENET,EQ,1648760,889745,53.96
20,2156,SPCL,SM,98400,52800,53.66
20,2157,SPECIALITY,EQ,52626,32612,61.97
20,2158,SPECTRUM,SM,3625,2750,75.86
20,2159,SPECTSTM,SM,13600,11200,82.35
20,2160,SPENCERS,EQ,197463,94259,47.74
20,2161,SPIC,EQ,1083333,497937,45.96
20,2162,SPLIL,EQ,235542,121740,51.69
20,2163,SPLPETRO,EQ,49051,26271,53.56
20,2164,SPMLINFRA,EQ,186109,151552,81.43
20,2165,SPORTKING,EQ,188291,47881,25.43
20,2166,SPRL,ST,24800,16800,67.74
20,2167,SREEL,EQ,42459,12543,29.54
20,2168,SRF,EQ,1359673,889998,65.46
20,2169,SRGHFL,EQ,7868,3970,50.46
20,2170,SRHHYPOLTD,EQ,85835,38787,45.19
20,2171,SRIVASAVI,SM,6000,6000,100.00
20,2172,SRM,EQ,260265,163848,62.95
20,2173,SSFL,SM,12000,8500,70.83
20,2174,SSWL,EQ,377437,214409,56.81
20,2175,STANLEY,EQ,470391,278079,59.12
20,2176,STAR,EQ,422690,246415,58.30
20,2177,STARCEMENT,EQ,234980,112174,47.74
20,2178,STARHEALTH,EQ,832697,435867,52.34
20,2179,STARPAPER,EQ,41798,26712,63.91
20,2180,STCINDIA,EQ,4474309,778535,17.40
20,2181,STEELCAS,EQ,15037,10574,70.32
20,2182,STEELCITY,EQ,28399,19311,68.00
20,2183,STEELXIND,EQ,5327889,2942575,55.23
20,2184,STEL,EQ,9880,7642,77.35
20,2185,STERTOOLS,EQ,49991,25022,50.05
20,2186,STLTECH,EQ,3780707,1460108,38.62
20,2187,STOVEKRAFT,EQ,80770,46280,57.30
20,2188,STYLAMIND,EQ,18014,10350,57.46
20,2189,STYRENIX,EQ,53628,26739,49.86
20,2190,SUBEXLTD,EQ,44177708,13741705,31.11
20,2191,SUBROS,EQ,119263,52285,43.84
20,2192,SUDARSCHEM,EQ,206593,133376,64.56
20,2193,SUKHJITS,EQ,45396,27729,61.08
20,2194,SULA,EQ,196941,116866,59.34
20,2195,SUMICHEM,EQ,499144,278575,55.81
20,2196,SUMMITSEC,EQ,5201,2667,51.28
20,2197,SUNCLAY,EQ,53496,33171,62.01
20,2198,SUNDARMFIN,EQ,20828,11043,53.02
20,2199,SUNDARMHLD,EQ,93979,50248,53.47
20,2200,SUNDRMBRAK,EQ,9219,4619,50.10
20,2201,SUNDRMFAST,EQ,47688,27419,57.50
20,2202,SUNFLAG,EQ,308286,147508,47.85
20,2203,SUNPHARMA,EQ,4591049,2753618,59.98
20,2204,SUNREST,SM,12800,11200,87.50
20,2205,SUNTECK,EQ,401762,145149,36.13
20,2206,SUNTV,EQ,737242,196169,26.61
20,2207,SUPERHOUSE,EQ,26498,16929,63.89
20,2208,SUPERSPIN,EQ,162438,149105,91.79
20,2209,SUPRAJIT,EQ,108916,58653,53.85
20,2210,SUPREMEIND,EQ,245224,113700,46.37
20,2211,SUPREMEPWR,ST,74000,65000,87.84
20,2212,SUPRIYA,EQ,291981,181557,62.18
20,2213,SURANASOL,EQ,349130,225250,64.52
20,2214,SURANI,SM,5800,3800,65.52
20,2215,SURYALAXMI,EQ,51842,19928,38.44
20,2216,SURYAROSNI,EQ,159218,83063,52.17
20,2217,SURYODAY,EQ,244003,134381,55.07
20,2218,SUTLEJTEX,EQ,1506641,558147,37.05
20,2219,SUVEN,EQ,808720,468757,57.96
20,2220,SUVENPHAR,EQ,857917,498501,58.11
20,2221,SUVIDHAA,EQ,955203,792966,83.02
20,2222,SUZLON,EQ,67858407,33948337,50.03
20,2223,SVLL,EQ,9157,7913,86.41
20,2224,SVPGLOB,EQ,121133,65662,54.21
20,2225,SWANENERGY,EQ,1901397,993489,52.25
20,2226,SWARAJ,SM,19000,15000,78.95
20,2227,SWARAJENG,EQ,12527,6567,52.42
20,2228,SWASTIK,SM,52800,45600,86.36
20,2229,SWELECTES,EQ,61261,27935,45.60
20,2230,SWSOLAR,EQ,2702709,1446354,53.51
20,2231,SYLVANPLY,SM,134000,74000,55.22
20,2232,SYMPHONY,EQ,43597,25999,59.63
20,2233,SYNCOMF,EQ,3190765,1914995,60.02
20,2234,SYNGENE,EQ,2327035,575943,24.75
20,2235,SYNOPTICS,SM,10800,9600,88.89
20,2236,SYRMA,EQ,576363,296134,51.38
20,2237,SYSTANGO,SM,20800,14000,67.31
20,2238,TAC,SM,39600,33600,84.85
20,2239,TAJGVK,EQ,104581,52432,50.14
20,2240,TAKE,EQ,354204,223910,63.21
20,2241,TALBROAUTO,EQ,643438,220287,34.24
20,2242,TANLA,EQ,555594,160787,28.94
20,2243,TAPIFRUIT,SM,11250,8250,73.33
20,2244,TARACHAND,EQ,28460,19800,69.57
20,2245,TARMAT,EQ,455733,280954,61.65
20,2246,TARSONS,EQ,98121,54513,55.56
20,2247,TASTYBITE,EQ,18307,14932,81.56
20,2248,TATACHEM,EQ,873682,363066,41.56
20,2249,TATACOMM,EQ,588627,327484,55.64
20,2250,TATACONSUM,EQ,802492,328347,40.92
20,2251,TATAELXSI,EQ,68837,40154,58.33
20,2252,TATAGOLD,EQ,5044976,4241161,84.07
20,2253,TATAINVEST,EQ,12183,7747,63.59
20,2254,TATAMOTORS,EQ,21232845,10742360,50.59
20,2255,TATAMTRDVR,EQ,2721101,1436811,52.80
20,2256,TATAPOWER,EQ,33285673,12833330,38.56
20,2257,TATASTEEL,EQ,45642032,18495878,40.52
20,2258,TATATECH,EQ,736307,445498,60.50
20,2259,TATSILV,EQ,2591008,2477225,95.61
20,2260,TATVA,EQ,49092,27945,56.92
20,2261,TBI,ST,94800,85200,89.87
20,2262,TBOTEK,EQ,96338,78156,81.13
20,2263,TBZ,EQ,851289,368849,43.33
20,2264,TCHF30,NB,269,269,100.00
20,2265,TCI,EQ,51366,23433,45.62
20,2266,TCIEXP,EQ,14288,7736,54.14
20,2267,TCL,SM,136800,86400,63.16
20,2268,TCNSBRANDS,EQ,314665,172694,54.88
20,2269,TCPLPACK,EQ,3514,2008,57.14
20,2270,TCS,EQ,3552210,2259693,63.61
20,2271,TDPOWERSYS,EQ,330052,192274,58.26
20,2272,TEAMLEASE,EQ,63789,39980,62.68
20,2273,TECH,EQ,32315,25082,77.62
20,2274,TECHLABS,ST,18000,17500,97.22
20,2275,TECHM,EQ,7133745,2442248,34.24
20,2276,TEGA,EQ,72625,48432,66.69
20,2277,TEJASNET,EQ,310710,166116,53.46
20,2278,TEMBO,EQ,38742,6736,17.39
20,2279,TEXINFRA,EQ,866066,459173,53.02
20,2280,TEXMOPIPES,EQ,58512,36117,61.73
20,2281,TEXRAIL,EQ,8893395,3388252,38.10
20,2282,TFCILTD,EQ,627881,317295,50.53
20,2283,TGBHOTELS,EQ,140342,96080,68.46
20,2284,TGL,ST,121200,109200,90.10
20,2285,THANGAMAYL,EQ,141074,109635,77.71
20,2286,THEJO,EQ,9887,3883,39.27
20,2287,THEMISMED,EQ,285539,155486,54.45
20,2288,THERMAX,EQ,59650,40858,68.50
20,2289,THOMASCOOK,EQ,513621,318806,62.07
20,2290,THYROCARE,EQ,230643,80792,35.03
20,2291,TI,EQ,668512,330614,49.46
20,2292,TIDEWATER,EQ,143308,55740,38.90
20,2293,TIIL,EQ,32921,21987,66.79
20,2294,TIINDIA,EQ,222412,126463,56.86
20,2295,TIMESCAN,SM,28000,24000,85.71
20,2296,TIMESGTY,EQ,24584,6371,25.92
20,2297,TIMETECHNO,EQ,1145289,369488,32.26
20,2298,TIMKEN,EQ,200740,114048,56.81
20,2299,TIPSFILMS,EQ,26802,15878,59.24
20,2300,TIPSINDLTD,EQ,427216,275319,64.44
20,2301,TIRUMALCHM,EQ,1258218,590678,46.95
20,2302,TITAGARH,EQ,1324857,423301,31.95
20,2303,TITAN,EQ,1830745,914285,49.94
20,2304,TMB,EQ,49035,30706,62.62
20,2305,TNIDETF,EQ,95306,89519,93.93
20,2306,TNPETRO,EQ,731213,344350,47.09
20,2307,TNPL,EQ,41970,22308,53.15
20,2308,TOKYOPLAST,EQ,20238,10958,54.15
20,2309,TOP100CASE,EQ,112996,104796,92.74
20,2310,TORNTPHARM,EQ,309512,187611,60.62
20,2311,TORNTPOWER,EQ,270472,140701,52.02
20,2312,TOUCHWOOD,EQ,1927,918,47.64
20,2313,TPLPLASTEH,EQ,791628,177278,22.39
20,2314,TRACXN,EQ,489119,239552,48.98
20,2315,TRANSTEEL,SM,110000,56000,50.91
20,2316,TRANSWIND,SM,8000,8000,100.00
20,2317,TREEHOUSE,EQ,102219,81500,79.73
20,2318,TREL,EQ,424887,277468,65.30
20,2319,TRENT,EQ,336310,178353,53.03
20,2320,TRIDENT,EQ,13083447,4900355,37.45
20,2321,TRIDHYA,SM,21000,21000,100.00
20,2322,TRITURBINE,EQ,178492,76834,43.05
20,2323,TRIVENI,EQ,343790,124044,36.08
20,2324,TRU,EQ,4672096,1160227,24.83
20,2325,TRUST,ST,96000,90000,93.75
20,2326,TTKHLTCARE,EQ,25710,21048,81.87
20,2327,TTKPRESTIG,EQ,231779,62295,26.88
20,2328,TTL,EQ,28673,15529,54.16
20,2329,TTML,EQ,47795541,11085247,23.19
20,2330,TUNWAL,ST,3670000,3580000,97.55
20,2331,TV18BRDCST,EQ,26783415,12675400,47.33
20,2332,TVSELECT,EQ,96829,52480,54.20
20,2333,TVSHLTD,EQ,5873,3324,56.60
20,2334,TVSMOTOR,EQ,1328315,723979,54.50
20,2335,TVSSCS,EQ,1342164,725280,54.04
20,2336,TVSSRICHAK,EQ,3319,1731,52.15
20,2337,TVTODAY,EQ,282222,123266,43.68
20,2338,UBL,EQ,1027129,424789,41.36
20,2339,UCAL,EQ,9752,4248,43.56
20,2340,UCL,SM,4000,4000,100.00
20,2341,UCOBANK,EQ,26098098,8066802,30.91
20,2342,UDAICEMENT,EQ,886906,453379,51.12
20,2343,UDS,EQ,122607,80165,65.38
20,2344,UFLEX,EQ,99031,45875,46.32
20,2345,UFO,EQ,240675,101323,42.10
20,2346,UGARSUGAR,EQ,411575,162045,39.37
20,2347,UGROCAP,EQ,131838,74128,56.23
20,2348,UJJIVANSFB,EQ,24464581,15956874,65.22
20,2349,ULTRACEMCO,EQ,333210,196509,58.97
20,2350,UMA,SM,48000,20000,41.67
20,2351,UMAEXPORTS,EQ,44281,21816,49.27
20,2352,UNICHEMLAB,EQ,10442,4728,45.28
20,2353,UNIDT,EQ,20584,12870,62.52
20,2354,UNIENTER,EQ,7408,4676,63.12
20,2355,UNIHEALTH,SM,9000,8000,88.89
20,2356,UNIINFO,EQ,136665,109818,80.36
20,2357,UNIONBANK,EQ,8580365,4149122,48.36
20,2358,UNIPARTS,EQ,167789,97949,58.38
20,2359,UNITDSPR,EQ,892506,410462,45.99
20,2360,UNITEDPOLY,EQ,39584,30391,76.78
20,2361,UNITEDTEA,EQ,16292,9674,59.38
20,2362,UNIVCABLES,EQ,25937,11888,45.83
20,2363,UNIVPHOTO,EQ,2345,1355,57.78
20,2364,UNOMINDA,EQ,572467,268210,46.85
20,2365,UPL,EQ,1488053,697811,46.89
20,2366,URAVI,EQ,3595,2782,77.39
20,2367,URBAN,SM,98000,54400,55.51
20,2368,URJA,EQ,9157012,5853506,63.92
20,2369,USASEEDS,SM,300,300,100.00
20,2370,USHAMART,EQ,1290310,729372,56.53
20,2371,UTIAMC,EQ,629083,362472,57.62
20,2372,UTIBANKETF,EQ,672470,582496,86.62
20,2373,UTINEXT50,EQ,111194,94832,85.29
20,2374,UTINIFTETF,EQ,4965,3390,68.28
20,2375,UTISENSETF,EQ,1620,1409,86.98
20,2376,UTISXN50,EQ,2691,2539,94.35
20,2377,UTKARSHBNK,EQ,1012743,657359,64.91
20,2378,UTTAMSUGAR,EQ,104892,47096,44.90
20,2379,UWCSL,SM,4000,4000,100.00
20,2380,VADILALIND,EQ,6976,4376,62.73
20,2381,VAIBHAVGBL,EQ,589165,279046,47.36
20,2382,VAISHALI,EQ,87968,52530,59.71
20,2383,VAKRANGEE,EQ,7762665,2125679,27.38
20,2384,VALIANTLAB,EQ,122108,45675,37.41
20,2385,VALIANTORG,EQ,60172,36857,61.25
20,2386,VARDHACRLC,EQ,128316,75944,59.19
20,2387,VARDMNPOLY,EQ,135860,119246,87.77
20,2388,VARROC,EQ,100879,45262,44.87
20,2389,VASA,ST,36000,32000,88.89
20,2390,VASCONEQ,EQ,4953395,2222132,44.86
20,2391,VASWANI,EQ,433205,209202,48.29
20,2392,VBL,EQ,2855109,1917493,67.16
20,2393,VEDL,EQ,28749214,12807774,44.55
20,2394,VEEKAYEM,SM,5500,5500,100.00
20,2395,VELS,SM,1200,1200,100.00
20,2396,VENKEYS,EQ,31179,19422,62.29
20,2397,VENUSPIPES,EQ,294229,132037,44.88
20,2398,VENUSREM,EQ,124222,75835,61.05
20,2399,VERA,SM,16500,15000,90.91
20,2400,VERITAAS,SM,3600,3600,100.00
20,2401,VESUVIUS,EQ,68123,19921,29.24
20,2402,VETO,EQ,1987757,845553,42.54
20,2403,VGUARD,EQ,312972,151706,48.47
20,2404,VHL,EQ,1421,466,32.79
20,2405,VIAZ,SM,8000,6000,75.00
20,2406,VIDHIING,EQ,11981,5939,49.57
20,2407,VIJAYA,EQ,157281,79740,50.70
20,2408,VIKASECO,EQ,6926318,3379705,48.80
20,2409,VIKASLIFE,EQ,8463475,4992195,58.99
20,2410,VILAS,ST,38000,36000,94.74
20,2411,VIMTALABS,EQ,81631,18133,22.21
20,2412,VINATIORGA,EQ,311836,193239,61.97
20,2413,VINDHYATEL,EQ,42254,19384,45.87
20,2414,VINEETLAB,EQ,47108,22115,46.95
20,2415,VINNY,EQ,434193,258827,59.61
20,2416,VINSYS,SM,7500,6000,80.00
20,2417,VINYAS,ST,4400,4000,90.91
20,2418,VINYLINDIA,EQ,48526,26103,53.79
20,2419,VIPIND,EQ,239763,108352,45.19
20,2420,VIPULLTD,EQ,285740,165206,57.82
20,2421,VIRINCHI,EQ,579666,304247,52.49
20,2422,VISAKAIND,EQ,375173,149447,39.83
20,2423,VISAMAN,SM,87000,84000,96.55
20,2424,VISHNU,EQ,222711,148728,66.78
20,2425,VISHNUINFR,SM,28000,23000,82.14
20,2426,VISHWARAJ,EQ,1289813,465496,36.09
20,2427,VISHWAS,SM,35200,14400,40.91
20,2428,VITAL,ST,46800,46800,100.00
20,2429,VIVIANA,ST,10500,9500,90.48
20,2430,VLEGOV,EQ,506061,372973,73.70
20,2431,VLSFINANCE,EQ,74679,43896,58.78
20,2432,VMARCIND,SM,137000,104000,75.91
20,2433,VMART,EQ,9214,2886,31.32
20,2434,VOLTAMP,EQ,15737,8743,55.56
20,2435,VOLTAS,EQ,527572,274600,52.05
20,2436,VPRPL,EQ,5249555,2303510,43.88
20,2437,VR,SM,9600,6400,66.67
20,2438,VRAJ,EQ,159504,95650,59.97
20,2439,VRLLOG,EQ,51921,30574,58.89
20,2440,VSSL,EQ,93619,45180,48.26
20,2441,VSTIND,EQ,466010,178268,38.25
20,2442,VSTTILLERS,EQ,20803,11339,54.51
20,2443,VTL,EQ,338016,162829,48.17
20,2444,WABAG,EQ,1128582,312849,27.72
20,2445,WALCHANNAG,EQ,1314643,665632,50.63
20,2446,WALPAR,SM,1000,1000,100.00
20,2447,WANBURY,EQ,364689,244441,67.03
20,2448,WEALTH,EQ,14869,7483,50.33
20,2449,WEL,EQ,20263,3285,16.21
20,2450,WELCORP,EQ,440274,158440,35.99
20,2451,WELENT,EQ,343540,141737,41.26
20,2452,WELINV,EQ,193,115,59.59
20,2453,WELSPUNLIV,EQ,6872529,3074635,44.74
20,2454,WENDT,EQ,394,189,47.97
20,2455,WESTLIFE,EQ,96028,36830,38.35
20,2456,WHEELS,EQ,55548,30373,54.68
20,2457,WHIRLPOOL,EQ,257678,214721,83.33
20,2458,WILLAMAGOR,EQ,10995,5665,51.52
20,2459,WINDLAS,EQ,71082,39011,54.88
20,2460,WINDMACHIN,EQ,261411,170741,65.32
20,2461,WINNY,SM,2000,2000,100.00
20,2462,WINSOL,SM,76800,35200,45.83
20,2463,WIPL,EQ,2735,1145,41.86
20,2464,WIPRO,EQ,13076998,5734204,43.85
20,2465,WOMANCART,ST,8000,8000,100.00
20,2466,WONDERLA,EQ,57585,37697,65.46
20,2467,WORTH,EQ,295525,168427,56.99
20,2468,WSI,EQ,511197,184776,36.15
20,2469,WSTCSTPAPR,EQ,99376,60527,60.91
20,2470,WTICAB,SM,53000,37000,69.81
20,2471,XCHANGING,EQ,933032,437221,46.86
20,2472,XELPMOC,EQ,18083,6711,37.11
20,2473,XPROINDIA,EQ,51461,27239,52.93
20,2474,YAARI,EQ,263864,223898,84.85
20,2475,YASHO,EQ,4743,2477,52.22
20,2476,YASHOPTICS,SM,150400,121600,80.85
20,2477,YATHARTH,EQ,274453,162591,59.24
20,2478,YATRA,EQ,1066827,611436,57.31
20,2479,YCCL,SM,21000,18000,85.71
20,2480,YESBANK,EQ,120894253,41328165,34.19
20,2481,YUDIZ,ST,1600,1600,100.00
20,2482,YUKEN,EQ,11039,7366,66.73
20,2483,ZAGGLE,EQ,2757056,1095804,39.75
20,2484,ZEAL,SM,38400,27000,70.31
20,2485,ZEEL,EQ,14753283,7814301,52.97
20,2486,ZEEMEDIA,EQ,5367286,1971320,36.73
20,2487,ZENITHDRUG,SM,206400,160000,77.52
20,2488,ZENSARTECH,EQ,4148620,973651,23.47
20,2489,ZENTEC,EQ,550733,319422,58.00
20,2490,ZFCVINDIA,EQ,7783,5280,67.84
20,2491,ZIMLAB,EQ,152107,78237,51.44
20,2492,ZOMATO,EQ,35693966,19022364,53.29
20,2493,ZOTA,EQ,36917,18481,50.06
20,2494,ZTECH,SM,291600,169200,58.02
20,2495,ZUARI,EQ,137231,52931,38.57
20,2496,ZUARIIND,EQ,127499,72872,57.15
20,2497,ZYDUSLIFE,EQ,1347634,680850,50.52
20,2498,ZYDUSWELL,EQ,36669,24350,66.40
