Security Wise Delivery Position - Compulsory Rolling Settlement
10,MTO,19092024,2562305013,0002475
Trade Date <19-SEP-2024>,Settlement Type <N>
Record Type,Sr No,Name of Security,Quantity Traded,Deliverable Quantity(gross across client level),% of Deliverable Quantity to Traded Quantity
20,1,1003ICCL28,NX,22,10,45.45
20,2,1003IIFL29,NC,19,10,52.63
20,3,1003ISFL28,N4,130,130,100.00
20,4,1015SCL28B,AZ,10,10,100.00
20,5,1018GS2026,GS,5802,5800,99.97
20,6,1025NFL25,N5,60,60,100.00
20,7,1025SCL34,Z8,6334,6000,94.73
20,8,1040UCL25,N4,45,45,100.00
20,9,1049DLS25A,Y5,10,10,100.00
20,10,1050NFL26,N7,382,382,100.00
20,11,1050UCL25,N7,220,110,50.00
20,12,1065NFL27,NC,166,166,100.00
20,13,10IIFL28,N4,555,555,100.00
20,14,10IIFL28A,NE,271,271,100.00
20,15,10IIFL29,N6,42,42,100.00
20,16,10NFL25,N9,1,1,100.00
20,17,10NIDO26,N6,25,25,100.00
20,18,10SCL30A,BV,2,2,100.00
20,19,1102NFL26,N8,1,1,100.00
20,20,182D031024,TB,2100,2100,100.00
20,21,182D051224,TB,3100,3100,100.00
20,22,182D060225,TB,100,100,100.00
20,23,182D071124,TB,3400,3400,100.00
20,24,182D090125,TB,700,700,100.00
20,25,182D281124,TB,1700,1700,100.00
20,26,20MICRONS,EQ,246937,92570,37.49
20,27,360ONE,EQ,304224,148572,48.84
20,28,364D031024,TB,1000,1000,100.00
20,29,364D040925,TB,1000,1000,100.00
20,30,364D070825,TB,300,300,100.00
20,31,364D071124,TB,1600,1600,100.00
20,32,364D101024,TB,1000,1000,100.00
20,33,364D121224,TB,400,400,100.00
20,34,364D130225,TB,100,100,100.00
20,35,364D230525,TB,2000,2000,100.00
20,36,364D240725,TB,100,100,100.00
20,37,364D270225,TB,1000,1000,100.00
20,38,364D270924,TB,40000,40000,100.00
20,39,3IINFOLTD,EQ,567019,245585,43.31
20,40,3MINDIA,EQ,4572,1849,40.44
20,41,563GS2026,GS,15,15,100.00
20,42,574GS2026,GS,236,226,95.76
20,43,5PAISA,EQ,158818,61480,38.71
20,44,618GS2024,GS,2,2,100.00
20,45,63MOONS,EQ,204168,117823,57.71
20,46,654GS2032,GS,6002,6001,99.98
20,47,667GS2050,GS,14,14,100.00
20,48,676GS2061,GS,3,3,100.00
20,49,689GS2025,GS,2308,2308,100.00
20,50,68GS2060,GS,101,101,100.00
20,51,697GR2034,GS,200,200,100.00
20,52,699GS2026,GS,3200,3200,100.00
20,53,699GS2051,GS,19198,18498,96.35
20,54,702GS2027,GS,3659,3659,100.00
20,55,702GS2031,GS,1304,1304,100.00
20,56,706GS2028,GS,10602,10601,99.99
20,57,710GS2029,GS,1000,1000,100.00
20,58,717GS2030,GS,1100,1000,90.91
20,59,718GS2033,GS,5090,4570,89.78
20,60,718GS2037,GS,15601,15401,98.72
20,61,71GS2034,GS,100,100,100.00
20,62,723GS2039,GS,100,100,100.00
20,63,725GS2063,GS,7482,7082,94.65
20,64,726GS2032,GS,25744,24561,95.40
20,65,726GS2033,GS,95501,95501,100.00
20,66,729NHAI26,NC,210,210,100.00
20,67,732GS2030,GS,200,200,100.00
20,68,732IRFC25,NI,164,164,100.00
20,69,733GS2026,GS,2750,2750,100.00
20,70,734GS2064,GS,3900,3600,92.31
20,71,735IRFC31,NM,200,200,100.00
20,72,735NABAR31,N1,8000,8000,100.00
20,73,735NHAI31,N9,13,10,76.92
20,74,736GS2052,GS,4101,4101,100.00
20,75,736PFCL28,N2,32000,32000,100.00
20,76,737GS2028,GS,500,500,100.00
20,77,737NTPC35C,NA,4,4,100.00
20,78,738GS2027,GS,53028,52953,99.86
20,79,739NHAI26,N8,182,182,100.00
20,80,73GS2053,GS,4143,4143,100.00
20,81,743REC35,NH,5,5,100.00
20,82,746GS2073,GS,1450,1350,93.10
20,83,751HUDCO28,N5,485,485,100.00
20,84,753IRFC30,NJ,1,1,100.00
20,85,754GS2036,GS,264082,241309,91.38
20,86,760PFCL35,N3,70,70,100.00
20,87,764HUDCO31,N8,1,1,100.00
20,88,764IRFC31,NO,610,610,100.00
20,89,769NHAI31,NE,2241,2200,98.17
20,90,76IGT26,ND,200,200,100.00
20,91,76NHAI31,NA,2740,1880,68.61
20,92,773UP34,SG,100,100,100.00
20,93,774IREDA31,N7,150,150,100.00
20,94,78ABFL33,N4,5,5,100.00
20,95,797IGT31,NL,50,50,100.00
20,96,79NHIT35,N1,1151,1146,99.57
20,97,79NHIT40,N2,593,593,100.00
20,98,79NHIT47,N3,35,35,100.00
20,99,801TCH25,N4,100,100,100.00
20,100,810IRFC27,N2,3734,3266,87.47
20,101,81ABFL33,N5,14,4,28.57
20,102,81TCHF28,N8,130,130,100.00
20,103,824GS2027,GS,20,10,50.00
20,104,825IIFL25,N7,100,100,100.00
20,105,82IGT31,NJ,861,861,100.00
20,106,830CIFC26,N2,50,50,100.00
20,107,830NHAI27,N2,5192,5115,98.52
20,108,830PFCL27,N5,323,273,84.52
20,109,83TCHF25,N6,300,300,100.00
20,110,840CIFCL28,N4,350,350,100.00
20,111,842IIFL26,NL,1095,1095,100.00
20,112,843IHFL29,NC,31,31,100.00
20,113,846REC28,N6,200,200,100.00
20,114,849NTPC25,N7,129862,128709,99.11
20,115,84CIFCL28,NA,14,14,100.00
20,116,850NHAI29,N5,150,150,100.00
20,117,862REC33,NA,1,1,100.00
20,118,863IRFC29,NC,435,435,100.00
20,119,865IFL28,NZ,1171,1171,100.00
20,120,865IIFL28,NS,295,295,100.00
20,121,865IRFC29,NA,1,1,100.00
20,122,865LTF26,NN,45,45,100.00
20,123,865TCAPS27,N8,120,120,100.00
20,124,866NTPC33,N3,10,10,100.00
20,125,867NHPC33,N3,10,10,100.00
20,126,86LTF24,NJ,40,30,75.00
20,127,871REC28,N9,710,710,100.00
20,128,875IIFL26,NM,25,25,100.00
20,129,875NHAI29,N6,545,545,100.00
20,130,875SFL27,ZF,200,200,100.00
20,131,876HUDCO28,ND,550,500,90.91
20,132,879NHPC28,N5,50,25,50.00
20,133,87LTF27,NH,609,609,100.00
20,134,880IREDA29,N5,155,155,100.00
20,135,880IREDA34,N6,25,25,100.00
20,136,883GS2041,GS,564,564,100.00
20,137,885MOFSL26,N0,240,120,50.00
20,138,888ERFL28,N5,200,200,100.00
20,139,888IHFL25F,NC,1,1,100.00
20,140,888IRFC29,NE,534,534,100.00
20,141,888NHB29,N5,50,50,100.00
20,142,888REC29,NF,175,175,100.00
20,143,889SCL27,YT,1,1,100.00
20,144,890NHB34,N7,25,25,100.00
20,145,891IIFCL34,N4,230,230,100.00
20,146,891NTPC33,N6,1000,1000,100.00
20,147,892PFCL33,N8,1812,1686,93.05
20,148,893NHB29,N6,10,10,100.00
20,149,897MOFSL29,N4,50,50,100.00
20,150,8ABFL26,N0,400,400,100.00
20,151,901HUDCO34,NE,61,60,98.36
20,152,901NHB34,N6,84,77,91.67
20,153,903SFL28,YI,128,128,100.00
20,154,905PEL26,N1,10,10,100.00
20,155,910TCAP28,NA,336,336,100.00
20,156,91D031024,TB,200,200,100.00
20,157,91D051224,TB,2000,2000,100.00
20,158,91D071124,TB,12600,12600,100.00
20,159,91D101024,TB,500,500,100.00
20,160,91D121224,TB,1700,1700,100.00
20,161,91D151124,TB,13500,13500,100.00
20,162,91D260924,TB,1700,1700,100.00
20,163,91D281124,TB,9200,9200,100.00
20,164,91D311024,TB,1000,1000,100.00
20,165,91MOFSL27,N2,22,22,100.00
20,166,920PEL28,N2,617,467,75.69
20,167,925AEL26,N1,39,38,97.44
20,168,925ICCL24A,NE,10,10,100.00
20,169,925SCFL27,YA,35,35,100.00
20,170,925SCL28B,YC,10,10,100.00
20,171,92GS2030,GS,4387,3787,86.32
20,172,932AEL27,N3,150,150,100.00
20,173,935PEL33,N3,20,10,50.00
20,174,93SCL24A,ZN,11,11,100.00
20,175,943ECL28,NJ,47,37,78.72
20,176,945IFSL25,N4,99,99,100.00
20,177,94IFCI25,NL,621,621,100.00
20,178,955SCL27A,ZJ,3,3,100.00
20,179,956AEL29,N6,394,394,100.00
20,180,957ICCL25,YW,119,110,92.44
20,181,957NIDO26,N5,50,50,100.00
20,182,965AEL27,N4,364,364,100.00
20,183,965SCL25B,Y1,3,3,100.00
20,184,965SCL25C,N0,10,10,100.00
20,185,96IIFL28,N5,819,819,100.00
20,186,96IIFL28A,NF,1608,1451,90.24
20,187,96SFL24A,NB,16,16,100.00
20,188,970CAGL28,ND,200,200,100.00
20,189,971SCL28,AN,20,20,100.00
20,190,971SCL28I,BC,7,7,100.00
20,191,975NFL25,N0,185,185,100.00
20,192,97MOFSL34,N7,1000,1000,100.00
20,193,985ECL28,NK,200,200,100.00
20,194,985IIFL22,NC,30,30,100.00
20,195,99AEL29,N7,6239,5845,93.68
20,196,99IFCI24,NH,1330,1330,100.00
20,197,9IIFL28A,NT,172,102,59.30
20,198,9MMFSML,N2,695,495,71.22
20,199,9SCL26BA,NA,291,291,100.00
20,200,AAATECH,EQ,920225,272326,29.59
20,201,AADHARHFC,EQ,1222907,689345,56.37
20,202,AARON,EQ,16777,6424,38.29
20,203,AARTECH,EQ,88322,32628,36.94
20,204,AARTIDRUGS,EQ,103992,48515,46.65
20,205,AARTIIND,EQ,2903901,1688890,58.16
20,206,AARTIPHARM,EQ,234826,123269,52.49
20,207,AARTISURF,EQ,133209,44198,33.18
20,208,AARTISURF,P1,12,12,100.00
20,209,AARVI,EQ,33633,12142,36.10
20,210,AATMAJ,SM,10000,8000,80.00
20,211,AAVAS,EQ,682523,285089,41.77
20,212,ABAN,EQ,164458,105934,64.41
20,213,ABB,EQ,438617,195731,44.62
20,214,ABBOTINDIA,EQ,34887,24722,70.86
20,215,ABCAPITAL,EQ,21734548,5872608,27.02
20,216,ABCOTS,SM,3000,3000,100.00
20,217,ABDL,EQ,1249217,514930,41.22
20,218,ABFL26,N1,40,40,100.00
20,219,ABFRL,EQ,5549562,2365179,42.62
20,220,ABGSEC,EQ,25362,25142,99.13
20,221,ABINFRA,SM,22000,18000,81.82
20,222,ABSLAMC,EQ,373043,202453,54.27
20,223,ABSLBANETF,EQ,213630,195380,91.46
20,224,ABSLLIQUID,EQ,4492,4268,95.01
20,225,ABSLNN50ET,EQ,38078,34389,90.31
20,226,ABSLPSE,EQ,722726,611319,84.59
20,227,ABSMARINE,SM,98000,68000,69.39
20,228,ACC,EQ,197882,73306,37.05
20,229,ACCELYA,EQ,19607,9793,49.95
20,230,ACCENTMIC,SM,19500,17000,87.18
20,231,ACCORD,SM,2000,2000,100.00
20,232,ACE,EQ,248214,105144,42.36
20,233,ACEINTEG,EQ,135995,56930,41.86
20,234,ACI,EQ,224385,110063,49.05
20,235,ACL,EQ,29231,16821,57.55
20,236,ACLGATI,EQ,1403628,930121,66.27
20,237,ACSAL,SM,270000,153000,56.67
20,238,ADANIENSOL,EQ,3414484,2068224,60.57
20,239,ADANIENT,EQ,1655401,825865,49.89
20,240,ADANIGREEN,EQ,4625834,2709703,58.58
20,241,ADANIPORTS,EQ,2072872,855328,41.26
20,242,ADANIPOWER,EQ,2363060,783368,33.15
20,243,ADFFOODS,EQ,597102,174032,29.15
20,244,ADORWELD,EQ,7751,4415,56.96
20,245,ADROITINFO,EQ,54206,48325,89.15
20,246,ADROITPP1,E1,29587,26887,90.87
20,247,ADSL,EQ,1159142,406934,35.11
20,248,ADVANIHOTR,EQ,142793,76586,53.63
20,249,ADVENZYMES,EQ,747183,371439,49.71
20,250,AEGISLOG,EQ,146075,89128,61.02
20,251,AEL120924,N2,40,40,100.00
20,252,AEROFLEX,EQ,1429139,637589,44.61
20,253,AERON,SM,190000,130000,68.42
20,254,AESTHETIK,SM,138000,80000,57.97
20,255,AETHER,EQ,66611,25749,38.66
20,256,AFFLE,EQ,344730,151951,44.08
20,257,AFIL,EQ,228926,97964,42.79
20,258,AGARIND,EQ,41929,26817,63.96
20,259,AGARWALFT,ST,24000,18000,75.00
20,260,AGI,EQ,203802,80696,39.60
20,261,AGIIL,EQ,205865,25664,12.47
20,262,AGNI,SM,37500,27500,73.33
20,263,AGRITECH,EQ,169207,76917,45.46
20,264,AGROPHOS,EQ,78598,23110,29.40
20,265,AGSTRA,EQ,1345426,507170,37.70
20,266,AGUL,SM,4000,4000,100.00
20,267,AHL,EQ,229657,118330,51.52
20,268,AHLADA,EQ,37552,22815,60.76
20,269,AHLEAST,EQ,14003,8205,58.59
20,270,AHLUCONT,EQ,89002,50477,56.71
20,271,AIAENG,EQ,34969,21059,60.22
20,272,AIIL,EQ,48140,23403,48.61
20,273,AIMTRON,ST,81600,74400,91.18
20,274,AIROLAM,EQ,17619,9975,56.62
20,275,AIRTELPP,E1,566004,470180,83.07
20,276,AISL,SM,50400,37200,73.81
20,277,AJANTPHARM,EQ,140616,53538,38.07
20,278,AJMERA,EQ,33583,20717,61.69
20,279,AKANKSHA,ST,58000,52000,89.66
20,280,AKASH,EQ,98496,36088,36.64
20,281,AKG,EQ,84177,49856,59.23
20,282,AKI,EQ,73267,72366,98.77
20,283,AKIKO,SM,107200,80000,74.63
20,284,AKSHARCHEM,EQ,6928,5141,74.21
20,285,AKSHOPTFBR,EQ,322312,194160,60.24
20,286,AKUMS,EQ,108418,60397,55.71
20,287,AKZOINDIA,EQ,8810,4512,51.21
20,288,ALANKIT,EQ,12306585,2568747,20.87
20,289,ALEMBICLTD,EQ,1169949,503409,43.03
20,290,ALICON,EQ,23447,11773,50.21
20,291,ALKALI,EQ,39225,22636,57.71
20,292,ALKEM,EQ,123993,57631,46.48
20,293,ALKYLAMINE,EQ,769133,106773,13.88
20,294,ALLCARGO,EQ,3424855,1151048,33.61
20,295,ALLETEC,SM,49200,34000,69.11
20,296,ALLSEC,EQ,34939,17955,51.39
20,297,ALOKINDS,EQ,15510015,4770915,30.76
20,298,ALPA,EQ,153645,65378,42.55
20,299,ALPEXSOLAR,ST,87200,74400,85.32
20,300,ALPHA,EQ,2267607,1696702,74.82
20,301,ALPHAETF,EQ,5405167,4035426,74.66
20,302,ALPL30IETF,EQ,1836425,1547915,84.29
20,303,ALUWIND,ST,27000,27000,100.00
20,304,AMBER,EQ,104348,51694,49.54
20,305,AMBEY,SM,74000,58000,78.38
20,306,AMBICAAGAR,EQ,22416,12426,55.43
20,307,AMBIKCO,EQ,20156,10477,51.98
20,308,AMBUJACEM,EQ,2512582,1113973,44.34
20,309,AMDIND,EQ,31743,22344,70.39
20,310,AMEYA,SM,6000,6000,100.00
20,311,AMIORG,EQ,387610,141199,36.43
20,312,AMNPLST,EQ,13173,6673,50.66
20,313,AMRUTANJAN,EQ,73200,28910,39.49
20,314,ANANDRATHI,EQ,13408,7994,59.62
20,315,ANANTRAJ,EQ,1677286,670095,39.95
20,316,ANDHRAPAP,EQ,460481,259376,56.33
20,317,ANDHRSUGAR,EQ,203778,93278,45.77
20,318,ANGELONE,EQ,1185748,352332,29.71
20,319,ANLON,ST,13600,13600,100.00
20,320,ANNAPURNA,SM,484000,392500,81.10
20,321,ANUP,EQ,24353,11965,49.13
20,322,ANURAS,EQ,69797,41489,59.44
20,323,APARINDS,EQ,102276,46440,45.41
20,324,APCL,EQ,19583,11778,60.14
20,325,APCOTEXIND,EQ,40120,21856,54.48
20,326,APEX,EQ,94969,46482,48.94
20,327,APLAPOLLO,EQ,395562,263319,66.57
20,328,APLLTD,EQ,168914,79791,47.24
20,329,APOLLO,EQ,2514242,1020152,40.57
20,330,APOLLOHOSP,EQ,407897,260383,63.84
20,331,APOLLOPIPE,EQ,52981,31978,60.36
20,332,APOLLOTYRE,EQ,1819180,788257,43.33
20,333,APOLSINHOT,EQ,1770,1344,75.93
20,334,APRAMEYA,SM,16000,14000,87.50
20,335,APS,ST,45000,36500,81.11
20,336,APTECHT,EQ,276385,126087,45.62
20,337,APTUS,EQ,1946651,1181092,60.67
20,338,ARABIAN,SM,14000,12000,85.71
20,339,ARCHIES,EQ,274275,151872,55.37
20,340,ARE&M,EQ,540869,301459,55.74
20,341,ARHAM,SM,23000,19000,82.61
20,342,ARIES,EQ,275813,162168,58.80
20,343,ARIHANTACA,SM,132000,123200,93.33
20,344,ARIHANTCAP,EQ,1503842,672884,44.74
20,345,ARIHANTSUP,EQ,69909,26486,37.89
20,346,ARISTO,SM,22400,16000,71.43
20,347,ARMANFIN,EQ,42260,19607,46.40
20,348,AROGRANITE,EQ,104129,58247,55.94
20,349,ARROWGREEN,EQ,111904,61478,54.94
20,350,ARTEMISMED,EQ,300361,164319,54.71
20,351,ARVIND,EQ,381751,182918,47.92
20,352,ARVINDFASN,EQ,874542,542243,62.00
20,353,ARVSMART,EQ,78122,45886,58.74
20,354,ASAHIINDIA,EQ,634022,156599,24.70
20,355,ASAL,EQ,19271,8112,42.09
20,356,ASALCBR,EQ,105234,36333,34.53
20,357,ASHALOG,SM,25000,22000,88.00
20,358,ASHAPURMIN,EQ,235571,122734,52.10
20,359,ASHIANA,EQ,108113,40443,37.41
20,360,ASHOKA,EQ,860872,364615,42.35
20,361,ASHOKAMET,EQ,42300,33678,79.62
20,362,ASHOKLEY,EQ,14207700,8742759,61.54
20,363,ASIANENE,EQ,226953,108917,47.99
20,364,ASIANHOTNR,EQ,4361,3486,79.94
20,365,ASIANPAINT,EQ,963456,396014,41.10
20,366,ASIANTILES,EQ,1138370,559733,49.17
20,367,ASKAUTOLTD,EQ,174127,75931,43.61
20,368,ASMS,EQ,2274777,1026865,45.14
20,369,ASPINWALL,EQ,11579,6490,56.05
20,370,ASPIRE,SM,84000,84000,100.00
20,371,ASTEC,EQ,44074,22539,51.14
20,372,ASTERDM,EQ,2533437,1113837,43.97
20,373,ASTRAL,EQ,308606,148739,48.20
20,374,ASTRAMICRO,EQ,360855,202646,56.16
20,375,ASTRAZEN,EQ,6386,2429,38.04
20,376,ASTRON,EQ,74612,52754,70.70
20,377,ATAM,EQ,81910,33263,40.61
20,378,ATFL,EQ,36301,20128,55.45
20,379,ATGL,EQ,711872,291597,40.96
20,380,ATL,EQ,641053,336638,52.51
20,381,ATMASTCO,ST,56800,50400,88.73
20,382,ATUL,EQ,57906,23020,39.75
20,383,AUBANK,EQ,6130072,2452377,40.01
20,384,AURDIS,SM,26500,22000,83.02
20,385,AURIONPRO,EQ,79721,59979,75.24
20,386,AUROIMPEX,SM,28800,20800,72.22
20,387,AUROPHARMA,EQ,692586,311493,44.98
20,388,AURUMPP1,X1,1982,1963,99.04
20,389,AUSL,ST,604000,598000,99.01
20,390,AUTOAXLES,EQ,14978,9738,65.02
20,391,AUTOBEES,EQ,256033,166745,65.13
20,392,AUTOIETF,EQ,647464,437415,67.56
20,393,AUTOIND,EQ,346380,145962,42.14
20,394,AVADHSUGAR,EQ,171478,63789,37.20
20,395,AVALON,EQ,713094,246033,34.50
20,396,AVANTEL,EQ,644576,225058,34.92
20,397,AVANTIFEED,EQ,421500,134825,31.99
20,398,AVG,EQ,78631,39815,50.64
20,399,AVPINFRA,SM,235200,115200,48.98
20,400,AVTNPL,EQ,384430,146097,38.00
20,401,AWFIS,EQ,418567,155594,37.17
20,402,AWHCL,EQ,220835,121522,55.03
20,403,AWL,EQ,1948937,930596,47.75
20,404,AXISBANK,EQ,8449864,4782905,56.60
20,405,AXISBNKETF,EQ,7940,7060,88.92
20,406,AXISBPSETF,EQ,328429,325627,99.15
20,407,AXISCADES,EQ,146528,58965,40.24
20,408,AXISCETF,EQ,5515,3577,64.86
20,409,AXISGOLD,EQ,141455,98813,69.85
20,410,AXISHCETF,EQ,3264,2812,86.15
20,411,AXISILVER,EQ,66626,53175,79.81
20,412,AXISNIFTY,EQ,3541,2471,69.78
20,413,AXISTECETF,EQ,3100,1952,62.97
20,414,AXITA,EQ,31690157,12477589,39.37
20,415,AXSENSEX,EQ,22140,1661,7.50
20,416,AZAD,EQ,321420,211079,65.67
20,417,BABAFP,SM,25600,22400,87.50
20,418,BAGFILMS,EQ,848719,433013,51.02
20,419,BAHETI,SM,10500,9750,92.86
20,420,BAJAJ-AUTO,EQ,500633,216123,43.17
20,421,BAJAJCON,EQ,465974,234126,50.24
20,422,BAJAJELEC,EQ,72846,44677,61.33
20,423,BAJAJFINSV,EQ,1821882,978641,53.72
20,424,BAJAJHCARE,EQ,396942,187796,47.31
20,425,BAJAJHFL,EQ,162885712,55749802,34.23
20,426,BAJAJHIND,EQ,13382658,5238282,39.14
20,427,BAJAJHLDNG,EQ,37124,17785,47.91
20,428,BAJEL,EQ,463979,274465,59.15
20,429,BAJFINANCE,EQ,1720644,846003,49.17
20,430,BALAMINES,EQ,147552,35724,24.21
20,431,BALAXI,EQ,64321,35290,54.87
20,432,BALCO,SM,21600,20400,94.44
20,433,BALKRISHNA,EQ,216885,65254,30.09
20,434,BALKRISIND,EQ,144376,52738,36.53
20,435,BALMLAWRIE,EQ,703682,292218,41.53
20,436,BALRAMCHIN,EQ,3323595,1251390,37.65
20,437,BALUFORGE,EQ,645665,266324,41.25
20,438,BANARBEADS,EQ,7375,3312,44.91
20,439,BANARISUG,EQ,2689,1056,39.27
20,440,BANCOINDIA,EQ,132882,65157,49.03
20,441,BANDHANBNK,EQ,19927468,7380597,37.04
20,442,BANG,EQ,81745,46560,56.96
20,443,BANKA,EQ,22635,16877,74.56
20,444,BANKBARODA,EQ,15897092,7526635,47.35
20,445,BANKBEES,EQ,1090949,710626,65.14
20,446,BANKBETF,EQ,75609,60368,79.84
20,447,BANKETF,EQ,3749,2794,74.53
20,448,BANKETFADD,EQ,41703,36979,88.67
20,449,BANKIETF,EQ,772957,615432,79.62
20,450,BANKINDIA,EQ,5563088,2774934,49.88
20,451,BANKNIFTY1,EQ,52156,44055,84.47
20,452,BANSALWIRE,EQ,306029,124618,40.72
20,453,BANSWRAS,EQ,46930,31125,66.32
20,454,BARBEQUE,EQ,147663,83279,56.40
20,455,BASF,EQ,22015,10179,46.24
20,456,BASILIC,ST,69600,64500,92.67
20,457,BATAINDIA,EQ,150332,48904,32.53
20,458,BAWEJA,SM,59200,48800,82.43
20,459,BAYERCROP,EQ,15470,7173,46.37
20,460,BBETF0432,EQ,1214,907,74.71
20,461,BBL,EQ,27908,15269,54.71
20,462,BBNPNBETF,EQ,72824,57816,79.39
20,463,BBNPPGOLD,EQ,6000,1655,27.58
20,464,BBTC,EQ,172348,69004,40.04
20,465,BBTCL,EQ,3847,1664,43.25
20,466,BCLIND,EQ,6501867,2294430,35.29
20,467,BCONCEPTS,EQ,16866,7855,46.57
20,468,BDL,EQ,1852164,869813,46.96
20,469,BEACON,SM,20000,20000,100.00
20,470,BEARDSELL,EQ,231578,121124,52.30
20,471,BECTORFOOD,EQ,176638,67799,38.38
20,472,BEDMUTHA,EQ,12692,8879,69.96
20,473,BEL,EQ,44560220,24208270,54.33
20,474,BEML,EQ,372392,138820,37.28
20,475,BEPL,EQ,2079267,822291,39.55
20,476,BERGEPAINT,EQ,691021,288462,41.74
20,477,BESTAGRO,EQ,127350,72518,56.94
20,478,BETA,SM,4700,3300,70.21
20,479,BEWLTD,SM,2625,2375,90.48
20,480,BFINVEST,EQ,39025,19273,49.39
20,481,BFSI,EQ,1150677,688865,59.87
20,482,BFUTILITIE,EQ,139198,56669,40.71
20,483,BHAGCHEM,EQ,129375,83069,64.21
20,484,BHAGERIA,EQ,121637,47415,38.98
20,485,BHAGYANGR,EQ,147815,83734,56.65
20,486,BHANDARI,EQ,8261413,2747596,33.26
20,487,BHARATFORG,EQ,887601,492999,55.54
20,488,BHARATGEAR,EQ,20183,13369,66.24
20,489,BHARATRAS,EQ,4973,1249,25.12
20,490,BHARATWIRE,EQ,412393,198307,48.09
20,491,BHARTIARTL,EQ,8498240,3349272,39.41
20,492,BHARTIHEXA,EQ,477694,175965,36.84
20,493,BHEL,EQ,17353175,4696888,27.07
20,494,BHINVIT,IV,135548,128645,94.91
20,495,BIGBLOC,EQ,155733,55075,35.37
20,496,BIKAJI,EQ,1207866,314907,26.07
20,497,BIL,EQ,8798,3656,41.55
20,498,BIOCON,EQ,6351383,2278456,35.87
20,499,BIOFILCHEM,EQ,311535,151991,48.79
20,500,BIRDYS,ST,2400,2400,100.00
20,501,BIRET,RR,261525,225801,86.34
20,502,BIRLACABLE,EQ,69715,35457,50.86
20,503,BIRLACORPN,EQ,52989,33742,63.68
20,504,BLAL,EQ,263278,144305,54.81
20,505,BLISSGVS,EQ,830050,357542,43.07
20,506,BLKASHYAP,EQ,2287222,1072317,46.88
20,507,BLS,EQ,4123115,1221437,29.62
20,508,BLSE,EQ,547429,225175,41.13
20,509,BLUEDART,EQ,101586,22684,22.33
20,510,BLUEJET,EQ,107864,51374,47.63
20,511,BLUEPEBBLE,SM,13600,11200,82.35
20,512,BLUESTARCO,EQ,473219,357417,75.53
20,513,BMETRICS,SM,18000,14800,82.22
20,514,BODALCHEM,EQ,930944,429268,46.11
20,515,BOMDYEING,EQ,1313704,492870,37.52
20,516,BOROLTD,EQ,163462,83592,51.14
20,517,BORORENEW,EQ,372371,141513,38.00
20,518,BOROSCI,EQ,821223,186005,22.65
20,519,BOSCHLTD,EQ,22135,7187,32.47
20,520,BOSS,ST,64000,62000,96.88
20,521,BPCL,EQ,12549677,6938128,55.29
20,522,BRACEPORT,SM,187200,126400,67.52
20,523,BRIGADE,EQ,527498,336372,63.77
20,524,BRITANNIA,EQ,362388,159898,44.12
20,525,BRNL,EQ,84973,48359,56.91
20,526,BSE,EQ,6245517,1360617,21.79
20,527,BSE500IETF,EQ,175299,99594,56.81
20,528,BSHSL,EQ,31268,21577,69.01
20,529,BSL,EQ,38879,13082,33.65
20,530,BSLGOLDETF,EQ,47938,33176,69.21
20,531,BSLNIFTY,EQ,292316,175288,59.97
20,532,BSLSENETFG,EQ,7778,5377,69.13
20,533,BSOFT,EQ,5440552,1677157,30.83
20,534,BULKCORP,SM,3600,3600,100.00
20,535,BUTTERFLY,EQ,878518,73298,8.34
20,536,BVCL,EQ,33789,16333,48.34
20,537,CADSYS,SM,34000,22500,66.18
20,538,CAMLINFINE,EQ,663948,303808,45.76
20,539,CAMPUS,EQ,8702314,1990854,22.88
20,540,CAMS,EQ,302339,127306,42.11
20,541,CANARYS,ST,48000,40000,83.33
20,542,CANBK,EQ,19006150,7076269,37.23
20,543,CANFINHOME,EQ,841701,229000,27.21
20,544,CANTABIL,EQ,127461,52924,41.52
20,545,CAPACITE,EQ,3317356,736209,22.19
20,546,CAPITALSFB,EQ,142741,108185,75.79
20,547,CAPLIPOINT,EQ,83491,28181,33.75
20,548,CARBORUNIV,EQ,92272,58548,63.45
20,549,CARERATING,EQ,33623,18793,55.89
20,550,CARTRADE,EQ,237671,111968,47.11
20,551,CARYSIL,EQ,102655,45218,44.05
20,552,CASTROLIND,EQ,4026963,1443201,35.84
20,553,CBAZAAR,SM,16000,16000,100.00
20,554,CCL,EQ,369420,171248,46.36
20,555,CDSL,EQ,6908309,2134692,30.90
20,556,CEATLTD,EQ,234634,109315,46.59
20,557,CEIGALL,EQ,490009,244485,49.89
20,558,CELEBRITY,EQ,171718,84825,49.40
20,559,CELLECOR,SM,7230000,3444000,47.63
20,560,CELLO,EQ,116236,63155,54.33
20,561,CELLPOINT,SM,16800,9600,57.14
20,562,CENTENKA,EQ,39878,21108,52.93
20,563,CENTRALBK,EQ,4065969,1580630,38.87
20,564,CENTRUM,EQ,969660,348897,35.98
20,565,CENTUM,EQ,13999,5214,37.25
20,566,CENTURYPLY,EQ,394117,78878,20.01
20,567,CENTURYTEX,EQ,350352,132398,37.79
20,568,CERA,EQ,27335,16483,60.30
20,569,CESC,EQ,4720715,1581260,33.50
20,570,CGCL,EQ,172677,90606,52.47
20,571,CGPOWER,EQ,2433983,1411594,58.00
20,572,CGRAPHICS,SM,72000,52800,73.33
20,573,CHALET,EQ,121467,47486,39.09
20,574,CHAMBLFERT,EQ,9665743,2723363,28.18
20,575,CHAVDA,SM,194000,121000,62.37
20,576,CHEMBOND,EQ,15220,8739,57.42
20,577,CHEMCON,EQ,208171,81998,39.39
20,578,CHEMFAB,EQ,17311,10741,62.05
20,579,CHEMPLASTS,EQ,200031,89594,44.79
20,580,CHENNPETRO,EQ,516747,295825,57.25
20,581,CHETANA,SM,115200,89600,77.78
20,582,CHEVIOT,EQ,4131,2123,51.39
20,583,CHOICEIN,EQ,459758,105170,22.88
20,584,CHOLAFIN,EQ,776010,384444,49.54
20,585,CHOLAHLDNG,EQ,150744,97039,64.37
20,586,CIEINDIA,EQ,212560,95504,44.93
20,587,CIFC26,NK,50,50,100.00
20,588,CIGNITITEC,EQ,114941,81232,70.67
20,589,CINELINE,EQ,17564,11622,66.17
20,590,CIPLA,EQ,2048750,1164680,56.85
20,591,CLEAN,EQ,137924,56207,40.75
20,592,CLOUD,ST,150000,126000,84.00
20,593,CLSEL,EQ,160650,81748,50.89
20,594,CLSL,SM,32000,22000,68.75
20,595,CMMIPL,ST,21000,21000,100.00
20,596,CMNL,SM,142500,99000,69.47
20,597,CMRSL,SM,8000,8000,100.00
20,598,CMSINFO,EQ,796612,497187,62.41
20,599,COALINDIA,EQ,10014450,5682073,56.74
20,600,COASTCORP,EQ,27887,18139,65.04
20,601,COCHINSHIP,EQ,2302100,752123,32.67
20,602,COFORGE,EQ,671487,240356,35.79
20,603,COLPAL,EQ,436216,288407,66.12
20,604,COMMITTED,SM,3200,1600,50.00
20,605,COMMOIETF,EQ,45383,26471,58.33
20,606,COMPUSOFT,EQ,650837,334768,51.44
20,607,COMSYN,EQ,90170,37990,42.13
20,608,CONCOR,EQ,2683503,1452430,54.12
20,609,CONCORDBIO,EQ,451684,125803,27.85
20,610,CONFIPET,EQ,4813249,1491994,31.00
20,611,CONS,EQ,7911,4483,56.67
20,612,CONSOFINVT,EQ,16309,9276,56.88
20,613,CONSUMBEES,EQ,187010,149839,80.12
20,614,CONSUMIETF,EQ,51031,19566,38.34
20,615,CONTI,ST,3333,3333,100.00
20,616,CONTROLPR,EQ,28720,14944,52.03
20,617,COOLCAPS,SM,101250,64500,63.70
20,618,COROMANDEL,EQ,511170,241171,47.18
20,619,COSMOFIRST,EQ,80055,37320,46.62
20,620,CPS,SM,27600,24000,86.96
20,621,CPSEETF,EQ,10145259,8654201,85.30
20,622,CRAFTSMAN,EQ,42474,23430,55.16
20,623,CRAYONS,SM,101000,65000,64.36
20,624,CREATIVE,EQ,49296,23425,47.52
20,625,CREDITACC,EQ,349141,106961,30.64
20,626,CREST,EQ,1780134,268958,15.11
20,627,CRISIL,EQ,31580,20378,64.53
20,628,CROMPTON,EQ,2157626,1195244,55.40
20,629,CSBBANK,EQ,169430,75585,44.61
20,630,CSLFINANCE,EQ,41114,25194,61.28
20,631,CUB,EQ,1853261,550484,29.70
20,632,CUBEXTUB,EQ,21868,12977,59.34
20,633,CUMMINSIND,EQ,513980,262513,51.07
20,634,CYBERMEDIA,EQ,28602,12003,41.97
20,635,CYIENT,EQ,348878,147476,42.27
20,636,CYIENTDLM,EQ,242208,118870,49.08
20,637,DABUR,EQ,1768324,844149,47.74
20,638,DALBHARAT,EQ,265606,153152,57.66
20,639,DALMIASUG,EQ,192546,60441,31.39
20,640,DAMODARIND,EQ,11640,7120,61.17
20,641,DANGEE,EQ,1326812,384373,28.97
20,642,DATAMATICS,EQ,144274,61388,42.55
20,643,DATAPATTNS,EQ,279883,129138,46.14
20,644,DAVANGERE,EQ,8811363,3632421,41.22
20,645,DBCORP,EQ,294576,124366,42.22
20,646,DBL,EQ,450959,180494,40.02
20,647,DBOL,EQ,156766,85286,54.40
20,648,DBREALTY,EQ,2767369,1526338,55.15
20,649,DBSTOCKBRO,EQ,23627,17360,73.48
20,650,DCAL,EQ,912214,461977,50.64
20,651,DCBBANK,EQ,991735,585168,59.00
20,652,DCG,ST,40800,38400,94.12
20,653,DCMSHRIRAM,EQ,52411,33010,62.98
20,654,DCMSRIND,EQ,290740,133870,46.04
20,655,DCW,EQ,9495954,2545764,26.81
20,656,DECCANCE,EQ,7594,3598,47.38
20,657,DEEDEV,EQ,337653,89809,26.60
20,658,DEEM,SM,8000,7000,87.50
20,659,DEEPAKFERT,EQ,1605314,592598,36.91
20,660,DEEPAKNTR,EQ,211490,96219,45.50
20,661,DEEPINDS,EQ,502703,221135,43.99
20,662,DELAPLEX,SM,19200,13200,68.75
20,663,DELHIVERY,EQ,2686431,1576195,58.67
20,664,DELTACORP,EQ,2399389,1253326,52.24
20,665,DELTAMAGNT,EQ,24645,12530,50.84
20,666,DEN,EQ,2348531,880514,37.49
20,667,DENEERS,SM,18600,14400,77.42
20,668,DENORA,EQ,8468,3943,46.56
20,669,DENTALKART,SM,30500,25500,83.61
20,670,DESTINY,ST,30000,30000,100.00
20,671,DEVIT,EQ,85521,44750,52.33
20,672,DEVYANI,EQ,5316136,2747282,51.68
20,673,DHAMPURSUG,EQ,360008,118246,32.85
20,674,DHANBANK,EQ,752543,361636,48.06
20,675,DHANI,EQ,2947593,1019314,34.58
20,676,DHANUKA,EQ,36902,17461,47.32
20,677,DHARIWAL,SM,70800,62400,88.14
20,678,DHARMAJ,EQ,105496,52239,49.52
20,679,DHTL,ST,4000,2400,60.00
20,680,DHUNINV,EQ,5967,2719,45.57
20,681,DIAMINESQ,EQ,6515,4546,69.78
20,682,DIAMONDYD,EQ,350004,142882,40.82
20,683,DIGIKORE,ST,9000,8400,93.33
20,684,DIL,EQ,653456,391595,59.93
20,685,DISHTV,EQ,12475326,7321922,58.69
20,686,DIVGIITTS,EQ,35172,18240,51.86
20,687,DIVISLAB,EQ,341889,138534,40.52
20,688,DIVOPPBEES,EQ,89917,70823,78.76
20,689,DIXON,EQ,969959,131990,13.61
20,690,DKEGL,SM,9000,6000,66.67
20,691,DLF,EQ,3526011,1365525,38.73
20,692,DLINKINDIA,EQ,622148,261231,41.99
20,693,DMART,EQ,392198,231008,58.90
20,694,DMCC,EQ,14925,9411,63.06
20,695,DODLA,EQ,35040,20565,58.69
20,696,DOLATALGO,EQ,901709,409098,45.37
20,697,DOLLAR,EQ,69867,41562,59.49
20,698,DOLLEX,SM,52000,40000,76.92
20,699,DOMS,EQ,75533,34535,45.72
20,700,DPABHUSHAN,EQ,90020,15912,17.68
20,701,DPEL,SM,57000,33000,57.89
20,702,DPSCLTD,EQ,580272,323493,55.75
20,703,DPWIRES,EQ,41665,14146,33.95
20,704,DREAMFOLKS,EQ,186454,79274,42.52
20,705,DRL,SM,30000,24000,80.00
20,706,DRONE,ST,106000,100000,94.34
20,707,DRREDDY,EQ,932356,774925,83.11
20,708,DRSDILIP,SM,4000,3200,80.00
20,709,DSSL,EQ,30915,13859,44.83
20,710,DTIL,EQ,31418,18277,58.17
20,711,DTL,SM,26400,25200,95.45
20,712,DUCOL,ST,9600,9600,100.00
20,713,DURLAX,SM,36000,24000,66.67
20,714,DVL,EQ,193665,42557,21.97
20,715,DWARKESH,EQ,2296664,988133,43.02
20,716,DYCL,EQ,43205,23266,53.85
20,717,DYNAMATECH,EQ,10656,5629,52.82
20,718,DYNAMIC,SM,40000,32000,80.00
20,719,EASEMYTRIP,EQ,10408560,3927405,37.73
20,720,EBANKNIFTY,EQ,219992,214577,97.54
20,721,EBBETF0425,EQ,2006,1522,75.87
20,722,EBBETF0430,EQ,6383,3420,53.58
20,723,EBBETF0431,EQ,117692,117167,99.55
20,724,EBBETF0433,EQ,3027,2557,84.47
20,725,ECLERX,EQ,59429,27072,45.55
20,726,ECOSMOBLTY,EQ,2601754,434060,16.68
20,727,EDELWEISS,EQ,7376036,2387534,32.37
20,728,EFACTOR,SM,31200,24000,76.92
20,729,EFFWA,SM,160000,91200,57.00
20,730,EFORCE,SM,20400,18000,88.24
20,731,EGOLD,EQ,185740,181245,97.58
20,732,EICHERMOT,EQ,357206,202015,56.55
20,733,EIDPARRY,EQ,414158,182556,44.08
20,734,EIFFL,EQ,598798,123452,20.62
20,735,EIHAHOTELS,EQ,38297,19549,51.05
20,736,EIHOTEL,EQ,453490,237335,52.34
20,737,EKC,EQ,2690333,768885,28.58
20,738,ELDEHSG,EQ,1338,949,70.93
20,739,ELECON,EQ,438228,331471,75.64
20,740,ELECTCAST,EQ,2122609,1018258,47.97
20,741,ELGIEQUIP,EQ,237356,104533,44.04
20,742,ELIN,EQ,524738,196664,37.48
20,743,EMAMILTD,EQ,679895,365427,53.75
20,744,EMAMIPAP,EQ,39831,20510,51.49
20,745,EMBASSY,RR,379618,318478,83.89
20,746,EMBDL,EQ,8818872,3991209,45.26
20,747,EMCURE,EQ,219260,126058,57.49
20,748,EMIL,EQ,1220895,681793,55.84
20,749,EMKAYTOOLS,SM,2700,2700,100.00
20,750,EMMBI,EQ,196451,93324,47.50
20,751,EMMIL,SM,39000,31000,79.49
20,752,EMSLIMITED,EQ,866341,408406,47.14
20,753,EMUDHRA,EQ,80204,29462,36.73
20,754,ENDURANCE,EQ,102721,56049,54.56
20,755,ENFUSE,ST,6000,6000,100.00
20,756,ENGINERSIN,EQ,4834825,1976565,40.88
20,757,ENIL,EQ,28376,15152,53.40
20,758,ENSER,SM,10000,8000,80.00
20,759,ENTERO,EQ,32605,17458,53.54
20,760,EPACK,EQ,4575806,1931006,42.20
20,761,EPIGRAL,EQ,74720,27306,36.54
20,762,EPL,EQ,1552468,645961,41.61
20,763,EQUAL50ADD,EQ,20844,17916,85.95
20,764,EQUITASBNK,EQ,2344029,1456071,62.12
20,765,ERIS,EQ,357288,152267,42.62
20,766,EROSMEDIA,EQ,342206,176063,51.45
20,767,ESABINDIA,EQ,3694,1711,46.32
20,768,ESAFSFB,EQ,466983,273610,58.59
20,769,ESCONET,ST,133600,126400,94.61
20,770,ESCORTS,EQ,514007,184889,35.97
20,771,ESFL,SM,221400,147000,66.40
20,772,ESG,EQ,34537,19950,57.76
20,773,ESILVER,EQ,213912,200319,93.65
20,774,ESPRIT,SM,88000,68800,78.18
20,775,ESSENTIA,EQ,7064447,3816167,54.02
20,776,ESTER,EQ,1041649,333170,31.98
20,777,ETHOSLTD,EQ,46192,22485,48.68
20,778,EUREKAFORB,EQ,295391,183629,62.16
20,779,EUROBOND,SM,36000,23000,63.89
20,780,EUROTEXIND,EQ,596,596,100.00
20,781,EVEREADY,EQ,364022,161292,44.31
20,782,EVERESTIND,EQ,14358,8954,62.36
20,783,EVINDIA,EQ,541295,379003,70.02
20,784,EXCEL,EQ,11183359,6905405,61.75
20,785,EXCELINDUS,EQ,32541,13843,42.54
20,786,EXCELLENT,ST,417600,411200,98.47
20,787,EXIDEIND,EQ,4071446,1706315,41.91
20,788,EXPLEOSOL,EQ,12223,6687,54.71
20,789,EXXARO,EQ,59180,36332,61.39
20,790,FACT,EQ,540432,146418,27.09
20,791,FAIRCHEMOR,EQ,12770,6439,50.42
20,792,FALCONTECH,SM,2400,2400,100.00
20,793,FAZE3Q,EQ,17777,11436,64.33
20,794,FCL,EQ,723342,313269,43.31
20,795,FCSSOFT,EQ,3594495,2218089,61.71
20,796,FDC,EQ,513616,172274,33.54
20,797,FEDERALBNK,EQ,5766996,2286537,39.65
20,798,FEDFINA,EQ,341213,176058,51.60
20,799,FELIX,SM,40000,30500,76.25
20,800,FIDEL,SM,16000,13000,81.25
20,801,FIEMIND,EQ,85298,42270,49.56
20,802,FILATEX,EQ,4301763,1286862,29.91
20,803,FINCABLES,EQ,94807,49260,51.96
20,804,FINEORG,EQ,53556,28978,54.11
20,805,FINIETF,EQ,427075,277193,64.90
20,806,FINOPB,EQ,487352,202018,41.45
20,807,FINPIPE,EQ,697133,280673,40.26
20,808,FIRSTCRY,EQ,2634494,811458,30.80
20,809,FIVESTAR,EQ,556502,369544,66.40
20,810,FLAIR,EQ,144752,85140,58.82
20,811,FLUOROCHEM,EQ,197921,95078,48.04
20,812,FMCGIETF,EQ,1638040,1256318,76.70
20,813,FMGOETZE,EQ,167048,91796,54.95
20,814,FOCE,SM,200,200,100.00
20,815,FONEBOX,SM,3000,3000,100.00
20,816,FOODSIN,EQ,82617,41842,50.65
20,817,FORCAS,SM,137600,113600,82.56
20,818,FORCEMOT,EQ,39678,19449,49.02
20,819,FORTIS,EQ,1415602,698868,49.37
20,820,FOSECOIND,EQ,2124,1347,63.42
20,821,FROG,SM,33600,24800,73.81
20,822,FSL,EQ,10896103,2782586,25.54
20,823,FUSION,EQ,249945,149016,59.62
20,824,GABRIEL,EQ,339360,166289,49.00
20,825,GAEL,EQ,7515716,3515218,46.77
20,826,GAIL,EQ,22834523,14277837,62.53
20,827,GAJANAND,ST,30000,30000,100.00
20,828,GALAXYSURF,EQ,37656,18116,48.11
20,829,GANDHAR,EQ,437940,194574,44.43
20,830,GANDHITUBE,EQ,2371,1682,70.94
20,831,GANECOS,EQ,41930,20122,47.99
20,832,GANESHBE,EQ,168237,107990,64.19
20,833,GANESHHOUC,EQ,165608,137403,82.97
20,834,GANGAFORGE,EQ,4326410,1647092,38.07
20,835,GANGESSECU,EQ,16300,5263,32.29
20,836,GARFIBRES,EQ,501011,36272,7.24
20,837,GATECH,EQ,13419123,11169347,83.23
20,838,GATEWAY,EQ,642157,398080,61.99
20,839,GEECEE,EQ,20910,12293,58.79
20,840,GENESYS,EQ,360151,132921,36.91
20,841,GENSOL,EQ,113836,65273,57.34
20,842,GENUSPAPER,EQ,4681885,1562388,33.37
20,843,GENUSPOWER,EQ,1223062,655717,53.61
20,844,GEOJITFSL,EQ,2238269,738719,33.00
20,845,GESHIP,EQ,548691,279303,50.90
20,846,GFLLIMITED,EQ,202072,102254,50.60
20,847,GGBL,SM,115200,72000,62.50
20,848,GHCL,EQ,181706,68138,37.50
20,849,GHCLTEXTIL,EQ,410561,226153,55.08
20,850,GICHSGFIN,EQ,449166,142008,31.62
20,851,GICL,SM,204000,78000,38.24
20,852,GICRE,EQ,1239142,594859,48.01
20,853,GILLANDERS,EQ,10925,5874,53.77
20,854,GILLETTE,EQ,150092,31436,20.94
20,855,GILT5YBEES,EQ,380947,338129,88.76
20,856,GINNIFILA,EQ,174083,88385,50.77
20,857,GIPCL,EQ,563911,305861,54.24
20,858,GIRIRAJ,SM,1250,1250,100.00
20,859,GKWLIMITED,EQ,6615,2098,31.72
20,860,GLAND,EQ,230547,179206,77.73
20,861,GLAXO,EQ,76782,47220,61.50
20,862,GLENMARK,EQ,995151,494904,49.73
20,863,GLOBAL,EQ,39479,16368,41.46
20,864,GLOBALPET,SM,9000,9000,100.00
20,865,GLOBUSSPR,EQ,337495,136883,40.56
20,866,GLOSTERLTD,EQ,1645,1030,62.61
20,867,GLS,EQ,220472,92268,41.85
20,868,GMBREW,EQ,319702,86878,27.17
20,869,GMDCLTD,EQ,1233330,423003,34.30
20,870,GMMPFAUDLR,EQ,148565,74412,50.09
20,871,GMRINFRA,EQ,22329080,8893059,39.83
20,872,GMRP&UI,EQ,2680659,1579466,58.92
20,873,GNA,EQ,67993,41413,60.91
20,874,GNFC,EQ,963737,402180,41.73
20,875,GOACARBON,EQ,108012,31427,29.10
20,876,GOCLCORP,EQ,73257,39300,53.65
20,877,GOCOLORS,EQ,80793,29669,36.72
20,878,GODFRYPHLP,EQ,446036,72615,16.28
20,879,GODIGIT,EQ,629920,300113,47.64
20,880,GODREJAGRO,EQ,389333,151931,39.02
20,881,GODREJCP,EQ,736187,406996,55.28
20,882,GODREJIND,EQ,251690,118499,47.08
20,883,GODREJPROP,EQ,750769,328405,43.74
20,884,GOKEX,EQ,591312,204696,34.62
20,885,GOKUL,EQ,275760,112739,40.88
20,886,GOKULAGRO,EQ,590329,217560,36.85
20,887,GOLD1,EQ,1984117,1840609,92.77
20,888,GOLDBEES,EQ,12997065,9808732,75.47
20,889,GOLDCASE,EQ,655383,578532,88.27
20,890,GOLDETF,EQ,161716,120465,74.49
20,891,GOLDETFADD,EQ,11674,10455,89.56
20,892,GOLDIAM,EQ,801664,307856,38.40
20,893,GOLDIETF,EQ,1933222,1730578,89.52
20,894,GOLDKART,ST,2500,2500,100.00
20,895,GOLDSHARE,EQ,161653,134746,83.36
20,896,GOLDSTAR,SM,112500,101250,90.00
20,897,GOLDTECH,EQ,274112,139383,50.85
20,898,GOODLUCK,EQ,131493,59503,45.25
20,899,GOPAL,EQ,2916388,741337,25.42
20,900,GOYALALUM,EQ,363781,201543,55.40
20,901,GOYALSALT,SM,17400,13800,79.31
20,902,GPECO,SM,42000,36000,85.71
20,903,GPIL,EQ,220687,102065,46.25
20,904,GPPL,EQ,2137152,917208,42.92
20,905,GPTHEALTH,EQ,292426,111104,37.99
20,906,GRANULES,EQ,2378832,1088577,45.76
20,907,GRAPHISAD,SM,96000,75600,78.75
20,908,GRAPHITE,EQ,4678939,938609,20.06
20,909,GRASIM,EQ,452713,203895,45.04
20,910,GRASIMPP1,E1,22632,21035,92.94
20,911,GRAVITA,EQ,260593,91977,35.30
20,912,GRCL,SM,500,500,100.00
20,913,GREAVESCOT,EQ,3219315,1218036,37.84
20,914,GREENCHEF,SM,22400,19200,85.71
20,915,GREENLAM,EQ,128549,31221,24.29
20,916,GREENPANEL,EQ,158170,70273,44.43
20,917,GREENPLY,EQ,398854,133746,33.53
20,918,GREENPOWER,EQ,7652081,4212704,55.05
20,919,GRETEX,ST,3000,3000,100.00
20,920,GRINDWELL,EQ,38003,19098,50.25
20,921,GRINFRA,EQ,67220,43987,65.44
20,922,GRMOVER,EQ,570437,172588,30.26
20,923,GROBTEA,EQ,216,121,56.02
20,924,GROWWEV,EQ,840014,470692,56.03
20,925,GRSE,EQ,2151421,405716,18.86
20,926,GRWRHITECH,EQ,36130,16940,46.89
20,927,GSEC10ABSL,EQ,15166,15160,99.96
20,928,GSEC10IETF,EQ,623,290,46.55
20,929,GSEC10YEAR,EQ,643,642,99.84
20,930,GSFC,EQ,2254552,1087556,48.24
20,931,GSLSU,EQ,2214627,333300,15.05
20,932,GSMFOILS,ST,84000,84000,100.00
20,933,GSPL,EQ,1370436,512019,37.36
20,934,GSS,EQ,131750,118578,90.00
20,935,GSTL,ST,21000,18000,85.71
20,936,GTL,EQ,2223253,1374114,61.81
20,937,GTLINFRA,EQ,109536289,54860952,50.08
20,938,GTPL,EQ,44936,27547,61.30
20,939,GUFICBIO,EQ,163098,77908,47.77
20,940,GUJALKALI,EQ,174853,70746,40.46
20,941,GUJGASLTD,EQ,791115,256447,32.42
20,942,GUJRAFFIA,EQ,2968,1894,63.81
20,943,GULFOILLUB,EQ,179016,93287,52.11
20,944,GULFPETRO,EQ,634228,239086,37.70
20,945,GULPOLY,EQ,655933,225899,34.44
20,946,GVPTECH,EQ,261287,128641,49.23
20,947,HAL,EQ,4675647,1941316,41.52
20,948,HAPPSTMNDS,EQ,402679,184684,45.86
20,949,HAPPYFORGE,EQ,33642,13269,39.44
20,950,HARDWYN,EQ,3440003,1552826,45.14
20,951,HARIOMPIPE,EQ,136562,59947,43.90
20,952,HARSHA,EQ,71786,33726,46.98
20,953,HATHWAY,EQ,5816891,2525197,43.41
20,954,HATSUN,EQ,29113,17938,61.62
20,955,HAVELLS,EQ,757558,416516,54.98
20,956,HAVISHA,EQ,147679,101964,69.04
20,957,HBLPOWER,EQ,1718672,671017,39.04
20,958,HCC,EQ,19509137,8038743,41.21
20,959,HCG,EQ,302564,166431,55.01
20,960,HCL-INSYS,EQ,658509,381481,57.93
20,961,HCLTECH,EQ,4167373,1995434,47.88
20,962,HDFCAMC,EQ,448620,238558,53.18
20,963,HDFCBANK,EQ,15325888,9714192,63.38
20,964,HDFCBSE500,EQ,316425,151435,47.86
20,965,HDFCGOLD,EQ,3239675,2671033,82.45
20,966,HDFCGROWTH,EQ,14679,5781,39.38
20,967,HDFCLIFE,EQ,2202499,940767,42.71
20,968,HDFCLIQUID,EQ,11616,10114,87.07
20,969,HDFCLOWVOL,EQ,26736,15634,58.48
20,970,HDFCMID150,EQ,1046467,842554,80.51
20,971,HDFCMOMENT,EQ,347880,248887,71.54
20,972,HDFCNEXT50,EQ,83026,75137,90.50
20,973,HDFCNIF100,EQ,46931,29635,63.15
20,974,HDFCNIFBAN,EQ,189849,150095,79.06
20,975,HDFCNIFIT,EQ,66237,45574,68.80
20,976,HDFCNIFTY,EQ,45484,30154,66.30
20,977,HDFCPSUBK,EQ,42599,37169,87.25
20,978,HDFCPVTBAN,EQ,392760,343124,87.36
20,979,HDFCQUAL,EQ,31542,15573,49.37
20,980,HDFCSENSEX,EQ,27868,24602,88.28
20,981,HDFCSILVER,EQ,680740,451221,66.28
20,982,HDFCSML250,EQ,1288750,1033004,80.16
20,983,HDFCVALUE,EQ,3393,1650,48.63
20,984,HEADSUP,EQ,236333,126552,53.55
20,985,HEALTHADD,EQ,5259,5234,99.52
20,986,HEALTHIETF,EQ,53637,34240,63.84
20,987,HEALTHY,EQ,291686,200951,68.89
20,988,HEG,EQ,478796,128070,26.75
20,989,HEIDELBERG,EQ,567997,294693,51.88
20,990,HEMIPROP,EQ,789969,435507,55.13
20,991,HERANBA,EQ,242348,109239,45.08
20,992,HERCULES,EQ,37391,19894,53.21
20,993,HERITGFOOD,EQ,568527,339361,59.69
20,994,HEROMOTOCO,EQ,532623,200344,37.61
20,995,HESTERBIO,EQ,3066,1241,40.48
20,996,HEUBACHIND,EQ,82579,40799,49.41
20,997,HFCL,EQ,50852319,12481663,24.54
20,998,HGINFRA,EQ,210236,107095,50.94
20,999,HGS,EQ,184924,67209,36.34
20,1000,HIGREEN,SM,80800,44800,55.45
20,1001,HIKAL,EQ,718933,247684,34.45
20,1002,HIL,EQ,16806,9893,58.87
20,1003,HILTON,EQ,423983,190045,44.82
20,1004,HIMATSEIDE,EQ,1803178,632198,35.06
20,1005,HINDALCO,EQ,5134590,2423431,47.20
20,1006,HINDCOMPOS,EQ,24863,7055,28.38
20,1007,HINDCON,EQ,82328,38401,46.64
20,1008,HINDCOPPER,EQ,10915727,4659461,42.69
20,1009,HINDOILEXP,EQ,1226875,422854,34.47
20,1010,HINDPETRO,EQ,4541604,1771889,39.01
20,1011,HINDUNILVR,EQ,1713010,802948,46.87
20,1012,HINDWAREAP,EQ,108733,59409,54.64
20,1013,HINDZINC,EQ,1815671,997573,54.94
20,1014,HIRECT,EQ,31341,18725,59.75
20,1015,HISARMETAL,EQ,21740,7483,34.42
20,1016,HITECH,EQ,2536823,1157773,45.64
20,1017,HITECHCORP,EQ,987214,310768,31.48
20,1018,HLEGLAS,EQ,73079,36837,50.41
20,1019,HLVLTD,EQ,651360,374912,57.56
20,1020,HMAAGRO,EQ,668522,573187,85.74
20,1021,HMVL,EQ,69266,39031,56.35
20,1022,HNDFDS,EQ,154182,72893,47.28
20,1023,HNGSNGBEES,EQ,245202,220241,89.82
20,1024,HOACFOODS,SM,9000,9000,100.00
20,1025,HOLMARC,SM,16500,12000,72.73
20,1026,HOMEFIRST,EQ,380621,115731,30.41
20,1027,HOMESFY,SM,900,900,100.00
20,1028,HONASA,EQ,2304154,1275413,55.35
20,1029,HONAUT,EQ,6088,4370,71.78
20,1030,HONDAPOWER,EQ,10891,4729,43.42
20,1031,HPAL,EQ,164196,85672,52.18
20,1032,HPIL,EQ,1259,913,72.52
20,1033,HPL,EQ,242222,107629,44.43
20,1034,HRHNEXT,ST,138000,132000,95.65
20,1035,HSCL,EQ,4526145,951248,21.02
20,1036,HTMEDIA,EQ,374788,193147,51.54
20,1037,HUDCO,EQ,10794462,3987064,36.94
20,1038,HUHTAMAKI,EQ,140900,65792,46.69
20,1039,IBLFL,SM,142000,102000,71.83
20,1040,ICCL25,NS,8,8,100.00
20,1041,ICEMAKE,EQ,51071,32429,63.50
20,1042,ICICIB22,EQ,386007,189555,49.11
20,1043,ICICIBANK,EQ,13172268,8351796,63.40
20,1044,ICICIGI,EQ,2268811,1339484,59.04
20,1045,ICICIPRULI,EQ,1508403,859411,56.97
20,1046,ICIL,EQ,447086,250569,56.04
20,1047,ICRA,EQ,9031,3479,38.52
20,1048,IDBI,EQ,9548781,3278246,34.33
20,1049,IDEA,EQ,2500756453,876613086,35.05
20,1050,IDEAFORGE,EQ,159543,71330,44.71
20,1051,IDEALTECHO,SM,13000,12000,92.31
20,1052,IDFC,EQ,12131900,6453624,53.20
20,1053,IDFCFIRSTB,EQ,41634848,19595753,47.07
20,1054,IDFNIFTYET,EQ,805,686,85.22
20,1055,IEML,SM,61000,41000,67.21
20,1056,IEX,EQ,13100758,4501829,34.36
20,1057,IFBIND,EQ,60649,34928,57.59
20,1058,IFCI,EQ,20284019,5514288,27.19
20,1059,IFCIZC24,NI,4,4,100.00
20,1060,IFGLEXPOR,EQ,8871,4858,54.76
20,1061,IGARASHI,EQ,115978,55354,47.73
20,1062,IGL,EQ,2310330,1117856,48.39
20,1063,IGPL,EQ,46124,21753,47.16
20,1064,IIFL,EQ,12187663,4704050,38.60
20,1065,IIFLHFZC27,NB,10,10,100.00
20,1066,IIFLSEC,EQ,983159,484886,49.32
20,1067,IIFLZC25,ND,200,200,100.00
20,1068,IIFLZC25B,NW,265,265,100.00
20,1069,IIFLZC25C,N8,50,50,100.00
20,1070,IIFLZC28,NG,1,1,100.00
20,1071,IIFLZC28B,Y1,131,131,100.00
20,1072,IIFLZC28C,N6,1,1,100.00
20,1073,IKIO,EQ,266794,88588,33.20
20,1074,IMAGICAA,EQ,4379080,2178386,49.75
20,1075,IMC1,N0,22,22,100.00
20,1076,IMC1,N1,72,72,100.00
20,1077,IMC1,N2,1602,1602,100.00
20,1078,IMC1,N3,54,54,100.00
20,1079,IMFA,EQ,54576,33174,60.78
20,1080,IMPAL,EQ,9220,3449,37.41
20,1081,INDBANK,EQ,101019,56731,56.16
20,1082,INDGN,EQ,472768,229089,48.46
20,1083,INDHOTEL,EQ,1484426,684095,46.08
20,1084,INDIACEM,EQ,1233681,713551,57.84
20,1085,INDIAGLYCO,EQ,114103,50549,44.30
20,1086,INDIAMART,EQ,198884,87296,43.89
20,1087,INDIANB,EQ,1094796,610861,55.80
20,1088,INDIANCARD,EQ,7329,4784,65.27
20,1089,INDIANHUME,EQ,120680,49623,41.12
20,1090,INDIASHLTR,EQ,170772,90572,53.04
20,1091,INDIFRA,SM,10000,8000,80.00
20,1092,INDIGO,EQ,930127,532743,57.28
20,1093,INDIGOPNTS,EQ,264794,161126,60.85
20,1094,INDIGRID,IV,257822,220674,85.59
20,1095,INDNIPPON,EQ,23366,10477,44.84
20,1096,INDOAMIN,EQ,946240,262483,27.74
20,1097,INDOBORAX,EQ,617324,196993,31.91
20,1098,INDOCO,EQ,125289,72150,57.59
20,1099,INDORAMA,EQ,740891,352424,47.57
20,1100,INDOSTAR,EQ,1322996,511050,38.63
20,1101,INDOTECH,EQ,9211,5790,62.86
20,1102,INDRAMEDCO,EQ,363946,176547,48.51
20,1103,INDSWFTLTD,EQ,38278,27428,71.65
20,1104,INDTERRAIN,EQ,158158,73299,46.35
20,1105,INDUSINDBK,EQ,3861906,2199938,56.97
20,1106,INDUSTOWER,EQ,83881230,33745828,40.23
20,1107,INFINIUM,SM,123000,90500,73.58
20,1108,INFOBEAN,EQ,15114,6520,43.14
20,1109,INFOLLION,ST,9600,9600,100.00
20,1110,INFRABEES,EQ,27682,19009,68.67
20,1111,INFRAIETF,EQ,104776,63238,60.36
20,1112,INFY,EQ,7976570,5195192,65.13
20,1113,INGERRAND,EQ,7399,3241,43.80
20,1114,INM,SM,12000,10200,85.00
20,1115,INNOMET,ST,2113200,1737600,82.23
20,1116,INNOVACAP,EQ,144052,67355,46.76
20,1117,INNOVANA,SM,400,400,100.00
20,1118,INOXGREEN,EQ,5115666,2303189,45.02
20,1119,INOXINDIA,EQ,264816,160516,60.61
20,1120,INOXWIND,EQ,15028839,4880086,32.47
20,1121,INSECTICID,EQ,52530,22018,41.92
20,1122,INSPIRE,SM,8000,6000,75.00
20,1123,INTELLECT,EQ,166539,55541,33.35
20,1124,INTERARCH,EQ,257351,123352,47.93
20,1125,INTLCONV,EQ,987721,350344,35.47
20,1126,INVENTURE,EQ,7058505,2719066,38.52
20,1127,IOB,EQ,5071353,1682132,33.17
20,1128,IOC,EQ,19197503,8526619,44.42
20,1129,IOLCP,EQ,1290663,373247,28.92
20,1130,IONEXCHANG,EQ,6235365,563746,9.04
20,1131,IPCALAB,EQ,597198,272713,45.67
20,1132,IPHL,SM,171600,96000,55.94
20,1133,IPL,EQ,269207,130950,48.64
20,1134,IRB,EQ,30392633,14819007,48.76
20,1135,IRBINVIT,IV,156987,146814,93.52
20,1136,IRCON,EQ,7195339,2294284,31.89
20,1137,IRCTC,EQ,3593230,1612597,44.88
20,1138,IREDA,EQ,24253906,5464407,22.53
20,1139,IRFC,EQ,39913910,12702664,31.83
20,1140,IRISDOREME,EQ,440366,243046,55.19
20,1141,IRMENERGY,EQ,255060,120021,47.06
20,1142,ISEC,EQ,1620604,367663,22.69
20,1143,ISGEC,EQ,52954,25607,48.36
20,1144,ISHAN,ST,1536000,1488000,96.88
20,1145,IT,EQ,625785,572712,91.52
20,1146,ITALIANE,SM,20000,18000,90.00
20,1147,ITBEES,EQ,18960509,13838847,72.99
20,1148,ITC,EQ,13925311,7111636,51.07
20,1149,ITDC,EQ,33291,14627,43.94
20,1150,ITDCEM,EQ,555197,304437,54.83
20,1151,ITETF,EQ,196548,139534,70.99
20,1152,ITETFADD,EQ,28627,20453,71.45
20,1153,ITI,EQ,398303,125291,31.46
20,1154,ITIETF,EQ,705639,312683,44.31
20,1155,IVZINGOLD,EQ,192,186,96.88
20,1156,IVZINNIFTY,EQ,31,26,83.87
20,1157,IXIGO,EQ,772233,373081,48.31
20,1158,JAGRAN,EQ,658191,309728,47.06
20,1159,JAGSNPHARM,EQ,95229,48432,50.86
20,1160,JAIBALAJI,EQ,110260,82764,75.06
20,1161,JAICORPLTD,EQ,266911,81493,30.53
20,1162,JAINAM,SM,8000,7000,87.50
20,1163,JAIPURKURT,EQ,126139,52838,41.89
20,1164,JALAN,ST,141000,141000,100.00
20,1165,JAMNAAUTO,EQ,2323865,1232255,53.03
20,1166,JASH,EQ,54474,25924,47.59
20,1167,JAYAGROGN,EQ,26378,13306,50.44
20,1168,JAYBARMARU,EQ,355537,93511,26.30
20,1169,JAYBEE,SM,155000,97000,62.58
20,1170,JAYNECOIND,EQ,472661,243943,51.61
20,1171,JAYSREETEA,EQ,447393,207828,46.45
20,1172,JBCHEPHARM,EQ,252405,104912,41.56
20,1173,JBMA,EQ,123777,53254,43.02
20,1174,JCHAC,EQ,178741,43867,24.54
20,1175,JEYYAM,ST,134000,124000,92.54
20,1176,JFLLIFE,ST,62000,56000,90.32
20,1177,JGCHEM,EQ,387733,143243,36.94
20,1178,JINDALPHOT,EQ,14292,5957,41.68
20,1179,JINDALPOLY,EQ,136605,69816,51.11
20,1180,JINDALSAW,EQ,1124818,579900,51.56
20,1181,JINDALSTEL,EQ,4880849,2773695,56.83
20,1182,JINDRILL,EQ,48849,8105,16.59
20,1183,JINDWORLD,EQ,24440,9038,36.98
20,1184,JIOFIN,EQ,17295767,7141310,41.29
20,1185,JISLDVREQS,EQ,84984,47583,55.99
20,1186,JISLJALEQS,EQ,4393473,2007336,45.69
20,1187,JITFINFRA,EQ,35776,17182,48.03
20,1188,JIWANRAM,SM,246000,150000,60.98
20,1189,J&KBANK,EQ,2486405,1033279,41.56
20,1190,JKCEMENT,EQ,112145,60702,54.13
20,1191,JKIL,EQ,143605,78947,54.98
20,1192,JKLAKSHMI,EQ,128658,78168,60.76
20,1193,JKPAPER,EQ,424183,210829,49.70
20,1194,JKTYRE,EQ,948421,388724,40.99
20,1195,JLHL,EQ,75014,63220,84.28
20,1196,JMA,EQ,61533,53650,87.19
20,1197,JMFINANCIL,EQ,17670782,6166202,34.89
20,1198,JOCIL,EQ,47768,27707,58.00
20,1199,JPOLYINVST,EQ,6069,2698,44.46
20,1200,JPPOWER,EQ,22412911,14798515,66.03
20,1201,JSFB,EQ,392868,204383,52.02
20,1202,JSL,EQ,602014,332943,55.30
20,1203,JSLL,SM,5220,3960,75.86
20,1204,JSWENERGY,EQ,1632199,694381,42.54
20,1205,JSWHL,EQ,3109,1490,47.93
20,1206,JSWINFRA,EQ,3653444,1730553,47.37
20,1207,JSWSTEEL,EQ,1278919,405973,31.74
20,1208,JTEKTINDIA,EQ,195861,87794,44.82
20,1209,JTLIND,EQ,1536026,890567,57.98
20,1210,JUBLFOOD,EQ,2837085,747382,26.34
20,1211,JUBLINDS,EQ,6513,3828,58.77
20,1212,JUBLINGREA,EQ,483301,182156,37.69
20,1213,JUBLPHARMA,EQ,646543,226121,34.97
20,1214,JUNIORBEES,EQ,414579,237282,57.23
20,1215,JUNIPER,EQ,162415,88889,54.73
20,1216,JUSTDIAL,EQ,339419,135503,39.92
20,1217,JWL,EQ,1101939,574029,52.09
20,1218,JYOTHYLAB,EQ,623499,202601,32.49
20,1219,JYOTICNC,EQ,195304,124363,63.68
20,1220,JYOTISTRUC,EQ,7479073,4453445,59.55
20,1221,K2INFRA,ST,42000,36000,85.71
20,1222,KABRAEXTRU,EQ,327694,84432,25.77
20,1223,KAJARIACER,EQ,190407,115726,60.78
20,1224,KAKATCEM,EQ,17550,9160,52.19
20,1225,KALAMANDIR,EQ,595186,314071,52.77
20,1226,KALYANKJIL,EQ,5859129,1585234,27.06
20,1227,KAMATHOTEL,EQ,21459,12247,57.07
20,1228,KAMDHENU,EQ,722774,359983,49.81
20,1229,KAMOPAINTS,EQ,44707970,8443789,18.89
20,1230,KANANIIND,EQ,960867,540807,56.28
20,1231,KANDARP,SM,48000,8000,16.67
20,1232,KANORICHEM,EQ,292189,148140,50.70
20,1233,KANPRPLA,EQ,5954,3558,59.76
20,1234,KANSAINER,EQ,668768,398666,59.61
20,1235,KARNIKA,SM,5200,2800,53.85
20,1236,KARURVYSYA,EQ,1357725,672002,49.49
20,1237,KATARIA,SM,39600,26400,66.67
20,1238,KAYNES,EQ,524106,164172,31.32
20,1239,KCEIL,ST,25500,24000,94.12
20,1240,KCK,SM,18000,18000,100.00
20,1241,KCP,EQ,568089,227513,40.05
20,1242,KDDL,EQ,50783,25302,49.82
20,1243,KDL,ST,6000,5300,88.33
20,1244,KEC,EQ,866070,395428,45.66
20,1245,KECL,EQ,207446,130786,63.05
20,1246,KEI,EQ,252327,182805,72.45
20,1247,KEL,SM,37200,25200,67.74
20,1248,KELLTONTEC,EQ,1155427,575309,49.79
20,1249,KERNEX,EQ,165540,70993,42.89
20,1250,KESORAMIND,EQ,461704,211379,45.78
20,1251,KEYFINSERV,EQ,6430,3141,48.85
20,1252,KFINTECH,EQ,757276,392094,51.78
20,1253,KHADIM,EQ,13191,8338,63.21
20,1254,KHAICHEM,EQ,1319375,343920,26.07
20,1255,KHANDSE,EQ,14602,7960,54.51
20,1256,KHFM,SM,80600,34100,42.31
20,1257,KILITCH,EQ,18384,5819,31.65
20,1258,KIMS,EQ,772268,282872,36.63
20,1259,KINGFA,EQ,28681,14150,49.34
20,1260,KIOCL,EQ,61650,28560,46.33
20,1261,KIRIINDUS,EQ,324983,145262,44.70
20,1262,KIRLOSBROS,EQ,159325,65464,41.09
20,1263,KIRLOSENG,EQ,252001,184425,73.18
20,1264,KIRLOSIND,EQ,6099,2971,48.71
20,1265,KIRLPNU,EQ,44914,25490,56.75
20,1266,KITEX,EQ,506022,262312,51.84
20,1267,KKCL,EQ,26686,18995,71.18
20,1268,KKVAPOW,SM,156,156,100.00
20,1269,KLL,SM,70400,44800,63.64
20,1270,KNAGRI,ST,42400,41600,98.11
20,1271,KNRCON,EQ,951142,486992,51.20
20,1272,KODYTECH,SM,6500,3600,55.38
20,1273,KOHINOOR,EQ,645894,340165,52.67
20,1274,KOKUYOCMLN,EQ,1047598,457892,43.71
20,1275,KOLTEPATIL,EQ,340854,147474,43.27
20,1276,KONSTELEC,SM,32000,28000,87.50
20,1277,KONTOR,SM,4800,4800,100.00
20,1278,KOPRAN,EQ,713466,263071,36.87
20,1279,KORE,ST,2000,2000,100.00
20,1280,KOTAKBANK,EQ,2892430,1502194,51.94
20,1281,KOTARISUG,EQ,140080,65679,46.89
20,1282,KOTHARIPET,EQ,139363,66217,47.51
20,1283,KOTYARK,SM,25600,19700,76.95
20,1284,KPIL,EQ,191325,62315,32.57
20,1285,KPITTECH,EQ,764506,414319,54.19
20,1286,KPRMILL,EQ,3501752,338277,9.66
20,1287,KRBL,EQ,890785,360179,40.43
20,1288,KRIDHANINF,EQ,651418,477799,73.35
20,1289,KRISHANA,EQ,13627,6975,51.19
20,1290,KRISHCA,ST,39500,39000,98.73
20,1291,KRISHIVAL,SM,7000,4500,64.29
20,1292,KRISHNADEF,ST,26500,26500,100.00
20,1293,KRITI,EQ,231756,121801,52.56
20,1294,KRITIKA,EQ,1188674,723407,60.86
20,1295,KRONOX,EQ,437339,175147,40.05
20,1296,KROSS,EQ,1976295,821735,41.58
20,1297,KRSNAA,EQ,162399,65396,40.27
20,1298,KRYSTAL,EQ,61410,26609,43.33
20,1299,KSB,EQ,128811,54062,41.97
20,1300,KSCL,EQ,109223,41078,37.61
20,1301,KSL,EQ,81511,42618,52.28
20,1302,KSOLVES,EQ,34974,17600,50.32
20,1303,KTKBANK,EQ,2266422,1227982,54.18
20,1304,KTL,SM,24000,12000,50.00
20,1305,KUANTUM,EQ,49568,28645,57.79
20,1306,LAGNAM,EQ,69839,23184,33.20
20,1307,LALPATHLAB,EQ,114026,56472,49.53
20,1308,LAMBODHARA,EQ,25901,11100,42.86
20,1309,LANCORHOL,EQ,94056,48944,52.04
20,1310,LANDMARK,EQ,112968,44662,39.54
20,1311,LAOPALA,EQ,425259,212694,50.02
20,1312,LATENTVIEW,EQ,360110,189320,52.57
20,1313,LATTEYS,EQ,2049651,1177062,57.43
20,1314,LAURUSLABS,EQ,3348425,1316805,39.33
20,1315,LAWSIKHO,SM,57500,31500,54.78
20,1316,LAXMICOT,EQ,266284,105402,39.58
20,1317,LAXMIMACH,EQ,3957,1983,50.11
20,1318,LEMERITE,SM,40000,22400,56.00
20,1319,LEMONTREE,EQ,5554654,2855870,51.41
20,1320,LEXUS,EQ,47016,17256,36.70
20,1321,LFIC,EQ,21833,13105,60.02
20,1322,LGBBROSLTD,EQ,45552,24032,52.76
20,1323,LIBAS,EQ,314511,169732,53.97
20,1324,LICHSGFIN,EQ,5325417,2066135,38.80
20,1325,LICI,EQ,1381614,701653,50.79
20,1326,LICMFGOLD,EQ,439,280,63.78
20,1327,LICNETFGSC,EQ,59685,46244,77.48
20,1328,LICNETFN50,EQ,1804,1187,65.80
20,1329,LICNETFSEN,EQ,125,63,50.40
20,1330,LICNFNHGP,EQ,1020,711,69.71
20,1331,LICNMID100,EQ,9527,6664,69.95
20,1332,LIKHITHA,EQ,161572,93178,57.67
20,1333,LINC,EQ,94117,39905,42.40
20,1334,LINCOLN,EQ,95417,47822,50.12
20,1335,LINDEINDIA,EQ,91370,30174,33.02
20,1336,LIQUID,EQ,567869,526405,92.70
20,1337,LIQUID1,EQ,195233,87343,44.74
20,1338,LIQUIDADD,EQ,413978,314794,76.04
20,1339,LIQUIDBEES,EQ,3829030,2837201,74.10
20,1340,LIQUIDBETF,EQ,77054,38527,50.00
20,1341,LIQUIDCASE,EQ,6989728,4790403,68.53
20,1342,LIQUIDETF,EQ,421601,305735,72.52
20,1343,LIQUIDIETF,EQ,2041763,1821979,89.24
20,1344,LIQUIDSBI,EQ,12566,4057,32.29
20,1345,LIQUIDSHRI,EQ,2547,2363,92.78
20,1346,LLOYDS,SM,30000,21000,70.00
20,1347,LLOYDSENGG,EQ,5213149,1643578,31.53
20,1348,LLOYDSME,EQ,404572,204803,50.62
20,1349,LODHA,EQ,1434772,753031,52.48
20,1350,LOKESHMACH,EQ,414072,118907,28.72
20,1351,LORDSCHLO,EQ,13473,6521,48.40
20,1352,LOTUSEYE,EQ,46598,23146,49.67
20,1353,LOWVOL,EQ,1481,1216,82.11
20,1354,LOWVOL1,EQ,372092,366214,98.42
20,1355,LOWVOLIETF,EQ,6199441,5398312,87.08
20,1356,LOYALTEX,EQ,3461,2189,63.25
20,1357,LRRPL,ST,30000,30000,100.00
20,1358,LT,EQ,1711564,916050,53.52
20,1359,LTF,EQ,15235214,4575019,30.03
20,1360,LTFOODS,EQ,1847623,633317,34.28
20,1361,LTGILTBEES,EQ,4240111,3887480,91.68
20,1362,LTIM,EQ,753347,253512,33.65
20,1363,LTTS,EQ,155593,36302,23.33
20,1364,LUMAXIND,EQ,4113,1802,43.81
20,1365,LUMAXTECH,EQ,393342,265980,67.62
20,1366,LUPIN,EQ,1099230,526541,47.90
20,1367,LUXIND,EQ,127236,62192,48.88
20,1368,LXCHEM,EQ,2406098,977085,40.61
20,1369,LYKALABS,EQ,237820,126802,53.32
20,1370,MAANALU,EQ,145493,62187,42.74
20,1371,MACOBSTECH,SM,51200,43200,84.38
20,1372,MADHAV,EQ,22341,17561,78.60
20,1373,MADHAVBAUG,SM,7600,7600,100.00
20,1374,MADHUSUDAN,SM,43000,31000,72.09
20,1375,MADRASFERT,EQ,489188,165976,33.93
20,1376,MAFANG,EQ,456306,309748,67.88
20,1377,MAGADSUGAR,EQ,19930,8426,42.28
20,1378,MAGNUM,EQ,295489,269810,91.31
20,1379,MAGSON,SM,4000,4000,100.00
20,1380,MAHABANK,EQ,8483834,3433443,40.47
20,1381,MAHESHWARI,EQ,44844,17852,39.81
20,1382,MAHKTECH,EQ,714818,559859,78.32
20,1383,MAHLIFE,EQ,277368,151877,54.76
20,1384,MAHLOG,EQ,179356,108303,60.38
20,1385,MAHSCOOTER,EQ,44905,13965,31.10
20,1386,MAHSEAMLES,EQ,282172,152976,54.21
20,1387,MAITHANALL,EQ,108167,56918,52.62
20,1388,MAITREYA,ST,29600,23200,78.38
20,1389,MAKEINDIA,EQ,35945,29547,82.20
20,1390,MAKS,ST,3000,1500,50.00
20,1391,MAL,SM,104000,46400,44.62
20,1392,MALLCOM,EQ,32355,8502,26.28
20,1393,MALUPAPER,EQ,57914,30126,52.02
20,1394,MANAKSIA,EQ,459029,168394,36.68
20,1395,MANAKSTEEL,EQ,253227,159295,62.91
20,1396,MANALIPETC,EQ,314918,164649,52.28
20,1397,MANAPPURAM,EQ,5762347,2008173,34.85
20,1398,MANCREDIT,EQ,52952,14468,27.32
20,1399,MANDEEP,ST,22000,22000,100.00
20,1400,MANGALAM,EQ,90065,56234,62.44
20,1401,MANGCHEFER,EQ,211190,121740,57.64
20,1402,MANGLMCEM,EQ,72693,34060,46.85
20,1403,MANINDS,EQ,239546,135583,56.60
20,1404,MANINFRA,EQ,1289716,1003884,77.84
20,1405,MANKIND,EQ,423992,294357,69.43
20,1406,MANORAMA,EQ,150005,85000,56.66
20,1407,MANUGRAPH,EQ,211994,87210,41.14
20,1408,MANYAVAR,EQ,142199,117888,82.90
20,1409,MAPMYINDIA,EQ,153712,73355,47.72
20,1410,MARALOVER,EQ,26588,9603,36.12
20,1411,MARATHON,EQ,330227,108641,32.90
20,1412,MARCO,SM,60000,42000,70.00
20,1413,MARICO,EQ,1715999,998753,58.20
20,1414,MARKSANS,EQ,3540478,1173427,33.14
20,1415,MARSHALL,EQ,340485,152679,44.84
20,1416,MARUTI,EQ,465608,265761,57.08
20,1417,MASFIN,EQ,265784,131118,49.33
20,1418,MASON,SM,114000,76000,66.67
20,1419,MASPTOP50,EQ,497133,303939,61.14
20,1420,MASTEK,EQ,102577,41011,39.98
20,1421,MASTER,ST,1000,1000,100.00
20,1422,MATRIMONY,EQ,30917,15187,49.12
20,1423,MAWANASUG,EQ,434527,117922,27.14
20,1424,MAXESTATES,EQ,215778,128866,59.72
20,1425,MAXHEALTH,EQ,2078476,1155910,55.61
20,1426,MAXIND,EQ,99285,67206,67.69
20,1427,MAXPOSURE,SM,22000,20000,90.91
20,1428,MAYURUNIQ,EQ,124719,69079,55.39
20,1429,MAZDA,EQ,5082,2137,42.05
20,1430,MAZDOCK,EQ,1726825,346560,20.07
20,1431,MBAPL,EQ,19716,11569,58.68
20,1432,MCL,EQ,119389,33774,28.29
20,1433,MCLEODRUSS,EQ,791319,417629,52.78
20,1434,MCON,ST,10000,9000,90.00
20,1435,MCX,EQ,856508,185217,21.62
20,1436,MDL,SM,16000,14000,87.50
20,1437,MEDANTA,EQ,278443,173730,62.39
20,1438,MEDIASSIST,EQ,290821,100704,34.63
20,1439,MEDICAMEQ,EQ,34989,12739,36.41
20,1440,MEDIORG,SM,8000,4000,50.00
20,1441,MEDPLUS,EQ,254017,130578,51.41
20,1442,MEGAFLEX,SM,51000,48000,94.12
20,1443,MEGASOFT,EQ,1100803,497455,45.19
20,1444,MEGASTAR,EQ,7609,4777,62.78
20,1445,MEGATHERM,ST,31600,29600,93.67
20,1446,MENONBE,EQ,443608,162823,36.70
20,1447,METALIETF,EQ,5894632,1898429,32.21
20,1448,METROBRAND,EQ,85705,33660,39.27
20,1449,METROPOLIS,EQ,108184,39352,36.38
20,1450,MFSL,EQ,1074860,662214,61.61
20,1451,MGL,EQ,1108745,338399,30.52
20,1452,MHHL,SM,18000,12000,66.67
20,1453,MHLXMIRU,EQ,7364,4654,63.20
20,1454,MHRIL,EQ,105326,49800,47.28
20,1455,MICROPRO,SM,28800,27200,94.44
20,1456,MID150BEES,EQ,616155,386263,62.69
20,1457,MID150CASE,EQ,203271,160188,78.81
20,1458,MIDCAP,EQ,59156,37672,63.68
20,1459,MIDCAPETF,EQ,2501025,2160942,86.40
20,1460,MIDCAPIETF,EQ,622441,375694,60.36
20,1461,MIDHANI,EQ,435714,159200,36.54
20,1462,MIDQ50ADD,EQ,20176,17012,84.32
20,1463,MIDSELIETF,EQ,499282,303889,60.87
20,1464,MIDSMALL,EQ,590296,364008,61.67
20,1465,MIEL,SM,242000,168000,69.42
20,1466,MILTON,SM,4400,4400,100.00
20,1467,MINDACORP,EQ,893755,499531,55.89
20,1468,MINDSPACE,RR,227025,175701,77.39
20,1469,MIRZAINT,EQ,475822,215017,45.19
20,1470,MITCON,EQ,19802,11218,56.65
20,1471,MITCONPP,E1,938,910,97.01
20,1472,MITTAL,EQ,899405,722520,80.33
20,1473,M&M,EQ,2807727,1629743,58.04
20,1474,M&MFIN,EQ,1774892,656828,37.01
20,1475,MMFL,EQ,49807,24944,50.08
20,1476,MMTC,EQ,2632442,827093,31.42
20,1477,MNC,EQ,23701,19561,82.53
20,1478,MODEFENCE,EQ,821224,727518,88.59
20,1479,MODISONLTD,EQ,759349,236580,31.16
20,1480,MOGSEC,EQ,2242,1890,84.30
20,1481,MOHEALTH,EQ,48321,39773,82.31
20,1482,MOIL,EQ,1223347,568154,46.44
20,1483,MOL,EQ,2494057,1021890,40.97
20,1484,MOLDTECH,EQ,76053,45858,60.30
20,1485,MOLDTKPAC,EQ,60330,44169,73.21
20,1486,MOLOWVOL,EQ,43527,41737,95.89
20,1487,MOM100,EQ,847976,445778,52.57
20,1488,MOM30IETF,EQ,2891595,2177761,75.31
20,1489,MOM50,EQ,2753,1860,67.56
20,1490,MOMENTUM,EQ,115778,88197,76.18
20,1491,MOMOMENTUM,EQ,214544,154525,72.02
20,1492,MON100,EQ,1066930,663644,62.20
20,1493,MONARCH,EQ,218934,68802,31.43
20,1494,MONIFTY500,EQ,332911,282657,84.90
20,1495,MONOPHARMA,SM,44000,32000,72.73
20,1496,MONQ50,EQ,85826,68300,79.58
20,1497,MONTECARLO,EQ,67329,26912,39.97
20,1498,MOQUALITY,EQ,11001,8246,74.96
20,1499,MOREALTY,EQ,208618,158016,75.74
20,1500,MOREPENLAB,EQ,12879987,5303948,41.18
20,1501,MOS,SM,249600,140000,56.09
20,1502,MOSMALL250,EQ,1633055,1304794,79.90
20,1503,MOTHERSON,EQ,34244265,13889641,40.56
20,1504,MOTILALOFS,EQ,1485730,599157,40.33
20,1505,MOTISONS,EQ,3674381,1229432,33.46
20,1506,MOTOGENFIN,EQ,51687,38076,73.67
20,1507,MOVALUE,EQ,299718,254406,84.88
20,1508,MOXSH,ST,800,800,100.00
20,1509,MPHASIS,EQ,1625629,654040,40.23
20,1510,MPSLTD,EQ,19573,12673,64.75
20,1511,MRF,EQ,7839,2515,32.08
20,1512,MRPL,EQ,1849584,645840,34.92
20,1513,MSPL,EQ,12573547,5486962,43.64
20,1514,MSTCLTD,EQ,222659,94489,42.44
20,1515,MSUMI,EQ,3259405,1862935,57.16
20,1516,MTARTECH,EQ,90554,48776,53.86
20,1517,MTNL,EQ,3029860,1457138,48.09
20,1518,MUFIN,EQ,84275,51127,60.67
20,1519,MUFTI,EQ,190199,94404,49.63
20,1520,MUKANDLTD,EQ,1090119,267098,24.50
20,1521,MUKKA,EQ,1178146,636273,54.01
20,1522,MUKTAARTS,EQ,46262,22835,49.36
20,1523,MULTICAP,EQ,126634,109737,86.66
20,1524,MUNJALAU,EQ,617718,247848,40.12
20,1525,MUNJALSHOW,EQ,182903,79920,43.70
20,1526,MURUDCERA,EQ,165837,92051,55.51
20,1527,MUTHOOTCAP,EQ,48118,20811,43.25
20,1528,MUTHOOTFIN,EQ,568103,292015,51.40
20,1529,MUTHOOTMF,EQ,256284,139915,54.59
20,1530,MVGJL,EQ,842692,277875,32.97
20,1531,MVKAGRO,SM,18000,14400,80.00
20,1532,MWL,SM,55200,46800,84.78
20,1533,MYMUDRA,ST,206400,196800,95.35
20,1534,NACLIND,EQ,111051,46236,41.63
20,1535,NAGAFERT,EQ,2059638,1078119,52.35
20,1536,NAHARCAP,EQ,12455,6557,52.65
20,1537,NAHARINDUS,EQ,107887,55311,51.27
20,1538,NAHARSPING,EQ,46838,22252,47.51
20,1539,NAMAN,SM,22400,20800,92.86
20,1540,NAM-INDIA,EQ,937542,549524,58.61
20,1541,NAMOEWASTE,ST,342400,321600,93.93
20,1542,NATCOPHARM,EQ,914903,514027,56.18
20,1543,NATIONALUM,EQ,15834259,4823372,30.46
20,1544,NAUKRI,EQ,892802,254643,28.52
20,1545,NAVA,EQ,751415,298537,39.73
20,1546,NAVINFLUOR,EQ,356393,241603,67.79
20,1547,NAVINIFTY,EQ,224,185,82.59
20,1548,NAVKARCORP,EQ,683302,285809,41.83
20,1549,NAVNETEDUL,EQ,300871,144995,48.19
20,1550,NAZARA,EQ,3255010,1019117,31.31
20,1551,NBCC,EQ,10608968,3603883,33.97
20,1552,NCC,EQ,4080789,2042096,50.04
20,1553,NCLIND,EQ,101471,54835,54.04
20,1554,NDLVENTURE,EQ,34457,18278,53.05
20,1555,NDRAUTO,EQ,21449,10996,51.27
20,1556,NDTV,EQ,102749,53882,52.44
20,1557,NECLIFE,EQ,2747741,1394178,50.74
20,1558,NELCAST,EQ,111536,51945,46.57
20,1559,NELCO,EQ,120522,51888,43.05
20,1560,NEOGEN,EQ,1739374,250755,14.42
20,1561,NEPHROCARE,SM,20800,11200,53.85
20,1562,NESCO,EQ,78848,31567,40.04
20,1563,NESTLEIND,EQ,2534289,1300404,51.31
20,1564,NETF,EQ,8835,7829,88.61
20,1565,NETWEB,EQ,202793,109449,53.97
20,1566,NETWORK18,EQ,4685417,2646353,56.48
20,1567,NEULANDLAB,EQ,19719,12400,62.88
20,1568,NEWGEN,EQ,697433,283539,40.65
20,1569,NEWJAISA,SM,123000,106500,86.59
20,1570,NEXT50,EQ,7759,6322,81.48
20,1571,NEXT50IETF,EQ,540823,409995,75.81
20,1572,NFL,EQ,4536593,1111339,24.50
20,1573,NGIL,EQ,101550,15989,15.74
20,1574,NGLFINE,EQ,3733,2767,74.12
20,1575,NH,EQ,335418,192748,57.47
20,1576,NHPC,EQ,20471147,10878224,53.14
20,1577,NIACL,EQ,794266,287558,36.20
20,1578,NIBL,EQ,73034,38637,52.90
20,1579,NIDAN,SM,12000,12000,100.00
20,1580,NIDOZC26,N7,7,7,100.00
20,1581,NIF100BEES,EQ,12678,7211,56.88
20,1582,NIF100IETF,EQ,114837,61829,53.84
20,1583,NIF10GETF,EQ,372,332,89.25
20,1584,NIF5GETF,EQ,88,85,96.59
20,1585,NIFITETF,EQ,1131,633,55.97
20,1586,NIFMID150,EQ,6107,3309,54.18
20,1587,NIFTY1,EQ,65796,55556,84.44
20,1588,NIFTY50ADD,EQ,14019,12196,87.00
20,1589,NIFTYBEES,EQ,3644271,2433798,66.78
20,1590,NIFTYBETF,EQ,1124,723,64.32
20,1591,NIFTYETF,EQ,336280,290739,86.46
20,1592,NIFTYIETF,EQ,217870,129526,59.45
20,1593,NIFTYQLITY,EQ,129635,117288,90.48
20,1594,NIITLTD,EQ,2024812,928435,45.85
20,1595,NIITMTS,EQ,139211,74683,53.65
20,1596,NILAINFRA,EQ,1306022,796714,61.00
20,1597,NILKAMAL,EQ,11466,8642,75.37
20,1598,NINSYS,EQ,26839,16305,60.75
20,1599,NIPPOBATRY,EQ,13904,8798,63.28
20,1600,NIRMAN,ST,90000,81000,90.00
20,1601,NITCO,EQ,384232,255371,66.46
20,1602,NITINSPIN,EQ,149923,71017,47.37
20,1603,NITIRAJ,EQ,9423,4840,51.36
20,1604,NKIND,EQ,606,414,68.32
20,1605,NLCINDIA,EQ,2095118,1040079,49.64
20,1606,NMDC,EQ,9429431,3875786,41.10
20,1607,NOCIL,EQ,809685,499778,61.72
20,1608,NPBET,EQ,4285,3093,72.18
20,1609,NPST,SM,64800,47800,73.77
20,1610,NRAIL,EQ,29279,22214,75.87
20,1611,NRBBEARING,EQ,117171,72630,61.99
20,1612,NRL,EQ,724303,297945,41.14
20,1613,NSIL,EQ,18501,9235,49.92
20,1614,NSLNISP,EQ,5472049,2805082,51.26
20,1615,NTPC,EQ,59601773,21545955,36.15
20,1616,NUCLEUS,EQ,40633,18261,44.94
20,1617,NURECA,EQ,175087,79969,45.67
20,1618,NUVAMA,EQ,55603,26644,47.92
20,1619,NUVOCO,EQ,713569,296233,41.51
20,1620,NV20,EQ,23814,12494,52.46
20,1621,NV20BEES,EQ,11871,10736,90.44
20,1622,NV20IETF,EQ,613500,320079,52.17
20,1623,NXST,RR,399563,331975,83.08
20,1624,NYKAA,EQ,9343996,3365059,36.01
20,1625,OAL,EQ,28066,16149,57.54
20,1626,OBCL,EQ,38797,23973,61.79
20,1627,OBEROIRLTY,EQ,1000198,580702,58.06
20,1628,OFSS,EQ,888273,189144,21.29
20,1629,OIL,EQ,9094949,3116774,34.27
20,1630,OILIETF,EQ,9192426,7431328,80.84
20,1631,OLAELEC,EQ,61441099,26529400,43.18
20,1632,OLECTRA,EQ,767696,236136,30.76
20,1633,OLIL,ST,4800,3600,75.00
20,1634,OMAXAUTO,EQ,36718,21606,58.84
20,1635,OMFURN,SM,2400,2400,100.00
20,1636,ONDOOR,SM,13800,6000,43.48
20,1637,ONEPOINT,EQ,1351561,620952,45.94
20,1638,ONGC,EQ,17067311,7294911,42.74
20,1639,ONMOBILE,EQ,1086363,459055,42.26
20,1640,ONWARDTEC,EQ,69034,34364,49.78
20,1641,OPTIEMUS,EQ,523982,194968,37.21
20,1642,ORBTEXP,EQ,22078,10624,48.12
20,1643,ORCHPHARMA,EQ,79322,42712,53.85
20,1644,ORIANA,SM,64950,41700,64.20
20,1645,ORICONENT,EQ,496700,228550,46.01
20,1646,ORIENTBELL,EQ,6499,5332,82.04
20,1647,ORIENTCEM,EQ,1128552,450485,39.92
20,1648,ORIENTCER,EQ,297480,142461,47.89
20,1649,ORIENTELEC,EQ,374311,196729,52.56
20,1650,ORIENTHOT,EQ,460196,162867,35.39
20,1651,ORIENTLTD,EQ,34237,16612,48.52
20,1652,ORIENTPPR,EQ,716943,283155,39.49
20,1653,ORIENTTECH,EQ,421426,209870,49.80
20,1654,ORISSAMINE,EQ,85000,22010,25.89
20,1655,ORTINGLOBE,EQ,22507,13486,59.92
20,1656,OSWALGREEN,EQ,3538893,1155656,32.66
20,1657,OWAIS,SM,54400,38400,70.59
20,1658,PAGEIND,EQ,16911,5933,35.08
20,1659,PAISALO,EQ,1493837,699965,46.86
20,1660,PAKKA,EQ,287273,129299,45.01
20,1661,PALASHSECU,EQ,10060,2479,24.64
20,1662,PANACEABIO,EQ,416104,243416,58.50
20,1663,PANAMAPET,EQ,100779,51600,51.20
20,1664,PAR,EQ,30500,15275,50.08
20,1665,PARACABLES,EQ,5400867,2274465,42.11
20,1666,PARADEEP,EQ,3132755,1333172,42.56
20,1667,PARAGMILK,EQ,399424,227812,57.04
20,1668,PARAGON,SM,88800,52800,59.46
20,1669,PARAMATRIX,SM,21600,21600,100.00
20,1670,PARIN,SM,5000,5000,100.00
20,1671,PARKHOTELS,EQ,163118,107462,65.88
20,1672,PARTYCRUS,SM,18000,13000,72.22
20,1673,PATANJALI,EQ,504940,275992,54.66
20,1674,PATELENG,EQ,5802148,2541033,43.79
20,1675,PATINTLOG,EQ,1162570,510779,43.94
20,1676,PATTECH,SM,7500,7500,100.00
20,1677,PAVNAIND,EQ,8103,5569,68.73
20,1678,PAYTM,EQ,10044737,2459301,24.48
20,1679,PCBL,EQ,5284703,2161910,40.91
20,1680,PCCL,SM,196800,151200,76.83
20,1681,PCJEWELLER,EQ,8027855,3936524,49.04
20,1682,PDMJEPAPER,EQ,340002,156058,45.90
20,1683,PDSL,EQ,130109,80985,62.24
20,1684,PEARLPOLY,EQ,2678212,858272,32.05
20,1685,PEL,EQ,1616300,577502,35.73
20,1686,PENIND,EQ,784204,358084,45.66
20,1687,PENINLAND,EQ,581809,291688,50.13
20,1688,PENTAGON,SM,6000,6000,100.00
20,1689,PERSISTENT,EQ,653730,220759,33.77
20,1690,PETRONET,EQ,5324024,3355468,63.03
20,1691,PFC,EQ,15783626,4627689,29.32
20,1692,PFIZER,EQ,18102,9581,52.93
20,1693,PFS,EQ,2127514,954113,44.85
20,1694,PGEL,EQ,1490709,758298,50.87
20,1695,PGHH,EQ,4333,2926,67.53
20,1696,PGHL,EQ,4522,2340,51.75
20,1697,PGIL,EQ,86774,42461,48.93
20,1698,PGINVIT,IV,1021755,922316,90.27
20,1699,PHANTOMFX,SM,72300,54300,75.10
20,1700,PHARMABEES,EQ,9014259,6686046,74.17
20,1701,PHOENIXLTD,EQ,263004,122032,46.40
20,1702,PIDILITIND,EQ,269754,126826,47.02
20,1703,PIIND,EQ,311213,180425,57.97
20,1704,PILANIINVS,EQ,6738,2605,38.66
20,1705,PILITA,EQ,1259941,496773,39.43
20,1706,PIONEEREMB,EQ,147695,82859,56.10
20,1707,PITTIENG,EQ,90162,51756,57.40
20,1708,PIXTRANS,EQ,182662,36936,20.22
20,1709,PLADAINFO,SM,3000,3000,100.00
20,1710,PLATIND,EQ,571187,247677,43.36
20,1711,PLAZACABLE,EQ,112602,63610,56.49
20,1712,PNB,EQ,21178477,7355671,34.73
20,1713,PNBGILTS,EQ,5864880,1216065,20.73
20,1714,PNBHOUSING,EQ,3278652,955842,29.15
20,1715,PNC,EQ,36049,26664,73.97
20,1716,PNCINFRA,EQ,563116,284405,50.51
20,1717,PNGJL,EQ,3168112,1298924,41.00
20,1718,POCL,EQ,116652,63158,54.14
20,1719,PODDARMENT,EQ,8567,5781,67.48
20,1720,POKARNA,EQ,130712,59790,45.74
20,1721,POLICYBZR,EQ,1711588,623900,36.45
20,1722,POLYCAB,EQ,391188,209961,53.67
20,1723,POLYMED,EQ,56544,27006,47.76
20,1724,POLYPLEX,EQ,245376,122806,50.05
20,1725,POLYSIL,SM,16000,12000,75.00
20,1726,PONNIERODE,EQ,34305,17654,51.46
20,1727,POONAWALLA,EQ,1595675,711898,44.61
20,1728,POSITRON,SM,108000,59400,55.00
20,1729,POWERGRID,EQ,10589610,5167522,48.80
20,1730,POWERINDIA,EQ,24302,11802,48.56
20,1731,POWERMECH,EQ,86007,24789,28.82
20,1732,PPAP,EQ,30547,16646,54.49
20,1733,PPL,EQ,183792,82216,44.73
20,1734,PPLPHARMA,EQ,5406148,1525859,28.22
20,1735,PPSL,SM,270000,198000,73.33
20,1736,PRAJIND,EQ,635516,209654,32.99
20,1737,PRAKASH,EQ,1390783,634055,45.59
20,1738,PRAMARA,SM,26000,18000,69.23
20,1739,PRATHAM,SM,48000,28800,60.00
20,1740,PRECAM,EQ,241229,94992,39.38
20,1741,PRECISION,SM,152000,66000,43.42
20,1742,PRECWIRE,EQ,1184888,412808,34.84
20,1743,PREMIERENE,EQ,3699807,878232,23.74
20,1744,PREMIERPOL,EQ,51393,23828,46.36
20,1745,PRESSTONIC,SM,72000,53600,74.44
20,1746,PRESTIGE,EQ,1464864,652378,44.54
20,1747,PRICOLLTD,EQ,285888,130017,45.48
20,1748,PRIMESECU,EQ,59795,31677,52.98
20,1749,PRINCEPIPE,EQ,246880,88348,35.79
20,1750,PRITI,EQ,41105,25200,61.31
20,1751,PRITIKA,SM,138000,70000,50.72
20,1752,PRITIKAUTO,EQ,1735470,476690,27.47
20,1753,PRIVISCL,EQ,27102,15427,56.92
20,1754,PRIZOR,SM,67200,57600,85.71
20,1755,PRLIND,SM,146000,118000,80.82
20,1756,PROLIFE,SM,3000,2500,83.33
20,1757,PROPEQUITY,SM,3000,3000,100.00
20,1758,PROV,SM,640,640,100.00
20,1759,PROZONER,EQ,411789,234796,57.02
20,1760,PRSMJOHNSN,EQ,2936845,721549,24.57
20,1761,PRUDENT,EQ,29280,15516,52.99
20,1762,PSB,EQ,1565650,628726,40.16
20,1763,PSPPROJECT,EQ,34220,16705,48.82
20,1764,PSUBANK,EQ,8998,3843,42.71
20,1765,PSUBANKADD,EQ,13149,11124,84.60
20,1766,PSUBNKBEES,EQ,2220703,1197200,53.91
20,1767,PSUBNKIETF,EQ,143281,69031,48.18
20,1768,PTC,EQ,4303720,2066998,48.03
20,1769,PTL,EQ,94069,59907,63.68
20,1770,PULZ,SM,37000,27000,72.97
20,1771,PUNJABCHEM,EQ,5417,2959,54.62
20,1772,PURVFLEXI,SM,16000,11200,70.00
20,1773,PVRINOX,EQ,301554,110328,36.59
20,1774,PVSL,EQ,37872,17518,46.26
20,1775,PVTBANIETF,EQ,2937209,2338224,79.61
20,1776,PVTBANKADD,EQ,355404,286488,80.61
20,1777,PYRAMID,EQ,101756,56028,55.06
20,1778,QGOLDHALF,EQ,58932,34538,58.61
20,1779,QMSMEDI,SM,44000,34000,77.27
20,1780,QNIFTY,EQ,263,165,62.74
20,1781,QUADPRO,SM,60000,48000,80.00
20,1782,QUAL30IETF,EQ,8696651,6178611,71.05
20,1783,QUESS,EQ,546759,195141,35.69
20,1784,QUESTLAB,SM,15600,12000,76.92
20,1785,QUICKHEAL,EQ,226184,79896,35.32
20,1786,QUICKTOUCH,SM,13000,9000,69.23
20,1787,QVCEL,SM,238400,158400,66.44
20,1788,RACE,EQ,77070,23729,30.79
20,1789,RADAAN,EQ,194428,194363,99.97
20,1790,RADHIKAJWE,EQ,1084158,451327,41.63
20,1791,RADIANTCMS,EQ,588625,410101,69.67
20,1792,RADICO,EQ,900598,263287,29.23
20,1793,RADIOCITY,EQ,381191,167886,44.04
20,1794,RADIOCITY,P1,214,214,100.00
20,1795,RADIOWALLA,SM,3200,1600,50.00
20,1796,RAILTEL,EQ,2262861,798456,35.29
20,1797,RAIN,EQ,4354679,1676414,38.50
20,1798,RAINBOW,EQ,2948077,214438,7.27
20,1799,RAJESHEXPO,EQ,421156,199709,47.42
20,1800,RAJINDLTD,SM,66000,42000,63.64
20,1801,RAJMET,EQ,1603471,855229,53.34
20,1802,RAJRATAN,EQ,31048,15445,49.75
20,1803,RAJSREESUG,EQ,113931,57033,50.06
20,1804,RALLIS,EQ,417900,152787,36.56
20,1805,RAMANEWS,EQ,138484,86375,62.37
20,1806,RAMAPHO,EQ,56881,31411,55.22
20,1807,RAMASTEEL,EQ,101693024,20360784,20.02
20,1808,RAMCOCEM,EQ,370095,107185,28.96
20,1809,RAMCOIND,EQ,113105,78140,69.09
20,1810,RAMCOSYS,EQ,52793,25312,47.95
20,1811,RAMKY,EQ,91870,51878,56.47
20,1812,RAMRAT,EQ,58201,38496,66.14
20,1813,RANASUG,EQ,453566,201679,44.47
20,1814,RANEHOLDIN,EQ,25932,11258,43.41
20,1815,RATEGAIN,EQ,462795,289767,62.61
20,1816,RATNAMANI,EQ,61012,47685,78.16
20,1817,RAYMOND,EQ,177579,74965,42.22
20,1818,RAYMONDLSL,EQ,279595,184911,66.14
20,1819,RBA,EQ,4518094,1739924,38.51
20,1820,RBLBANK,EQ,9492942,4993808,52.61
20,1821,RBMINFRA,SM,66600,45000,67.57
20,1822,RBS,SM,72000,54400,75.56
20,1823,RCDL,SM,39000,24000,61.54
20,1824,RCF,EQ,4100303,959255,23.39
20,1825,RECLTD,EQ,25364529,8436718,33.26
20,1826,REDINGTON,EQ,1380032,800919,58.04
20,1827,REDTAPE,EQ,173794,82704,47.59
20,1828,REFEX,EQ,1222140,615323,50.35
20,1829,REFRACTORY,ST,44000,44000,100.00
20,1830,RELAXO,EQ,75811,47500,62.66
20,1831,RELCHEMQ,EQ,16051,9319,58.06
20,1832,RELIANCE,EQ,8477951,5162238,60.89
20,1833,RELIGARE,EQ,3093607,1277491,41.29
20,1834,RELINFRA,EQ,55952528,11096727,19.83
20,1835,RELTD,EQ,1739273,1218894,70.08
20,1836,REMSONSIND,EQ,108345,80299,74.11
20,1837,REMUS,SM,11400,8600,75.44
20,1838,RENUKA,EQ,9821995,2566409,26.13
20,1839,REPCOHOME,EQ,194715,86402,44.37
20,1840,REPL,EQ,29204,14141,48.42
20,1841,REPRO,EQ,10682,5419,50.73
20,1842,RESPONIND,EQ,569739,63834,11.20
20,1843,REXPIPES,SM,4000,4000,100.00
20,1844,RGL,EQ,2131695,930065,43.63
20,1845,RHFL,EQ,10091028,6112830,60.58
20,1846,RHIM,EQ,97379,57837,59.39
20,1847,RICHA,SM,6000,6000,100.00
20,1848,RICOAUTO,EQ,592110,268599,45.36
20,1849,RIIL,EQ,105827,29317,27.70
20,1850,RILINFRA,ST,25000,22900,91.60
20,1851,RISHABH,EQ,96516,65993,68.38
20,1852,RITCO,EQ,57501,21386,37.19
20,1853,RITES,EQ,5484937,877324,16.00
20,1854,RITEZONE,SM,1600,1600,100.00
20,1855,RKFORGE,EQ,482505,193133,40.03
20,1856,RKSWAMY,EQ,158786,84482,53.20
20,1857,RMDRIP,SM,6000,4000,66.67
20,1858,RML,EQ,19332,9950,51.47
20,1859,RNFI,SM,174000,115200,66.21
20,1860,ROCKINGDCE,SM,32500,9250,28.46
20,1861,ROHLTD,EQ,80786,41757,51.69
20,1862,ROLEXRINGS,EQ,11467,5200,45.35
20,1863,ROML,EQ,5167,3231,62.53
20,1864,ROSSARI,EQ,102068,50806,49.78
20,1865,ROSSELLIND,EQ,894801,377463,42.18
20,1866,ROTO,EQ,75978,33887,44.60
20,1867,ROUTE,EQ,148503,81327,54.76
20,1868,ROXHITECH,SM,62400,51200,82.05
20,1869,RPEL,EQ,19140,9425,49.24
20,1870,RPGLIFE,EQ,19208,8958,46.64
20,1871,RPOWER,EQ,130356791,55919693,42.90
20,1872,RPPL,EQ,851311,374169,43.95
20,1873,RPSGVENT,EQ,141023,49706,35.25
20,1874,RPTECH,EQ,330814,166329,50.28
20,1875,RRKABEL,EQ,141806,96915,68.34
20,1876,RSWM,EQ,93061,41648,44.75
20,1877,RSYSTEMS,EQ,186478,85190,45.68
20,1878,RTNINDIA,EQ,5218771,2039332,39.08
20,1879,RTNPOWER,EQ,15061356,11844228,78.64
20,1880,RUBFILA,EQ,81721,55550,67.98
20,1881,RUBYMILLS,EQ,97225,35450,36.46
20,1882,RUCHIRA,EQ,114535,50471,44.07
20,1883,RULKA,ST,12000,12000,100.00
20,1884,RUPA,EQ,405702,205232,50.59
20,1885,RUSHIL,EQ,989071,560079,56.63
20,1886,RUSTOMJEE,EQ,35156,16836,47.89
20,1887,RVNL,EQ,13094055,3609086,27.56
20,1888,SAAKSHI,ST,10800,9600,88.89
20,1889,SABAR,SM,155000,135000,87.10
20,1890,SADBHAV,EQ,2672440,1694637,63.41
20,1891,SADHAV,SM,40800,30000,73.53
20,1892,SADHNANIQ,EQ,265980,122986,46.24
20,1893,SAFARI,EQ,44290,22706,51.27
20,1894,SAGCEM,EQ,43426,22352,51.47
20,1895,SAH,EQ,32876,10496,31.93
20,1896,SAHAJ,SM,24000,16000,66.67
20,1897,SAHAJSOLAR,SM,56000,34400,61.43
20,1898,SAHANA,SM,15250,12750,83.61
20,1899,SAHYADRI,EQ,19380,10350,53.41
20,1900,SAIFL,SM,35200,29600,84.09
20,1901,SAIL,EQ,25229973,8304031,32.91
20,1902,SAKAR,EQ,26371,8589,32.57
20,1903,SAKHTISUG,EQ,408769,181166,44.32
20,1904,SAKSOFT,EQ,1619433,372124,22.98
20,1905,SALASAR,EQ,17186756,6978563,40.60
20,1906,SALONA,EQ,2952,1736,58.81
20,1907,SALSTEEL,EQ,331282,170737,51.54
20,1908,SALZERELEC,EQ,95109,46693,49.09
20,1909,SAMBHAAV,EQ,488724,303746,62.15
20,1910,SAMHI,EQ,755811,402200,53.21
20,1911,SAMMAANCAP,EQ,6240007,2716971,43.54
20,1912,SANDESH,EQ,7488,3508,46.85
20,1913,SANDHAR,EQ,65885,34986,53.10
20,1914,SANDUMA,EQ,82306,43155,52.43
20,1915,SANGAMIND,EQ,54789,29744,54.29
20,1916,SANGHIIND,EQ,212943,119272,56.01
20,1917,SANGHVIMOV,EQ,276077,118116,42.78
20,1918,SANGINITA,EQ,93960,62783,66.82
20,1919,SANOFI,EQ,16135,10463,64.85
20,1920,SANSERA,EQ,210159,138260,65.79
20,1921,SANSTAR,EQ,2675708,968579,36.20
20,1922,SAPPHIRE,EQ,742590,428770,57.74
20,1923,SARDAEN,EQ,912419,398947,43.72
20,1924,SAREGAMA,EQ,199889,104301,52.18
20,1925,SAROJA,SM,4800,4800,100.00
20,1926,SARTELE,SM,219500,146000,66.51
20,1927,SARVESHWAR,EQ,6236531,3638667,58.34
20,1928,SASKEN,EQ,14120,8627,61.10
20,1929,SASTASUNDR,EQ,14889,8839,59.37
20,1930,SATECH,SM,204000,122000,59.80
20,1931,SATIA,EQ,377105,196143,52.01
20,1932,SATIN,EQ,318812,132418,41.53
20,1933,SATINDLTD,EQ,1258867,552161,43.86
20,1934,SATIPOLY,SM,8000,7000,87.50
20,1935,SAURASHCEM,EQ,347868,210176,60.42
20,1936,SBC,EQ,8558013,2817104,32.92
20,1937,SBCL,EQ,119543,52566,43.97
20,1938,SBFC,EQ,4425789,2141446,48.39
20,1939,SBGLP,EQ,432236,183979,42.56
20,1940,SBICARD,EQ,2417123,659410,27.28
20,1941,SBIETFCON,EQ,11914,8660,72.69
20,1942,SBIETFIT,EQ,12836,6569,51.18
20,1943,SBIETFPB,EQ,13155,9607,73.03
20,1944,SBIETFQLTY,EQ,3124,2221,71.09
20,1945,SBILIFE,EQ,776068,415399,53.53
20,1946,SBIN,EQ,10645478,3657423,34.36
20,1947,SBINEQWETF,EQ,25519,25018,98.04
20,1948,SBISILVER,EQ,159648,122089,76.47
20,1949,SCHAEFFLER,EQ,121302,91407,75.35
20,1950,SCHAND,EQ,110989,77950,70.23
20,1951,SCHNEIDER,EQ,251916,130784,51.92
20,1952,SCI,EQ,2006851,787973,39.26
20,1953,SCILAL,EQ,1527433,856869,56.10
20,1954,SCL25,Y6,17,17,100.00
20,1955,SCL25B,BI,60,40,66.67
20,1956,SCLZC25,YN,10,10,100.00
20,1957,SCLZC25B,AT,33,11,33.33
20,1958,SCLZC25D,NJ,20,10,50.00
20,1959,SCLZC25F,Y5,29,19,65.52
20,1960,SCML,SM,14000,10000,71.43
20,1961,SCPL,EQ,12769,7075,55.41
20,1962,SDBL,EQ,3007764,1129139,37.54
20,1963,SDL24BEES,EQ,1591,1317,82.78
20,1964,SDL26BEES,EQ,1305,1305,100.00
20,1965,SEAMECLTD,EQ,38854,25131,64.68
20,1966,SECL,SM,18750,12500,66.67
20,1967,SECMARK,EQ,11678,7824,67.00
20,1968,SECURKLOUD,EQ,24032,15048,62.62
20,1969,SEL,SM,9200,5200,56.52
20,1970,SELAN,EQ,72763,35313,48.53
20,1971,SENCO,EQ,374436,136363,36.42
20,1972,SENSEXADD,EQ,3474,3136,90.27
20,1973,SENSEXETF,EQ,4949,3423,69.17
20,1974,SENSEXIETF,EQ,4152,2415,58.16
20,1975,SEPC,EQ,30795727,13806710,44.83
20,1976,SEQUENT,EQ,2053991,731046,35.59
20,1977,SERVICE,SM,14000,10000,71.43
20,1978,SERVOTECH,EQ,1819777,822203,45.18
20,1979,SESHAPAPER,EQ,50799,19556,38.50
20,1980,SETF10GILT,EQ,31311,26590,84.92
20,1981,SETFGOLD,EQ,1558884,1048220,67.24
20,1982,SETFNIF50,EQ,813152,736232,90.54
20,1983,SETFNIFBK,EQ,78962,50671,64.17
20,1984,SETFNN50,EQ,116429,74248,63.77
20,1985,SFL,EQ,100497,60954,60.65
20,1986,SGBAPR28I,GB,199,143,71.86
20,1987,SGBAUG27,GB,23,21,91.30
20,1988,SGBAUG28V,GB,1395,1099,78.78
20,1989,SGBAUG29V,GB,56,37,66.07
20,1990,SGBAUG30,GB,25,23,92.00
20,1991,SGBD29VIII,GB,74,49,66.22
20,1992,SGBDC27VII,GB,33,25,75.76
20,1993,SGBDE30III,GB,485,330,68.04
20,1994,SGBDE31III,GB,992,800,80.65
20,1995,SGBDEC25,GB,1,1,100.00
20,1996,SGBDEC2513,GB,1,1,100.00
20,1997,SGBDEC26,GB,1,1,100.00
20,1998,SGBFEB27,GB,14,13,92.86
20,1999,SGBFEB28IX,GB,10,10,100.00
20,2000,SGBFEB29XI,GB,62,53,85.48
20,2001,SGBFEB32IV,GB,1457,1117,76.66
20,2002,SGBJ28VIII,GB,1,1,100.00
20,2003,SGBJAN29IX,GB,701,478,68.19
20,2004,SGBJAN29X,GB,59,54,91.53
20,2005,SGBJAN30IX,GB,42,29,69.05
20,2006,SGBJU29III,GB,80,64,80.00
20,2007,SGBJUL25,GB,2,2,100.00
20,2008,SGBJUL27,GB,21,15,71.43
20,2009,SGBJUL28IV,GB,84,84,100.00
20,2010,SGBJUL29IV,GB,398,376,94.47
20,2011,SGBJUN27,GB,7,4,57.14
20,2012,SGBJUN28,GB,25,14,56.00
20,2013,SGBJUN29II,GB,61,61,100.00
20,2014,SGBJUN30,GB,104,90,86.54
20,2015,SGBJUN31I,GB,213,153,71.83
20,2016,SGBMAR25,GB,47,32,68.09
20,2017,SGBMAR28X,GB,259,259,100.00
20,2018,SGBMAR30X,GB,64,61,95.31
20,2019,SGBMAR31IV,GB,66,52,78.79
20,2020,SGBMAY25,GB,1,1,100.00
20,2021,SGBMAY28,GB,153,116,75.82
20,2022,SGBMAY29I,GB,161,145,90.06
20,2023,SGBMR29XII,GB,125,97,77.60
20,2024,SGBN28VIII,GB,21,20,95.24
20,2025,SGBNOV24,GB,105,83,79.05
20,2026,SGBNOV25,GB,5,5,100.00
20,2027,SGBNOV26,GB,74,41,55.41
20,2028,SGBNV29VII,GB,86,75,87.21
20,2029,SGBOC28VII,GB,295,260,88.14
20,2030,SGBOCT25,GB,11,11,100.00
20,2031,SGBOCT25IV,GB,2,2,100.00
20,2032,SGBOCT25V,GB,7,7,100.00
20,2033,SGBOCT27,GB,40,40,100.00
20,2034,SGBOCT27VI,GB,6,6,100.00
20,2035,SGBSEP24,GB,200,115,57.50
20,2036,SGBSEP27,GB,142,122,85.92
20,2037,SGBSEP28VI,GB,58,45,77.59
20,2038,SGBSEP29VI,GB,179,156,87.15
20,2039,SGBSEP31II,GB,1699,1286,75.69
20,2040,SGIL,EQ,177270,30085,16.97
20,2041,SHAHALLOYS,EQ,29523,18557,62.86
20,2042,SHAILY,EQ,261884,176132,67.26
20,2043,SHALBY,EQ,102422,45620,44.54
20,2044,SHALPAINTS,EQ,127205,75771,59.57
20,2045,SHANKARA,EQ,102605,48598,47.36
20,2046,SHANTHALA,SM,14400,12000,83.33
20,2047,SHANTI,EQ,26388,23099,87.54
20,2048,SHANTIGEAR,EQ,18731,10120,54.03
20,2049,SHARDACROP,EQ,224631,100504,44.74
20,2050,SHARDAMOTR,EQ,26811,16290,60.76
20,2051,SHAREINDIA,EQ,300255,158047,52.64
20,2052,SHARIABEES,EQ,6060,3181,52.49
20,2053,SHEETAL,SM,4000,4000,100.00
20,2054,SHEMAROO,EQ,117864,46851,39.75
20,2055,SHERA,SM,66000,44000,66.67
20,2056,SHIGAN,SM,16500,15000,90.91
20,2057,SHILPAMED,EQ,789580,349841,44.31
20,2058,SHIVALIK,EQ,17930,11223,62.59
20,2059,SHIVAMILLS,EQ,33383,7543,22.60
20,2060,SHIVATEX,EQ,157398,70089,44.53
20,2061,SHK,EQ,861404,434431,50.43
20,2062,SHOPERSTOP,EQ,146958,51772,35.23
20,2063,SHREDIGCEM,EQ,755332,495875,65.65
20,2064,SHREECEM,EQ,20392,9445,46.32
20,2065,SHREEKARNI,ST,6600,6000,90.91
20,2066,SHREEOSFM,SM,13000,13000,100.00
20,2067,SHREYANIND,EQ,15448,8490,54.96
20,2068,SHREYAS,EQ,119401,74615,62.49
20,2069,SHRIPISTON,EQ,163268,83376,51.07
20,2070,SHRIRAMFIN,EQ,1285785,647912,50.39
20,2071,SHRIRAMPPS,EQ,5016185,1694865,33.79
20,2072,SHRITECH,SM,14000,12000,85.71
20,2073,SHUBHLAXMI,SM,19000,17000,89.47
20,2074,SHUBHSHREE,ST,255600,228000,89.20
20,2075,SHYAMCENT,EQ,151791,82407,54.29
20,2076,SHYAMMETL,EQ,703465,323113,45.93
20,2077,SIDDHIKA,SM,6000,4000,66.67
20,2078,SIEMENS,EQ,362166,171017,47.22
20,2079,SIGACHI,EQ,1042074,575890,55.26
20,2080,SIGIND,EQ,16388,10584,64.58
20,2081,SIGMA,EQ,4072,2757,67.71
20,2082,SIGNATURE,EQ,571068,150367,26.33
20,2083,SIGNORIA,SM,6000,6000,100.00
20,2084,SIGNPOST,EQ,50010,31827,63.64
20,2085,SILGO,EQ,454146,271614,59.81
20,2086,SILINV,EQ,5191,2822,54.36
20,2087,SILKFLEX,SM,28000,18000,64.29
20,2088,SILVER,EQ,181976,118001,64.84
20,2089,SILVER1,EQ,179470,122083,68.02
20,2090,SILVERADD,EQ,20910,18409,88.04
20,2091,SILVERBEES,EQ,9670742,5565397,57.55
20,2092,SILVERETF,EQ,237333,166490,70.15
20,2093,SILVERIETF,EQ,843021,552187,65.50
20,2094,SILVERTUC,EQ,26168,7782,29.74
20,2095,SILVRETF,EQ,30792,17563,57.04
20,2096,SINCLAIR,EQ,63930,42496,66.47
20,2097,SINDHUTRAD,EQ,660231,369432,55.95
20,2098,SINTERCOM,EQ,294711,258292,87.64
20,2099,SIRCA,EQ,192286,77577,40.34
20,2100,SIS,EQ,55828,26003,46.58
20,2101,SIYSIL,EQ,36114,22204,61.48
20,2102,SJLOGISTIC,SM,84500,59500,70.41
20,2103,SJS,EQ,98339,59124,60.12
20,2104,SJVN,EQ,8065441,2839451,35.21
20,2105,SKFINDIA,EQ,38967,19509,50.07
20,2106,SKIPPER,EQ,443096,182181,41.12
20,2107,SKIPPERPP,E1,675,581,86.07
20,2108,SKMEGGPROD,EQ,77679,41840,53.86
20,2109,SKP,SM,10000,9500,95.00
20,2110,SLONE,ST,25600,25600,100.00
20,2111,SMALLCAP,EQ,1577385,1016601,64.45
20,2112,SMARTLINK,EQ,30242,16296,53.89
20,2113,SMCGLOBAL,EQ,498439,235910,47.33
20,2114,SMLISUZU,EQ,16702,10343,61.93
20,2115,SMLT,EQ,28232,15018,53.19
20,2116,SMSPHARMA,EQ,303812,134386,44.23
20,2117,SMVD,SM,4040,4040,100.00
20,2118,SNOWMAN,EQ,3341527,1249432,37.39
20,2119,SOBHA,EQ,255221,80255,31.45
20,2120,SOBHAPP,E1,918,682,74.29
20,2121,SOFTTECH,EQ,17182,6592,38.37
20,2122,SOLARAPP,X1,5650,5635,99.73
20,2123,SOLARINDS,EQ,32680,19696,60.27
20,2124,SOLEX,SM,12200,8600,70.49
20,2125,SOMANYCERA,EQ,34998,26123,74.64
20,2126,SOMATEX,EQ,44663,20449,45.79
20,2127,SONACOMS,EQ,1576534,783851,49.72
20,2128,SONAMAC,SM,29000,21000,72.41
20,2129,SONAMLTD,EQ,126992,45620,35.92
20,2130,SONATSOFTW,EQ,530634,211500,39.86
20,2131,SONUINFRA,ST,6000,6000,100.00
20,2132,SOTL,EQ,85059,43605,51.26
20,2133,SOUTHBANK,EQ,11729048,5503525,46.92
20,2134,SPAL,EQ,20806,9023,43.37
20,2135,SPANDANA,EQ,138219,77995,56.43
20,2136,SPARC,EQ,629876,312502,49.61
20,2137,SPCENET,EQ,2629641,1711615,65.09
20,2138,SPCL,SM,104400,72000,68.97
20,2139,SPECIALITY,EQ,84490,41858,49.54
20,2140,SPECTRUM,SM,2500,2250,90.00
20,2141,SPECTSTM,SM,16800,15200,90.48
20,2142,SPENCERS,EQ,3125162,1004649,32.15
20,2143,SPIC,EQ,1995547,907233,45.46
20,2144,SPLIL,EQ,123199,39635,32.17
20,2145,SPLPETRO,EQ,70823,42931,60.62
20,2146,SPORTKING,EQ,868592,379007,43.63
20,2147,SPPPOLY,ST,2000,2000,100.00
20,2148,SPRL,ST,9600,9600,100.00
20,2149,SREEL,EQ,14575,8397,57.61
20,2150,SRF,EQ,641706,374644,58.38
20,2151,SRGHFL,EQ,5476,3230,58.98
20,2152,SRHHYPOLTD,EQ,19250,11437,59.41
20,2153,SRIVASAVI,SM,35000,34000,97.14
20,2154,SRPL,EQ,812590,609570,75.02
20,2155,SSDL,EQ,3920887,719067,18.34
20,2156,SSEGL,SM,421000,174000,41.33
20,2157,SSFL,SM,5000,3500,70.00
20,2158,SSWL,EQ,301227,148212,49.20
20,2159,STANLEY,EQ,110077,63842,58.00
20,2160,STAR,EQ,280119,172287,61.50
20,2161,STARCEMENT,EQ,1006236,424321,42.17
20,2162,STARHEALTH,EQ,1013904,635119,62.64
20,2163,STARPAPER,EQ,34082,20796,61.02
20,2164,STCINDIA,EQ,91800,32994,35.94
20,2165,STEELCAS,EQ,41074,17337,42.21
20,2166,STEELCITY,EQ,17475,11332,64.85
20,2167,STEELXIND,EQ,2698546,1615390,59.86
20,2168,STERTOOLS,EQ,386668,165962,42.92
20,2169,STLTECH,EQ,1896128,1001483,52.82
20,2170,STOVEKRAFT,EQ,203398,120129,59.06
20,2171,STYLAMIND,EQ,52541,30346,57.76
20,2172,STYLEBAAZA,EQ,606426,343074,56.57
20,2173,STYRENIX,EQ,49895,29760,59.65
20,2174,SUBEXLTD,EQ,6164346,2598677,42.16
20,2175,SUBROS,EQ,82778,38525,46.54
20,2176,SUDARSCHEM,EQ,154283,77998,50.56
20,2177,SUKHJITS,EQ,16589,7960,47.98
20,2178,SULA,EQ,197826,96314,48.69
20,2179,SUMICHEM,EQ,581323,239723,41.24
20,2180,SUMMITSEC,EQ,6752,2983,44.18
20,2181,SUNCLAY,EQ,27643,15458,55.92
20,2182,SUNDARMFIN,EQ,93846,45815,48.82
20,2183,SUNDARMHLD,EQ,714444,208208,29.14
20,2184,SUNDRMFAST,EQ,115592,65927,57.03
20,2185,SUNFLAG,EQ,229989,105856,46.03
20,2186,SUNLITE,SM,26400,18000,68.18
20,2187,SUNPHARMA,EQ,1675819,878320,52.41
20,2188,SUNREST,SM,3200,1600,50.00
20,2189,SUNTECK,EQ,7253420,1035606,14.28
20,2190,SUNTV,EQ,545449,123016,22.55
20,2191,SUPERHOUSE,EQ,21994,12680,57.65
20,2192,SUPERSPIN,EQ,779066,506028,64.95
20,2193,SUPRAJIT,EQ,159286,92619,58.15
20,2194,SUPREMEIND,EQ,110225,67005,60.79
20,2195,SUPREMEPWR,ST,61000,53000,86.89
20,2196,SUPRIYA,EQ,318014,171075,53.79
20,2197,SURANASOL,EQ,755584,393723,52.11
20,2198,SURANI,SM,10200,6200,60.78
20,2199,SURYALAXMI,EQ,30320,19409,64.01
20,2200,SURYAROSNI,EQ,405913,257960,63.55
20,2201,SURYODAY,EQ,554591,351363,63.36
20,2202,SUTLEJTEX,EQ,714757,195386,27.34
20,2203,SUVEN,EQ,999586,500079,50.03
20,2204,SUVENPHAR,EQ,2635567,324284,12.30
20,2205,SUVIDHAA,EQ,205884,126113,61.25
20,2206,SUYOG,EQ,56969,30437,53.43
20,2207,SUZLON,EQ,60446356,31108129,51.46
20,2208,SVPGLOB,EQ,57323,41427,72.27
20,2209,SWANENERGY,EQ,1228448,550886,44.84
20,2210,SWARAJ,SM,13000,9000,69.23
20,2211,SWARAJENG,EQ,7591,3518,46.34
20,2212,SWASTIK,SM,25200,20400,80.95
20,2213,SWELECTES,EQ,91511,40529,44.29
20,2214,SWSOLAR,EQ,1450374,791313,54.56
20,2215,SYLVANPLY,SM,112000,70000,62.50
20,2216,SYMPHONY,EQ,138196,71216,51.53
20,2217,SYNCOMF,EQ,11801608,5167317,43.78
20,2218,SYNGENE,EQ,952862,383341,40.23
20,2219,SYNOPTICS,SM,21000,19200,91.43
20,2220,SYRMA,EQ,357990,129172,36.08
20,2221,SYSTANGO,SM,52000,35200,67.69
20,2222,TAC,SM,63600,34800,54.72
20,2223,TAJGVK,EQ,116999,58798,50.26
20,2224,TAKE,EQ,704889,365645,51.87
20,2225,TALBROAUTO,EQ,94233,58216,61.78
20,2226,TANLA,EQ,357731,176186,49.25
20,2227,TAPIFRUIT,SM,5250,5250,100.00
20,2228,TARACHAND,EQ,47782,35450,74.19
20,2229,TARSONS,EQ,87671,33495,38.21
20,2230,TASTYBITE,EQ,7564,4256,56.27
20,2231,TATACHEM,EQ,1428078,599927,42.01
20,2232,TATACOMM,EQ,501366,162010,32.31
20,2233,TATACONSUM,EQ,2737652,1839069,67.18
20,2234,TATAELXSI,EQ,129289,55513,42.94
20,2235,TATAGOLD,EQ,2265646,1414216,62.42
20,2236,TATAINVEST,EQ,39326,18771,47.73
20,2237,TATAMOTORS,EQ,13466770,7391050,54.88
20,2238,TATAPOWER,EQ,12721422,4066355,31.96
20,2239,TATASTEEL,EQ,36913781,15817099,42.85
20,2240,TATATECH,EQ,3066974,1331212,43.40
20,2241,TATSILV,EQ,1992938,1371723,68.83
20,2242,TATVA,EQ,45128,20596,45.64
20,2243,TBI,ST,81600,73200,89.71
20,2244,TBOTEK,EQ,206155,186099,90.27
20,2245,TBZ,EQ,2249644,632862,28.13
20,2246,TCI,EQ,32270,15500,48.03
20,2247,TCIEXP,EQ,58812,32065,54.52
20,2248,TCL,SM,20000,12800,64.00
20,2249,TCPLPACK,EQ,8821,3155,35.77
20,2250,TCS,EQ,2927551,1509863,51.57
20,2251,TDPOWERSYS,EQ,851526,659241,77.42
20,2252,TEAMLEASE,EQ,67557,45324,67.09
20,2253,TECH,EQ,27595,18895,68.47
20,2254,TECHLABS,ST,12000,10500,87.50
20,2255,TECHM,EQ,3032379,1873456,61.78
20,2256,TECHNOE,EQ,118118,89917,76.12
20,2257,TEGA,EQ,29637,13987,47.19
20,2258,TEJASNET,EQ,317301,160743,50.66
20,2259,TEXINFRA,EQ,580362,291912,50.30
20,2260,TEXMOPIPES,EQ,83725,52106,62.23
20,2261,TEXRAIL,EQ,3054976,1457726,47.72
20,2262,TFCILTD,EQ,1409544,696306,49.40
20,2263,TGBHOTELS,EQ,146991,84742,57.65
20,2264,TGL,ST,75600,63600,84.13
20,2265,THANGAMAYL,EQ,119389,37594,31.49
20,2266,THEJO,EQ,8673,6475,74.66
20,2267,THEMISMED,EQ,254476,100035,39.31
20,2268,THERMAX,EQ,105166,57028,54.23
20,2269,THOMASCOOK,EQ,656603,396909,60.45
20,2270,THYROCARE,EQ,73474,49705,67.65
20,2271,TI,EQ,4891263,966929,19.77
20,2272,TIDEWATER,EQ,29999,15108,50.36
20,2273,TIIL,EQ,24852,14072,56.62
20,2274,TIINDIA,EQ,270143,187844,69.54
20,2275,TIMESCAN,SM,6000,6000,100.00
20,2276,TIMESGTY,EQ,10634,8348,78.50
20,2277,TIMETECHNO,EQ,1154142,299710,25.97
20,2278,TIMKEN,EQ,54665,32368,59.21
20,2279,TIPSFILMS,EQ,3189,1920,60.21
20,2280,TIPSINDLTD,EQ,256125,101549,39.65
20,2281,TIRUMALCHM,EQ,368090,170645,46.36
20,2282,TIRUPATI,SM,14500,14250,98.28
20,2283,TITAGARH,EQ,918697,337595,36.75
20,2284,TITAN,EQ,945257,474978,50.25
20,2285,TMB,EQ,206298,100925,48.92
20,2286,TNIDETF,EQ,191142,164522,86.07
20,2287,TNPETRO,EQ,335166,191195,57.04
20,2288,TNPL,EQ,236486,106082,44.86
20,2289,TOP100CASE,EQ,100205,87261,87.08
20,2290,TOP10ADD,EQ,243873,237624,97.44
20,2291,TORNTPHARM,EQ,260230,143728,55.23
20,2292,TORNTPOWER,EQ,1228563,350556,28.53
20,2293,TRACXN,EQ,529019,242333,45.81
20,2294,TRANSTEEL,SM,38000,24000,63.16
20,2295,TRANSWIND,ST,4000,4000,100.00
20,2296,TREEHOUSE,EQ,157617,105548,66.96
20,2297,TREJHARA,EQ,37149,21548,58.00
20,2298,TREL,EQ,606457,348580,57.48
20,2299,TRENT,EQ,395523,207213,52.39
20,2300,TRF,EQ,16563,12214,73.74
20,2301,TRIDENT,EQ,5581953,2766328,49.56
20,2302,TRIDHYA,SM,45000,45000,100.00
20,2303,TRITURBINE,EQ,508619,169314,33.29
20,2304,TRIVENI,EQ,1181840,376622,31.87
20,2305,TROM,SM,80400,49200,61.19
20,2306,TRU,EQ,1765782,1172585,66.41
20,2307,TRUST,ST,103200,93600,90.70
20,2308,TTKHLTCARE,EQ,9737,5279,54.22
20,2309,TTKPRESTIG,EQ,203865,82643,40.54
20,2310,TTL,EQ,34241,19219,56.13
20,2311,TTML,EQ,6638555,1949049,29.36
20,2312,TUNWAL,SM,484000,282000,58.26
20,2313,TV18BRDCST,EQ,11294994,5341194,47.29
20,2314,TVSHLTD,EQ,9205,4871,52.92
20,2315,TVSMOTOR,EQ,541355,263974,48.76
20,2316,TVSSCS,EQ,1793833,880160,49.07
20,2317,TVSSRICHAK,EQ,8588,5631,65.57
20,2318,TVTODAY,EQ,201402,113868,56.54
20,2319,UBL,EQ,1263253,375904,29.76
20,2320,UCAL,EQ,78797,34523,43.81
20,2321,UCOBANK,EQ,4645329,1733642,37.32
20,2322,UDAICEMENT,EQ,523271,273496,52.27
20,2323,UDS,EQ,570329,226428,39.70
20,2324,UFLEX,EQ,80809,46027,56.96
20,2325,UFO,EQ,178650,66714,37.34
20,2326,UGARSUGAR,EQ,264784,133323,50.35
20,2327,UGROCAP,EQ,211323,100067,47.35
20,2328,UJJIVANSFB,EQ,10826981,6269179,57.90
20,2329,ULTRACEMCO,EQ,227247,118076,51.96
20,2330,UMA,SM,24000,20000,83.33
20,2331,UNICHEMLAB,EQ,26581,12048,45.33
20,2332,UNIDT,EQ,33085,18490,55.89
20,2333,UNIECOM,EQ,2103320,862346,41.00
20,2334,UNIENTER,EQ,25502,13660,53.56
20,2335,UNIHEALTH,SM,16000,10000,62.50
20,2336,UNIINFO,EQ,11585,9253,79.87
20,2337,UNIONBANK,EQ,9388649,4739371,50.48
20,2338,UNIPARTS,EQ,49325,25458,51.61
20,2339,UNITDSPR,EQ,1528204,1060074,69.37
20,2340,UNITEDPOLY,EQ,248267,88738,35.74
20,2341,UNITEDTEA,EQ,5016,3173,63.26
20,2342,UNIVASTU,EQ,9494,6193,65.23
20,2343,UNIVCABLES,EQ,52448,27049,51.57
20,2344,UNIVPHOTO,EQ,2678,1735,64.79
20,2345,UNOMINDA,EQ,740624,355898,48.05
20,2346,UPL,EQ,2721915,951868,34.97
20,2347,URBAN,SM,13600,11600,85.29
20,2348,URJA,EQ,2536886,1191061,46.95
20,2349,USASEEDS,SM,300,300,100.00
20,2350,USHAMART,EQ,529473,268786,50.76
20,2351,UTIAMC,EQ,267715,101871,38.05
20,2352,UTIBANKETF,EQ,1070429,972503,90.85
20,2353,UTINEXT50,EQ,159412,117623,73.79
20,2354,UTINIFTETF,EQ,168422,154075,91.48
20,2355,UTISENSETF,EQ,467,424,90.79
20,2356,UTISXN50,EQ,31951,28249,88.41
20,2357,UTKARSHBNK,EQ,5004780,3295353,65.84
20,2358,UTSSAV,SM,192000,120000,62.50
20,2359,UTTAMSUGAR,EQ,133358,49642,37.22
20,2360,VADILALIND,EQ,11926,5362,44.96
20,2361,VAIBHAVGBL,EQ,549071,261500,47.63
20,2362,VAISHALI,EQ,260608,122725,47.09
20,2363,VAKRANGEE,EQ,71726144,17510204,24.41
20,2364,VALIANTLAB,EQ,137928,53891,39.07
20,2365,VALIANTORG,EQ,109627,46456,42.38
20,2366,VARDHACRLC,EQ,50626,33082,65.35
20,2367,VARROC,EQ,252985,97207,38.42
20,2368,VASCONEQ,EQ,897286,430825,48.01
20,2369,VASWANI,EQ,276455,95545,34.56
20,2370,VBL,EQ,6235971,3428119,54.97
20,2371,VDEAL,SM,108000,86400,80.00
20,2372,VEDL,EQ,7777695,2464895,31.69
20,2373,VEEKAYEM,SM,8500,6500,76.47
20,2374,VELS,SM,3600,2400,66.67
20,2375,VENKEYS,EQ,63392,29548,46.61
20,2376,VENUSPIPES,EQ,54797,26921,49.13
20,2377,VENUSREM,EQ,27037,18767,69.41
20,2378,VERA,SM,1500,1500,100.00
20,2379,VERITAAS,SM,9600,8400,87.50
20,2380,VERTOZ,EQ,10627329,5567912,52.39
20,2381,VESUVIUS,EQ,13599,7117,52.33
20,2382,VGUARD,EQ,291032,162429,55.81
20,2383,VHL,EQ,6139,2683,43.70
20,2384,VIAZ,SM,4000,4000,100.00
20,2385,VIDHIING,EQ,12768,8447,66.16
20,2386,VIESL,ST,309600,284000,91.73
20,2387,VIJAYA,EQ,321484,220510,68.59
20,2388,VIKASECO,EQ,11319610,6194315,54.72
20,2389,VIKASLIFE,EQ,10371995,5390633,51.97
20,2390,VILAS,ST,71000,67000,94.37
20,2391,VIMTALABS,EQ,161158,86283,53.54
20,2392,VINATIORGA,EQ,37260,15568,41.78
20,2393,VINDHYATEL,EQ,53113,28716,54.07
20,2394,VINEETLAB,EQ,37928,14944,39.40
20,2395,VINSYS,SM,7000,5000,71.43
20,2396,VINYAS,ST,13200,12600,95.45
20,2397,VINYLINDIA,EQ,48056,24703,51.40
20,2398,VIPIND,EQ,1682638,515693,30.65
20,2399,VIRINCHI,EQ,2403569,948740,39.47
20,2400,VISAKAIND,EQ,307331,173456,56.44
20,2401,VISAMAN,SM,12000,12000,100.00
20,2402,VISHNU,EQ,157280,98086,62.36
20,2403,VISHNUINFR,SM,17000,8000,47.06
20,2404,VISHWARAJ,EQ,3125018,1348597,43.15
20,2405,VISHWAS,SM,16000,11200,70.00
20,2406,VITAL,ST,30000,27600,92.00
20,2407,VIVIANA,ST,7000,6500,92.86
20,2408,VIVIDHA,EQ,1393345,805873,57.84
20,2409,VLEGOV,EQ,2288364,966845,42.25
20,2410,VLINFRA,SM,243000,156000,64.20
20,2411,VLSFINANCE,EQ,122681,47650,38.84
20,2412,VMARCIND,SM,33000,27000,81.82
20,2413,VMART,EQ,61860,51378,83.06
20,2414,VOLTAMP,EQ,15201,9462,62.25
20,2415,VOLTAS,EQ,1461840,803485,54.96
20,2416,VPRPL,EQ,755710,361915,47.89
20,2417,VR,SM,16000,9600,60.00
20,2418,VRAJ,EQ,347360,109809,31.61
20,2419,VRLLOG,EQ,68458,32220,47.07
20,2420,VSCL,SM,90000,90000,100.00
20,2421,VSSL,EQ,94406,40445,42.84
20,2422,VSTIND,EQ,477485,209969,43.97
20,2423,VSTTILLERS,EQ,6698,3569,53.28
20,2424,VTL,EQ,230374,103387,44.88
20,2425,WABAG,EQ,514587,255864,49.72
20,2426,WALCHANNAG,EQ,413322,219518,53.11
20,2427,WALPAR,SM,8000,8000,100.00
20,2428,WEL,EQ,47150,16470,34.93
20,2429,WELCORP,EQ,499238,279953,56.08
20,2430,WELENT,EQ,190513,112737,59.18
20,2431,WELINV,EQ,97,92,94.85
20,2432,WELSPUNLIV,EQ,2729254,1136685,41.65
20,2433,WENDT,EQ,391,223,57.03
20,2434,WESTLIFE,EQ,111400,49261,44.22
20,2435,WHEELS,EQ,69857,42988,61.54
20,2436,WHIRLPOOL,EQ,109766,61028,55.60
20,2437,WILLAMAGOR,EQ,8408,4870,57.92
20,2438,WINDLAS,EQ,63110,26210,41.53
20,2439,WINDMACHIN,EQ,209562,113891,54.35
20,2440,WINNY,SM,2000,2000,100.00
20,2441,WINSOL,SM,57600,43200,75.00
20,2442,WIPRO,EQ,10484591,2952280,28.16
20,2443,WOMANCART,ST,1600,1600,100.00
20,2444,WONDERLA,EQ,83555,53783,64.37
20,2445,WORTH,EQ,200726,88757,44.22
20,2446,WSI,EQ,161109,82818,51.40
20,2447,WSTCSTPAPR,EQ,221155,133674,60.44
20,2448,WTICAB,SM,50000,37000,74.00
20,2449,XCHANGING,EQ,256309,135677,52.93
20,2450,XELPMOC,EQ,36807,14882,40.43
20,2451,XPROINDIA,EQ,39834,26187,65.74
20,2452,XTGLOBAL,EQ,61284,37029,60.42
20,2453,YASHO,EQ,11546,5279,45.72
20,2454,YASHOPTICS,SM,28800,25600,88.89
20,2455,YATHARTH,EQ,416750,208805,50.10
20,2456,YATRA,EQ,267402,128744,48.15
20,2457,YESBANK,EQ,89812762,37347219,41.58
20,2458,YUDIZ,ST,27200,22400,82.35
20,2459,YUKEN,EQ,12069,7450,61.73
20,2460,ZAGGLE,EQ,1850572,789312,42.65
20,2461,ZEAL,SM,9000,7200,80.00
20,2462,ZEEL,EQ,15571976,8597344,55.21
20,2463,ZEEMEDIA,EQ,7996414,4074313,50.95
20,2464,ZENITHDRUG,SM,158400,104000,65.66
20,2465,ZENSARTECH,EQ,795146,335775,42.23
20,2466,ZENTEC,EQ,427908,243069,56.80
20,2467,ZFCVINDIA,EQ,7836,4521,57.70
20,2468,ZIMLAB,EQ,200896,100723,50.14
20,2469,ZOMATO,EQ,48225291,23791630,49.33
20,2470,ZOTA,EQ,30130,17859,59.27
20,2471,ZTECH,SM,63600,46800,73.58
20,2472,ZUARI,EQ,240166,94309,39.27
20,2473,ZUARIIND,EQ,162065,61277,37.81
20,2474,ZYDUSLIFE,EQ,2737320,1416133,51.73
20,2475,ZYDUSWELL,EQ,79884,58062,72.68
