Security Wise Delivery Position - Compulsory Rolling Settlement
10,MTO,07062024,2035072511,0002490
Trade Date <07-JUN-2024>,Settlement Type <N>
Record Type,Sr No,Name of Security,Quantity Traded,Deliverable Quantity(gross across client level),% of Deliverable Quantity to Traded Quantity
20,1,0MOFSL26,N1,100,100,100.00
20,2,1003ICCL28,NX,62,62,100.00
20,3,1003ISFL28,N4,25,25,100.00
20,4,1015ECL29,NR,150,150,100.00
20,5,1018GS2026,GS,926,901,97.30
20,6,1025IHF34,Z8,80,80,100.00
20,7,1025IHF34A,ZT,69,69,100.00
20,8,1025NFL25,N5,2,2,100.00
20,9,1025UCL25,N8,51,48,94.12
20,10,1040NFL26,NA,1200,1200,100.00
20,11,1040UCL25,N4,12,12,100.00
20,12,1050ISFL28,N5,10,10,100.00
20,13,1050NFL26,N7,200,200,100.00
20,14,1050UCL25,N7,903,850,94.13
20,15,105IIFL29,N7,450,450,100.00
20,16,1060ECL29,NS,10,10,100.00
20,17,1065NFL27,NC,215,215,100.00
20,18,10CAGL27,N5,10,10,100.00
20,19,10IHFL30A,BV,218,218,100.00
20,20,10IIFL28,N4,321,321,100.00
20,21,10IIFL28A,NE,75,75,100.00
20,22,10NFL25,N9,29,29,100.00
20,23,10NIDO26,N6,200,200,100.00
20,24,1102NFL26,N8,100,50,50.00
20,25,182D010824,TB,100,100,100.00
20,26,182D120924,TB,1400,1400,100.00
20,27,182D130624,TB,200,200,100.00
20,28,182D141124,TB,100,100,100.00
20,29,182D150824,TB,100,100,100.00
20,30,182D220824,TB,200,200,100.00
20,31,182D260924,TB,300,300,100.00
20,32,20MICRONS,EQ,77482,50468,65.14
20,33,360ONE,EQ,234660,144605,61.62
20,34,364D020125,TB,200,200,100.00
20,35,364D060225,TB,200,200,100.00
20,36,364D121224,TB,200,200,100.00
20,37,364D200225,TB,100,100,100.00
20,38,364D280624,TB,5000,5000,100.00
20,39,3IINFOLTD,EQ,8423530,2390104,28.37
20,40,3MINDIA,EQ,6699,3623,54.08
20,41,3PLAND,EQ,19141,10653,55.66
20,42,515GS2025,GS,100,100,100.00
20,43,574GS2026,GS,4,3,75.00
20,44,5PAISA,EQ,41442,18318,44.20
20,45,610GS2031,GS,3696,3696,100.00
20,46,63MOONS,EQ,131384,76215,58.01
20,47,654GS2032,GS,6115,6115,100.00
20,48,667GS2050,GS,6,3,50.00
20,49,669GS2024,GS,2791,2789,99.93
20,50,68GS2060,GS,2,2,100.00
20,51,699GS2051,GS,80,80,100.00
20,52,702GS2027,GS,202311,202211,99.95
20,53,704GS2029,GS,2201,2200,99.95
20,54,706GS2028,GS,12200,12200,100.00
20,55,710GS2029,GS,40072,36872,92.01
20,56,717GS2030,GS,16303,15900,97.53
20,57,718GS2033,GS,2102,2102,100.00
20,58,718GS2037,GS,49752,39926,80.25
20,59,719HUDCO28,N7,200,200,100.00
20,60,719PN37,SG,100,100,100.00
20,61,723GS2039,GS,1000,1000,100.00
20,62,725GS2063,GS,131381,131381,100.00
20,63,725IRFC35,NH,100,100,100.00
20,64,726GS2029,GS,83,83,100.00
20,65,726GS2032,GS,263126,260926,99.16
20,66,726GS2033,GS,1000,1000,100.00
20,67,729NHAI26,NC,2,2,100.00
20,68,732GS2030,GS,100,100,100.00
20,69,733GS2026,GS,20817,20718,99.52
20,70,734GS2064,GS,2838,2838,100.00
20,71,734IRFC28,N4,500,500,100.00
20,72,736GS2052,GS,27817,27817,100.00
20,73,736NTPC25D,NB,1226,1226,100.00
20,74,736PFCL28,N2,200,150,75.00
20,75,737GS2028,GS,4200,4200,100.00
20,76,738GS2027,GS,119721,119721,100.00
20,77,739NHAI26,N8,107,107,100.00
20,78,73GS2053,GS,100,100,100.00
20,79,741GS2036,GS,46001,26000,56.52
20,80,743REC35,NH,300,300,100.00
20,81,746GS2073,GS,1100,1100,100.00
20,82,74GS2035,GS,10,10,100.00
20,83,74GS2062,GS,4,4,100.00
20,84,751HUDCO28,N5,750,500,66.67
20,85,753IRFC30,NJ,20,20,100.00
20,86,753NTPC30E,NC,8,8,100.00
20,87,754GS2036,GS,1275144,1152747,90.40
20,88,760PFCL35,N3,70,70,100.00
20,89,762NTPC35F,ND,100,100,100.00
20,90,764HUDCO31,N8,1,1,100.00
20,91,764NABAR31,N2,49,49,100.00
20,92,769GS2043,GS,350,350,100.00
20,93,769HUDCO31,N9,16,16,100.00
20,94,769NHAI31,NE,759,710,93.54
20,95,76NHAI31,NA,1997,1067,53.43
20,96,772GS2049,GS,1,1,100.00
20,97,785AP37,SG,100,100,100.00
20,98,78ABFL33,N4,20,20,100.00
20,99,797IGT31,NL,195,195,100.00
20,100,79NHIT35,N1,23,13,56.52
20,101,79NHIT40,N2,71,61,85.92
20,102,79NHIT47,N3,823,813,98.78
20,103,801TCH25,N4,820,810,98.78
20,104,805ABFL28,N2,5,5,100.00
20,105,820IIFL27,N9,166,166,100.00
20,106,825IIFL25,N7,1,1,100.00
20,107,828GS2027,GS,1000,1000,100.00
20,108,829LTF24,NL,1103,1079,97.82
20,109,82HUDCO27,N2,200,200,100.00
20,110,82IGT31,NJ,1145,1145,100.00
20,111,830NHAI27,N2,838,838,100.00
20,112,833GS2026,GS,108,108,100.00
20,113,83TCHF25,N6,10,10,100.00
20,114,842IIFL26,NL,665,665,100.00
20,115,843IHFL29,NC,110,110,100.00
20,116,849NTPC25,N7,17821,17821,100.00
20,117,84TCHF28,NA,45,45,100.00
20,118,850NHAI29,N5,4,4,100.00
20,119,854NHPC28,N2,10,10,100.00
20,120,85IIFL25,NO,510,510,100.00
20,121,85PCHFL24,N6,30,30,100.00
20,122,85TCAPS24,N6,446,446,100.00
20,123,860CIFCL28,NG,100,100,100.00
20,124,865IFL28,NZ,716,716,100.00
20,125,865IIFL28,NS,1140,1140,100.00
20,126,865IRFC29,NA,250,250,100.00
20,127,865LTF26,NN,840,640,76.19
20,128,866IBHL25,YP,11,11,100.00
20,129,86LTF24,NJ,543,381,70.17
20,130,871REC28,N9,1377,1051,76.33
20,131,872MMFSL26,N1,210,210,100.00
20,132,875IHFL26,NQ,50,50,100.00
20,133,875IIFL26,NM,51,51,100.00
20,134,875IIFL26A,NQ,118,118,100.00
20,135,875NHAI29,N6,807,588,72.86
20,136,876HUDCO28,ND,150,150,100.00
20,137,879NHPC28,N5,1150,1000,86.96
20,138,87IHFL24A,ZF,21,21,100.00
20,139,87LTF27,NH,5,5,100.00
20,140,885MOFSL26,N0,225,225,100.00
20,141,886REC34,NG,1047,1047,100.00
20,142,888IRFC29,NE,347,337,97.12
20,143,888REC29,NF,350,350,100.00
20,144,890ICCL23A,NZ,56,56,100.00
20,145,891NTPC33,N6,302,302,100.00
20,146,892PFCL33,N8,1368,1359,99.34
20,147,893NHB29,N6,11,11,100.00
20,148,894IHFL27,ZY,1,1,100.00
20,149,897MOFSL29,N4,1454,1000,68.78
20,150,898LTF29,N7,103,103,100.00
20,151,8ABFL26,N0,32,17,53.13
20,152,901HUDCO34,NE,100,100,100.00
20,153,903SFL28,YI,400,400,100.00
20,154,905IHF24,YV,91,91,100.00
20,155,905LTF27,NF,251,251,100.00
20,156,910TCAP28,NA,70,50,71.43
20,157,91D040724,TB,200,200,100.00
20,158,91D080824,TB,1200,1200,100.00
20,159,91D120724,TB,1200,1200,100.00
20,160,91D130624,TB,1100,1100,100.00
20,161,91D150824,TB,100,100,100.00
20,162,91D190724,TB,1300,1300,100.00
20,163,91D230824,TB,400,400,100.00
20,164,91D270624,TB,100,100,100.00
20,165,91SFL27,ZI,200,200,100.00
20,166,920PEL28,N2,201,201,100.00
20,167,925ERFL28,N6,45,45,100.00
20,168,925IBHFL25,AC,50,50,100.00
20,169,925IHFL25,N5,12,12,100.00
20,170,925IHFL25C,AR,4,4,100.00
20,171,925IHFL25D,N6,33,33,100.00
20,172,925IHFL26B,YQ,10,10,100.00
20,173,92GS2030,GS,25832,25832,100.00
20,174,92ICCL28,ND,50,50,100.00
20,175,935PEL33,N3,23,23,100.00
20,176,93MOFSL34,N6,7,5,71.43
20,177,940CAGL27,NB,50,50,100.00
20,178,943ECL28,NJ,6,6,100.00
20,179,945CAGL24,N1,20,20,100.00
20,180,948IHFL26I,AX,29,29,100.00
20,181,94IFCI25,NL,102,102,100.00
20,182,955ICCL25A,NH,92,90,97.83
20,183,955IHFL27,Z5,2,2,100.00
20,184,955IHFL27A,ZJ,10,10,100.00
20,185,957ICCL25,YW,50,50,100.00
20,186,957NIDO26,N5,5,5,100.00
20,187,960ISFL25,N1,10,10,100.00
20,188,965IHFL25C,N0,40,40,100.00
20,189,965IHFL25E,BF,10,10,100.00
20,190,965IHFL26A,ZB,30,30,100.00
20,191,96IIFL28,N5,1072,921,85.91
20,192,96IIFL28A,NF,1626,1350,83.03
20,193,96SFL24A,NB,29,27,93.10
20,194,970CAGL28,ND,180,180,100.00
20,195,971IHFL28,AN,1,1,100.00
20,196,971IHFL28A,NT,94,94,100.00
20,197,975NFL25,N0,172,172,100.00
20,198,97MOFSL34,N7,20,20,100.00
20,199,985ECL28,NK,65,65,100.00
20,200,985ICCL28,NO,30,30,100.00
20,201,985IIFL22,NC,25,25,100.00
20,202,99IFCI24,NH,140,113,80.71
20,203,9IBHFL26BA,NA,30,30,100.00
20,204,9MMFSML,N2,143,143,100.00
20,205,9PCHFL31A,NA,62,62,100.00
20,206,9PEL25,N0,500,500,100.00
20,207,AADHARHFC,EQ,3637561,2254915,61.99
20,208,AAKASH,EQ,520248,275145,52.89
20,209,AARON,EQ,6480,3551,54.80
20,210,AARTIDRUGS,EQ,245606,148379,60.41
20,211,AARTIIND,EQ,972936,361936,37.20
20,212,AARTIPHARM,EQ,215279,118905,55.23
20,213,AARTISURF,EQ,24530,16822,68.58
20,214,AARVEEDEN,EQ,24940,11452,45.92
20,215,AARVI,EQ,16355,11046,67.54
20,216,AATMAJ,SM,30000,22000,73.33
20,217,AAVAS,EQ,364602,169644,46.53
20,218,ABB,EQ,323673,128574,39.72
20,219,ABBOTINDIA,EQ,21939,11132,50.74
20,220,ABCAPITAL,EQ,14776291,5530684,37.43
20,221,ABCOTS,SM,2500,2500,100.00
20,222,ABFRL,EQ,12150989,4731315,38.94
20,223,ABINFRA,SM,4000,4000,100.00
20,224,ABMINTLLTD,EQ,14898,2642,17.73
20,225,ABSLAMC,EQ,251293,131024,52.14
20,226,ABSLBANETF,EQ,44311,24176,54.56
20,227,ABSLLIQUID,EQ,34494,34334,99.54
20,228,ABSLNN50ET,EQ,17018,11566,67.96
20,229,ABSLPSE,EQ,662560,451080,68.08
20,230,ABSMARINE,SM,223000,144000,64.57
20,231,ACC,EQ,329255,168167,51.08
20,232,ACCELYA,EQ,25773,13593,52.74
20,233,ACCENTMIC,SM,16000,12000,75.00
20,234,ACCURACY,EQ,280548,225264,80.29
20,235,ACE,EQ,391268,150087,38.36
20,236,ACEINTEG,EQ,21378,15321,71.67
20,237,ACI,EQ,201924,118647,58.76
20,238,ACL,EQ,271734,167403,61.61
20,239,ACLGATI,EQ,969306,575628,59.39
20,240,ACSAL,SM,9000,6000,66.67
20,241,ADANIENSOL,EQ,6459015,3301882,51.12
20,242,ADANIENT,EQ,4740455,2166562,45.70
20,243,ADANIGREEN,EQ,1687744,514485,30.48
20,244,ADANIPORTS,EQ,5884018,1716667,29.18
20,245,ADANIPOWER,EQ,8120551,3005419,37.01
20,246,ADFFOODS,EQ,290240,157758,54.35
20,247,ADL,EQ,4329,1363,31.49
20,248,ADORWELD,EQ,22002,11394,51.79
20,249,ADROITINFO,EQ,25009,18272,73.06
20,250,ADSL,EQ,391767,198456,50.66
20,251,ADVANIHOTR,EQ,99479,56532,56.83
20,252,ADVENZYMES,EQ,110719,76175,68.80
20,253,AEGISLOG,EQ,2956850,1046080,35.38
20,254,AEROFLEX,EQ,1353032,393959,29.12
20,255,AETHER,EQ,44169,19841,44.92
20,256,AFFLE,EQ,729256,464833,63.74
20,257,AGARIND,EQ,39829,23518,59.05
20,258,AGARWALFT,ST,15000,9000,60.00
20,259,AGI,EQ,194865,95945,49.24
20,260,AGNI,SM,37500,35000,93.33
20,261,AGRITECH,EQ,3883,2896,74.58
20,262,AGROPHOS,EQ,169158,88696,52.43
20,263,AGSTRA,EQ,167996,122105,72.68
20,264,AHL,EQ,409824,253812,61.93
20,265,AHLEAST,EQ,8627,6808,78.92
20,266,AHLUCONT,EQ,78619,40862,51.97
20,267,AIAENG,EQ,28123,14955,53.18
20,268,AIIL,EQ,222656,88136,39.58
20,269,AILIMITED,ST,9000,9000,100.00
20,270,AIMTRON,ST,48800,48800,100.00
20,271,AIRAN,EQ,216022,130468,60.40
20,272,AIROLAM,EQ,27366,19712,72.03
20,273,AIRTELPP,E1,328605,240471,73.18
20,274,AJANTPHARM,EQ,154569,65812,42.58
20,275,AJMERA,EQ,122608,46100,37.60
20,276,AJOONI,EQ,995139,689447,69.28
20,277,AKANKSHA,SM,56000,44000,78.57
20,278,AKASH,EQ,17902,9841,54.97
20,279,AKG,EQ,304756,253313,83.12
20,280,AKI,EQ,65698,63465,96.60
20,281,AKSHARCHEM,EQ,5521,3089,55.95
20,282,AKZOINDIA,EQ,13404,7522,56.12
20,283,ALANKIT,EQ,2162842,1232855,57.00
20,284,ALBERTDAVD,EQ,24398,13991,57.34
20,285,ALEMBICLTD,EQ,1170748,502715,42.94
20,286,ALICON,EQ,33985,19250,56.64
20,287,ALKALI,EQ,31376,20939,66.74
20,288,ALKEM,EQ,166257,76871,46.24
20,289,ALKYLAMINE,EQ,20750,11539,55.61
20,290,ALLCARGO,EQ,3079631,1849550,60.06
20,291,ALLETEC,SM,99600,74800,75.10
20,292,ALLSEC,EQ,40686,23627,58.07
20,293,ALMONDZ,EQ,48028,43047,89.63
20,294,ALOKINDS,EQ,7495738,4002689,53.40
20,295,ALPA,EQ,52257,31108,59.53
20,296,ALPEXSOLAR,SM,94000,60800,64.68
20,297,ALPHA,EQ,783634,579319,73.93
20,298,ALPHAETF,EQ,316276,228774,72.33
20,299,ALPHAGEO,EQ,43220,22741,52.62
20,300,ALPL30IETF,EQ,1989396,1766538,88.80
20,301,ALUWIND,SM,30000,18000,60.00
20,302,AMBANIORG,SM,4000,2000,50.00
20,303,AMBER,EQ,63800,28141,44.11
20,304,AMBICAAGAR,EQ,147236,64076,43.52
20,305,AMBIKCO,EQ,32041,18630,58.14
20,306,AMBUJACEM,EQ,3023546,1672367,55.31
20,307,AMDIND,EQ,104856,61904,59.04
20,308,AMEYA,SM,16000,16000,100.00
20,309,AMIORG,EQ,138091,52124,37.75
20,310,AMJLAND,EQ,58766,28022,47.68
20,311,AMNPLST,EQ,8465,3079,36.37
20,312,AMRUTANJAN,EQ,34713,21406,61.67
20,313,ANANDRATHI,EQ,29930,17582,58.74
20,314,ANANTRAJ,EQ,1173438,641295,54.65
20,315,ANDHRAPAP,EQ,117167,54009,46.10
20,316,ANDHRSUGAR,EQ,883504,439278,49.72
20,317,ANGELONE,EQ,360721,140475,38.94
20,318,ANIKINDS,EQ,8642,4309,49.86
20,319,ANLON,SM,184800,128000,69.26
20,320,ANNAPURNA,SM,88500,77500,87.57
20,321,ANTGRAPHIC,EQ,922637,749947,81.28
20,322,ANUP,EQ,30789,17140,55.67
20,323,ANURAS,EQ,780563,389004,49.84
20,324,APARINDS,EQ,118875,55612,46.78
20,325,APCL,EQ,13135,7888,60.05
20,326,APCOTEXIND,EQ,289372,263199,90.96
20,327,APEX,EQ,979582,306360,31.27
20,328,APLAPOLLO,EQ,3713637,3428560,92.32
20,329,APLLTD,EQ,104402,44431,42.56
20,330,APOLLO,EQ,969912,616271,63.54
20,331,APOLLOHOSP,EQ,436163,262829,60.26
20,332,APOLLOPIPE,EQ,273448,157206,57.49
20,333,APOLLOTYRE,EQ,3264588,1470106,45.03
20,334,APOLSINHOT,EQ,1940,1115,57.47
20,335,APS,SM,100000,56500,56.50
20,336,APTECHT,EQ,186627,93204,49.94
20,337,APTUS,EQ,1215375,869193,71.52
20,338,ARABIAN,SM,14000,14000,100.00
20,339,ARE&M,EQ,12287325,2095328,17.05
20,340,ARENTERP,EQ,3163,2430,76.83
20,341,ARHAM,ST,29000,29000,100.00
20,342,ARIES,EQ,89022,34173,38.39
20,343,ARIHANTCAP,EQ,436936,236876,54.21
20,344,ARIHANTSUP,EQ,25528,16022,62.76
20,345,ARISTO,SM,1600,1600,100.00
20,346,ARMANFIN,EQ,48665,19990,41.08
20,347,AROGRANITE,EQ,68755,40873,59.45
20,348,ARROWGREEN,EQ,298365,103949,34.84
20,349,ARTEMISMED,EQ,94923,59640,62.83
20,350,ARTNIRMAN,EQ,6226,5018,80.60
20,351,ARVIND,EQ,355314,220021,61.92
20,352,ARVINDFASN,EQ,145993,94825,64.95
20,353,ARVSMART,EQ,80657,44124,54.71
20,354,ASAHIINDIA,EQ,96172,47146,49.02
20,355,ASAHISONG,EQ,13494,9723,72.05
20,356,ASAL,EQ,188163,66356,35.27
20,357,ASALCBR,EQ,479590,216893,45.22
20,358,ASCOM,ST,500,500,100.00
20,359,ASHAPURMIN,EQ,111312,73590,66.11
20,360,ASHIANA,EQ,119275,77506,64.98
20,361,ASHIMASYN,EQ,2620094,1675055,63.93
20,362,ASHOKA,EQ,14020349,4599816,32.81
20,363,ASHOKAMET,EQ,753047,642534,85.32
20,364,ASHOKLEY,EQ,13365598,5252728,39.30
20,365,ASIANENE,EQ,344139,326100,94.76
20,366,ASIANPAINT,EQ,1600180,723431,45.21
20,367,ASIANTILES,EQ,385181,217395,56.44
20,368,ASKAUTOLTD,EQ,255159,154000,60.35
20,369,ASMS,EQ,129227,108173,83.71
20,370,ASPINWALL,EQ,8579,3921,45.70
20,371,ASPIRE,SM,6000,4000,66.67
20,372,ASTEC,EQ,18550,10814,58.30
20,373,ASTERDM,EQ,693382,381615,55.04
20,374,ASTRAL,EQ,408587,234182,57.32
20,375,ASTRAMICRO,EQ,540126,256885,47.56
20,376,ASTRAZEN,EQ,7083,3354,47.35
20,377,ATFL,EQ,63230,42862,67.79
20,378,ATGL,EQ,2156312,550137,25.51
20,379,ATL,EQ,984696,599243,60.86
20,380,ATMASTCO,SM,103200,64800,62.79
20,381,ATUL,EQ,41934,27766,66.21
20,382,ATULAUTO,EQ,73403,36565,49.81
20,383,AUBANK,EQ,1336725,475154,35.55
20,384,AURIONPRO,EQ,34421,25627,74.45
20,385,AUROIMPEX,SM,27200,24000,88.24
20,386,AUROPHARMA,EQ,1879997,937558,49.87
20,387,AURUM,EQ,53803,32884,61.12
20,388,AURUMPP1,E1,12738,11582,90.92
20,389,AUTOAXLES,EQ,26034,14926,57.33
20,390,AUTOBEES,EQ,267533,161899,60.52
20,391,AUTOIETF,EQ,579014,333748,57.64
20,392,AUTOIND,EQ,112521,70154,62.35
20,393,AVADHSUGAR,EQ,106751,41195,38.59
20,394,AVALON,EQ,109939,68409,62.22
20,395,AVANTIFEED,EQ,13673693,1710877,12.51
20,396,AVG,EQ,230638,127070,55.09
20,397,AVONMORE,EQ,51579,25054,48.57
20,398,AVPINFRA,SM,259200,176000,67.90
20,399,AVROIND,EQ,23734,12606,53.11
20,400,AVTNPL,EQ,122605,54830,44.72
20,401,AWFIS,EQ,1935606,637193,32.92
20,402,AWHCL,EQ,120071,68562,57.10
20,403,AWL,EQ,1758072,760836,43.28
20,404,AXISBANK,EQ,8583998,3839640,44.73
20,405,AXISBNKETF,EQ,3577,3125,87.36
20,406,AXISBPSETF,EQ,75983,45660,60.09
20,407,AXISCADES,EQ,164617,78446,47.65
20,408,AXISCETF,EQ,8558,7396,86.42
20,409,AXISGOLD,EQ,145769,109697,75.25
20,410,AXISHCETF,EQ,8967,7712,86.00
20,411,AXISILVER,EQ,92671,79671,85.97
20,412,AXISNIFTY,EQ,10590,10208,96.39
20,413,AXISTECETF,EQ,38059,36489,95.87
20,414,AXITA,EQ,1010381,560291,55.45
20,415,AXSENSEX,EQ,5221,4355,83.41
20,416,AYMSYNTEX,EQ,62998,44039,69.91
20,417,AZAD,EQ,117053,63707,54.43
20,418,BABAFP,SM,16000,12800,80.00
20,419,BAHETI,SM,6750,3750,55.56
20,420,BAIDFIN,EQ,805835,466280,57.86
20,421,BAJAJ-AUTO,EQ,246783,109975,44.56
20,422,BAJAJCON,EQ,1245880,676950,54.34
20,423,BAJAJELEC,EQ,124349,55574,44.69
20,424,BAJAJFINSV,EQ,2787254,1040409,37.33
20,425,BAJAJHCARE,EQ,50230,31165,62.04
20,426,BAJAJHIND,EQ,28939792,11175725,38.62
20,427,BAJAJHLDNG,EQ,45046,23014,51.09
20,428,BAJEL,EQ,876416,358517,40.91
20,429,BAJFINANCE,EQ,2984052,1105139,37.03
20,430,BALAJITELE,EQ,880313,577091,65.56
20,431,BALAMINES,EQ,64209,35513,55.31
20,432,BALAXI,EQ,53538,28837,53.86
20,433,BALKRISHNA,EQ,99072,61520,62.10
20,434,BALKRISIND,EQ,513847,149075,29.01
20,435,BALMLAWRIE,EQ,1074692,438194,40.77
20,436,BALPHARMA,EQ,52777,32630,61.83
20,437,BALRAMCHIN,EQ,4873537,1900318,38.99
20,438,BALUFORGE,EQ,171008,120331,70.37
20,439,BANARBEADS,EQ,20792,8798,42.31
20,440,BANARISUG,EQ,1621,794,48.98
20,441,BANCOINDIA,EQ,41779,20652,49.43
20,442,BANDHANBNK,EQ,12023356,5431196,45.17
20,443,BANG,EQ,31467,24578,78.11
20,444,BANKBARODA,EQ,19749116,9719373,49.21
20,445,BANKBEES,EQ,1291838,842808,65.24
20,446,BANKBETF,EQ,93042,56830,61.08
20,447,BANKETF,EQ,2955,2486,84.13
20,448,BANKETFADD,EQ,56458,42751,75.72
20,449,BANKIETF,EQ,1816562,1565225,86.16
20,450,BANKINDIA,EQ,15029332,7637268,50.82
20,451,BANKNIFTY1,EQ,28403,20799,73.23
20,452,BANSWRAS,EQ,94406,57795,61.22
20,453,BARBEQUE,EQ,252593,211623,83.78
20,454,BASF,EQ,11389,6868,60.30
20,455,BASILIC,SM,36600,29400,80.33
20,456,BASML,EQ,83007,42573,51.29
20,457,BATAINDIA,EQ,448938,182650,40.68
20,458,BAWEJA,SM,8000,6400,80.00
20,459,BAYERCROP,EQ,33415,19861,59.44
20,460,BBETF0432,EQ,263,173,65.78
20,461,BBL,EQ,57621,38636,67.05
20,462,BBNPPGOLD,EQ,648,383,59.10
20,463,BBOX,EQ,350071,156593,44.73
20,464,BBTC,EQ,165946,66893,40.31
20,465,BBTCL,EQ,4832,3878,80.26
20,466,BCLIND,EQ,806508,466198,57.80
20,467,BCONCEPTS,EQ,26369,14217,53.92
20,468,BDL,EQ,3187159,1124540,35.28
20,469,BEACON,ST,414000,382000,92.27
20,470,BEARDSELL,EQ,60410,33391,55.27
20,471,BECTORFOOD,EQ,282124,168878,59.86
20,472,BEDMUTHA,EQ,7358,3543,48.15
20,473,BEL,EQ,60109827,22199003,36.93
20,474,BEML,EQ,582028,146370,25.15
20,475,BEPL,EQ,350382,201351,57.47
20,476,BERGEPAINT,EQ,1761247,1076833,61.14
20,477,BESTAGRO,EQ,35264,16879,47.86
20,478,BETA,SM,7200,6700,93.06
20,479,BEWLTD,SM,2125,1750,82.35
20,480,BFINVEST,EQ,70427,26799,38.05
20,481,BFSI,EQ,673265,428256,63.61
20,482,BFUTILITIE,EQ,540215,158572,29.35
20,483,BHAGCHEM,EQ,705928,332792,47.14
20,484,BHAGERIA,EQ,23808,12384,52.02
20,485,BHAGYANGR,EQ,180223,93903,52.10
20,486,BHANDARI,EQ,673668,320767,47.61
20,487,BHARATFORG,EQ,779819,434927,55.77
20,488,BHARATGEAR,EQ,29728,16444,55.31
20,489,BHARATRAS,EQ,6843,3726,54.45
20,490,BHARATWIRE,EQ,160493,89587,55.82
20,491,BHARTIARTL,EQ,12280748,7735401,62.99
20,492,BHARTIHEXA,EQ,435943,188490,43.24
20,493,BHEL,EQ,32634629,6592765,20.20
20,494,BHINVIT,IV,162865,153372,94.17
20,495,BIGBLOC,EQ,127409,73232,57.48
20,496,BIKAJI,EQ,1735067,785174,45.25
20,497,BIOCON,EQ,14591288,4239944,29.06
20,498,BIOFILCHEM,EQ,41091,17631,42.91
20,499,BIRDYS,SM,3600,3600,100.00
20,500,BIRET,RR,112953,99131,87.76
20,501,BIRLACABLE,EQ,98815,39513,39.99
20,502,BIRLACORPN,EQ,131518,79817,60.69
20,503,BIRLAMONEY,EQ,4277040,1259979,29.46
20,504,BLAL,EQ,998135,323640,32.42
20,505,BLISSGVS,EQ,299193,154726,51.71
20,506,BLKASHYAP,EQ,6180276,3409533,55.17
20,507,BLS,EQ,1682947,465360,27.65
20,508,BLSE,EQ,219106,109249,49.86
20,509,BLUEDART,EQ,5267,2923,55.50
20,510,BLUEJET,EQ,112702,73585,65.29
20,511,BLUEPEBBLE,SM,41600,27200,65.38
20,512,BLUESTARCO,EQ,284657,139472,49.00
20,513,BMETRICS,SM,13200,12400,93.94
20,514,BODALCHEM,EQ,274366,148970,54.30
20,515,BOMDYEING,EQ,1264574,395676,31.29
20,516,BOROLTD,EQ,572175,216521,37.84
20,517,BORORENEW,EQ,510854,166336,32.56
20,518,BOSCHLTD,EQ,19067,8292,43.49
20,519,BPCL,EQ,10810315,4673026,43.23
20,520,BPL,EQ,499406,188159,37.68
20,521,BRIGADE,EQ,852029,287652,33.76
20,522,BRIGHT,SM,198000,150000,75.76
20,523,BRITANNIA,EQ,226777,103042,45.44
20,524,BSE,EQ,602909,351252,58.26
20,525,BSE500IETF,EQ,145161,121568,83.75
20,526,BSHSL,EQ,21347,13783,64.57
20,527,BSL,EQ,3152,1534,48.67
20,528,BSLGOLDETF,EQ,51095,39091,76.51
20,529,BSLNIFTY,EQ,401582,210983,52.54
20,530,BSLSENETFG,EQ,1822,1782,97.80
20,531,BSOFT,EQ,7518741,2080142,27.67
20,532,BTML,EQ,12073255,4310282,35.70
20,533,BURNPUR,EQ,185161,122812,66.33
20,534,BUTTERFLY,EQ,5949,3513,59.05
20,535,BVCL,EQ,22735,17122,75.31
20,536,BYKE,EQ,463024,360594,77.88
20,537,CADSYS,ST,217500,204500,94.02
20,538,CAMLINFINE,EQ,352050,199613,56.70
20,539,CAMPUS,EQ,820759,362663,44.19
20,540,CAMS,EQ,114975,51656,44.93
20,541,CANARYS,SM,120000,68000,56.67
20,542,CANBK,EQ,40419251,20375343,50.41
20,543,CANFINHOME,EQ,888474,387945,43.66
20,544,CANTABIL,EQ,106631,46397,43.51
20,545,CAPACITE,EQ,842128,481658,57.20
20,546,CAPITALSFB,EQ,43996,26367,59.93
20,547,CAPLIPOINT,EQ,147023,80162,54.52
20,548,CAPTRUST,EQ,5948,4833,81.25
20,549,CARBORUNIV,EQ,150861,74327,49.27
20,550,CAREERP,EQ,184148,69721,37.86
20,551,CARERATING,EQ,27525,16489,59.91
20,552,CARTRADE,EQ,771953,424289,54.96
20,553,CARYSIL,EQ,48326,27846,57.62
20,554,CASTROLIND,EQ,3914877,1884514,48.14
20,555,CBAZAAR,SM,32000,32000,100.00
20,556,CCHHL,EQ,1258404,806475,64.09
20,557,CCL,EQ,467558,154403,33.02
20,558,CDSL,EQ,956303,346789,36.26
20,559,CEATLTD,EQ,76166,38529,50.59
20,560,CELEBRITY,EQ,182377,126238,69.22
20,561,CELLECOR,SM,36000,27000,75.00
20,562,CELLO,EQ,261582,205040,78.38
20,563,CELLPOINT,SM,14400,10800,75.00
20,564,CENTENKA,EQ,45302,23416,51.69
20,565,CENTEXT,EQ,252399,204004,80.83
20,566,CENTRALBK,EQ,15515685,3861317,24.89
20,567,CENTRUM,EQ,996654,455581,45.71
20,568,CENTUM,EQ,32968,17055,51.73
20,569,CENTURYPLY,EQ,196858,89364,45.40
20,570,CENTURYTEX,EQ,386207,80866,20.94
20,571,CERA,EQ,7835,4337,55.35
20,572,CESC,EQ,3092904,1475219,47.70
20,573,CGCL,EQ,138935,66298,47.72
20,574,CGPOWER,EQ,2428883,1125259,46.33
20,575,CGRAPHICS,SM,424000,257600,60.75
20,576,CHALET,EQ,233425,138295,59.25
20,577,CHAMBLFERT,EQ,1377333,368570,26.76
20,578,CHAVDA,SM,64000,48000,75.00
20,579,CHEMBOND,EQ,20805,13512,64.95
20,580,CHEMCON,EQ,30840,19418,62.96
20,581,CHEMFAB,EQ,4297,3092,71.96
20,582,CHEMPLASTS,EQ,88812,53387,60.11
20,583,CHENNPETRO,EQ,436147,177836,40.77
20,584,CHEVIOT,EQ,6612,4582,69.30
20,585,CHOICEIN,EQ,462644,126328,27.31
20,586,CHOLAFIN,EQ,1065686,458493,43.02
20,587,CHOLAHLDNG,EQ,292747,155029,52.96
20,588,CIEINDIA,EQ,535850,249726,46.60
20,589,CIFC26,NK,10,10,100.00
20,590,CIFCZC28,NH,150,100,66.67
20,591,CIGNITITEC,EQ,404456,294522,72.82
20,592,CINELINE,EQ,12297,9270,75.38
20,593,CIPLA,EQ,1591055,801571,50.38
20,594,CLEAN,EQ,213183,155450,72.92
20,595,CLEDUCATE,EQ,30146,20391,67.64
20,596,CLOUD,SM,2512000,1597000,63.57
20,597,CLSEL,EQ,181892,77401,42.55
20,598,CLSL,SM,14000,12000,85.71
20,599,CMMIPL,ST,75000,75000,100.00
20,600,CMNL,SM,46500,33000,70.97
20,601,CMRSL,SM,13600,12800,94.12
20,602,CMSINFO,EQ,1341680,756670,56.40
20,603,COALINDIA,EQ,8317343,2951696,35.49
20,604,COASTCORP,EQ,154924,100276,64.73
20,605,COCHINSHIP,EQ,4406748,1200216,27.24
20,606,COFFEEDAY,EQ,1958211,882244,45.05
20,607,COFORGE,EQ,1236311,464369,37.56
20,608,COLPAL,EQ,582549,312505,53.64
20,609,COMMITTED,SM,4800,4800,100.00
20,610,COMMOIETF,EQ,172074,137349,79.82
20,611,COMPUSOFT,EQ,128780,86157,66.90
20,612,COMSYN,EQ,15954,11510,72.14
20,613,CONCOR,EQ,1823209,719692,39.47
20,614,CONCORDBIO,EQ,48040,27221,56.66
20,615,CONFIPET,EQ,1225191,676973,55.25
20,616,CONS,EQ,3168,1432,45.20
20,617,CONSOFINVT,EQ,25101,14704,58.58
20,618,CONSUMBEES,EQ,157280,119357,75.89
20,619,CONSUMIETF,EQ,25887,19983,77.19
20,620,CONTI,SM,3333,3333,100.00
20,621,CONTROLPR,EQ,211527,90197,42.64
20,622,CORALFINAC,EQ,38373,26256,68.42
20,623,CORDSCABLE,EQ,660836,282558,42.76
20,624,COROMANDEL,EQ,692105,337997,48.84
20,625,COSMOFIRST,EQ,52849,39002,73.80
20,626,COUNCODOS,EQ,253334,148637,58.67
20,627,CPS,ST,1800,1200,66.67
20,628,CPSEETF,EQ,8414188,5607964,66.65
20,629,CRAFTSMAN,EQ,29727,17132,57.63
20,630,CRAYONS,SM,55000,50000,90.91
20,631,CREATIVE,EQ,29719,24097,81.08
20,632,CREDITACC,EQ,415958,222827,53.57
20,633,CREST,EQ,27119,18685,68.90
20,634,CRISIL,EQ,64568,35114,54.38
20,635,CROMPTON,EQ,2849110,1595854,56.01
20,636,CSBBANK,EQ,383811,267035,69.57
20,637,CSLFINANCE,EQ,19028,10166,53.43
20,638,CUB,EQ,2220837,962598,43.34
20,639,CUMMINSIND,EQ,549839,229341,41.71
20,640,CYBERTECH,EQ,155276,53191,34.26
20,641,CYIENT,EQ,1136557,526739,46.35
20,642,CYIENTDLM,EQ,408654,314781,77.03
20,643,DABUR,EQ,5429725,3156502,58.13
20,644,DALBHARAT,EQ,577092,334046,57.88
20,645,DALMIASUG,EQ,117596,54945,46.72
20,646,DAMODARIND,EQ,25594,11557,45.16
20,647,DANGEE,EQ,86102,64488,74.90
20,648,DATAMATICS,EQ,254261,93868,36.92
20,649,DATAPATTNS,EQ,347845,150407,43.24
20,650,DAVANGERE,EQ,3297674,1726104,52.34
20,651,DBCORP,EQ,399078,353400,88.55
20,652,DBL,EQ,825308,267707,32.44
20,653,DBOL,EQ,218857,127558,58.28
20,654,DBREALTY,EQ,3962058,1633788,41.24
20,655,DBSTOCKBRO,EQ,12854,5963,46.39
20,656,DCAL,EQ,1309408,525110,40.10
20,657,DCBBANK,EQ,5420154,2482345,45.80
20,658,DCG,SM,56400,36000,63.83
20,659,DCM,EQ,16933,10523,62.14
20,660,DCMNVL,EQ,42189,28347,67.19
20,661,DCMSHRIRAM,EQ,86237,36160,41.93
20,662,DCMSRIND,EQ,157291,86994,55.31
20,663,DCW,EQ,1323514,675141,51.01
20,664,DCXINDIA,EQ,891100,486581,54.60
20,665,DECCANCE,EQ,40608,22481,55.36
20,666,DEEM,SM,19000,18000,94.74
20,667,DEEPAKFERT,EQ,764285,374060,48.94
20,668,DEEPAKNTR,EQ,114417,48816,42.66
20,669,DEEPENR,EQ,14603,8836,60.51
20,670,DEEPINDS,EQ,142768,66208,46.37
20,671,DELAPLEX,SM,10800,9000,83.33
20,672,DELHIVERY,EQ,1242470,908130,73.09
20,673,DELTACORP,EQ,1561777,749367,47.98
20,674,DELTAMAGNT,EQ,13846,5554,40.11
20,675,DEN,EQ,815855,398037,48.79
20,676,DENEERS,SM,3000,3000,100.00
20,677,DENORA,EQ,9626,5273,54.78
20,678,DENTALKART,SM,16500,14000,84.85
20,679,DESTINY,ST,9000,9000,100.00
20,680,DEVIT,EQ,59827,27866,46.58
20,681,DEVYANI,EQ,4646002,2736846,58.91
20,682,DHAMPURSUG,EQ,604385,288018,47.65
20,683,DHANBANK,EQ,604920,477943,79.01
20,684,DHANI,EQ,2775008,1055594,38.04
20,685,DHANUKA,EQ,40991,17268,42.13
20,686,DHARMAJ,EQ,49978,32331,64.69
20,687,DHTL,SM,800,800,100.00
20,688,DHUNINV,EQ,2163,1646,76.10
20,689,DIAMINESQ,EQ,8022,5049,62.94
20,690,DIAMONDYD,EQ,20111,12606,62.68
20,691,DICIND,EQ,1291,967,74.90
20,692,DIGIKORE,SM,7200,5400,75.00
20,693,DIGISPICE,EQ,145269,100045,68.87
20,694,DIL,EQ,677476,387518,57.20
20,695,DISHTV,EQ,18233204,5828471,31.97
20,696,DIVGIITTS,EQ,15067,7392,49.06
20,697,DIVISLAB,EQ,432970,196977,45.49
20,698,DIVOPPBEES,EQ,79491,55980,70.42
20,699,DIXON,EQ,608213,121045,19.90
20,700,DLF,EQ,4266992,2226789,52.19
20,701,DLINKINDIA,EQ,784677,352913,44.98
20,702,DMART,EQ,352969,159253,45.12
20,703,DMCC,EQ,26722,13738,51.41
20,704,DNAMEDIA,EQ,62579,43732,69.88
20,705,DODLA,EQ,132137,69158,52.34
20,706,DOLATALGO,EQ,2721481,931342,34.22
20,707,DOLLAR,EQ,79773,50212,62.94
20,708,DOLLEX,SM,32000,12000,37.50
20,709,DOMS,EQ,52860,32958,62.35
20,710,DONEAR,EQ,87531,48274,55.15
20,711,DPABHUSHAN,EQ,19279,6132,31.81
20,712,DPSCLTD,EQ,280219,227131,81.05
20,713,DPWIRES,EQ,36162,21650,59.87
20,714,DRCSYSTEMS,EQ,197818,129167,65.30
20,715,DREAMFOLKS,EQ,111624,67809,60.75
20,716,DREDGECORP,EQ,149358,75367,50.46
20,717,DRONE,SM,122000,99000,81.15
20,718,DRREDDY,EQ,749505,501057,66.85
20,719,DSSL,EQ,24630,12637,51.31
20,720,DTIL,EQ,3434,2380,69.31
20,721,DUCOL,SM,12800,8000,62.50
20,722,DUGLOBAL,SM,65000,47500,73.08
20,723,DVL,EQ,189986,92689,48.79
20,724,DWARKESH,EQ,1459001,615156,42.16
20,725,DYCL,EQ,143953,71075,49.37
20,726,DYNAMATECH,EQ,9837,5267,53.54
20,727,DYNAMIC,SM,42000,30000,71.43
20,728,DYNPRO,EQ,41631,27382,65.77
20,729,EASEMYTRIP,EQ,8355858,3950714,47.28
20,730,EBBETF0425,EQ,5779,5748,99.46
20,731,EBBETF0430,EQ,1745,1323,75.82
20,732,EBBETF0431,EQ,6595,5753,87.23
20,733,EBBETF0433,EQ,3022,2299,76.08
20,734,ECLERX,EQ,122147,61865,50.65
20,735,EDELWEISS,EQ,5165217,2395633,46.38
20,736,EFACTOR,SM,39200,36000,91.84
20,737,EFORCE,SM,93600,72000,76.92
20,738,EGOLD,EQ,44318,43439,98.02
20,739,EICHERMOT,EQ,419417,198509,47.33
20,740,EIDPARRY,EQ,694659,433749,62.44
20,741,EIFFL,EQ,38959,32811,84.22
20,742,EIHAHOTELS,EQ,70688,31489,44.55
20,743,EIHOTEL,EQ,1055100,518739,49.16
20,744,EKC,EQ,1384156,628267,45.39
20,745,ELDEHSG,EQ,3897,2809,72.08
20,746,ELECON,EQ,256049,103637,40.48
20,747,ELECTCAST,EQ,1239156,654136,52.79
20,748,ELGIEQUIP,EQ,417367,306072,73.33
20,749,ELIN,EQ,185266,100093,54.03
20,750,EMAMILTD,EQ,2789719,1427172,51.16
20,751,EMAMIPAP,EQ,57367,31869,55.55
20,752,EMAMIREAL,EQ,26646,17137,64.31
20,753,EMBASSY,RR,634938,542701,85.47
20,754,EMIL,EQ,165736,108398,65.40
20,755,EMKAY,EQ,58541,24460,41.78
20,756,EMKAYTOOLS,SM,600,300,50.00
20,757,EMMBI,EQ,65967,36093,54.71
20,758,EMMIL,SM,33000,31000,93.94
20,759,EMSLIMITED,EQ,621114,372608,59.99
20,760,EMUDHRA,EQ,230450,97127,42.15
20,761,ENDURANCE,EQ,311950,244394,78.34
20,762,ENERGYDEV,EQ,109886,78594,71.52
20,763,ENFUSE,SM,34800,31200,89.66
20,764,ENGINERSIN,EQ,7542409,2862349,37.95
20,765,ENIL,EQ,64190,35794,55.76
20,766,ENSER,SM,58000,48000,82.76
20,767,ENTERO,EQ,22352,14381,64.34
20,768,EPACK,EQ,333007,194838,58.51
20,769,EPIGRAL,EQ,120214,63025,52.43
20,770,EPL,EQ,565604,332817,58.84
20,771,EQUAL50ADD,EQ,36569,27627,75.55
20,772,EQUITASBNK,EQ,4949520,2623044,53.00
20,773,ERIS,EQ,604562,258675,42.79
20,774,EROSMEDIA,EQ,229267,144260,62.92
20,775,ESABINDIA,EQ,4942,2847,57.61
20,776,ESAFSFB,EQ,1007158,687383,68.25
20,777,ESCONET,SM,13600,13600,100.00
20,778,ESCORTS,EQ,224597,84655,37.69
20,779,ESFL,SM,12000,9600,80.00
20,780,ESG,EQ,89497,85245,95.25
20,781,ESILVER,EQ,15063,11496,76.32
20,782,ESSARSHPNG,EQ,786718,386969,49.19
20,783,ESTER,EQ,152661,88956,58.27
20,784,ETHOSLTD,EQ,39465,26336,66.73
20,785,EUROBOND,SM,4000,4000,100.00
20,786,EVEREADY,EQ,200070,71022,35.50
20,787,EVERESTIND,EQ,10110,5343,52.85
20,788,EXCELINDUS,EQ,15988,9030,56.48
20,789,EXICOM,EQ,2162736,510576,23.61
20,790,EXIDEIND,EQ,10807984,2909174,26.92
20,791,EXPLEOSOL,EQ,22624,14742,65.16
20,792,EXXARO,EQ,67215,38863,57.82
20,793,FACT,EQ,229651,60081,26.16
20,794,FAIRCHEMOR,EQ,11232,5718,50.91
20,795,FAZE3Q,EQ,20534,12656,61.63
20,796,FCL,EQ,271260,112060,41.31
20,797,FCSSOFT,EQ,12302848,4871593,39.60
20,798,FDC,EQ,397160,335651,84.51
20,799,FEDERALBNK,EQ,9139816,5019676,54.92
20,800,FEDFINA,EQ,288620,187812,65.07
20,801,FELIX,SM,10000,5500,55.00
20,802,FIBERWEB,EQ,128547,70107,54.54
20,803,FIDEL,SM,48000,38000,79.17
20,804,FIEMIND,EQ,659673,425388,64.48
20,805,FILATEX,EQ,2238623,994706,44.43
20,806,FILATFASH,EQ,3178222,1669498,52.53
20,807,FINCABLES,EQ,486803,191996,39.44
20,808,FINEORG,EQ,19865,9654,48.60
20,809,FINIETF,EQ,249437,166697,66.83
20,810,FINOPB,EQ,32135,16421,51.10
20,811,FINPIPE,EQ,2755154,1621059,58.84
20,812,FIVESTAR,EQ,3600238,608836,16.91
20,813,FLAIR,EQ,63798,44871,70.33
20,814,FLUOROCHEM,EQ,74649,31162,41.74
20,815,FMCGIETF,EQ,9980594,7355037,73.69
20,816,FMGOETZE,EQ,282068,126535,44.86
20,817,FMNL,EQ,173938,128488,73.87
20,818,FOCE,SM,200,200,100.00
20,819,FOCUS,EQ,415676,100948,24.29
20,820,FONEBOX,SM,15000,11000,73.33
20,821,FOODSIN,EQ,289461,130458,45.07
20,822,FORCEMOT,EQ,33009,20992,63.59
20,823,FORTIS,EQ,1576892,1225634,77.72
20,824,FOSECOIND,EQ,1925,1333,69.25
20,825,FROG,SM,65600,42000,64.02
20,826,FSL,EQ,7099748,2203049,31.03
20,827,FUSION,EQ,901043,584531,64.87
20,828,GABRIEL,EQ,206602,125032,60.52
20,829,GAEL,EQ,3773353,780520,20.69
20,830,GAIL,EQ,31816743,12867174,40.44
20,831,GALAXYSURF,EQ,18772,11290,60.14
20,832,GANDHAR,EQ,266363,147588,55.41
20,833,GANDHITUBE,EQ,23346,6495,27.82
20,834,GANECOS,EQ,68000,44145,64.92
20,835,GANESHBE,EQ,195457,127086,65.02
20,836,GANESHHOUC,EQ,1249577,363153,29.06
20,837,GANGESSECU,EQ,10090,7361,72.95
20,838,GARFIBRES,EQ,106561,44688,41.94
20,839,GATEWAY,EQ,397950,186133,46.77
20,840,GEECEE,EQ,41136,17414,42.33
20,841,GEEKAYWIRE,EQ,81774,58174,71.14
20,842,GENCON,EQ,117956,61812,52.40
20,843,GENESYS,EQ,131093,74049,56.49
20,844,GENSOL,EQ,144172,84883,58.88
20,845,GENUSPAPER,EQ,611616,255349,41.75
20,846,GENUSPOWER,EQ,1168319,627243,53.69
20,847,GEOJITFSL,EQ,848009,305259,36.00
20,848,GEPIL,EQ,488890,196055,40.10
20,849,GESHIP,EQ,5365786,1896320,35.34
20,850,GFLLIMITED,EQ,88076,50037,56.81
20,851,GHCL,EQ,252152,147403,58.46
20,852,GHCLTEXTIL,EQ,256315,166685,65.03
20,853,GICHSGFIN,EQ,200524,111615,55.66
20,854,GICL,SM,6000,6000,100.00
20,855,GICRE,EQ,808175,392735,48.60
20,856,GILLANDERS,EQ,9139,6562,71.80
20,857,GILLETTE,EQ,31865,21896,68.71
20,858,GILT5YBEES,EQ,140973,125805,89.24
20,859,GINNIFILA,EQ,76123,52475,68.93
20,860,GIPCL,EQ,1658408,689973,41.60
20,861,GLAND,EQ,176272,134114,76.08
20,862,GLAXO,EQ,189874,118451,62.38
20,863,GLENMARK,EQ,818364,263511,32.20
20,864,GLOBALPET,SM,7500,7500,100.00
20,865,GLOBE,EQ,2480829,1808009,72.88
20,866,GLOBUSSPR,EQ,57766,34477,59.68
20,867,GLOSTERLTD,EQ,1239,784,63.28
20,868,GLS,EQ,103860,54376,52.36
20,869,GMBREW,EQ,54052,29524,54.62
20,870,GMDCLTD,EQ,1539964,469188,30.47
20,871,GMMPFAUDLR,EQ,493679,374387,75.84
20,872,GMRINFRA,EQ,26367119,10226245,38.78
20,873,GMRP&UI,EQ,5871115,2910430,49.57
20,874,GNA,EQ,43430,29448,67.81
20,875,GNFC,EQ,902873,506360,56.08
20,876,GOACARBON,EQ,26728,11256,42.11
20,877,GOCLCORP,EQ,83523,43818,52.46
20,878,GOCOLORS,EQ,14605,7396,50.64
20,879,GODFRYPHLP,EQ,61811,34187,55.31
20,880,GODHA,EQ,5848335,3954148,67.61
20,881,GODIGIT,EQ,2147985,837964,39.01
20,882,GODREJAGRO,EQ,210528,106654,50.66
20,883,GODREJCP,EQ,1327582,632084,47.61
20,884,GODREJIND,EQ,155725,71426,45.87
20,885,GODREJPROP,EQ,454548,161475,35.52
20,886,GOKEX,EQ,683790,246664,36.07
20,887,GOKULAGRO,EQ,749881,325907,43.46
20,888,GOLD1,EQ,379141,189434,49.96
20,889,GOLDBEES,EQ,7319475,4472845,61.11
20,890,GOLDCASE,EQ,330066,250179,75.80
20,891,GOLDETF,EQ,73430,51447,70.06
20,892,GOLDETFADD,EQ,211910,208377,98.33
20,893,GOLDIAM,EQ,289730,168845,58.28
20,894,GOLDIETF,EQ,813208,622358,76.53
20,895,GOLDKART,ST,2500,2500,100.00
20,896,GOLDSHARE,EQ,1135617,1093821,96.32
20,897,GOLDSTAR,SM,168750,157500,93.33
20,898,GOLDTECH,EQ,93314,45514,48.78
20,899,GOODLUCK,EQ,62793,32816,52.26
20,900,GOPAL,EQ,231083,114774,49.67
20,901,GOYALSALT,SM,11400,10200,89.47
20,902,GPIL,EQ,683575,352472,51.56
20,903,GPPL,EQ,2645304,962998,36.40
20,904,GPTHEALTH,EQ,362422,253382,69.91
20,905,GRANULES,EQ,2898359,826180,28.51
20,906,GRAPHISAD,SM,8400,4800,57.14
20,907,GRAPHITE,EQ,393220,167760,42.66
20,908,GRASIM,EQ,471524,224442,47.60
20,909,GRASIMPP,E1,6265,5430,86.67
20,910,GRAVITA,EQ,225708,116549,51.64
20,911,GRCL,SM,500,500,100.00
20,912,GREAVESCOT,EQ,1098796,576349,52.45
20,913,GREENCHEF,SM,16800,13600,80.95
20,914,GREENLAM,EQ,61047,26382,43.22
20,915,GREENPANEL,EQ,249081,147259,59.12
20,916,GREENPLY,EQ,1872485,656940,35.08
20,917,GREENPOWER,EQ,3498696,2057600,58.81
20,918,GRINDWELL,EQ,217607,120500,55.38
20,919,GRINFRA,EQ,67500,25408,37.64
20,920,GRMOVER,EQ,287041,242665,84.54
20,921,GROBTEA,EQ,406,199,49.01
20,922,GRPLTD,EQ,8749,4881,55.79
20,923,GRSE,EQ,2693039,685307,25.45
20,924,GRWRHITECH,EQ,102561,62986,61.41
20,925,GSEC10YEAR,EQ,2834,2330,82.22
20,926,GSEC5IETF,EQ,749,749,100.00
20,927,GSFC,EQ,2072845,964016,46.51
20,928,GSLSU,EQ,354696,144139,40.64
20,929,GSMFOILS,ST,188000,176000,93.62
20,930,GSPL,EQ,4294599,3029425,70.54
20,931,GSTL,SM,21000,19000,90.48
20,932,GTLINFRA,EQ,98663948,47593368,48.24
20,933,GTPL,EQ,64935,30264,46.61
20,934,GUFICBIO,EQ,42185,21380,50.68
20,935,GUJALKALI,EQ,69434,24904,35.87
20,936,GUJAPOLLO,EQ,10443,5374,51.46
20,937,GUJGASLTD,EQ,2508425,712098,28.39
20,938,GUJRAFFIA,EQ,2109,1331,63.11
20,939,GULFOILLUB,EQ,182284,81539,44.73
20,940,GULFPETRO,EQ,232808,85332,36.65
20,941,GULPOLY,EQ,269508,124333,46.13
20,942,GVPTECH,EQ,1249488,821193,65.72
20,943,HAL,EQ,4542809,1341748,29.54
20,944,HAPPSTMNDS,EQ,1651362,648166,39.25
20,945,HAPPYFORGE,EQ,75201,40507,53.86
20,946,HARDWYN,EQ,145596,102188,70.19
20,947,HARIOMPIPE,EQ,187756,100853,53.71
20,948,HARRMALAYA,EQ,44718,24593,55.00
20,949,HARSHA,EQ,758153,259663,34.25
20,950,HATHWAY,EQ,3934746,1616138,41.07
20,951,HATSUN,EQ,26574,12488,46.99
20,952,HAVELLS,EQ,1165761,697215,59.81
20,953,HAVISHA,EQ,163018,130923,80.31
20,954,HBLPOWER,EQ,1224657,656117,53.58
20,955,HBSL,EQ,17479,12208,69.84
20,956,HCC,EQ,35225357,13652174,38.76
20,957,HCG,EQ,126462,70404,55.67
20,958,HCLTECH,EQ,5884025,2941320,49.99
20,959,HDFCAMC,EQ,313435,153793,49.07
20,960,HDFCBANK,EQ,18356108,8558942,46.63
20,961,HDFCBSE500,EQ,36150,18265,50.53
20,962,HDFCGOLD,EQ,1128168,870746,77.18
20,963,HDFCGROWTH,EQ,32961,28144,85.39
20,964,HDFCLIFE,EQ,3382962,2242767,66.30
20,965,HDFCLIQUID,EQ,3020,2870,95.03
20,966,HDFCLOWVOL,EQ,79806,75493,94.60
20,967,HDFCMID150,EQ,264103,207496,78.57
20,968,HDFCMOMENT,EQ,276729,181738,65.67
20,969,HDFCNEXT50,EQ,51679,37878,73.29
20,970,HDFCNIF100,EQ,347433,220145,63.36
20,971,HDFCNIFBAN,EQ,29033,22161,76.33
20,972,HDFCNIFIT,EQ,535786,508126,94.84
20,973,HDFCNIFTY,EQ,142565,125388,87.95
20,974,HDFCPSUBK,EQ,33023,22733,68.84
20,975,HDFCPVTBAN,EQ,343463,297751,86.69
20,976,HDFCQUAL,EQ,11733,9504,81.00
20,977,HDFCSENSEX,EQ,63687,52823,82.94
20,978,HDFCSILVER,EQ,209737,128586,61.31
20,979,HDFCSML250,EQ,1702938,802469,47.12
20,980,HDFCVALUE,EQ,11893,10076,84.72
20,981,HEALTHADD,EQ,1829,1623,88.74
20,982,HEALTHIETF,EQ,85092,70343,82.67
20,983,HEALTHY,EQ,6226697,5709820,91.70
20,984,HECPROJECT,EQ,8126,5620,69.16
20,985,HEG,EQ,99899,31855,31.89
20,986,HEIDELBERG,EQ,1246587,435035,34.90
20,987,HEMIPROP,EQ,728210,336940,46.27
20,988,HERANBA,EQ,73056,44902,61.46
20,989,HERCULES,EQ,175579,39843,22.69
20,990,HERITGFOOD,EQ,9189783,2695550,29.33
20,991,HEROMOTOCO,EQ,637134,326967,51.32
20,992,HESTERBIO,EQ,15181,9157,60.32
20,993,HEUBACHIND,EQ,26190,17258,65.90
20,994,HEXATRADEX,EQ,8723,4871,55.84
20,995,HFCL,EQ,14904003,5724843,38.41
20,996,HGINFRA,EQ,150080,68077,45.36
20,997,HGS,EQ,36633,22072,60.25
20,998,HIGREEN,SM,14400,11200,77.78
20,999,HIKAL,EQ,175558,93098,53.03
20,1000,HIL,EQ,16960,10427,61.48
20,1001,HILTON,EQ,536757,194881,36.31
20,1002,HIMATSEIDE,EQ,216101,145735,67.44
20,1003,HINDALCO,EQ,7172942,4234380,59.03
20,1004,HINDCOMPOS,EQ,7404,3466,46.81
20,1005,HINDCOPPER,EQ,8659828,2273465,26.25
20,1006,HINDMOTORS,EQ,1418972,909865,64.12
20,1007,HINDOILEXP,EQ,561956,254582,45.30
20,1008,HINDPETRO,EQ,8298615,2706523,32.61
20,1009,HINDUNILVR,EQ,3974253,1925205,48.44
20,1010,HINDWAREAP,EQ,127968,71592,55.95
20,1011,HINDZINC,EQ,872911,454612,52.08
20,1012,HIRECT,EQ,22942,14300,62.33
20,1013,HISARMETAL,EQ,6566,2973,45.28
20,1014,HITECH,EQ,1358358,480384,35.37
20,1015,HITECHCORP,EQ,26090,24709,94.71
20,1016,HLEGLAS,EQ,75926,44354,58.42
20,1017,HMAAGRO,EQ,203862,111885,54.88
20,1018,HMVL,EQ,53712,26959,50.19
20,1019,HNDFDS,EQ,46029,27467,59.67
20,1020,HNGSNGBEES,EQ,140271,97232,69.32
20,1021,HOACFOODS,SM,339000,207000,61.06
20,1022,HOLMARC,SM,6000,6000,100.00
20,1023,HOMEFIRST,EQ,260560,169455,65.03
20,1024,HONASA,EQ,729558,579234,79.40
20,1025,HONAUT,EQ,4986,1749,35.08
20,1026,HONDAPOWER,EQ,5289,2500,47.27
20,1027,HPAL,EQ,186768,104913,56.17
20,1028,HPIL,EQ,2462,1271,51.62
20,1029,HPL,EQ,3518695,993451,28.23
20,1030,HRHNEXT,SM,180000,153000,85.00
20,1031,HSCL,EQ,438553,300988,68.63
20,1032,HTMEDIA,EQ,527418,365919,69.38
20,1033,HUBTOWN,EQ,61145,61145,100.00
20,1034,HUDCO,EQ,20195677,7438970,36.83
20,1035,HUHTAMAKI,EQ,488424,144043,29.49
20,1036,HYBRIDFIN,EQ,18148,16761,92.36
20,1037,IBHF24A,ZS,25,25,100.00
20,1038,IBHFZC25B,AT,9,9,100.00
20,1039,IBHFZC25F,Y5,55,55,100.00
20,1040,IBLFL,SM,30000,26000,86.67
20,1041,IBREALEST,EQ,8419900,3010776,35.76
20,1042,IBULHSGFIN,EQ,4141363,1618593,39.08
20,1043,IBULPP,E1,803409,578360,71.99
20,1044,ICEMAKE,EQ,60716,33333,54.90
20,1045,ICICIB22,EQ,2876074,2099765,73.01
20,1046,ICICIBANK,EQ,17197635,8562893,49.79
20,1047,ICICIGI,EQ,363770,248061,68.19
20,1048,ICICIPRULI,EQ,645153,327429,50.75
20,1049,ICIL,EQ,221923,126834,57.15
20,1050,ICRA,EQ,3304,2163,65.47
20,1051,IDBI,EQ,7048584,3458181,49.06
20,1052,IDEA,EQ,1251404862,423279254,33.82
20,1053,IDEAFORGE,EQ,612576,227097,37.07
20,1054,IDFC,EQ,4247658,2108402,49.64
20,1055,IDFCFIRSTB,EQ,22169299,9070725,40.92
20,1056,IDFNIFTYET,EQ,782,664,84.91
20,1057,IEL,EQ,195077,144795,74.22
20,1058,IEML,SM,56000,44000,78.57
20,1059,IEX,EQ,14464021,4190943,28.97
20,1060,IFBAGRO,EQ,28088,10692,38.07
20,1061,IFBIND,EQ,643157,191767,29.82
20,1062,IFCI,EQ,20192976,6321848,31.31
20,1063,IFCIZC24,NI,535,535,100.00
20,1064,IFCIZC25,NM,142,0,0.00
20,1065,IFGLEXPOR,EQ,18124,11142,61.48
20,1066,IGARASHI,EQ,36655,15903,43.39
20,1067,IGL,EQ,4401749,2374960,53.95
20,1068,IGPL,EQ,57165,30267,52.95
20,1069,IIFL,EQ,15354824,2736923,17.82
20,1070,IIFLSEC,EQ,3799658,1981954,52.16
20,1071,IIFLZC25B,NW,140,140,100.00
20,1072,IIFLZC25C,N8,501,498,99.40
20,1073,IIFLZC26A,NR,30,30,100.00
20,1074,IIFLZC28A,NU,551,551,100.00
20,1075,IIFLZC28C,N6,20,20,100.00
20,1076,IITL,EQ,6780,4643,68.48
20,1077,IKIO,EQ,133649,64053,47.93
20,1078,IMAGICAA,EQ,961503,528209,54.94
20,1079,IMC1,N3,13,13,100.00
20,1080,IMFA,EQ,161596,89919,55.64
20,1081,IMPAL,EQ,6270,4789,76.38
20,1082,INCREDIBLE,EQ,12018,5572,46.36
20,1083,INDBANK,EQ,112062,66161,59.04
20,1084,INDGN,EQ,1249627,727642,58.23
20,1085,INDHOTEL,EQ,4672844,2558256,54.75
20,1086,INDIACEM,EQ,3588114,1163142,32.42
20,1087,INDIAGLYCO,EQ,451972,151191,33.45
20,1088,INDIAMART,EQ,118854,33115,27.86
20,1089,INDIANB,EQ,3792527,1683540,44.39
20,1090,INDIANCARD,EQ,5476,4414,80.61
20,1091,INDIANHUME,EQ,176184,80290,45.57
20,1092,INDIASHLTR,EQ,94838,60424,63.71
20,1093,INDIGO,EQ,2066566,1391249,67.32
20,1094,INDIGOPNTS,EQ,98972,70432,71.16
20,1095,INDIGRID,IV,500277,472004,94.35
20,1096,INDNIPPON,EQ,30537,16836,55.13
20,1097,INDOAMIN,EQ,81898,57569,70.29
20,1098,INDOBORAX,EQ,48587,25381,52.24
20,1099,INDOCO,EQ,112570,62050,55.12
20,1100,INDORAMA,EQ,205644,98036,47.67
20,1101,INDOSTAR,EQ,188923,111559,59.05
20,1102,INDOTHAI,EQ,7948,6757,85.02
20,1103,INDOWIND,EQ,322795,194078,60.12
20,1104,INDRAMEDCO,EQ,96290,66794,69.37
20,1105,INDSWFTLAB,EQ,597992,304227,50.87
20,1106,INDTERRAIN,EQ,69165,44001,63.62
20,1107,INDUSINDBK,EQ,3964791,2212317,55.80
20,1108,INDUSTOWER,EQ,10966598,5270744,48.06
20,1109,INFIBEAM,EQ,19134333,6432102,33.62
20,1110,INFINIUM,SM,25500,17000,66.67
20,1111,INFOBEAN,EQ,289803,108896,37.58
20,1112,INFOLLION,SM,9600,8000,83.33
20,1113,INFRABEES,EQ,34033,18249,53.62
20,1114,INFRAIETF,EQ,264298,185057,70.02
20,1115,INFY,EQ,24075302,15535234,64.53
20,1116,INGERRAND,EQ,11603,5532,47.68
20,1117,INM,SM,1200,1200,100.00
20,1118,INNOVACAP,EQ,39409,19181,48.67
20,1119,INNOVANA,SM,1800,1800,100.00
20,1120,INNOVATIVE,SM,36000,21000,58.33
20,1121,INOXGREEN,EQ,1820677,1466980,80.57
20,1122,INOXINDIA,EQ,167399,73342,43.81
20,1123,INOXWIND,EQ,4599930,1924084,41.83
20,1124,INSECTICID,EQ,46875,25896,55.24
20,1125,INSPIRE,SM,144000,84000,58.33
20,1126,INTELLECT,EQ,426279,158784,37.25
20,1127,INTENTECH,EQ,579084,289572,50.01
20,1128,INTLCONV,EQ,97062,59772,61.58
20,1129,INVENTURE,EQ,2733260,1570151,57.45
20,1130,IOB,EQ,14896008,3417731,22.94
20,1131,IOC,EQ,33444357,12844333,38.41
20,1132,IOLCP,EQ,131838,67172,50.95
20,1133,IONEXCHANG,EQ,142343,72523,50.95
20,1134,IPCALAB,EQ,323013,91124,28.21
20,1135,IPL,EQ,2721485,1138855,41.85
20,1136,IRB,EQ,150325869,60608955,40.32
20,1137,IRBINVIT,IV,467475,415131,88.80
20,1138,IRCON,EQ,10993274,4298084,39.10
20,1139,IRCTC,EQ,2476737,685410,27.67
20,1140,IREDA,EQ,19795848,6905686,34.88
20,1141,IRFC,EQ,45402104,15268695,33.63
20,1142,IRISDOREME,EQ,93459,38391,41.08
20,1143,IRMENERGY,EQ,365004,232932,63.82
20,1144,ISEC,EQ,1362026,1009675,74.13
20,1145,ISFT,EQ,153594,124392,80.99
20,1146,ISGEC,EQ,115987,58322,50.28
20,1147,ISHAN,SM,48000,48000,100.00
20,1148,ISMTLTD,EQ,3376629,1002952,29.70
20,1149,IT,EQ,727674,600946,82.58
20,1150,ITALIANE,SM,10000,10000,100.00
20,1151,ITBEES,EQ,34638227,27638453,79.79
20,1152,ITC,EQ,28448041,15040647,52.87
20,1153,ITDC,EQ,159280,42232,26.51
20,1154,ITDCEM,EQ,2113395,950530,44.98
20,1155,ITETF,EQ,617199,532279,86.24
20,1156,ITETFADD,EQ,449881,440893,98.00
20,1157,ITI,EQ,1643655,197700,12.03
20,1158,ITIETF,EQ,2263678,1701188,75.15
20,1159,IVC,EQ,654880,459484,70.16
20,1160,IVP,EQ,8965,3804,42.43
20,1161,IVZINGOLD,EQ,364,310,85.16
20,1162,IVZINNIFTY,EQ,14,13,92.86
20,1163,IZMO,EQ,299404,114067,38.10
20,1164,JAGRAN,EQ,447129,239007,53.45
20,1165,JAGSNPHARM,EQ,36251,22589,62.31
20,1166,JAICORPLTD,EQ,2283541,628634,27.53
20,1167,JALAN,SM,75000,48000,64.00
20,1168,JAMNAAUTO,EQ,1431060,667716,46.66
20,1169,JASH,EQ,31537,16256,51.55
20,1170,JAYAGROGN,EQ,35496,19483,54.89
20,1171,JAYBARMARU,EQ,117151,51907,44.31
20,1172,JAYNECOIND,EQ,854698,447847,52.40
20,1173,JAYSREETEA,EQ,51163,26428,51.65
20,1174,JBCHEPHARM,EQ,349221,289325,82.85
20,1175,JBMA,EQ,1591824,532319,33.44
20,1176,JCHAC,EQ,63698,37791,59.33
20,1177,JETFREIGHT,EQ,74336,56841,76.46
20,1178,JFLLIFE,SM,6000,6000,100.00
20,1179,JGCHEM,EQ,100123,58243,58.17
20,1180,JINDALPHOT,EQ,20818,9368,45.00
20,1181,JINDALPOLY,EQ,75142,44250,58.89
20,1182,JINDALSAW,EQ,1686304,818529,48.54
20,1183,JINDALSTEL,EQ,2354471,1315838,55.89
20,1184,JINDRILL,EQ,35350,18815,53.22
20,1185,JINDWORLD,EQ,11548,6252,54.14
20,1186,JIOFIN,EQ,22668347,11197257,49.40
20,1187,JISLDVREQS,EQ,109098,56856,52.11
20,1188,JISLJALEQS,EQ,7635027,3184109,41.70
20,1189,JIWANRAM,SM,48000,42000,87.50
20,1190,J&KBANK,EQ,3513640,1477700,42.06
20,1191,JKCEMENT,EQ,304838,185797,60.95
20,1192,JKIL,EQ,459643,174263,37.91
20,1193,JKLAKSHMI,EQ,151374,95801,63.29
20,1194,JKPAPER,EQ,1279643,669111,52.29
20,1195,JKTYRE,EQ,599229,321350,53.63
20,1196,JLHL,EQ,13075,6652,50.88
20,1197,JMA,EQ,18023,13245,73.49
20,1198,JMFINANCIL,EQ,3558916,1226066,34.45
20,1199,JNKINDIA,EQ,221971,117242,52.82
20,1200,JOCIL,EQ,12488,8883,71.13
20,1201,JPOLYINVST,EQ,9751,5716,58.62
20,1202,JPPOWER,EQ,45669269,24976407,54.69
20,1203,JSFB,EQ,560302,250927,44.78
20,1204,JSL,EQ,872735,499618,57.25
20,1205,JSLL,ST,783000,772560,98.67
20,1206,JSWENERGY,EQ,1813016,503502,27.77
20,1207,JSWHL,EQ,1262,593,46.99
20,1208,JSWINFRA,EQ,3346020,1897879,56.72
20,1209,JSWSTEEL,EQ,3609817,1639100,45.41
20,1210,JTEKTINDIA,EQ,184264,109307,59.32
20,1211,JTLIND,EQ,414423,220131,53.12
20,1212,JUBLFOOD,EQ,4889430,3069680,62.78
20,1213,JUBLINDS,EQ,16941,9280,54.78
20,1214,JUBLINGREA,EQ,146852,80391,54.74
20,1215,JUBLPHARMA,EQ,590316,311266,52.73
20,1216,JUNIORBEES,EQ,302294,190392,62.98
20,1217,JUNIPER,EQ,184640,115041,62.31
20,1218,JUSTDIAL,EQ,313502,132990,42.42
20,1219,JWL,EQ,2303085,663355,28.80
20,1220,JYOTHYLAB,EQ,1067253,580822,54.42
20,1221,JYOTICNC,EQ,653300,303118,46.40
20,1222,K2INFRA,SM,18000,14400,80.00
20,1223,KABRAEXTRU,EQ,390357,140940,36.11
20,1224,KAJARIACER,EQ,267580,141281,52.80
20,1225,KAKATCEM,EQ,11787,6950,58.96
20,1226,KALAMANDIR,EQ,169713,104143,61.36
20,1227,KALYANIFRG,EQ,9770,4511,46.17
20,1228,KALYANKJIL,EQ,2765843,2355470,85.16
20,1229,KAMATHOTEL,EQ,124558,92383,74.17
20,1230,KAMDHENU,EQ,383989,141150,36.76
20,1231,KAMOPAINTS,EQ,655584,189879,28.96
20,1232,KANANIIND,EQ,1133543,926138,81.70
20,1233,KANDARP,SM,32000,16000,50.00
20,1234,KANORICHEM,EQ,17227,10852,62.99
20,1235,KANPRPLA,EQ,42400,27598,65.09
20,1236,KANSAINER,EQ,304651,179240,58.83
20,1237,KAPSTON,EQ,6613,2952,44.64
20,1238,KARNIKA,SM,2800,2400,85.71
20,1239,KARURVYSYA,EQ,2158025,1310839,60.74
20,1240,KAUSHALYA,EQ,323,198,61.30
20,1241,KAYA,EQ,131163,77960,59.44
20,1242,KAYNES,EQ,346802,143206,41.29
20,1243,KBCGLOBAL,EQ,8462563,5385599,63.64
20,1244,KCEIL,SM,75000,56000,74.67
20,1245,KCK,ST,24000,18000,75.00
20,1246,KCP,EQ,10010242,2773545,27.71
20,1247,KCPSUGIND,EQ,1744181,898432,51.51
20,1248,KDDL,EQ,18802,10607,56.41
20,1249,KDL,SM,7300,5600,76.71
20,1250,KEC,EQ,198873,107902,54.26
20,1251,KECL,EQ,704005,288775,41.02
20,1252,KEI,EQ,169590,85833,50.61
20,1253,KEL,SM,8400,6000,71.43
20,1254,KELLTONTEC,EQ,1054757,513405,48.68
20,1255,KERNEX,EQ,58207,39591,68.02
20,1256,KESORAMIND,EQ,601489,288361,47.94
20,1257,KFINTECH,EQ,326968,147466,45.10
20,1258,KHADIM,EQ,15340,9195,59.94
20,1259,KHAICHEM,EQ,95356,67322,70.60
20,1260,KHAITANLTD,EQ,14561,8903,61.14
20,1261,KHANDSE,EQ,43092,38246,88.75
20,1262,KHFM,SM,12400,3100,25.00
20,1263,KICL,EQ,2819,1426,50.59
20,1264,KILITCH,EQ,4410,2234,50.66
20,1265,KIMS,EQ,29708,16852,56.73
20,1266,KINGFA,EQ,6832,5028,73.59
20,1267,KIOCL,EQ,98129,35428,36.10
20,1268,KIRIINDUS,EQ,124470,56974,45.77
20,1269,KIRLOSBROS,EQ,150980,52875,35.02
20,1270,KIRLOSENG,EQ,118200,63011,53.31
20,1271,KIRLOSIND,EQ,7513,3905,51.98
20,1272,KIRLPNU,EQ,312373,191551,61.32
20,1273,KITEX,EQ,152040,79731,52.44
20,1274,KKCL,EQ,133637,79280,59.32
20,1275,KLL,SM,22400,22400,100.00
20,1276,KMSUGAR,EQ,1565635,672399,42.95
20,1277,KNAGRI,SM,9600,7200,75.00
20,1278,KNRCON,EQ,10659612,2431846,22.81
20,1279,KODYTECH,SM,3200,3200,100.00
20,1280,KOHINOOR,EQ,150054,79591,53.04
20,1281,KOKUYOCMLN,EQ,173647,109809,63.24
20,1282,KOLTEPATIL,EQ,460762,283476,61.52
20,1283,KONSTELEC,SM,32000,30000,93.75
20,1284,KONTOR,SM,20400,18000,88.24
20,1285,KOPRAN,EQ,164327,93299,56.78
20,1286,KORE,SM,19000,13500,71.05
20,1287,KOTAKBANK,EQ,4608146,2651727,57.54
20,1288,KOTARISUG,EQ,341950,183804,53.75
20,1289,KOTHARIPET,EQ,94292,62988,66.80
20,1290,KOTHARIPRO,EQ,9090,4705,51.76
20,1291,KOTYARK,SM,24100,16100,66.80
20,1292,KPIGREEN,EQ,315234,151161,47.95
20,1293,KPIL,EQ,829452,265066,31.96
20,1294,KPITTECH,EQ,1811579,958636,52.92
20,1295,KPRMILL,EQ,548862,431892,78.69
20,1296,KRBL,EQ,2119456,1184866,55.90
20,1297,KREBSBIO,EQ,294822,88656,30.07
20,1298,KRISHANA,EQ,143168,114101,79.70
20,1299,KRISHCA,SM,43000,32500,75.58
20,1300,KRISHIVAL,SM,1500,1500,100.00
20,1301,KRISHNADEF,SM,41000,24000,58.54
20,1302,KRITI,EQ,175521,88489,50.42
20,1303,KRITINUT,EQ,28808,17334,60.17
20,1304,KRSNAA,EQ,65287,38242,58.58
20,1305,KRYSTAL,EQ,56996,29796,52.28
20,1306,KSB,EQ,29645,13315,44.91
20,1307,KSCL,EQ,478217,181825,38.02
20,1308,KSHITIJPOL,EQ,156535,123512,78.90
20,1309,KSL,EQ,39196,19358,49.39
20,1310,KSOLVES,EQ,31061,18312,58.95
20,1311,KTKBANK,EQ,1225040,711197,58.06
20,1312,KUANTUM,EQ,51476,34655,67.32
20,1313,LAL,EQ,32992,24819,75.23
20,1314,LALPATHLAB,EQ,216051,124209,57.49
20,1315,LAMBODHARA,EQ,12937,9207,71.17
20,1316,LANCORHOL,EQ,90691,65736,72.48
20,1317,LANDMARK,EQ,88646,47903,54.04
20,1318,LAOPALA,EQ,91654,54872,59.87
20,1319,LASA,EQ,91674,75347,82.19
20,1320,LAURUSLABS,EQ,2656844,931694,35.07
20,1321,LAWSIKHO,SM,12500,9000,72.00
20,1322,LAXMICOT,EQ,106409,40394,37.96
20,1323,LAXMIMACH,EQ,3086,1461,47.34
20,1324,LEMERITE,SM,201600,120000,59.52
20,1325,LEMONTREE,EQ,2099660,1122307,53.45
20,1326,LEXUS,EQ,13231,10404,78.63
20,1327,LFIC,EQ,12053,4064,33.72
20,1328,LGBBROSLTD,EQ,24993,16838,67.37
20,1329,LGBFORGE,EQ,259954,161051,61.95
20,1330,LIBAS,EQ,68933,44116,64.00
20,1331,LIBERTSHOE,EQ,130593,72676,55.65
20,1332,LICHSGFIN,EQ,1904908,814550,42.76
20,1333,LICI,EQ,2201013,983836,44.70
20,1334,LICMFGOLD,EQ,269,131,48.70
20,1335,LICNETFGSC,EQ,18910,18689,98.83
20,1336,LICNETFN50,EQ,1477,1340,90.72
20,1337,LICNETFSEN,EQ,72,62,86.11
20,1338,LICNFNHGP,EQ,1154,715,61.96
20,1339,LICNMID100,EQ,3162,2034,64.33
20,1340,LIKHITHA,EQ,176742,87458,49.48
20,1341,LINC,EQ,10597,5965,56.29
20,1342,LINCOLN,EQ,87095,56385,64.74
20,1343,LINDEINDIA,EQ,70769,33346,47.12
20,1344,LIQUID,EQ,233459,124951,53.52
20,1345,LIQUID1,EQ,28664,15351,53.55
20,1346,LIQUIDADD,EQ,816383,746785,91.47
20,1347,LIQUIDBEES,EQ,5747554,5323844,92.63
20,1348,LIQUIDBETF,EQ,12701,7843,61.75
20,1349,LIQUIDCASE,EQ,19166710,17037843,88.89
20,1350,LIQUIDETF,EQ,362667,208574,57.51
20,1351,LIQUIDIETF,EQ,1366652,936500,68.53
20,1352,LIQUIDSBI,EQ,9604,9593,99.89
20,1353,LLOYDS,SM,28000,17000,60.71
20,1354,LLOYDSENGG,EQ,5022503,2372193,47.23
20,1355,LLOYDSME,EQ,191292,112725,58.93
20,1356,LODHA,EQ,1023720,540323,52.78
20,1357,LOVABLE,EQ,22825,16761,73.43
20,1358,LOWVOL,EQ,402,364,90.55
20,1359,LOWVOL1,EQ,186042,145306,78.10
20,1360,LOWVOLIETF,EQ,1655467,1329326,80.30
20,1361,LOYALTEX,EQ,2969,1884,63.46
20,1362,LPDC,EQ,102225,58798,57.52
20,1363,LRRPL,SM,9000,9000,100.00
20,1364,LT,EQ,5879660,3089803,52.55
20,1365,LTF,EQ,14435252,7034922,48.73
20,1366,LTFOODS,EQ,6776254,2345780,34.62
20,1367,LTGILTBEES,EQ,1770750,1529267,86.36
20,1368,LTIM,EQ,1002806,332792,33.19
20,1369,LTTS,EQ,737767,447925,60.71
20,1370,LUMAXIND,EQ,17934,11512,64.19
20,1371,LUMAXTECH,EQ,743881,401616,53.99
20,1372,LUPIN,EQ,799852,376991,47.13
20,1373,LUXIND,EQ,46876,24568,52.41
20,1374,LXCHEM,EQ,498431,244679,49.09
20,1375,LYKALABS,EQ,115088,88882,77.23
20,1376,LYPSAGEMS,EQ,26814,19549,72.91
20,1377,MAANALU,EQ,78454,49761,63.43
20,1378,MADHAVBAUG,SM,7200,4800,66.67
20,1379,MADHUSUDAN,SM,32000,25000,78.13
20,1380,MADRASFERT,EQ,249598,121666,48.74
20,1381,MAFANG,EQ,333635,218920,65.62
20,1382,MAGADSUGAR,EQ,29667,16355,55.13
20,1383,MAGNUM,EQ,151592,121949,80.45
20,1384,MAGSON,SM,4000,4000,100.00
20,1385,MAHABANK,EQ,18595619,5279593,28.39
20,1386,MAHAPEXLTD,EQ,56853,29796,52.41
20,1387,MAHASTEEL,EQ,62350,53370,85.60
20,1388,MAHEPC,EQ,35389,23123,65.34
20,1389,MAHESHWARI,EQ,16693,12039,72.12
20,1390,MAHKTECH,EQ,846674,643336,75.98
20,1391,MAHLIFE,EQ,386388,234961,60.81
20,1392,MAHLOG,EQ,253850,124730,49.14
20,1393,MAHSCOOTER,EQ,4774,3009,63.03
20,1394,MAHSEAMLES,EQ,516311,314589,60.93
20,1395,MAITHANALL,EQ,41531,22539,54.27
20,1396,MAITREYA,SM,12000,10400,86.67
20,1397,MAKEINDIA,EQ,84206,69982,83.11
20,1398,MAKS,SM,10500,9000,85.71
20,1399,MAL,SM,12800,12800,100.00
20,1400,MALLCOM,EQ,4238,2717,64.11
20,1401,MANAKALUCO,EQ,85359,57658,67.55
20,1402,MANAKSIA,EQ,157799,105718,67.00
20,1403,MANALIPETC,EQ,1440869,820689,56.96
20,1404,MANAPPURAM,EQ,9440315,3682294,39.01
20,1405,MANDEEP,SM,42000,30000,71.43
20,1406,MANGALAM,EQ,69117,44749,64.74
20,1407,MANGCHEFER,EQ,314124,227039,72.28
20,1408,MANGLMCEM,EQ,115493,72538,62.81
20,1409,MANINDS,EQ,209206,143331,68.51
20,1410,MANINFRA,EQ,373456,173751,46.53
20,1411,MANKIND,EQ,1901440,1533962,80.67
20,1412,MANOMAY,EQ,13122,11840,90.23
20,1413,MANUGRAPH,EQ,72963,39940,54.74
20,1414,MANYAVAR,EQ,403895,181152,44.85
20,1415,MAPMYINDIA,EQ,282289,127213,45.06
20,1416,MARALOVER,EQ,33102,18509,55.92
20,1417,MARATHON,EQ,870376,244227,28.06
20,1418,MARCO,SM,15000,15000,100.00
20,1419,MARICO,EQ,2475400,1025358,41.42
20,1420,MARINE,EQ,496213,314174,63.31
20,1421,MARINETRAN,SM,8000,8000,100.00
20,1422,MARKSANS,EQ,1241775,688729,55.46
20,1423,MARUTI,EQ,532480,270492,50.80
20,1424,MASFIN,EQ,288812,160583,55.60
20,1425,MASPTOP50,EQ,626129,343771,54.90
20,1426,MASTEK,EQ,1602368,286934,17.91
20,1427,MASTER,SM,9000,5000,55.56
20,1428,MATRIMONY,EQ,105725,44578,42.16
20,1429,MAWANASUG,EQ,267451,95629,35.76
20,1430,MAXESTATES,EQ,174280,90888,52.15
20,1431,MAXHEALTH,EQ,1112638,715116,64.27
20,1432,MAXIND,EQ,105245,80841,76.81
20,1433,MAXPOSURE,SM,284000,140000,49.30
20,1434,MAYURUNIQ,EQ,301003,179436,59.61
20,1435,MAZDA,EQ,5592,2225,39.79
20,1436,MAZDOCK,EQ,2899854,586657,20.23
20,1437,MBAPL,EQ,17738,12883,72.63
20,1438,MBLINFRA,EQ,195752,141098,72.08
20,1439,MCL,EQ,26954,20344,75.48
20,1440,MCLEODRUSS,EQ,527317,236130,44.78
20,1441,MCON,SM,6000,5000,83.33
20,1442,MCX,EQ,598130,147691,24.69
20,1443,MDL,SM,8000,6000,75.00
20,1444,MEDANTA,EQ,541162,376205,69.52
20,1445,MEDIASSIST,EQ,132195,79939,60.47
20,1446,MEDICAMEQ,EQ,48238,13672,28.34
20,1447,MEDPLUS,EQ,59022,29941,50.73
20,1448,MEGAFLEX,SM,90000,90000,100.00
20,1449,MEGASOFT,EQ,184617,135824,73.57
20,1450,MEGASTAR,EQ,9172,5597,61.02
20,1451,MEGATHERM,SM,66000,44000,66.67
20,1452,MENONBE,EQ,49890,27429,54.98
20,1453,METROBRAND,EQ,28844,14608,50.64
20,1454,METROPOLIS,EQ,490862,274012,55.82
20,1455,MFSL,EQ,826457,605466,73.26
20,1456,MGEL,EQ,573687,303749,52.95
20,1457,MGL,EQ,406362,187521,46.15
20,1458,MHLXMIRU,EQ,21579,17055,79.04
20,1459,MHRIL,EQ,173272,102354,59.07
20,1460,MICEL,EQ,671956,461705,68.71
20,1461,MICROPRO,SM,8000,4800,60.00
20,1462,MID150BEES,EQ,662700,489269,73.83
20,1463,MIDCAP,EQ,45013,30528,67.82
20,1464,MIDCAPETF,EQ,2354152,1608455,68.32
20,1465,MIDCAPIETF,EQ,517221,407037,78.70
20,1466,MIDHANI,EQ,718462,338967,47.18
20,1467,MIDQ50ADD,EQ,4795,2313,48.24
20,1468,MIDSELIETF,EQ,267610,214337,80.09
20,1469,MIDSMALL,EQ,510647,478810,93.77
20,1470,MILTON,SM,8800,8800,100.00
20,1471,MINDACORP,EQ,556013,227056,40.84
20,1472,MINDSPACE,RR,285132,272685,95.63
20,1473,MINDTECK,EQ,355218,167536,47.16
20,1474,MIRCELECTR,EQ,582226,372168,63.92
20,1475,MIRZAINT,EQ,147881,106959,72.33
20,1476,MITCON,EQ,33895,14411,42.52
20,1477,MITTAL,EQ,1641101,947234,57.72
20,1478,M&M,EQ,6447821,3243967,50.31
20,1479,M&MFIN,EQ,4540650,2482940,54.68
20,1480,M&MFIN,N3,100,100,100.00
20,1481,MMFL,EQ,50540,30553,60.45
20,1482,MMP,EQ,11535,6106,52.93
20,1483,MMTC,EQ,2885516,893589,30.97
20,1484,MNC,EQ,148684,137967,92.79
20,1485,MOGSEC,EQ,17794,13956,78.43
20,1486,MOHEALTH,EQ,39707,32812,82.64
20,1487,MOHITIND,EQ,64947,51347,79.06
20,1488,MOIL,EQ,2300109,866493,37.67
20,1489,MOL,EQ,471787,293449,62.20
20,1490,MOLDTECH,EQ,303195,178589,58.90
20,1491,MOLDTKPAC,EQ,48353,28768,59.50
20,1492,MOLOWVOL,EQ,10529,9807,93.14
20,1493,MOM100,EQ,269330,124762,46.32
20,1494,MOM30IETF,EQ,1183185,802117,67.79
20,1495,MOM50,EQ,7136,5133,71.93
20,1496,MOMENTUM,EQ,168646,105387,62.49
20,1497,MOMOMENTUM,EQ,198226,124065,62.59
20,1498,MON100,EQ,278395,203449,73.08
20,1499,MONARCH,EQ,43535,29601,67.99
20,1500,MONIFTY500,EQ,438154,278458,63.55
20,1501,MONQ50,EQ,46125,30837,66.86
20,1502,MONTECARLO,EQ,48667,24202,49.73
20,1503,MOQUALITY,EQ,2360,2273,96.31
20,1504,MOREALTY,EQ,194182,151797,78.17
20,1505,MOREPENLAB,EQ,2598822,1120163,43.10
20,1506,MOS,SM,23200,18400,79.31
20,1507,MOSMALL250,EQ,567312,467342,82.38
20,1508,MOTHERSON,EQ,30695632,12125612,39.50
20,1509,MOTILALOFS,EQ,652311,450393,69.05
20,1510,MOTISONS,EQ,310318,167349,53.93
20,1511,MOTOGENFIN,EQ,19138,15675,81.91
20,1512,MOVALUE,EQ,264476,201928,76.35
20,1513,MOXSH,SM,25600,25600,100.00
20,1514,MPHASIS,EQ,1327918,409072,30.81
20,1515,MPSLTD,EQ,53961,29241,54.19
20,1516,MRF,EQ,7440,3441,46.25
20,1517,MRPL,EQ,2212723,633386,28.62
20,1518,MSPL,EQ,276326,199120,72.06
20,1519,MSTCLTD,EQ,278715,109084,39.14
20,1520,MSUMI,EQ,5588158,3335671,59.69
20,1521,MTARTECH,EQ,336281,194523,57.85
20,1522,MTNL,EQ,3217483,1117808,34.74
20,1523,MUFIN,EQ,149625,80948,54.10
20,1524,MUFTI,EQ,111322,63734,57.25
20,1525,MUKANDLTD,EQ,91816,47869,52.14
20,1526,MUKKA,EQ,989179,466474,47.16
20,1527,MUKTAARTS,EQ,31937,15142,47.41
20,1528,MUNJALAU,EQ,500961,238279,47.56
20,1529,MUNJALSHOW,EQ,82575,36932,44.73
20,1530,MURUDCERA,EQ,77398,47856,61.83
20,1531,MUTHOOTCAP,EQ,25938,15396,59.36
20,1532,MUTHOOTFIN,EQ,432111,212399,49.15
20,1533,MUTHOOTMF,EQ,462304,228587,49.45
20,1534,MVGJL,EQ,22521,11084,49.22
20,1535,MVKAGRO,SM,81600,50400,61.76
20,1536,MWL,SM,15600,12000,76.92
20,1537,NACLIND,EQ,181066,103020,56.90
20,1538,NAGAFERT,EQ,4423516,2807737,63.47
20,1539,NAGREEKCAP,EQ,26591,20897,78.59
20,1540,NAGREEKEXP,EQ,23239,18717,80.54
20,1541,NAHARCAP,EQ,11397,7832,68.72
20,1542,NAHARINDUS,EQ,40338,23594,58.49
20,1543,NAHARPOLY,EQ,15392,9032,58.68
20,1544,NAHARSPING,EQ,19147,11292,58.98
20,1545,NAMAN,SM,19200,16000,83.33
20,1546,NAM-INDIA,EQ,1590106,642366,40.40
20,1547,NATCOPHARM,EQ,1690596,728964,43.12
20,1548,NATHBIOGEN,EQ,41567,24337,58.55
20,1549,NATIONALUM,EQ,14932581,6206079,41.56
20,1550,NAUKRI,EQ,422855,204938,48.47
20,1551,NAVA,EQ,1008945,397948,39.44
20,1552,NAVINFLUOR,EQ,63466,23610,37.20
20,1553,NAVINIFTY,EQ,4485,3875,86.40
20,1554,NAVKARCORP,EQ,557388,325931,58.47
20,1555,NAVNETEDUL,EQ,340153,184978,54.38
20,1556,NAZARA,EQ,1363210,367909,26.99
20,1557,NBCC,EQ,19174923,7951326,41.47
20,1558,NBIFIN,EQ,144,95,65.97
20,1559,NCC,EQ,15848186,4296922,27.11
20,1560,NCLIND,EQ,1005189,527487,52.48
20,1561,NDGL,EQ,104,69,66.35
20,1562,NDL,EQ,5901926,2314073,39.21
20,1563,NDLVENTURE,EQ,2760,1467,53.15
20,1564,NDRAUTO,EQ,5349,2757,51.54
20,1565,NDTV,EQ,819753,310650,37.90
20,1566,NECCLTD,EQ,377285,240955,63.87
20,1567,NECLIFE,EQ,230013,117693,51.17
20,1568,NELCAST,EQ,87272,40618,46.54
20,1569,NELCO,EQ,69448,33024,47.55
20,1570,NEOGEN,EQ,26698,13020,48.77
20,1571,NESCO,EQ,72711,45605,62.72
20,1572,NESTLEIND,EQ,1011202,514685,50.90
20,1573,NETF,EQ,6082,5089,83.67
20,1574,NETWEB,EQ,726742,371625,51.14
20,1575,NETWORK18,EQ,1619116,902970,55.77
20,1576,NEULANDLAB,EQ,19725,10415,52.80
20,1577,NEWGEN,EQ,268712,163366,60.80
20,1578,NEWJAISA,SM,151500,124500,82.18
20,1579,NEXT50,EQ,16182,13859,85.64
20,1580,NEXT50IETF,EQ,634242,504723,79.58
20,1581,NEXTMEDIA,EQ,42417,34163,80.54
20,1582,NFL,EQ,2952563,1028402,34.83
20,1583,NGIL,EQ,131251,31813,24.24
20,1584,NGLFINE,EQ,1933,1155,59.75
20,1585,NH,EQ,494184,348625,70.55
20,1586,NHPC,EQ,84765091,27292480,32.20
20,1587,NIACL,EQ,589130,271182,46.03
20,1588,NIBL,EQ,23614,15868,67.20
20,1589,NIDAN,SM,15000,10000,66.67
20,1590,NIF100BEES,EQ,40564,25784,63.56
20,1591,NIF100IETF,EQ,257290,225456,87.63
20,1592,NIF10GETF,EQ,1394,1037,74.39
20,1593,NIF5GETF,EQ,144,144,100.00
20,1594,NIFITETF,EQ,21134,19569,92.59
20,1595,NIFMID150,EQ,5500,2922,53.13
20,1596,NIFTY1,EQ,101900,64174,62.98
20,1597,NIFTY50ADD,EQ,25069,19135,76.33
20,1598,NIFTYBEES,EQ,10360501,7374273,71.18
20,1599,NIFTYBETF,EQ,5526,5409,97.88
20,1600,NIFTYETF,EQ,647011,561183,86.73
20,1601,NIFTYIETF,EQ,1648321,1338686,81.22
20,1602,NIFTYQLITY,EQ,76231,66793,87.62
20,1603,NIITLTD,EQ,528838,229338,43.37
20,1604,NIITMTS,EQ,194013,115833,59.70
20,1605,NILAINFRA,EQ,532894,356130,66.83
20,1606,NILKAMAL,EQ,7197,4389,60.98
20,1607,NINSYS,EQ,9903,7047,71.16
20,1608,NIPPOBATRY,EQ,31855,14687,46.11
20,1609,NIRAJ,EQ,74363,52964,71.22
20,1610,NIRMAN,SM,22800,12000,52.63
20,1611,NITINSPIN,EQ,141423,99346,70.25
20,1612,NKIND,EQ,780,707,90.64
20,1613,NLCINDIA,EQ,3007557,1128805,37.53
20,1614,NMDC,EQ,8317059,2535152,30.48
20,1615,NOCIL,EQ,451027,248776,55.16
20,1616,NOIDATOLL,EQ,299723,265021,88.42
20,1617,NORBTEAEXP,EQ,2184,2112,96.70
20,1618,NOVAAGRI,EQ,1889287,971996,51.45
20,1619,NPBET,EQ,629,598,95.07
20,1620,NPST,SM,31000,22800,73.55
20,1621,NRAIL,EQ,30610,6356,20.76
20,1622,NRBBEARING,EQ,212231,136536,64.33
20,1623,NRL,EQ,846564,495916,58.58
20,1624,NSIL,EQ,5018,2927,58.33
20,1625,NSLNISP,EQ,8305954,3922338,47.22
20,1626,NTPC,EQ,23930193,13657812,57.07
20,1627,NUCLEUS,EQ,106280,41369,38.92
20,1628,NURECA,EQ,21099,13562,64.28
20,1629,NUVAMA,EQ,112382,68815,61.23
20,1630,NUVOCO,EQ,296284,154891,52.28
20,1631,NV20,EQ,32971,28217,85.58
20,1632,NV20BEES,EQ,37648,30867,81.99
20,1633,NV20IETF,EQ,888691,649098,73.04
20,1634,NXST,RR,485760,410951,84.60
20,1635,NYKAA,EQ,1793905,800643,44.63
20,1636,OAL,EQ,27020,18654,69.04
20,1637,OBCL,EQ,44308,21963,49.57
20,1638,OBEROIRLTY,EQ,606448,319738,52.72
20,1639,OCCL,EQ,15207,9265,60.93
20,1640,OFSS,EQ,319142,91230,28.59
20,1641,OIL,EQ,1686641,547704,32.47
20,1642,OLECTRA,EQ,743963,231185,31.07
20,1643,OMAXE,EQ,126439,90007,71.19
20,1644,OMINFRAL,EQ,179315,108654,60.59
20,1645,ONDOOR,SM,4800,4200,87.50
20,1646,ONEPOINT,EQ,723439,430228,59.47
20,1647,ONGC,EQ,22010688,10312784,46.85
20,1648,ONMOBILE,EQ,787963,294365,37.36
20,1649,ONWARDTEC,EQ,190699,81763,42.88
20,1650,OPTIEMUS,EQ,166983,80164,48.01
20,1651,ORBTEXP,EQ,13342,8604,64.49
20,1652,ORCHPHARMA,EQ,35291,21248,60.21
20,1653,ORIANA,SM,135450,76050,56.15
20,1654,ORICONENT,EQ,170289,100130,58.80
20,1655,ORIENTALTL,EQ,539557,246562,45.70
20,1656,ORIENTBELL,EQ,7856,4330,55.12
20,1657,ORIENTCEM,EQ,2096478,593756,28.32
20,1658,ORIENTCER,EQ,257735,140685,54.59
20,1659,ORIENTELEC,EQ,1900608,1231844,64.81
20,1660,ORIENTHOT,EQ,438689,275346,62.77
20,1661,ORIENTLTD,EQ,26954,15543,57.66
20,1662,ORIENTPPR,EQ,1128012,549462,48.71
20,1663,ORISSAMINE,EQ,23693,5618,23.71
20,1664,ORTINLAB,EQ,42260,38505,91.11
20,1665,OSWALAGRO,EQ,45142,34709,76.89
20,1666,OSWALGREEN,EQ,200334,108196,54.01
20,1667,OWAIS,SM,60800,44800,73.68
20,1668,PAGEIND,EQ,30501,18558,60.84
20,1669,PAISALO,EQ,723627,435088,60.13
20,1670,PAKKA,EQ,117720,65514,55.65
20,1671,PALASHSECU,EQ,15216,4594,30.19
20,1672,PANACEABIO,EQ,107332,79556,74.12
20,1673,PANACHE,EQ,29028,24331,83.82
20,1674,PANAMAPET,EQ,698499,271077,38.81
20,1675,PANSARI,EQ,1290,173,13.41
20,1676,PAR,EQ,24704,18222,73.76
20,1677,PARADEEP,EQ,1629703,795490,48.81
20,1678,PARAGMILK,EQ,1130779,526458,46.56
20,1679,PARAGON,SM,15600,13200,84.62
20,1680,PARAS,EQ,792596,200571,25.31
20,1681,PARIN,SM,2000,2000,100.00
20,1682,PARKHOTELS,EQ,337347,224127,66.44
20,1683,PARSVNATH,EQ,858952,669683,77.97
20,1684,PARTYCRUS,SM,16000,14000,87.50
20,1685,PASHUPATI,SM,123200,91200,74.03
20,1686,PASUPTAC,EQ,132024,81928,62.06
20,1687,PATANJALI,EQ,541318,213252,39.39
20,1688,PATELENG,EQ,8435610,4395668,52.11
20,1689,PATINTLOG,EQ,391976,288517,73.61
20,1690,PATTECH,ST,10500,10500,100.00
20,1691,PAVNAIND,EQ,17167,8862,51.62
20,1692,PAYTM,EQ,8096613,3624888,44.77
20,1693,PCBL,EQ,1762399,986998,56.00
20,1694,PCJEWELLER,EQ,6704473,3766685,56.18
20,1695,PDMJEPAPER,EQ,627505,334770,53.35
20,1696,PDSL,EQ,76642,39491,51.53
20,1697,PEL,EQ,787140,381813,48.51
20,1698,PENIND,EQ,8656141,2828218,32.67
20,1699,PENINLAND,EQ,1409090,728756,51.72
20,1700,PENTAGON,SM,6000,6000,100.00
20,1701,PERFECT,SM,36000,36000,100.00
20,1702,PERSISTENT,EQ,1005726,418660,41.63
20,1703,PETRONET,EQ,4019916,1922179,47.82
20,1704,PFC,EQ,32944221,12408394,37.66
20,1705,PFIZER,EQ,77963,51223,65.70
20,1706,PFOCUS,EQ,120809,62546,51.77
20,1707,PFS,EQ,1128203,666013,59.03
20,1708,PGEL,EQ,577514,222082,38.45
20,1709,PGHH,EQ,26369,23079,87.52
20,1710,PGHL,EQ,5368,3003,55.94
20,1711,PGIL,EQ,24266,17418,71.78
20,1712,PGINVIT,IV,1252083,1115386,89.08
20,1713,PHANTOMFX,SM,128700,73800,57.34
20,1714,PHARMABEES,EQ,6806833,5140646,75.52
20,1715,PHOENIXLTD,EQ,263570,130880,49.66
20,1716,PIDILITIND,EQ,707236,524622,74.18
20,1717,PIIND,EQ,324844,239635,73.77
20,1718,PILANIINVS,EQ,4097,2966,72.39
20,1719,PILITA,EQ,187122,151644,81.04
20,1720,PIONEEREMB,EQ,69641,63210,90.77
20,1721,PITTIENG,EQ,192200,113077,58.83
20,1722,PIXTRANS,EQ,27455,19039,69.35
20,1723,PKTEA,EQ,573,372,64.92
20,1724,PLADAINFO,SM,9000,6000,66.67
20,1725,PLASTIBLEN,EQ,8936,5495,61.49
20,1726,PLATIND,EQ,145873,56942,39.04
20,1727,PLAZACABLE,EQ,162471,86205,53.06
20,1728,PNB,EQ,28076164,9092097,32.38
20,1729,PNBGILTS,EQ,1609565,487893,30.31
20,1730,PNBHOUSING,EQ,1026471,736117,71.71
20,1731,PNC,EQ,29143,21909,75.18
20,1732,PNCINFRA,EQ,2005224,454716,22.68
20,1733,POCL,EQ,44684,21424,47.95
20,1734,PODDARMENT,EQ,14254,5738,40.26
20,1735,POKARNA,EQ,590157,163159,27.65
20,1736,POLICYBZR,EQ,1021648,506631,49.59
20,1737,POLYCAB,EQ,180893,80661,44.59
20,1738,POLYMED,EQ,58815,30285,51.49
20,1739,POLYPLEX,EQ,226228,97710,43.19
20,1740,POLYSIL,SM,20000,14000,70.00
20,1741,PONNIERODE,EQ,101860,38897,38.19
20,1742,POONAWALLA,EQ,3066255,2091321,68.20
20,1743,POWERGRID,EQ,38016104,20621067,54.24
20,1744,POWERINDIA,EQ,49872,28774,57.70
20,1745,POWERMECH,EQ,37559,23951,63.77
20,1746,PPAP,EQ,11039,6242,56.54
20,1747,PPL,EQ,184125,92965,50.49
20,1748,PPLPHARMA,EQ,4155462,2224528,53.53
20,1749,PRAJIND,EQ,6615824,2128319,32.17
20,1750,PRAKASH,EQ,467136,303729,65.02
20,1751,PRAMARA,SM,18000,16000,88.89
20,1752,PRATHAM,SM,136000,75200,55.29
20,1753,PRECAM,EQ,227634,121761,53.49
20,1754,PRECISION,SM,12000,8000,66.67
20,1755,PRECOT,EQ,7075,5252,74.23
20,1756,PRECWIRE,EQ,201700,106815,52.96
20,1757,PREMEXPLN,EQ,165720,67744,40.88
20,1758,PREMIERPOL,EQ,32719,20910,63.91
20,1759,PRESSTONIC,SM,29600,24000,81.08
20,1760,PRESTIGE,EQ,1175405,585587,49.82
20,1761,PRICOLLTD,EQ,276907,148614,53.67
20,1762,PRIMESECU,EQ,45650,34271,75.07
20,1763,PRINCEPIPE,EQ,371054,303833,81.88
20,1764,PRITI,EQ,41065,29425,71.65
20,1765,PRITIKA,SM,6000,6000,100.00
20,1766,PRITIKAUTO,EQ,328320,183907,56.01
20,1767,PRIVISCL,EQ,26124,19674,75.31
20,1768,PRLIND,SM,978000,648000,66.26
20,1769,PROLIFE,SM,2000,1500,75.00
20,1770,PROPEQUITY,SM,6000,5400,90.00
20,1771,PROV,SM,480,480,100.00
20,1772,PROZONER,EQ,448738,247062,55.06
20,1773,PRSMJOHNSN,EQ,471700,217376,46.08
20,1774,PRUDENT,EQ,68351,45928,67.19
20,1775,PSB,EQ,2197308,779121,35.46
20,1776,PSPPROJECT,EQ,144989,80785,55.72
20,1777,PSUBANK,EQ,41552,24480,58.91
20,1778,PSUBANKADD,EQ,21400,10605,49.56
20,1779,PSUBNKBEES,EQ,2519779,1213872,48.17
20,1780,PSUBNKIETF,EQ,408450,244930,59.97
20,1781,PTC,EQ,1530333,625828,40.89
20,1782,PTCIL,EQ,19747,6864,34.76
20,1783,PTL,EQ,145459,95698,65.79
20,1784,PULZ,SM,10000,9000,90.00
20,1785,PUNJABCHEM,EQ,11249,7469,66.40
20,1786,PURVFLEXI,SM,24000,24000,100.00
20,1787,PVP,EQ,63275,63275,100.00
20,1788,PVRINOX,EQ,314798,141860,45.06
20,1789,PVSL,EQ,71859,46408,64.58
20,1790,PVTBANIETF,EQ,1471647,1211537,82.33
20,1791,PVTBANKADD,EQ,522568,395762,75.73
20,1792,PYRAMID,EQ,80778,54988,68.07
20,1793,QFIL,SM,2000,2000,100.00
20,1794,QGOLDHALF,EQ,21303,14468,67.92
20,1795,QMSMEDI,SM,22000,20000,90.91
20,1796,QNIFTY,EQ,569,334,58.70
20,1797,QUADPRO,SM,24000,24000,100.00
20,1798,QUAL30IETF,EQ,59770,30126,50.40
20,1799,QUESS,EQ,200767,112373,55.97
20,1800,QUESTLAB,SM,180000,141600,78.67
20,1801,QUICKHEAL,EQ,36159,16491,45.61
20,1802,QUICKTOUCH,SM,16500,13500,81.82
20,1803,RACE,EQ,63964,29134,45.55
20,1804,RADHIKAJWE,EQ,346458,180443,52.08
20,1805,RADIANTCMS,EQ,74700,44666,59.79
20,1806,RADICO,EQ,320098,157415,49.18
20,1807,RADIOCITY,EQ,581791,265449,45.63
20,1808,RADIOCITY,P1,1400,1400,100.00
20,1809,RADIOWALLA,SM,19200,17600,91.67
20,1810,RAILTEL,EQ,2749701,1048657,38.14
20,1811,RAIN,EQ,1895559,744517,39.28
20,1812,RAINBOW,EQ,63530,26982,42.47
20,1813,RAJESHEXPO,EQ,756284,323381,42.76
20,1814,RAJRATAN,EQ,58569,32781,55.97
20,1815,RAJSREESUG,EQ,208018,89148,42.86
20,1816,RALLIS,EQ,3002988,1159448,38.61
20,1817,RAMANEWS,EQ,186798,116388,62.31
20,1818,RAMAPHO,EQ,12840,9888,77.01
20,1819,RAMASTEEL,EQ,5469061,2161477,39.52
20,1820,RAMCOCEM,EQ,3558873,1204813,33.85
20,1821,RAMCOIND,EQ,262234,146321,55.80
20,1822,RAMKY,EQ,151022,83587,55.35
20,1823,RAMRAT,EQ,26336,14379,54.60
20,1824,RANASUG,EQ,962515,477439,49.60
20,1825,RANEENGINE,EQ,28360,22238,78.41
20,1826,RANEHOLDIN,EQ,12188,6475,53.13
20,1827,RATEGAIN,EQ,685309,232866,33.98
20,1828,RATNAMANI,EQ,31831,14424,45.31
20,1829,RATNAVEER,EQ,222400,142893,64.25
20,1830,RAYMOND,EQ,910553,245837,27.00
20,1831,RBA,EQ,5657125,2761196,48.81
20,1832,RBL,EQ,91038,41069,45.11
20,1833,RBLBANK,EQ,6142838,2104633,34.26
20,1834,RBMINFRA,SM,12400,9800,79.03
20,1835,RBS,SM,75200,52800,70.21
20,1836,RCDL,SM,12000,6000,50.00
20,1837,RCF,EQ,3315043,1351739,40.78
20,1838,RECLTD,EQ,32416015,8899584,27.45
20,1839,REDINGTON,EQ,1373282,673047,49.01
20,1840,REDTAPE,EQ,71564,24798,34.65
20,1841,REFEX,EQ,1814280,700571,38.61
20,1842,REFRACTORY,SM,192000,156000,81.25
20,1843,RELAXO,EQ,68807,41795,60.74
20,1844,RELCHEMQ,EQ,15086,9118,60.44
20,1845,RELIANCE,EQ,9279348,4562543,49.17
20,1846,RELIGARE,EQ,1226340,875338,71.38
20,1847,RELINFRA,EQ,4611123,1981925,42.98
20,1848,REMSONSIND,EQ,1987,1778,89.48
20,1849,REMUS,SM,4800,3200,66.67
20,1850,RENUKA,EQ,20101775,6885044,34.25
20,1851,REPCOHOME,EQ,97937,54624,55.77
20,1852,REPL,EQ,16168,8164,50.49
20,1853,REPRO,EQ,17093,11074,64.79
20,1854,RESPONIND,EQ,383201,105206,27.45
20,1855,REXPIPES,SM,4000,4000,100.00
20,1856,RGL,EQ,144228,80336,55.70
20,1857,RHIM,EQ,133683,67544,50.53
20,1858,RICHA,SM,4000,4000,100.00
20,1859,RICOAUTO,EQ,783985,346628,44.21
20,1860,RIIL,EQ,350797,74716,21.30
20,1861,RILINFRA,SM,124900,78900,63.17
20,1862,RISHABH,EQ,36532,19718,53.97
20,1863,RITCO,EQ,111249,48270,43.39
20,1864,RITES,EQ,1351215,478584,35.42
20,1865,RITEZONE,SM,1600,1600,100.00
20,1866,RKDL,EQ,32867,27710,84.31
20,1867,RKEC,EQ,45209,29862,66.05
20,1868,RKFORGE,EQ,309846,182262,58.82
20,1869,RKSWAMY,EQ,105377,45550,43.23
20,1870,RMDRIP,SM,8000,8000,100.00
20,1871,RML,EQ,35869,21571,60.14
20,1872,ROCKINGDCE,SM,14500,3750,25.86
20,1873,ROHLTD,EQ,93185,53961,57.91
20,1874,ROLEXRINGS,EQ,10150,4653,45.84
20,1875,ROSSARI,EQ,228182,142906,62.63
20,1876,ROSSELLIND,EQ,53760,24648,45.85
20,1877,ROTO,EQ,172332,90460,52.49
20,1878,ROUTE,EQ,167804,126121,75.16
20,1879,ROXHITECH,SM,86400,65600,75.93
20,1880,RPGLIFE,EQ,22264,14849,66.70
20,1881,RPOWER,EQ,22458559,9096659,40.50
20,1882,RPSGVENT,EQ,45724,19896,43.51
20,1883,RPTECH,EQ,222438,130382,58.61
20,1884,RRKABEL,EQ,98946,51039,51.58
20,1885,RSWM,EQ,38807,24157,62.25
20,1886,RSYSTEMS,EQ,223790,119932,53.59
20,1887,RTNINDIA,EQ,3845745,1442381,37.51
20,1888,RUBYMILLS,EQ,11858,9360,78.93
20,1889,RUCHINFRA,EQ,187359,120300,64.21
20,1890,RUCHIRA,EQ,39855,23469,58.89
20,1891,RULKA,SM,82200,51000,62.04
20,1892,RUPA,EQ,196175,129291,65.91
20,1893,RUSHIL,EQ,74514,35853,48.12
20,1894,RUSTOMJEE,EQ,101739,79151,77.80
20,1895,RVHL,EQ,40017,34816,87.00
20,1896,RVNL,EQ,27249200,6836700,25.09
20,1897,SAAKSHI,SM,16200,15000,92.59
20,1898,SABAR,SM,10000,10000,100.00
20,1899,SADBHIN,EQ,208473,170032,81.56
20,1900,SADHAV,SM,46800,30000,64.10
20,1901,SADHNANIQ,EQ,192374,118920,61.82
20,1902,SAFARI,EQ,21971,11144,50.72
20,1903,SAGARDEEP,EQ,46455,31587,67.99
20,1904,SAGCEM,EQ,826101,397765,48.15
20,1905,SAH,EQ,45175,13731,30.40
20,1906,SAHAJ,SM,8000,8000,100.00
20,1907,SAHANA,SM,42750,30250,70.76
20,1908,SAHYADRI,EQ,28741,24945,86.79
20,1909,SAIFL,SM,14400,12000,83.33
20,1910,SAIL,EQ,41207266,10301441,25.00
20,1911,SAKAR,EQ,27143,16370,60.31
20,1912,SAKHTISUG,EQ,822283,434108,52.79
20,1913,SAKSOFT,EQ,293698,177201,60.33
20,1914,SAKUMA,EQ,3434401,1091980,31.80
20,1915,SALASAR,EQ,3549484,2174507,61.26
20,1916,SALONA,EQ,3485,900,25.82
20,1917,SALZERELEC,EQ,695672,144911,20.83
20,1918,SAMHI,EQ,551881,275017,49.83
20,1919,SAMPANN,EQ,31003,21516,69.40
20,1920,SANDESH,EQ,2790,1957,70.14
20,1921,SANDHAR,EQ,142619,87663,61.47
20,1922,SANDUMA,EQ,233722,121453,51.96
20,1923,SANGAMIND,EQ,12687,6643,52.36
20,1924,SANGANI,SM,9000,6000,66.67
20,1925,SANGHIIND,EQ,447048,263939,59.04
20,1926,SANGHVIMOV,EQ,139311,72971,52.38
20,1927,SANGINITA,EQ,2389882,592800,24.80
20,1928,SANOFI,EQ,50913,27899,54.80
20,1929,SANSERA,EQ,240814,168735,70.07
20,1930,SAPPHIRE,EQ,61907,38612,62.37
20,1931,SARDAEN,EQ,841254,302848,36.00
20,1932,SAREGAMA,EQ,778240,331425,42.59
20,1933,SARLAPOLY,EQ,820485,381283,46.47
20,1934,SAROJA,SM,12800,6400,50.00
20,1935,SARTELE,SM,44500,34000,76.40
20,1936,SARVESHWAR,EQ,3368146,2052070,60.93
20,1937,SASKEN,EQ,20668,10769,52.10
20,1938,SASTASUNDR,EQ,29736,15920,53.54
20,1939,SATIA,EQ,232406,154285,66.39
20,1940,SATIN,EQ,363659,204115,56.13
20,1941,SATINDLTD,EQ,329554,117126,35.54
20,1942,SAURASHCEM,EQ,112432,64640,57.49
20,1943,SBC,EQ,3725657,1777091,47.70
20,1944,SBCL,EQ,218842,139171,63.59
20,1945,SBFC,EQ,1204342,765309,63.55
20,1946,SBGLP,EQ,514044,275589,53.61
20,1947,SBICARD,EQ,1956654,899358,45.96
20,1948,SBIETFCON,EQ,17366,15973,91.98
20,1949,SBIETFIT,EQ,83432,74783,89.63
20,1950,SBIETFPB,EQ,36309,25713,70.82
20,1951,SBIETFQLTY,EQ,28947,20702,71.52
20,1952,SBILIFE,EQ,1279929,692501,54.10
20,1953,SBIN,EQ,25061284,8075639,32.22
20,1954,SCHAEFFLER,EQ,118103,77789,65.87
20,1955,SCHAND,EQ,82344,49065,59.59
20,1956,SCHNEIDER,EQ,217960,142940,65.58
20,1957,SCI,EQ,3828942,1363801,35.62
20,1958,SCILAL,EQ,2793398,1289931,46.18
20,1959,SCML,SM,2000,2000,100.00
20,1960,SCPL,EQ,16898,8137,48.15
20,1961,SDBL,EQ,856727,509302,59.45
20,1962,SDL24BEES,EQ,992,898,90.52
20,1963,SDL26BEES,EQ,953,464,48.69
20,1964,SEAMECLTD,EQ,235854,91648,38.86
20,1965,SECURCRED,EQ,146027,94643,64.81
20,1966,SEL,SM,7600,6000,78.95
20,1967,SELAN,EQ,73273,37029,50.54
20,1968,SELMC,EQ,17149,11497,67.04
20,1969,SENCO,EQ,77125,31963,41.44
20,1970,SENSEXADD,EQ,10928,7003,64.08
20,1971,SENSEXETF,EQ,8623,7206,83.57
20,1972,SENSEXIETF,EQ,11531,5260,45.62
20,1973,SEPC,EQ,27489813,12268148,44.63
20,1974,SEQUENT,EQ,2583628,632519,24.48
20,1975,SERVICE,SM,18000,18000,100.00
20,1976,SERVOTECH,EQ,425806,292958,68.80
20,1977,SESHAPAPER,EQ,79286,57768,72.86
20,1978,SETF10GILT,EQ,14886,14508,97.46
20,1979,SETFGOLD,EQ,1587988,1053862,66.36
20,1980,SETFNIF50,EQ,1264985,1081053,85.46
20,1981,SETFNIFBK,EQ,290475,167097,57.53
20,1982,SETFNN50,EQ,48420,31048,64.12
20,1983,SFL,EQ,300978,218419,72.57
20,1984,SFLZC24A,ZB,321,321,100.00
20,1985,SFLZC25A,ZK,10,10,100.00
20,1986,SFLZC26A,ZC,223,223,100.00
20,1987,SGBAPR28I,GB,49,32,65.31
20,1988,SGBAUG24,GB,366,320,87.43
20,1989,SGBAUG27,GB,9,9,100.00
20,1990,SGBAUG28V,GB,317,231,72.87
20,1991,SGBAUG29V,GB,35,31,88.57
20,1992,SGBAUG30,GB,275,258,93.82
20,1993,SGBD29VIII,GB,558,548,98.21
20,1994,SGBDC27VII,GB,6,6,100.00
20,1995,SGBDE30III,GB,304,162,53.29
20,1996,SGBDE31III,GB,3427,2862,83.51
20,1997,SGBDEC2513,GB,2,2,100.00
20,1998,SGBDEC26,GB,20,20,100.00
20,1999,SGBFEB27,GB,24,24,100.00
20,2000,SGBFEB29XI,GB,25,22,88.00
20,2001,SGBFEB32IV,GB,2029,1551,76.44
20,2002,SGBJ28VIII,GB,163,163,100.00
20,2003,SGBJAN26,GB,86,56,65.12
20,2004,SGBJAN27,GB,44,44,100.00
20,2005,SGBJAN29IX,GB,240,210,87.50
20,2006,SGBJAN29X,GB,42,36,85.71
20,2007,SGBJAN30IX,GB,768,430,55.99
20,2008,SGBJU29III,GB,1777,1641,92.35
20,2009,SGBJUL25,GB,6,6,100.00
20,2010,SGBJUL27,GB,2,2,100.00
20,2011,SGBJUL28IV,GB,492,408,82.93
20,2012,SGBJUL29IV,GB,40,40,100.00
20,2013,SGBJUN27,GB,11,11,100.00
20,2014,SGBJUN28,GB,39,25,64.10
20,2015,SGBJUN29II,GB,79,69,87.34
20,2016,SGBJUN30,GB,115,94,81.74
20,2017,SGBJUN31I,GB,369,291,78.86
20,2018,SGBMAR25,GB,92,70,76.09
20,2019,SGBMAR28X,GB,40,40,100.00
20,2020,SGBMAR30X,GB,54,53,98.15
20,2021,SGBMAR31IV,GB,88,74,84.09
20,2022,SGBMAY25,GB,40,29,72.50
20,2023,SGBMAY26,GB,12,12,100.00
20,2024,SGBMAY28,GB,72,69,95.83
20,2025,SGBMAY29I,GB,1108,1047,94.49
20,2026,SGBMR29XII,GB,462,378,81.82
20,2027,SGBN28VIII,GB,179,154,86.03
20,2028,SGBNOV24,GB,74,63,85.14
20,2029,SGBNOV258,GB,22,22,100.00
20,2030,SGBNV29VII,GB,312,237,75.96
20,2031,SGBOC28VII,GB,105,104,99.05
20,2032,SGBOCT25,GB,11,11,100.00
20,2033,SGBOCT26,GB,3,3,100.00
20,2034,SGBOCT27,GB,30,30,100.00
20,2035,SGBOCT27VI,GB,69,67,97.10
20,2036,SGBSEP24,GB,190,184,96.84
20,2037,SGBSEP27,GB,45,39,86.67
20,2038,SGBSEP28VI,GB,247,215,87.04
20,2039,SGBSEP29VI,GB,175,127,72.57
20,2040,SGBSEP31II,GB,1235,932,75.47
20,2041,SGIL,EQ,20385,13041,63.97
20,2042,SGL,EQ,415312,160570,38.66
20,2043,SHAH,EQ,1113398,703471,63.18
20,2044,SHAHALLOYS,EQ,23972,19772,82.48
20,2045,SHAILY,EQ,27135,16779,61.84
20,2046,SHALBY,EQ,163582,68615,41.95
20,2047,SHALPAINTS,EQ,63711,35562,55.82
20,2048,SHANKARA,EQ,107945,55298,51.23
20,2049,SHANTHALA,SM,1200,1200,100.00
20,2050,SHANTIGEAR,EQ,16797,8290,49.35
20,2051,SHARDACROP,EQ,305162,151420,49.62
20,2052,SHARDAMOTR,EQ,39017,26172,67.08
20,2053,SHAREINDIA,EQ,100093,47603,47.56
20,2054,SHAREINDIA,W1,3713,3693,99.46
20,2055,SHARIABEES,EQ,13599,10676,78.51
20,2056,SHEETAL,ST,22000,22000,100.00
20,2057,SHEMAROO,EQ,59959,39921,66.58
20,2058,SHERA,SM,13000,11000,84.62
20,2059,SHIGAN,SM,21000,16500,78.57
20,2060,SHILPAMED,EQ,410865,207373,50.47
20,2061,SHIVALIK,EQ,9364,5946,63.50
20,2062,SHIVAMAUTO,EQ,1485455,614690,41.38
20,2063,SHIVAMILLS,EQ,17307,9312,53.80
20,2064,SHIVATEX,EQ,47831,16514,34.53
20,2065,SHK,EQ,493288,316004,64.06
20,2066,SHOPERSTOP,EQ,34104,16496,48.37
20,2067,SHRADHA,EQ,98451,65346,66.37
20,2068,SHREDIGCEM,EQ,348186,178899,51.38
20,2069,SHREECEM,EQ,77513,52642,67.91
20,2070,SHREEKARNI,SM,5400,4800,88.89
20,2071,SHREEOSFM,SM,133000,106000,79.70
20,2072,SHREEPUSHK,EQ,27238,16421,60.29
20,2073,SHRENIK,EQ,1197137,569314,47.56
20,2074,SHREYANIND,EQ,21645,16164,74.68
20,2075,SHREYAS,EQ,673590,258893,38.43
20,2076,SHRIPISTON,EQ,159277,98225,61.67
20,2077,SHRIRAMFIN,EQ,741378,377174,50.87
20,2078,SHRIRAMPPS,EQ,2095618,1093500,52.18
20,2079,SHRITECH,SM,32000,20000,62.50
20,2080,SHUBHLAXMI,SM,142000,111000,78.17
20,2081,SHYAMMETL,EQ,371135,215235,57.99
20,2082,SIDDHIKA,SM,2000,1500,75.00
20,2083,SIEMENS,EQ,263145,109068,41.45
20,2084,SIGACHI,EQ,775945,464431,59.85
20,2085,SIGIND,EQ,228341,170208,74.54
20,2086,SIGMA,EQ,5947,3687,62.00
20,2087,SIGNATURE,EQ,575774,145864,25.33
20,2088,SIGNORIA,SM,2000,2000,100.00
20,2089,SIGNPOST,EQ,57392,20764,36.18
20,2090,SIKKO,EQ,138285,66564,48.14
20,2091,SIL,EQ,59410,42751,71.96
20,2092,SILGO,EQ,20089,13093,65.17
20,2093,SILINV,EQ,5209,3575,68.63
20,2094,SILKFLEX,SM,44000,40000,90.91
20,2095,SILLYMONKS,EQ,11539,9644,83.58
20,2096,SILVER,EQ,180818,127552,70.54
20,2097,SILVER1,EQ,31033,17576,56.64
20,2098,SILVERADD,EQ,74556,71895,96.43
20,2099,SILVERBEES,EQ,6244962,3476194,55.66
20,2100,SILVERETF,EQ,186441,114456,61.39
20,2101,SILVERIETF,EQ,1349080,1124344,83.34
20,2102,SILVERTUC,EQ,32693,11345,34.70
20,2103,SILVRETF,EQ,46372,38024,82.00
20,2104,SIMBHALS,EQ,374438,141279,37.73
20,2105,SINCLAIR,EQ,78280,59377,75.85
20,2106,SINDHUTRAD,EQ,493292,333877,67.68
20,2107,SINTERCOM,EQ,29063,25709,88.46
20,2108,SIRCA,EQ,111791,66839,59.79
20,2109,SIS,EQ,140879,108447,76.98
20,2110,SIYSIL,EQ,36352,20629,56.75
20,2111,SJLOGISTIC,SM,28000,23500,83.93
20,2112,SJS,EQ,183014,109114,59.62
20,2113,SJVN,EQ,17454204,5459018,31.28
20,2114,SKFINDIA,EQ,16883,6862,40.64
20,2115,SKIPPER,EQ,672392,369726,54.99
20,2116,SKIPPERPP,E1,10466,7778,74.32
20,2117,SKMEGGPROD,EQ,224201,71992,32.11
20,2118,SKP,SM,20500,14500,70.73
20,2119,SLONE,SM,28800,17600,61.11
20,2120,SMALLCAP,EQ,850995,745054,87.55
20,2121,SMCGLOBAL,EQ,1657167,801895,48.39
20,2122,SMLISUZU,EQ,46920,25600,54.56
20,2123,SMLT,EQ,99685,55895,56.07
20,2124,SMSLIFE,EQ,2179,1511,69.34
20,2125,SMSPHARMA,EQ,167687,106720,63.64
20,2126,SNOWMAN,EQ,790066,313473,39.68
20,2127,SOBHA,EQ,549486,229771,41.82
20,2128,SOFTTECH,EQ,52440,37594,71.69
20,2129,SOLARA,EQ,122786,70332,57.28
20,2130,SOLARINDS,EQ,92975,33321,35.84
20,2131,SOLEX,SM,24200,15200,62.81
20,2132,SOMANYCERA,EQ,35890,18378,51.21
20,2133,SOMICONVEY,EQ,29295,19944,68.08
20,2134,SONACOMS,EQ,843536,398156,47.20
20,2135,SONAMAC,SM,62000,48000,77.42
20,2136,SONAMLTD,EQ,7596,5295,69.71
20,2137,SONATSOFTW,EQ,3814219,924797,24.25
20,2138,SONUINFRA,SM,42000,39000,92.86
20,2139,SOTAC,SM,2400,1200,50.00
20,2140,SOTL,EQ,119178,53131,44.58
20,2141,SOUTHBANK,EQ,15949505,6979380,43.76
20,2142,SOUTHWEST,EQ,84440,28452,33.69
20,2143,SPAL,EQ,23915,15259,63.81
20,2144,SPANDANA,EQ,300188,176038,58.64
20,2145,SPARC,EQ,1448966,930249,64.20
20,2146,SPCENET,EQ,1085181,847228,78.07
20,2147,SPECIALITY,EQ,55408,32286,58.27
20,2148,SPECTRUM,SM,14000,13125,93.75
20,2149,SPECTSTM,SM,14400,8800,61.11
20,2150,SPENCERS,EQ,180027,94401,52.44
20,2151,SPIC,EQ,748693,339350,45.33
20,2152,SPLIL,EQ,57324,32088,55.98
20,2153,SPLPETRO,EQ,104565,60095,57.47
20,2154,SPMLINFRA,EQ,66911,58474,87.39
20,2155,SPORTKING,EQ,7306,5028,68.82
20,2156,SPRL,ST,3200,3200,100.00
20,2157,SREEL,EQ,14740,7017,47.61
20,2158,SRF,EQ,508944,199188,39.14
20,2159,SRGHFL,EQ,45093,24209,53.69
20,2160,SRHHYPOLTD,EQ,28171,17993,63.87
20,2161,SRIVASAVI,SM,22000,14000,63.64
20,2162,SRM,EQ,85241,66962,78.56
20,2163,SSFL,SM,21500,10500,48.84
20,2164,SSWL,EQ,270200,160622,59.45
20,2165,STAR,EQ,248630,124048,49.89
20,2166,STARCEMENT,EQ,725708,343354,47.31
20,2167,STARHEALTH,EQ,1095157,835741,76.31
20,2168,STARPAPER,EQ,26087,16444,63.04
20,2169,STCINDIA,EQ,43161,18833,43.63
20,2170,STEELCAS,EQ,7939,4853,61.13
20,2171,STEELCITY,EQ,48218,26344,54.64
20,2172,STEELXIND,EQ,3227949,1985395,61.51
20,2173,STEL,EQ,60244,10069,16.71
20,2174,STERTOOLS,EQ,57956,34617,59.73
20,2175,STLTECH,EQ,3972480,1794477,45.17
20,2176,STOVEKRAFT,EQ,110953,60322,54.37
20,2177,STYLAMIND,EQ,25785,14290,55.42
20,2178,STYRENIX,EQ,73154,45853,62.68
20,2179,SUBEXLTD,EQ,6190789,2164591,34.96
20,2180,SUBROS,EQ,59231,31746,53.60
20,2181,SUDARSCHEM,EQ,546234,346573,63.45
20,2182,SUKHJITS,EQ,7559,5645,74.68
20,2183,SULA,EQ,341733,210948,61.73
20,2184,SUMICHEM,EQ,719774,362652,50.38
20,2185,SUMMITSEC,EQ,5154,2464,47.81
20,2186,SUNCLAY,EQ,10088,4459,44.20
20,2187,SUNDARAM,EQ,6548650,4342195,66.31
20,2188,SUNDARMFIN,EQ,142889,95443,66.80
20,2189,SUNDARMHLD,EQ,132339,87038,65.77
20,2190,SUNDRMBRAK,EQ,1762,1305,74.06
20,2191,SUNDRMFAST,EQ,66827,44667,66.84
20,2192,SUNFLAG,EQ,126771,66736,52.64
20,2193,SUNPHARMA,EQ,3404664,1901858,55.86
20,2194,SUNREST,SM,1600,1600,100.00
20,2195,SUNTECK,EQ,3299500,1244280,37.71
20,2196,SUNTV,EQ,1553420,661980,42.61
20,2197,SUPERHOUSE,EQ,15328,4336,28.29
20,2198,SUPERSPIN,EQ,139590,100361,71.90
20,2199,SUPRAJIT,EQ,949658,660739,69.58
20,2200,SUPREMEIND,EQ,249263,118766,47.65
20,2201,SUPREMEPWR,SM,931000,437000,46.94
20,2202,SUPRIYA,EQ,237379,128927,54.31
20,2203,SURAJEST,EQ,72073,35833,49.72
20,2204,SURANAT&P,EQ,1396033,674329,48.30
20,2205,SURANI,SM,800,800,100.00
20,2206,SURYALAXMI,EQ,26843,7618,28.38
20,2207,SURYAROSNI,EQ,145862,62631,42.94
20,2208,SURYODAY,EQ,458421,267578,58.37
20,2209,SUTLEJTEX,EQ,78823,53426,67.78
20,2210,SUULD,EQ,1098203,647903,59.00
20,2211,SUVEN,EQ,356366,248659,69.78
20,2212,SUVENPHAR,EQ,108056,50144,46.41
20,2213,SUVIDHAA,EQ,162162,88327,54.47
20,2214,SVLL,EQ,2453,1061,43.25
20,2215,SVPGLOB,EQ,120489,79756,66.19
20,2216,SWANENERGY,EQ,2140154,1141997,53.36
20,2217,SWARAJ,SM,25000,23000,92.00
20,2218,SWARAJENG,EQ,35941,20986,58.39
20,2219,SWASTIK,SM,12000,9600,80.00
20,2220,SWELECTES,EQ,113826,43779,38.46
20,2221,SWSOLAR,EQ,1671276,937773,56.11
20,2222,SYMPHONY,EQ,359926,188030,52.24
20,2223,SYNCOMF,EQ,2573993,1735215,67.41
20,2224,SYNGENE,EQ,523068,214889,41.08
20,2225,SYNOPTICS,SM,3600,3000,83.33
20,2226,SYRMA,EQ,883797,345201,39.06
20,2227,SYSTANGO,SM,24000,22000,91.67
20,2228,TAC,SM,6000,6000,100.00
20,2229,TAJGVK,EQ,260697,118883,45.60
20,2230,TAKE,EQ,726348,364173,50.14
20,2231,TALBROAUTO,EQ,662438,236934,35.77
20,2232,TANLA,EQ,382323,170770,44.67
20,2233,TAPIFRUIT,SM,3750,3750,100.00
20,2234,TARC,EQ,1414014,997151,70.52
20,2235,TARSONS,EQ,45443,18772,41.31
20,2236,TASTYBITE,EQ,1737,931,53.60
20,2237,TATACHEM,EQ,2477378,548488,22.14
20,2238,TATACOMM,EQ,406704,202817,49.87
20,2239,TATACONSUM,EQ,1877248,1113468,59.31
20,2240,TATAELXSI,EQ,231746,100816,43.50
20,2241,TATAGOLD,EQ,3082763,2231236,72.38
20,2242,TATAINVEST,EQ,18000,12370,68.72
20,2243,TATAMOTORS,EQ,15577866,7179714,46.09
20,2244,TATAMTRDVR,EQ,1217968,629904,51.72
20,2245,TATAPOWER,EQ,15039562,5738797,38.16
20,2246,TATASTEEL,EQ,84319867,34584954,41.02
20,2247,TATATECH,EQ,1001179,513887,51.33
20,2248,TATSILV,EQ,1871553,1527005,81.59
20,2249,TATVA,EQ,36683,17287,47.13
20,2250,TBI,ST,2592000,2592000,100.00
20,2251,TBOTEK,EQ,378686,131226,34.65
20,2252,TBZ,EQ,114747,39166,34.13
20,2253,TCHF30,NB,103,51,49.51
20,2254,TCI,EQ,72122,57066,79.12
20,2255,TCIEXP,EQ,40928,21521,52.58
20,2256,TCIFINANCE,EQ,59215,59215,100.00
20,2257,TCL,SM,240000,167200,69.67
20,2258,TCLCONS,EQ,34609,28841,83.33
20,2259,TCNSBRANDS,EQ,295508,168095,56.88
20,2260,TCPLPACK,EQ,23995,20657,86.09
20,2261,TCS,EQ,4552445,2356808,51.77
20,2262,TDPOWERSYS,EQ,461685,274548,59.47
20,2263,TEAMLEASE,EQ,43011,24845,57.76
20,2264,TECH,EQ,323616,295588,91.34
20,2265,TECHLABS,SM,55500,36000,64.86
20,2266,TECHM,EQ,5790599,2396294,41.38
20,2267,TECILCHEM,EQ,5100,4932,96.71
20,2268,TEGA,EQ,92835,63942,68.88
20,2269,TEJASNET,EQ,2881936,807756,28.03
20,2270,TEMBO,EQ,49398,14211,28.77
20,2271,TERASOFT,EQ,1601604,629338,39.29
20,2272,TEXINFRA,EQ,2347840,1394796,59.41
20,2273,TEXMOPIPES,EQ,81926,53751,65.61
20,2274,TEXRAIL,EQ,1881119,1109859,59.00
20,2275,TFCILTD,EQ,5118958,1562264,30.52
20,2276,TGBHOTELS,EQ,80373,60803,75.65
20,2277,TGL,SM,4800,4800,100.00
20,2278,THANGAMAYL,EQ,33950,22726,66.94
20,2279,THEINVEST,EQ,5423,4133,76.21
20,2280,THEJO,EQ,11099,5125,46.18
20,2281,THEMISMED,EQ,55072,41355,75.09
20,2282,THERMAX,EQ,273990,174049,63.52
20,2283,THOMASCOOK,EQ,1152961,611878,53.07
20,2284,THYROCARE,EQ,29762,17619,59.20
20,2285,TI,EQ,2259976,948648,41.98
20,2286,TIDEWATER,EQ,46566,21763,46.74
20,2287,TIIL,EQ,36452,15781,43.29
20,2288,TIINDIA,EQ,241815,147780,61.11
20,2289,TIMESCAN,SM,2000,2000,100.00
20,2290,TIMETECHNO,EQ,1153685,299236,25.94
20,2291,TIMKEN,EQ,50291,20571,40.90
20,2292,TIPSFILMS,EQ,5129,3866,75.38
20,2293,TIPSINDLTD,EQ,723581,401489,55.49
20,2294,TIRUMALCHM,EQ,1014178,605763,59.73
20,2295,TIRUPATI,SM,22750,22750,100.00
20,2296,TIRUPATIFL,EQ,349353,226268,64.77
20,2297,TITAGARH,EQ,2336495,864941,37.02
20,2298,TITAN,EQ,2084099,1011651,48.54
20,2299,TMB,EQ,61194,37957,62.03
20,2300,TNIDETF,EQ,480690,454871,94.63
20,2301,TNPETRO,EQ,209941,91754,43.70
20,2302,TNPL,EQ,133387,64899,48.65
20,2303,TOKYOPLAST,EQ,139610,52776,37.80
20,2304,TORNTPHARM,EQ,311615,150451,48.28
20,2305,TORNTPOWER,EQ,452171,271918,60.14
20,2306,TOTAL,EQ,25765,22450,87.13
20,2307,TOUCHWOOD,EQ,1326,1098,82.81
20,2308,TPLPLASTEH,EQ,388450,67872,17.47
20,2309,TRACXN,EQ,596070,325633,54.63
20,2310,TRANSTEEL,SM,158000,104000,65.82
20,2311,TRANSWIND,SM,8000,8000,100.00
20,2312,TREEHOUSE,EQ,175221,107687,61.46
20,2313,TREL,EQ,668909,466747,69.78
20,2314,TRENT,EQ,488611,227919,46.65
20,2315,TRIDENT,EQ,6481284,2913454,44.95
20,2316,TRIDHYA,SM,33000,24000,72.73
20,2317,TRIGYN,EQ,440894,233568,52.98
20,2318,TRITURBINE,EQ,958262,669877,69.91
20,2319,TRIVENI,EQ,1364747,540398,39.60
20,2320,TRU,EQ,5362316,1286267,23.99
20,2321,TRUST,SM,357600,171600,47.99
20,2322,TTKHLTCARE,EQ,5995,4695,78.32
20,2323,TTKPRESTIG,EQ,74491,42743,57.38
20,2324,TTL,EQ,9863,6406,64.95
20,2325,TTML,EQ,1814188,793808,43.76
20,2326,TV18BRDCST,EQ,3970387,2427265,61.13
20,2327,TVSELECT,EQ,43128,20129,46.67
20,2328,TVSHLTD,EQ,9794,4799,49.00
20,2329,TVSMOTOR,EQ,747356,393831,52.70
20,2330,TVSSCS,EQ,496437,329684,66.41
20,2331,TVSSRICHAK,EQ,13326,8651,64.92
20,2332,TVTODAY,EQ,106961,66126,61.82
20,2333,UBL,EQ,279780,92538,33.08
20,2334,UCAL,EQ,26199,14937,57.01
20,2335,UCOBANK,EQ,13814874,3283123,23.77
20,2336,UDAICEMENT,EQ,1507830,857424,56.86
20,2337,UDS,EQ,93995,54143,57.60
20,2338,UFLEX,EQ,72067,48561,67.38
20,2339,UFO,EQ,191590,106282,55.47
20,2340,UGARSUGAR,EQ,606060,270613,44.65
20,2341,UGROCAP,EQ,1208865,760245,62.89
20,2342,UJJIVANSFB,EQ,11959583,6184969,51.72
20,2343,ULTRACEMCO,EQ,545284,261158,47.89
20,2344,UMA,SM,4000,4000,100.00
20,2345,UMANGDAIRY,EQ,21373,11619,54.36
20,2346,UMESLTD,EQ,42093,25085,59.59
20,2347,UNICHEMLAB,EQ,18835,11761,62.44
20,2348,UNIDT,EQ,11441,6736,58.88
20,2349,UNIENTER,EQ,25751,20337,78.98
20,2350,UNIHEALTH,SM,19000,18000,94.74
20,2351,UNIONBANK,EQ,17894835,8202600,45.84
20,2352,UNIPARTS,EQ,84139,53870,64.03
20,2353,UNITDSPR,EQ,1151764,808475,70.19
20,2354,UNITEDPOLY,EQ,5992,4519,75.42
20,2355,UNITEDTEA,EQ,2331,1446,62.03
20,2356,UNIVCABLES,EQ,218442,98291,45.00
20,2357,UNIVPHOTO,EQ,962,629,65.38
20,2358,UNOMINDA,EQ,4219216,1180632,27.98
20,2359,UPL,EQ,2223919,1055727,47.47
20,2360,URBAN,SM,14000,11200,80.00
20,2361,URJA,EQ,2515692,1564148,62.18
20,2362,USASEEDS,SM,600,600,100.00
20,2363,USHAMART,EQ,631888,341531,54.05
20,2364,USK,EQ,159900,89449,55.94
20,2365,UTIAMC,EQ,115376,52221,45.26
20,2366,UTIBANKETF,EQ,1060668,1047537,98.76
20,2367,UTINEXT50,EQ,67444,53636,79.53
20,2368,UTINIFTETF,EQ,101497,100445,98.96
20,2369,UTISENSETF,EQ,1343,1224,91.14
20,2370,UTISXN50,EQ,3252,2217,68.17
20,2371,UTKARSHBNK,EQ,2368699,1354628,57.19
20,2372,UTTAMSUGAR,EQ,228792,89553,39.14
20,2373,VADILALIND,EQ,14017,5957,42.50
20,2374,VAIBHAVGBL,EQ,544804,264035,48.46
20,2375,VAISHALI,EQ,49620,22522,45.39
20,2376,VAKRANGEE,EQ,19250394,5146426,26.73
20,2377,VALIANTLAB,EQ,470772,398159,84.58
20,2378,VALIANTORG,EQ,69254,33415,48.25
20,2379,VARDHACRLC,EQ,38049,26810,70.46
20,2380,VARDMNPOLY,EQ,433917,410044,94.50
20,2381,VARROC,EQ,185270,92926,50.16
20,2382,VASCONEQ,EQ,812664,359702,44.26
20,2383,VBL,EQ,2098282,1408194,67.11
20,2384,VEDL,EQ,11283521,5434054,48.16
20,2385,VEEKAYEM,SM,5000,3500,70.00
20,2386,VELS,SM,4800,4800,100.00
20,2387,VENKEYS,EQ,84883,23196,27.33
20,2388,VENUSPIPES,EQ,99050,54200,54.72
20,2389,VENUSREM,EQ,80363,47427,59.02
20,2390,VERANDA,EQ,143406,84920,59.22
20,2391,VERITAAS,SM,34800,22800,65.52
20,2392,VERTEXPLUS,ST,600,600,100.00
20,2393,VESUVIUS,EQ,26506,16282,61.43
20,2394,VETO,EQ,283167,89703,31.68
20,2395,VGUARD,EQ,411029,158180,38.48
20,2396,VHL,EQ,728,364,50.00
20,2397,VIAZ,SM,10000,4000,40.00
20,2398,VIDHIING,EQ,30889,15363,49.74
20,2399,VIJAYA,EQ,150932,53480,35.43
20,2400,VIKASECO,EQ,4075305,2206839,54.15
20,2401,VIKASLIFE,EQ,13145116,6433633,48.94
20,2402,VILAS,ST,65000,65000,100.00
20,2403,VILINBIO,SM,16000,12000,75.00
20,2404,VIMTALABS,EQ,33397,13863,41.51
20,2405,VINATIORGA,EQ,454284,393761,86.68
20,2406,VINDHYATEL,EQ,19082,10496,55.00
20,2407,VINEETLAB,EQ,56806,21003,36.97
20,2408,VINNY,EQ,1373282,851754,62.02
20,2409,VINSYS,SM,18000,12000,66.67
20,2410,VINYAS,SM,70400,53800,76.42
20,2411,VINYLINDIA,EQ,35564,20022,56.30
20,2412,VIPCLOTHNG,EQ,122610,81203,66.23
20,2413,VIPIND,EQ,467663,236668,50.61
20,2414,VIRINCHI,EQ,546859,300080,54.87
20,2415,VISAKAIND,EQ,386515,217810,56.35
20,2416,VISHNU,EQ,562498,339206,60.30
20,2417,VISHNUINFR,SM,94000,87000,92.55
20,2418,VISHWARAJ,EQ,826481,388961,47.06
20,2419,VISHWAS,SM,46400,32000,68.97
20,2420,VITAL,SM,26400,19200,72.73
20,2421,VIVIANA,SM,13500,10500,77.78
20,2422,VLSFINANCE,EQ,59695,30438,50.99
20,2423,VMARCIND,SM,7000,6000,85.71
20,2424,VMART,EQ,140512,94888,67.53
20,2425,VOLTAMP,EQ,15867,7255,45.72
20,2426,VOLTAS,EQ,684903,386023,56.36
20,2427,VPRPL,EQ,1115096,521677,46.78
20,2428,VR,SM,3200,3200,100.00
20,2429,VRLLOG,EQ,60624,31666,52.23
20,2430,VSCL,ST,3000,3000,100.00
20,2431,VSSL,EQ,83735,44921,53.65
20,2432,VSTIND,EQ,35293,20070,56.87
20,2433,VSTTILLERS,EQ,25914,17442,67.31
20,2434,VTL,EQ,534456,456630,85.44
20,2435,WABAG,EQ,1124684,326003,28.99
20,2436,WALCHANNAG,EQ,268634,173153,64.46
20,2437,WALPAR,SM,3000,3000,100.00
20,2438,WANBURY,EQ,31809,20879,65.64
20,2439,WEALTH,EQ,6199,3743,60.38
20,2440,WEIZMANIND,EQ,12030,8929,74.22
20,2441,WELCORP,EQ,1165976,574285,49.25
20,2442,WELENT,EQ,361326,160867,44.52
20,2443,WELINV,EQ,1487,1177,79.15
20,2444,WELSPUNLIV,EQ,1508264,697659,46.26
20,2445,WENDT,EQ,6568,1703,25.93
20,2446,WESTLIFE,EQ,143600,124240,86.52
20,2447,WHEELS,EQ,92836,57027,61.43
20,2448,WHIRLPOOL,EQ,415929,261980,62.99
20,2449,WILLAMAGOR,EQ,5480,4340,79.20
20,2450,WINDLAS,EQ,71917,49007,68.14
20,2451,WINDMACHIN,EQ,119457,57777,48.37
20,2452,WINSOL,SM,104000,65600,63.08
20,2453,WIPL,EQ,16978,1103,6.50
20,2454,WIPRO,EQ,36336220,11291883,31.08
20,2455,WOCKPHARMA,EQ,776561,569774,73.37
20,2456,WOMANCART,SM,11200,11200,100.00
20,2457,WONDERLA,EQ,88988,55333,62.18
20,2458,WORTH,EQ,6107,3693,60.47
20,2459,WSI,EQ,117600,68681,58.40
20,2460,WSTCSTPAPR,EQ,479340,250036,52.16
20,2461,WTICAB,SM,364000,270000,74.18
20,2462,XCHANGING,EQ,872802,434041,49.73
20,2463,XPROINDIA,EQ,35735,20428,57.17
20,2464,YASHO,EQ,6246,3860,61.80
20,2465,YASHOPTICS,SM,78400,70400,89.80
20,2466,YATHARTH,EQ,300554,195579,65.07
20,2467,YATRA,EQ,176560,94503,53.52
20,2468,YCCL,SM,15000,12000,80.00
20,2469,YESBANK,EQ,151028965,57423800,38.02
20,2470,YUDIZ,SM,17600,16800,95.45
20,2471,YUKEN,EQ,127181,87646,68.91
20,2472,ZAGGLE,EQ,786693,337310,42.88
20,2473,ZEAL,SM,15600,9600,61.54
20,2474,ZEEL,EQ,14939089,6692039,44.80
20,2475,ZEEMEDIA,EQ,7615073,3307208,43.43
20,2476,ZENITHDRUG,SM,51200,36800,71.88
20,2477,ZENITHEXPO,EQ,40276,13692,34.00
20,2478,ZENITHSTL,EQ,277801,141121,50.80
20,2479,ZENSARTECH,EQ,3539729,1057833,29.88
20,2480,ZENTEC,EQ,760264,334147,43.95
20,2481,ZFCVINDIA,EQ,21983,16915,76.95
20,2482,ZIMLAB,EQ,137942,73382,53.20
20,2483,ZODIACLOTH,EQ,23253,12325,53.00
20,2484,ZOMATO,EQ,33175407,19387242,58.44
20,2485,ZOTA,EQ,108453,71581,66.00
20,2486,ZTECH,ST,28800,28800,100.00
20,2487,ZUARI,EQ,157436,89529,56.87
20,2488,ZUARIIND,EQ,175965,92927,52.81
20,2489,ZYDUSLIFE,EQ,1064643,631552,59.32
20,2490,ZYDUSWELL,EQ,32969,17443,52.91
