Security Wise Delivery Position - Compulsory Rolling Settlement
10,MTO,04072024,2017289756,0002519
Trade Date <04-JUL-2024>,Settlement Type <N>
Record Type,Sr No,Name of Security,Quantity Traded,Deliverable Quantity(gross across client level),% of Deliverable Quantity to Traded Quantity
20,1,0MOFSL27,N3,100,100,100.00
20,2,1003IHF30A,NV,47,47,100.00
20,3,1003IIFL29,NC,640,640,100.00
20,4,1003ISFL28,N4,1071,1071,100.00
20,5,1015ECL29,NR,82,82,100.00
20,6,1018GS2026,GS,1003,1003,100.00
20,7,1025IHF34,Z8,145,145,100.00
20,8,1025NFL25,N5,58,50,86.21
20,9,1025UCL25,N8,5,5,100.00
20,10,1035UCL26,NA,276,100,36.23
20,11,1049DLS25A,Y5,2,2,100.00
20,12,1049DLSL25,NX,3,3,100.00
20,13,1050NFL26,N7,210,210,100.00
20,14,1050UCL25,N7,14,14,100.00
20,15,105IIFL29,N7,20,20,100.00
20,16,1060ECL29,NS,500,500,100.00
20,17,1065NFL27,NC,184,184,100.00
20,18,1075IHF33A,N2,100,100,100.00
20,19,10CAGL27,N5,76,76,100.00
20,20,10IFSL26,N7,100,50,50.00
20,21,10IIFL28,N4,210,210,100.00
20,22,10IIFL28A,NE,552,552,100.00
20,23,10NIDO26,N6,1613,1587,98.39
20,24,1102NFL26,N8,8,8,100.00
20,25,1119NFL27,ND,250,250,100.00
20,26,11DLSL25,NV,10,10,100.00
20,27,182D011124,TB,100,100,100.00
20,28,182D110724,TB,100,100,100.00
20,29,182D120924,TB,100,100,100.00
20,30,182D180724,TB,100,100,100.00
20,31,182D181024,TB,200,200,100.00
20,32,20MICRONS,EQ,348402,128783,36.96
20,33,360ONE,EQ,314006,175702,55.95
20,34,364D031024,TB,100,100,100.00
20,35,364D060225,TB,100,100,100.00
20,36,364D080525,TB,100,100,100.00
20,37,364D101024,TB,100,100,100.00
20,38,364D120625,TB,100,100,100.00
20,39,364D180425,TB,400,400,100.00
20,40,364D190625,TB,100,100,100.00
20,41,364D241024,TB,10500,10500,100.00
20,42,364D250724,TB,4000,4000,100.00
20,43,3IINFOLTD,EQ,5021634,2009555,40.02
20,44,3MINDIA,EQ,11808,4301,36.42
20,45,3PLAND,EQ,39615,26047,65.75
20,46,563GS2026,GS,18,18,100.00
20,47,574GS2026,GS,200,200,100.00
20,48,5PAISA,EQ,36289,17060,47.01
20,49,610GS2031,GS,1000,1000,100.00
20,50,63MOONS,EQ,79981,56401,70.52
20,51,654GS2032,GS,1254,1252,99.84
20,52,667GS2035,GS,340,340,100.00
20,53,667GS2050,GS,2020,1998,98.91
20,54,676GS2061,GS,748,748,100.00
20,55,689GS2025,GS,200,200,100.00
20,56,68GS2060,GS,2386,2386,100.00
20,57,695GS2061,GS,9,9,100.00
20,58,699GS2026,GS,100,100,100.00
20,59,699GS2051,GS,100,100,100.00
20,60,702GS2027,GS,34102,29223,85.69
20,61,702GS2031,GS,70,70,100.00
20,62,704GS2029,GS,109,109,100.00
20,63,706GS2028,GS,33000,16500,50.00
20,64,710GS2029,GS,39197,24303,62.00
20,65,717GS2030,GS,20101,20101,100.00
20,66,718GJ28,SG,300,300,100.00
20,67,718GS2033,GS,6900,6900,100.00
20,68,718GS2037,GS,1410,1210,85.82
20,69,71GS2034,GS,2001,2001,100.00
20,70,723GS2039,GS,1890,1600,84.66
20,71,725GS2063,GS,172635,172634,100.00
20,72,726GS2032,GS,32001,17001,53.13
20,73,726GS2033,GS,441,441,100.00
20,74,727GS2026,GS,1,1,100.00
20,75,732GS2030,GS,1500,1500,100.00
20,76,732IRFC25,NI,475,475,100.00
20,77,733GS2026,GS,340,340,100.00
20,78,734GS2064,GS,100,100,100.00
20,79,735IRFC31,NM,128,64,50.00
20,80,736GS2052,GS,43923,43923,100.00
20,81,736PFCL28,N2,18000,18000,100.00
20,82,737GS2028,GS,411,411,100.00
20,83,738GS2027,GS,695365,688662,99.04
20,84,739NHAI26,N8,486,445,91.56
20,85,739NHAI31A,ND,40,40,100.00
20,86,73GS2053,GS,2012461,2012461,100.00
20,87,741GS2036,GS,4002,4001,99.98
20,88,743AP41,SG,200,200,100.00
20,89,746GS2073,GS,80175,78911,98.42
20,90,747HR35,SG,300,300,100.00
20,91,74GS2035,GS,600,600,100.00
20,92,74GS2062,GS,66,66,100.00
20,93,751HUDCO28,N5,80,35,43.75
20,94,753IRFC30,NJ,50,50,100.00
20,95,753NTPC30E,NC,47,47,100.00
20,96,754GS2036,GS,594986,551204,92.64
20,97,758AS33,SG,100,100,100.00
20,98,758GJ32,SG,1000,1000,100.00
20,99,760PFCL35,N3,56,28,50.00
20,100,762NTPC35F,ND,1103,1007,91.30
20,101,764HUDCO31,N8,1,1,100.00
20,102,764IRFC31,NO,139,139,100.00
20,103,764NABAR31,N2,675,675,100.00
20,104,769HUDCO31,N9,239,195,81.59
20,105,769NHAI31,NE,220,211,95.91
20,106,76NHAI31,NA,1176,1167,99.23
20,107,771KL43,SG,100,100,100.00
20,108,79NHIT35,N1,563,563,100.00
20,109,79NHIT40,N2,679,679,100.00
20,110,79NHIT47,N3,343,220,64.14
20,111,810IRFC27,N2,20,20,100.00
20,112,812REC27,NI,201,201,100.00
20,113,81ABFL33,N5,100,100,100.00
20,114,81TCHF28,N8,1,1,100.00
20,115,825IIFL25,N7,270,270,100.00
20,116,828GS2027,GS,1,1,100.00
20,117,829LTF24,NL,1,1,100.00
20,118,82HUDCO27,N2,69,69,100.00
20,119,82IGT31,NJ,100,100,100.00
20,120,830NHAI27,N2,859,703,81.84
20,121,830PFCL27,N5,1572,1422,90.46
20,122,835IHFL23B,YM,15,15,100.00
20,123,842IIFL26,NL,27,27,100.00
20,124,843IHFL29,NC,1,1,100.00
20,125,849NTPC25,N7,72195,68273,94.57
20,126,850IIFL27,NA,1,1,100.00
20,127,85IIFL24,NJ,30,30,100.00
20,128,85IIFL25,NO,26,26,100.00
20,129,85PCHFL24,N6,1,1,100.00
20,130,85TCAPS24,N6,2,0,0.00
20,131,860CIFCL28,NG,25,25,100.00
20,132,862REC33,NA,25,25,100.00
20,133,865IFL28,NZ,2542,2352,92.53
20,134,865IIFL28,NS,90,90,100.00
20,135,865IRFC29,NA,119,119,100.00
20,136,865LTF26,NN,669,669,100.00
20,137,865TCAPS27,N8,519,355,68.40
20,138,866SFL25,ZE,100,100,100.00
20,139,86LTF24,NJ,10,5,50.00
20,140,871REC28,N9,446,346,77.58
20,141,875NHAI29,N6,304,301,99.01
20,142,875PCHFL26,N8,25,25,100.00
20,143,875SFL27,ZF,340,340,100.00
20,144,876HUDCO28,ND,557,557,100.00
20,145,87LTF27,NH,209,209,100.00
20,146,883GS2041,GS,100,100,100.00
20,147,885MOFSL26,N0,10,10,100.00
20,148,888ERFL28,N5,290,290,100.00
20,149,888IHFL25C,NR,250,250,100.00
20,150,889IHFL27,YC,5,5,100.00
20,151,891NTPC33,N6,519,519,100.00
20,152,892PFCL33,N8,636,500,78.62
20,153,894IHFL24,ZR,50,50,100.00
20,154,897MOFSL29,N4,50,50,100.00
20,155,898LTF29,N7,11,11,100.00
20,156,8ABFL26,N0,16,6,37.50
20,157,901HUDCO34,NE,533,515,96.62
20,158,901NHB34,N6,391,390,99.74
20,159,903SFL28,YI,100,100,100.00
20,160,905IH24B,Z9,200,200,100.00
20,161,910CAGL25,N7,8,8,100.00
20,162,915GS2024,GS,2,1,50.00
20,163,915IBHFL26,NE,5,5,100.00
20,164,91D020824,TB,300,300,100.00
20,165,91D050924,TB,100,100,100.00
20,166,91D120724,TB,1500,1500,100.00
20,167,91D120924,TB,100,100,100.00
20,168,91D230824,TB,1600,1600,100.00
20,169,91D250724,TB,1000,1000,100.00
20,170,91D290824,TB,200,200,100.00
20,171,920PEL28,N2,200,200,100.00
20,172,921ISFL25,N0,1,1,100.00
20,173,922SFL24,Z4,2,1,50.00
20,174,925ERFL28,N6,1,1,100.00
20,175,925IBHL27,YR,17,16,94.12
20,176,925IHFL25A,NH,329,177,53.80
20,177,925IHFL25C,AR,30,30,100.00
20,178,925IHFL25D,N6,17,17,100.00
20,179,92GS2030,GS,56763,51500,90.73
20,180,92ICCL28,ND,1,1,100.00
20,181,931SFL26,Z5,150,150,100.00
20,182,935LTF29,N5,206,206,100.00
20,183,93IHFL24,ZP,146,146,100.00
20,184,93IHFL24A,ZN,10,10,100.00
20,185,93MOFSL34,N6,241,241,100.00
20,186,943ECL28,NJ,231,121,52.38
20,187,955IHFL27A,ZJ,7,7,100.00
20,188,957IHFL30,BX,20,10,50.00
20,189,960CAGL25,N3,30,30,100.00
20,190,960ISFL25,N1,25,25,100.00
20,191,965IHFL25C,N0,49,49,100.00
20,192,965IHFL25E,BF,12,12,100.00
20,193,966ICCL25A,NI,27,27,100.00
20,194,96IIFL28,N5,493,368,74.65
20,195,96IIFL28A,NF,1039,1039,100.00
20,196,96SFL24A,NB,20,20,100.00
20,197,970CAGL28,ND,3011,3011,100.00
20,198,971IHFL28A,NT,10,10,100.00
20,199,975NFL24,N4,200,100,50.00
20,200,975NFL25,N0,214,214,100.00
20,201,97MOFSL34,N7,291,291,100.00
20,202,97SFL26,Z9,10,10,100.00
20,203,97SFL28,YS,210,210,100.00
20,204,97SFL29,YZ,1000,1000,100.00
20,205,985ECL28,NK,516,466,90.31
20,206,990IHFL27,YT,17,17,100.00
20,207,99IFCI24,NH,1,1,100.00
20,208,9IBHFL26BA,NA,855,755,88.30
20,209,9IHFL25,Y5,1,1,100.00
20,210,9IIFL28,Y0,131,131,100.00
20,211,9MMFSML,N2,601,561,93.34
20,212,AADHARHFC,EQ,1483252,844374,56.93
20,213,AAKASH,EQ,9088233,4989635,54.90
20,214,AARON,EQ,9460,5978,63.19
20,215,AARTIDRUGS,EQ,198952,100342,50.44
20,216,AARTIIND,EQ,1087271,358524,32.97
20,217,AARTIPHARM,EQ,143462,79945,55.73
20,218,AARTISURF,EQ,48245,22345,46.32
20,219,AARTISURF,P1,96,31,32.29
20,220,AARVEEDEN,EQ,227060,112552,49.57
20,221,AARVI,EQ,19253,12236,63.55
20,222,AATMAJ,SM,20000,16000,80.00
20,223,AAVAS,EQ,641861,318367,49.60
20,224,ABB,EQ,329126,122544,37.23
20,225,ABBOTINDIA,EQ,10482,3488,33.28
20,226,ABCAPITAL,EQ,3314005,1190890,35.94
20,227,ABCOTS,SM,1000,1000,100.00
20,228,ABDL,EQ,5414930,3084774,56.97
20,229,ABFL28,N3,100,100,100.00
20,230,ABFRL,EQ,9514082,3257331,34.24
20,231,ABSLAMC,EQ,490089,324909,66.30
20,232,ABSLBANETF,EQ,245090,213543,87.13
20,233,ABSLLIQUID,EQ,16079,16032,99.71
20,234,ABSLNN50ET,EQ,34688,21103,60.84
20,235,ABSLPSE,EQ,641683,491677,76.62
20,236,ABSMARINE,SM,871000,421000,48.34
20,237,ACC,EQ,602032,214858,35.69
20,238,ACCELYA,EQ,13749,8400,61.10
20,239,ACCENTMIC,SM,62500,49500,79.20
20,240,ACE,EQ,347075,137588,39.64
20,241,ACEINTEG,EQ,16219,6938,42.78
20,242,ACI,EQ,1019342,426909,41.88
20,243,ACL,EQ,155976,103130,66.12
20,244,ACLGATI,EQ,1131007,691671,61.16
20,245,ACSAL,SM,51000,48000,94.12
20,246,ADANIENSOL,EQ,825442,384936,46.63
20,247,ADANIENT,EQ,1055391,432790,41.01
20,248,ADANIGREEN,EQ,344262,185815,53.97
20,249,ADANIPORTS,EQ,2980840,1092337,36.65
20,250,ADANIPOWER,EQ,2057045,1123309,54.61
20,251,ADFFOODS,EQ,158161,79782,50.44
20,252,ADL,EQ,12794,3406,26.62
20,253,ADORWELD,EQ,12664,6917,54.62
20,254,ADROITINFO,EQ,141751,79428,56.03
20,255,ADSL,EQ,1137440,542512,47.70
20,256,ADVANIHOTR,EQ,144977,82350,56.80
20,257,ADVENZYMES,EQ,953782,393337,41.24
20,258,AEGISLOG,EQ,375972,133241,35.44
20,259,AEROFLEX,EQ,618460,264167,42.71
20,260,AETHER,EQ,61951,34030,54.93
20,261,AFFLE,EQ,379931,136487,35.92
20,262,AGARIND,EQ,66288,20719,31.26
20,263,AGARWALFT,ST,120000,117000,97.50
20,264,AGI,EQ,2810024,508069,18.08
20,265,AGNI,SM,37500,37500,100.00
20,266,AGRITECH,EQ,11404,8613,75.53
20,267,AGROPHOS,EQ,94623,50860,53.75
20,268,AGSTRA,EQ,327727,201084,61.36
20,269,AGUL,SM,2000,2000,100.00
20,270,AHL,EQ,411256,365599,88.90
20,271,AHLEAST,EQ,13599,9542,70.17
20,272,AHLUCONT,EQ,52587,28395,54.00
20,273,AIAENG,EQ,21926,13420,61.21
20,274,AIIL,EQ,19761,9975,50.48
20,275,AILIMITED,ST,30000,27000,90.00
20,276,AIMTRON,SM,272000,184000,67.65
20,277,AIRAN,EQ,577083,368390,63.84
20,278,AIROLAM,EQ,13708,12835,93.63
20,279,AIRTELPP,E1,410179,358694,87.45
20,280,AISL,ST,20400,20400,100.00
20,281,AJANTPHARM,EQ,136647,82871,60.65
20,282,AJMERA,EQ,49443,24277,49.10
20,283,AJOONI,EQ,6865241,4745532,69.12
20,284,AKANKSHA,SM,780000,414000,53.08
20,285,AKASH,EQ,199756,104273,52.20
20,286,AKG,EQ,156659,138095,88.15
20,287,AKI,EQ,46577,32030,68.77
20,288,AKIKO,ST,81600,81600,100.00
20,289,AKSHARCHEM,EQ,18348,7450,40.60
20,290,AKZOINDIA,EQ,3911,2087,53.36
20,291,ALANKIT,EQ,5388329,1871807,34.74
20,292,ALBERTDAVD,EQ,10274,5627,54.77
20,293,ALEMBICLTD,EQ,1187909,542233,45.65
20,294,ALICON,EQ,28384,13030,45.91
20,295,ALKALI,EQ,60982,31258,51.26
20,296,ALKEM,EQ,106334,60396,56.80
20,297,ALKYLAMINE,EQ,49895,21765,43.62
20,298,ALLCARGO,EQ,12578519,4712247,37.46
20,299,ALLETEC,SM,64400,45600,70.81
20,300,ALLSEC,EQ,26400,12351,46.78
20,301,ALMONDZ,EQ,53609,34183,63.76
20,302,ALOKINDS,EQ,9201049,4721065,51.31
20,303,ALPA,EQ,105802,50416,47.65
20,304,ALPEXSOLAR,SM,325600,175600,53.93
20,305,ALPHA,EQ,1211031,748288,61.79
20,306,ALPHAETF,EQ,390852,325845,83.37
20,307,ALPHAGEO,EQ,34979,15727,44.96
20,308,ALPL30IETF,EQ,1255983,872998,69.51
20,309,ALUWIND,SM,105000,84000,80.00
20,310,AMBANIORG,SM,1000,1000,100.00
20,311,AMBER,EQ,65604,23474,35.78
20,312,AMBICAAGAR,EQ,29382,5239,17.83
20,313,AMBIKCO,EQ,10606,6390,60.25
20,314,AMBUJACEM,EQ,4072206,2288196,56.19
20,315,AMDIND,EQ,335164,140460,41.91
20,316,AMEYA,SM,156000,116000,74.36
20,317,AMIABLE,SM,1600,1600,100.00
20,318,AMIORG,EQ,252753,134385,53.17
20,319,AMJLAND,EQ,2861853,737794,25.78
20,320,AMNPLST,EQ,60973,37653,61.75
20,321,AMRUTANJAN,EQ,58220,32779,56.30
20,322,ANANDRATHI,EQ,18909,13761,72.77
20,323,ANANTRAJ,EQ,1801620,610087,33.86
20,324,ANDHRAPAP,EQ,198787,97899,49.25
20,325,ANDHRSUGAR,EQ,540938,266223,49.22
20,326,ANGELONE,EQ,691807,243729,35.23
20,327,ANIKINDS,EQ,12337,6328,51.29
20,328,ANLON,SM,228000,113200,49.65
20,329,ANNAPURNA,SM,101500,83500,82.27
20,330,ANTGRAPHIC,EQ,1209780,512220,42.34
20,331,ANUP,EQ,31910,17753,55.63
20,332,ANURAS,EQ,52569,33106,62.98
20,333,ANZEN,IV,600000,600000,100.00
20,334,APARINDS,EQ,125465,57318,45.68
20,335,APCL,EQ,37237,22203,59.63
20,336,APCOTEXIND,EQ,41759,21291,50.99
20,337,APEX,EQ,104895,52099,49.67
20,338,APLAPOLLO,EQ,354970,254193,71.61
20,339,APLLTD,EQ,359680,102248,28.43
20,340,APOLLO,EQ,2651523,1327601,50.07
20,341,APOLLOHOSP,EQ,222050,118264,53.26
20,342,APOLLOPIPE,EQ,32684,19218,58.80
20,343,APOLLOTYRE,EQ,2987714,1090923,36.51
20,344,APOLSINHOT,EQ,5367,4278,79.71
20,345,APS,SM,219500,138000,62.87
20,346,APTECHT,EQ,284320,115421,40.60
20,347,APTUS,EQ,496267,321563,64.80
20,348,ARABIAN,SM,48000,42000,87.50
20,349,ARCHIES,EQ,107719,56925,52.85
20,350,ARE&M,EQ,929259,500968,53.91
20,351,ARENTERP,EQ,11902,8864,74.47
20,352,ARHAM,ST,52000,49000,94.23
20,353,ARIES,EQ,241215,87868,36.43
20,354,ARIHANTACA,SM,4000,4000,100.00
20,355,ARIHANTCAP,EQ,455349,257088,56.46
20,356,ARIHANTSUP,EQ,273545,98377,35.96
20,357,ARISTO,SM,99200,78400,79.03
20,358,ARMANFIN,EQ,20511,12459,60.74
20,359,AROGRANITE,EQ,54691,35749,65.37
20,360,ARROWGREEN,EQ,77387,36735,47.47
20,361,ARTEMISMED,EQ,183238,116211,63.42
20,362,ARTNIRMAN,EQ,21146,9353,44.23
20,363,ARVIND,EQ,1209706,502870,41.57
20,364,ARVINDFASN,EQ,1612751,817445,50.69
20,365,ARVSMART,EQ,103828,51081,49.20
20,366,ASAHIINDIA,EQ,127778,57539,45.03
20,367,ASAHISONG,EQ,31338,12117,38.67
20,368,ASAL,EQ,65392,28746,43.96
20,369,ASALCBR,EQ,54124,30942,57.17
20,370,ASHAPURMIN,EQ,200942,125153,62.28
20,371,ASHIANA,EQ,215044,126933,59.03
20,372,ASHIMASYN,EQ,5689897,2195241,38.58
20,373,ASHOKA,EQ,961419,378637,39.38
20,374,ASHOKAMET,EQ,89437,61383,68.63
20,375,ASHOKLEY,EQ,10961313,5488395,50.07
20,376,ASIANENE,EQ,87523,51803,59.19
20,377,ASIANPAINT,EQ,968666,522584,53.95
20,378,ASIANTILES,EQ,5722065,2841943,49.67
20,379,ASKAUTOLTD,EQ,396929,204769,51.59
20,380,ASMS,EQ,61213,61213,100.00
20,381,ASPINWALL,EQ,6878,4016,58.39
20,382,ASPIRE,SM,102000,64000,62.75
20,383,ASTEC,EQ,80398,42521,52.89
20,384,ASTERDM,EQ,939194,575705,61.30
20,385,ASTRAL,EQ,322610,165686,51.36
20,386,ASTRAMICRO,EQ,685212,338679,49.43
20,387,ASTRAZEN,EQ,458354,55149,12.03
20,388,ATFL,EQ,105966,54708,51.63
20,389,ATGL,EQ,799590,367608,45.97
20,390,ATL,EQ,869918,525091,60.36
20,391,ATMASTCO,SM,270400,173600,64.20
20,392,ATUL,EQ,78953,26938,34.12
20,393,ATULAUTO,EQ,1207169,376784,31.21
20,394,AUBANK,EQ,1223370,421803,34.48
20,395,AURDIS,SM,64500,41000,63.57
20,396,AURIONPRO,EQ,85334,56316,65.99
20,397,AUROIMPEX,SM,57600,56000,97.22
20,398,AUROPHARMA,EQ,848096,299015,35.26
20,399,AURUM,EQ,100846,54238,53.78
20,400,AURUMPP1,E1,2293,2208,96.29
20,401,AUTOAXLES,EQ,15648,10702,68.39
20,402,AUTOBEES,EQ,159490,101747,63.80
20,403,AUTOIETF,EQ,618988,441473,71.32
20,404,AUTOIND,EQ,751440,326633,43.47
20,405,AVADHSUGAR,EQ,182384,59581,32.67
20,406,AVALON,EQ,66118,33012,49.93
20,407,AVANTIFEED,EQ,322229,159551,49.51
20,408,AVG,EQ,44158,26965,61.06
20,409,AVPINFRA,SM,307200,196800,64.06
20,410,AVROIND,EQ,30756,21720,70.62
20,411,AVTNPL,EQ,153413,89768,58.51
20,412,AWFIS,EQ,759783,326903,43.03
20,413,AWHCL,EQ,169646,95899,56.53
20,414,AWL,EQ,896649,530662,59.18
20,415,AXISBANK,EQ,4817380,2168471,45.01
20,416,AXISBNKETF,EQ,2035,1518,74.59
20,417,AXISBPSETF,EQ,1522923,1457582,95.71
20,418,AXISCADES,EQ,208563,96202,46.13
20,419,AXISCETF,EQ,3050,3000,98.36
20,420,AXISGOLD,EQ,79458,50387,63.41
20,421,AXISHCETF,EQ,5281,3455,65.42
20,422,AXISILVER,EQ,40090,31140,77.68
20,423,AXISNIFTY,EQ,10811,10153,93.91
20,424,AXISTECETF,EQ,11251,9767,86.81
20,425,AXITA,EQ,661559,376590,56.92
20,426,AXSENSEX,EQ,3352,3222,96.12
20,427,AYMSYNTEX,EQ,407299,209693,51.48
20,428,AZAD,EQ,60898,34905,57.32
20,429,BABAFP,SM,30400,22400,73.68
20,430,BAHETI,SM,8250,8250,100.00
20,431,BAIDFIN,EQ,1162656,461255,39.67
20,432,BAJAJ-AUTO,EQ,234656,142438,60.70
20,433,BAJAJCON,EQ,249507,143416,57.48
20,434,BAJAJELEC,EQ,139193,67693,48.63
20,435,BAJAJFINSV,EQ,1450706,879643,60.64
20,436,BAJAJHCARE,EQ,672758,357968,53.21
20,437,BAJAJHIND,EQ,16131485,6834354,42.37
20,438,BAJAJHLDNG,EQ,499552,87360,17.49
20,439,BAJEL,EQ,360947,209629,58.08
20,440,BAJFINANCE,EQ,1897977,826903,43.57
20,441,BALAJITELE,EQ,267101,154878,57.98
20,442,BALAMINES,EQ,78435,32083,40.90
20,443,BALAXI,EQ,9008,5589,62.04
20,444,BALKRISHNA,EQ,217894,109333,50.18
20,445,BALKRISIND,EQ,115820,33459,28.89
20,446,BALMLAWRIE,EQ,425937,209181,49.11
20,447,BALPHARMA,EQ,52698,28945,54.93
20,448,BALRAMCHIN,EQ,1002901,375322,37.42
20,449,BALUFORGE,EQ,577872,305510,52.87
20,450,BANARBEADS,EQ,82249,37336,45.39
20,451,BANARISUG,EQ,2609,1434,54.96
20,452,BANCOINDIA,EQ,239933,130130,54.24
20,453,BANDHANBNK,EQ,27883085,6711747,24.07
20,454,BANG,EQ,50583,11564,22.86
20,455,BANKBARODA,EQ,12965149,5973638,46.07
20,456,BANKBEES,EQ,538582,290286,53.90
20,457,BANKBETF,EQ,19184,18327,95.53
20,458,BANKETF,EQ,4981,3909,78.48
20,459,BANKETFADD,EQ,45230,29517,65.26
20,460,BANKIETF,EQ,151125,87425,57.85
20,461,BANKINDIA,EQ,8346070,4346738,52.08
20,462,BANKNIFTY1,EQ,28190,24540,87.05
20,463,BANSWRAS,EQ,109593,58154,53.06
20,464,BARBEQUE,EQ,148979,74358,49.91
20,465,BASF,EQ,58847,40164,68.25
20,466,BASILIC,SM,220800,150600,68.21
20,467,BASML,EQ,89415,55936,62.56
20,468,BATAINDIA,EQ,329064,149169,45.33
20,469,BAWEJA,SM,50400,40800,80.95
20,470,BAYERCROP,EQ,22561,10209,45.25
20,471,BBETF0432,EQ,2644,1601,60.55
20,472,BBL,EQ,76795,54376,70.81
20,473,BBNPNBETF,EQ,3519,3051,86.70
20,474,BBNPPGOLD,EQ,532,474,89.10
20,475,BBOX,EQ,517818,305918,59.08
20,476,BBTC,EQ,163731,55876,34.13
20,477,BBTCL,EQ,7783,4316,55.45
20,478,BCLIND,EQ,1192782,625443,52.44
20,479,BCONCEPTS,EQ,29750,17752,59.67
20,480,BDL,EQ,9184976,2978800,32.43
20,481,BEACON,SM,894000,424000,47.43
20,482,BEARDSELL,EQ,77834,25107,32.26
20,483,BECTORFOOD,EQ,107342,65698,61.20
20,484,BEDMUTHA,EQ,15766,7804,49.50
20,485,BEL,EQ,35591681,15985117,44.91
20,486,BEML,EQ,970942,252763,26.03
20,487,BEPL,EQ,6022673,2290308,38.03
20,488,BERGEPAINT,EQ,1138953,715328,62.81
20,489,BESTAGRO,EQ,119177,76732,64.38
20,490,BETA,SM,6100,5100,83.61
20,491,BEWLTD,SM,1500,1125,75.00
20,492,BFINVEST,EQ,69877,26049,37.28
20,493,BFSI,EQ,522755,498134,95.29
20,494,BFUTILITIE,EQ,409474,118292,28.89
20,495,BHAGCHEM,EQ,146206,98876,67.63
20,496,BHAGERIA,EQ,37455,18071,48.25
20,497,BHAGYANGR,EQ,3385380,785055,23.19
20,498,BHANDARI,EQ,573614,310644,54.16
20,499,BHARATFORG,EQ,1511383,571688,37.83
20,500,BHARATGEAR,EQ,167533,122881,73.35
20,501,BHARATRAS,EQ,4392,2127,48.43
20,502,BHARATWIRE,EQ,250925,144304,57.51
20,503,BHARTIARTL,EQ,9570938,6125706,64.00
20,504,BHARTIHEXA,EQ,1302432,801315,61.52
20,505,BHEL,EQ,31457159,10334998,32.85
20,506,BHINVIT,IV,394718,378331,95.85
20,507,BIGBLOC,EQ,282542,132360,46.85
20,508,BIKAJI,EQ,361864,242642,67.05
20,509,BIOCON,EQ,4658012,2026145,43.50
20,510,BIOFILCHEM,EQ,137686,54819,39.81
20,511,BIRDYS,SM,4800,3600,75.00
20,512,BIRET,RR,127409,114388,89.78
20,513,BIRLACABLE,EQ,101193,44535,44.01
20,514,BIRLACORPN,EQ,186592,99883,53.53
20,515,BIRLAMONEY,EQ,710322,281415,39.62
20,516,BLAL,EQ,284661,110879,38.95
20,517,BLISSGVS,EQ,2488431,841582,33.82
20,518,BLKASHYAP,EQ,1922181,1077343,56.05
20,519,BLS,EQ,13027939,2250651,17.28
20,520,BLSE,EQ,327893,177472,54.12
20,521,BLUEDART,EQ,7997,3998,49.99
20,522,BLUEJET,EQ,382529,202242,52.87
20,523,BLUEPEBBLE,SM,17600,14400,81.82
20,524,BLUESTARCO,EQ,314594,227232,72.23
20,525,BMETRICS,SM,17600,12000,68.18
20,526,BODALCHEM,EQ,473165,228335,48.26
20,527,BOMDYEING,EQ,2496467,1033852,41.41
20,528,BOROLTD,EQ,713439,314336,44.06
20,529,BORORENEW,EQ,334933,168926,50.44
20,530,BOROSCI,EQ,319253,188008,58.89
20,531,BOSCHLTD,EQ,27710,9881,35.66
20,532,BPCL,EQ,6607472,3251950,49.22
20,533,BPL,EQ,560946,211500,37.70
20,534,BRIGADE,EQ,865935,197082,22.76
20,535,BRIGHT,SZ,225000,225000,100.00
20,536,BRITANNIA,EQ,138170,68687,49.71
20,537,BSE,EQ,538942,333880,61.95
20,538,BSE500IETF,EQ,208162,198771,95.49
20,539,BSHSL,EQ,174308,96867,55.57
20,540,BSL,EQ,144161,46171,32.03
20,541,BSLGOLDETF,EQ,150347,138280,91.97
20,542,BSLNIFTY,EQ,255557,144096,56.39
20,543,BSLSENETFG,EQ,5070,1273,25.11
20,544,BSOFT,EQ,2151459,680965,31.65
20,545,BUTTERFLY,EQ,11706,5237,44.74
20,546,BVCL,EQ,40176,18806,46.81
20,547,CADSYS,ST,71500,69500,97.20
20,548,CAMLINFINE,EQ,963398,412740,42.84
20,549,CAMPUS,EQ,992700,408254,41.13
20,550,CAMS,EQ,131275,68781,52.39
20,551,CANARYS,SM,588000,412000,70.07
20,552,CANBK,EQ,20110432,9096899,45.23
20,553,CANFINHOME,EQ,369698,113303,30.65
20,554,CANTABIL,EQ,298352,138818,46.53
20,555,CAPACITE,EQ,323384,181868,56.24
20,556,CAPITALSFB,EQ,234742,95687,40.76
20,557,CAPLIPOINT,EQ,118767,88961,74.90
20,558,CAPTRUST,EQ,39084,26098,66.77
20,559,CARBORUNIV,EQ,175562,112819,64.26
20,560,CAREERP,EQ,44840,13733,30.63
20,561,CARERATING,EQ,22588,12271,54.33
20,562,CARTRADE,EQ,383572,236279,61.60
20,563,CARYSIL,EQ,50117,24503,48.89
20,564,CASTROLIND,EQ,58488893,8895956,15.21
20,565,CBAZAAR,SM,16000,8000,50.00
20,566,CCHHL,EQ,12370782,3095904,25.03
20,567,CCL,EQ,129473,89787,69.35
20,568,CDSL,EQ,1546906,492833,31.86
20,569,CEATLTD,EQ,171186,56451,32.98
20,570,CELEBRITY,EQ,227522,125475,55.15
20,571,CELLECOR,SM,90000,69000,76.67
20,572,CELLO,EQ,1425845,595491,41.76
20,573,CELLPOINT,SM,32400,28800,88.89
20,574,CENTENKA,EQ,94029,57315,60.95
20,575,CENTEXT,EQ,879753,577646,65.66
20,576,CENTRALBK,EQ,4636050,1860365,40.13
20,577,CENTRUM,EQ,485382,272703,56.18
20,578,CENTUM,EQ,35455,24701,69.67
20,579,CENTURYPLY,EQ,117701,48555,41.25
20,580,CENTURYTEX,EQ,123997,42547,34.31
20,581,CERA,EQ,15797,7364,46.62
20,582,CESC,EQ,3345297,1556167,46.52
20,583,CGCL,EQ,194535,109828,56.46
20,584,CGPOWER,EQ,1192287,562579,47.18
20,585,CGRAPHICS,SM,195200,145600,74.59
20,586,CHALET,EQ,219912,179830,81.77
20,587,CHAMBLFERT,EQ,3308605,838299,25.34
20,588,CHAVDA,SM,132000,90000,68.18
20,589,CHEMBOND,EQ,28843,16324,56.60
20,590,CHEMCON,EQ,70973,43392,61.14
20,591,CHEMFAB,EQ,17115,11122,64.98
20,592,CHEMPLASTS,EQ,252863,158312,62.61
20,593,CHENNPETRO,EQ,357037,180696,50.61
20,594,CHEVIOT,EQ,7555,4776,63.22
20,595,CHOICEIN,EQ,323801,88277,27.26
20,596,CHOLAFIN,EQ,434055,186849,43.05
20,597,CHOLAHLDNG,EQ,527517,314089,59.54
20,598,CIEINDIA,EQ,224945,131990,58.68
20,599,CIFC26A,N9,210,180,85.71
20,600,CIGNITITEC,EQ,3485572,3093482,88.75
20,601,CINELINE,EQ,18752,12948,69.05
20,602,CIPLA,EQ,1498413,646227,43.13
20,603,CLEAN,EQ,127160,54925,43.19
20,604,CLEDUCATE,EQ,40209,25165,62.59
20,605,CLOUD,SM,46000,46000,100.00
20,606,CLSEL,EQ,64299,33219,51.66
20,607,CLSL,SM,72000,54000,75.00
20,608,CMMIPL,ST,264000,246000,93.18
20,609,CMNL,SM,168000,150000,89.29
20,610,CMRSL,SM,13600,13600,100.00
20,611,CMSINFO,EQ,402894,247290,61.38
20,612,COALINDIA,EQ,7796954,3260923,41.82
20,613,COASTCORP,EQ,95990,58821,61.28
20,614,COCHINSHIP,EQ,13026739,2446400,18.78
20,615,COFFEEDAY,EQ,3507965,1017057,28.99
20,616,COFORGE,EQ,1117259,492258,44.06
20,617,COLPAL,EQ,168128,79464,47.26
20,618,COMMITTED,SM,73600,57600,78.26
20,619,COMMOIETF,EQ,79361,47069,59.31
20,620,COMPUSOFT,EQ,108255,55059,50.86
20,621,COMSYN,EQ,74117,45137,60.90
20,622,CONCOR,EQ,2949896,1481142,50.21
20,623,CONCORDBIO,EQ,213822,83460,39.03
20,624,CONFIPET,EQ,791745,408836,51.64
20,625,CONS,EQ,3216,3026,94.09
20,626,CONSOFINVT,EQ,30624,17371,56.72
20,627,CONSUMBEES,EQ,116249,86671,74.56
20,628,CONSUMIETF,EQ,12859,8737,67.94
20,629,CONTROLPR,EQ,20442,13004,63.61
20,630,CORALFINAC,EQ,135414,61200,45.19
20,631,COROMANDEL,EQ,154335,51928,33.65
20,632,COSMOFIRST,EQ,163012,95269,58.44
20,633,COUNCODOS,EQ,1022274,535350,52.37
20,634,CPS,ST,600,600,100.00
20,635,CPSEETF,EQ,4006552,2640793,65.91
20,636,CRAFTSMAN,EQ,60543,28925,47.78
20,637,CRAYONS,SM,33000,27000,81.82
20,638,CREATIVE,EQ,447362,137748,30.79
20,639,CREDITACC,EQ,436213,226304,51.88
20,640,CREST,EQ,171924,101903,59.27
20,641,CRISIL,EQ,25199,10895,43.24
20,642,CROMPTON,EQ,956124,306275,32.03
20,643,CSBBANK,EQ,444753,231793,52.12
20,644,CSLFINANCE,EQ,25628,11716,45.72
20,645,CTE,EQ,122429,69866,57.07
20,646,CUB,EQ,5337355,2196826,41.16
20,647,CUMMINSIND,EQ,1127996,460976,40.87
20,648,CYBERTECH,EQ,116661,60886,52.19
20,649,CYIENT,EQ,1295955,923654,71.27
20,650,CYIENTDLM,EQ,305399,181577,59.46
20,651,DABUR,EQ,2277423,1507272,66.18
20,652,DALBHARAT,EQ,452681,279378,61.72
20,653,DALMIASUG,EQ,98112,44808,45.67
20,654,DAMODARIND,EQ,113611,40050,35.25
20,655,DANGEE,EQ,269416,225103,83.55
20,656,DATAMATICS,EQ,1116623,237430,21.26
20,657,DATAPATTNS,EQ,623284,182959,29.35
20,658,DAVANGERE,EQ,92623812,38559248,41.63
20,659,DBCORP,EQ,354247,242217,68.38
20,660,DBL,EQ,665817,218825,32.87
20,661,DBOL,EQ,141198,73560,52.10
20,662,DBREALTY,EQ,2215688,1083289,48.89
20,663,DBSTOCKBRO,EQ,13755,8559,62.22
20,664,DCAL,EQ,356560,187902,52.70
20,665,DCBBANK,EQ,1188433,573829,48.28
20,666,DCG,SM,1113600,526800,47.31
20,667,DCM,EQ,446946,211903,47.41
20,668,DCMNVL,EQ,346837,211708,61.04
20,669,DCMSHRIRAM,EQ,33065,18871,57.07
20,670,DCMSRIND,EQ,117285,62901,53.63
20,671,DCW,EQ,1752605,701211,40.01
20,672,DCXINDIA,EQ,2881389,1056773,36.68
20,673,DECCANCE,EQ,11362,6648,58.51
20,674,DEEDEV,EQ,1016942,487565,47.94
20,675,DEEM,SM,39000,34000,87.18
20,676,DEEPAKFERT,EQ,2883919,879981,30.51
20,677,DEEPAKNTR,EQ,386465,94450,24.44
20,678,DEEPENR,EQ,14547,9491,65.24
20,679,DEEPINDS,EQ,111206,68816,61.88
20,680,DELAPLEX,SM,81600,61800,75.74
20,681,DELHIVERY,EQ,3049295,2531572,83.02
20,682,DELTACORP,EQ,3718950,1530799,41.16
20,683,DELTAMAGNT,EQ,3813,2362,61.95
20,684,DEN,EQ,1535858,744710,48.49
20,685,DENEERS,SM,12000,10800,90.00
20,686,DENORA,EQ,90460,34753,38.42
20,687,DENTALKART,SM,14750,10500,71.19
20,688,DESTINY,ST,3000,3000,100.00
20,689,DEVIT,EQ,299676,145192,48.45
20,690,DEVYANI,EQ,686359,350055,51.00
20,691,DHAMPURSUG,EQ,339190,134550,39.67
20,692,DHANBANK,EQ,771825,596876,77.33
20,693,DHANI,EQ,7926083,2605097,32.87
20,694,DHANUKA,EQ,80629,42154,52.28
20,695,DHARMAJ,EQ,851412,245580,28.84
20,696,DHTL,SM,3200,3200,100.00
20,697,DHUNINV,EQ,3570,2109,59.08
20,698,DIAMINESQ,EQ,98410,38319,38.94
20,699,DIAMONDYD,EQ,18835,11065,58.75
20,700,DICIND,EQ,11748,5637,47.98
20,701,DIGIKORE,SM,94600,69600,73.57
20,702,DIGISPICE,EQ,1583598,840243,53.06
20,703,DIL,EQ,842025,543761,64.58
20,704,DISHTV,EQ,10016875,3551129,35.45
20,705,DIVGIITTS,EQ,34153,15759,46.14
20,706,DIVISLAB,EQ,242990,139639,57.47
20,707,DIVOPPBEES,EQ,60119,44889,74.67
20,708,DIXON,EQ,455066,190108,41.78
20,709,DKEGL,SM,10500,3000,28.57
20,710,DLF,EQ,1817264,715751,39.39
20,711,DLINKINDIA,EQ,1470508,350111,23.81
20,712,DLSL25,NW,2,2,100.00
20,713,DMART,EQ,317759,199042,62.64
20,714,DMCC,EQ,45175,24189,53.55
20,715,DNAMEDIA,EQ,456280,304838,66.81
20,716,DODLA,EQ,495328,207296,41.85
20,717,DOLATALGO,EQ,526875,292413,55.50
20,718,DOLLAR,EQ,74046,47002,63.48
20,719,DOLLEX,SM,12000,8000,66.67
20,720,DOMS,EQ,148509,49993,33.66
20,721,DONEAR,EQ,207543,81893,39.46
20,722,DPABHUSHAN,EQ,17638,7833,44.41
20,723,DPEL,ST,24000,24000,100.00
20,724,DPSCLTD,EQ,764434,483747,63.28
20,725,DPWIRES,EQ,27556,13046,47.34
20,726,DREAMFOLKS,EQ,100242,63681,63.53
20,727,DREDGECORP,EQ,503284,192849,38.32
20,728,DRONE,SM,50000,50000,100.00
20,729,DRREDDY,EQ,348849,126830,36.36
20,730,DRSDILIP,SM,800,800,100.00
20,731,DSSL,EQ,36152,21485,59.43
20,732,DTIL,EQ,8951,7615,85.07
20,733,DTL,ST,660000,619200,93.82
20,734,DUCOL,SM,287200,202400,70.47
20,735,DUGLOBAL,SM,227500,20000,8.79
20,736,DURLAX,ST,1506000,1438000,95.48
20,737,DVL,EQ,56498,25663,45.42
20,738,DWARKESH,EQ,1019478,429080,42.09
20,739,DYCL,EQ,50895,28194,55.40
20,740,DYNAMATECH,EQ,4250,2491,58.61
20,741,DYNAMIC,SM,72000,56000,77.78
20,742,DYNPRO,EQ,86557,36675,42.37
20,743,EASEMYTRIP,EQ,9565673,4936451,51.61
20,744,EBBETF0425,EQ,9149,8179,89.40
20,745,EBBETF0430,EQ,12269,10288,83.85
20,746,EBBETF0431,EQ,11804,9757,82.66
20,747,EBBETF0433,EQ,1595,1224,76.74
20,748,ECLERX,EQ,106289,43704,41.12
20,749,EDELWEISS,EQ,1532203,856025,55.87
20,750,EFACTOR,SM,33600,25600,76.19
20,751,EFORCE,SM,57600,45600,79.17
20,752,EGOLD,EQ,75875,75017,98.87
20,753,EICHERMOT,EQ,313153,169891,54.25
20,754,EIDPARRY,EQ,358030,161502,45.11
20,755,EIFFL,EQ,28891,21635,74.88
20,756,EIHAHOTELS,EQ,28374,17084,60.21
20,757,EIHOTEL,EQ,423717,270172,63.76
20,758,EKC,EQ,4320041,1450119,33.57
20,759,ELDEHSG,EQ,1853,1491,80.46
20,760,ELECON,EQ,165573,80528,48.64
20,761,ELECTCAST,EQ,920047,530354,57.64
20,762,ELGIEQUIP,EQ,106270,49835,46.89
20,763,ELIN,EQ,225702,113139,50.13
20,764,EMAMILTD,EQ,562535,201363,35.80
20,765,EMAMIPAP,EQ,376240,144283,38.35
20,766,EMAMIREAL,EQ,65489,48210,73.62
20,767,EMBASSY,RR,958320,817343,85.29
20,768,EMIL,EQ,310177,187044,60.30
20,769,EMKAYTOOLS,SM,600,600,100.00
20,770,EMMBI,EQ,108398,54233,50.03
20,771,EMMIL,SM,43000,28000,65.12
20,772,EMSLIMITED,EQ,479278,227458,47.46
20,773,EMUDHRA,EQ,130343,57045,43.77
20,774,ENDURANCE,EQ,92557,45166,48.80
20,775,ENERGYDEV,EQ,94531,60812,64.33
20,776,ENFUSE,SM,87600,63600,72.60
20,777,ENGINERSIN,EQ,10340640,3575595,34.58
20,778,ENIL,EQ,180919,69837,38.60
20,779,ENSER,SM,14000,12000,85.71
20,780,ENTERO,EQ,56647,36462,64.37
20,781,EPACK,EQ,796537,461365,57.92
20,782,EPIGRAL,EQ,142633,57533,40.34
20,783,EPL,EQ,2098950,940804,44.82
20,784,EQUAL50ADD,EQ,3921,3333,85.00
20,785,EQUITASBNK,EQ,3357978,2301976,68.55
20,786,ERIS,EQ,101322,60099,59.31
20,787,EROSMEDIA,EQ,469702,317135,67.52
20,788,ESABINDIA,EQ,6066,2688,44.31
20,789,ESAFSFB,EQ,1022442,676970,66.21
20,790,ESCONET,SM,12000,12000,100.00
20,791,ESCORTS,EQ,98914,47431,47.95
20,792,ESFL,SM,14400,9600,66.67
20,793,ESG,EQ,57086,49919,87.45
20,794,ESILVER,EQ,15653,11872,75.84
20,795,ESSARSHPNG,EQ,4811186,1883190,39.14
20,796,ESTER,EQ,327058,159412,48.74
20,797,ETHOSLTD,EQ,21875,9941,45.44
20,798,EUROBOND,SM,48000,31000,64.58
20,799,EUROTEXIND,EQ,4681,3552,75.88
20,800,EVEREADY,EQ,235932,130885,55.48
20,801,EVERESTIND,EQ,7503,3439,45.83
20,802,EXCELINDUS,EQ,16097,9187,57.07
20,803,EXICOM,EQ,1888175,952115,50.43
20,804,EXIDEIND,EQ,2424207,1045453,43.13
20,805,EXPLEOSOL,EQ,17185,9507,55.32
20,806,EXXARO,EQ,45760,33684,73.61
20,807,FACT,EQ,2015054,434896,21.58
20,808,FAIRCHEMOR,EQ,42525,22140,52.06
20,809,FALCONTECH,ST,94800,88800,93.67
20,810,FAZE3Q,EQ,50291,31944,63.52
20,811,FCL,EQ,338067,150218,44.43
20,812,FCSSOFT,EQ,9768266,5168919,52.92
20,813,FDC,EQ,662019,262056,39.58
20,814,FEDERALBNK,EQ,9860769,3270025,33.16
20,815,FEDFINA,EQ,259676,160253,61.71
20,816,FELIX,SM,34500,23500,68.12
20,817,FIBERWEB,EQ,247505,139517,56.37
20,818,FIDEL,SM,23000,20000,86.96
20,819,FIEMIND,EQ,174119,82568,47.42
20,820,FILATEX,EQ,974143,442314,45.41
20,821,FILATFASH,EQ,17456188,9437737,54.07
20,822,FINCABLES,EQ,147534,58390,39.58
20,823,FINEORG,EQ,77560,27415,35.35
20,824,FINIETF,EQ,136805,92666,67.74
20,825,FINOPB,EQ,141454,68331,48.31
20,826,FINPIPE,EQ,461731,247286,53.56
20,827,FIVESTAR,EQ,298346,128249,42.99
20,828,FLAIR,EQ,344411,152251,44.21
20,829,FLUOROCHEM,EQ,90029,46335,51.47
20,830,FMCGIETF,EQ,522412,388250,74.32
20,831,FMGOETZE,EQ,110376,63166,57.23
20,832,FMNL,EQ,238982,120187,50.29
20,833,FOCE,SM,14000,14000,100.00
20,834,FOCUS,EQ,452087,228358,50.51
20,835,FONEBOX,SM,45000,36000,80.00
20,836,FOODSIN,EQ,301791,181371,60.10
20,837,FORCEMOT,EQ,23148,15272,65.98
20,838,FORTIS,EQ,5684718,4579546,80.56
20,839,FOSECOIND,EQ,2593,1424,54.92
20,840,FROG,SM,228800,109200,47.73
20,841,FSL,EQ,10384463,3819406,36.78
20,842,FUSION,EQ,114510,70353,61.44
20,843,GABRIEL,EQ,949401,250236,26.36
20,844,GAEL,EQ,4142314,1853867,44.75
20,845,GAIL,EQ,15067769,7949720,52.76
20,846,GALAXYSURF,EQ,203705,82048,40.28
20,847,GANDHAR,EQ,393968,173571,44.06
20,848,GANDHITUBE,EQ,5672,2912,51.34
20,849,GANECOS,EQ,22929,11472,50.03
20,850,GANESHBE,EQ,222578,137658,61.85
20,851,GANESHHOUC,EQ,98410,44917,45.64
20,852,GANGESSECU,EQ,23292,14657,62.93
20,853,GARFIBRES,EQ,7169,3173,44.26
20,854,GATEWAY,EQ,438576,207529,47.32
20,855,GEECEE,EQ,17276,8473,49.04
20,856,GEEKAYWIRE,EQ,94382,52679,55.81
20,857,GENCON,EQ,109494,56003,51.15
20,858,GENESYS,EQ,221936,130450,58.78
20,859,GENSOL,EQ,131185,86367,65.84
20,860,GENUSPAPER,EQ,876089,342357,39.08
20,861,GENUSPOWER,EQ,2060397,1180499,57.29
20,862,GEOJITFSL,EQ,1268951,611669,48.20
20,863,GEPIL,EQ,4063359,867658,21.35
20,864,GESHIP,EQ,1053547,307002,29.14
20,865,GFLLIMITED,EQ,100408,57137,56.90
20,866,GHCL,EQ,188015,76995,40.95
20,867,GHCLTEXTIL,EQ,1098845,568713,51.76
20,868,GICHSGFIN,EQ,584213,274754,47.03
20,869,GICL,SM,132000,30000,22.73
20,870,GICRE,EQ,1620511,518904,32.02
20,871,GILLANDERS,EQ,88499,32951,37.23
20,872,GILLETTE,EQ,12179,7550,61.99
20,873,GILT5YBEES,EQ,780432,754137,96.63
20,874,GINNIFILA,EQ,117984,65159,55.23
20,875,GIPCL,EQ,518093,321253,62.01
20,876,GIRIRAJ,ST,8500,8500,100.00
20,877,GLAND,EQ,172326,123981,71.95
20,878,GLAXO,EQ,122152,55807,45.69
20,879,GLENMARK,EQ,712608,299566,42.04
20,880,GLOBALPET,SM,9000,9000,100.00
20,881,GLOBE,EQ,9432158,6726490,71.31
20,882,GLOBUSSPR,EQ,185180,93248,50.36
20,883,GLOSTERLTD,EQ,2583,1770,68.52
20,884,GLS,EQ,95871,43171,45.03
20,885,GMBREW,EQ,1167923,178453,15.28
20,886,GMDCLTD,EQ,2640084,814292,30.84
20,887,GMMPFAUDLR,EQ,136449,92978,68.14
20,888,GMRINFRA,EQ,13921325,6294437,45.21
20,889,GMRP&UI,EQ,7060393,5236249,74.16
20,890,GNA,EQ,287522,129785,45.14
20,891,GNFC,EQ,2334212,701324,30.05
20,892,GOACARBON,EQ,28004,10568,37.74
20,893,GOCLCORP,EQ,227291,106274,46.76
20,894,GOCOLORS,EQ,23655,13136,55.53
20,895,GODFRYPHLP,EQ,123724,40739,32.93
20,896,GODHA,EQ,68750607,36553741,53.17
20,897,GODIGIT,EQ,301041,237705,78.96
20,898,GODREJAGRO,EQ,675572,242092,35.84
20,899,GODREJCP,EQ,360720,188974,52.39
20,900,GODREJIND,EQ,1027998,878939,85.50
20,901,GODREJPROP,EQ,325112,87150,26.81
20,902,GOKEX,EQ,312373,173536,55.55
20,903,GOKULAGRO,EQ,273947,119068,43.46
20,904,GOLD1,EQ,263708,206149,78.17
20,905,GOLDBEES,EQ,5671881,4092325,72.15
20,906,GOLDCASE,EQ,227822,203927,89.51
20,907,GOLDETF,EQ,89187,67971,76.21
20,908,GOLDETFADD,EQ,13412,12964,96.66
20,909,GOLDIAM,EQ,3088237,1247649,40.40
20,910,GOLDIETF,EQ,480804,348618,72.51
20,911,GOLDSHARE,EQ,145973,135513,92.83
20,912,GOLDSTAR,SM,56250,56250,100.00
20,913,GOLDTECH,EQ,176227,70869,40.21
20,914,GOODLUCK,EQ,373841,201116,53.80
20,915,GOPAL,EQ,134951,82022,60.78
20,916,GOYALSALT,SM,21000,18600,88.57
20,917,GPECO,ST,283200,265200,93.64
20,918,GPIL,EQ,145852,60895,41.75
20,919,GPPL,EQ,17243682,5044990,29.26
20,920,GPTHEALTH,EQ,500633,271806,54.29
20,921,GRANULES,EQ,3017754,729346,24.17
20,922,GRAPHISAD,SM,26400,21600,81.82
20,923,GRAPHITE,EQ,736182,261218,35.48
20,924,GRASIM,EQ,446631,230583,51.63
20,925,GRAVITA,EQ,104852,73522,70.12
20,926,GRCL,SM,500,500,100.00
20,927,GREAVESCOT,EQ,17258240,5189854,30.07
20,928,GREENCHEF,SM,40800,34400,84.31
20,929,GREENLAM,EQ,20004,10646,53.22
20,930,GREENPANEL,EQ,270697,130826,48.33
20,931,GREENPLY,EQ,185325,99873,53.89
20,932,GREENPOWER,EQ,3985309,2621898,65.79
20,933,GRINDWELL,EQ,66050,49831,75.44
20,934,GRINFRA,EQ,52609,21954,41.73
20,935,GRMOVER,EQ,884006,295353,33.41
20,936,GROBTEA,EQ,1076,670,62.27
20,937,GRPLTD,EQ,2394,1175,49.08
20,938,GRSE,EQ,10822653,1841774,17.02
20,939,GRWRHITECH,EQ,92003,50235,54.60
20,940,GSEC10IETF,EQ,3164,3164,100.00
20,941,GSEC10YEAR,EQ,25802,19553,75.78
20,942,GSEC5IETF,EQ,18006,17902,99.42
20,943,GSFC,EQ,5070624,1451387,28.62
20,944,GSLSU,EQ,103094,48647,47.19
20,945,GSMFOILS,ST,44000,44000,100.00
20,946,GSPL,EQ,1200619,669058,55.73
20,947,GSTL,SM,22000,20000,90.91
20,948,GTLINFRA,EQ,352858768,145237017,41.16
20,949,GTPL,EQ,64324,35032,54.46
20,950,GUFICBIO,EQ,248261,104960,42.28
20,951,GUJALKALI,EQ,59377,23295,39.23
20,952,GUJAPOLLO,EQ,7632,5281,69.20
20,953,GUJGASLTD,EQ,816689,196157,24.02
20,954,GUJRAFFIA,EQ,12214,3967,32.48
20,955,GULFOILLUB,EQ,410511,142470,34.71
20,956,GULFPETRO,EQ,371098,187787,50.60
20,957,GULPOLY,EQ,964086,370190,38.40
20,958,GVKPIL,EQ,2653147,2018666,76.09
20,959,GVPTECH,EQ,55282,47920,86.68
20,960,HAL,EQ,3743401,1323620,35.36
20,961,HAPPSTMNDS,EQ,1313065,555881,42.33
20,962,HAPPYFORGE,EQ,62716,39699,63.30
20,963,HARDWYN,EQ,133364,62231,46.66
20,964,HARIOMPIPE,EQ,46324,21677,46.79
20,965,HARRMALAYA,EQ,193094,80057,41.46
20,966,HARSHA,EQ,247429,103402,41.79
20,967,HATHWAY,EQ,6677218,2931559,43.90
20,968,HATSUN,EQ,30300,13869,45.77
20,969,HAVELLS,EQ,738610,357116,48.35
20,970,HAVISHA,EQ,140775,101674,72.22
20,971,HBLPOWER,EQ,2791538,1312096,47.00
20,972,HBSL,EQ,140723,75443,53.61
20,973,HCC,EQ,21921656,8731910,39.83
20,974,HCG,EQ,195562,129880,66.41
20,975,HCLTECH,EQ,6822557,3657188,53.60
20,976,HDFCAMC,EQ,423932,179842,42.42
20,977,HDFCBANK,EQ,22924329,15488873,67.57
20,978,HDFCBSE500,EQ,30397,21669,71.29
20,979,HDFCGOLD,EQ,1022773,743906,72.73
20,980,HDFCGROWTH,EQ,17993,11825,65.72
20,981,HDFCLIFE,EQ,5028421,2331196,46.36
20,982,HDFCLIQUID,EQ,2182,1207,55.32
20,983,HDFCLOWVOL,EQ,58496,45054,77.02
20,984,HDFCMID150,EQ,176226,120263,68.24
20,985,HDFCMOMENT,EQ,322848,263294,81.55
20,986,HDFCNEXT50,EQ,180095,84055,46.67
20,987,HDFCNIF100,EQ,151958,128306,84.44
20,988,HDFCNIFBAN,EQ,44073,39490,89.60
20,989,HDFCNIFIT,EQ,56972,43909,77.07
20,990,HDFCNIFTY,EQ,28559,25733,90.10
20,991,HDFCPSUBK,EQ,64144,58968,91.93
20,992,HDFCPVTBAN,EQ,41687,28202,67.65
20,993,HDFCQUAL,EQ,7953,5966,75.02
20,994,HDFCSENSEX,EQ,30105,21542,71.56
20,995,HDFCSILVER,EQ,212162,146305,68.96
20,996,HDFCSML250,EQ,361068,235251,65.15
20,997,HDFCVALUE,EQ,10485,6248,59.59
20,998,HEALTHADD,EQ,2347,2063,87.90
20,999,HEALTHIETF,EQ,97851,50376,51.48
20,1000,HEALTHY,EQ,739749,599407,81.03
20,1001,HEG,EQ,138014,44068,31.93
20,1002,HEIDELBERG,EQ,570014,317415,55.69
20,1003,HEMIPROP,EQ,523075,299332,57.23
20,1004,HERANBA,EQ,98833,54445,55.09
20,1005,HERCULES,EQ,37225,21650,58.16
20,1006,HERITGFOOD,EQ,545569,319076,58.48
20,1007,HEROMOTOCO,EQ,676316,447904,66.23
20,1008,HESTERBIO,EQ,24598,12200,49.60
20,1009,HEUBACHIND,EQ,47755,21984,46.03
20,1010,HEXATRADEX,EQ,140791,50805,36.09
20,1011,HFCL,EQ,81231538,21499701,26.47
20,1012,HGINFRA,EQ,218759,65911,30.13
20,1013,HGS,EQ,139043,117511,84.51
20,1014,HIGREEN,SM,60000,45600,76.00
20,1015,HIKAL,EQ,331643,137779,41.54
20,1016,HIL,EQ,6501,3769,57.98
20,1017,HILTON,EQ,1049811,363301,34.61
20,1018,HIMATSEIDE,EQ,212090,118094,55.68
20,1019,HINDALCO,EQ,5924057,2661161,44.92
20,1020,HINDCOMPOS,EQ,23274,14661,62.99
20,1021,HINDCOPPER,EQ,4884103,2199304,45.03
20,1022,HINDMOTORS,EQ,1589783,831361,52.29
20,1023,HINDOILEXP,EQ,3049056,1036189,33.98
20,1024,HINDPETRO,EQ,3575516,1706516,47.73
20,1025,HINDUNILVR,EQ,1977010,1078381,54.55
20,1026,HINDWAREAP,EQ,562942,260387,46.25
20,1027,HINDZINC,EQ,1496295,838225,56.02
20,1028,HIRECT,EQ,25371,13806,54.42
20,1029,HISARMETAL,EQ,35877,17991,50.15
20,1030,HITECH,EQ,3726615,1643497,44.10
20,1031,HITECHCORP,EQ,25800,19045,73.82
20,1032,HLEGLAS,EQ,84237,47041,55.84
20,1033,HMAAGRO,EQ,262761,161976,61.64
20,1034,HMVL,EQ,165182,80462,48.71
20,1035,HNDFDS,EQ,694960,236107,33.97
20,1036,HNGSNGBEES,EQ,46000,33942,73.79
20,1037,HOACFOODS,SM,24000,21000,87.50
20,1038,HOLMARC,SM,10500,6000,57.14
20,1039,HOMEFIRST,EQ,242931,115065,47.37
20,1040,HOMESFY,ST,7500,7200,96.00
20,1041,HONASA,EQ,7481624,1346175,17.99
20,1042,HONAUT,EQ,22289,4142,18.58
20,1043,HONDAPOWER,EQ,92959,36000,38.73
20,1044,HPAL,EQ,215895,110824,51.33
20,1045,HPIL,EQ,72769,24332,33.44
20,1046,HPL,EQ,347128,157675,45.42
20,1047,HRHNEXT,SM,111000,105000,94.59
20,1048,HSCL,EQ,667226,430359,64.50
20,1049,HTMEDIA,EQ,629560,355525,56.47
20,1050,HUDCO,EQ,90297808,14606522,16.18
20,1051,HUHTAMAKI,EQ,680039,283440,41.68
20,1052,HYBRIDFIN,EQ,27933,22032,78.87
20,1053,IBHF24,ZD,50,50,100.00
20,1054,IBHF25,Y6,1,1,100.00
20,1055,IBHFZC25B,AT,50,50,100.00
20,1056,IBLFL,SM,16000,8000,50.00
20,1057,IBREALEST,EQ,8940760,3542440,39.62
20,1058,IBULHSGFIN,EQ,6415202,2351964,36.66
20,1059,IBULPP,E1,1385233,1047268,75.60
20,1060,ICEMAKE,EQ,26097,17225,66.00
20,1061,ICICIB22,EQ,1001463,600518,59.96
20,1062,ICICIBANK,EQ,15275791,8814442,57.70
20,1063,ICICIGI,EQ,404757,239367,59.14
20,1064,ICICIPRULI,EQ,1524230,611774,40.14
20,1065,ICIL,EQ,390570,229569,58.78
20,1066,ICRA,EQ,2882,1356,47.05
20,1067,IDBI,EQ,3056621,1274149,41.68
20,1068,IDEA,EQ,644674371,183281413,28.43
20,1069,IDEAFORGE,EQ,1619254,569061,35.14
20,1070,IDFC,EQ,4881277,1728843,35.42
20,1071,IDFCFIRSTB,EQ,27153022,9763448,35.96
20,1072,IDFNIFTYET,EQ,2806,684,24.38
20,1073,IEL,EQ,289967,247927,85.50
20,1074,IEML,SM,42000,31000,73.81
20,1075,IEX,EQ,9952987,2948935,29.63
20,1076,IFBAGRO,EQ,394460,125487,31.81
20,1077,IFBIND,EQ,48832,22621,46.32
20,1078,IFCI,EQ,15967234,5350542,33.51
20,1079,IFGLEXPOR,EQ,17154,6946,40.49
20,1080,IGARASHI,EQ,47213,23240,49.22
20,1081,IGL,EQ,1207548,497862,41.23
20,1082,IGPL,EQ,63913,35955,56.26
20,1083,IIFL,EQ,1811008,580128,32.03
20,1084,IIFLHF29,NE,172,0,0.00
20,1085,IIFLSEC,EQ,693961,329436,47.47
20,1086,IIFLZC25,ND,30,30,100.00
20,1087,IIFLZC25A,NP,158,158,100.00
20,1088,IIFLZC25B,NW,36,36,100.00
20,1089,IIFLZC25C,N8,100,100,100.00
20,1090,IIFLZC26A,NR,254,20,7.87
20,1091,IIFLZC26B,NY,100,100,100.00
20,1092,IIFLZC28,NG,196,196,100.00
20,1093,IIFLZC28A,NU,4,4,100.00
20,1094,IIFLZC28C,N6,100,100,100.00
20,1095,IITL,EQ,16271,14339,88.13
20,1096,IKIO,EQ,100263,50221,50.09
20,1097,IMAGICAA,EQ,1171313,673503,57.50
20,1098,IMC1,N0,139,139,100.00
20,1099,IMC1,N3,131,131,100.00
20,1100,IMFA,EQ,55013,37885,68.87
20,1101,IMPAL,EQ,4249,2190,51.54
20,1102,INCREDIBLE,EQ,18835,6671,35.42
20,1103,INDBANK,EQ,161707,89860,55.57
20,1104,INDGN,EQ,641060,366979,57.25
20,1105,INDHOTEL,EQ,5063028,2360750,46.63
20,1106,INDIACEM,EQ,4492376,1653787,36.81
20,1107,INDIAGLYCO,EQ,133537,59785,44.77
20,1108,INDIAMART,EQ,80525,32966,40.94
20,1109,INDIANB,EQ,771114,400449,51.93
20,1110,INDIANCARD,EQ,8388,4170,49.71
20,1111,INDIANHUME,EQ,119851,48053,40.09
20,1112,INDIASHLTR,EQ,67514,34627,51.29
20,1113,INDIFRA,SM,6000,6000,100.00
20,1114,INDIGO,EQ,669475,413715,61.80
20,1115,INDIGOPNTS,EQ,33087,17485,52.85
20,1116,INDIGRID,IV,370730,348203,93.92
20,1117,INDNIPPON,EQ,24351,11334,46.54
20,1118,INDOAMIN,EQ,145356,82128,56.50
20,1119,INDOBORAX,EQ,250664,116939,46.65
20,1120,INDOCO,EQ,76972,44083,57.27
20,1121,INDORAMA,EQ,264532,146428,55.35
20,1122,INDOSTAR,EQ,111036,59583,53.66
20,1123,INDOTHAI,EQ,4244,2820,66.45
20,1124,INDOWIND,EQ,5456566,2380141,43.62
20,1125,INDRAMEDCO,EQ,98142,67859,69.14
20,1126,INDSWFTLAB,EQ,822194,482054,58.63
20,1127,INDTERRAIN,EQ,161346,94142,58.35
20,1128,INDUSINDBK,EQ,3010077,1449963,48.17
20,1129,INDUSTOWER,EQ,27983391,11271661,40.28
20,1130,INFIBEAM,EQ,8883194,4073430,45.86
20,1131,INFINIUM,SM,46000,27500,59.78
20,1132,INFOBEAN,EQ,36687,22173,60.44
20,1133,INFOLLION,SM,180800,120000,66.37
20,1134,INFRABEES,EQ,22069,14388,65.20
20,1135,INFRAIETF,EQ,218654,135916,62.16
20,1136,INFY,EQ,8008311,5065095,63.25
20,1137,INGERRAND,EQ,114032,107634,94.39
20,1138,INM,SM,5400,5400,100.00
20,1139,INNOVACAP,EQ,50971,24749,48.56
20,1140,INNOVANA,SM,2200,2200,100.00
20,1141,INOXGREEN,EQ,3488575,1488642,42.67
20,1142,INOXINDIA,EQ,232362,96328,41.46
20,1143,INOXWIND,EQ,84355526,15876972,18.82
20,1144,INSECTICID,EQ,45063,34653,76.90
20,1145,INSPIRE,SM,10000,10000,100.00
20,1146,INTELLECT,EQ,179691,52282,29.10
20,1147,INTENTECH,EQ,589985,225245,38.18
20,1148,INTLCONV,EQ,185742,92435,49.77
20,1149,INVENTURE,EQ,6412284,4040768,63.02
20,1150,IOB,EQ,6053776,2302694,38.04
20,1151,IOC,EQ,26156046,15659967,59.87
20,1152,IOLCP,EQ,314109,148526,47.28
20,1153,IONEXCHANG,EQ,636788,280945,44.12
20,1154,IPCALAB,EQ,734508,413206,56.26
20,1155,IPL,EQ,309601,166100,53.65
20,1156,IRB,EQ,79104545,34441866,43.54
20,1157,IRBINVIT,IV,288135,235181,81.62
20,1158,IRCON,EQ,11850880,4020543,33.93
20,1159,IRCTC,EQ,1498265,572693,38.22
20,1160,IREDA,EQ,68381930,20043694,29.31
20,1161,IRFC,EQ,35385014,14680207,41.49
20,1162,IRISDOREME,EQ,1270698,250900,19.75
20,1163,IRMENERGY,EQ,92787,54730,58.98
20,1164,ISEC,EQ,683134,466756,68.33
20,1165,ISFT,EQ,386939,190187,49.15
20,1166,ISGEC,EQ,208051,92364,44.39
20,1167,ISHAN,SM,96000,96000,100.00
20,1168,ISMTLTD,EQ,1230789,472033,38.35
20,1169,IT,EQ,359008,326240,90.87
20,1170,ITALIANE,SM,82000,56000,68.29
20,1171,ITBEES,EQ,13076472,10134024,77.50
20,1172,ITC,EQ,9127340,5139172,56.31
20,1173,ITDC,EQ,285644,61856,21.65
20,1174,ITDCEM,EQ,9219358,3408532,36.97
20,1175,ITETF,EQ,268964,206056,76.61
20,1176,ITETFADD,EQ,64562,56938,88.19
20,1177,ITI,EQ,852498,271651,31.87
20,1178,ITIETF,EQ,958848,672311,70.12
20,1179,IVC,EQ,878373,497891,56.68
20,1180,IVP,EQ,12883,10219,79.32
20,1181,IVZINGOLD,EQ,132,92,69.70
20,1182,IVZINNIFTY,EQ,4,4,100.00
20,1183,IWEL,EQ,40615,26541,65.35
20,1184,IXIGO,EQ,4571493,1959149,42.86
20,1185,IZMO,EQ,424596,201565,47.47
20,1186,JAGRAN,EQ,223221,137813,61.74
20,1187,JAGSNPHARM,EQ,31942,17665,55.30
20,1188,JAICORPLTD,EQ,3238436,542155,16.74
20,1189,JAINAM,SM,47000,44000,93.62
20,1190,JALAN,SM,237000,174000,73.42
20,1191,JAMNAAUTO,EQ,2734040,1076469,39.37
20,1192,JASH,EQ,23569,15694,66.59
20,1193,JAYAGROGN,EQ,56153,30943,55.10
20,1194,JAYBARMARU,EQ,108515,69126,63.70
20,1195,JAYNECOIND,EQ,256122,153148,59.79
20,1196,JAYSREETEA,EQ,223864,115932,51.79
20,1197,JBCHEPHARM,EQ,90788,49074,54.05
20,1198,JBMA,EQ,163588,56158,34.33
20,1199,JCHAC,EQ,43265,21953,50.74
20,1200,JETFREIGHT,EQ,277602,149835,53.97
20,1201,JFLLIFE,SM,112000,90000,80.36
20,1202,JGCHEM,EQ,302884,158811,52.43
20,1203,JINDALPHOT,EQ,40568,21453,52.88
20,1204,JINDALPOLY,EQ,239460,112935,47.16
20,1205,JINDALSAW,EQ,544355,245525,45.10
20,1206,JINDALSTEL,EQ,885590,374854,42.33
20,1207,JINDRILL,EQ,28668,16949,59.12
20,1208,JINDWORLD,EQ,40133,21035,52.41
20,1209,JIOFIN,EQ,11944846,6060707,50.74
20,1210,JISLDVREQS,EQ,149341,55666,37.27
20,1211,JISLJALEQS,EQ,5472846,2478529,45.29
20,1212,JITFINFRA,EQ,16965,11473,67.63
20,1213,JIWANRAM,SM,66000,42000,63.64
20,1214,J&KBANK,EQ,2527071,1410062,55.80
20,1215,JKCEMENT,EQ,159601,46054,28.86
20,1216,JKIL,EQ,441039,162236,36.78
20,1217,JKLAKSHMI,EQ,223037,107879,48.37
20,1218,JKPAPER,EQ,1464218,487575,33.30
20,1219,JKTYRE,EQ,2319213,1018374,43.91
20,1220,JLHL,EQ,29070,16883,58.08
20,1221,JMA,EQ,12152,6783,55.82
20,1222,JMFINANCIL,EQ,3023685,1721140,56.92
20,1223,JNKINDIA,EQ,367613,162666,44.25
20,1224,JOCIL,EQ,8966,5706,63.64
20,1225,JPOLYINVST,EQ,20476,7541,36.83
20,1226,JPPOWER,EQ,37332968,29558838,79.18
20,1227,JSFB,EQ,434240,306765,70.64
20,1228,JSL,EQ,587820,365144,62.12
20,1229,JSLL,ST,23400,22320,95.38
20,1230,JSWENERGY,EQ,1864598,1018574,54.63
20,1231,JSWHL,EQ,7810,3381,43.29
20,1232,JSWINFRA,EQ,3685353,1776460,48.20
20,1233,JSWSTEEL,EQ,1384884,450106,32.50
20,1234,JTEKTINDIA,EQ,568067,227495,40.05
20,1235,JTLIND,EQ,468068,288896,61.72
20,1236,JUBLFOOD,EQ,1143614,556054,48.62
20,1237,JUBLINDS,EQ,15001,7551,50.34
20,1238,JUBLINGREA,EQ,456936,255223,55.86
20,1239,JUBLPHARMA,EQ,171636,79300,46.20
20,1240,JUNIORBEES,EQ,231721,139656,60.27
20,1241,JUNIPER,EQ,503914,92544,18.37
20,1242,JUSTDIAL,EQ,149220,56556,37.90
20,1243,JWL,EQ,4360589,1943391,44.57
20,1244,JYOTHYLAB,EQ,620509,230934,37.22
20,1245,JYOTICNC,EQ,125698,79231,63.03
20,1246,K2INFRA,SM,231600,142800,61.66
20,1247,KABRAEXTRU,EQ,64530,41161,63.79
20,1248,KAJARIACER,EQ,323031,218646,67.69
20,1249,KAKATCEM,EQ,30430,21601,70.99
20,1250,KALAMANDIR,EQ,493882,258757,52.39
20,1251,KALYANKJIL,EQ,820820,440289,53.64
20,1252,KAMATHOTEL,EQ,65265,37545,57.53
20,1253,KAMDHENU,EQ,379174,90764,23.94
20,1254,KAMOPAINTS,EQ,3887699,2412820,62.06
20,1255,KANANIIND,EQ,2024494,1444186,71.34
20,1256,KANDARP,SM,44000,40000,90.91
20,1257,KANORICHEM,EQ,44913,22291,49.63
20,1258,KANPRPLA,EQ,26877,16677,62.05
20,1259,KANSAINER,EQ,897659,546539,60.88
20,1260,KARMAENG,EQ,35713,25560,71.57
20,1261,KARNIKA,SM,103200,56400,54.65
20,1262,KARURVYSYA,EQ,1008134,502508,49.85
20,1263,KAUSHALYA,EQ,2856,1788,62.61
20,1264,KAYA,EQ,40585,40585,100.00
20,1265,KAYNES,EQ,111778,44675,39.97
20,1266,KBCGLOBAL,EQ,46389782,17662641,38.07
20,1267,KCEIL,SM,604500,327000,54.09
20,1268,KCK,ST,16000,14000,87.50
20,1269,KCP,EQ,1270923,543329,42.75
20,1270,KCPSUGIND,EQ,623670,257343,41.26
20,1271,KDDL,EQ,8084,4154,51.39
20,1272,KDL,SM,21900,14100,64.38
20,1273,KEC,EQ,1207749,416952,34.52
20,1274,KECL,EQ,1100753,501917,45.60
20,1275,KEI,EQ,279099,123274,44.17
20,1276,KEL,SM,12000,12000,100.00
20,1277,KELLTONTEC,EQ,2050017,782176,38.15
20,1278,KERNEX,EQ,163363,99077,60.65
20,1279,KESORAMIND,EQ,299440,149629,49.97
20,1280,KFINTECH,EQ,424236,211589,49.88
20,1281,KHADIM,EQ,29596,17942,60.62
20,1282,KHAICHEM,EQ,634652,234648,36.97
20,1283,KHAITANLTD,EQ,12253,4384,35.78
20,1284,KHANDSE,EQ,39705,5291,13.33
20,1285,KHFM,SM,52700,21700,41.18
20,1286,KICL,EQ,7257,3344,46.08
20,1287,KILITCH,EQ,15845,8545,53.93
20,1288,KIMS,EQ,65355,32296,49.42
20,1289,KINGFA,EQ,423505,59141,13.96
20,1290,KIOCL,EQ,879850,246010,27.96
20,1291,KIRIINDUS,EQ,111344,59130,53.11
20,1292,KIRLOSBROS,EQ,112194,72726,64.82
20,1293,KIRLOSENG,EQ,331536,292791,88.31
20,1294,KIRLOSIND,EQ,3056,1697,55.53
20,1295,KIRLPNU,EQ,153996,95614,62.09
20,1296,KITEX,EQ,166461,68012,40.86
20,1297,KKCL,EQ,56119,29858,53.20
20,1298,KLL,SM,60800,41600,68.42
20,1299,KNAGRI,SM,528800,289600,54.77
20,1300,KNRCON,EQ,1994443,729858,36.59
20,1301,KODYTECH,SM,19300,13100,67.88
20,1302,KOHINOOR,EQ,176959,97339,55.01
20,1303,KOKUYOCMLN,EQ,144407,62505,43.28
20,1304,KOLTEPATIL,EQ,134300,68999,51.38
20,1305,KONSTELEC,SM,43000,41000,95.35
20,1306,KONTOR,SM,18000,15600,86.67
20,1307,KOPRAN,EQ,173894,92331,53.10
20,1308,KORE,SM,108500,73000,67.28
20,1309,KOTAKBANK,EQ,5068893,3352862,66.15
20,1310,KOTARISUG,EQ,202393,75701,37.40
20,1311,KOTHARIPET,EQ,1171820,500407,42.70
20,1312,KOTHARIPRO,EQ,600198,220083,36.67
20,1313,KOTYARK,SM,20900,16300,77.99
20,1314,KPIGREEN,EQ,137763,87012,63.16
20,1315,KPIL,EQ,353152,213379,60.42
20,1316,KPITTECH,EQ,1335556,532227,39.85
20,1317,KPRMILL,EQ,258511,127454,49.30
20,1318,KRBL,EQ,2850996,1475510,51.75
20,1319,KREBSBIO,EQ,20795,13402,64.45
20,1320,KRISHANA,EQ,50791,23886,47.03
20,1321,KRISHCA,SM,263500,167000,63.38
20,1322,KRISHIVAL,SM,7000,6500,92.86
20,1323,KRISHNADEF,SM,424500,213000,50.18
20,1324,KRITI,EQ,81143,50451,62.18
20,1325,KRITIKA,EQ,1166807,915104,78.43
20,1326,KRITINUT,EQ,22211,13317,59.96
20,1327,KRONOX,EQ,230492,148840,64.57
20,1328,KRSNAA,EQ,658803,205917,31.26
20,1329,KRYSTAL,EQ,121673,61830,50.82
20,1330,KSB,EQ,56712,26855,47.35
20,1331,KSCL,EQ,60480,35344,58.44
20,1332,KSL,EQ,112691,46612,41.36
20,1333,KSOLVES,EQ,24074,14311,59.45
20,1334,KTKBANK,EQ,834022,456341,54.72
20,1335,KTL,SM,114000,87000,76.32
20,1336,KUANTUM,EQ,274493,138524,50.47
20,1337,LAL,EQ,109642,80110,73.07
20,1338,LALPATHLAB,EQ,425478,186829,43.91
20,1339,LAMBODHARA,EQ,39162,21382,54.60
20,1340,LANCORHOL,EQ,221033,158607,71.76
20,1341,LANDMARK,EQ,50641,33727,66.60
20,1342,LAOPALA,EQ,535758,244125,45.57
20,1343,LASA,EQ,166970,105430,63.14
20,1344,LAURUSLABS,EQ,6529514,1821593,27.90
20,1345,LAWSIKHO,SM,77000,56500,73.38
20,1346,LAXMICOT,EQ,56527,39368,69.64
20,1347,LAXMIMACH,EQ,3128,1638,52.37
20,1348,LEMERITE,SM,48000,19200,40.00
20,1349,LEMONTREE,EQ,1529173,755210,49.39
20,1350,LEXUS,EQ,43425,23821,54.86
20,1351,LFIC,EQ,4893,2836,57.96
20,1352,LGBBROSLTD,EQ,28924,13995,48.39
20,1353,LIBAS,EQ,87554,67125,76.67
20,1354,LIBERTSHOE,EQ,108679,49681,45.71
20,1355,LICHSGFIN,EQ,1270061,531461,41.85
20,1356,LICI,EQ,3904568,1433449,36.71
20,1357,LICMFGOLD,EQ,210,180,85.71
20,1358,LICNETFGSC,EQ,72502,58629,80.87
20,1359,LICNETFN50,EQ,2578,845,32.78
20,1360,LICNETFSEN,EQ,88,53,60.23
20,1361,LICNFNHGP,EQ,4300,2710,63.02
20,1362,LICNMID100,EQ,11516,7676,66.66
20,1363,LIKHITHA,EQ,129187,69319,53.66
20,1364,LINC,EQ,138837,53041,38.20
20,1365,LINCOLN,EQ,51042,26321,51.57
20,1366,LINDEINDIA,EQ,326422,95858,29.37
20,1367,LIQUID,EQ,624648,589545,94.38
20,1368,LIQUID1,EQ,15760,15725,99.78
20,1369,LIQUIDADD,EQ,345688,278465,80.55
20,1370,LIQUIDBEES,EQ,7984988,7669356,96.05
20,1371,LIQUIDBETF,EQ,15686,7557,48.18
20,1372,LIQUIDCASE,EQ,6061320,5980696,98.67
20,1373,LIQUIDETF,EQ,928886,798864,86.00
20,1374,LIQUIDIETF,EQ,1475864,1178357,79.84
20,1375,LIQUIDSBI,EQ,30953,27047,87.38
20,1376,LLOYDS,SM,27000,19000,70.37
20,1377,LLOYDSENGG,EQ,12563077,4655190,37.05
20,1378,LLOYDSME,EQ,4230308,1758780,41.58
20,1379,LODHA,EQ,358693,188673,52.60
20,1380,LOTUSEYE,EQ,23685,15970,67.43
20,1381,LOVABLE,EQ,49020,25773,52.58
20,1382,LOWVOL,EQ,1781,1720,96.57
20,1383,LOWVOL1,EQ,454062,443483,97.67
20,1384,LOWVOLIETF,EQ,1110067,950660,85.64
20,1385,LOYALTEX,EQ,7709,6323,82.02
20,1386,LPDC,EQ,805103,637876,79.23
20,1387,LRRPL,SM,90000,48000,53.33
20,1388,LT,EQ,1851947,964141,52.06
20,1389,LTF,EQ,13615915,4815494,35.37
20,1390,LTFOODS,EQ,518920,260306,50.16
20,1391,LTGILTBEES,EQ,1789249,1357430,75.87
20,1392,LTIM,EQ,255625,126083,49.32
20,1393,LTTS,EQ,124256,45925,36.96
20,1394,LUMAXIND,EQ,21329,16517,77.44
20,1395,LUMAXTECH,EQ,182520,111834,61.27
20,1396,LUPIN,EQ,7086148,2409901,34.01
20,1397,LUXIND,EQ,84724,41654,49.16
20,1398,LXCHEM,EQ,1286222,536398,41.70
20,1399,LYKALABS,EQ,33922,18690,55.10
20,1400,LYPSAGEMS,EQ,149626,107186,71.64
20,1401,MAANALU,EQ,127502,99823,78.29
20,1402,MADHAVBAUG,SM,4800,4800,100.00
20,1403,MADHUSUDAN,SM,104000,72000,69.23
20,1404,MADRASFERT,EQ,2541530,414258,16.30
20,1405,MAFANG,EQ,788035,638815,81.06
20,1406,MAGADSUGAR,EQ,20920,6560,31.36
20,1407,MAGNUM,EQ,184487,156753,84.97
20,1408,MAGSON,SM,4000,4000,100.00
20,1409,MAHABANK,EQ,11244425,3521024,31.31
20,1410,MAHAPEXLTD,EQ,165971,47708,28.74
20,1411,MAHASTEEL,EQ,15125,10329,68.29
20,1412,MAHESHWARI,EQ,30226,15364,50.83
20,1413,MAHICKRA,SM,30750,30750,100.00
20,1414,MAHKTECH,EQ,584010,458717,78.55
20,1415,MAHLIFE,EQ,404532,241166,59.62
20,1416,MAHLOG,EQ,354379,175964,49.65
20,1417,MAHSCOOTER,EQ,17488,6588,37.67
20,1418,MAHSEAMLES,EQ,962087,380460,39.55
20,1419,MAITHANALL,EQ,85023,53442,62.86
20,1420,MAITREYA,SM,14400,11200,77.78
20,1421,MAKEINDIA,EQ,61418,49700,80.92
20,1422,MAKS,SM,6000,6000,100.00
20,1423,MAL,SM,9600,6400,66.67
20,1424,MALLCOM,EQ,43400,27901,64.29
20,1425,MANAKALUCO,EQ,97663,61127,62.59
20,1426,MANAKSIA,EQ,60141,32875,54.66
20,1427,MANALIPETC,EQ,739774,325488,44.00
20,1428,MANAPPURAM,EQ,3328690,1388773,41.72
20,1429,MANDEEP,SM,114000,68000,59.65
20,1430,MANGALAM,EQ,70579,43599,61.77
20,1431,MANGCHEFER,EQ,386468,176221,45.60
20,1432,MANGLMCEM,EQ,220642,168636,76.43
20,1433,MANINDS,EQ,387715,221067,57.02
20,1434,MANINFRA,EQ,622838,386084,61.99
20,1435,MANKIND,EQ,390439,233408,59.78
20,1436,MANOMAY,EQ,35637,32863,92.22
20,1437,MANUGRAPH,EQ,26865,14013,52.16
20,1438,MANYAVAR,EQ,224954,170212,75.67
20,1439,MAPMYINDIA,EQ,497832,166834,33.51
20,1440,MARALOVER,EQ,27172,15723,57.86
20,1441,MARATHON,EQ,217788,182177,83.65
20,1442,MARCO,SM,399000,201000,50.38
20,1443,MARICO,EQ,2066331,1130568,54.71
20,1444,MARINE,EQ,1657472,771996,46.58
20,1445,MARKSANS,EQ,750425,406154,54.12
20,1446,MARUTI,EQ,299684,162638,54.27
20,1447,MASFIN,EQ,523225,377409,72.13
20,1448,MASKINVEST,EQ,575,575,100.00
20,1449,MASON,ST,20000,20000,100.00
20,1450,MASPTOP50,EQ,142841,93893,65.73
20,1451,MASTEK,EQ,421834,168739,40.00
20,1452,MASTER,SM,11000,11000,100.00
20,1453,MATRIMONY,EQ,29301,15595,53.22
20,1454,MAWANASUG,EQ,542848,253986,46.79
20,1455,MAXESTATES,EQ,192746,94589,49.07
20,1456,MAXHEALTH,EQ,721831,434749,60.23
20,1457,MAXIND,EQ,77696,47259,60.83
20,1458,MAXPOSURE,SM,644000,274000,42.55
20,1459,MAYURUNIQ,EQ,57083,29861,52.31
20,1460,MAZDA,EQ,9987,3878,38.83
20,1461,MAZDOCK,EQ,20895888,1573363,7.53
20,1462,MBAPL,EQ,11787,5880,49.89
20,1463,MBLINFRA,EQ,3098897,1364744,44.04
20,1464,MCL,EQ,21133,14169,67.05
20,1465,MCLEODRUSS,EQ,588078,355290,60.42
20,1466,MCON,SM,40000,30000,75.00
20,1467,MCX,EQ,331081,96303,29.09
20,1468,MDL,SM,26000,22000,84.62
20,1469,MEDANTA,EQ,255785,158365,61.91
20,1470,MEDIASSIST,EQ,99551,52817,53.06
20,1471,MEDICAMEQ,EQ,72071,29620,41.10
20,1472,MEDIORG,ST,236000,220000,93.22
20,1473,MEDPLUS,EQ,86516,57886,66.91
20,1474,MEGAFLEX,SM,21000,18000,85.71
20,1475,MEGASOFT,EQ,214127,131607,61.46
20,1476,MEGASTAR,EQ,6653,4789,71.98
20,1477,MEGATHERM,SM,80800,54000,66.83
20,1478,MENONBE,EQ,145005,88751,61.21
20,1479,METROBRAND,EQ,111302,39253,35.27
20,1480,METROPOLIS,EQ,287584,83383,28.99
20,1481,MFSL,EQ,1039890,372980,35.87
20,1482,MGEL,EQ,8215293,3233655,39.36
20,1483,MGL,EQ,648096,184951,28.54
20,1484,MHHL,SM,57000,54000,94.74
20,1485,MHLXMIRU,EQ,129772,85659,66.01
20,1486,MHRIL,EQ,92644,42069,45.41
20,1487,MICEL,EQ,9313719,4338258,46.58
20,1488,MICROPRO,SM,28800,22400,77.78
20,1489,MID150BEES,EQ,304191,202839,66.68
20,1490,MID150CASE,EQ,105886,89220,84.26
20,1491,MIDCAP,EQ,36148,19040,52.67
20,1492,MIDCAPETF,EQ,1925661,1221418,63.43
20,1493,MIDCAPIETF,EQ,398079,251382,63.15
20,1494,MIDHANI,EQ,3501522,1223944,34.95
20,1495,MIDQ50ADD,EQ,3204,2658,82.96
20,1496,MIDSELIETF,EQ,150240,99122,65.98
20,1497,MIDSMALL,EQ,224610,163835,72.94
20,1498,MINDACORP,EQ,547188,416816,76.17
20,1499,MINDSPACE,RR,236847,226134,95.48
20,1500,MINDTECK,EQ,506402,234077,46.22
20,1501,MIRCELECTR,EQ,443632,265875,59.93
20,1502,MIRZAINT,EQ,1869224,812549,43.47
20,1503,MITCON,EQ,18575,9273,49.92
20,1504,MITTAL,EQ,1924839,1533953,79.69
20,1505,M&M,EQ,1502213,698600,46.50
20,1506,M&MFIN,EQ,3677899,1779900,48.39
20,1507,MMFL,EQ,55462,25920,46.73
20,1508,MMP,EQ,162211,65359,40.29
20,1509,MMTC,EQ,15853825,3668911,23.14
20,1510,MNC,EQ,86170,76997,89.35
20,1511,MOGSEC,EQ,1849,1125,60.84
20,1512,MOHEALTH,EQ,48340,44479,92.01
20,1513,MOIL,EQ,6951423,2067998,29.75
20,1514,MOL,EQ,812400,400952,49.35
20,1515,MOLDTECH,EQ,123109,72197,58.64
20,1516,MOLDTKPAC,EQ,36635,20179,55.08
20,1517,MOLOWVOL,EQ,190880,187670,98.32
20,1518,MOM100,EQ,350131,198207,56.61
20,1519,MOM30IETF,EQ,1356380,903429,66.61
20,1520,MOM50,EQ,7173,4493,62.64
20,1521,MOMENTUM,EQ,134362,124502,92.66
20,1522,MOMOMENTUM,EQ,232401,154954,66.68
20,1523,MON100,EQ,237620,169278,71.24
20,1524,MONARCH,EQ,21839,14409,65.98
20,1525,MONIFTY500,EQ,346449,290696,83.91
20,1526,MONOPHARMA,SM,4000,4000,100.00
20,1527,MONQ50,EQ,24387,14318,58.71
20,1528,MONTECARLO,EQ,436309,149322,34.22
20,1529,MOQUALITY,EQ,7178,5401,75.24
20,1530,MOREALTY,EQ,137964,112850,81.80
20,1531,MOREPENLAB,EQ,4233336,1728347,40.83
20,1532,MOS,SM,98400,70400,71.54
20,1533,MOSMALL250,EQ,490681,467477,95.27
20,1534,MOTHERSON,EQ,22180243,10978070,49.49
20,1535,MOTILALOFS,EQ,675539,431906,63.94
20,1536,MOTISONS,EQ,635993,443126,69.67
20,1537,MOTOGENFIN,EQ,255246,155376,60.87
20,1538,MOVALUE,EQ,144976,92499,63.80
20,1539,MOXSH,SM,78400,47200,60.20
20,1540,MPHASIS,EQ,1197887,549016,45.83
20,1541,MPSLTD,EQ,15704,8495,54.09
20,1542,MPTODAY,SM,4000,4000,100.00
20,1543,MRF,EQ,4989,1561,31.29
20,1544,MRPL,EQ,1771402,772080,43.59
20,1545,MSPL,EQ,575317,453595,78.84
20,1546,MSTCLTD,EQ,204849,79980,39.04
20,1547,MSUMI,EQ,6202474,3265038,52.64
20,1548,MTARTECH,EQ,363145,146065,40.22
20,1549,MTNL,EQ,4416750,1159171,26.24
20,1550,MUFIN,EQ,62634,33869,54.07
20,1551,MUFTI,EQ,193059,119973,62.14
20,1552,MUKANDLTD,EQ,139604,80249,57.48
20,1553,MUKKA,EQ,747298,413438,55.32
20,1554,MUKTAARTS,EQ,16394,11051,67.41
20,1555,MUNJALAU,EQ,290508,138680,47.74
20,1556,MUNJALSHOW,EQ,92882,54163,58.31
20,1557,MURUDCERA,EQ,74706,47183,63.16
20,1558,MUTHOOTCAP,EQ,37837,18330,48.44
20,1559,MUTHOOTFIN,EQ,544984,330646,60.67
20,1560,MUTHOOTMF,EQ,152427,81224,53.29
20,1561,MVGJL,EQ,96193,61100,63.52
20,1562,MVKAGRO,SM,334800,198000,59.14
20,1563,MWL,SM,56400,48000,85.11
20,1564,NACLIND,EQ,329826,140246,42.52
20,1565,NAGAFERT,EQ,3004140,1548456,51.54
20,1566,NAGREEKEXP,EQ,237552,143744,60.51
20,1567,NAHARCAP,EQ,16091,10576,65.73
20,1568,NAHARINDUS,EQ,104160,55751,53.52
20,1569,NAHARPOLY,EQ,91423,52094,56.98
20,1570,NAHARSPING,EQ,94137,52162,55.41
20,1571,NAMAN,SM,192000,145600,75.83
20,1572,NAM-INDIA,EQ,797738,581011,72.83
20,1573,NATCOPHARM,EQ,723295,417742,57.76
20,1574,NATHBIOGEN,EQ,1044946,292892,28.03
20,1575,NATIONALUM,EQ,11398241,3357706,29.46
20,1576,NAUKRI,EQ,74283,23092,31.09
20,1577,NAVA,EQ,315440,227544,72.14
20,1578,NAVINFLUOR,EQ,334561,172748,51.63
20,1579,NAVINIFTY,EQ,591,536,90.69
20,1580,NAVKARCORP,EQ,786820,385041,48.94
20,1581,NAVNETEDUL,EQ,359329,164581,45.80
20,1582,NAZARA,EQ,371292,124766,33.60
20,1583,NBCC,EQ,144638219,35717017,24.69
20,1584,NBIFIN,EQ,1782,1235,69.30
20,1585,NCC,EQ,5800573,2032460,35.04
20,1586,NCLIND,EQ,1600088,666172,41.63
20,1587,NDL,EQ,1217739,661298,54.31
20,1588,NDLVENTURE,EQ,3929,1961,49.91
20,1589,NDRAUTO,EQ,9726,4871,50.08
20,1590,NDTV,EQ,162683,81787,50.27
20,1591,NECCLTD,EQ,1808513,1044814,57.77
20,1592,NECLIFE,EQ,365729,178864,48.91
20,1593,NELCAST,EQ,248035,95313,38.43
20,1594,NELCO,EQ,3054235,598387,19.59
20,1595,NEOGEN,EQ,69685,32444,46.56
20,1596,NESCO,EQ,39648,21273,53.65
20,1597,NESTLEIND,EQ,313676,160566,51.19
20,1598,NETF,EQ,4161,3145,75.58
20,1599,NETWEB,EQ,80750,39820,49.31
20,1600,NETWORK18,EQ,1770541,893770,50.48
20,1601,NEULANDLAB,EQ,20428,7889,38.62
20,1602,NEWGEN,EQ,239437,144070,60.17
20,1603,NEWJAISA,SM,321000,211500,65.89
20,1604,NEXT50,EQ,21328,19139,89.74
20,1605,NEXT50IETF,EQ,1009033,799511,79.24
20,1606,NEXTMEDIA,EQ,26237,22689,86.48
20,1607,NFL,EQ,16857033,3462022,20.54
20,1608,NGIL,EQ,47787,20383,42.65
20,1609,NGLFINE,EQ,2859,2203,77.05
20,1610,NH,EQ,345625,194082,56.15
20,1611,NHPC,EQ,81824578,29474347,36.02
20,1612,NIACL,EQ,4595397,2070132,45.05
20,1613,NIBL,EQ,20524,9238,45.01
20,1614,NIDAN,SM,30000,22000,73.33
20,1615,NIF100BEES,EQ,12173,8350,68.59
20,1616,NIF100IETF,EQ,93720,59501,63.49
20,1617,NIF10GETF,EQ,3033,2693,88.79
20,1618,NIF5GETF,EQ,823,506,61.48
20,1619,NIFITETF,EQ,4909,4831,98.41
20,1620,NIFMID150,EQ,533,514,96.44
20,1621,NIFTY1,EQ,24786,15375,62.03
20,1622,NIFTY50ADD,EQ,7436,3694,49.68
20,1623,NIFTYBEES,EQ,2563485,1662341,64.85
20,1624,NIFTYBETF,EQ,2227,1877,84.28
20,1625,NIFTYETF,EQ,109289,74468,68.14
20,1626,NIFTYIETF,EQ,288512,148589,51.50
20,1627,NIFTYQLITY,EQ,118556,83887,70.76
20,1628,NIITLTD,EQ,5833811,1823919,31.26
20,1629,NIITMTS,EQ,147665,64595,43.74
20,1630,NILAINFRA,EQ,920778,572373,62.16
20,1631,NILKAMAL,EQ,69829,61989,88.77
20,1632,NINSYS,EQ,7260,5216,71.85
20,1633,NIPPOBATRY,EQ,17295,11204,64.78
20,1634,NIRAJ,EQ,78696,42400,53.88
20,1635,NIRMAN,SM,19800,19800,100.00
20,1636,NITCO,EQ,164982,123257,74.71
20,1637,NITINSPIN,EQ,87988,56653,64.39
20,1638,NKIND,EQ,9763,3676,37.65
20,1639,NLCINDIA,EQ,8367571,3399006,40.62
20,1640,NMDC,EQ,13292695,6304577,47.43
20,1641,NOCIL,EQ,2517046,1200360,47.69
20,1642,NORBTEAEXP,EQ,15982,9247,57.86
20,1643,NOVAAGRI,EQ,529758,324272,61.21
20,1644,NPBET,EQ,762,714,93.70
20,1645,NPST,SM,23700,18600,78.48
20,1646,NRAIL,EQ,65131,32489,49.88
20,1647,NRBBEARING,EQ,265941,126686,47.64
20,1648,NRL,EQ,99875,75400,75.49
20,1649,NSIL,EQ,10168,4948,48.66
20,1650,NSLNISP,EQ,5835525,2276317,39.01
20,1651,NTPC,EQ,14916930,8080556,54.17
20,1652,NUCLEUS,EQ,50287,26539,52.78
20,1653,NURECA,EQ,44804,18831,42.03
20,1654,NUVAMA,EQ,60362,39146,64.85
20,1655,NUVOCO,EQ,387999,234976,60.56
20,1656,NV20,EQ,31907,23756,74.45
20,1657,NV20BEES,EQ,26659,20086,75.34
20,1658,NV20IETF,EQ,588715,375014,63.70
20,1659,NXST,RR,80695,73533,91.12
20,1660,NXT-INFRA,IV,1600000,1600000,100.00
20,1661,NYKAA,EQ,10648318,6809911,63.95
20,1662,OAL,EQ,68611,36676,53.45
20,1663,OBCL,EQ,56449,35497,62.88
20,1664,OBEROIRLTY,EQ,299163,143646,48.02
20,1665,OFSS,EQ,220337,77445,35.15
20,1666,OIL,EQ,2722700,1164110,42.76
20,1667,OLECTRA,EQ,400569,172117,42.97
20,1668,OLIL,SM,49200,42000,85.37
20,1669,OMAXE,EQ,579497,284037,49.01
20,1670,OMFURN,SM,12000,12000,100.00
20,1671,ONDOOR,SM,75600,46800,61.90
20,1672,ONEPOINT,EQ,8346958,2834987,33.96
20,1673,ONGC,EQ,13444669,6699249,49.83
20,1674,ONMOBILE,EQ,2018141,815859,40.43
20,1675,ONWARDTEC,EQ,75240,38300,50.90
20,1676,OPTIEMUS,EQ,2714578,832887,30.68
20,1677,ORBTEXP,EQ,11806,6632,56.17
20,1678,ORCHPHARMA,EQ,28506,17446,61.20
20,1679,ORIANA,SM,128250,76050,59.30
20,1680,ORICONENT,EQ,346241,200196,57.82
20,1681,ORIENTALTL,EQ,516133,357132,69.19
20,1682,ORIENTBELL,EQ,41989,25380,60.44
20,1683,ORIENTCEM,EQ,5683732,2769981,48.74
20,1684,ORIENTCER,EQ,1294137,858622,66.35
20,1685,ORIENTELEC,EQ,797997,619027,77.57
20,1686,ORIENTHOT,EQ,204381,123620,60.49
20,1687,ORIENTLTD,EQ,14699,9351,63.62
20,1688,ORIENTPPR,EQ,5883720,2534114,43.07
20,1689,ORISSAMINE,EQ,30327,10640,35.08
20,1690,ORTINLAB,EQ,14990,8263,55.12
20,1691,OSWALAGRO,EQ,150145,89890,59.87
20,1692,OSWALGREEN,EQ,439322,222784,50.71
20,1693,OWAIS,SM,16000,8000,50.00
20,1694,PAGEIND,EQ,7141,1860,26.05
20,1695,PAISALO,EQ,1298320,780821,60.14
20,1696,PAKKA,EQ,198668,101883,51.28
20,1697,PALASHSECU,EQ,7168,3636,50.73
20,1698,PANACEABIO,EQ,1192835,432281,36.24
20,1699,PANAMAPET,EQ,115747,57532,49.70
20,1700,PANSARI,EQ,20901,15680,75.02
20,1701,PAR,EQ,35116,15318,43.62
20,1702,PARADEEP,EQ,6814873,1745809,25.62
20,1703,PARAGMILK,EQ,1154657,495958,42.95
20,1704,PARAGON,SM,127200,81600,64.15
20,1705,PARAS,EQ,3103105,756084,24.37
20,1706,PARIN,SM,60000,49000,81.67
20,1707,PARKHOTELS,EQ,1755320,790141,45.01
20,1708,PARSVNATH,EQ,682749,484881,71.02
20,1709,PARTYCRUS,SM,8000,6000,75.00
20,1710,PASHUPATI,SM,4000,1600,40.00
20,1711,PASUPTAC,EQ,461407,177135,38.39
20,1712,PATANJALI,EQ,1028498,632717,61.52
20,1713,PATELENG,EQ,12519294,6045151,48.29
20,1714,PATINTLOG,EQ,298280,159101,53.34
20,1715,PATTECH,ST,1500,1500,100.00
20,1716,PAVNAIND,EQ,29125,12060,41.41
20,1717,PAYTM,EQ,5411756,3555134,65.69
20,1718,PCBL,EQ,1307351,595621,45.56
20,1719,PCCL,ST,232800,230400,98.97
20,1720,PCJEWELLER,EQ,937308,450465,48.06
20,1721,PDMJEPAPER,EQ,740859,268462,36.24
20,1722,PDSL,EQ,45979,24342,52.94
20,1723,PEL,EQ,1674508,859317,51.32
20,1724,PENIND,EQ,796859,355210,44.58
20,1725,PENINLAND,EQ,964485,526595,54.60
20,1726,PENTAGON,SM,5000,4000,80.00
20,1727,PERFECT,SM,57000,48000,84.21
20,1728,PERSISTENT,EQ,911163,238121,26.13
20,1729,PETRONET,EQ,2770767,1289406,46.54
20,1730,PFC,EQ,17103459,5831895,34.10
20,1731,PFIZER,EQ,12961,6880,53.08
20,1732,PFOCUS,EQ,3083552,1089358,35.33
20,1733,PFS,EQ,3002940,1322895,44.05
20,1734,PGEL,EQ,107933,71557,66.30
20,1735,PGHH,EQ,3093,2272,73.46
20,1736,PGHL,EQ,13022,7801,59.91
20,1737,PGIL,EQ,372208,229450,61.65
20,1738,PGINVIT,IV,1159759,1111758,95.86
20,1739,PHANTOMFX,SM,392400,201300,51.30
20,1740,PHARMABEES,EQ,12321597,8915006,72.35
20,1741,PHOENIXLTD,EQ,213523,93386,43.74
20,1742,PIDILITIND,EQ,213526,147746,69.19
20,1743,PIIND,EQ,250912,148967,59.37
20,1744,PILANIINVS,EQ,5648,2189,38.76
20,1745,PILITA,EQ,383715,288701,75.24
20,1746,PIONEEREMB,EQ,24151,17089,70.76
20,1747,PITTIENG,EQ,429191,258817,60.30
20,1748,PIXTRANS,EQ,18761,9821,52.35
20,1749,PLADAINFO,SM,39000,39000,100.00
20,1750,PLASTIBLEN,EQ,71592,52299,73.05
20,1751,PLATIND,EQ,602228,402977,66.91
20,1752,PLAZACABLE,EQ,67081,40608,60.54
20,1753,PNB,EQ,20117728,6111032,30.38
20,1754,PNBGILTS,EQ,735961,345422,46.93
20,1755,PNBHOUSING,EQ,1173590,490535,41.80
20,1756,PNC,EQ,31896,11990,37.59
20,1757,PNCINFRA,EQ,750586,396772,52.86
20,1758,POCL,EQ,200764,72996,36.36
20,1759,PODDARMENT,EQ,14149,8557,60.48
20,1760,POKARNA,EQ,75136,29912,39.81
20,1761,POLICYBZR,EQ,2532801,1632181,64.44
20,1762,POLYCAB,EQ,348211,157033,45.10
20,1763,POLYMED,EQ,156457,64699,41.35
20,1764,POLYPLEX,EQ,607283,250884,41.31
20,1765,POLYSIL,SM,8000,6000,75.00
20,1766,PONNIERODE,EQ,312834,167679,53.60
20,1767,POONAWALLA,EQ,3958118,3207712,81.04
20,1768,POWERGRID,EQ,12878827,7371036,57.23
20,1769,POWERINDIA,EQ,80964,43189,53.34
20,1770,POWERMECH,EQ,27600,12553,45.48
20,1771,PPAP,EQ,14558,8551,58.74
20,1772,PPL,EQ,107721,61050,56.67
20,1773,PPLPHARMA,EQ,3002330,1914849,63.78
20,1774,PRAENG,EQ,181603,107944,59.44
20,1775,PRAJIND,EQ,729601,289440,39.67
20,1776,PRAKASH,EQ,3423084,1432193,41.84
20,1777,PRAMARA,SM,4000,4000,100.00
20,1778,PRATHAM,SM,172800,121600,70.37
20,1779,PRECAM,EQ,102785,49968,48.61
20,1780,PRECISION,SM,26000,22000,84.62
20,1781,PRECOT,EQ,9015,4480,49.69
20,1782,PRECWIRE,EQ,971555,439092,45.19
20,1783,PREMIERPOL,EQ,66069,46899,70.98
20,1784,PRESSTONIC,SM,101600,65600,64.57
20,1785,PRESTIGE,EQ,1016524,525942,51.74
20,1786,PRICOLLTD,EQ,457255,248716,54.39
20,1787,PRIMESECU,EQ,96817,57130,59.01
20,1788,PRINCEPIPE,EQ,114600,48132,42.00
20,1789,PRITI,EQ,33341,17638,52.90
20,1790,PRITIKA,SM,6000,6000,100.00
20,1791,PRITIKAUTO,EQ,296564,192928,65.05
20,1792,PRIVISCL,EQ,91016,44927,49.36
20,1793,PRLIND,SM,346000,246000,71.10
20,1794,PROPEQUITY,SM,6000,6000,100.00
20,1795,PROV,SM,800,800,100.00
20,1796,PROZONER,EQ,405824,228518,56.31
20,1797,PRSMJOHNSN,EQ,299382,128104,42.79
20,1798,PRUDENT,EQ,11604,6505,56.06
20,1799,PRUDMOULI,EQ,12798,10930,85.40
20,1800,PSB,EQ,1185800,446577,37.66
20,1801,PSPPROJECT,EQ,162204,131197,80.88
20,1802,PSUBANK,EQ,32060,18824,58.71
20,1803,PSUBANKADD,EQ,17120,10919,63.78
20,1804,PSUBNKBEES,EQ,1995468,1041297,52.18
20,1805,PSUBNKIETF,EQ,234910,133141,56.68
20,1806,PTC,EQ,1456440,770450,52.90
20,1807,PTCIL,EQ,13026,7928,60.86
20,1808,PTL,EQ,141245,95418,67.55
20,1809,PULZ,SM,26000,19000,73.08
20,1810,PUNJABCHEM,EQ,14645,8333,56.90
20,1811,PURVFLEXI,SM,14400,11200,77.78
20,1812,PVP,EQ,2007687,1128430,56.21
20,1813,PVRINOX,EQ,399996,125597,31.40
20,1814,PVSL,EQ,172535,92064,53.36
20,1815,PVTBANIETF,EQ,688521,481789,69.97
20,1816,PVTBANKADD,EQ,77666,47946,61.73
20,1817,PYRAMID,EQ,476240,249925,52.48
20,1818,QGOLDHALF,EQ,22881,15131,66.13
20,1819,QMSMEDI,SM,73000,61000,83.56
20,1820,QNIFTY,EQ,324,198,61.11
20,1821,QUADPRO,SM,36000,36000,100.00
20,1822,QUAL30IETF,EQ,200402,101810,50.80
20,1823,QUESS,EQ,166105,83976,50.56
20,1824,QUESTLAB,SM,84000,68400,81.43
20,1825,QUICKHEAL,EQ,95082,45322,47.67
20,1826,QUICKTOUCH,SM,37000,32500,87.84
20,1827,RACE,EQ,60058,33232,55.33
20,1828,RADHIKAJWE,EQ,693506,326090,47.02
20,1829,RADIANTCMS,EQ,79655,49577,62.24
20,1830,RADICO,EQ,97667,56600,57.95
20,1831,RADIOCITY,EQ,565194,277625,49.12
20,1832,RADIOCITY,P1,1818,1818,100.00
20,1833,RADIOWALLA,SM,22400,17600,78.57
20,1834,RAILTEL,EQ,4313577,1525246,35.36
20,1835,RAIN,EQ,3021356,1335498,44.20
20,1836,RAINBOW,EQ,102854,63621,61.86
20,1837,RAJESHEXPO,EQ,229548,137572,59.93
20,1838,RAJMET,EQ,2480571,1476990,59.54
20,1839,RAJRATAN,EQ,52998,41152,77.65
20,1840,RAJSREESUG,EQ,178613,70534,39.49
20,1841,RALLIS,EQ,1643364,548927,33.40
20,1842,RAMANEWS,EQ,47598,29892,62.80
20,1843,RAMAPHO,EQ,25150,16395,65.19
20,1844,RAMASTEEL,EQ,40646823,17708325,43.57
20,1845,RAMCOCEM,EQ,1439295,726023,50.44
20,1846,RAMCOIND,EQ,187605,91799,48.93
20,1847,RAMKY,EQ,327470,151603,46.30
20,1848,RAMRAT,EQ,367234,135439,36.88
20,1849,RANASUG,EQ,1344245,611661,45.50
20,1850,RANEENGINE,EQ,17733,10471,59.05
20,1851,RANEHOLDIN,EQ,56703,28136,49.62
20,1852,RATEGAIN,EQ,902791,449837,49.83
20,1853,RATNAMANI,EQ,65047,49918,76.74
20,1854,RATNAVEER,EQ,1292928,656382,50.77
20,1855,RAYMOND,EQ,249987,92212,36.89
20,1856,RBA,EQ,19022388,9923518,52.17
20,1857,RBL,EQ,17350,9340,53.83
20,1858,RBLBANK,EQ,6115711,1581759,25.86
20,1859,RBMINFRA,SM,29200,22600,77.40
20,1860,RBS,SM,30400,22400,73.68
20,1861,RCDL,SM,117000,84000,71.79
20,1862,RCF,EQ,20229596,4760192,23.53
20,1863,RECLTD,EQ,24852433,9987450,40.19
20,1864,REDINGTON,EQ,2675339,1654568,61.85
20,1865,REDTAPE,EQ,98139,65009,66.24
20,1866,REFEX,EQ,3162950,868177,27.45
20,1867,REFRACTORY,SM,28000,28000,100.00
20,1868,RELAXO,EQ,44605,29243,65.56
20,1869,RELCHEMQ,EQ,45173,22045,48.80
20,1870,RELIABLE,SM,4800,4800,100.00
20,1871,RELIANCE,EQ,3418588,1453692,42.52
20,1872,RELIGARE,EQ,2219777,1350420,60.84
20,1873,RELINFRA,EQ,2977663,1110227,37.29
20,1874,REMSONSIND,EQ,65945,54987,83.38
20,1875,REMUS,SM,7400,4500,60.81
20,1876,RENUKA,EQ,15352445,4897924,31.90
20,1877,REPCOHOME,EQ,172445,82764,47.99
20,1878,REPL,EQ,20507,5980,29.16
20,1879,REPRO,EQ,31695,18598,58.68
20,1880,RESPONIND,EQ,616995,159964,25.93
20,1881,REXPIPES,SM,4000,2000,50.00
20,1882,RGL,EQ,153625,74642,48.59
20,1883,RHIM,EQ,103929,73093,70.33
20,1884,RHL,EQ,16985,7493,44.12
20,1885,RICOAUTO,EQ,915631,438002,47.84
20,1886,RIIL,EQ,366553,62737,17.12
20,1887,RILINFRA,SM,571000,308500,54.03
20,1888,RISHABH,EQ,61753,38973,63.11
20,1889,RITCO,EQ,171813,85534,49.78
20,1890,RITES,EQ,11453441,2735470,23.88
20,1891,RITEZONE,SM,9600,8000,83.33
20,1892,RKEC,EQ,288247,107633,37.34
20,1893,RKFORGE,EQ,1708687,858961,50.27
20,1894,RKSWAMY,EQ,88067,57249,65.01
20,1895,RMDRIP,SM,6000,6000,100.00
20,1896,RML,EQ,16660,9036,54.24
20,1897,ROCKINGDCE,SM,79750,43000,53.92
20,1898,ROHLTD,EQ,81898,49983,61.03
20,1899,ROLEXRINGS,EQ,11526,6281,54.49
20,1900,ROSSARI,EQ,129904,52324,40.28
20,1901,ROSSELLIND,EQ,77577,32025,41.28
20,1902,ROTO,EQ,657827,218778,33.26
20,1903,ROUTE,EQ,248183,56595,22.80
20,1904,ROXHITECH,SM,100800,60800,60.32
20,1905,RPGLIFE,EQ,7162,4119,57.51
20,1906,RPOWER,EQ,16126472,9482266,58.80
20,1907,RPPINFRA,EQ,151012,91265,60.44
20,1908,RPPL,EQ,102226,38191,37.36
20,1909,RPSGVENT,EQ,58760,30435,51.80
20,1910,RPTECH,EQ,5591053,1391804,24.89
20,1911,RRKABEL,EQ,199742,122755,61.46
20,1912,RSWM,EQ,332706,197287,59.30
20,1913,RSYSTEMS,EQ,893416,660762,73.96
20,1914,RTNINDIA,EQ,2088452,1042697,49.93
20,1915,RTNPOWER,EQ,24375181,16994293,69.72
20,1916,RUBYMILLS,EQ,122063,70644,57.88
20,1917,RUCHINFRA,EQ,689232,460052,66.75
20,1918,RUCHIRA,EQ,142377,76483,53.72
20,1919,RULKA,SM,88200,42000,47.62
20,1920,RUPA,EQ,161270,77662,48.16
20,1921,RUSHIL,EQ,86568,51532,59.53
20,1922,RUSTOMJEE,EQ,8596,5044,58.68
20,1923,RVHL,EQ,52002,18726,36.01
20,1924,RVNL,EQ,20654664,6924561,33.53
20,1925,SAAKSHI,SM,73200,54000,73.77
20,1926,SABAR,SM,75000,55000,73.33
20,1927,SADBHIN,EQ,355316,247964,69.79
20,1928,SADHAV,SM,81600,52800,64.71
20,1929,SADHNANIQ,EQ,169040,104044,61.55
20,1930,SAFARI,EQ,39206,19082,48.67
20,1931,SAGARDEEP,EQ,28012,12833,45.81
20,1932,SAGCEM,EQ,211602,110518,52.23
20,1933,SAH,EQ,23695,3334,14.07
20,1934,SAHAJ,SM,96000,76000,79.17
20,1935,SAHANA,SM,22750,17000,74.73
20,1936,SAHYADRI,EQ,5941,3799,63.95
20,1937,SAIFL,SM,23200,20000,86.21
20,1938,SAIL,EQ,29926272,10529551,35.18
20,1939,SAKAR,EQ,25850,14599,56.48
20,1940,SAKHTISUG,EQ,951005,519914,54.67
20,1941,SAKSOFT,EQ,215940,99916,46.27
20,1942,SAKUMA,EQ,65756720,15237093,23.17
20,1943,SALASAR,EQ,4367067,3070242,70.30
20,1944,SALONA,EQ,25063,15990,63.80
20,1945,SALZERELEC,EQ,221092,92026,41.62
20,1946,SAMBHAAV,EQ,190836,123382,64.65
20,1947,SAMHI,EQ,889019,437483,49.21
20,1948,SANDESH,EQ,6566,3726,56.75
20,1949,SANDHAR,EQ,143097,75633,52.85
20,1950,SANDUMA,EQ,293227,126040,42.98
20,1951,SANGAMIND,EQ,13252,7917,59.74
20,1952,SANGANI,SM,6000,6000,100.00
20,1953,SANGHIIND,EQ,1123465,715109,63.65
20,1954,SANGHVIMOV,EQ,276192,183247,66.35
20,1955,SANGINITA,EQ,169250,122177,72.19
20,1956,SANOFI,EQ,63797,6752,10.58
20,1957,SANSERA,EQ,258913,146030,56.40
20,1958,SAPPHIRE,EQ,47740,29194,61.15
20,1959,SARDAEN,EQ,593408,375038,63.20
20,1960,SAREGAMA,EQ,175662,93609,53.29
20,1961,SARLAPOLY,EQ,1057792,318093,30.07
20,1962,SAROJA,SM,4800,3200,66.67
20,1963,SARTELE,SM,242500,199000,82.06
20,1964,SARVESHWAR,EQ,7438102,5738920,77.16
20,1965,SASKEN,EQ,26355,12346,46.85
20,1966,SASTASUNDR,EQ,65391,34970,53.48
20,1967,SATIA,EQ,954230,520794,54.58
20,1968,SATIN,EQ,243452,159846,65.66
20,1969,SATINDLTD,EQ,366501,168724,46.04
20,1970,SAURASHCEM,EQ,291560,148718,51.01
20,1971,SBC,EQ,1808132,804434,44.49
20,1972,SBCL,EQ,133952,63908,47.71
20,1973,SBFC,EQ,1484766,738271,49.72
20,1974,SBGLP,EQ,97259,60298,62.00
20,1975,SBICARD,EQ,1120401,686582,61.28
20,1976,SBIETFCON,EQ,9006,8197,91.02
20,1977,SBIETFIT,EQ,21862,17670,80.83
20,1978,SBIETFPB,EQ,10271,8279,80.61
20,1979,SBIETFQLTY,EQ,2879,2143,74.44
20,1980,SBILIFE,EQ,1363288,879527,64.52
20,1981,SBIN,EQ,13372587,6253980,46.77
20,1982,SCHAEFFLER,EQ,71811,25354,35.31
20,1983,SCHAND,EQ,87399,43769,50.08
20,1984,SCHNEIDER,EQ,312398,200283,64.11
20,1985,SCI,EQ,9284642,2611395,28.13
20,1986,SCILAL,EQ,2421629,1016482,41.98
20,1987,SCML,SM,26000,20000,76.92
20,1988,SCPL,EQ,90563,38241,42.23
20,1989,SDBL,EQ,1442040,787094,54.58
20,1990,SDL24BEES,EQ,10859,10343,95.25
20,1991,SDL26BEES,EQ,1765016,1763827,99.93
20,1992,SEAMECLTD,EQ,91791,54088,58.93
20,1993,SECL,SM,37500,25000,66.67
20,1994,SEL,SM,8400,5600,66.67
20,1995,SELAN,EQ,60895,24676,40.52
20,1996,SELMC,EQ,18556,11529,62.13
20,1997,SENCO,EQ,188161,103086,54.79
20,1998,SENSEXADD,EQ,6080,5514,90.69
20,1999,SENSEXETF,EQ,12325,10842,87.97
20,2000,SENSEXIETF,EQ,2153,1355,62.94
20,2001,SEPC,EQ,6843584,3023546,44.18
20,2002,SEQUENT,EQ,7329290,2297987,31.35
20,2003,SERVICE,SM,24000,24000,100.00
20,2004,SERVOTECH,EQ,506025,339832,67.16
20,2005,SESHAPAPER,EQ,90422,38890,43.01
20,2006,SETF10GILT,EQ,264217,254376,96.28
20,2007,SETFGOLD,EQ,1045290,965920,92.41
20,2008,SETFNIF50,EQ,248756,169471,68.13
20,2009,SETFNIFBK,EQ,29517,22526,76.32
20,2010,SETFNN50,EQ,23521,15556,66.14
20,2011,SFL,EQ,251073,131992,52.57
20,2012,SGBAPR28I,GB,240,130,54.17
20,2013,SGBAUG24,GB,220,161,73.18
20,2014,SGBAUG27,GB,49,47,95.92
20,2015,SGBAUG28V,GB,693,584,84.27
20,2016,SGBAUG29V,GB,222,176,79.28
20,2017,SGBAUG30,GB,207,168,81.16
20,2018,SGBD29VIII,GB,232,230,99.14
20,2019,SGBDC27VII,GB,58,58,100.00
20,2020,SGBDE30III,GB,340,202,59.41
20,2021,SGBDE31III,GB,1874,1656,88.37
20,2022,SGBDEC25,GB,15,12,80.00
20,2023,SGBDEC2512,GB,1,1,100.00
20,2024,SGBDEC2513,GB,5,5,100.00
20,2025,SGBDEC26,GB,3,3,100.00
20,2026,SGBFEB27,GB,10,10,100.00
20,2027,SGBFEB28IX,GB,129,114,88.37
20,2028,SGBFEB29XI,GB,212,129,60.85
20,2029,SGBFEB32IV,GB,1787,1394,78.01
20,2030,SGBJ28VIII,GB,51,51,100.00
20,2031,SGBJAN26,GB,20,20,100.00
20,2032,SGBJAN27,GB,13,13,100.00
20,2033,SGBJAN29IX,GB,359,245,68.25
20,2034,SGBJAN29X,GB,3,3,100.00
20,2035,SGBJAN30IX,GB,124,119,95.97
20,2036,SGBJU29III,GB,163,118,72.39
20,2037,SGBJUL25,GB,49,37,75.51
20,2038,SGBJUL27,GB,114,91,79.82
20,2039,SGBJUL28IV,GB,217,185,85.25
20,2040,SGBJUL29IV,GB,103,92,89.32
20,2041,SGBJUN27,GB,6,6,100.00
20,2042,SGBJUN28,GB,203,193,95.07
20,2043,SGBJUN29II,GB,60,55,91.67
20,2044,SGBJUN30,GB,39,35,89.74
20,2045,SGBJUN31I,GB,549,446,81.24
20,2046,SGBMAR25,GB,56,48,85.71
20,2047,SGBMAR28X,GB,192,185,96.35
20,2048,SGBMAR30X,GB,66,53,80.30
20,2049,SGBMAR31IV,GB,83,58,69.88
20,2050,SGBMAY25,GB,41,39,95.12
20,2051,SGBMAY26,GB,19,19,100.00
20,2052,SGBMAY28,GB,75,75,100.00
20,2053,SGBMAY29I,GB,2899,2526,87.13
20,2054,SGBMR29XII,GB,277,262,94.58
20,2055,SGBN28VIII,GB,73,53,72.60
20,2056,SGBNOV24,GB,395,348,88.10
20,2057,SGBNOV258,GB,1,1,100.00
20,2058,SGBNOV25IX,GB,1,1,100.00
20,2059,SGBNOV25VI,GB,18,13,72.22
20,2060,SGBNOV26,GB,24,19,79.17
20,2061,SGBNV29VII,GB,256,202,78.91
20,2062,SGBOC28VII,GB,115,114,99.13
20,2063,SGBOCT25IV,GB,34,20,58.82
20,2064,SGBOCT25V,GB,3,3,100.00
20,2065,SGBOCT26,GB,133,109,81.95
20,2066,SGBOCT27,GB,122,107,87.70
20,2067,SGBOCT27VI,GB,26,24,92.31
20,2068,SGBSEP24,GB,211,193,91.47
20,2069,SGBSEP27,GB,4,4,100.00
20,2070,SGBSEP28VI,GB,90,89,98.89
20,2071,SGBSEP29VI,GB,111,100,90.09
20,2072,SGBSEP31II,GB,800,516,64.50
20,2073,SGIL,EQ,68670,33209,48.36
20,2074,SGL,EQ,41881,33119,79.08
20,2075,SHAH,EQ,1354794,1007819,74.39
20,2076,SHAHALLOYS,EQ,32529,22653,69.64
20,2077,SHAILY,EQ,42839,21848,51.00
20,2078,SHALBY,EQ,97683,52728,53.98
20,2079,SHALPAINTS,EQ,1038422,513085,49.41
20,2080,SHANKARA,EQ,152556,61719,40.46
20,2081,SHANTHALA,SM,2400,2400,100.00
20,2082,SHANTIGEAR,EQ,45618,23660,51.87
20,2083,SHARDACROP,EQ,158636,75330,47.49
20,2084,SHARDAMOTR,EQ,81935,37062,45.23
20,2085,SHAREINDIA,EQ,1001770,511517,51.06
20,2086,SHAREINDIA,W1,22401,21377,95.43
20,2087,SHARIABEES,EQ,2571,1922,74.76
20,2088,SHEETAL,ST,24000,24000,100.00
20,2089,SHEMAROO,EQ,98580,58306,59.15
20,2090,SHERA,SM,88000,60000,68.18
20,2091,SHIGAN,SM,22500,22500,100.00
20,2092,SHILPAMED,EQ,159112,76841,48.29
20,2093,SHIVALIK,EQ,140013,43292,30.92
20,2094,SHIVAMAUTO,EQ,658324,212720,32.31
20,2095,SHIVAMILLS,EQ,20042,14448,72.09
20,2096,SHIVATEX,EQ,38435,21269,55.34
20,2097,SHK,EQ,250497,143756,57.39
20,2098,SHOPERSTOP,EQ,70633,29426,41.66
20,2099,SHREDIGCEM,EQ,3154506,944849,29.95
20,2100,SHREECEM,EQ,40849,22652,55.45
20,2101,SHREEKARNI,SM,36600,26400,72.13
20,2102,SHREEOSFM,SM,21000,18000,85.71
20,2103,SHREEPUSHK,EQ,153881,50624,32.90
20,2104,SHRENIK,EQ,4794233,2661436,55.51
20,2105,SHREYANIND,EQ,46145,25862,56.05
20,2106,SHREYAS,EQ,46683,17795,38.12
20,2107,SHRIPISTON,EQ,72014,49620,68.90
20,2108,SHRIRAMFIN,EQ,791663,454469,57.41
20,2109,SHRIRAMPPS,EQ,972033,520606,53.56
20,2110,SHRITECH,SM,54000,42000,77.78
20,2111,SHUBHLAXMI,SM,2000,2000,100.00
20,2112,SHYAMMETL,EQ,1132760,777385,68.63
20,2113,SIEMENS,EQ,282942,107149,37.87
20,2114,SIGACHI,EQ,1060793,600176,56.58
20,2115,SIGIND,EQ,168783,77525,45.93
20,2116,SIGMA,EQ,9841,5718,58.10
20,2117,SIGNATURE,EQ,536455,93551,17.44
20,2118,SIGNORIA,SM,24000,24000,100.00
20,2119,SIGNPOST,EQ,32694,18971,58.03
20,2120,SIL,EQ,359395,175315,48.78
20,2121,SILGO,EQ,48274,19975,41.38
20,2122,SILINV,EQ,20730,10655,51.40
20,2123,SILKFLEX,SM,54000,38000,70.37
20,2124,SILLYMONKS,EQ,50915,32431,63.70
20,2125,SILVER,EQ,62219,40178,64.58
20,2126,SILVER1,EQ,70493,39789,56.44
20,2127,SILVERADD,EQ,13457,12503,92.91
20,2128,SILVERBEES,EQ,5466784,3898593,71.31
20,2129,SILVERETF,EQ,88486,78209,88.39
20,2130,SILVERIETF,EQ,297347,219356,73.77
20,2131,SILVERTUC,EQ,27732,8857,31.94
20,2132,SILVRETF,EQ,10509,8992,85.56
20,2133,SINCLAIR,EQ,62786,52953,84.34
20,2134,SINDHUTRAD,EQ,1892421,1087489,57.47
20,2135,SINTERCOM,EQ,7942,4927,62.04
20,2136,SIRCA,EQ,366602,190300,51.91
20,2137,SIS,EQ,46991,28743,61.17
20,2138,SIYSIL,EQ,58963,31724,53.80
20,2139,SJLOGISTIC,SM,39000,29000,74.36
20,2140,SJS,EQ,140596,66664,47.42
20,2141,SJVN,EQ,47117085,15148276,32.15
20,2142,SKFINDIA,EQ,56015,27393,48.90
20,2143,SKIPPER,EQ,5240626,1370820,26.16
20,2144,SKIPPERPP,E1,59766,39636,66.32
20,2145,SKMEGGPROD,EQ,72419,37707,52.07
20,2146,SKP,SM,19000,15000,78.95
20,2147,SLONE,SM,73600,48000,65.22
20,2148,SMALLCAP,EQ,577911,523771,90.63
20,2149,SMCGLOBAL,EQ,315795,206751,65.47
20,2150,SMLISUZU,EQ,52516,30964,58.96
20,2151,SMLT,EQ,77935,43094,55.29
20,2152,SMSLIFE,EQ,2105,1235,58.67
20,2153,SMSPHARMA,EQ,303440,152462,50.24
20,2154,SNOWMAN,EQ,1232456,492081,39.93
20,2155,SOBHA,EQ,191764,88913,46.37
20,2156,SOFTTECH,EQ,17289,13462,77.86
20,2157,SOLARA,EQ,158790,103881,65.42
20,2158,SOLARAPP,E1,130288,107609,82.59
20,2159,SOLARINDS,EQ,248372,75511,30.40
20,2160,SOLEX,SM,12600,9000,71.43
20,2161,SOMANYCERA,EQ,45874,22119,48.22
20,2162,SONACOMS,EQ,769961,390420,50.71
20,2163,SONAMAC,SM,224000,108000,48.21
20,2164,SONAMLTD,EQ,12701,6264,49.32
20,2165,SONATSOFTW,EQ,1599060,823581,51.50
20,2166,SONUINFRA,SM,9000,9000,100.00
20,2167,SOTAC,SM,8400,7200,85.71
20,2168,SOTL,EQ,1658909,453257,27.32
20,2169,SOUTHBANK,EQ,14061989,6903023,49.09
20,2170,SOUTHWEST,EQ,363880,136458,37.50
20,2171,SPAL,EQ,71165,35156,49.40
20,2172,SPANDANA,EQ,132288,72108,54.51
20,2173,SPARC,EQ,663799,352459,53.10
20,2174,SPCENET,EQ,993127,641085,64.55
20,2175,SPCL,ST,34800,34800,100.00
20,2176,SPECIALITY,EQ,209947,107572,51.24
20,2177,SPECTRUM,SM,5125,4250,82.93
20,2178,SPECTSTM,SM,36000,26400,73.33
20,2179,SPENCERS,EQ,334919,219161,65.44
20,2180,SPIC,EQ,1787960,473805,26.50
20,2181,SPLIL,EQ,55046,35560,64.60
20,2182,SPLPETRO,EQ,40799,23720,58.14
20,2183,SPMLINFRA,EQ,386545,235425,60.90
20,2184,SPORTKING,EQ,15356,10171,66.23
20,2185,SPRL,ST,800,800,100.00
20,2186,SREEL,EQ,12748,7459,58.51
20,2187,SRF,EQ,276779,139216,50.30
20,2188,SRGHFL,EQ,118220,42465,35.92
20,2189,SRHHYPOLTD,EQ,30628,15333,50.06
20,2190,SRIVASAVI,SM,56000,30000,53.57
20,2191,SRM,EQ,43183,25181,58.31
20,2192,SSFL,SM,11000,8000,72.73
20,2193,SSWL,EQ,1301814,783656,60.20
20,2194,STANLEY,EQ,886348,359661,40.58
20,2195,STAR,EQ,79317,43893,55.34
20,2196,STARCEMENT,EQ,213762,113845,53.26
20,2197,STARHEALTH,EQ,1449109,846014,58.38
20,2198,STARPAPER,EQ,95764,40647,42.44
20,2199,STARTECK,EQ,1475,1273,86.31
20,2200,STCINDIA,EQ,1749166,455485,26.04
20,2201,STEELCAS,EQ,9410,5551,58.99
20,2202,STEELCITY,EQ,47838,35723,74.67
20,2203,STEELXIND,EQ,4688831,2315460,49.38
20,2204,STEL,EQ,4510,2109,46.76
20,2205,STERTOOLS,EQ,61523,30370,49.36
20,2206,STLTECH,EQ,1106058,556367,50.30
20,2207,STOVEKRAFT,EQ,171010,72874,42.61
20,2208,STYLAMIND,EQ,45084,27287,60.52
20,2209,STYRENIX,EQ,105128,59945,57.02
20,2210,SUBEXLTD,EQ,14712509,5432515,36.92
20,2211,SUBROS,EQ,128804,49347,38.31
20,2212,SUDARSCHEM,EQ,251334,123821,49.27
20,2213,SUKHJITS,EQ,15645,9377,59.94
20,2214,SULA,EQ,280336,160768,57.35
20,2215,SUMICHEM,EQ,575020,288357,50.15
20,2216,SUMMITSEC,EQ,14160,6627,46.80
20,2217,SUNCLAY,EQ,70757,33804,47.77
20,2218,SUNDARAM,EQ,5445393,2874593,52.79
20,2219,SUNDARMFIN,EQ,40181,17562,43.71
20,2220,SUNDARMHLD,EQ,133015,94216,70.83
20,2221,SUNDRMBRAK,EQ,2856,1795,62.85
20,2222,SUNDRMFAST,EQ,73790,45479,61.63
20,2223,SUNFLAG,EQ,10765950,2093217,19.44
20,2224,SUNPHARMA,EQ,2630823,1212784,46.10
20,2225,SUNREST,SM,1600,1600,100.00
20,2226,SUNTECK,EQ,300090,153977,51.31
20,2227,SUNTV,EQ,636956,140747,22.10
20,2228,SUPERHOUSE,EQ,10063,5008,49.77
20,2229,SUPERSPIN,EQ,226346,132038,58.33
20,2230,SUPRAJIT,EQ,194986,101153,51.88
20,2231,SUPREMEIND,EQ,118265,64576,54.60
20,2232,SUPREMEPWR,SM,237000,132000,55.70
20,2233,SUPRIYA,EQ,167018,89430,53.55
20,2234,SURAJEST,EQ,856573,444429,51.88
20,2235,SURANAT&P,EQ,148633,148633,100.00
20,2236,SURANI,SM,8600,6400,74.42
20,2237,SURYALAXMI,EQ,126090,77177,61.21
20,2238,SURYAROSNI,EQ,602826,281184,46.64
20,2239,SURYODAY,EQ,1937089,510089,26.33
20,2240,SUTLEJTEX,EQ,193779,104298,53.82
20,2241,SUVEN,EQ,1135213,757515,66.73
20,2242,SUVENPHAR,EQ,441073,363339,82.38
20,2243,SUVIDHAA,EQ,298800,172044,57.58
20,2244,SUZLON,EQ,63199465,31502362,49.85
20,2245,SVLL,EQ,2191,321,14.65
20,2246,SVPGLOB,EQ,165154,89527,54.21
20,2247,SWANENERGY,EQ,1734727,959647,55.32
20,2248,SWARAJ,SM,79000,62000,78.48
20,2249,SWARAJENG,EQ,15722,9071,57.70
20,2250,SWASTIK,SM,31200,18000,57.69
20,2251,SWELECTES,EQ,79807,46310,58.03
20,2252,SWSOLAR,EQ,1127531,753160,66.80
20,2253,SYLVANPLY,ST,426000,418000,98.12
20,2254,SYMPHONY,EQ,57406,30819,53.69
20,2255,SYNCOMF,EQ,2485396,1389690,55.91
20,2256,SYNGENE,EQ,1267774,717757,56.62
20,2257,SYNOPTICS,SM,28200,25200,89.36
20,2258,SYRMA,EQ,599626,298784,49.83
20,2259,SYSTANGO,SM,170400,92400,54.23
20,2260,TAC,SM,49200,34800,70.73
20,2261,TAJGVK,EQ,140254,72288,51.54
20,2262,TAKE,EQ,154549,88948,57.55
20,2263,TALBROAUTO,EQ,880609,369166,41.92
20,2264,TANLA,EQ,255269,122034,47.81
20,2265,TAPIFRUIT,SM,12000,10500,87.50
20,2266,TARC,EQ,2467258,1119727,45.38
20,2267,TARSONS,EQ,46757,23720,50.73
20,2268,TASTYBITE,EQ,2762,1610,58.29
20,2269,TATACHEM,EQ,1102773,509190,46.17
20,2270,TATACOMM,EQ,391028,238635,61.03
20,2271,TATACONSUM,EQ,2113837,1372185,64.91
20,2272,TATAELXSI,EQ,65868,38128,57.89
20,2273,TATAGOLD,EQ,2613476,2120833,81.15
20,2274,TATAINVEST,EQ,20763,11281,54.33
20,2275,TATAMOTORS,EQ,12139832,5536757,45.61
20,2276,TATAMTRDVR,EQ,1012838,622156,61.43
20,2277,TATAPOWER,EQ,10686705,4620923,43.24
20,2278,TATASTEEL,EQ,29504744,14645505,49.64
20,2279,TATATECH,EQ,460871,292247,63.41
20,2280,TATSILV,EQ,890960,759063,85.20
20,2281,TATVA,EQ,64009,29830,46.60
20,2282,TBI,SM,130800,100800,77.06
20,2283,TBOTEK,EQ,121157,55319,45.66
20,2284,TBZ,EQ,466330,227950,48.88
20,2285,TCHF30,NB,10,10,100.00
20,2286,TCI,EQ,24538,12557,51.17
20,2287,TCIEXP,EQ,48659,25501,52.41
20,2288,TCL,SM,283200,166400,58.76
20,2289,TCLCONS,EQ,91968,59283,64.46
20,2290,TCNSBRANDS,EQ,603428,322548,53.45
20,2291,TCPLPACK,EQ,4994,2072,41.49
20,2292,TCS,EQ,2518001,1390028,55.20
20,2293,TDPOWERSYS,EQ,455213,208519,45.81
20,2294,TEAMLEASE,EQ,22301,13212,59.24
20,2295,TECH,EQ,70378,58183,82.67
20,2296,TECHLABS,SM,191500,87500,45.69
20,2297,TECHM,EQ,1322999,581135,43.93
20,2298,TEGA,EQ,162690,64311,39.53
20,2299,TEJASNET,EQ,386300,220785,57.15
20,2300,TEMBO,EQ,41482,8723,21.03
20,2301,TEXINFRA,EQ,1066139,607486,56.98
20,2302,TEXMOPIPES,EQ,74983,45026,60.05
20,2303,TEXRAIL,EQ,5604324,2234445,39.87
20,2304,TFCILTD,EQ,777405,411432,52.92
20,2305,TGBHOTELS,EQ,118864,60988,51.31
20,2306,TGL,SM,265200,164400,61.99
20,2307,THANGAMAYL,EQ,35812,15521,43.34
20,2308,THEINVEST,EQ,884254,360236,40.74
20,2309,THEJO,EQ,52527,21552,41.03
20,2310,THEMISMED,EQ,65328,34746,53.19
20,2311,THERMAX,EQ,47737,26321,55.14
20,2312,THOMASCOOK,EQ,649697,348027,53.57
20,2313,THYROCARE,EQ,148772,80736,54.27
20,2314,TI,EQ,891780,403135,45.21
20,2315,TIDEWATER,EQ,49350,22664,45.93
20,2316,TIIL,EQ,11863,6104,51.45
20,2317,TIINDIA,EQ,132102,74610,56.48
20,2318,TIMESCAN,SM,28000,24000,85.71
20,2319,TIMESGTY,EQ,17442,7512,43.07
20,2320,TIMETECHNO,EQ,729902,344561,47.21
20,2321,TIMKEN,EQ,40267,22563,56.03
20,2322,TIPSFILMS,EQ,5483,3205,58.45
20,2323,TIPSINDLTD,EQ,806185,632135,78.41
20,2324,TIRUMALCHM,EQ,1033701,461569,44.65
20,2325,TIRUPATI,SM,9500,7500,78.95
20,2326,TITAGARH,EQ,950619,564613,59.39
20,2327,TITAN,EQ,741143,441545,59.58
20,2328,TMB,EQ,155493,70196,45.14
20,2329,TNIDETF,EQ,69463,64376,92.68
20,2330,TNPETRO,EQ,288393,165516,57.39
20,2331,TNPL,EQ,212358,96604,45.49
20,2332,TOKYOPLAST,EQ,68425,40424,59.08
20,2333,TOP100CASE,EQ,119197,98980,83.04
20,2334,TORNTPHARM,EQ,318200,208695,65.59
20,2335,TORNTPOWER,EQ,162576,111904,68.83
20,2336,TOUCHWOOD,EQ,7366,2361,32.05
20,2337,TPHQ,EQ,5759061,3151128,54.72
20,2338,TPLPLASTEH,EQ,734911,309124,42.06
20,2339,TRACXN,EQ,3805789,1359142,35.71
20,2340,TRANSTEEL,SM,116000,80000,68.97
20,2341,TRANSWIND,SM,8000,8000,100.00
20,2342,TREEHOUSE,EQ,49181,33427,67.97
20,2343,TREL,EQ,681119,380191,55.82
20,2344,TRENT,EQ,440575,189447,43.00
20,2345,TRIDENT,EQ,5596531,3058331,54.65
20,2346,TRIDHYA,SM,174000,114000,65.52
20,2347,TRITURBINE,EQ,490240,178327,36.38
20,2348,TRIVENI,EQ,459392,151945,33.08
20,2349,TRU,EQ,8281503,1275330,15.40
20,2350,TRUST,SM,105600,87600,82.95
20,2351,TTKHLTCARE,EQ,11598,7313,63.05
20,2352,TTKPRESTIG,EQ,200958,96545,48.04
20,2353,TTL,EQ,66252,40559,61.22
20,2354,TTML,EQ,2229593,895652,40.17
20,2355,TV18BRDCST,EQ,8353193,4769002,57.09
20,2356,TVSELECT,EQ,126537,71377,56.41
20,2357,TVSHLTD,EQ,6017,2987,49.64
20,2358,TVSMOTOR,EQ,1348615,845078,62.66
20,2359,TVSSCS,EQ,3074046,1420106,46.20
20,2360,TVSSRICHAK,EQ,10884,6349,58.33
20,2361,TVTODAY,EQ,72261,40173,55.59
20,2362,UBL,EQ,90734,45624,50.28
20,2363,UCAL,EQ,31403,21923,69.81
20,2364,UCL,SM,26000,26000,100.00
20,2365,UCOBANK,EQ,5339473,2100448,39.34
20,2366,UDAICEMENT,EQ,1572601,765691,48.69
20,2367,UDS,EQ,334490,146737,43.87
20,2368,UFLEX,EQ,451202,216107,47.90
20,2369,UFO,EQ,190087,107120,56.35
20,2370,UGARSUGAR,EQ,214575,95485,44.50
20,2371,UGROCAP,EQ,314113,185686,59.11
20,2372,UJJIVANSFB,EQ,20585475,12185991,59.20
20,2373,ULTRACEMCO,EQ,227230,82891,36.48
20,2374,UMA,SM,856000,376000,43.93
20,2375,UMANGDAIRY,EQ,233294,105716,45.31
20,2376,UMESLTD,EQ,208378,175385,84.17
20,2377,UNICHEMLAB,EQ,13317,7643,57.39
20,2378,UNIDT,EQ,9888,6375,64.47
20,2379,UNIENTER,EQ,50585,21180,41.87
20,2380,UNIHEALTH,SM,2000,1000,50.00
20,2381,UNIINFO,EQ,30664,16607,54.16
20,2382,UNIONBANK,EQ,9703546,5288227,54.50
20,2383,UNIPARTS,EQ,99899,61291,61.35
20,2384,UNITDSPR,EQ,375289,238787,63.63
20,2385,UNITEDPOLY,EQ,82182,60232,73.29
20,2386,UNITEDTEA,EQ,7365,6283,85.31
20,2387,UNIVCABLES,EQ,38913,21433,55.08
20,2388,UNIVPHOTO,EQ,3162,2627,83.08
20,2389,UNOMINDA,EQ,767688,435997,56.79
20,2390,UPL,EQ,2148117,907503,42.25
20,2391,URBAN,SM,75200,40000,53.19
20,2392,URJA,EQ,2103034,1581210,75.19
20,2393,USASEEDS,SM,28800,20400,70.83
20,2394,USHAMART,EQ,1116013,552663,49.52
20,2395,UTIAMC,EQ,166790,90195,54.08
20,2396,UTIBANKETF,EQ,37907,25134,66.30
20,2397,UTINEXT50,EQ,700795,611906,87.32
20,2398,UTINIFTETF,EQ,8325,7687,92.34
20,2399,UTISENSETF,EQ,1432,676,47.21
20,2400,UTISXN50,EQ,10495,5585,53.22
20,2401,UTKARSHBNK,EQ,7482249,3307202,44.20
20,2402,UTTAMSUGAR,EQ,317005,169393,53.44
20,2403,VADILALIND,EQ,5412,2682,49.56
20,2404,VAIBHAVGBL,EQ,327501,171495,52.36
20,2405,VAISHALI,EQ,750929,290081,38.63
20,2406,VAKRANGEE,EQ,11196441,4500172,40.19
20,2407,VALIANTLAB,EQ,113812,33148,29.13
20,2408,VALIANTORG,EQ,36024,17227,47.82
20,2409,VARDHACRLC,EQ,679969,442291,65.05
20,2410,VARDMNPOLY,EQ,228222,145253,63.65
20,2411,VARROC,EQ,296747,116501,39.26
20,2412,VASA,SM,4000,4000,100.00
20,2413,VASCONEQ,EQ,1334285,711697,53.34
20,2414,VBL,EQ,969338,607768,62.70
20,2415,VEDL,EQ,12818706,5365895,41.86
20,2416,VEEKAYEM,SM,500,500,100.00
20,2417,VELS,SM,2400,2400,100.00
20,2418,VENKEYS,EQ,19042,9114,47.86
20,2419,VENUSPIPES,EQ,33703,18372,54.51
20,2420,VENUSREM,EQ,78665,44698,56.82
20,2421,VERANDA,EQ,923321,586941,63.57
20,2422,VERITAAS,SM,12000,12000,100.00
20,2423,VERTEXPLUS,ST,1200,1200,100.00
20,2424,VESUVIUS,EQ,14511,6976,48.07
20,2425,VETO,EQ,2611272,842947,32.28
20,2426,VGUARD,EQ,396077,148914,37.60
20,2427,VHL,EQ,3498,1893,54.12
20,2428,VIAZ,SM,34000,26000,76.47
20,2429,VIDHIING,EQ,64214,39397,61.35
20,2430,VIJAYA,EQ,89572,34707,38.75
20,2431,VIKASECO,EQ,25404965,12481103,49.13
20,2432,VIKASLIFE,EQ,10840087,5784911,53.37
20,2433,VILAS,SM,162000,112000,69.14
20,2434,VILINBIO,SM,4000,4000,100.00
20,2435,VIMTALABS,EQ,107917,55769,51.68
20,2436,VINATIORGA,EQ,45214,24330,53.81
20,2437,VINDHYATEL,EQ,20537,11317,55.11
20,2438,VINEETLAB,EQ,51027,16000,31.36
20,2439,VINNY,EQ,364950,229266,62.82
20,2440,VINSYS,SM,11000,8500,77.27
20,2441,VINYAS,SM,19400,12200,62.89
20,2442,VINYLINDIA,EQ,67087,33467,49.89
20,2443,VIPCLOTHNG,EQ,241437,143750,59.54
20,2444,VIPIND,EQ,157716,90241,57.22
20,2445,VIPULLTD,EQ,1689137,858237,50.81
20,2446,VIRINCHI,EQ,235387,137737,58.52
20,2447,VISAKAIND,EQ,587233,274891,46.81
20,2448,VISAMAN,ST,489000,447000,91.41
20,2449,VISHNU,EQ,97094,63359,65.26
20,2450,VISHNUINFR,SM,222500,141500,63.60
20,2451,VISHWARAJ,EQ,1468305,731029,49.79
20,2452,VISHWAS,SM,28800,20800,72.22
20,2453,VITAL,SM,354000,214800,60.68
20,2454,VIVIANA,SM,22000,16000,72.73
20,2455,VLSFINANCE,EQ,160768,103694,64.50
20,2456,VMARCIND,SM,37000,37000,100.00
20,2457,VMART,EQ,19465,6919,35.55
20,2458,VOLTAMP,EQ,123551,62003,50.18
20,2459,VOLTAS,EQ,1024620,585414,57.13
20,2460,VPRPL,EQ,1130401,616794,54.56
20,2461,VR,SM,6400,4800,75.00
20,2462,VRLLOG,EQ,367438,335562,91.32
20,2463,VSSL,EQ,222542,137291,61.69
20,2464,VSTIND,EQ,9522,5785,60.75
20,2465,VSTTILLERS,EQ,7503,4385,58.44
20,2466,VTL,EQ,173175,85796,49.54
20,2467,WABAG,EQ,391163,158794,40.60
20,2468,WALCHANNAG,EQ,121637,121637,100.00
20,2469,WALPAR,SM,8000,8000,100.00
20,2470,WANBURY,EQ,472929,359793,76.08
20,2471,WEALTH,EQ,4297,2720,63.30
20,2472,WELCORP,EQ,1537731,843022,54.82
20,2473,WELENT,EQ,231480,120856,52.21
20,2474,WELINV,EQ,477,396,83.02
20,2475,WELSPUNLIV,EQ,1240632,771760,62.21
20,2476,WENDT,EQ,261,121,46.36
20,2477,WESTLIFE,EQ,37336,17455,46.75
20,2478,WHEELS,EQ,125320,59342,47.35
20,2479,WHIRLPOOL,EQ,187000,91240,48.79
20,2480,WILLAMAGOR,EQ,45230,18172,40.18
20,2481,WINDLAS,EQ,40099,22498,56.11
20,2482,WINDMACHIN,EQ,976670,500793,51.28
20,2483,WINNY,ST,20000,20000,100.00
20,2484,WINSOL,SM,97600,57600,59.02
20,2485,WIPL,EQ,13213,7883,59.66
20,2486,WIPRO,EQ,9762316,3486684,35.72
20,2487,WOCKPHARMA,EQ,2638057,965739,36.61
20,2488,WOMANCART,SM,9600,9600,100.00
20,2489,WONDERLA,EQ,35715,20331,56.93
20,2490,WORTH,EQ,31849,21305,66.89
20,2491,WSI,EQ,1199523,476467,39.72
20,2492,WSTCSTPAPR,EQ,296334,134294,45.32
20,2493,WTICAB,SM,83000,60000,72.29
20,2494,XCHANGING,EQ,449937,237990,52.89
20,2495,XPROINDIA,EQ,26319,17070,64.86
20,2496,YASHO,EQ,16326,10044,61.52
20,2497,YASHOPTICS,SM,588800,331200,56.25
20,2498,YATHARTH,EQ,1138706,660452,58.00
20,2499,YATRA,EQ,678926,466848,68.76
20,2500,YCCL,SM,63000,51000,80.95
20,2501,YESBANK,EQ,149388062,53212272,35.62
20,2502,YUDIZ,ST,800,800,100.00
20,2503,YUKEN,EQ,41320,29644,71.74
20,2504,ZAGGLE,EQ,828142,516957,62.42
20,2505,ZEAL,SM,71400,55800,78.15
20,2506,ZEEL,EQ,11253890,5422109,48.18
20,2507,ZEEMEDIA,EQ,10759351,4279468,39.77
20,2508,ZENITHDRUG,SM,38400,32000,83.33
20,2509,ZENSARTECH,EQ,931344,289434,31.08
20,2510,ZENTEC,EQ,1466418,640367,43.67
20,2511,ZFCVINDIA,EQ,6905,2935,42.51
20,2512,ZIMLAB,EQ,455482,198777,43.64
20,2513,ZOMATO,EQ,30004307,16493524,54.97
20,2514,ZOTA,EQ,52731,34742,65.89
20,2515,ZTECH,SM,25200,25200,100.00
20,2516,ZUARI,EQ,531161,204698,38.54
20,2517,ZUARIIND,EQ,189349,68676,36.27
20,2518,ZYDUSLIFE,EQ,3636780,1381779,37.99
20,2519,ZYDUSWELL,EQ,105241,47931,45.54
